-1.112108
-0.855385
-0.943574
0.865555
0.358220
-0.089900
-0.122886
0.273075
-0.219202
-0.607232
0.538167
0.238614
1.070815
-0.480988
0.277159
1.284376
0.553524
0.161992
-0.012263
0.388171
-0.738998
-0.639276
-0.153494
0.282879
-0.664857
1.016946
0.035304
-0.408197
0.933374
-0.001079
0.468617
-0.080434
-0.625326
-1.070053
-1.170912
-0.592518
0.185737
-0.054001
-0.482846
-1.236556
0.419486
0.205886
-0.361274
0.742019
1.832723
0.494251
-0.669415
-0.847019
-0.410975
-0.020429
0.427807
0.134529
0.952486
-1.161760
-1.238308
-0.576029
0.629581
-0.615354
0.461379
-0.202138
-0.390028
-1.145297
0.010709
0.378088
-0.011513
-1.304809
0.537698
-0.642332
0.690369
0.253556
0.996953
1.107919
-0.768644
1.013850
0.520089
0.303477
-0.320947
-0.631980
0.478107
0.128815
0.313429
-0.192868
0.020498
0.371698
0.337389
0.175379
-0.067310
-1.133445
-1.200838
-0.183255
0.750542
0.439157
0.144318
0.836214
0.062983
-2.151777
0.104880
0.163270
0.019068
0.038737
-0.956033
-0.561286
-0.739106
-0.427197
1.029766
-0.850462
-0.347651
1.022822
-0.224636
-0.045101
0.045324
0.270712
-0.233383
0.023930
0.017190
-0.240153
-0.409815
0.246394
0.321818
-0.003377
-0.219096
-0.313435
0.002249
-0.110823
-1.449431
0.059286
-0.694600
0.500836
-0.186293
-0.513180
0.097429
0.969965
1.014982
-0.011362
-0.283668
-0.088134
0.672684
-0.236455
-0.573702
0.577236
-0.086276
-0.690020
-1.293143
-0.279056
0.869665
0.146680
-1.243640
0.024822
-0.203775
0.250773
-0.219448
0.404066
0.785778
0.043751
0.263749
0.854072
-0.429590
-0.459230
0.073614
-0.203101
-0.588284
-0.674203
-0.661945
-0.867017
-0.257616
0.509917
0.236675
-0.173315
-0.682546
-0.371569
-0.007716
-0.022522
-0.052436
-0.340318
0.425770
0.211112
0.328342
1.161099
0.074566
0.506665
1.525311
1.070122
-0.934099
0.138907
0.047758
-0.609240
-0.391315
-0.451465
0.143337
0.857208
0.611354
-0.165568
-0.351324
0.311560
0.413737
0.389746
-1.207676
-0.072217
-0.477222
0.083205
0.238876
0.110685
-1.251755
-0.106305
-0.190899
0.681036
-0.038409
-0.029691
1.459674
-0.219095
-0.963723
0.163562
-0.467584
-0.628849
-1.336904
0.430290
0.209390
0.029930
-0.173783
-0.002947
0.282859
-0.102192
0.156244
0.534467
-0.225560
0.304862
0.350463
-0.242586
-0.900671
1.297418
-0.114012
-0.223813
0.002099
0.501770
0.391515
0.636641
0.595998
-0.536922
-0.148868
0.247952
0.366068
0.386136
0.420454
0.164704
-0.887710
-0.287825
0.328931
-0.550959
0.040510
0.707875
-0.101521
-0.042882
0.267216
0.294372
0.371604
-0.198802
1.010858
0.157323
0.372199
-0.021601
0.105502
-0.408925
-0.484384
1.050886
0.339713
-0.659332
0.300138
-0.167612
-0.190150
0.628997
-0.957465
0.234455
0.161633
1.566696
-0.459636
0.401988
0.203377
0.706028
-1.045403
-0.486450
0.116608
0.772407
0.888837
-0.493624
-0.202443
0.115806
-1.096200
-1.258689
-0.604143
-0.513648
-1.095332
0.860651
-0.042964
-0.210338
0.364752
0.588895
0.298840
0.166849
-0.323747
0.425799
-0.317405
0.351202
-0.943742
-0.642335
0.063555
-0.266274
0.346277
0.252480
0.169825
0.117522
-0.014966
-0.217888
0.190782
-0.524131
0.447296
0.947285
0.181824
0.512691
0.431577
-0.005656
-0.969882
-0.218660
0.747010
-0.485342
-0.174039
-0.802871
-1.064571
0.617331
0.009572
0.183788
1.281707
0.321482
-0.418690
-0.292625
-0.295640
-0.926599
0.160551
-0.169888
0.810602
0.376124
1.065565
0.283374
-0.281604
0.378020
0.343179
-1.088202
0.475267
-0.991697
-0.992048
-0.096545
-0.178988
0.384165
-0.279694
0.813999
0.636055
-0.369419
1.118889
-0.659897
-0.064139
0.557522
0.333052
-0.286126
0.192904
0.205171
0.362393
-0.315001
0.325736
-0.228453
-0.168210
-0.467918
-0.038835
-0.840888
-0.392484
-0.079240
0.063399
0.444183
-0.329863
0.469343
-0.398405
0.313034
-0.717507
-0.903756
0.963318
0.712139
-0.064854
0.764755
-0.793597
0.903571
0.055908
-0.399639
0.685086
0.683727
-0.273982
-0.251759
0.312771
0.184271
0.245316
-0.464838
0.085302
-0.008652
-0.645597
-0.540885
-0.891416
-0.447553
-0.848672
-0.611203
-0.712321
-0.408768
-0.283932
0.788705
1.391268
-1.129353
0.919748
0.313804
0.006902
0.071316
0.474996
0.133117
-0.344175
0.359686
-0.116946
0.103120
0.240997
-0.216434
1.057761
-0.310996
0.840456
0.418781
0.268949
1.061886
0.654521
0.697395
0.775924
0.241236
-0.008238
1.018317
-0.493479
-0.458200
0.656514
-0.010266
-0.300684
-0.204896
-0.961916
0.910185
-0.317459
-0.197825
0.389022
-0.594739
0.417122
0.338650
0.609063
-0.354366
-0.346492
-0.280917
0.318008
0.247632
0.725240
0.184624
1.112214
-0.128865
-0.120194
-0.193001
-0.039985
-0.731142
0.547994
0.052203
0.239658
-0.156541
-0.037012
0.135407
-0.558171
0.264615
0.400276
0.530043
0.147503
-0.209540
0.122062
1.254972
-0.893062
-0.569814
-1.051957
-0.213955
0.126145
0.310584
0.085595
0.244202
-0.217842
0.186461
-0.152681
0.104297
-0.097274
-0.588921
-0.561398
0.487210
0.671960
0.719152
-0.430696
-0.979358
1.270561
0.239215
0.414969
0.118461
0.033314
0.601488
-1.093063
0.042594
0.021920
-0.642136
-0.031001
0.292785
0.767935
-0.125034
0.897236
-0.069535
0.170354
-0.133413
0.043443
0.060697
-0.475685
-0.391851
-1.668503
-0.281621
1.064792
0.520528
-0.799084
-0.372288
-0.324157
-1.764723
-0.014533
-0.272570
0.732245
1.418826
-0.163642
0.918011
0.664953
0.338659
-0.066252
-0.191937
0.199011
0.003630
0.759300
-1.051887
0.317576
0.293888
0.054053
0.600107
-0.101559
0.185195
0.007035
-0.099415
0.188313
-0.823062
0.357286
0.246573
0.848100
-0.850234
-0.245493
-0.630717
0.216522
0.413206
-0.416495
-0.248082
-1.405890
0.326061
-1.281809
-0.707798
0.839187
-0.264382
-0.017171
-0.122646
0.796198
1.370948
0.544643
0.200234
-0.763650
-0.002181
0.749315
1.009804
0.153068
-0.114882
0.607314
-0.103561
-0.346503
0.057213
-0.084961
0.064879
-1.146623
0.240081
-0.252709
-0.027150
-0.269042
-0.851028
-0.771411
0.080552
-0.691703
0.091363
-0.339007
-0.267718
1.327555
0.717323
-0.810793
0.549801
0.484480
0.506162
-0.350500
-0.770639
0.945069
1.683748
-0.762625
0.953297
-0.523726
-0.504755
0.591250
0.577838
-0.237390
0.053567
-0.233719
-0.044027
-0.268428
-0.447604
-0.042979
-1.237188
0.361258
1.122242
0.367873
0.610563
0.681821
0.371215
-0.488791
0.385041
-0.419329
-0.743641
0.355252
0.166262
1.225829
0.167003
-0.534442
-0.178422
-0.384053
-0.116223
1.322744
-0.363347
-1.006866
0.106250
-0.090266
-0.465939
-0.359557
0.250987
-0.254366
-0.204753
0.175534
-0.478220
0.136500
0.072822
0.293177
0.549248
0.759131
0.418260
-1.379191
0.079041
0.274141
1.254974
-0.249562
-0.091687
-0.291179
-0.125470
-0.318986
-0.874747
-0.081009
0.341343
-0.630996
0.524681
-0.007619
-0.002784
-1.582245
0.764081
0.012918
0.400248
-0.704149
-0.757519
0.098337
0.986875
0.173112
0.969175
0.265833
1.053996
0.307029
-0.059800
-0.346210
0.891641
0.137631
-0.707006
-0.510020
-1.044301
-0.076129
-0.732538
-0.589785
-0.865120
0.188475
-0.370581
-0.000023
0.732949
-0.110950
0.017014
-0.369309
0.032445
0.509185
0.684845
-0.419078
-0.194116
0.027045
-0.369378
-1.456096
0.232587
-0.309999
-0.653300
-0.445650
0.825300
1.099457
-0.590064
-1.218946
1.478945
-0.157530
-0.176224
-1.146459
0.699777
0.550178
0.384167
-0.135602
-0.112697
0.504060
0.002786
0.486246
-0.455683
-0.878118
0.257724
0.194973
-1.435322
-0.701155
0.319029
-0.251910
0.040385
0.110595
0.462378
0.118639
0.148192
0.096943
0.178767
-0.212486
-0.061005
-0.236367
0.566722
-1.067382
-0.238270
-0.113710
-0.550815
-0.135741
-0.200409
-0.348499
0.141747
-0.094586
-0.433726
0.100212
-0.233757
-0.252456
0.453602
0.378413
-0.476894
