-1.482559
-0.253338
0.743771
0.434004
0.832821
0.523091
0.187873
-0.764124
0.660924
-0.285621
0.112177
1.068126
-1.041035
0.533651
0.308570
-0.650620
-0.603117
0.227079
1.170448
-0.639341
0.936272
0.025139
0.515504
-0.444022
-0.099519
-0.948326
0.476178
-0.424363
-1.110523
0.188754
0.573489
0.633860
-0.258607
-0.392721
0.303795
-0.589891
-0.483520
0.261007
-0.801559
-0.021438
-0.730049
-1.144041
-0.625599
0.378490
-0.583878
-0.638595
0.585313
-0.041550
-1.554301
0.187957
0.531908
0.043633
0.376868
0.046251
-0.532108
0.549909
0.067279
-0.562503
-0.427270
0.529566
-0.251552
1.218033
-0.204110
0.259259
-0.599802
-0.069076
0.563343
-0.524348
-0.497617
-0.680268
-0.812348
-0.248271
-0.729952
0.998427
-0.457217
-0.766279
0.249845
-0.221075
0.753653
-0.026984
-0.026068
-0.294358
0.234042
-0.300449
0.298803
0.604944
-0.349470
0.089233
-0.616055
-0.574088
-0.031845
0.696605
0.035778
0.774190
-0.453530
-0.899806
1.346741
-0.241778
1.435032
-1.257352
-0.245633
-0.061788
-0.732864
-0.326669
0.457819
1.452831
0.888977
0.980681
-0.351894
0.383462
-0.077162
1.190699
-0.735247
-0.457674
1.415464
0.430902
0.364169
-1.342494
-0.798402
-0.678692
-0.032650
-0.767096
-0.220779
0.858310
0.905116
-0.292000
0.491645
0.226635
0.804347
-1.086044
-0.917109
0.415219
-1.297324
-0.155598
-1.668703
0.145267
0.893464
0.612441
1.656686
0.124879
-0.864510
-1.185253
0.722111
-0.761878
-0.233573
-0.146719
0.918701
0.174072
0.419612
0.755104
-0.178515
-0.883604
-0.072970
0.665908
-1.263285
-0.420485
-0.235500
-1.173312
0.324962
-0.160517
0.857920
0.588457
1.204264
-0.818074
-0.662323
0.054236
0.147540
0.772603
-1.041370
-0.247272
0.508574
-1.208183
1.270681
0.450832
-0.646128
-1.190748
0.865940
1.669896
-1.342605
0.337884
0.180519
0.642805
-0.138363
-1.027680
0.180236
0.300581
0.604276
-0.275449
0.045448
0.012892
-0.487575
0.583098
-0.042288
0.486450
0.435553
0.582908
-0.589777
0.180382
1.028252
0.035648
-0.200116
-0.068327
-1.321344
-0.127137
-0.560590
-0.687515
-0.868566
-0.365297
0.213610
-0.275109
0.165205
-0.404645
1.482594
0.631437
-0.909369
-0.813726
0.422096
0.321750
-0.641440
0.567973
-2.690722
0.111021
-2.148596
-0.237324
-0.912867
1.865109
-1.356205
0.157176
0.389679
0.734910
0.041125
0.383061
0.210505
-1.014484
0.468208
-0.291209
0.059512
0.112747
-1.053712
1.111603
0.537692
0.333325
-0.335265
0.294528
1.297170
-0.222402
0.340834
0.342427
-0.309688
-0.255299
-1.196008
-0.101142
-0.478875
0.185915
-0.154255
0.544999
0.746759
0.392860
0.251457
0.117697
0.038746
2.208644
0.810260
-0.934324
-1.068376
0.398132
0.227130
1.772749
-0.725490
0.548288
1.018140
-0.041702
0.167900
0.526787
0.596611
-0.559193
0.216264
0.477135
0.839846
0.588364
0.214005
1.272578
0.030136
-0.715303
-0.861565
-0.382776
-0.523066
0.230704
-1.370429
0.725247
-0.154491
-0.384858
0.177990
0.022255
0.041222
0.514866
-0.313996
0.263132
0.684412
0.068148
1.418869
-0.044052
-0.728445
0.468010
1.025995
1.166146
1.161177
-0.403281
0.578952
0.380465
-1.473648
0.376378
-0.884472
-0.539582
-0.767873
-0.604149
0.250274
-0.290098
2.038776
0.114778
-0.226735
-0.879142
-0.265535
0.065392
0.057949
-0.164711
0.412455
1.292021
0.203061
-0.884807
0.826605
-0.741345
-0.115118
-0.531636
-0.414402
0.819039
-0.791294
-0.143248
-0.332126
0.730690
0.355538
0.501571
0.819339
0.276784
-0.540788
0.916630
-0.366355
-0.428372
0.275426
0.080279
0.827092
1.008064
-1.030436
0.221159
1.108218
-0.584310
1.322197
-0.159358
0.247781
0.465207
-0.049528
-0.749970
-0.864315
-1.391871
-0.893356
-0.222742
0.901783
0.327845
0.733716
0.001040
0.407000
-0.442609
-1.635098
-0.403700
0.738783
-0.228540
-0.932219
0.093155
0.300069
0.924854
0.242855
0.604258
-0.319750
0.389288
-0.815870
-1.201607
0.384093
0.738168
0.052162
-0.218434
-0.939385
0.238730
0.426168
-1.157042
0.338363
0.124515
-0.728613
0.107238
-0.128107
0.005753
0.597636
-1.102370
0.888264
-0.325704
-0.221208
-0.877217
-0.078097
0.182769
-0.020667
0.113755
0.037970
0.085228
0.526050
0.816218
-0.267599
1.846240
0.317031
1.796129
-0.270361
-0.028000
0.493459
-0.570825
0.534953
0.390299
0.531649
0.401909
-0.580797
0.434959
0.068723
-0.916977
-0.838483
0.497836
0.692621
0.684870
0.178281
-0.433809
-0.444516
0.512053
0.166119
-0.340256
1.718040
0.931995
-0.787775
0.211615
-0.872208
0.049029
-0.171603
-1.092661
-0.034918
-0.885220
0.298852
-1.139468
0.103272
0.580858
0.486550
0.565210
0.382087
-0.472962
0.667774
0.116910
0.250703
1.034103
-0.773313
-1.013622
0.553332
-0.242167
-0.173438
-0.696262
0.075742
0.929509
0.657236
-0.587921
1.568547
0.173682
0.736355
-0.582375
-0.406739
0.068074
-0.808777
1.010568
-0.780082
-0.678819
1.020182
0.176588
0.166491
0.116049
-0.765358
-0.368481
0.259022
-0.202964
-0.288729
-0.599836
0.041757
-0.055407
1.395899
0.298479
-0.243612
-0.412773
0.217404
-1.306410
-0.895687
-0.142283
-0.273431
0.389208
-0.582588
-0.229365
0.069718
-0.879411
-0.679464
-0.410071
-0.171019
1.036366
-0.013359
0.201798
-0.326205
-0.258693
-0.693452
-0.802919
1.452940
-0.641456
-1.130700
-0.009007
-0.050595
0.515686
0.489374
-0.588748
0.900156
-0.133573
0.082399
0.998191
-1.216583
0.054557
-0.548793
-0.132312
1.467468
0.635026
0.440762
-0.018171
0.377116
-0.767204
-1.446785
-0.112067
1.763345
-0.577369
0.236243
0.929823
0.241219
-1.289492
0.171603
-0.011979
0.424495
-0.491476
-0.541638
-0.165432
0.467563
-1.281910
-0.631121
-1.270617
-0.094376
0.138731
0.370642
-0.311959
-0.036939
1.200634
-1.774948
-0.020667
0.002978
-0.512551
-1.018731
-0.521761
0.011400
2.668805
-0.525267
0.694617
0.793311
-0.050688
0.665787
0.841269
0.538186
0.419781
0.497519
0.040506
-0.124718
-1.023877
1.222785
-0.457587
0.416471
1.039407
0.881287
0.772025
1.450201
-0.706914
0.881102
-0.581830
0.019539
0.447397
-0.396301
-2.120778
-0.061711
-0.651674
1.115337
-0.621493
0.026780
-1.489353
0.240396
-1.172188
-0.067245
0.432833
0.386014
0.189319
-1.245713
0.540934
-1.248800
0.113117
0.621152
-0.173468
0.026990
-0.707833
-0.098610
-0.979173
1.037619
0.115298
0.756872
0.370359
0.081712
-0.205081
-1.073693
-0.520881
0.128357
0.265049
-0.566239
-0.381117
-0.157317
0.431604
-0.751439
0.107001
-0.156872
0.442775
-0.267705
0.360982
0.361899
-0.645949
-0.242590
-0.957483
0.346477
0.821594
-1.317711
0.003544
1.557838
-0.778219
-0.644663
0.105956
0.068089
-0.459313
1.366878
-0.244450
1.014724
0.267835
-0.889658
-1.091730
-0.465087
-0.229459
0.776972
-0.064196
-1.156768
0.497812
-0.197193
-0.689528
1.321744
0.381348
-0.790770
-0.473166
0.547414
-0.194688
0.981224
-0.437066
0.384938
0.349650
-1.165920
0.226568
0.562606
0.212136
-0.281895
-0.990489
-1.057115
-0.504563
-0.751992
-0.639611
0.772479
-0.037561
-0.414660
0.582320
0.156363
-0.323036
-0.870955
0.209947
0.394978
0.884768
-0.318815
0.313595
-0.217321
0.773021
0.974458
-0.085388
-1.036020
-0.808571
0.275317
0.036274
0.019428
0.648407
0.954176
-0.409665
-0.768469
-0.168838
0.122251
0.034307
-0.278785
0.887176
0.014094
-0.187409
-0.237334
-0.024950
0.812122
0.392350
0.613534
0.522368
0.478806
-0.714134
-0.221521
-1.112041
0.556220
-1.731450
-0.113348
0.178170
-0.716856
-0.381997
1.996114
0.412715
-0.415020
0.484938
-1.337432
-0.683250
-0.148213
0.306438
0.783194
-0.546893
-0.609124
-0.714685
-0.159759
2.031087
0.749269
-0.711094
0.805273
0.541920
0.194651
-0.725073
0.077710
-0.434124
-0.163520
0.063455
-0.241180
-0.384229
-0.098883
-0.515305
0.716932
0.693776
0.969582
-0.631754
