-0.481215
0.658034
-0.183558
-0.127076
-0.662709
-0.037788
0.041482
-0.096279
0.673442
-1.203370
0.104055
-0.977262
-1.235329
-0.701456
-0.216315
-0.532064
0.062533
0.696384
-0.423435
-0.281922
-0.883808
0.010724
0.222864
1.514912
0.023474
-0.935317
0.517069
-0.134602
1.269389
0.121843
-0.648372
0.471641
0.551109
-0.274184
-0.979861
-0.064753
0.452088
-0.007694
-0.133906
-0.858964
0.697119
-0.315307
0.300525
0.332410
0.481856
0.146715
0.479591
-1.092055
0.581925
0.350047
-0.822228
0.413365
-0.967551
-0.136388
-0.783567
-0.855169
-0.469725
-0.831990
0.863967
-0.599450
0.540900
0.036021
-0.015950
0.093526
-0.283647
0.887031
0.605069
0.852413
-0.511244
0.318534
0.309582
-0.741554
0.389641
-0.207153
-0.277670
0.319094
0.036963
-0.180306
-0.079634
-0.702542
-0.054633
0.817889
0.951138
0.011199
-0.512810
-0.482523
-0.011824
0.016208
0.134901
0.808358
-0.597382
0.904035
0.230865
-1.246681
0.742579
0.641001
0.230169
-0.602142
-0.535476
0.871896
0.085994
1.378472
-0.636900
0.711395
-0.502763
0.076720
0.295474
-0.380824
-0.314241
0.129965
0.887416
-0.946335
-0.332861
-0.671908
-0.574978
-0.000364
-0.291627
0.756252
0.479662
0.364917
-0.010334
-0.147313
0.007927
1.179546
-0.509416
-0.183704
-0.345728
0.758563
0.277041
0.605934
0.057469
-0.463005
1.346075
-0.007884
0.652212
0.066195
0.898643
-0.485195
-0.995415
0.499100
-0.949628
0.260369
0.351377
0.094906
0.409916
0.452525
0.888612
0.021230
0.720843
0.718396
-0.574352
-0.398256
0.061031
0.103530
-0.225773
-0.115451
-0.511615
-0.558315
-0.393149
0.013941
-0.600101
-0.258107
-0.809106
0.936749
-0.062057
-0.404999
0.245056
-0.235883
0.175894
0.182460
-0.681245
0.393552
-0.202441
0.230709
0.319075
-0.229791
-0.016588
-0.167360
0.872813
0.890840
-0.154217
0.816733
-0.461056
1.069771
0.573054
-0.506583
-0.050591
0.146032
-0.084583
-0.435697
0.232518
-0.213438
-0.910165
-0.286544
0.442742
-0.324917
-1.802901
0.500116
1.132499
0.543779
0.690777
-0.703907
-0.172033
-1.167168
-0.676113
-0.653702
-0.335606
-0.298091
0.059790
-0.795539
0.455244
0.031545
0.065459
0.141848
0.323072
-0.279430
-0.054819
-0.744678
1.000028
-0.596807
-0.721709
0.207983
0.252038
0.192274
-0.960334
0.638727
-1.255360
0.042904
0.348710
0.026014
-0.039335
0.049443
-1.102640
0.447201
-0.586038
0.002348
0.010502
0.170999
-0.483419
-0.816263
-0.400128
0.393808
0.663680
-0.081629
-1.552003
-0.571318
-0.226051
0.076744
1.015574
0.992587
-0.691064
0.263993
0.564013
0.250424
0.668121
-0.394707
-1.260873
-0.161488
-0.964513
-0.006617
-0.363969
0.099887
-1.379504
0.541181
0.549490
1.053967
0.971457
0.272017
0.913639
-0.017881
0.334347
-0.639080
-0.253597
0.344841
0.790305
-0.528062
0.886267
-2.230819
-0.122109
-0.359799
1.436716
0.860319
0.984269
0.413838
0.834514
-0.022792
0.697878
-0.094530
-1.494684
0.263591
-0.348528
-0.586722
0.009198
-0.606969
0.150925
0.610715
-0.255167
-1.043160
-0.223376
-0.157817
0.341932
0.152990
-1.558266
0.598294
-0.415406
1.403373
0.329428
1.372062
0.710336
-0.606487
0.260073
0.078080
0.133944
0.374689
0.458324
-0.061511
0.437162
-0.529075
-0.005840
0.020758
0.167803
0.501852
-0.019155
0.053165
0.130829
-0.094541
0.342253
-0.901909
0.003488
0.505041
0.217310
-1.291329
0.199303
0.687620
-1.337529
-0.598706
-0.266403
-0.781801
-1.326502
0.247538
0.187786
0.406208
0.143172
-0.966807
0.229598
-0.234171
0.347481
-0.051027
-0.002479
0.138140
-0.977129
-0.616226
-0.196123
0.214357
-0.038190
-0.702718
-0.778411
-1.300379
-0.036756
-1.348184
-0.654916
0.032369
-0.210909
-0.427021
0.355112
-0.626891
0.863337
1.134532
-0.613956
-0.184696
-0.125393
-0.138437
0.296684
0.473121
0.646246
0.145557
-0.141138
0.583703
0.688054
-0.024276
1.001525
-1.445676
-0.383371
0.689073
0.181376
0.682217
1.107686
0.032076
-0.002549
0.419919
-0.502077
-0.103155
0.535611
-1.042316
-0.148674
-0.494699
-0.157752
-0.785671
-0.093255
0.293780
0.628511
-0.211740
0.478677
0.093511
0.394641
-0.810943
-0.571029
0.379891
0.013319
-0.532830
1.173900
-0.311738
-0.041120
0.052568
0.550309
-0.575133
-0.231131
0.777703
0.057217
0.106626
-0.543254
0.438866
-0.746985
-0.129439
-0.617054
0.984983
-0.526601
-0.989878
0.045961
-0.735977
-0.264492
0.319014
-0.056369
0.848928
0.027517
-0.462270
-0.238773
0.314274
0.185359
1.557682
0.355620
-0.080319
0.333272
0.040285
0.238360
0.475450
1.358189
-0.036267
-1.461751
1.082022
-0.432365
0.806446
0.804724
0.332432
0.020512
-0.448961
0.075267
0.764469
0.521749
0.849156
0.914620
0.787046
-0.120616
0.656042
-0.612211
0.373626
0.343316
0.132822
-0.712645
0.950906
-0.565187
-1.155838
0.190013
-0.410482
-0.063387
-0.541650
-0.855557
-0.303584
-0.189834
0.527653
-0.088794
-0.044901
0.260075
0.509265
-0.300097
-0.450441
0.514655
0.003865
0.219218
-1.325388
1.096147
-0.501889
0.598107
-0.157445
0.316171
-0.367886
0.460597
-0.811631
0.654750
-0.001090
-0.190743
-0.107195
0.174133
-0.778448
-0.313552
-0.328919
1.024682
0.123121
-0.173968
-0.207121
-0.232214
0.787295
0.247349
-0.260821
-0.014880
0.405104
1.339725
0.106143
0.007377
-1.087143
0.369992
0.344247
-0.372555
-0.322229
1.009210
-0.084743
0.404092
0.069200
0.039932
0.777899
-0.242125
-0.290417
-0.790068
-0.681871
-0.555010
0.307772
0.023190
-0.985537
-0.484071
0.522453
-1.074007
0.298088
0.039816
0.218147
-0.213081
-0.297850
0.733434
1.034875
0.004555
-0.367694
0.269765
0.931734
-0.985744
1.442899
0.469432
1.072776
0.109016
0.471542
0.849713
0.427249
0.154415
-0.141864
-0.590152
0.007279
-0.432912
-0.220473
0.477110
-1.751173
-0.596687
-0.200860
0.366729
-0.887782
0.393511
0.429467
0.740157
-0.567921
-0.155196
-0.258584
-0.220588
-0.073020
-0.213376
0.492036
-0.110335
0.319769
-1.365953
-0.231949
0.049023
0.353569
0.406674
-0.126929
-0.940130
0.254769
1.003438
-0.014945
0.339502
-0.920635
-0.529048
0.475957
0.520660
-0.101327
-0.191708
0.757013
-0.245286
0.160404
0.393007
-0.524673
1.183360
0.367877
1.016445
0.983632
-0.689247
-0.692099
-0.239208
-0.343158
0.090716
-1.081950
-0.417072
-0.024533
-0.354342
0.630487
-0.882248
0.577915
-0.586490
-0.566355
0.011572
-0.081048
1.203490
-0.073001
0.301072
-0.212560
0.499342
0.191088
-0.890363
0.007069
1.141783
0.003362
0.753171
0.288528
0.630820
0.325305
0.475755
0.674258
-0.742395
0.171569
0.444541
-0.738799
-0.101641
-0.812864
-0.405870
-0.517234
-0.693914
0.715206
0.336237
-0.777341
-0.232073
0.068120
-0.827584
0.179546
-0.030431
0.755175
0.215292
-0.242097
-0.026714
0.153557
-0.184647
-0.739204
0.600257
0.067443
-0.561954
-1.023207
0.494103
0.313157
-0.647676
-0.044887
-1.678919
-0.260517
-0.304100
-0.500210
-0.516698
0.434871
0.523538
-0.414491
-1.142994
0.603582
-0.227778
0.302903
0.112973
0.205654
-0.269347
-0.494528
0.536439
0.465647
-0.501483
0.193696
-0.734833
0.646882
-0.108264
-0.312557
-0.133166
-1.163654
0.059444
-0.713850
-0.526190
0.920611
0.519618
-0.634003
0.767727
-0.076965
0.327264
-0.795474
-1.773717
0.076305
0.944007
-0.441448
0.274978
-0.049043
0.284186
0.407251
-0.341850
-1.088656
-0.026375
-0.619217
0.185989
0.783426
1.288553
0.796129
1.033164
-0.504851
0.290145
-0.189172
-0.303525
0.605213
0.386240
0.364318
-0.290452
-0.429842
-0.021322
-0.134795
0.066972
-0.306358
0.014816
1.037689
0.496895
-0.181691
-0.970819
-0.009759
0.553133
-0.102280
0.381855
1.335701
0.165528
-0.077812
-0.768447
-0.445103
-0.556565
-0.868282
0.365695
0.419895
-0.224184
-0.129083
0.749909
-0.319530
0.499092
-0.222911
-0.498777
1.094127
-0.387176
0.592343
