-0.224987
-0.336599
0.515683
0.425436
-0.663836
-0.265784
0.795573
0.135573
0.717772
-0.372774
-0.426050
0.770027
-1.082345
0.918990
-0.220541
0.200183
1.367073
-0.063712
0.272749
-0.447649
-0.790621
-0.253545
-0.800189
0.025320
-1.074902
1.201308
0.516573
0.295499
-0.849828
-0.668552
-0.409205
-0.136703
0.150507
-0.941561
-0.039712
0.329094
0.417537
0.792960
-0.437309
0.558126
0.324367
1.008949
1.219983
0.358704
-0.118413
1.707866
0.820837
1.040292
-1.579658
0.169950
-0.057850
-0.291840
0.162568
-0.019716
-0.579733
0.651826
-0.671784
-0.239921
1.760880
-0.113689
0.443564
-0.494226
-0.138328
0.693779
0.354923
0.236963
-0.348985
1.131718
0.076473
-0.968413
-0.456888
-0.067733
0.509379
0.468077
0.345735
-0.558482
-1.372535
0.787647
-0.312465
0.166005
-0.411281
-0.591497
-1.122584
0.026541
0.430887
0.938733
-0.642896
-0.018802
-0.377345
0.869929
0.573954
0.850696
-0.442042
0.687939
-0.176971
1.930690
0.272900
-0.772537
1.315136
0.051519
0.032154
0.484738
-1.138509
-0.023292
1.206794
0.288933
-0.608854
-0.218790
0.540427
-0.114499
-0.390816
0.424978
-0.325614
1.581185
-0.318226
-0.543454
0.496876
-1.711776
0.073669
1.222330
-0.419440
-1.581566
-0.187929
1.264530
-0.902078
-0.742002
0.499531
0.569846
1.470900
0.386410
0.716800
-0.099785
0.714387
-0.170022
-1.430673
0.310097
-0.385528
0.241617
-1.716512
-0.201941
-0.264245
-0.928699
-0.380949
1.507180
-0.754957
1.188323
-0.636720
0.200556
-1.632672
-1.403923
-0.734644
0.787137
-0.458351
0.478599
-0.055535
0.577691
0.107014
0.844226
-0.416659
0.154930
-0.737091
0.489779
0.552002
-1.340989
0.159857
0.290169
-0.969004
0.093244
1.481933
-0.106528
-1.077642
-0.408635
0.278748
0.397647
0.198447
-0.742055
-0.307137
-1.233609
-0.277119
-0.610808
0.670164
-0.479575
0.254068
0.792233
-0.507905
-0.980300
-0.230077
-1.558674
0.115419
-1.305546
1.140414
0.031455
-0.556449
0.009561
-0.827000
1.035011
2.117562
-0.703702
0.728712
0.037756
-0.424214
-0.644408
0.227857
0.029596
0.967320
0.202761
-0.603351
-0.433106
1.175207
0.464751
-0.131106
-0.450347
-1.280056
0.346895
-1.014207
-0.569300
0.511506
0.657642
0.239684
1.048128
0.151776
-0.111233
-0.027695
-0.456702
0.180893
0.286324
-0.765697
1.245375
-0.404278
-0.087069
0.899733
-1.161900
0.181239
1.906362
-0.583679
-0.170937
-0.750015
0.651230
0.792698
-0.214429
0.577430
-1.241511
-0.104076
-0.790583
0.494806
-0.327987
-0.321097
0.968477
-0.792166
0.714050
-1.779081
0.399055
0.048357
-0.070422
-0.742960
-1.517436
0.426201
0.309304
0.067567
0.100588
0.077309
0.080064
-0.517311
0.528783
0.698502
0.225120
0.933553
-1.347312
-0.408164
1.418280
-0.014307
-0.756574
-0.461316
-0.742783
0.763257
0.183819
-0.721880
-0.856216
-0.683884
0.240049
1.455433
1.361013
0.981901
0.224825
0.884228
-0.515161
0.997722
-0.171741
-1.130667
0.871672
-0.124189
0.132513
0.165608
0.331300
-0.177320
0.506419
1.100092
-0.546906
0.975063
0.440657
-0.036207
0.135052
-0.195414
0.119592
1.093017
-0.093138
0.924722
0.297816
-0.231982
0.498044
0.386798
-0.629615
-0.210734
-0.582624
0.399730
0.324135
-0.366972
-0.809078
-0.843655
0.098841
0.952268
-0.611613
-0.375577
0.339902
-0.154112
0.092619
0.138696
-0.300455
0.183549
-1.242250
-0.657530
-0.482843
0.267907
-0.070294
-0.906372
0.659169
-1.203490
-0.957529
0.620545
-0.536102
-1.294397
-1.164478
-0.297508
1.236830
-0.048032
-0.116206
-0.141173
-0.045619
0.142364
0.896267
-0.378518
-0.305893
0.922876
-1.611982
-0.634320
-0.249407
-0.822561
-2.640428
-0.030514
0.290833
-0.019136
-0.060288
-0.316521
-1.150610
0.423081
-1.261225
-0.668415
0.221619
-0.655567
-0.567155
-0.260599
0.249511
-1.647369
0.454382
0.405488
0.441703
0.264903
1.683145
0.336878
0.594047
-0.231280
-1.213206
-0.043552
1.094173
0.666447
-0.506471
0.501443
0.392765
-0.207353
-0.746377
0.194616
0.098581
-0.213354
-0.150967
-1.175651
-0.057951
0.546179
0.494607
0.119829
0.726453
0.317786
0.788918
0.357536
-0.004878
1.028628
0.012707
0.911198
-0.017028
-0.075510
-0.272496
-0.328082
0.538147
0.611186
-0.595845
-0.444372
-0.722389
-0.349398
0.169001
0.192745
-0.422082
-0.743513
0.101356
-0.238826
-0.240360
-0.438002
-1.593011
1.172387
-0.680354
-0.262291
-0.612059
-0.832580
-0.705772
-0.423537
1.495988
0.167445
0.162765
-0.340527
0.224970
0.981631
0.047256
0.867228
-0.375042
-0.891592
0.326512
-0.431045
-0.263254
-0.136854
-1.029708
0.866409
-1.140764
0.464664
0.401320
0.503039
0.017594
-0.328367
-0.528921
0.883709
-0.364406
-1.081383
-1.451909
-0.956104
0.064066
-1.515229
-0.189461
0.610605
0.384958
-0.386882
0.564488
0.363076
-1.232802
0.536695
-0.145205
0.806411
0.420411
0.285609
-0.165840
-0.564321
0.595025
-0.099220
-0.401915
-1.014102
-0.526368
0.121209
0.001532
0.804199
-0.647045
-0.957441
-0.785480
-0.549131
0.479264
-1.550638
-0.144782
-0.323659
0.084063
0.654961
-0.478795
0.502671
-1.484135
0.123795
0.655648
-0.801428
-0.240656
-0.244375
0.096739
-0.176204
1.295215
0.985484
-1.281103
0.583743
-0.148184
0.566952
-1.178075
-0.961967
0.524369
1.229352
0.436638
-1.696653
1.001404
-0.774588
0.708213
2.089023
0.552706
0.294040
0.125772
-0.328216
1.136666
-0.381847
-0.653904
-0.038588
-0.166122
-0.353429
-0.437230
1.558084
0.127435
-0.580204
-0.057086
-0.083040
-0.213998
0.766585
-0.541412
-0.984552
0.564632
-0.345342
0.042809
-1.307220
-0.345496
-0.419969
0.179803
-0.412945
-0.271278
-0.213035
-0.515676
1.072839
-0.238594
-0.212167
0.048857
0.833953
-0.769297
-0.373461
0.747655
-0.064873
-0.493493
0.562468
-0.275797
-0.252523
-0.028207
0.329692
1.162807
0.204530
-0.032729
0.808457
2.175238
0.143876
0.625766
1.301767
1.160220
-0.043688
0.881378
-0.465468
0.126507
-0.148187
0.302737
0.381068
0.303312
-1.235444
0.699628
0.555362
0.577896
-0.340759
0.146333
0.711932
0.951082
0.359220
0.195435
0.805497
1.240879
0.403321
-0.071374
-0.454038
0.466543
-0.727004
-0.649143
-0.376984
-0.376227
0.903227
-0.227312
-0.197388
0.448421
0.181256
0.668220
-0.569499
0.474464
-0.692863
0.285841
-0.084237
-0.202611
-0.545774
0.344122
-0.911927
-0.783477
0.108204
-1.453963
-2.066059
0.238380
0.186065
1.230833
0.577043
-0.836304
0.275265
-0.849225
0.698805
0.259319
0.579868
0.458468
-0.270800
0.422460
-0.374032
-0.170024
0.935462
-0.204252
-0.224374
0.385277
-1.172201
-1.326577
0.634543
0.479122
0.565026
0.777682
0.499986
0.290065
0.221693
0.034660
0.156805
0.761992
0.842533
0.413765
-0.461547
-0.518189
-0.889722
0.627679
-0.390329
0.320424
0.144444
0.409590
-0.036364
0.311758
0.969178
-0.283589
0.921189
-0.730774
-0.629983
0.459593
-0.634308
-0.189830
-0.013640
0.858599
-0.594379
-1.219842
-0.060885
-0.833323
0.786116
1.435653
-0.229962
0.844288
-0.114387
-0.667801
0.228465
-0.287415
0.118618
0.258816
-0.201657
0.187268
-0.261199
-0.375413
-0.283410
1.152308
-1.548857
-0.197967
0.392673
1.144802
-0.131244
-0.377489
-0.216926
0.432704
-0.632191
0.034750
-0.639324
0.898346
0.627254
0.359054
-0.198083
-1.278062
0.173513
0.479766
-0.549065
-1.311352
-0.757425
0.244452
-0.914776
0.385503
-0.898081
0.526049
-0.821490
0.707003
0.714625
-0.011074
1.519462
0.698042
0.297335
0.679220
0.096513
-0.349416
0.022150
0.103193
-0.378948
0.090945
-0.163479
0.289084
-0.657839
0.788538
-0.155058
-0.350861
-0.265907
0.480518
-0.440377
-0.892852
0.995585
0.346879
1.072326
-0.187853
0.574458
-0.277403
0.101568
2.285298
0.317748
-1.188956
0.441132
-0.888718
0.650786
0.304912
-0.301414
1.677263
-0.255888
-0.398808
-0.481621
0.432016
0.437322
-0.112592
