-0.379771
0.453243
-0.506201
-1.201005
0.816279
-0.125889
0.253002
0.503577
0.235655
-1.112890
0.155049
-1.376181
-1.235012
-0.095465
-0.220954
0.354673
0.882187
0.211071
-0.151640
0.227065
-0.031040
0.418995
1.288808
0.967357
0.402564
-0.486390
-1.215881
-0.476127
1.571697
-0.413265
0.230667
-0.086384
-0.464082
0.361827
-1.128339
0.016392
-0.161266
-0.541520
-0.352971
-1.488685
-0.218295
-0.690326
0.261867
-0.162388
-0.705270
0.012791
0.083705
-1.405837
-0.296932
0.703803
-0.380096
-0.364378
-1.959546
0.335891
-0.188696
-0.021109
-0.728876
-1.451198
1.069530
-0.218563
0.167583
-0.050198
-0.012646
-0.310075
-0.084565
0.398114
-0.446383
0.645984
0.171594
-0.591393
0.513590
-1.211724
0.387611
-0.827894
0.038277
0.388393
0.133235
-0.475360
-0.551492
0.505476
0.072946
-0.059250
-0.140129
0.184606
0.075236
0.114709
0.733384
0.273096
-0.751436
0.073388
-0.396733
-0.016241
0.135139
-0.277059
-0.101844
-0.350783
-0.371463
-0.546605
-0.275707
0.881057
-0.283951
0.970793
0.072681
0.629252
-1.134591
-0.996276
0.291261
0.012407
-0.194646
0.322295
0.641999
-0.871922
-0.548300
-0.490830
-1.220570
-0.396588
-1.159056
0.285475
0.695964
-0.428504
0.202538
0.026876
0.013197
1.199353
-0.739805
-0.182946
-0.498302
0.297532
0.521557
0.715755
0.112163
-0.504979
0.303357
0.013637
-0.116724
-0.550034
0.298342
-0.186549
0.151583
0.228038
0.271902
0.367493
0.255085
-0.181946
1.289924
0.360474
0.865098
0.014696
-0.013737
0.129217
-0.033265
-0.104384
-0.581507
0.445491
0.027160
0.561356
-0.230711
-0.629336
-0.846938
-0.086985
-0.456790
-1.035422
-0.059199
1.325952
-0.540287
0.179119
-0.060433
0.634857
-0.755895
-0.191066
-0.736386
-0.421343
-0.223413
0.097919
0.127804
0.117425
-0.605705
-1.030602
0.559752
0.435745
0.117347
1.064403
-0.029230
0.818719
-0.483094
-0.707780
0.663195
-0.148469
-0.250474
-0.041551
0.491596
-1.215621
0.531230
-0.031722
0.389326
-0.011407
-1.421320
0.870724
0.826554
0.029364
0.302153
0.166065
-0.905754
-0.972274
-1.282451
-0.723757
0.929351
-0.428608
0.039846
-0.975774
0.403646
0.327944
1.085974
0.391745
-0.232730
-0.502183
0.583223
-0.136964
0.139045
-0.818479
-0.517200
0.033880
0.299672
0.045714
-0.582909
-0.275251
-0.446248
1.347406
-0.452232
-0.349517
-0.200782
0.234648
-0.397301
0.290889
-1.084753
-0.607953
0.171346
0.147760
0.176297
-0.282221
-0.653800
0.451794
0.645819
0.088566
-0.751514
-0.871496
-0.594688
0.380556
0.543958
0.742806
-0.412094
0.040532
0.480800
-0.306800
0.839118
0.208973
-1.022962
-0.182012
-0.054379
0.007369
0.980976
-0.042397
-0.911295
0.354954
0.983001
0.614675
1.075696
-0.712599
0.343036
-0.166773
-0.406078
-0.892752
-0.646328
0.235244
-0.546647
-1.485150
1.240105
-1.843709
-0.251714
-0.552026
0.651308
0.370471
0.917828
-1.319280
0.649179
0.800471
0.323869
0.205605
-0.432037
0.509794
-0.441411
-0.116522
0.007237
-0.297037
-0.144802
-0.221337
0.108547
-0.990022
-0.642841
0.335770
0.704992
0.448994
-0.478744
0.712988
-0.322031
0.747316
-0.355687
1.099681
1.528517
-0.006141
0.165443
0.015705
-0.270575
0.436571
0.476238
0.115472
0.442269
0.479884
0.269489
0.006522
0.104835
0.548179
-0.909541
0.545102
-0.277429
-0.089899
0.316023
-0.225536
-0.007588
-0.099128
0.829641
-0.576595
0.044544
1.639248
-1.053599
-0.225187
0.794024
-0.024581
-0.776810
0.529808
0.183672
0.561337
0.299338
-0.342338
-0.461961
0.369998
-1.156934
-0.438064
0.069662
-0.769220
0.455429
-0.595030
-0.126248
1.261444
-0.361062
-0.188074
-1.131270
-0.540987
0.508829
0.291586
-0.275255
0.146563
-0.883869
-0.937115
-0.337280
0.108990
-0.252750
0.253457
0.649530
0.091083
0.215743
0.017128
0.106766
-0.460731
0.313219
0.989443
0.469805
-0.202150
0.290695
0.108144
0.578801
-0.432443
-0.184862
0.566777
0.169287
0.658307
0.607953
-0.601059
0.010333
0.545983
-0.816377
-0.995301
-0.031037
-0.525891
0.055478
0.261353
0.180579
-0.297465
0.286265
-0.002794
0.673603
-0.610471
-0.122590
0.218768
-0.079311
-0.659291
0.155380
0.013591
-0.206806
0.822700
-0.467156
0.440052
0.525796
-0.241290
-0.058705
-0.746905
0.548730
0.436070
0.285359
-0.055662
0.063018
-0.206882
-0.498587
0.431181
-0.734261
1.435955
-0.390497
-0.681657
1.175655
-0.809231
0.681553
0.198834
-0.349736
1.796349
0.032831
-0.009674
0.280947
0.560931
0.206436
1.611113
-0.218866
-0.114951
1.145477
0.262045
0.065717
0.669770
0.708127
-0.373108
-0.460817
1.365303
-0.415385
0.478707
0.859509
-0.164945
-0.089365
0.028041
-0.390126
-0.155331
-0.583513
0.161674
0.064656
0.840691
0.049144
0.310434
-0.679865
-0.490700
0.054674
-0.124496
-0.022894
1.361022
-0.817667
-0.417893
0.840039
0.673864
0.204351
-0.586142
-0.364177
-0.477108
-0.525429
0.287446
-0.486197
-0.902550
-0.690195
-0.231033
-0.079620
-0.444452
0.623311
-0.250424
0.394544
-0.919568
1.227186
0.239428
1.335800
-1.084678
0.625132
-0.120868
-0.011784
-0.143440
0.837239
-0.695144
-0.553350
0.204398
0.540661
-0.487447
-0.168586
-0.000979
0.149395
-0.419176
0.088002
0.156268
-1.312145
1.462876
0.452854
0.614633
0.529874
0.949950
1.570364
-0.392854
0.198322
-0.361850
0.803100
-0.083377
-0.599247
-0.473287
0.212974
0.436932
0.463297
-0.104821
-0.115829
-0.241380
0.240986
-1.005798
-0.241934
0.158109
-1.537695
0.445793
0.063393
-0.532417
0.413628
-0.233197
-0.802815
0.376528
-1.176854
0.735627
-0.458685
-0.468994
0.420094
0.864640
-0.072818
-1.206961
0.474537
-0.139656
-0.648731
0.914702
0.539477
1.567823
-0.649431
-0.437853
0.281742
0.110843
0.920385
0.045563
-0.673615
0.124219
-0.417269
-0.251381
-0.148709
-0.476660
-0.584588
0.200809
-0.201552
-0.707385
-1.056967
0.866391
1.288741
-0.386938
-0.607023
-0.099961
0.490222
-0.361240
0.309336
0.195281
-0.343077
-0.461104
-1.552627
-0.060947
0.233859
0.183690
-0.116777
-0.352785
-0.799232
-0.524423
0.221727
0.369618
0.423226
-0.387503
0.509270
0.649060
0.367989
0.073586
-0.395457
0.494389
-0.085223
-0.238476
-0.195134
-0.561040
0.705610
1.175275
1.107955
0.666445
0.444688
-0.414180
-0.308440
0.353728
-0.284206
-0.700139
-0.161692
-0.312045
-0.261853
0.304539
-0.754538
-0.284107
-0.370886
-0.211338
-0.087969
0.731708
0.960556
0.088656
0.437015
-0.959975
-0.968708
0.205147
-1.513408
-0.419827
1.152968
0.953795
0.203259
-0.019836
0.365220
-0.426027
0.232091
-0.037227
-0.628103
-0.418729
0.159885
-0.067814
-0.709441
-1.930091
-0.946920
-0.532972
0.540809
1.052722
0.105490
-0.548239
-0.814483
0.420788
0.412812
0.676484
-0.509656
0.922478
0.726486
0.395454
1.472873
0.214703
-0.925999
-0.782569
0.160952
-0.043824
0.583940
-0.270152
0.480286
-0.619709
-0.331485
0.020388
-0.734108
-0.999685
0.381893
-0.405862
0.668093
0.840599
0.140949
-0.195412
-0.716397
0.272445
-0.495706
-0.569638
-0.581716
0.903004
-0.220600
0.412592
0.439966
1.079182
-0.052227
0.876698
-0.275870
0.589345
-1.610791
0.690563
0.419924
0.312950
0.016474
0.685687
0.796045
-0.319052
-0.423145
-0.449867
-0.155175
-0.146828
0.817551
0.588868
-0.486404
0.343796
0.943319
-0.424871
0.451535
-0.545635
-0.480758
-0.174247
0.002006
-0.775823
0.634988
-0.054567
-0.581304
0.073428
0.794411
0.200116
0.504195
0.102919
-0.049067
-0.236766
-0.238025
0.691508
-0.446888
0.584446
-0.196104
-0.460264
0.714595
-0.512944
0.902789
-0.680086
-0.484818
0.303916
-0.136215
0.058203
-0.643600
-0.493358
0.309640
-0.321974
0.686208
0.454798
0.743073
-0.611492
0.267337
-0.184750
0.065732
-0.485964
0.504145
-0.140774
0.017260
0.167548
0.563491
0.061865
0.045334
-0.146283
0.047516
1.037729
0.073628
-0.024161
