0.003511
0.474289
0.286331
-1.083905
-1.356040
0.818186
0.128170
0.620387
-0.339123
0.949008
-0.550408
-0.409735
1.222384
0.217573
0.509971
-0.483495
0.508040
-0.155868
0.298951
-0.430752
-0.312798
0.352219
-0.131349
-0.766209
0.485510
-0.204068
-0.350247
-0.082953
0.264779
0.037881
-0.691172
0.329926
0.301615
-0.338565
-0.497459
-0.395297
-1.260702
-1.217512
-0.173221
-0.589600
-0.210000
0.275769
0.607472
0.389356
0.990592
-0.157446
0.251025
0.101989
0.684463
0.336337
-0.381789
0.575028
-0.439641
0.154969
0.587144
-1.215953
0.803436
-0.166386
1.477350
0.389074
0.530612
-1.571362
-0.211884
-0.317079
-0.411565
-1.602194
-0.304963
0.318835
-0.042039
-0.453515
0.624138
-0.194462
-0.235616
1.322680
0.545596
0.356960
0.466374
-0.853327
-0.327304
-1.550962
0.702772
-0.744033
-0.590564
-0.190797
-0.488996
0.286006
1.321893
-0.628999
-1.298006
-0.118533
-0.537631
0.220712
0.685713
0.447955
-0.087568
-0.979036
1.389571
0.309579
-0.039790
1.147652
0.253526
1.265480
-0.018404
-0.321102
-0.833089
0.425268
0.899269
0.811888
0.772871
-0.276957
0.768479
-0.152053
-1.249679
-0.716390
-1.389158
0.880130
1.206152
-1.260896
0.076292
0.207998
-0.499359
-0.080497
-0.188151
0.672509
0.449825
-0.338522
0.882884
0.867160
0.401793
-0.887626
-0.429167
0.161437
-1.345973
-0.193361
-0.333265
-0.665585
0.779174
1.032632
1.081618
-1.080927
0.473068
-0.987740
0.330414
0.290598
0.469563
0.783979
0.161945
0.172808
0.318220
-0.822151
-0.263665
0.191183
1.157523
0.095919
0.188464
-0.524084
-0.012521
-0.446210
0.400748
0.623898
-0.285080
1.250274
-2.061863
-1.200513
-0.618003
-0.134003
0.152123
0.833304
1.771065
0.019922
-0.265433
-0.929580
0.208037
0.113796
0.105562
-0.029920
-0.375919
-2.015744
0.177719
-0.475985
0.243759
-0.407114
0.509796
-0.300317
0.655106
0.122518
-0.246404
-0.591694
-0.326249
-1.161157
-0.534359
-0.729268
1.838767
-0.557579
1.057205
0.234706
-0.321678
-0.283132
-0.522459
-0.548247
0.595743
0.289001
-1.383107
-0.143473
-1.498664
-0.365240
-0.035594
-0.104834
0.447505
0.272785
-0.401151
0.583592
0.471173
0.125738
-1.437175
0.010318
0.405999
-0.162702
0.214191
0.645882
-0.577032
-0.692348
0.242077
-0.041655
0.251427
0.231866
0.409330
-0.519889
0.231239
-0.607071
0.660295
1.344350
-0.227077
-1.558091
-0.204911
-0.171616
-0.219266
0.525823
0.901723
0.289005
-0.989265
0.638411
0.238012
-0.055254
0.502213
-0.397195
0.210811
-0.067209
0.316053
-0.190307
-1.434328
0.841439
-0.532678
-0.123193
0.328630
-1.014372
0.940056
-1.266412
0.756001
0.134779
-0.565432
-1.936568
-0.766590
0.075922
-0.059568
1.017114
0.809512
0.034246
0.841936
0.945007
-0.191239
1.323667
-0.770960
-0.130096
-0.269470
-0.177063
0.693280
-0.988412
0.293216
1.229868
0.166036
0.574164
0.881671
0.237519
-0.690147
-0.191540
-0.296616
0.689203
-1.256863
-0.467906
0.458179
0.222212
0.216739
0.562059
-0.042303
0.406610
-0.224627
-0.149995
0.057456
-1.754489
0.472672
-0.595843
-0.788712
0.523914
1.244403
0.714329
0.643592
0.110136
0.020612
-0.089053
-0.593349
0.512354
-0.372004
-0.126742
0.095541
0.457648
1.127457
0.076593
-0.284640
0.136288
-0.265085
-0.028026
0.426975
-0.502296
0.545469
-0.347629
1.061311
-0.730440
0.209363
1.295841
-0.012712
-1.552593
0.433707
0.260978
1.575818
0.917090
0.748238
-0.044019
0.696207
0.461033
-0.475855
0.508342
0.839412
0.224949
-0.537659
0.067681
0.172961
0.064038
-1.377084
-0.159190
0.818507
1.213200
0.572131
0.091506
0.065554
-0.762333
0.707909
0.407457
-0.439594
-0.179360
-0.444380
0.075229
0.078955
-0.181489
0.406872
0.680024
1.236489
0.194507
-2.157974
-0.286272
-0.927623
0.153689
-1.478686
0.337898
-0.356844
0.385922
0.875376
-0.434535
0.072397
-0.863967
-0.487716
0.224367
0.045778
-0.400525
0.463406
-0.231287
-2.021673
1.851873
0.191288
0.113327
-1.273073
-0.370722
-0.051896
-0.944079
-1.133300
0.839166
-0.059051
1.517048
0.993390
-0.571472
-0.171330
-1.598233
-0.720285
-1.129841
-0.519162
0.871703
0.229128
-0.560452
-0.209898
0.360950
-0.357364
-0.823775
-0.074820
1.778033
0.216536
0.100143
1.733366
0.051519
-0.524356
0.514064
0.260151
0.817477
0.386320
1.220299
0.476760
-0.336188
-1.732081
0.758446
-0.721001
0.038973
-0.444080
0.598744
-0.689307
-0.259363
0.169469
1.555002
0.177764
0.147144
0.733059
0.690608
1.385392
-0.070994
0.501900
0.018988
-0.660628
-0.961890
-1.833746
0.126508
-0.126380
-1.311589
-0.267096
1.390835
0.285605
-0.166025
-0.468225
-0.401515
-1.149083
1.374095
0.220519
-0.402649
-0.927139
-0.016574
0.391271
0.052852
-0.588961
0.204550
0.135708
-1.515401
-0.594059
0.478932
1.041951
0.735319
0.769055
1.028152
-1.009488
-0.429122
-0.072560
-1.540756
0.611950
1.373554
-1.325770
-0.258951
0.737395
0.031209
-0.036352
1.249397
0.432268
-0.294511
-0.372461
-0.313686
-0.149922
-0.616315
0.585015
-1.232293
-0.052955
-0.668192
0.004331
0.766833
-0.834819
0.441067
-0.814591
0.043388
0.143850
-0.376598
-0.199824
0.185947
-0.889055
0.594180
1.573850
-0.846734
-0.886845
1.064095
-0.317795
0.195441
-0.042040
-0.274720
-0.264805
-0.698888
-0.415028
-0.727401
0.467536
-0.468761
0.554321
0.539230
-0.428300
-0.720847
-0.349609
0.135110
-0.419387
-0.438458
-0.704429
0.845382
0.792537
-0.050179
0.583190
-0.125932
-0.435418
-0.230327
-0.264424
-0.706475
1.341852
0.421836
-0.053935
-0.496572
-0.443149
0.059194
-0.019842
-0.677070
0.449444
-0.727963
-0.649160
0.518232
-0.697298
-1.236072
0.914852
0.419712
-0.606638
-1.121729
0.961048
0.266394
1.117101
0.069839
0.076868
1.052938
-1.403914
0.552760
-0.356345
-0.757907
-1.279186
-0.702334
0.009918
-0.141605
1.413941
-0.419320
1.018648
-0.509297
1.164869
-0.144279
0.048801
0.143165
-0.394113
-0.242323
-0.030296
0.110236
1.161373
-0.939553
0.236934
-1.381160
-0.406014
0.510644
1.002686
-0.093157
1.895711
0.337377
-0.193606
0.179889
0.661162
0.361756
-1.459254
0.456708
0.061944
0.053826
0.426717
1.043785
-0.349527
-1.126701
-0.534953
0.637325
-0.576967
-0.479534
-0.570978
-0.308720
-0.779582
0.451698
1.182080
0.300173
0.208678
-0.419186
0.984142
-0.304044
1.110148
-0.183890
-0.897622
-1.151696
0.372908
0.292468
0.937696
-0.195645
0.281262
0.025465
0.152054
-0.898351
0.150328
0.829974
0.571178
0.605823
0.617497
-0.221691
-0.550805
-0.557164
0.737787
-0.383548
-0.343247
-0.935363
0.412834
0.211005
-0.629652
-0.098423
0.543942
-0.938726
-0.078045
0.070396
-0.305309
-0.446888
0.538671
-0.502869
-1.451675
0.290124
0.417691
-0.640054
0.388454
0.696967
-0.237265
0.463016
0.283946
-0.603259
-0.070175
0.047368
0.569624
-0.246744
0.485767
0.397131
0.078382
-0.186823
2.256289
-0.685285
-1.135364
0.995277
-0.826042
1.058754
-0.082365
-0.532907
-0.683213
-0.343112
-0.023197
-0.368358
-0.343365
-0.040800
-0.190154
1.524824
-0.371436
1.051721
0.822911
0.537060
-0.388617
1.122130
1.136313
-1.276411
-0.662389
0.608510
-0.220159
0.110661
0.819169
-0.298404
-0.673121
-0.534358
-0.136137
-0.468474
-0.172205
-0.358314
-0.198166
0.305980
-0.256970
-1.187341
-0.003599
-0.292574
-0.140878
0.616828
0.076023
-0.645983
-0.745089
1.066360
0.824020
0.488426
0.104532
-0.486992
-1.159968
1.830543
-0.128304
1.129541
0.744249
0.562136
1.399037
-1.313891
-0.186248
-0.058607
-0.407377
-0.004068
0.025888
-0.170234
-0.372196
-2.095529
0.241199
0.467647
0.011854
-1.169055
-0.536105
-0.008466
0.293543
-0.087638
0.008272
0.434251
0.669739
-0.846842
0.110994
0.623537
0.566446
0.322096
-1.397345
0.563793
-0.249839
0.253972
0.708057
0.567187
0.173247
0.345186
-1.105728
-0.248054
