-0.769570
-0.886351
-0.347615
-0.506913
0.680804
-0.410908
-0.138248
-0.155941
0.567332
-0.323757
-0.542338
-0.111298
-0.956509
-0.638623
-0.464285
-0.059870
0.416660
0.526100
-0.239241
0.044192
-0.279977
0.255163
0.706301
0.971796
0.816884
0.565828
-0.294580
-0.456297
0.331039
-0.146827
0.353211
-0.841711
-0.064436
-0.542983
-0.551469
-0.270926
0.265621
-0.503969
0.131799
-1.784014
-0.202545
-0.427985
-0.370232
0.288567
1.491753
0.313084
-0.057680
-0.571588
1.319683
0.512692
0.349989
0.540849
-0.601106
-0.241719
-0.702633
0.662529
-1.016361
-1.328011
0.372628
-0.184528
0.009932
-1.150513
-0.032360
-1.032530
-0.106399
-0.403925
-0.188519
0.348043
0.614553
0.742236
0.363856
-0.402151
-0.856845
0.910794
0.633396
0.396233
0.544461
-0.141680
-0.818069
-0.122942
-0.688525
0.082493
0.805810
-0.343283
0.958678
-0.187253
-0.160684
0.463502
-1.145401
-0.160997
0.466279
0.007842
0.139266
0.550330
-0.421794
-0.657890
0.647747
0.357441
-0.600151
1.783221
0.308449
-0.163629
-0.410131
-0.474534
0.610674
-0.020006
0.335067
-0.195572
0.708096
-0.373713
-0.086975
-0.878060
-1.329757
-0.598745
-0.475562
0.149578
-0.311788
0.331111
1.570104
0.605935
-0.153725
1.188417
0.010563
0.408768
-0.925757
-0.396961
-0.817124
1.577874
0.666701
0.878874
-0.741921
-0.390421
0.651384
-0.009228
0.640289
-0.107372
1.108059
0.367163
0.510502
0.294168
0.397134
-0.863210
-0.738044
0.503803
1.101114
1.036697
-0.594876
0.016081
0.570360
1.584942
-0.146012
0.037393
0.275398
-0.077297
0.945403
1.098514
-0.678419
-1.026650
-0.085927
-0.380094
-0.459347
-0.281283
-0.156988
0.314706
0.215181
-0.336385
-0.297229
-1.124626
0.017304
-0.532249
-0.490631
0.328307
-0.346468
-1.040229
-0.472514
-0.013433
0.366815
0.145296
0.327970
0.126968
0.242552
0.328519
-0.273717
0.931576
0.296295
-0.223644
1.326594
0.402922
0.302033
0.233767
-0.498910
-0.029423
0.128291
0.352942
-0.283661
-0.192774
-0.627363
0.893570
0.112799
0.408112
0.266194
-0.121241
-0.873970
-0.088317
-0.825983
-0.263635
0.648051
0.772316
0.487405
-0.462294
-0.181993
0.251429
1.145831
-0.097009
0.348257
0.088212
0.703269
0.227215
0.600566
-0.609460
0.786786
-0.000007
-0.342766
-0.228956
0.051908
0.704436
-0.759438
1.051255
-0.568806
-0.628486
0.010495
-1.004281
-0.693000
1.679021
-1.028002
0.851524
0.719965
-0.202627
0.201995
-0.361387
-0.221493
-1.149117
-0.257053
-0.330388
-1.305681
-0.637911
-0.791584
-0.039304
-0.729795
0.648365
-0.420154
0.205277
0.077820
0.155842
0.306758
0.081656
0.008744
0.520179
0.487028
-0.009708
-0.023557
-1.071831
-0.842912
0.225810
0.776393
-0.376745
1.193561
-0.876944
-0.487030
0.014732
-0.110909
-0.055299
-1.099133
-0.031574
-0.917495
0.072514
1.175072
-0.807220
-0.200679
-1.021750
-0.041311
-0.248768
1.245036
-1.355618
0.169748
0.605323
0.265581
-0.693048
-0.604825
-0.826943
-0.001920
0.717120
-0.013021
-0.204481
-0.314405
-0.051704
0.084863
-0.562221
0.559869
0.510209
-0.557873
1.259430
-0.519014
-0.461872
-0.150501
1.035915
1.154369
0.212754
1.255998
-0.312499
-0.488331
-0.430917
-0.497824
-0.320501
0.292518
-0.379975
-0.191098
0.325066
0.671262
-0.003965
0.067102
-0.155369
-0.551708
0.128043
-0.202783
-0.123031
-0.884333
0.620998
0.012626
-1.156520
1.060743
-1.061746
-0.186681
0.773549
-0.588488
-0.163432
0.824885
0.290633
-0.719772
-0.075359
0.415278
0.647654
0.386283
-0.428342
-0.370856
-0.147375
0.627911
0.140486
-0.200869
-0.647895
0.069080
-0.128339
1.007981
1.724665
0.466591
-1.034342
-0.503323
-0.620103
0.407453
0.166073
-0.252548
-0.418809
-1.227896
-0.061330
-0.529455
-0.389960
0.185586
-0.314831
-0.327374
0.335488
-0.485573
-0.648120
-0.710664
-0.050428
0.184281
-0.193022
-0.451880
0.580700
1.186944
0.467450
0.587205
-0.011841
-0.153236
0.087090
0.654251
0.180936
-0.080814
0.254888
-0.257765
0.136606
-0.289848
-0.368500
-0.278196
-0.660441
-0.249597
-0.319532
0.311959
-0.216099
0.550443
-1.104148
0.109528
-0.166081
-0.583446
-0.010150
-0.478758
-0.877910
-0.589335
-0.999923
0.010450
0.639830
-0.215636
-0.194099
1.061503
0.412440
0.236772
-0.512507
0.854927
0.018397
0.182048
0.011441
0.180018
0.080246
0.831449
-0.422446
0.307709
0.924203
1.394513
-0.105432
1.268076
-0.794664
0.370154
0.422206
-0.284759
0.609893
0.000268
-0.947878
-0.156742
0.407066
0.472904
0.240782
-0.853415
-1.214854
-0.180706
0.275429
0.022391
0.271207
0.612426
-0.268525
0.844181
0.768591
-0.543779
-0.632594
0.510752
-0.772142
0.058008
0.194515
1.651762
-0.819361
0.278680
-0.923721
0.040488
0.518382
0.687596
-0.498262
0.055386
0.255467
0.316363
0.067724
-0.673041
0.436987
-0.030248
0.153468
0.155995
0.751150
-0.435029
0.721587
-0.066249
-0.295430
-0.945644
-0.149889
-0.445182
-0.512712
-0.791545
-0.199146
-0.797744
0.350958
-0.471318
0.100259
0.181757
0.185241
1.141520
-0.737571
-0.248606
-0.481545
0.368441
-0.180492
0.453511
-2.288651
0.569731
-0.236992
0.072014
0.420196
-0.180146
-0.294038
-1.046783
-0.048769
-0.291595
0.270977
0.393835
0.000402
-0.591299
1.295063
1.373785
-1.567523
0.591779
-0.014668
0.546846
0.597781
-0.398700
-0.213837
-0.850885
-0.771333
0.114567
0.009851
-0.747741
0.532102
0.401184
-0.562672
-0.373905
0.412039
-0.186880
-0.245893
-0.828697
-0.154558
0.761597
0.721452
0.450815
-0.542655
-0.139168
-0.179498
1.127514
0.470988
0.591020
0.686806
0.380716
0.419663
0.173119
1.919421
0.278755
0.341851
-0.251484
-0.558232
-0.661787
-0.254217
0.585353
0.264473
-0.594807
0.021055
0.419994
0.186863
0.715768
0.345562
-1.859791
-0.056524
-0.239214
-0.138736
0.524159
-1.138910
-0.116693
-0.096156
-0.239310
-0.559369
-0.064139
0.492589
0.912515
0.521578
-0.696266
-0.037891
-0.312615
0.033440
0.844824
0.243415
0.115598
0.137117
0.326394
0.546678
-0.848570
1.446626
1.020335
-0.093255
0.452782
0.042072
-1.645265
-0.319685
0.135080
-0.481167
0.467907
0.593983
0.816573
0.169102
-0.672542
-0.200204
0.225585
-0.058554
-0.094751
-0.054455
-0.162562
1.224521
0.632165
-0.035296
0.466444
0.159011
0.131330
0.896813
-0.774852
0.033878
0.416169
0.225682
-0.055824
-0.182545
-0.476744
-0.608179
-0.050299
0.527500
0.031696
0.373362
0.806688
-0.354070
-0.111938
-0.826895
-0.981384
-0.650554
-0.246959
-0.218286
1.739288
1.260513
0.912830
0.298066
-0.378709
0.493931
0.993488
-0.071602
-0.664281
-0.070798
-0.994189
0.174010
-0.536695
-1.240824
-1.305943
-0.137759
-0.055957
-0.132328
0.321695
0.263863
-0.583044
0.016231
0.981367
-0.588837
0.442183
0.148718
0.901781
0.459930
-0.681192
0.661762
-0.914122
0.655374
-0.365669
0.193784
0.909448
-0.409856
-0.491177
-0.421626
-0.475775
-0.025005
-0.980926
0.621856
0.117994
0.093904
-0.839178
-0.296809
-0.517659
0.810400
-0.144798
-0.032341
-0.324763
0.346629
-0.536379
1.336883
0.167964
-0.190177
0.457396
0.348537
0.051504
-0.186265
-0.462586
0.318632
-1.905963
0.424606
-0.349839
0.298867
0.015850
0.950528
-0.655804
-0.237356
-0.469089
-0.097008
0.969703
0.393732
-0.400579
0.877355
0.827072
-0.309014
-0.395913
0.049611
-0.265121
-0.432911
-0.378974
0.106776
1.216486
0.487006
-0.783892
-0.392266
0.296337
-0.819496
0.211364
0.316837
1.535794
-0.962806
-0.445358
-0.860664
0.312807
0.588868
0.089645
0.437460
-0.299951
0.155125
0.751305
-0.945402
0.222624
-0.048510
-0.759288
-0.861765
0.131808
-0.052498
-0.489033
-0.106386
0.930143
-0.941072
0.717592
0.646939
0.458605
-0.500771
-0.463061
-0.869133
-0.186881
-0.564842
-0.223271
-0.288456
0.117013
-0.404752
1.466760
-0.159909
-0.244869
0.858438
-0.194282
0.921089
0.457360
0.017096
