0.305827
1.504853
0.361972
0.358073
1.237894
0.146946
-0.473495
-0.127785
0.558324
0.139130
-0.224003
-1.081332
-0.182458
0.315426
0.170590
0.378577
0.552324
0.050425
-0.516928
0.673056
-0.385983
-0.297926
0.664869
-0.187240
-0.261275
0.315998
0.442256
-0.230796
0.152499
-0.723174
0.796906
-0.351764
-0.757063
0.551101
0.797259
-0.371250
-0.580250
-0.976097
-1.064078
-0.149248
-0.279753
0.223327
1.134611
0.844953
1.828591
-0.884982
0.349960
0.194038
-0.550138
0.795546
-0.574854
-0.144287
1.470610
-0.334893
0.388091
-0.050982
0.463713
-1.593458
0.740802
-0.851653
0.579689
-0.554400
-0.206198
0.692083
-0.578093
-1.412722
0.049471
-0.658520
-0.324244
-1.096628
-0.114515
-1.360916
-0.596432
-0.358518
0.595569
-0.073726
-0.220756
1.125505
1.656940
-0.361077
0.524158
-0.377475
-0.145255
0.739000
1.086097
0.592261
0.661406
-0.066423
0.500003
-0.328780
-0.085424
0.759956
0.124641
0.829725
0.751535
0.989784
-0.244936
0.156129
0.907689
-1.208688
-0.708610
-0.063720
-0.412646
0.513686
0.667987
-1.302648
1.110600
0.555726
-1.013277
-0.420103
1.445005
-0.433869
-1.187031
0.052752
0.958042
0.176330
0.953382
0.336418
0.552120
0.103539
1.091973
0.422741
-0.237051
-0.670063
-0.651137
1.195180
0.093441
1.423252
0.266620
-1.709171
-0.364094
0.581015
-0.574753
-0.213931
-0.455886
0.644003
-0.177998
0.542135
0.689314
1.318001
-0.220094
0.455635
0.516180
0.891321
-0.061457
0.649604
0.881175
0.219612
1.375218
-0.480870
0.483237
-0.614968
-0.602632
-0.010821
0.094942
-0.231044
-1.234071
0.145160
-0.049533
-0.080655
-0.003342
1.397720
-0.593474
-0.252318
0.315698
0.646533
-0.800225
1.582778
0.157587
0.144332
-0.539762
-0.888239
0.833421
1.270199
0.822508
-0.714707
0.793931
-0.253933
0.655611
0.907352
0.171025
1.038351
-0.418682
0.632251
0.677659
1.146125
-0.642255
-0.475899
0.194646
-0.987475
1.662197
0.183783
0.853526
0.284737
0.118842
0.032365
-2.590230
0.055679
-0.457135
-0.152739
-0.331423
-0.486625
-1.444026
-0.244848
0.640723
-0.192419
-0.814975
-0.248406
-0.611477
0.576302
1.196884
-0.344903
-1.427704
-0.254664
-0.423256
1.013436
-0.137951
0.891200
-1.213847
1.595755
-1.008812
-0.007349
-1.439288
1.648349
-1.164670
0.072654
-0.619017
-0.682453
0.007627
0.245089
-0.654923
0.400417
1.221964
-0.004920
0.051905
-0.229452
0.349854
-1.048420
0.815337
0.862700
-0.338646
-0.388469
0.611769
-0.771869
1.035317
0.042355
0.225910
0.691654
0.020507
1.222693
0.022044
-0.309272
-0.080331
0.373421
-0.224103
0.147812
-0.041317
-0.074546
-0.665027
0.127130
-0.654886
0.015068
0.164456
0.178316
-0.207724
-0.302151
0.018385
0.679455
0.047376
1.162731
0.610314
-0.934950
-2.069835
1.081509
0.380706
0.261078
0.618287
-0.326355
0.422483
-0.598151
-0.236113
0.141569
-0.479425
0.167651
-1.075439
-0.271138
1.028598
0.914100
0.044319
-0.346220
-0.099256
-0.641280
0.221353
-0.241688
-0.021355
-0.615600
1.040444
0.129905
-0.247861
-1.768784
0.951598
0.519470
-0.194301
-0.016548
1.240313
-0.119456
0.545879
-1.434898
-0.465148
0.540113
-0.173475
0.487825
-0.427218
0.135700
0.478540
-0.483695
0.291301
0.056206
0.238191
0.126416
-0.707224
-0.580344
-0.812320
-0.208097
0.530118
0.247156
-0.997648
-1.308290
0.222057
0.510541
0.950703
0.012497
-0.316498
-1.543474
2.009411
1.232240
-0.281880
-0.854434
-0.051084
-0.650672
-0.132799
-0.392017
0.260851
0.002685
-0.027091
0.635502
-0.231413
-0.460909
0.031781
-0.288534
0.905041
1.620180
-0.387936
-0.252249
-0.762420
0.833367
-1.749897
0.358658
-0.606365
0.724652
0.148717
-0.105358
0.320011
-0.524459
0.557695
-0.023789
1.042222
0.400144
-0.246254
0.589670
0.580375
1.074604
-1.302935
-0.120159
0.015841
0.417515
-0.784459
0.730218
1.411081
0.892402
-0.631850
-0.829970
0.945863
0.278563
0.188163
-0.012019
-1.275539
0.016355
0.456076
0.760789
-1.585653
0.492209
-0.903242
0.043686
-0.272562
-0.226031
-0.742667
0.363672
-0.331609
0.062852
0.620671
-0.353907
0.029452
1.222403
-0.280367
-0.801428
-0.833880
-0.288363
-0.498952
-0.155515
0.249109
0.085422
-0.299657
0.864355
-0.140376
0.508505
0.739866
0.292072
-0.520997
0.552989
0.319970
-0.714315
0.153301
-0.139923
0.453530
-0.310509
1.096662
1.110241
0.500375
-0.928121
-2.200663
0.420546
0.562931
0.735124
0.189474
0.150188
-0.846729
-0.445427
-1.629361
-0.105022
0.667181
-1.037612
-0.116480
0.543223
-0.246081
0.310277
-0.936241
-0.851560
0.869096
0.255141
-0.010916
0.060522
-1.127718
-0.526231
0.366344
0.556310
0.564534
0.130823
0.888982
-1.907296
-0.079546
-0.833427
-0.159865
-0.478149
0.608135
-0.222422
-0.257346
-1.442740
-1.566792
0.235169
0.370382
-0.496315
0.129163
0.335062
-1.348330
-0.106638
-0.065288
0.457519
0.363719
-0.505813
1.172271
-1.146937
-0.389240
0.201665
-0.210520
0.608439
-0.390284
-0.262416
1.766980
-0.118732
-1.911281
-1.059898
-1.435757
0.382499
0.248889
0.363723
0.773965
-1.961095
0.846909
-0.274626
-1.003409
0.718370
-0.112495
-0.727365
0.119754
0.393292
-0.167811
-0.605772
-0.505257
-0.364378
-0.709843
1.455924
-0.086907
-0.784828
0.066728
0.092410
-0.951809
0.585416
-0.399134
-0.623007
-0.480502
-0.496569
-0.737963
1.366086
0.307998
1.326117
0.909039
0.033031
-0.082759
0.563219
-0.845670
0.860624
-0.093006
0.208963
0.051451
1.164314
-0.272392
-0.481729
-0.317800
-0.030697
-1.461213
1.225574
0.884261
0.041451
-0.044038
0.118028
0.590449
-0.137153
0.222729
-0.173535
-0.827700
-0.935008
-2.693806
-1.080739
1.115119
-0.368912
1.074122
-0.289364
-0.668686
0.179483
1.007750
-0.012253
-0.078615
0.568687
-0.329112
1.191513
0.288636
-0.482698
-0.197268
-0.750480
0.628039
0.113005
-0.000807
-0.961610
0.460798
0.843751
-0.153349
0.954335
0.891915
0.222755
-0.491429
0.269324
-0.627925
-0.822433
-0.055652
-0.534040
0.979027
1.237218
-0.868008
-0.531177
0.262997
0.516713
1.214752
-0.359626
0.689082
-0.768022
0.025881
0.020441
-1.907190
0.672973
0.605189
-0.050067
0.661851
0.800185
0.612252
-0.602313
-0.021678
-0.643240
1.299683
0.563690
-0.810224
1.131534
-0.596087
0.876263
-0.277522
0.506861
0.017702
0.492178
0.773757
-0.489475
-0.950350
-0.391197
-0.572775
-1.316755
0.152265
0.817383
0.785478
-1.105418
-0.509795
-0.778477
-0.103671
0.199048
0.097257
-0.167929
-0.881243
-0.240865
-1.590891
0.077821
0.145308
0.060839
1.412829
0.114936
0.354596
-0.665954
0.100667
0.018829
0.527703
-1.583036
0.492477
-0.696931
0.640271
-0.602922
0.084890
-0.992715
0.852608
-0.078802
0.928044
0.246309
0.132812
-0.766449
-0.818736
0.094380
0.663644
-0.736212
-0.051042
0.089091
-0.028724
-0.554787
1.151786
0.483440
0.676399
0.625828
-0.356091
-0.209960
1.033083
-0.609244
0.037847
0.493554
-0.934599
-1.131756
-0.932599
-0.459818
0.449630
0.157201
-0.237579
0.065603
-1.667144
0.177381
-0.681214
0.592026
0.098609
-0.910451
0.557869
-0.350247
0.060744
0.337779
1.052547
0.411757
-0.094607
-0.387753
-0.252512
0.003341
-0.506361
0.147125
-1.007825
-0.681930
-0.198278
0.814252
0.554561
-0.536053
-0.086252
-0.518605
0.584821
-0.191760
0.178466
0.805247
0.330509
-0.049551
-1.314756
-1.193351
0.174730
-0.004761
0.774532
-0.053099
0.853881
-0.036522
-0.056386
-0.276029
0.774686
-0.589011
-0.078104
-0.730504
-0.388534
-0.506199
0.412167
-0.022632
0.754546
0.978882
-0.767192
0.152325
-1.214362
-2.026532
-0.540313
1.130725
-0.058906
-0.670837
-0.447839
-0.508685
0.228600
0.044399
-1.073579
-0.188183
-0.659995
-1.207505
-1.175659
-0.786467
-0.059211
0.068053
0.710752
-0.047016
0.162753
-0.037815
0.608920
-0.006094
-0.669995
0.079324
1.094687
0.048735
