0.138169
-0.135888
-1.277256
-0.109452
0.868801
-0.372183
-0.062967
0.315560
0.368812
-1.181101
-0.564109
-0.261528
-1.493288
-0.022746
0.164229
-0.676639
0.418446
0.770332
-0.005043
0.214438
-0.067654
-0.854096
0.235978
0.516403
0.161244
-0.371920
0.085905
-0.132282
0.421520
-0.998319
0.130618
0.350551
0.210731
-0.642419
0.957339
-0.237569
0.603109
0.162025
-0.152138
0.197877
-0.306506
-0.173857
0.471607
-0.057601
-0.313110
1.206685
0.796129
-0.298461
-0.180668
-0.260486
-0.736090
-0.034615
-0.262566
-0.623012
0.475283
-0.532829
0.073723
0.460884
0.771367
0.506980
0.107142
-0.489791
0.034139
-0.558533
-0.530222
-0.044539
0.011043
-0.594034
0.225062
-0.101663
0.625492
-0.129688
1.114256
-0.440419
0.716661
0.023091
0.459831
0.560253
-0.150686
-0.440450
-0.029322
0.028811
-0.174729
0.744101
0.128218
0.255650
-0.609076
0.853238
0.951674
0.316080
-0.198415
1.378212
0.801135
0.056634
-0.611804
0.649622
0.071123
0.124573
0.372368
0.854111
-0.415984
0.220093
-0.513376
-0.681201
1.274781
0.939084
-0.047966
0.631436
-0.073866
-0.235877
-1.153407
0.516429
-1.084003
0.508886
1.010992
-0.169949
-0.522158
-0.875796
-0.423611
-0.119689
0.926067
0.282869
0.033435
-0.043769
-0.559486
-0.301179
-0.721650
1.047762
0.172068
0.455979
0.088302
-1.044121
0.589093
0.013021
-0.354687
0.456377
0.241287
0.377494
-0.960333
-0.309125
0.216783
-1.030955
0.065695
-0.012024
-0.874316
-0.062044
-0.687305
-0.015789
0.485203
-0.458292
-0.525723
0.072078
0.511768
0.464531
0.483768
0.211073
0.339598
0.090665
0.370718
-0.115550
-0.238806
-0.877974
0.861768
0.803402
-1.272931
0.023678
-0.330866
-0.173172
0.933530
0.261066
-0.977354
0.549151
1.025797
0.424156
-0.692792
-0.231526
-0.775218
-1.194632
1.063350
0.842264
0.405398
0.393826
-0.615906
-0.730957
0.558286
-0.119656
0.991314
-0.141623
-0.320997
-0.371864
0.598644
-0.121628
-0.607247
-0.187826
-0.226548
0.438970
1.794296
0.546010
0.677686
0.029961
0.515126
0.545429
0.151003
-0.084454
-0.977396
-0.442068
0.657592
-0.159369
-0.228231
-0.509979
0.502974
-0.407302
0.394701
1.026382
-0.087472
0.860396
0.336012
-0.298921
0.755268
1.049746
-0.520346
-0.925224
0.202145
-0.430422
0.377890
-0.294485
0.109620
0.860352
0.074336
-0.955606
0.296399
0.129664
0.473036
1.008744
0.617979
-0.322226
-0.392088
-0.198989
0.014005
-0.044780
-0.559230
-0.144889
-0.151639
-0.459692
-1.147994
-0.809778
0.318033
-0.366616
0.289522
-0.284631
-0.059403
-0.153765
0.030015
1.042713
0.227604
0.604976
0.279159
-0.180618
-1.156724
-0.019161
0.953866
0.222233
-0.314102
0.271907
0.990566
-0.571647
0.377204
-0.309423
-0.191782
-0.637784
-0.106614
0.132450
-0.396546
-0.404528
-0.252469
-0.045808
-0.206513
-0.987705
-0.279431
-1.119525
-0.018570
0.501642
0.362842
-0.091970
-0.054080
-0.208680
-0.737535
-0.133940
-0.725210
-0.566746
0.595681
-0.384929
-0.029615
0.072831
0.500466
-0.434218
0.501029
1.055301
-0.211300
-0.205394
0.359019
-0.091421
-0.112210
-0.480682
0.403676
-0.683997
0.272831
-0.379227
-0.071156
-0.048183
0.909137
0.718622
-0.403886
-0.377333
-0.613926
-0.071931
0.007110
0.259875
-0.212651
-0.020385
0.492646
-0.463855
0.851113
0.210145
0.106393
0.434194
-0.123020
-0.186121
-0.005545
-1.007327
-1.242488
0.850289
-0.081939
-0.181621
-0.704621
0.056681
0.361401
-0.545634
-0.465151
-0.689661
0.970349
0.380286
0.423255
0.422657
-0.064980
-0.434104
-0.773582
0.224851
1.196964
0.236446
-0.345594
-1.098634
0.660099
0.446727
-0.048236
-0.253631
-1.023897
-0.320026
1.201983
-0.614113
0.459760
0.211753
1.627724
0.076436
0.463787
0.310015
-0.457725
-0.974618
0.124854
0.060735
0.681071
-0.852859
-0.155579
0.330558
0.025154
-0.133586
-0.633660
1.128481
0.652135
-0.364271
-1.069363
0.010979
0.295221
0.508343
-0.144727
-0.231422
0.504208
0.474151
-0.310336
1.154671
-0.262512
0.434317
-0.303184
-0.509121
-0.370233
1.138800
-0.055128
-0.462285
-0.062904
0.866056
-1.010183
0.696148
-0.321410
0.755829
0.250649
0.858955
0.307396
0.797073
0.314472
-0.282982
0.294437
0.368060
0.320412
-0.240430
0.141343
-0.034219
0.816498
-0.841819
-0.676808
-0.290391
-0.476178
0.507847
0.538036
0.014398
-0.016024
-0.375331
-0.463164
-0.382219
0.018269
0.076763
-0.978478
-0.388557
0.740454
0.618235
-0.045409
0.235783
-0.192948
-0.127373
-0.551915
0.846287
0.858272
0.422688
-0.712923
0.644720
0.467326
-0.268287
-0.565318
-0.176366
0.304512
-0.276116
0.499256
-0.634457
-0.483036
-1.407174
0.717637
-0.074542
-0.117016
-0.486875
0.025636
-0.292372
-0.192416
0.609517
-0.643832
-0.398942
0.136093
-1.017325
0.227960
0.006743
-0.259218
0.772189
0.038544
0.035038
0.336682
-0.691124
0.444704
-1.554474
-0.451686
-0.132257
0.282587
-0.211206
0.105735
0.257453
0.524757
-0.335057
0.184826
-0.464845
-0.797440
-0.790914
0.732612
0.200135
-0.767555
0.913444
0.408588
-0.432634
0.387291
-0.057039
-0.091834
-0.014695
0.545015
0.444906
-0.070376
-0.181477
1.063626
0.646495
-0.554675
0.171157
0.105021
0.304668
0.011695
-0.214679
-0.056181
-0.547589
-1.102426
0.028799
0.234305
0.814623
-0.203133
-0.224165
-1.446463
0.413393
0.286049
0.651065
-0.739041
0.390584
0.073249
-0.331229
0.243023
-0.507695
-0.459633
-0.199849
0.365813
-0.322962
0.189383
0.226750
-0.080153
-0.238560
-0.074205
0.218980
-0.082311
0.396128
0.611086
0.559322
-0.578878
0.203752
0.238441
-0.076468
0.520365
1.555616
0.279880
0.465890
-0.126883
-0.320493
0.976830
-0.053587
-0.299637
0.584235
0.337768
0.062919
-0.226777
0.151753
0.838991
0.500553
1.021180
-0.099793
-0.139638
0.173474
0.106712
0.696434
-0.382907
0.845754
-0.406993
0.637889
-0.715389
-0.243696
-0.089696
-0.266684
-0.375575
-0.075991
-0.296027
-0.015945
-0.525187
0.080312
0.473400
-0.039850
-0.900517
0.022960
1.215741
0.404611
0.335829
-0.760162
0.309040
-0.232161
1.014411
-0.517840
0.347064
-0.017940
-0.544489
-0.591889
0.461601
0.772986
-0.245688
-0.212856
0.450102
0.553635
0.149329
0.141241
0.354402
-1.247188
-0.097436
-0.678295
-0.917747
-0.224962
-0.825435
-0.402911
0.450620
-0.861638
-0.500923
0.768817
0.214881
-0.096415
0.464219
-0.876817
-0.979038
-0.646808
0.367472
1.168270
0.267249
-0.343448
0.030943
-0.001587
-0.601529
-0.144980
0.303010
-0.050505
-0.590340
-1.277868
-0.488694
-0.709342
-0.008095
0.717414
0.200349
1.001937
-0.255615
-0.417389
-0.380682
0.255720
0.232220
-0.160646
1.481299
0.132367
-0.607483
-0.745119
0.210724
0.056357
-0.550491
0.382547
-0.100826
-0.143162
-0.462000
-0.236263
0.425405
0.261932
0.566358
-0.124993
-0.487233
0.364174
-0.328043
-0.784570
-0.062794
-0.140115
0.247923
-0.721094
0.023280
0.043216
-0.150720
-0.186338
-0.059899
-0.749640
-0.265249
0.042249
0.172918
-0.404443
-0.814390
0.322994
0.577372
0.975668
0.890168
0.002948
-0.856121
0.066624
-0.679137
-0.010872
-0.360044
0.033352
0.569184
-1.085339
0.194517
-0.157709
-0.229966
0.029068
0.108412
-0.343644
0.197573
0.662452
0.888112
-0.218120
0.151658
0.021063
-0.075827
-0.560449
-0.179689
0.035374
0.106025
-0.000265
-0.010745
0.277243
-1.087624
-0.283442
-0.032939
-0.811656
-0.839010
-0.300621
0.161804
-0.400705
0.221201
-0.287261
0.110727
0.020459
0.104065
-0.301780
0.802991
-0.689174
0.191561
0.622400
-0.593519
0.021597
-0.190683
-0.636549
0.309830
0.300481
-0.154436
-1.054527
-1.100396
-0.073971
-0.420579
-0.859495
1.569456
0.921162
0.392276
0.449419
1.194153
-0.306509
0.360250
-0.088898
0.092213
-0.446938
0.556133
-0.018696
-0.322974
0.291429
-0.677898
-0.878729
-0.721277
-0.179481
0.323449
0.183205
-0.004165
-0.919867
