0.401782
-0.310453
-0.615423
-0.080839
0.171812
-0.751514
0.268288
-0.800173
-1.098385
-0.175011
-0.822262
0.763836
0.056483
-0.357584
0.458423
-0.209742
-0.032653
0.175068
0.485964
0.450825
0.298350
-0.604326
0.222496
0.563366
0.242241
0.559110
1.139093
0.156120
-0.109620
-1.086586
0.523864
0.744781
-0.291963
0.128672
1.023329
-0.051469
-0.183709
0.055664
-0.720697
0.601163
-0.374753
0.804470
-0.069530
-0.741309
0.173331
1.109485
1.042678
-0.842090
0.758161
0.689140
0.153342
-0.306037
-0.427987
-1.045226
-0.147408
-1.766370
0.251925
0.393852
0.275635
-0.422502
0.004631
-0.073361
-0.018679
-0.370369
0.140460
-0.796134
0.135718
0.337993
-0.268021
0.324592
1.193500
-0.486370
-0.907653
-0.333782
-0.560076
0.068087
-0.358277
-0.208655
0.638785
0.211875
-0.169865
0.671996
-0.740014
-0.291025
0.688465
0.922768
-0.273336
1.016275
0.651326
1.012063
0.640039
-0.574933
-0.522736
-0.949389
0.028339
0.695868
-0.255379
0.305721
-1.023686
0.548832
-0.547144
0.264044
0.520848
-0.200045
-0.155775
0.284016
-0.783239
0.028214
-0.267662
-0.258253
0.582088
-0.447757
-1.345518
0.825127
0.123109
-0.521423
-0.081217
0.058581
-0.303027
0.298869
-0.004587
-0.344289
0.035216
0.159717
-0.943119
0.523140
-0.415440
0.578366
-0.468570
0.109924
-0.145650
1.089559
-0.312724
0.005107
0.338834
1.029615
-0.030086
0.020759
0.022242
0.086679
-0.226734
0.359525
1.317982
0.732838
-0.125010
0.857728
0.949339
-0.006673
0.386900
-0.855098
0.270756
0.020666
-0.000920
-0.098496
0.200813
0.007780
-0.443786
0.853697
-1.063998
0.154467
-1.258946
-0.922846
-0.710254
-0.194891
0.728897
1.112144
0.167374
1.222383
0.135600
0.128521
0.143391
1.160763
0.282270
0.238100
-0.047319
-0.060562
-0.169295
-1.754026
1.145979
0.624514
0.419074
0.610125
0.093817
-0.147709
-0.452663
-0.510835
-0.130858
0.453710
0.728030
-0.088787
0.894521
-0.128792
-0.486268
-0.232854
-0.199453
-0.212808
0.644538
-0.432847
-1.078289
0.347954
-0.173156
0.100318
-0.190814
0.500605
0.844484
-0.206609
0.693402
-0.177127
0.182038
-0.249478
0.024156
-0.087803
0.548924
-0.911238
0.248563
0.026107
0.344833
-0.489397
0.219859
-0.549415
-1.315428
-0.896725
0.054449
-0.013188
0.534758
-0.227332
0.308475
1.086212
0.257939
-0.196599
-0.176338
0.105484
-0.817824
0.391105
0.746016
-0.740047
-0.400691
-0.084941
-0.072342
0.034472
0.012518
-0.482678
0.017725
-0.297811
-0.986908
0.096953
-0.508294
-0.019412
-0.120696
0.955391
-0.089082
-0.224368
0.372615
0.022919
-0.202163
0.158426
0.063590
-0.273375
0.195391
-0.011249
0.679064
-0.865925
-0.938491
-0.121417
0.335155
-0.097380
0.466482
-1.094293
-0.027618
-0.480334
-0.366561
-1.076758
0.111278
-1.697038
-0.167119
-0.080762
0.189165
0.683105
-0.352941
-0.087754
-0.201134
0.158130
1.416456
-0.192457
-0.296325
0.091933
0.648081
-0.852260
-1.336006
0.209473
0.368211
-0.236278
-0.029581
0.074551
-0.087724
-1.018984
-0.692653
-1.139277
0.205193
-0.801699
-0.053385
0.741165
-0.020211
-0.489427
0.036301
-0.355538
1.651337
-0.167268
-1.081016
-0.022444
-0.410622
0.444167
0.415384
0.504362
-0.438019
0.943916
-0.808628
0.167725
0.231416
-0.002144
-0.957086
0.401943
0.157210
-0.921725
0.245907
-0.008458
1.063187
0.717514
-0.019261
0.370910
-0.055300
0.457460
-0.338370
0.146214
-0.435265
-0.778284
0.302848
0.320383
-0.078228
0.209662
0.967951
-0.719477
1.278645
0.498470
-0.486582
-0.199443
-0.449481
0.462338
-0.161340
-0.618704
-0.161331
-0.676701
-0.640442
-0.932534
0.409327
-0.234964
-1.431327
-0.794363
0.321878
-0.178572
-0.082981
0.155443
-0.263190
0.189968
-0.782931
-0.454983
1.220276
-0.142872
-0.102890
-0.181053
-0.389763
-0.234550
-0.398875
-0.169560
0.399937
-0.173799
0.694320
0.105604
-0.058737
-0.668688
0.739424
-0.065627
-0.388453
-0.779488
0.585401
1.936226
-0.037631
0.807733
0.133821
-0.007188
-1.052131
0.173287
0.691376
-0.826108
0.458359
0.632712
0.028783
-0.983342
-0.307043
0.636882
0.238506
0.036271
-0.831308
0.340068
0.638143
-0.367101
0.660709
0.077450
-0.022271
0.228439
0.522701
-0.030284
0.522106
0.086154
0.676143
0.270039
-0.285213
0.608088
-0.414593
-0.040444
-0.218599
0.405026
-1.213180
0.016167
-0.312137
1.196375
0.423621
-0.851042
-1.366795
-0.513429
0.246508
-0.421067
0.814343
0.457556
-0.010926
-0.729394
0.276190
0.355180
0.503765
0.128513
0.348886
0.245959
0.139898
0.298481
0.088305
-0.381813
-0.633813
-1.046828
-0.206153
0.945239
-0.275155
-0.050034
-0.368928
-0.084822
-0.515775
-0.036638
0.051174
0.731993
-0.432457
0.421799
-0.397557
-0.618783
-0.843680
1.300102
-0.597038
0.598801
0.079822
0.402639
-0.680368
1.096769
0.222861
0.249547
0.780764
-0.094696
-0.332998
-1.023956
-0.493037
0.426610
-0.458985
-0.120031
-1.045539
-0.453625
0.192740
0.850255
-0.535614
-1.194475
0.209936
-0.340534
0.576172
-0.468829
-0.142499
-0.683531
-0.443346
0.265871
1.389617
-0.152126
0.582848
-0.491696
0.040270
0.211662
0.933214
-0.319365
-0.224570
1.477939
-0.585256
0.101982
-0.011535
-0.030986
0.346343
-0.609317
-0.432765
-0.615420
-1.371882
0.866530
0.497482
-0.211151
0.349628
0.588561
0.533673
0.178677
1.342265
0.741579
-0.072087
-0.278238
0.153428
0.008576
1.382736
0.053972
0.434641
-0.374222
0.213709
-0.439347
0.434101
0.010411
-0.156163
0.265245
0.036492
0.320911
-0.097811
0.485072
-1.203317
0.527609
0.209407
-0.093811
-0.199195
-0.061982
-0.240867
-0.772132
1.050709
-0.616459
0.295259
0.842890
0.976509
-0.248454
0.080118
0.215324
-0.812087
0.688576
-0.401593
0.464675
-0.157072
-0.209013
0.081295
-0.768145
0.373498
-0.848057
0.311748
0.000748
-0.561792
0.453365
-0.572317
0.363700
0.256795
-0.210354
0.223009
-0.395925
0.256599
0.125182
0.588433
-0.047273
0.322535
-0.107426
-0.736455
0.251815
-0.666662
-0.880921
0.945784
-0.246769
-0.063840
-0.562070
0.304960
0.009641
0.111880
0.327063
-0.500532
0.123238
-0.860624
-0.131117
0.178565
0.358530
-0.229494
-0.131091
0.321073
0.105420
-0.865957
-0.781979
0.133631
0.034057
0.111305
0.414170
0.034561
-0.146162
-0.685106
0.369503
1.478519
-0.553112
-1.150545
-0.527210
0.267456
0.291492
0.002077
-0.350697
-0.358928
0.709053
0.284020
-0.055165
0.845074
0.080171
-0.390296
0.155938
0.458504
0.368124
-1.111314
0.559395
-0.400651
-1.562909
-0.190705
0.393546
0.235484
0.848079
-0.673117
-0.217354
-0.735929
0.038365
-0.423441
0.284326
0.467051
-1.312349
0.529111
0.849066
-0.445704
1.271474
0.179203
0.041924
-1.177490
0.627655
0.233534
-1.146138
0.190134
-0.770623
0.279815
0.666130
0.283594
0.533638
-1.251987
0.483406
0.286170
0.125754
0.526204
-0.898667
0.144388
-0.643463
-0.239061
0.030739
0.265070
-0.591232
0.009552
-0.899904
-0.136347
0.175303
0.784887
0.708383
-0.872187
0.545161
-1.001520
0.227538
0.323903
-0.152853
-0.469667
0.942477
-0.904370
0.684502
0.265933
-0.275701
0.207033
-0.299226
1.144988
-0.341188
0.200371
1.277236
0.032588
-0.427839
-0.183120
0.193272
-0.160114
-0.348738
0.059323
-0.166998
-0.226080
-0.448881
0.120191
-1.364082
0.920000
0.714159
-0.251724
-0.133013
0.280300
0.407015
-0.386201
0.012936
-0.841525
0.199788
-0.053474
0.426851
0.007606
0.067108
0.838829
0.614976
-0.562630
0.410440
0.745413
-0.284684
-0.316270
0.107278
-1.246518
0.150046
0.335698
0.020337
0.198683
0.284457
0.040339
-0.010693
0.316713
0.303816
0.462625
-1.025223
1.154820
0.653296
0.887394
0.627136
0.367521
-0.154622
0.407536
0.653572
-0.248201
-0.853449
1.121844
0.119847
-0.911807
-0.319102
-0.417726
-0.311680
-0.666045
0.292961
-0.641940
1.107027
-0.479464
0.691677
