-1.113070
-0.146231
-0.809109
1.656038
0.927753
0.684514
-0.132658
0.156234
0.161031
0.241681
-0.619521
-0.294984
-0.456879
0.055160
0.508319
-0.539440
-0.251490
-0.391543
0.763859
-0.631839
0.583991
0.438620
0.506927
-0.383782
-0.589644
-0.562892
0.375610
-0.658922
0.257312
0.290550
0.033404
0.667408
-0.331700
-0.208453
-0.896349
-0.118995
1.147359
0.047489
-0.077136
-1.483368
-0.377693
-1.394498
0.272724
0.633005
0.496866
-1.145635
-0.386494
0.065904
0.268989
0.609266
0.180751
0.041349
0.229499
0.121677
-1.746988
0.569447
-0.164386
-0.189804
-1.588320
-0.043331
0.046341
0.441522
-0.164595
-0.682007
-0.276394
-0.751012
0.788619
0.005275
0.165054
0.982785
0.764505
0.049790
-0.951536
1.080603
-0.002781
0.806276
-0.296918
-0.796090
0.813981
-0.139661
0.550350
0.982660
1.351547
-0.260952
0.202879
0.534111
-0.147516
-0.734658
-1.059699
0.499931
-1.190477
1.148329
0.591835
0.232135
-0.989142
1.471923
-0.815756
-0.202055
0.892039
-0.538587
-0.218771
-1.353570
-1.045380
0.775335
1.043954
1.506763
0.173167
0.726122
0.571717
-0.061828
-0.416536
0.745722
-1.934939
-0.534426
-0.149441
-0.045367
0.128164
0.793953
-0.260551
0.654750
0.283150
-0.128255
-0.169428
-0.061264
0.727802
-0.043108
0.118348
-0.641402
0.783832
-0.797666
-0.553974
0.189239
0.129893
-0.151311
0.106644
0.089277
0.409306
0.937875
-0.371475
-0.662895
0.165868
-1.620927
-0.193678
0.834918
0.032347
-0.929401
-0.036349
0.149323
0.900284
0.013224
-0.159789
0.344325
-0.745186
0.678533
0.410486
-0.313451
0.682648
-0.488595
0.706221
-0.013458
0.264586
0.230778
0.415634
0.241668
0.452033
-0.403628
0.054825
0.585992
-0.020448
-0.537083
-0.683788
-0.875248
0.122223
1.765379
-0.090183
-0.613195
1.106470
0.789020
-0.939246
-0.051401
0.177145
0.300023
-0.540169
-0.190090
0.435400
0.188313
-0.189601
-0.703377
-0.076609
-0.053701
-0.580142
0.336857
-0.768162
0.307830
0.968327
0.783674
-1.900592
-0.083500
0.552847
0.272678
-0.541502
-0.339494
-0.803528
-0.239811
0.914136
0.244264
-0.605219
-0.270708
1.481318
0.524733
-0.805178
0.065416
0.072667
-0.467334
-0.141960
0.480022
0.482970
-0.883226
-1.132221
-0.033858
-1.769814
-0.159076
-0.841135
-0.848775
0.840774
0.675270
-1.036204
-1.303750
0.696126
-0.996848
-0.516441
-0.330494
-0.536489
0.570602
1.260484
-0.418801
0.092920
-0.542988
0.706003
0.914365
-0.000495
-0.352626
-0.070926
-0.085070
-0.698523
0.251581
0.054266
-0.017698
0.376919
0.238639
-0.463190
0.805004
1.102606
0.285952
-0.868783
0.674114
0.786220
0.418387
-0.537540
0.095052
-0.198156
0.654569
-0.836079
0.336346
-0.238125
1.335763
1.103515
1.325849
0.394031
-0.051425
-0.280180
-1.543068
-0.994961
-0.940494
0.810619
-0.930271
1.181630
-0.148082
1.003390
0.660311
0.045887
-0.316663
0.653628
-0.097058
0.053628
-0.162401
0.223881
0.032514
0.671253
0.086278
-0.690119
-2.520520
0.140918
-0.063591
0.221752
-0.542104
0.001537
-0.152479
1.556944
0.963034
0.184999
1.343869
1.399314
0.331558
1.095320
-0.376350
0.021505
-0.261611
0.106142
0.501345
0.631663
0.456418
0.174201
-0.141238
-0.838780
-1.277907
1.099500
1.395800
0.613669
0.095426
-1.099806
0.114051
0.271133
0.034491
0.573250
0.247394
0.158432
-0.860164
0.171234
-1.138373
1.550893
-0.993680
0.245558
-0.027655
-0.202994
0.213835
-0.354151
0.220216
-0.482449
1.301102
0.611369
0.589406
0.266171
-0.012537
-0.534647
0.268881
-0.982376
-0.896005
-0.326891
-0.336977
0.003634
-0.157951
-0.369618
-0.215553
0.944872
0.297701
-0.943308
-0.903481
0.045642
-0.865196
-0.604274
-0.845838
-0.824254
-1.919048
0.667301
-0.298636
-0.088769
-0.226174
-0.248448
0.815818
-0.550541
0.154507
-1.520166
-0.484152
-0.056780
-0.107736
-0.056435
0.900258
1.864711
1.528415
1.159848
1.331766
0.138886
-0.203535
0.390163
-1.339350
0.137997
-0.635749
0.147711
0.172567
-0.956491
-0.037930
-0.698669
0.651012
0.687218
-0.317021
-0.795135
0.200094
0.094221
-0.121849
-0.185227
0.317573
-0.798812
-0.379978
-0.404297
-1.187558
0.631423
-2.252804
0.151475
-0.554410
0.179314
0.026014
0.050049
0.127868
-0.442226
-0.195097
0.769046
0.569741
-0.399753
0.405886
0.429407
0.080613
1.671837
0.167340
0.641032
-0.314217
-0.521311
0.399118
-0.542676
0.002393
0.205240
1.495889
-0.428394
-0.049419
0.131453
0.660249
-0.185590
0.274628
-0.190356
-0.763305
2.101327
-0.821094
-0.563027
-0.802647
-0.462096
-0.003565
-0.544924
-1.374658
-0.066786
-0.288358
-0.590057
-0.362147
-0.802495
0.074427
0.270909
0.261895
-0.885726
-0.693866
-0.041684
-0.127549
-0.155183
-0.496332
-1.551265
-1.184249
0.559806
-0.115539
-0.167534
0.388150
0.832788
-0.966399
1.569789
0.934466
-0.344610
0.049269
0.807175
-0.592478
-0.184463
-0.184880
0.174401
-0.109376
-0.360283
-1.073999
-0.857642
-0.685624
0.051682
0.051919
-1.507449
0.874375
-1.239108
-0.321673
-0.070956
-2.556168
-0.638323
0.449255
0.249735
-0.225413
-1.244481
-1.406373
-0.648973
-0.839932
-0.431061
0.545953
-0.633253
-1.066847
-0.533292
-0.144977
0.052238
-0.808120
-0.049476
0.194185
-0.171291
0.775883
-0.880492
-0.207720
-0.576933
-0.270496
-0.735178
-0.104761
0.307000
-0.441240
-0.219441
-0.777908
0.267700
0.622961
0.112520
-0.862200
0.391663
-0.653805
-0.259966
1.032460
-1.091346
0.323900
0.266068
0.769230
-0.479070
0.144649
0.472920
1.091361
-0.224299
-0.060388
-0.948560
0.247941
0.180150
-0.676273
0.089667
0.617146
-0.370696
-0.196138
0.676174
-0.638873
0.473018
-1.224735
0.092575
-0.472993
-1.204102
0.263938
-0.105922
-0.769790
0.765665
0.349997
0.132359
-0.696600
-0.019876
0.261842
-0.422392
-0.231354
-0.915216
0.635374
-1.199626
-1.309303
0.698730
0.867296
0.905197
0.892836
0.475297
1.530745
-0.166806
0.915819
0.534962
0.281568
-0.103274
-0.047461
-0.254206
-1.775232
1.156655
0.378758
0.903361
0.985346
0.631539
0.876099
-0.677190
-0.322955
-0.537083
-0.036390
-0.177849
0.041962
-0.220373
-1.111847
-1.097220
0.213060
-0.086596
-0.305674
0.838137
-1.258764
0.517124
-0.870319
1.536610
0.566461
0.108512
0.719618
-0.728664
0.338188
-0.320612
0.697494
0.233273
-0.197057
-0.775910
-0.062187
1.488087
-0.780309
-0.181651
0.783233
0.642643
1.322493
-0.319129
-0.736686
0.524362
0.092599
0.603496
0.738704
-0.802797
-0.243130
-0.087819
-0.158748
2.002277
1.387799
-0.265633
-0.155730
0.129278
-0.019267
-0.841463
-0.257836
0.391488
-0.907069
-0.166758
0.883286
-0.063124
1.017463
0.317001
-1.317751
0.095595
0.352888
0.249947
0.501566
0.415305
0.026429
1.022616
-0.293836
-0.393712
-0.272830
-0.141635
1.013573
0.971070
-0.139174
-0.030782
-0.828440
-0.341487
-0.426963
1.909801
1.381077
1.296468
0.046318
2.076311
-0.172504
-0.541467
0.519533
0.718562
0.218386
0.470578
-0.930633
0.359705
0.805452
0.326739
-0.691420
-0.956119
-0.391645
0.940037
-0.019010
1.222022
-0.700058
0.064252
0.994387
1.092724
-0.130015
-0.865807
-0.028980
-1.462209
0.637249
0.112914
0.192642
-0.162976
0.612486
0.755395
-0.778780
0.198236
0.163330
-0.451525
-0.002441
0.111946
-0.332874
0.541988
-0.284470
-0.015126
0.275590
-0.376798
0.714071
-0.146741
0.006854
0.655426
0.291516
0.033039
0.149286
0.853183
-0.935970
0.383595
-0.139447
0.844612
0.040350
-0.745865
-1.036300
-0.235490
-0.507316
-0.213927
1.278465
-0.903327
-0.213370
1.085777
-0.314325
0.221235
-1.215800
-1.915065
-0.575400
-0.100372
1.178928
1.531856
-1.527597
0.513596
-1.051340
0.184813
1.072245
-0.036470
0.006360
1.035579
-0.243663
-0.261247
-0.791656
0.502262
0.189191
0.857433
0.306979
-0.557306
0.389637
-0.232897
0.046204
0.147426
0.175845
-0.903967
0.425741
