-0.404778
0.391100
-0.078447
-0.255047
0.782729
-0.175968
0.079951
-1.000622
-0.652987
-0.362676
-0.403453
0.191097
0.230218
0.195819
0.226246
-0.320992
-0.463856
0.127960
0.785648
0.754319
-0.403470
-0.104899
0.106011
-0.158162
0.251724
0.003611
-0.220940
-0.807613
-0.446501
0.306544
0.025356
0.577092
-0.173504
0.179145
0.004906
0.681760
0.441809
-0.502700
-0.263618
0.775551
-0.179721
0.636407
0.334591
-0.939855
0.123505
1.083077
0.602286
-0.310163
0.618470
-0.455030
-0.876996
-0.211931
-0.078808
-0.522424
0.482777
-0.345333
-0.320513
0.593350
0.172053
-0.076520
-0.420048
0.343570
0.007336
-0.872848
0.133583
0.367252
-0.144930
-0.005771
-0.982797
0.043487
-0.243509
-0.216194
0.725645
-0.300601
0.695626
-0.013497
0.214754
0.475774
0.334300
-0.723698
0.094267
0.205076
0.863823
0.159167
0.781540
0.681184
-0.411363
0.823831
0.350312
0.521931
-0.136938
0.055939
0.115724
-0.793534
-0.585164
0.913056
0.425701
-0.005859
-0.652131
1.052212
0.679934
0.549906
0.319446
-0.826243
-0.055251
0.162894
-0.285631
0.132869
-0.217082
0.039355
-0.963405
0.334873
-0.614269
-0.797299
0.453990
0.390325
-0.673017
-0.564704
0.345206
-0.530486
-0.234064
-0.069036
0.007372
-0.390468
-0.335504
0.062035
-0.512160
0.438286
-0.422548
-0.456902
-0.506747
0.043846
0.084792
0.030781
-0.197048
0.490327
0.047064
0.231669
0.965143
0.337751
0.050352
-0.587536
0.594293
-0.396470
-0.727480
0.416489
0.402929
-0.043753
0.525937
0.430367
0.068779
1.089901
-0.414169
0.805445
0.936181
0.166757
0.492784
-0.607138
0.208676
-0.093660
-0.418397
-0.635538
-0.155118
-0.802511
-0.427489
0.310324
-0.328000
-0.407870
0.646384
0.163208
0.372358
0.820204
-0.144589
0.318096
-0.012700
-0.950893
-0.552296
-0.669967
0.185368
-0.152130
-0.419770
0.237504
0.038943
-0.506843
-0.007058
-0.402983
-0.556742
-0.036746
0.646823
-0.324626
0.128560
-0.180911
0.544609
-0.291047
0.486369
-0.483665
0.063019
-0.038358
-0.157675
0.952558
0.531638
-0.079559
-0.370268
0.613485
0.144839
0.130196
-0.196275
-0.008609
-0.913326
0.518566
0.386607
0.128294
0.625235
-0.650976
0.431993
-0.383547
-0.185343
0.172222
0.243899
0.557818
-0.750599
0.078626
0.244959
0.471769
1.200171
0.004695
-0.042752
0.202789
0.634422
0.461521
-0.622820
0.041637
-0.280266
0.195551
0.836734
-0.616078
-0.197054
0.931231
-0.157318
-0.567009
-0.701277
-1.063191
-0.445879
-1.195907
-0.462586
0.145458
0.161414
0.211644
0.575176
0.398725
-0.111895
-0.251634
-0.359585
0.618314
0.829870
0.371885
-0.590499
-0.296782
-0.729636
-0.012808
1.058588
-0.486533
0.149534
0.883834
0.296455
-1.028722
-0.365164
-0.280653
0.105148
-1.103539
0.661981
-0.133042
-1.060813
-0.325158
-0.327318
0.337965
-0.000946
-0.221395
0.115464
0.303192
0.248746
0.039450
1.191027
0.289435
-0.281535
0.433936
-0.200109
-0.860891
-0.089040
0.949987
0.700182
0.815383
-0.047881
0.149198
0.438763
0.035724
0.223031
-0.167749
-0.031072
-0.600629
0.683896
0.357165
-0.293731
-0.721194
-0.299624
-1.202778
1.044210
0.432388
-0.175514
-0.509191
-0.810188
-0.139615
0.290598
0.181054
-1.569818
-0.683923
-1.372809
-0.170839
0.811630
-0.022399
-0.405040
-0.607559
0.902027
-0.900392
0.502252
0.014864
-0.126204
-0.304069
-0.017421
0.237496
-0.651416
0.351884
-0.285982
0.159414
-0.520076
-0.763610
0.252095
0.498712
-0.471335
-0.356703
1.131935
0.942638
0.525371
0.455460
0.161413
-0.230312
-0.588789
0.263666
0.400271
-0.601357
0.848439
0.051107
-0.388632
-1.245562
-0.726682
-0.546084
-0.610862
0.230941
-0.007843
-0.741459
0.232595
-0.097365
0.230823
0.449783
0.275789
0.116022
0.684146
-0.515250
1.062762
0.023688
0.878111
-0.557968
0.215851
-1.562152
-0.130576
0.725586
0.290547
0.058400
0.604512
-0.722036
-0.925411
0.090212
0.314665
-0.397842
-0.921106
-0.565446
0.283810
0.003994
-0.140799
0.347792
-0.866548
0.334865
0.483784
0.915243
0.218288
0.287994
-0.432574
-0.305875
-0.030440
0.988585
0.736398
-0.676245
-1.091201
0.212432
0.443231
-0.055110
0.147329
0.202039
0.216861
-0.403884
0.312590
0.286983
0.595760
1.157495
-0.367479
-1.042177
0.515983
0.717238
-0.224215
-0.488068
-0.292153
-0.379242
-1.040305
-0.607752
0.417562
0.606415
0.602367
-0.380044
0.040475
-0.192358
-0.078736
-0.425385
-0.572119
0.661153
-0.049688
-0.498908
-0.132241
-0.725137
0.059038
-0.324520
-0.244535
-0.144421
-0.177452
0.177288
0.025575
-0.314677
0.477550
0.483460
1.110487
0.382963
0.088920
0.214102
-1.320290
-0.612237
0.483894
-0.024260
0.400262
0.436597
0.489366
0.549426
-0.400277
1.523668
-0.843865
0.626949
-0.050100
0.149001
-0.756011
-0.224233
-1.107268
0.433383
0.278166
0.267847
0.811760
0.145016
0.185230
-1.172910
-0.209752
0.432351
-0.155938
0.268738
0.522888
0.303122
-0.427670
0.682151
-0.318969
-0.450201
-0.097896
0.004935
1.039149
-0.698298
-0.495020
1.216139
0.785223
0.297846
1.232353
0.634282
-0.104071
0.430444
0.637387
0.047296
0.757517
-0.054485
-0.085131
0.748172
-0.706347
-0.179724
-0.453033
0.259885
0.468772
-0.697700
0.181719
-0.649798
-1.195943
0.248011
0.372460
0.583367
-0.348118
-0.403907
-0.353462
-0.008811
-0.263636
0.393885
-0.139962
0.296736
-0.599939
0.657985
0.628630
-0.541544
-0.618891
0.223143
0.389841
-0.117844
-0.235281
-0.475748
-0.564360
-0.158898
-0.265980
0.725285
-0.431112
0.758502
0.165065
1.170180
-0.071144
-0.175222
0.403150
0.178185
0.532997
0.521617
0.259977
-0.100797
0.686086
0.745996
0.145086
0.284316
-0.557851
1.121376
-0.896245
0.246281
-0.638635
-0.251005
-0.267019
0.338389
-0.362464
-0.673872
0.918465
0.884422
-0.403526
0.189168
-0.338400
0.128640
0.166847
0.685932
0.579547
0.129018
0.387860
-0.289369
-0.044890
0.062336
0.762680
0.032923
0.731741
0.173130
0.093512
0.278920
-0.733771
-0.393379
0.514071
0.352623
0.315020
-0.550409
0.760547
0.953506
0.744989
1.156674
-0.762043
-0.497148
-0.506177
-0.224464
0.015451
-0.797626
-0.005520
-0.534941
-0.028881
-0.092091
-0.577540
-0.007453
0.885037
-0.752486
-0.365118
-0.440069
0.370828
0.609345
-0.380387
0.489417
0.426085
-0.189256
-1.088613
0.492199
0.126767
0.608829
0.184610
-0.489532
-0.332149
-0.079759
-0.365982
-0.048474
0.464112
-0.126768
0.076641
-0.236854
-0.297342
0.395000
-1.244447
0.333664
-0.486925
-0.239220
-0.492371
-0.806671
-0.257611
-0.030926
-1.063215
0.176546
-0.088286
0.129831
0.253254
-0.282156
-1.053630
0.056454
1.305868
-0.594804
-0.949589
-0.119719
0.281809
-0.424227
-0.426555
0.198640
-0.231668
-0.136484
0.949944
-0.336672
0.526312
0.463234
-0.056937
0.660998
-0.699419
1.082710
0.086016
-0.048610
0.538240
-0.506050
0.228111
0.122154
0.269650
0.034291
0.245569
0.358199
-0.628158
-0.685002
-0.212087
0.483998
0.172345
1.298558
-0.268111
0.312820
-0.915333
-0.132146
1.230528
0.197339
-0.353597
0.687696
-0.178361
-0.492364
0.645232
-1.056340
0.203052
-0.450127
0.926125
0.015127
-0.902668
-0.094666
0.078155
-0.848017
-0.027634
0.072370
0.226481
-0.460051
-0.492907
0.406590
0.169326
0.436504
-0.106176
-0.391772
-1.062494
0.233387
-0.294769
-0.485208
-0.918493
0.511174
0.133657
-0.297178
-0.183818
-1.026199
0.657593
-0.793146
-0.772214
-0.979420
-0.566034
1.290997
-0.195448
0.039994
1.248626
-0.244464
0.220202
-0.206982
0.119169
0.637610
0.234320
0.288262
-0.941624
0.000789
-0.323953
-1.096765
-0.366187
-0.411150
0.767786
0.432944
0.322856
0.327993
0.290266
1.078624
0.542208
-0.029238
-0.663640
-0.199095
-0.431738
0.087222
-0.020307
-0.337383
-0.260181
0.047429
-0.250809
-0.430159
-0.768136
0.169582
0.373278
0.341564
-0.383591
0.562005
