-0.216575
-0.809397
-1.680917
-0.480088
1.369522
-0.552035
0.202599
0.900746
0.520599
-1.364011
-0.521878
-0.105629
-1.244068
0.650053
0.343466
-0.102817
0.607264
-0.126534
0.389425
0.594253
0.408629
-0.663661
0.618458
0.252536
0.063083
-0.587904
-0.266960
-0.444837
0.866338
-0.741857
0.408416
0.509767
-0.453745
-0.332909
1.277051
-0.190276
0.277835
0.420504
-0.480159
0.125311
0.078945
0.023030
0.346264
-0.241368
-1.200987
1.633368
0.979110
-0.158223
-0.332163
-0.524839
-1.128933
-0.423554
0.116449
0.303617
0.511207
-0.194578
-0.022087
-0.257691
1.149560
0.159125
0.200570
-0.391694
0.042030
-1.148519
-0.089854
0.827030
0.655120
0.754212
-0.541768
0.142988
1.098695
-0.862894
0.880358
-0.587593
0.497398
0.560469
0.159589
-0.038644
-0.474878
-0.370253
-0.204403
-0.328956
-0.417640
0.953621
0.341751
0.806976
-0.975969
0.845643
2.376984
0.677600
-0.346352
1.357637
0.713220
0.600645
-0.320198
0.871656
0.103168
0.456719
0.384827
0.889777
-0.065661
-0.105480
-0.272889
-0.969406
0.881365
0.630504
-0.355220
0.408197
-0.010243
0.137692
-0.901894
-0.074298
-0.556911
1.067183
0.690097
-0.096925
0.084281
-0.591248
-0.501146
0.124269
1.045372
0.086074
0.001404
0.215519
-0.210960
-0.754358
-0.520766
0.579464
0.464917
0.735716
-0.431975
0.178545
-0.059526
-0.034190
-2.045579
0.057882
0.179592
0.048341
-0.817830
0.265014
0.116073
-1.077216
0.767761
-0.083779
-0.361004
0.262857
-0.017877
0.029856
0.487828
-0.171596
-0.442960
-0.393231
0.188815
0.130471
0.536090
0.392272
-0.086892
0.046163
0.521126
0.372581
-0.073634
-0.345714
0.854433
1.167220
-1.288100
-0.204938
-0.185955
-0.360605
1.203873
-0.237316
-1.802203
0.195163
0.762407
0.620998
-0.903386
-0.338954
-0.233641
-0.636277
0.278976
0.178734
0.628885
-0.016707
-0.909411
-0.207471
0.933279
0.192708
1.295351
-0.159984
-0.472579
-0.063014
0.926611
0.364233
-0.899485
-0.088949
-0.108674
0.310097
1.212459
0.744948
-0.006080
0.591522
0.597825
0.587507
0.596213
-0.258540
-1.424857
-0.153753
0.085937
-0.376163
-0.579245
-0.569662
-0.111037
-0.140163
1.028460
0.237608
-0.575030
0.509449
-0.076894
-0.788662
-0.480588
1.021834
-1.890078
-0.517550
-0.760821
0.296030
0.525086
-0.183861
0.063654
0.443661
-0.078474
-0.614742
0.133450
-0.350509
0.763281
1.624019
0.066569
-0.539008
-0.013465
0.013182
-0.342629
-0.129453
-0.302177
-0.452279
-0.242283
0.120022
-0.933206
-0.053741
0.250657
0.072797
0.443660
0.419474
0.191196
0.074610
0.243279
0.510129
0.097106
-0.265143
0.248753
-0.842456
-0.824627
-0.006345
0.846635
0.441652
-0.906503
0.491880
1.218982
-0.330823
0.104369
-0.669561
-0.487333
-0.155762
0.098195
-0.757521
0.089887
-0.272531
-0.921794
-0.168132
-0.043393
-0.500491
-0.655540
-0.223817
-0.155532
-0.024437
0.831433
-0.281557
-0.661445
-0.534802
-1.337858
0.204250
-0.088674
-0.059083
0.363822
-0.452431
0.057530
-0.665980
-0.074400
-1.187761
0.653948
0.656934
-1.079107
-0.867270
0.093844
0.125956
0.231662
-0.459123
0.189866
-1.334378
0.149376
-0.269653
0.078256
0.373476
0.112237
0.261331
-0.961760
-0.398596
0.147515
0.102717
-0.254252
-0.656836
-0.612383
0.006999
-0.240509
-0.718043
1.436483
0.239295
0.073098
-0.370592
0.378371
0.044134
0.015689
-0.601654
-1.105345
0.554135
0.165011
-0.326908
-0.863431
0.086543
0.906863
-0.408894
-0.258101
-0.647615
1.114272
0.285378
0.826487
-0.058402
-0.144629
-0.382548
-0.620880
0.398361
1.033472
0.275521
-0.542239
-1.369865
0.667279
0.067911
0.682025
0.114065
-0.979564
-0.674957
1.025310
-1.178232
0.389593
0.070043
1.423513
0.297413
0.783799
0.598742
-0.372259
-1.188623
-0.342182
-0.219735
0.334676
-0.517777
-0.108742
0.518156
0.262618
-0.615061
-0.969737
0.427434
1.636968
-0.131032
-1.180535
0.333017
0.715158
1.035768
0.168840
-0.323950
0.797640
0.500464
-0.303339
0.463045
-0.234065
0.336759
-0.359321
-0.151822
-0.379498
0.422111
-0.242329
0.391466
0.024006
1.259858
-0.498375
0.670579
-0.503521
0.763609
0.575812
0.936007
-0.485961
1.182081
0.168788
-0.469235
-0.054111
-0.152743
0.764570
-0.243077
0.511057
-0.423809
0.740857
-0.161680
-0.815149
-0.942182
-0.017942
0.680832
0.592745
-0.410664
0.137230
-0.502411
0.152684
-0.295551
-0.666552
0.813134
-0.474234
0.622527
0.161287
0.292125
0.003538
-0.232221
0.042333
-0.393448
-0.177413
0.091814
0.475620
-0.130358
-1.164783
0.385646
-0.150669
-0.363158
-0.166243
-0.856068
0.171553
-1.404038
-0.247163
-0.869735
-0.253575
-1.216211
0.385836
-0.484005
0.303485
0.239792
-0.042328
0.096144
-0.901756
0.318620
-0.978015
0.235293
0.011203
-0.369259
0.304293
-0.127791
-0.367257
0.482626
0.440268
0.707131
0.213521
0.494048
-0.171133
-1.160112
-1.076895
-0.088338
0.038210
-1.073514
-0.363605
-0.598817
0.247487
0.166656
0.038625
-0.911790
-0.424652
0.309098
1.107803
0.161348
-1.374544
1.316108
0.352656
0.170985
0.549379
-0.116780
-0.052937
0.247162
-0.457543
0.741334
0.277719
-0.375522
0.786054
0.566188
-0.152838
0.282569
0.587746
0.610819
0.036083
-0.840733
-0.253582
-1.185873
-0.871436
0.486100
0.059906
1.103338
-0.078676
-0.702693
-1.059194
-0.370594
0.360515
0.270927
-1.144128
-0.334737
0.201596
-0.204696
0.252579
0.177846
-0.756071
-0.099406
0.520664
-0.195646
0.906823
0.293374
-0.175638
0.642266
-0.188359
0.183214
0.323644
0.391393
-0.620153
0.382119
-0.072298
0.909300
-0.077271
0.364551
0.702885
0.726018
0.021907
0.552927
0.640588
0.166343
0.812610
-0.758769
-0.052694
0.170630
0.697118
-0.134841
-1.343927
0.965330
0.651583
-0.162676
0.489285
-0.067752
-0.079861
-0.068510
0.095330
-0.157373
-0.430115
0.530365
0.455791
0.751746
-0.486718
-0.243031
0.041477
0.067888
-0.345269
0.168550
-0.752618
0.304895
0.526168
0.165826
-0.155578
0.521091
-1.001601
0.306185
0.748937
0.460279
0.224901
-0.203273
-0.046421
0.093662
-0.048061
-0.692302
0.570674
0.404377
-0.122700
-0.543511
0.357117
0.444824
-0.623402
0.191564
-0.121131
0.509574
0.209773
-0.254541
0.408467
-0.970178
0.491765
-0.107243
-0.889223
0.155723
-0.717589
-0.722283
0.448700
0.047288
-0.532473
0.518730
0.117676
0.374901
-0.015026
-0.892756
-0.677907
-0.572857
0.154869
1.400997
0.344681
-0.198403
-0.373446
0.090229
-1.398558
0.076252
0.589868
-0.656882
-0.284867
-0.306724
-1.185564
-0.530319
0.269592
0.985911
0.024878
0.134559
-0.471805
0.752646
-0.501578
-0.042727
0.647024
-0.372963
1.906959
0.498700
-0.648970
-0.284167
0.263625
-0.158711
-0.416206
0.346550
0.167780
-0.110877
-0.793915
-0.348774
0.402667
0.464526
-0.388314
-0.461009
-0.194884
0.340513
0.241380
-0.699187
-0.598545
0.816114
0.030340
-0.619294
-0.045759
-0.003073
-0.398945
-0.246638
-0.074784
-0.893055
-0.756044
0.148482
-0.048847
-0.275485
-1.216478
0.689357
0.240452
0.381208
1.040887
-0.387305
-1.289514
0.533488
-0.442005
0.364301
-0.150288
-0.314104
0.002079
-0.600882
0.503692
-1.184450
-0.250129
0.247447
-0.000316
-1.477994
0.363621
1.011611
0.155409
0.116394
-0.418119
-0.010562
-0.365445
0.186474
-0.088144
-0.045174
-0.202370
0.709774
-0.142616
1.186911
-0.296235
0.014226
-0.377995
0.089249
-0.225392
0.242220
0.730663
-0.228384
-0.096999
0.284214
-0.075683
0.447334
0.271584
0.540186
1.121129
-1.439741
0.456638
0.426802
0.091357
0.016235
-0.192126
0.186215
0.166484
0.475747
-0.529469
-1.693029
-1.308492
-0.183753
-0.024424
-1.077698
1.584780
1.151004
0.324501
0.902138
1.047487
-0.159440
-0.090155
-0.151704
-0.409788
-0.585525
0.908573
0.329491
-0.326388
0.100181
-0.745046
-0.411727
0.052661
0.751930
0.007256
0.358960
-0.080235
-0.889109
