-0.391040
-0.544563
0.571790
-0.540836
0.432488
0.904781
-0.564965
0.443378
-0.220786
0.646283
0.176960
-0.611160
-1.077186
0.107288
0.468762
0.017675
-0.606926
0.138386
0.293156
0.452904
0.169048
0.111928
1.066609
0.740442
-0.012159
-0.828582
1.649543
0.194640
0.153877
-1.053248
-0.211562
-0.565371
-0.636451
-0.531284
0.163932
0.154455
-0.248437
0.820509
-0.041008
0.427795
-0.023177
0.451542
0.204864
-0.232334
0.085929
0.505506
1.044860
-0.618675
0.236546
-0.198731
-0.221085
-0.588462
-0.295005
0.924024
-0.252321
0.462246
-0.528154
0.545611
-0.487825
-0.310004
-1.052466
-0.205599
-0.000595
-0.210603
0.140504
0.347381
0.082227
0.441229
0.245619
0.632616
-0.685106
-0.399590
0.712175
0.222170
-0.334040
-0.047015
-1.001246
-1.043586
0.673016
0.495856
0.507808
-0.438884
-0.710756
-0.410032
0.254578
0.543169
-0.699974
-0.297189
0.970179
0.804001
0.195581
-0.939669
0.776643
-0.742597
-0.039380
0.065905
0.567169
0.758697
-0.367391
0.176691
0.896303
0.963746
-0.250904
-1.326368
0.000119
0.597591
-0.064877
0.029572
0.975607
-0.041738
-1.288887
0.190699
-1.042580
-0.119044
0.956794
0.590854
0.259052
-0.351204
-0.286470
0.661141
0.019170
-0.215433
0.023079
-0.279744
-0.237033
0.168472
-0.763542
-0.218391
0.061271
-0.165510
0.960725
0.268099
0.142370
0.012373
0.386466
-0.106178
-0.527159
-0.227462
-0.122652
0.332924
0.896912
-0.278132
0.655595
0.616773
-0.399587
-1.214121
0.552759
-0.025858
-0.326696
-0.460089
-0.530265
-0.240384
1.121359
-1.081882
0.310982
0.087733
-1.037981
-0.534661
-0.724142
-0.307798
0.515745
-0.519369
-0.195840
-0.442591
-0.108955
-1.147864
0.722135
0.955851
-0.318884
0.014626
0.159531
-0.602635
1.037542
-0.389970
0.414450
-0.972218
-0.694110
0.001775
-0.476591
-0.250999
-0.678177
-0.099285
0.600010
0.586396
-0.255374
0.453229
0.530397
0.774222
0.485716
-0.299354
1.232324
0.103450
0.683942
0.665589
-0.369245
0.150725
-1.089374
0.330401
-0.151621
1.098445
-0.320038
-0.212386
-0.037992
-0.871466
-0.543765
0.770485
-0.121395
-0.369839
1.209307
-0.320062
-0.419083
-0.000233
-0.594544
0.068513
-0.287333
-0.199413
-0.477635
0.782569
0.865783
0.541804
0.001139
-0.934231
-0.557193
0.459034
0.219503
-0.784345
-0.436268
-0.247710
1.191589
0.449938
-0.052127
-0.450275
0.476940
0.363183
0.470964
-0.824095
-0.411973
-0.201366
-0.618709
0.035829
-0.496296
-0.398936
0.136639
0.026624
-0.261162
0.302453
0.022663
-0.423198
0.022522
1.205945
0.017880
-0.042695
0.804082
0.072114
-0.064282
-0.311310
0.144728
0.078627
-0.652237
-0.010339
0.953366
-0.570605
-0.719319
0.523807
0.044925
-0.977739
-0.073971
0.289827
0.471115
-0.304227
0.119180
0.703809
-0.157367
-0.661844
0.004334
-0.269502
-0.024022
1.513061
-0.752131
-0.316217
0.161775
0.277685
0.741103
1.083120
0.071664
-0.133912
0.217317
-0.088254
0.047006
0.567099
-0.185886
0.324466
-0.006648
0.014125
0.832092
1.290799
-0.162417
-0.476137
-1.055421
-0.265082
-0.627070
-0.777509
-0.067407
-0.350832
-1.202766
0.119395
0.388596
0.030767
0.326108
-0.835491
0.474128
0.111010
-0.819301
0.737053
-0.491382
1.034562
-0.084816
0.276638
1.081256
-0.005758
-0.119193
0.338325
-0.484181
-0.141893
0.486865
0.297800
0.832375
0.438800
0.019463
0.961988
-1.304617
-0.656446
-0.032760
-0.189376
-0.736118
0.255537
-0.220841
1.123121
0.232103
0.049469
0.249666
-0.387858
0.322453
-1.214831
0.647434
0.360257
-0.741395
0.893602
-0.063821
-0.467120
-0.128490
-1.650065
-0.281791
0.234708
0.453553
0.273971
-1.003076
0.406372
0.454942
0.009812
0.356386
-0.119290
0.099664
0.268178
-0.523267
-0.604435
-0.399246
-1.448219
-0.054519
0.452522
0.428831
-0.666875
0.350632
-0.243870
0.166565
0.683058
-0.009600
0.395551
0.489780
0.054639
-1.106020
0.175251
0.208813
-0.638880
0.577514
0.241257
0.039019
-1.144386
0.187954
-0.965526
-1.362261
-0.200554
-0.220082
0.061661
0.378024
-0.225497
0.761211
1.018783
0.266752
0.210664
0.144917
-0.060037
-0.102089
-0.162576
-0.297194
-0.512424
-0.057560
0.382848
0.177260
0.190891
0.946883
0.378226
-0.459168
-0.208950
-0.473581
0.307008
0.970684
-0.057773
-0.168767
-0.038375
0.570240
0.593680
0.560821
0.828273
0.649684
-0.669230
0.213903
-0.022624
-0.139395
0.185192
-0.082485
0.707443
0.203104
-0.597653
-0.002529
0.286253
-0.432965
-0.381736
0.811636
-1.129288
0.876107
0.858330
0.558609
0.900931
0.780120
-0.073477
-0.004727
-0.306981
0.038979
0.108160
0.187535
-0.813384
-0.596545
0.912517
-0.442677
-1.577769
0.726883
0.323703
0.166153
0.186090
0.033705
0.592624
-0.726254
0.082306
-0.579524
0.406409
-0.068680
0.230240
0.161882
-0.838551
0.349638
0.256224
-0.913348
0.897866
-1.448981
-0.019125
0.036132
-0.827672
-0.188201
0.204328
1.030424
-1.521845
0.572174
0.277274
-0.091068
0.064710
-0.326279
0.452394
0.645713
-0.589391
0.079705
0.483127
0.588720
0.353832
-0.426758
0.232202
-0.099855
-0.353095
0.643705
0.251238
0.223132
-0.067523
-0.032600
-0.414115
0.022815
0.567980
-0.242904
-0.160976
0.143499
-0.750096
-0.761553
0.022608
0.344163
0.016866
-1.016599
-0.337960
-0.207819
0.484231
-0.282492
-0.489682
-2.217032
-0.259170
-0.771689
-0.316676
0.198903
-0.044609
-0.403028
0.041708
-0.518077
1.125231
-0.091933
-0.225247
1.275874
0.523376
-0.217108
-0.057772
0.193866
-0.556600
0.078575
-0.526808
-1.452436
-0.058799
0.975950
-0.163450
-0.399441
0.202577
1.363587
0.774397
0.098384
0.532902
-0.583792
0.703224
0.579374
-1.154237
0.274181
-0.368318
0.287242
0.415607
-0.013135
-0.310783
0.017483
-0.206265
-0.194056
-0.526880
0.197286
-0.464621
0.665024
-0.976700
-0.369580
-0.767009
0.536635
-0.241388
-0.592322
0.536305
0.699811
1.023610
-0.131736
-0.135943
0.024900
-0.206309
0.754174
0.260928
0.395749
1.284433
0.222022
1.125173
-1.159834
-0.524469
-0.169390
0.601274
-0.285127
-0.386137
0.767363
-0.108296
-0.352501
0.175108
-0.370235
-0.522847
0.687080
0.451360
0.145718
-0.044176
-0.460734
-0.457873
-0.197201
-0.560673
0.065666
-0.742321
0.919933
0.162571
0.908354
-0.629872
0.235428
-0.121588
-0.051656
0.161359
-0.107999
-0.347991
-0.101304
-0.226567
-0.685319
-0.622230
0.463509
0.503671
0.173040
0.371490
-0.313219
-0.083170
-0.005169
0.070271
0.002337
-0.437588
-0.439257
-0.552882
0.280360
-0.870137
0.776335
-0.606504
0.388292
0.725625
0.201987
0.276553
-0.466089
-1.330090
-0.158294
-0.845058
0.229504
0.462813
0.314957
-0.598765
-0.366841
-0.244490
-0.006705
0.230941
-0.326033
-0.740928
0.123533
0.850928
0.053387
-0.402114
-0.856858
0.049580
0.336990
-0.512839
0.251300
0.573562
-1.476341
0.034340
-0.043435
-0.265079
-0.546955
-0.159112
-0.865741
0.040080
-0.029520
0.508381
-0.065162
-0.992101
-0.148149
-0.760273
0.188486
1.045267
0.070290
-0.021606
0.442901
0.079630
-0.431046
-0.344181
-0.035345
0.409957
-0.961468
-0.887814
-0.408869
-0.398207
0.134631
0.396441
0.117490
-0.420745
0.946172
0.843060
0.063009
0.239007
-0.406241
-0.315691
-1.137312
0.158810
0.119424
0.684648
0.108175
-0.280488
-0.192535
0.100239
0.176368
0.443276
0.065568
-0.459041
0.448937
-0.633808
0.103567
-0.292006
1.034774
0.006272
1.145216
-1.184020
-0.519482
0.668605
0.981581
-0.042985
-0.468749
0.086709
-0.536649
0.165740
-0.231338
-0.540532
0.386967
-0.047897
-0.973429
0.296261
-0.089133
-0.215787
0.275922
0.006393
-0.041972
0.219651
0.280053
-0.428829
-0.192107
-0.143373
0.343662
-0.431812
-0.118168
0.756846
-0.001923
1.048954
0.876092
1.107810
-0.048890
0.167536
0.001923
-0.556427
-0.727305
-0.635645
-0.609024
0.082686
0.271034
0.748983
-0.096754
-2.037657
