-0.231949
-0.319697
0.876513
-0.017157
0.552129
1.138714
-0.485236
0.627303
0.051689
1.003602
-0.220689
-0.396591
-1.274430
-0.104635
0.693646
-0.164292
-0.583705
0.166634
0.434058
-0.314636
-0.139538
0.301302
0.147445
0.722565
0.320247
0.652495
1.219875
0.232863
0.986500
-0.739822
-0.240883
-0.290571
-0.862752
-0.544580
0.214849
0.298006
-0.118801
0.857988
0.184323
0.419855
-0.091374
0.694322
-0.050915
0.213507
0.036731
0.479920
0.422883
-0.289057
0.644573
0.198568
-0.062849
-0.699310
-0.249048
0.913941
-0.450641
0.086678
-0.144707
0.442406
-0.732163
0.009505
-0.722285
-0.863895
-0.056060
-0.453369
0.213873
0.836679
-0.121305
0.058215
-0.332826
0.714906
-0.890740
-0.415708
0.278618
0.378960
-0.489852
0.131966
-1.064636
-0.783951
0.834582
0.523154
0.678547
-0.156564
-0.892354
-0.519007
0.261010
0.338370
-0.451573
-0.164466
1.349756
0.960505
0.239396
-1.123986
0.321527
-0.703853
0.106685
0.582762
0.655015
0.834866
-0.082064
0.074294
0.469713
1.222227
0.049969
-0.799827
0.089554
0.418468
-0.044856
0.351949
1.596701
0.679140
-0.899568
0.400340
-0.566055
0.144223
0.831926
0.443489
0.008472
-0.476703
0.043756
0.837787
-0.260536
-0.756133
-0.019849
-0.480557
0.301679
-0.318207
0.055985
-0.001382
0.048860
-0.240428
0.851484
0.297196
0.255483
-0.025561
-0.206111
-0.495885
-0.291074
-0.068317
-0.171133
0.846276
0.552851
-0.408383
0.732310
0.737557
-0.410212
-0.947932
0.761174
0.027484
-0.138051
-0.515374
-0.600959
-0.049569
0.448053
-1.157918
0.369206
0.341185
-1.248335
-0.697122
-0.461320
-0.043612
0.236044
-0.643142
-0.000163
-0.202950
0.027496
-1.223837
0.973063
0.481695
-0.069360
-0.019323
-0.027817
-0.791933
1.390363
-0.505404
0.149445
-0.130333
-0.470269
0.758448
-0.863753
-0.217882
-0.637734
-0.086406
0.549019
0.483676
-0.555698
0.479763
0.444987
0.509382
0.356562
-0.457345
0.863879
-0.388896
1.558802
0.158372
-0.209259
0.208084
-1.194213
-0.302743
0.179772
1.220026
-0.124560
-0.055379
0.087523
-1.210623
-0.180360
0.708563
-0.530335
-0.241594
0.410834
-0.769721
-0.293642
-0.417022
-0.521145
-0.000691
-0.763262
-0.201766
-0.434594
0.921865
1.145325
0.042836
0.226618
-1.153448
-0.311750
0.131761
-0.050589
-0.832447
0.088617
-0.664063
1.108981
0.403971
-0.319398
-0.759849
0.387076
0.167878
0.466750
-0.869540
-0.469824
-0.606592
-0.826197
0.317705
-0.071077
-0.071427
0.301222
-0.113459
0.163865
-0.505683
-0.005590
-0.373753
0.404872
1.960648
-0.479541
0.327500
0.994221
-0.103159
0.127555
-0.377132
0.020943
0.183104
-1.261068
0.013348
1.431197
-0.846491
-0.686764
0.196344
0.523785
-0.907916
0.426779
0.586507
0.169575
-0.225864
-0.354477
0.839441
-0.319510
-0.623397
-0.407073
-0.439185
0.398314
1.220601
-0.825991
-0.021200
0.063217
0.365293
0.530614
1.309776
0.186839
-0.500050
0.505827
0.219709
-0.082232
1.013954
-0.237650
0.948557
0.019038
0.125848
0.678489
1.634984
0.097993
-0.948059
-0.988643
0.482082
-0.848012
0.131307
0.431082
0.124419
-1.095209
0.191259
0.478904
0.352586
0.480527
-0.741975
0.693272
0.335569
-0.622539
0.521310
-0.455489
0.751434
0.218270
0.373955
0.398414
0.005098
-0.863031
-0.996126
-0.385376
0.219168
0.706049
0.911271
0.694256
1.013253
0.023746
0.642332
-0.661484
-0.603246
0.068135
-0.151982
-0.613436
0.108795
-0.288378
0.656771
0.437154
0.650339
-0.081091
-0.614673
0.450286
-1.299613
0.175395
0.826657
-1.078255
0.646804
-0.418361
-0.275272
-0.112014
-1.221034
-0.119049
0.389300
0.175461
0.640678
-1.036974
0.578363
0.603504
-0.113930
0.997838
-0.662527
0.070326
0.606240
-0.491273
-0.163065
-0.243049
-1.128427
0.353182
0.624055
-0.243783
-0.290145
0.339339
-0.355303
-0.314418
0.957632
-0.492741
-0.151418
0.167146
0.006473
-0.870599
0.562873
0.470335
-0.416927
0.784652
0.197846
-0.195021
-1.111357
0.034706
-0.915429
-1.209277
0.088316
-0.980211
0.124514
0.200606
-0.017089
0.884475
0.499772
0.417170
0.125163
0.491920
0.591205
-0.797380
-0.404230
-0.044196
-0.115711
-0.409880
0.063710
0.504480
-0.244821
0.642866
0.607267
0.093456
-0.704515
-0.472424
0.943727
1.299513
-0.547228
0.184136
-0.370754
0.569278
0.765270
0.058866
0.947606
0.661057
-1.096023
0.678775
-0.180894
0.065607
-0.472532
0.404891
0.700180
0.471528
-1.099095
0.033892
0.796888
-0.623691
-0.085134
0.270745
-1.231908
0.697452
0.807386
0.787958
0.621805
0.359090
-0.600469
-0.049698
-0.793785
0.218010
-0.006971
-0.170705
-0.699577
-0.993710
0.588601
-0.025076
-1.310655
0.656997
0.244332
0.302520
0.144696
0.000476
0.817612
-0.956037
0.444416
-1.106734
0.460731
0.065693
-0.467631
-0.124273
-0.548055
0.206156
0.033933
-1.162644
-0.137289
-1.626516
-0.142443
0.049618
-1.612239
0.039959
-0.546950
1.037728
-0.714839
-0.385472
0.906918
-0.272977
0.240060
0.027455
0.197528
1.200257
-0.737004
-0.005432
-0.290937
0.460800
0.741172
0.040162
0.337707
0.298145
-0.717363
0.568436
0.375268
0.629045
-0.054489
0.321836
0.359720
0.327433
0.418636
-0.274947
0.479804
-0.011509
-0.303961
-0.872289
0.278476
-0.149893
0.175079
-1.557642
-0.189728
-0.360786
0.792173
-0.417815
-0.609661
-2.126587
-0.256816
-0.820693
-0.864794
-0.229463
-0.248231
-0.422429
-0.019235
-0.830884
1.284485
0.057867
-0.887300
1.715850
0.347339
-0.150214
0.285913
-0.006156
-0.597579
0.687533
-1.163363
-1.886547
0.419312
1.166351
-0.476139
-0.640624
0.419469
0.850555
0.161543
0.564858
0.551876
-0.630494
0.723669
0.396050
-0.894804
0.632823
-0.383488
0.478453
0.372865
0.317989
0.067415
0.367946
0.387368
0.199795
-0.890897
0.508515
-0.312062
0.401317
-0.342285
-0.464341
-0.929587
0.449305
-0.531936
-0.102912
0.077979
0.970065
1.226321
0.052232
-0.202322
0.123188
-0.055742
0.062450
0.728847
-0.167485
1.563064
-0.116281
-0.017129
-1.301931
-0.741195
-1.124257
-0.120932
-0.403028
-0.185519
0.416285
-0.536035
-0.582955
-0.579458
-0.185456
-0.453559
0.781342
0.776744
0.143696
-0.019658
0.272082
-1.075950
-0.157480
0.079670
-0.191526
-0.576925
0.918740
0.190609
0.622057
-0.622069
-0.128250
-0.257125
0.122470
-0.261623
0.239222
-0.084137
-0.439253
-0.487469
-0.834661
-0.462742
0.368525
0.804476
-0.213956
0.558056
-0.175412
0.212696
-0.356958
0.140976
-0.192927
-0.851979
-0.317692
-0.637714
0.238639
-0.195900
0.303479
-0.149967
0.841799
0.766383
0.087725
-0.343600
-0.773289
-1.010407
-0.382605
-1.248685
0.406057
0.359561
0.175361
-0.559320
-0.627389
-0.016810
-0.267602
0.519349
-0.135629
-0.192327
0.280736
0.750705
0.148980
-0.725392
-0.588807
0.245623
-0.175068
-0.158928
0.664192
0.076103
-1.795055
-0.227552
0.456908
-0.098919
-0.024620
-0.006287
-0.304760
-0.013293
-0.528198
-0.214311
0.033143
-1.157117
-0.226178
-1.148827
0.304646
1.104091
-0.173047
-0.212268
0.608739
-0.369567
-0.461553
-0.026922
-0.382953
0.335650
-1.199310
-1.093525
-0.113005
-0.614591
-0.210262
0.634462
0.196618
-0.158140
0.951686
0.481264
0.032766
0.334223
0.110556
-0.309496
-1.059500
0.176608
0.129260
0.320195
-0.060224
-0.170676
-0.232232
-0.510506
-0.132295
1.051042
0.490038
-0.412460
-0.122160
-0.952812
0.619626
-0.417597
1.110824
0.847812
0.651309
-0.604672
-0.860782
0.332103
0.277124
0.079753
0.217894
0.238851
-0.368540
0.452814
-0.201839
-0.428558
0.203396
-0.260797
-0.934386
0.293938
-0.081093
0.308733
0.409339
-0.214632
0.108414
0.781291
0.202502
-1.195858
0.356881
-0.305881
0.245242
-0.721651
0.227839
0.901531
-0.328266
1.003647
0.356416
0.462278
-0.051812
0.622968
0.175559
-0.442202
-0.729597
-0.186686
-0.618312
0.197621
0.356248
1.066205
-0.274935
-2.064989
