-1.070398
0.119743
0.944756
-0.081852
0.791782
1.110430
0.007526
0.516076
-0.636465
1.069395
-0.349311
-0.021185
-1.075797
0.117221
0.815028
0.360283
-0.860295
0.239885
-0.126408
0.104203
-0.571541
-0.157079
-0.123340
0.758648
0.110384
0.217061
0.961276
-0.144381
1.493933
-0.967270
-0.417948
-0.733037
-0.596228
-0.672825
0.422441
0.572579
-0.659793
1.394024
0.013395
0.358738
0.356186
0.440134
-0.182600
0.053929
0.300776
0.494376
0.861995
-0.378761
0.879298
-0.225896
-0.392100
-0.434205
0.045227
0.591469
-0.243421
0.783942
-0.227304
0.318231
-0.802186
-0.478422
-0.454299
-0.545156
-0.060211
-0.269786
-0.135540
0.599317
-0.075044
0.522949
-0.216542
0.397887
-0.686224
-0.178316
0.471063
0.671410
-0.236033
0.749004
-1.157532
-0.728282
1.138539
0.383072
0.695369
0.223715
-1.227044
-0.046943
0.353828
0.277631
0.294212
0.063627
1.526606
0.619952
-0.065006
-0.809414
0.209889
-0.095551
-0.460284
0.746143
0.218265
0.226695
-0.279669
0.198436
1.516034
1.329621
-0.018510
-0.566118
-0.044119
0.311966
0.035323
0.290459
1.792862
0.729677
-0.924863
0.960390
-0.738709
0.310615
0.975812
0.391231
0.078059
-0.575323
0.108620
0.536964
-0.114658
-0.425319
-0.049591
-0.576261
0.386934
-0.022820
0.557167
-0.433034
-0.282735
-0.143062
1.086147
-0.133988
0.572720
-0.051398
0.439565
-0.102282
-0.103952
-0.005828
0.019860
0.718688
0.561764
-0.396974
0.480656
0.507297
-0.350175
-0.844127
0.425523
0.026242
-0.079232
-0.414834
-0.442605
0.092244
0.628379
-1.141353
0.611258
-0.337648
-1.612930
-0.744762
-0.898400
-0.118408
-0.069560
-0.123705
-0.317390
-0.394105
-0.069834
-1.606773
0.627524
0.471147
-0.383850
0.086501
0.355825
-0.877714
1.192418
-0.575971
0.436336
-0.984218
-0.278248
0.380698
-1.234232
0.102960
-0.874853
0.232904
0.494338
0.781517
-0.511403
0.111603
0.775591
0.981235
0.591174
-0.198497
1.130647
-0.507966
1.603953
0.076917
0.020256
0.449406
-0.785542
0.238248
-0.214827
1.209985
-0.715850
-0.070097
-0.217710
-0.909596
-0.616536
0.410515
0.088240
-0.812220
0.641141
-1.247190
-0.375516
-0.573464
-0.455106
-0.042961
-0.510786
0.247697
-0.869785
0.789821
1.252886
-0.078394
0.493630
-1.272226
-0.169671
-0.069656
0.350224
-0.120327
-0.090513
-0.290278
1.627058
0.397934
-0.450001
-1.139775
0.048096
0.247274
0.265390
-0.217045
-0.625179
-0.842007
-1.407763
0.230328
-0.394043
0.085427
0.007325
-0.394264
0.597741
-0.238863
0.540462
0.014353
0.424697
1.327776
-0.819876
0.163649
0.987404
-0.282535
0.017197
-0.111110
-0.308731
0.522450
-0.781630
0.021674
1.083204
-1.124832
-0.521136
0.559176
0.589696
-1.336268
0.180425
0.451497
0.636527
-0.125740
-0.210807
1.157135
-0.723060
-0.706500
-0.790296
-0.219289
0.333943
1.024751
-0.838295
-0.021415
0.015465
1.049190
0.568784
1.275382
0.116111
-0.035399
0.312099
-0.724424
-0.278820
0.722687
-0.190362
0.536010
0.028324
-0.679941
0.561158
0.889738
0.231869
-0.362663
-0.893016
-0.022831
-0.948787
-0.059569
0.480420
0.229514
-0.895549
0.169037
0.405592
0.584010
0.330338
-0.354405
0.761858
0.573208
-0.387730
0.864399
-0.106058
1.093621
-0.168081
0.180177
0.885882
0.017950
-0.676380
-0.812424
0.057562
0.099774
0.899355
0.808432
0.363405
1.437642
0.048590
0.371947
-0.755289
-0.852344
-0.552448
-0.285311
-0.948998
-0.172654
-0.564930
0.029511
0.345358
0.501632
-0.030792
-0.575474
0.510262
-1.507891
0.345409
0.456723
-1.047416
1.131869
-0.815335
-0.294744
0.188834
-1.737356
-0.275167
0.035339
-0.162618
0.901387
-1.402590
1.013528
0.183704
0.464124
0.577300
-0.592068
-0.070599
0.170404
-0.372975
-0.572421
-0.484424
-0.304893
0.404185
0.662369
-0.087860
-0.133707
0.040947
-0.611328
0.014062
0.506379
-0.329452
0.260831
-0.307760
0.686756
-0.464373
-0.127808
0.514684
-0.816791
0.362138
0.141809
0.281302
-0.922617
0.171956
-0.765041
-0.785156
-0.234355
-1.105415
0.356776
0.131391
-0.242289
0.805700
0.428617
0.501664
0.147975
0.987651
0.480267
-0.913769
-0.167463
0.272004
-0.342121
-0.369390
0.562514
0.430429
-0.194103
1.008383
0.857110
-0.096296
-0.615273
-0.331228
0.779640
1.002873
-0.326817
0.378160
-0.294576
1.065477
0.665342
0.553050
0.680862
0.907077
-0.615031
0.565608
-0.180327
0.268242
-0.566272
0.814292
0.678483
0.876780
-0.636182
0.049147
0.758730
-0.574544
-0.260771
-0.253044
-1.327492
0.299232
0.979847
0.243599
1.095481
0.035003
-0.603878
-0.038662
-0.778910
0.794393
0.258895
-0.376555
-0.471661
-0.541931
0.357880
-0.248904
-1.121756
0.527251
0.259029
0.679946
0.447954
-0.154974
0.409901
-0.606897
0.037326
-0.435356
-0.027476
-0.078616
-0.398756
0.349789
-0.908581
0.282888
0.423962
-1.265179
0.269600
-1.239985
-0.188088
0.512682
-1.465822
-0.453384
-0.589067
0.698623
-0.753318
0.112653
0.624951
-0.173465
0.334734
-0.448625
0.560282
1.542524
-0.682414
0.047266
-0.276413
0.752640
0.091219
0.400429
0.212993
-0.067292
-0.875294
0.452256
0.579283
0.379400
0.262280
0.055302
0.374350
0.216320
0.426971
0.000354
0.251227
0.207468
-0.377235
-1.153902
0.692955
-0.521863
-0.344525
-0.955258
-0.361466
0.429698
1.269884
-0.472467
-0.049789
-2.270973
-0.359314
-0.484213
-1.115832
-0.270968
-0.670549
-0.438290
0.461752
-0.647890
1.249211
0.127033
-1.181713
1.719897
0.620813
-1.368758
-0.271231
0.000047
-0.459341
0.521558
-0.387346
-2.229796
0.188007
0.840593
-0.432793
-0.419744
0.056431
0.592270
0.420470
0.149258
0.656699
-0.844975
1.458487
0.509438
-1.174340
-0.094520
-0.560242
0.265572
0.532060
0.377822
-0.052016
0.145767
0.252103
0.122086
-0.809777
0.343958
-0.227921
0.166850
-0.250627
-0.849675
-1.194222
0.211101
-0.612954
0.276773
-0.298496
0.562781
0.980629
-0.418808
-0.421350
0.253622
0.055934
0.072754
0.722253
0.104480
1.260281
-0.003618
-0.037632
-1.337457
-0.315167
-0.631258
0.215785
-0.955154
-1.050778
0.380063
-0.512186
-0.807997
-0.586354
-0.374918
-0.371156
0.509834
0.243924
0.081064
0.475491
0.216878
-1.130187
-0.145288
0.027401
0.005299
-0.369178
0.667482
0.392881
0.703326
-0.713749
0.028084
-0.123297
-0.090784
-0.079130
0.269408
-0.229284
0.001056
0.130578
-0.674115
-0.303579
-0.467539
0.677866
0.339432
0.305692
-0.217920
0.195436
-0.026600
0.274579
0.551492
-0.873598
-0.694139
-0.467001
-0.420313
-0.081341
0.372202
-0.461331
0.602219
0.233156
-0.025437
-0.203044
-0.880420
-1.902329
0.159453
-1.139370
0.587235
0.507815
0.431857
-0.258415
-0.859416
-0.023267
-0.044944
0.461929
-0.297957
-0.179657
0.487983
0.908337
0.789830
-0.728287
-0.818642
0.333288
-0.424637
-0.458712
-0.028286
0.244851
-1.391695
0.220808
0.356674
0.018845
0.162745
-0.108377
-0.580790
-0.046891
-0.684738
-0.785000
-0.085026
-1.418024
-0.235558
-0.966924
0.275924
1.267098
-0.099761
-0.098415
0.750699
-0.434489
-0.383005
0.097898
-0.977087
0.862765
-1.506280
-0.786861
-0.184122
-0.528216
-0.404805
0.945659
0.228728
-0.508999
0.420463
0.637469
0.046070
0.069281
0.448899
-0.405971
-0.862201
0.238885
0.699279
0.284328
-0.469291
-0.467440
0.027046
-0.478206
0.113944
0.392940
0.197400
-0.421568
-0.239278
-0.891174
1.029354
-0.238098
0.631080
0.753926
1.225088
-0.420541
-0.481217
0.679096
0.568613
0.330135
0.029786
0.579985
-0.221262
0.750943
-0.042178
-0.908235
0.177202
-0.016934
-0.520249
-0.222529
0.051132
0.131747
0.645017
-1.112989
0.144037
0.273743
-0.146598
-1.479883
0.268921
-0.542815
0.207886
-0.555832
0.006842
0.769968
-0.253320
0.021463
0.398661
0.464401
0.267879
0.293393
-0.177814
-0.499534
-0.524107
0.049251
-0.291782
-0.089751
0.427611
0.751109
0.168615
-2.200908
