-0.332942
-1.526514
0.037459
0.957774
0.249908
-1.013459
-0.063011
0.147770
-0.959936
-0.095986
0.598314
-0.379663
-0.349475
-0.382322
-0.824535
1.826766
0.748459
-0.879012
0.364121
-0.437053
0.028909
1.591139
-0.562233
-0.010522
0.137426
0.085158
0.029213
-0.315276
-1.651305
-0.151748
-0.826621
-0.695176
-0.039150
0.882511
0.171460
-0.692015
-0.047200
-0.261417
0.515260
-1.234403
-1.038227
0.784684
-0.264799
0.429687
-1.370742
1.579190
-1.171992
-0.025640
-1.550066
-0.409419
0.590130
0.597790
0.435592
-1.393853
-1.323975
0.996094
-0.350363
0.222615
-0.340326
0.131370
0.704018
0.989088
-0.165073
-0.048879
-0.193558
-1.204761
0.225634
0.980680
-0.518416
-1.290043
-0.081023
-1.828001
-2.193046
0.322429
0.372928
-0.821503
0.367144
1.060638
0.513853
0.488658
-0.499062
0.207991
-0.491893
0.050534
-0.261544
-0.599198
-0.430803
0.846490
0.709529
0.049395
0.063351
0.353853
-0.626379
-0.687718
-0.043247
-1.366332
0.845123
-0.559691
1.405328
-1.434534
0.529905
0.422072
-0.269243
-0.830002
1.416581
-0.424104
0.194619
-0.457001
-0.600513
0.125111
0.467177
0.537354
-0.111090
0.169173
1.400681
0.155719
-1.108569
-0.688747
0.830465
0.275947
-0.310765
-0.835995
-0.148820
1.337461
0.261842
0.671784
0.188130
-0.756330
-0.099376
0.939589
0.120074
0.045249
-0.142557
-0.142096
-1.206190
-0.479811
-0.395583
0.847256
-0.020068
1.117610
-0.378488
-0.518383
0.879107
-2.477832
-1.264891
-0.464491
-0.317848
0.135598
-0.590107
0.537891
0.673750
0.440302
-0.619796
0.095125
-0.642535
-0.239999
-0.231988
0.418142
0.230703
0.100351
-0.454112
1.599850
0.467636
-0.734270
-0.760525
0.469803
1.243542
-0.243211
0.323788
0.043155
-0.100812
-1.073186
0.449731
1.406392
0.106900
0.315131
0.316224
0.899116
-0.485409
-0.792310
-0.095923
-0.771564
-0.493013
-0.610715
-1.218943
0.169650
0.809933
0.919093
-1.051110
-0.614045
-1.552904
0.664241
-0.821852
0.601543
0.021380
-0.552460
-0.872054
-0.677681
0.117360
1.545126
0.393983
0.202078
0.326613
0.100814
-1.248222
0.091352
-0.386892
0.101164
0.435151
-0.405844
0.651586
0.583530
1.513633
0.578462
-0.177458
-2.130876
0.658773
-0.453416
-1.093517
0.719391
-0.403115
0.008738
-0.202955
-0.073263
0.710281
0.280148
0.213187
-0.238006
-0.432750
-0.643375
-0.122446
1.601522
0.731096
-0.900946
0.227792
-0.530671
1.015854
-0.292675
-0.861756
0.680360
0.476003
1.451097
0.500714
-0.248863
1.809128
0.218383
0.353122
0.173268
-0.704170
1.474791
-0.960311
-0.832501
-0.743880
0.699750
-0.861855
-0.099757
0.152599
0.749362
0.238921
0.079273
0.935801
0.136783
-1.005293
0.012160
-1.269515
0.608112
0.130653
0.085220
-0.154870
-0.273749
-1.604967
-0.873844
-0.404909
0.200520
-0.593038
0.419127
-0.535778
-0.563840
-0.101745
0.984513
0.327220
-0.609523
-0.254586
-0.796615
-0.329972
-0.120007
-0.843131
0.740474
-0.104010
-0.282251
0.511282
-0.328060
0.178168
-0.386335
0.309138
0.063673
0.159284
-0.379633
-0.250519
-0.986582
0.082861
0.451070
0.211061
-0.648998
0.267165
0.974961
0.584678
-0.506460
0.349960
0.444964
0.959753
0.559108
-0.548341
0.463026
-0.410665
0.155802
-0.877882
0.180154
0.963804
0.081488
0.328752
-0.144959
0.195170
0.579376
-0.195212
-0.089904
-0.947573
-0.165853
0.168969
0.431778
0.141966
0.138030
0.438757
-1.777766
0.649122
0.146390
0.522961
0.259432
-0.743198
0.297521
-0.884799
0.814206
-0.479197
0.237265
-0.215081
-0.102656
0.587974
0.504659
-0.237197
0.865732
0.038091
0.818641
-0.032454
0.800009
0.842572
-0.509999
-1.010169
-0.182007
-0.340157
-0.070356
0.069174
-0.997347
0.151428
-0.692456
1.365536
1.410218
-0.169108
0.895114
0.746111
-0.282894
0.719918
0.506734
-1.191327
-0.284165
0.831784
1.151173
-0.104779
0.167136
-0.001809
0.437199
1.201732
0.201641
0.119765
0.636137
-0.542081
-0.727810
0.274152
0.168722
-0.083377
-0.597441
-0.449166
-0.386966
-0.043926
-0.041069
-0.476450
-0.586036
1.053786
-0.874036
0.235516
-1.110305
-0.434840
0.066751
1.252616
-0.540092
-0.339412
0.108377
-0.397581
-0.867092
-0.166127
0.013078
0.936743
0.204384
-0.789998
0.406566
0.473116
-0.070672
0.088622
1.051426
0.334353
-0.343272
0.038624
-0.115272
0.825842
0.503302
0.840021
-0.038241
0.436365
0.402244
0.669600
0.006879
-1.366227
0.322868
0.736421
0.373914
0.126750
0.048457
-0.230371
-1.047673
0.858535
0.305931
0.934351
-0.044536
-1.081510
0.142468
-1.020607
1.030426
1.080132
-0.237850
-0.464887
0.080610
-0.079066
-0.514373
-0.293770
0.733754
0.836068
0.145584
0.338162
0.009107
0.766775
-0.123968
-0.406590
1.100887
-0.220879
-0.338301
0.210674
-0.796297
0.458380
-0.651100
-0.633782
1.088867
0.656267
-0.041449
0.074248
0.957284
0.379463
-0.241249
-0.292348
-0.011506
0.422722
1.802264
-0.678149
0.025166
0.215953
0.480618
-1.501446
0.233676
-0.220947
-0.817982
-0.019986
-1.534530
-1.757682
0.730765
-1.722635
0.520620
0.103907
-0.637097
1.380006
-0.422132
0.351925
-0.122485
-0.652318
0.568492
-0.397266
1.450343
-0.031496
0.475634
0.795392
-0.369952
-0.730111
-0.148159
0.640793
1.158569
-1.081024
1.409046
-0.459496
-0.064372
1.951945
-0.570465
0.751641
-0.092207
-0.822977
0.322756
-1.101114
-0.459658
-0.142587
0.102819
0.794120
-0.280299
0.325715
0.562346
-0.890430
-0.037566
-0.069807
-0.821223
0.745065
0.129841
-0.127303
0.177078
0.133602
-0.944367
-0.434381
0.057408
-0.087171
-0.767536
0.020581
-0.271112
0.370912
0.961630
-0.065837
-1.323037
0.000501
-0.720929
-0.497916
-1.216033
-0.668428
-1.391242
0.371353
-0.025275
0.000669
-0.288056
0.552091
-0.384415
-1.467751
0.873357
-0.832471
0.060942
0.560953
-1.010227
-0.005639
1.111418
0.500296
2.065767
-0.264560
0.337772
-0.053967
0.830529
0.507826
1.292664
-0.298424
0.063185
0.949069
-0.183845
-0.677082
0.380889
1.573207
0.137668
0.314801
-0.050098
0.936972
0.597646
-0.081990
0.592455
0.675811
0.532786
0.470891
0.116697
-0.270706
0.714398
0.654822
-0.831715
0.327434
-0.675875
-0.281809
0.028980
0.903498
1.401506
-0.068277
-0.260966
0.218536
-0.072745
0.458886
-0.285060
-0.531402
1.241974
0.346494
0.030466
-1.578182
0.604752
0.172273
0.195569
-1.066636
0.639388
1.580919
-0.288297
0.020449
0.838544
-0.897988
-0.225640
0.649264
1.359210
-1.130690
0.145646
-0.933927
-0.708548
-0.306354
-0.155694
0.189518
0.029249
-0.781055
0.207918
-0.581843
-0.429178
0.467946
0.510634
1.015442
0.408479
-0.275219
-0.308567
0.592834
0.246132
0.311892
0.102272
-0.097416
-0.713177
-0.420618
-0.547432
1.072953
-0.621388
-0.844859
-0.321924
-0.975403
0.605621
1.211540
0.357982
0.371918
-0.304999
-0.771499
-0.249917
0.500316
-0.135695
0.157085
0.367865
-0.118217
-0.149779
-0.314005
-1.440422
-0.932356
-0.217984
1.393882
-0.948560
-0.001638
-0.505825
0.395372
0.312432
-0.533798
-1.295271
-1.369940
-0.818993
-0.301070
-1.187592
0.878058
-0.655098
0.986473
-0.274134
0.506866
0.618374
0.612318
-0.538656
-0.386235
1.082426
-0.155113
1.937360
0.447816
1.001729
-0.370452
-0.316758
-0.126728
0.215868
-0.283271
0.861650
-0.270248
-0.608703
0.713403
-0.764748
-0.343643
-0.359674
-0.238155
0.312074
-0.453123
-0.474860
0.394787
-2.109107
0.193315
1.236271
0.491773
0.807951
0.912357
0.745784
0.612574
-0.091195
0.748115
0.302150
-0.900556
-0.530281
0.184884
-0.641091
1.210524
0.469250
-0.314146
-0.407648
-0.416616
-0.620182
-0.322783
-0.692339
0.446951
0.986595
-1.060115
-0.845212
-0.401073
1.208556
-0.539573
0.115358
-0.718403
-0.412902
0.568493
-0.576858
0.238662
-0.337605
0.664021
-0.067544
-1.394798
0.524839
0.304604
-0.048802
0.994434
-0.080394
-0.790306
-1.279529
