-0.432366
-0.295175
-0.225267
-0.230314
0.796105
-0.533258
0.227958
0.105996
-0.098225
-0.553958
0.530150
-0.327915
0.900615
-0.367836
0.630773
-0.066253
-0.634605
0.049265
-0.006947
0.521948
0.251762
0.766919
-0.142522
1.043008
1.260614
-0.585209
-0.275190
0.456527
0.258649
-0.070818
1.056519
-0.761494
0.157489
-0.891847
-0.531361
-0.893820
-0.609500
-0.113360
0.350642
0.600945
-0.226253
0.158310
1.145953
0.014781
1.444582
0.095016
0.043360
0.474336
-0.578003
-0.535570
-0.529775
-0.069570
0.154688
-0.311837
0.667160
0.312933
-1.155038
0.832974
-0.301829
0.352041
-0.129500
-0.142665
0.023775
-1.264948
0.330692
-0.760878
-0.379331
-0.675903
-0.459459
-0.222835
0.531490
0.058554
-0.893070
-0.229496
-0.374727
0.639328
-0.596386
0.589922
-0.928636
-0.199494
0.002733
-0.321913
-0.086620
-0.507587
0.448540
-0.352012
0.739182
-0.467857
-0.084973
-0.771545
0.103764
0.185386
-0.192774
0.136334
-0.402864
-1.327310
0.140183
0.256745
0.290391
0.378594
0.912891
0.247865
0.522101
-0.011734
-0.179028
-0.079465
0.470366
-0.034578
0.562130
0.338056
-0.057207
0.299919
0.298489
0.537909
0.068533
-0.164710
-0.114239
-0.747948
0.226880
-0.701482
0.217459
-0.091036
0.040450
1.455249
-0.593491
0.386006
-0.376826
-0.125825
-0.652744
-0.347905
0.156007
0.364515
-0.578305
0.021704
-0.372744
-0.829810
0.050032
-0.047372
0.083584
0.246170
-0.696766
-1.079896
-0.635093
0.565846
-0.247076
0.708686
0.039314
-0.036323
-0.215802
-0.624594
-0.977642
0.443368
0.274427
0.197400
0.217256
0.046426
-0.788703
-0.406124
-0.237433
0.999071
0.710406
0.572876
0.045860
-0.561381
-0.665392
0.258934
0.708481
0.531133
0.130791
0.081307
-0.694728
0.579606
-0.454123
-0.167815
-0.005507
-0.466065
0.025932
-0.132997
0.992119
-0.610726
-0.282659
-0.201659
-0.013861
-0.861030
-0.025984
-0.945673
-0.681476
-0.157570
0.564183
0.264271
0.282736
-0.171809
0.287141
0.229219
-0.369595
-0.251354
-1.260354
0.463669
-0.179061
0.040137
0.440028
0.485145
-0.161520
-0.134611
-0.987663
-0.008033
-0.270022
-1.367692
-0.858539
0.273091
0.335160
0.592580
0.958427
-0.217815
0.465294
0.041108
-0.234790
0.254749
0.196322
0.149511
-0.342913
-0.973859
-0.570628
0.146385
0.189045
0.141631
-0.184494
-0.754567
0.054639
-0.296375
-0.146664
0.561577
-0.091726
0.847197
0.301144
0.113137
-0.254882
1.420025
0.190167
-0.343502
-0.508938
-0.449291
-1.142527
0.047668
0.471055
0.961208
0.191728
0.471242
0.132228
-0.119226
0.141987
-0.357188
-0.318769
-0.757797
0.974913
-0.126945
0.160517
0.035204
-0.050510
-0.004738
0.950726
-0.220983
0.097512
-0.608775
0.305880
-0.074121
0.099529
-1.021954
0.648579
-0.073965
-0.342873
0.456154
0.000483
0.280033
-0.244420
0.479343
-0.440989
-0.374578
-0.416044
0.578006
0.831707
0.088505
0.051917
-0.430085
0.157694
0.437251
-0.879760
-0.687843
0.032405
0.110911
0.162150
-0.094501
-0.045033
-0.238612
0.137706
-0.227268
0.615886
0.980111
1.491040
-0.042178
0.066013
-0.434087
0.842124
0.612189
-0.918216
-0.183498
0.749548
0.255415
-0.137032
0.400715
-0.365135
-0.634083
-0.785510
-0.085888
-0.055160
0.743645
-0.049977
0.216682
-0.045242
-0.014504
-0.128573
0.070908
-0.567301
-0.087795
0.480788
0.389003
0.460953
-0.515336
0.000605
0.322417
-0.231274
-1.207580
-0.828158
0.199972
0.210209
0.109770
0.043224
0.039553
0.440027
-0.951967
-0.482357
-0.541077
0.521762
-0.003317
0.326855
-0.343416
-0.602932
0.096817
-0.686242
0.417654
-0.285559
-0.604885
0.101920
-0.706195
-0.076389
-0.693644
0.387869
-0.175292
0.009057
0.276815
-0.011258
-0.062200
-0.437302
0.798042
0.850030
-0.882035
-1.158042
-0.371373
-0.032874
0.257673
-1.218017
0.136366
0.899051
-0.474491
-0.174220
-0.218802
0.689610
0.329401
-0.211614
-1.009510
0.377595
-0.876684
0.304074
-0.380107
-0.484168
0.299151
-0.125658
0.107390
0.363521
-0.562235
1.141539
0.350318
-0.311330
-0.637447
0.489125
-0.064054
-0.477224
-0.139429
0.764329
-0.392604
0.152120
-0.296161
-0.108483
-0.063008
0.431767
0.499135
-0.249193
-0.731996
-0.045912
0.216699
-0.303433
0.055330
0.422225
-0.711710
0.862918
0.636333
-0.330090
0.551003
-0.032174
-0.110640
-0.088432
-0.375598
0.651686
0.079957
0.384469
0.454519
-0.446007
0.560444
-0.162074
0.764459
-0.117646
-1.564494
-0.099625
-0.801060
-0.018357
0.024139
-0.209404
0.668682
0.199189
0.051942
0.574746
0.050182
-0.604605
-0.610294
-0.285724
-0.187540
-0.558902
0.948660
0.313070
0.659269
-0.065862
-0.162009
0.158248
0.457983
0.038544
0.635870
0.330642
-0.032807
-0.226883
0.589850
-0.119016
-0.501463
-1.166139
-0.123175
-0.414994
-0.838080
-0.280241
0.371347
-0.175467
-0.188036
0.526029
-0.945294
0.482867
1.204353
0.940363
-0.989301
0.401849
-0.181218
0.147324
0.080329
-0.103668
0.295118
-0.016591
0.512457
-0.015457
0.212396
-0.663878
0.019650
0.389244
0.160437
0.484754
-0.581445
0.565036
-0.716322
-0.284592
-0.013480
0.325812
-0.186151
0.442182
-0.076617
-0.222006
-0.365227
-0.668820
0.525302
0.976701
0.016647
1.014944
-0.816808
-0.946593
-0.371918
-0.835239
-0.016671
-0.367387
1.179737
0.046769
-0.656071
0.734704
-0.158637
-0.116972
0.195018
0.089496
-0.431185
0.477697
1.453157
0.193209
0.106534
0.865036
0.430983
0.442497
-0.165311
-0.198976
0.484606
-0.199788
-0.465046
-0.533656
-0.617915
-0.791833
0.292566
0.327621
0.214531
-1.130704
0.055249
-0.624254
0.856668
-0.284171
0.701019
-0.631699
0.520732
0.167129
-0.425103
-0.457581
0.135327
0.250891
-0.718302
0.333217
-0.156810
-0.142270
0.272236
1.148547
0.493309
-0.322811
0.043058
0.550242
-0.669076
1.119047
-0.489603
0.281465
0.391260
-0.628551
-0.016972
-0.557216
0.402989
-0.077798
0.240622
0.227014
-0.121095
0.829719
0.263366
-0.701189
-0.539283
0.136395
0.645575
0.222196
0.339596
0.491269
-0.362401
-0.542174
-0.168192
0.246736
0.792816
0.430666
0.485959
-0.491569
-0.175005
0.418548
1.141261
0.150118
0.240470
1.197109
0.477735
-0.626537
-0.900507
0.458450
0.310827
-0.331939
0.094326
-0.270812
0.281530
0.668337
-0.274380
-0.505002
-0.383658
0.052943
-0.259435
0.592080
0.237550
0.568711
-0.471747
-0.684676
0.614344
-0.024552
-0.554335
-0.395300
-0.819839
0.353394
0.667715
-0.282393
0.332262
-0.905428
-0.019824
0.214919
-0.414830
-0.108088
-0.899291
0.887398
-0.084471
0.882422
0.542190
-0.009134
0.157734
-0.501335
-0.295650
-0.261060
-0.705799
0.593951
-0.565544
0.684265
-0.543134
0.011749
-0.341323
-0.785602
-0.751926
0.777275
-0.140374
0.294577
0.267121
-0.088439
0.545986
0.725275
0.319445
0.460254
0.059408
0.266517
0.220421
-0.005030
-0.149074
-0.388802
0.182534
0.311781
-0.369123
-0.354309
0.481115
-0.413234
0.061554
-0.855992
0.634943
-0.640726
0.283213
-1.296844
-0.474134
0.333171
-0.644794
-0.395393
-0.177944
0.063595
-0.302565
-0.936970
-0.481182
0.910798
-0.556150
0.370571
-0.510126
0.168586
-0.030049
-0.172433
0.078858
-0.292488
-1.297480
-0.145726
0.723586
0.166145
0.876589
-0.338337
0.777596
-0.532074
0.141280
-0.154512
-0.384872
-0.399590
-0.849656
0.518516
0.355853
-0.782768
-0.580394
-0.711667
-0.618788
0.572017
-0.148067
-0.869603
-0.490087
0.349673
-1.124598
0.911803
-0.318572
0.072922
0.184115
-0.551985
0.475235
0.630086
-0.259601
0.303518
0.109693
0.116710
-0.355413
0.539397
-0.327166
0.217445
-0.107308
0.652031
-0.726649
1.640404
0.243710
0.092338
0.155181
0.499521
-0.761655
-0.253951
-0.665100
0.709434
0.363681
0.356992
0.353140
0.253434
-0.339276
0.012089
0.461756
-0.254069
0.076109
0.826138
-0.307311
0.879492
0.082063
0.435703
0.580653
-0.293484
1.193132
0.720544
0.120451
