0.233922
1.881501
-0.432808
-1.915688
-1.275296
-0.109749
0.408227
0.697534
-0.251077
1.374548
0.077769
0.158778
0.076529
-0.562185
0.129916
2.404744
-0.323247
-1.280401
-0.400801
0.031304
0.320094
0.891608
1.275427
-0.013561
0.127007
0.075087
-0.128292
-0.219690
0.307196
1.454760
-0.084985
-0.358639
-0.208607
-1.039796
-1.139232
0.810118
0.299159
-0.214662
-0.330953
0.444737
-0.434492
-0.120142
0.511460
0.144677
-0.473203
0.703407
1.003105
-0.448607
1.883884
0.256630
-0.862517
-0.370948
0.836728
0.772134
0.760765
0.697910
-0.724714
-0.627928
-0.702248
1.057687
0.487323
0.291501
-0.190219
-0.113246
-1.227293
-0.605954
-0.083538
0.772557
-0.031842
-0.979394
1.311501
-0.325363
-0.627192
-0.370424
0.119130
0.342728
1.222087
0.891536
-0.293320
-0.911411
0.277351
-0.014131
-0.072645
0.617939
-0.231552
0.894785
-0.890845
-0.204235
-2.072114
0.137051
0.399131
0.323602
0.395307
-1.389732
-0.634575
-0.149016
1.398781
-0.149057
-1.248413
1.366200
0.255954
-1.098709
-0.285954
1.368881
-0.868075
-0.728639
0.854227
0.246741
0.440467
0.132868
0.343962
-0.184735
0.587178
-0.676850
-0.067013
0.025172
-0.749659
0.624739
-1.141686
0.183067
-0.353873
0.190963
-0.241280
-0.804006
-0.129592
0.287124
1.733365
-0.474106
-0.081016
-1.294443
0.366397
-0.074252
-0.605960
-0.208402
-0.357328
-0.963924
0.054604
0.021111
0.884491
0.759941
0.053639
-0.361985
0.626100
0.449091
-0.089611
0.541599
0.382103
0.190821
0.517595
-1.572034
-0.478746
0.244489
0.305087
0.172923
-0.884650
0.947877
-0.592980
0.787338
-0.078367
-0.098848
0.171352
1.429726
-0.036273
-0.808163
-0.824802
0.613590
0.736805
2.053608
0.440839
0.184890
0.501420
-0.035277
0.027808
-0.400880
-0.527326
0.354485
0.458602
-0.250850
0.575325
-0.648120
0.163080
-0.373673
0.108184
0.169433
0.136294
0.491839
-0.241577
-0.365453
0.502378
0.799554
-0.369760
0.438589
0.885930
0.064084
0.063016
-0.025029
0.712973
-0.581010
0.537958
0.535883
-0.461751
-0.598766
0.541135
-0.241034
0.373080
0.326607
-0.656115
-0.445559
-0.290343
0.124990
-0.114198
0.344984
0.857921
0.005695
1.436492
-0.284342
0.328506
0.352281
-1.161370
1.212023
-0.780037
0.534214
-1.224744
0.800488
-0.471097
0.725738
-1.840121
0.129952
0.062088
1.504891
-0.412070
0.528615
0.156430
-0.172636
-0.216065
0.641385
-0.030447
-1.019679
0.654618
-0.358043
-0.036261
-0.488392
1.004755
-0.695756
1.920393
-0.189077
-0.986708
-0.216096
-0.202885
-0.021638
-0.067184
-0.396160
0.013578
-0.433457
-0.754903
0.116343
-1.253764
0.330648
0.325360
0.106027
0.184118
-0.113734
0.220206
0.545927
-0.399380
-0.407857
-0.914634
0.498713
0.302356
-0.007755
-0.606347
0.129930
-1.462272
-1.000778
-0.089055
0.064246
-0.273593
-0.148527
-0.038960
2.301131
-0.313579
0.367459
-0.160714
-0.960824
-0.093720
0.650014
-0.864419
-1.540994
-1.053763
0.368542
-0.660142
-0.797618
0.195988
-0.662209
0.910489
-0.732366
-0.241326
0.797397
-0.076031
0.025865
-0.413150
0.643210
-1.117741
-0.330305
0.158617
-0.839201
0.416503
0.283862
-1.858405
0.271909
0.668568
-0.169616
-0.289206
-0.308409
-0.377659
-0.201755
1.322664
-0.669959
-0.627742
0.109480
-0.487920
-0.396288
0.032983
0.035676
-0.109334
-0.485873
-0.756072
-0.550138
0.186898
0.224412
1.405249
-0.733428
-0.329444
0.195700
2.794572
-0.070413
-0.666110
-0.289565
0.648843
-0.931726
-0.507894
-0.033960
-0.832054
-0.194909
-0.097103
-0.218855
0.381182
0.911560
-0.240184
0.313054
0.503462
-0.062231
-0.960900
-1.078611
0.573017
0.173993
0.613551
0.067999
-0.009160
-0.308723
-0.363692
0.242205
0.180523
0.820349
2.153391
0.347035
-1.222327
0.124465
-0.486123
0.442367
-0.144714
0.873886
-0.182720
-0.382479
-0.730181
0.894079
-0.198190
-0.240279
1.055666
0.059666
1.515658
0.494507
-0.015703
0.719228
0.075256
-0.295498
-1.199189
0.349086
0.037128
-0.714327
-0.409650
0.219152
-0.251088
-0.890648
0.124594
-0.764315
0.536210
0.821890
0.429601
0.108736
1.028653
-0.977329
-1.240377
-0.447836
0.264097
-0.355908
-0.999467
-1.183670
-0.400725
0.400637
-0.909607
-0.683730
-0.236729
-1.375493
-0.280851
0.937469
0.547086
-1.376019
-0.470832
0.399640
-0.902193
0.647289
1.006602
-0.253929
-1.421739
-0.449380
-1.884610
0.589872
-1.381533
-0.350431
0.204939
-0.767748
0.570327
0.723115
0.153019
1.226683
-0.371341
0.022041
1.292220
0.518718
1.711074
0.048018
-1.177635
-0.737309
0.609208
0.410336
0.099562
0.463115
0.659553
0.029601
-0.572119
1.153433
0.529198
0.119068
-0.393079
0.632481
1.350254
0.307361
0.472555
0.699488
-0.256322
0.005406
1.135360
-0.217007
-1.445439
-1.819641
-0.352544
-0.589537
0.394545
-0.682006
0.394751
-0.766519
-0.909684
0.897492
-0.219005
0.195073
-1.282844
-0.600765
1.138474
0.263899
0.183583
-1.300721
0.143317
0.800019
0.363021
-0.535917
-1.238224
0.591929
1.184231
-0.887584
-0.035927
0.702134
0.073820
0.360308
0.791121
0.704512
-0.863279
0.716508
-1.261799
0.429555
-0.393357
0.498831
0.615593
0.417058
-0.843024
0.284375
-0.471038
-0.915823
-1.478268
-0.125958
0.279734
-0.156280
-0.345461
0.597726
0.827110
0.346958
1.270834
-0.910925
0.186475
-1.037438
1.783638
0.324705
-0.994569
0.146715
-0.294002
-0.216433
0.485872
-0.540054
0.571263
-0.629148
-0.589431
1.071159
-0.187627
0.515090
0.082954
-0.688599
-0.324810
-1.145704
0.065478
-1.614021
0.444749
0.198023
-0.823812
0.505668
0.100043
-0.425378
0.040637
0.897429
0.608485
-1.007794
0.768916
-0.566551
1.240799
-0.221997
0.272364
0.852235
0.994395
-0.284476
-0.220345
0.525821
0.685485
-0.024685
1.427069
0.272624
0.974814
0.613658
0.083078
1.352024
0.465990
-0.325690
-0.991605
-0.621762
0.293902
0.732762
0.420623
0.068344
0.311368
0.208968
0.468816
0.102194
-1.359309
0.036567
0.685030
0.885540
1.334266
0.618352
0.391143
-0.497008
0.741241
0.610301
0.232115
0.553878
-0.464241
-0.709197
0.416009
-0.539506
0.501924
-0.410787
0.507025
0.369198
-0.054622
0.747246
0.448946
2.548802
-0.304511
0.037654
0.023933
-0.239855
-0.658333
-0.091297
0.296382
0.385623
0.070180
0.137012
-0.126312
0.577699
0.175420
-0.354903
0.737300
1.279533
0.938827
-0.774615
-0.586289
-0.748996
-0.114834
0.307466
-0.409613
1.264727
0.285382
-0.764013
-1.048229
-0.223901
-0.163520
-0.501609
1.170054
-1.140641
0.711955
-0.250963
0.070102
0.363909
-0.705840
-0.867144
-1.002448
-1.289803
-0.276107
0.629330
-0.935896
-1.089039
0.435041
-0.394332
-0.611785
-0.414075
0.767526
0.844696
0.018427
0.911292
-0.168576
0.142490
0.876718
1.291973
-0.084805
0.551823
2.049602
-0.061227
0.163461
1.035721
-0.976184
-0.514515
-0.463044
-0.496235
-0.228830
0.462299
0.921082
-0.174445
1.311763
-0.283822
-0.791348
-0.102527
-0.504511
-0.300911
-0.142540
0.410750
-0.126313
0.030972
-0.256511
0.281320
0.240453
-0.494579
1.438727
-0.314434
0.136627
0.859199
1.214141
0.067492
-0.324953
-1.089827
-1.275822
-0.188491
0.255676
-0.239527
-0.168896
0.332612
0.317863
0.492491
-1.942307
-0.696645
1.248788
-0.589765
-0.924671
0.162061
-0.244942
-0.546727
-0.470937
-0.925621
-0.265597
1.011197
-0.111916
0.211052
-1.354834
-0.420935
-0.915419
1.129244
0.397359
-0.112518
0.135807
-0.595470
0.376071
-0.096619
-0.986211
0.837395
0.104920
-0.533073
0.183313
0.267852
-0.185797
-0.362991
-0.368407
-0.058812
-1.378022
0.444142
-0.174037
-0.168627
0.320033
0.602749
0.238812
-0.463354
0.918148
-1.884929
-1.213375
0.519909
0.397999
0.974494
0.315797
-0.034396
0.061118
-0.655920
0.149367
0.066463
0.319388
0.210118
-0.911652
-0.860853
-0.888339
-1.077806
-0.106478
-0.121018
-0.105869
-0.463540
