-0.848196
-0.377344
-0.507607
0.316725
-0.197582
-0.260451
-0.117446
-0.154569
-0.059579
-0.677988
-0.047041
-0.503163
-0.384161
-0.293374
0.569051
-0.046977
0.006734
0.477509
0.347124
0.187935
0.187832
0.324980
0.707880
1.094702
1.276741
-0.146823
-0.852890
0.414523
0.069968
0.378755
0.339735
-0.750772
-0.561123
0.188949
-0.000758
-0.016186
0.130045
-0.825938
0.660019
1.425287
-0.600286
0.362544
0.333930
0.031902
1.344555
-0.133369
0.208969
0.541276
0.283184
-0.387877
-0.889951
0.190245
0.259657
-0.237781
0.654320
0.115281
-0.746466
0.677199
-0.069037
-0.208969
-0.144313
0.373813
0.014016
-1.149514
-0.256445
-0.701264
-0.051202
-1.138138
-0.401692
0.281440
0.845853
-0.058501
-0.705737
-0.287406
-0.200033
0.434940
-0.739127
0.796861
0.230061
-0.161771
-0.113759
-0.466174
-0.314328
0.202684
-0.005810
0.268136
-0.233069
0.863891
0.626995
-0.600514
0.293143
-0.456476
-0.709498
0.744178
-0.729345
-0.604125
0.309900
0.104321
-0.165661
-0.092080
0.402233
0.887021
0.900446
-0.006521
-0.377192
0.456047
0.353155
-0.261252
0.100942
0.368884
0.079788
0.467484
-0.223005
0.510322
-0.242968
-0.007731
0.154711
-0.703128
0.355022
-1.123645
-0.073969
-0.575468
0.011789
1.678759
-0.622184
0.406013
0.650879
0.012251
-0.648025
-0.082632
0.095229
0.119411
-0.768578
0.012178
-0.813535
-0.422438
0.407495
-0.001714
0.327759
0.849919
-0.917958
0.187563
0.322095
-0.358369
-0.494602
0.289757
0.061489
-0.023581
-0.195428
-0.519484
-1.352816
0.146948
0.834287
-0.359911
-0.783612
0.103441
-0.390642
-0.877156
-0.251767
0.415731
0.464715
-0.596639
-0.033608
-0.683097
-0.173114
-0.190918
0.439880
0.621538
-0.171912
-0.530302
-0.752933
-0.071148
0.753379
-0.040872
-0.004977
-0.878246
-0.725233
0.144703
-0.084020
0.273541
-0.854599
0.049684
-0.497429
-0.577608
-0.798802
-1.390335
-0.432357
-0.690283
0.805772
0.992881
0.752103
0.047915
-0.371458
-0.042506
-0.565414
-0.264076
-0.981062
-0.003959
-0.178765
0.431358
0.856648
0.396832
0.360336
0.096512
-0.877919
0.139242
0.145106
-1.139289
-0.913688
0.463279
1.062922
0.240339
0.626328
-0.197908
0.166309
0.472792
0.214875
0.120331
0.717494
-0.224444
-0.703914
-0.254631
-0.734049
0.295428
-0.343403
-0.132638
0.485994
-0.488420
0.076801
-0.028499
-0.299713
0.765799
-0.006785
0.316093
1.114014
1.063488
0.213406
0.138348
0.162693
-0.478267
0.124597
-0.553825
-0.855931
-0.019674
-0.606363
1.358811
0.321594
0.539284
0.377631
-0.364692
0.596010
-0.001521
-0.243412
-0.970103
1.119323
0.337446
0.467246
0.211342
-0.333598
-0.005089
1.325354
-0.191420
0.448523
-0.468109
0.443677
0.058221
-0.066464
-0.532795
0.772318
0.239363
-0.169072
0.192434
0.045068
-0.022604
0.196601
1.395472
0.052925
-0.279745
-0.145230
0.664492
0.785720
0.074523
0.133261
-0.270854
-0.149727
0.125882
-0.764908
-0.881543
0.688151
-0.598828
-0.295691
-0.443692
-0.058812
-0.208669
-0.359222
-0.456112
0.512772
0.676338
0.642552
-0.196756
-0.196627
-0.194164
0.820187
0.895153
-0.307640
-0.239495
1.612020
-0.380845
-0.174017
-0.087634
0.202258
-0.271464
-0.677126
-0.819388
0.366357
0.706243
0.310138
-0.144653
0.137506
-0.003910
-1.102718
-0.178796
0.021003
-0.019338
0.204988
0.125408
-0.337649
-1.191064
0.001175
0.122347
0.247980
-0.693407
-1.330966
0.448332
-0.418596
0.016526
0.586982
0.436593
0.185768
-0.621131
-0.307290
-0.382577
0.123740
-0.135375
0.636946
-0.672547
-0.390859
0.305445
-0.124945
0.355827
0.164537
-0.433999
0.012322
-0.603075
-0.369469
-0.072389
1.092048
-0.069328
-0.302980
0.221506
0.458363
-0.110635
-0.012775
0.053014
0.142044
-0.621871
-0.557042
0.183999
-0.074760
0.195203
-1.420627
0.523644
0.742608
0.409047
0.135394
-0.115163
0.120680
1.119471
-0.719697
-0.669435
0.081938
-0.255806
0.572057
-0.579509
0.573414
0.556024
0.216601
-0.511158
0.406256
-0.057686
-0.011766
-0.084508
0.251899
-1.004615
0.111086
-0.114478
-0.896026
-0.566766
0.257032
0.150281
-0.310975
-0.118303
-0.350938
-0.050889
0.303792
0.177135
-0.005477
-0.949287
0.403181
0.022413
-0.407811
0.157068
0.512474
-1.002356
0.782648
0.317223
0.028663
-0.109673
0.472086
-0.798449
-0.783237
-0.354251
0.923260
-0.313298
0.527769
0.207130
-0.171442
-0.252054
-0.098480
-0.043929
0.146970
-1.732417
0.244414
-0.235251
0.001982
0.292089
-0.154572
0.924691
0.281641
-0.627944
0.261801
0.178906
0.014174
-1.073204
-0.042210
0.006692
0.076028
0.540322
0.911320
0.211744
0.186566
-0.448391
0.259361
0.688057
0.031025
0.234571
0.238677
0.126145
0.174050
0.411670
-0.275629
-1.211016
-0.859739
-0.084823
-0.561998
-0.985727
-0.335647
1.102673
-0.386273
-0.935769
0.176705
0.172061
0.668949
0.630654
0.608502
-0.386261
0.272243
-1.593764
0.103082
0.238033
-0.473576
0.567462
-0.522354
0.380916
-0.397969
-0.046360
-0.796144
-0.086391
0.453258
-0.539631
0.086669
-0.950464
0.646894
-0.626791
0.042423
-0.579841
0.218397
-0.491964
1.138619
0.131975
-0.450229
-0.043028
-0.924776
0.568390
1.063310
-0.684887
0.888891
-0.686556
-0.456449
0.154755
-0.090040
-0.280007
0.180446
0.970902
0.237753
-0.494800
0.654792
-0.718802
-0.089860
-0.457382
0.002296
-0.390890
0.224607
1.000808
0.115946
-0.010182
1.089911
0.454937
0.630527
-0.591038
-0.325510
0.260253
0.063037
-0.348691
0.167934
-0.256457
-0.639886
-0.382867
0.547928
0.284659
-1.013274
0.022863
-0.043167
0.652937
-0.038003
0.644312
-0.105791
-0.232694
-0.006055
0.111163
0.036562
0.318922
0.524158
-0.048657
-0.055833
-0.334946
0.135084
-0.215086
1.499026
1.261497
-0.378879
-0.048819
1.275851
-0.425014
0.230832
-0.492458
0.101061
0.490062
-0.160970
0.636426
-0.299110
0.416227
-0.558609
-0.106627
0.625179
0.168030
1.629027
0.094072
0.215996
-0.392009
-0.313423
0.704116
0.626996
-0.176630
0.333742
0.073356
-0.439849
0.023976
-0.036477
-0.048525
0.739286
0.194994
-0.350909
-0.299343
-0.318370
0.476248
0.141238
1.103814
0.725420
0.959155
-0.719034
-0.378745
0.650993
0.558635
-0.090729
0.086085
-0.634138
-0.018273
0.444005
-0.641814
-0.054621
-0.212861
0.023356
-0.198400
0.891568
0.137842
0.044044
-0.895779
-0.215471
0.369577
-0.038080
-0.071490
-0.236482
-0.148588
0.183290
-0.051605
-0.340405
0.170402
-0.577102
0.005068
-0.064874
0.069804
0.348302
-0.261408
-0.271977
0.471912
0.717602
0.289024
0.037166
0.173719
-1.178001
0.760787
-0.453218
-0.958818
0.720925
-0.606488
0.237960
-0.479078
0.386905
0.387111
-0.548309
-0.607739
0.205143
0.594671
0.993413
0.113431
-0.066743
1.030256
-0.184153
-0.864826
0.462284
0.106018
1.355281
0.193961
0.181196
0.154005
-0.333732
0.603638
0.014414
-0.654946
-0.376280
-0.513932
-0.478408
0.041642
-0.547854
0.795394
-0.873936
-0.024317
-0.383947
-0.548818
0.306285
-0.671344
-0.117400
-0.777603
0.318435
-0.255900
-0.841728
-0.282152
0.406290
-0.543986
-0.407615
-0.568826
-0.138365
0.005172
-0.325815
0.087053
-0.662963
-1.092957
-0.418216
0.350505
0.124564
0.047282
-0.188690
0.597824
-1.300163
-0.017354
0.281072
0.018568
-0.902827
-1.301232
0.343307
0.482617
-1.390809
-0.351002
-0.043076
-0.393537
0.690728
0.264235
-0.544926
0.231269
0.281475
-1.198537
0.015700
0.537583
-0.549962
0.357497
0.056477
1.130902
0.371688
0.578641
-0.143886
-0.004636
0.230130
-0.101623
0.674382
-0.058393
-0.008799
-0.405644
0.895479
-0.167266
1.419960
-0.356212
0.018286
0.306341
1.031434
-0.734795
0.125879
-0.177685
-0.130045
0.149934
0.566906
0.410912
0.034534
-0.422551
-0.849972
-0.112099
-0.483495
0.052955
-0.115434
-0.231705
0.583771
0.219276
0.265496
0.688890
0.208699
0.211724
0.838346
-0.645052
