-1.384947
-0.134182
1.669708
-0.498174
0.896848
-0.279141
-0.641205
-0.371982
0.569508
0.533933
0.647124
2.084452
0.443454
0.029441
-0.774537
0.282289
-0.193900
-0.968932
0.379362
-1.367905
0.551630
0.673954
-0.573609
-0.405244
-1.567693
0.004583
-0.158466
-0.188173
-0.076456
-0.297927
0.936394
-0.474686
0.251169
0.493228
-0.058114
-0.851903
-0.499553
-0.567454
-0.088223
-1.061301
0.460740
-0.173288
-0.160004
0.163150
-0.164243
-0.295990
-0.172687
-0.698180
-0.641024
0.716846
-0.516225
0.279746
-0.357324
0.202777
-0.964922
-0.067867
0.644100
-0.042369
-0.905496
-0.405459
0.196391
-1.125389
-0.167895
0.149690
-0.226465
-0.389742
0.631670
-0.877053
-0.622342
-0.893020
-1.784781
0.371097
-0.286173
0.792956
0.176117
-0.398604
0.883012
0.532910
-0.032117
-0.516672
-0.779223
-0.283244
-0.039180
-0.302500
-0.950214
-0.353033
-1.578814
-0.855653
-0.289988
0.381806
0.315277
0.594124
-1.132803
1.320384
-0.575549
-0.392113
1.916036
-0.645327
1.289482
-0.645411
1.118523
-0.191960
0.134206
-1.396637
1.746063
0.687657
-0.334739
0.283324
-0.519036
-1.011092
1.025555
0.402964
-0.152051
0.804962
1.821731
0.508320
0.277314
0.282189
0.623054
0.123584
-0.731305
-1.106067
-0.199232
0.465857
0.277100
0.023708
-0.582344
-1.060920
-0.006665
0.335352
-0.759164
0.267316
0.624872
-0.192850
-0.612947
-0.386876
-0.288832
-0.268098
-0.643893
0.152508
-0.797134
-1.072624
1.626022
-1.286441
-1.127817
-0.274952
-0.529492
0.168801
-0.217870
2.267305
0.223117
1.396923
0.627004
0.885169
-0.841652
0.250678
-0.380600
0.166080
0.606584
-0.072981
0.898107
0.125826
0.416768
0.677630
-0.296094
-0.025002
-0.209224
0.273273
-1.624379
0.042180
0.270712
-0.750626
0.137742
-0.373762
-0.332357
-0.790398
0.247346
1.162117
-1.741389
-0.037016
-0.241854
0.297938
0.192277
0.542326
0.060977
1.096023
-0.091165
0.001603
-0.238650
-0.852404
-1.363437
0.885212
-1.276723
0.434046
0.037099
-0.051068
-1.079806
-0.250009
0.221941
0.013041
-0.347955
0.275968
-0.649181
1.328989
0.345502
0.590806
0.651828
-0.975872
-0.775340
0.742289
-0.072330
-0.038875
1.070192
0.707889
0.695880
0.043082
0.628825
-0.850663
-1.283208
0.515105
-1.611566
0.368678
-0.761889
-0.084777
-0.324017
1.225378
0.252076
0.096768
-0.724862
0.507577
-1.293926
0.688996
0.234177
0.044556
0.879774
0.064441
0.631346
0.481085
-0.839864
0.555707
0.102492
0.563467
0.320286
-0.841719
0.521447
-0.315381
-1.278290
-0.085754
-0.183759
-0.758633
0.481747
0.135210
-0.226209
0.546973
0.564101
-0.381638
0.844496
-0.017394
0.445683
0.107183
0.770814
1.284608
0.757172
0.355847
-0.207483
0.799465
1.021346
0.622932
-0.557550
0.402005
-0.885920
0.036380
-1.078889
0.453987
0.082644
0.223029
0.649133
0.312009
0.171193
0.613856
-1.089147
1.317912
-0.216196
-0.646252
-0.216175
-0.462004
-0.010244
0.389938
-0.956038
1.309783
-0.053991
-0.023618
0.182903
-0.317224
0.500892
-0.354649
-0.007565
-0.990039
-0.883599
-1.339945
0.566326
-0.459757
-1.282126
-0.280375
-0.117839
0.284034
-0.001894
-0.220972
-0.577166
0.275758
0.140350
1.072232
0.116475
-0.198106
-1.376778
-0.914454
-2.045195
0.268262
0.203046
0.103815
0.271030
-0.078748
0.586183
0.597843
-0.656240
0.196349
0.555977
-0.082205
0.189912
0.842092
0.548092
-0.430136
-0.071524
-1.818601
1.721332
0.614659
-0.084594
-0.259572
-0.084571
1.114145
1.004412
-0.192648
1.131239
0.928471
-0.041756
0.351644
-0.197410
0.238899
0.378114
-0.009853
-0.170438
0.061748
-0.428759
1.103199
0.781031
-0.142297
1.475360
0.048351
1.058718
0.003092
1.219622
-1.287753
-0.185387
-1.185463
1.506614
1.041275
0.867412
0.560216
0.782265
0.063955
0.569018
-0.574997
-0.512318
-0.318390
0.892950
0.399179
0.192138
0.099307
-1.749562
0.060105
-0.569270
0.058537
0.449833
1.157790
-0.598228
-0.702629
-0.702852
0.913989
0.046877
0.679386
0.286774
-0.813097
-0.253381
-0.918877
0.435573
0.910394
0.341072
-0.368877
0.049136
-0.923776
0.433449
-0.465202
0.138561
-0.115152
0.145351
0.371881
-0.502953
0.258754
-0.012017
-0.455327
0.692744
0.379417
0.850078
0.537821
0.275570
0.427768
-0.182796
1.009320
-0.239842
0.273374
-0.437263
0.314313
0.439250
0.276776
0.193874
1.415154
-0.695611
0.264321
-0.659266
-0.126609
-0.154326
0.227026
-0.391769
-0.191270
0.170281
0.165274
-0.699947
-0.145620
1.013774
-0.182797
1.123551
-0.029845
-2.852154
0.941690
1.638906
0.121555
-0.232401
-0.134465
0.710961
0.213216
-0.014938
-0.019620
-0.265095
0.241730
0.108301
0.119303
0.396053
-0.442490
0.400145
0.486652
-0.422722
0.466379
-0.087187
0.104818
-0.283877
-0.798366
0.411672
-1.071786
-0.179855
0.320242
-0.913039
0.645086
0.063048
-0.541061
-0.037202
-0.454366
0.135484
0.095273
1.591123
0.588322
-0.242448
0.325519
-0.515448
0.378488
-1.288215
-0.991597
-0.300518
-0.190502
-0.524092
-1.206629
-0.138867
-0.295239
1.477180
0.357267
0.059042
0.492858
-0.639175
-0.500026
-0.306574
-1.850602
-0.650427
0.366977
-1.004880
0.010761
1.038781
-0.762849
0.522855
0.014066
-0.554071
-0.265863
0.154332
0.102864
-0.861015
0.329827
0.637862
0.570014
0.378337
0.534338
0.264853
-0.313065
-0.461772
-0.311072
0.044772
0.109575
0.433352
0.028807
1.334955
0.074642
0.130566
0.405241
-0.158449
0.098057
1.282782
0.396044
-0.379064
-0.213350
0.603755
0.503269
-0.601901
-0.246980
-1.790420
-0.290376
0.592795
0.026798
0.053763
0.978951
1.154886
-0.012852
0.668843
-2.689425
0.110708
0.064507
-0.924696
-0.024751
1.026132
-0.921723
0.221636
-0.303129
1.076276
-0.154626
0.005214
-0.490666
-0.647594
1.437835
-0.397996
0.453698
0.526513
-0.968326
0.451097
-0.343682
-0.155931
1.793476
0.293969
0.301149
0.115461
1.056163
-0.039934
-0.425972
-0.357858
0.146874
-0.992808
0.530875
-0.381215
-1.037230
-0.639356
0.056987
-0.292821
-0.774415
0.024366
-0.269437
-0.552008
-0.897033
-1.010945
0.567570
0.497997
0.328575
0.592255
-1.518028
-0.103614
0.160381
0.455193
-0.976068
0.535355
-0.626754
0.197872
0.128123
0.368810
-0.202941
0.499402
0.580650
1.007011
-1.296507
-0.359711
-0.098042
0.405834
0.274710
-1.026364
-0.657501
0.628481
0.126199
-0.860011
1.404078
1.244541
-0.614126
-0.610998
0.286428
-0.568925
0.453220
0.067942
-0.522847
0.082722
0.681129
-0.035542
-0.404601
0.136323
-1.924348
-0.699668
0.253140
-0.222517
-0.099286
0.206865
-0.714353
0.106167
0.205534
0.412730
-0.892379
-0.084816
0.806585
0.794346
-0.050671
1.090263
1.090159
0.253171
-0.816485
0.720586
-1.190171
1.293887
-0.290184
0.253093
0.692500
-0.929306
0.132303
1.962369
0.126036
0.730207
0.233099
-0.345362
-1.139076
0.034413
1.220915
0.415036
-0.649985
-0.897593
-0.175169
0.007782
0.316598
-0.280773
-0.906763
0.653354
0.711003
-0.074722
-1.536694
-0.339543
-0.613414
-0.903372
-0.559881
0.239194
-0.676355
1.494570
-1.568054
1.880653
0.183279
-0.608120
-0.780499
0.034403
0.780936
1.172549
-1.072531
0.585355
-0.749819
-0.187688
-0.043551
0.761258
0.353001
0.489192
-0.478932
-0.191266
-0.023271
-0.269097
0.501541
-0.606321
-0.888026
-1.239568
-0.362234
0.697783
-1.296754
-0.685489
-0.240433
0.734133
-0.730136
0.521183
-1.782166
0.981223
0.013921
0.819126
-0.364822
1.281431
0.589140
-0.446129
-0.675572
-0.616101
-1.011862
0.076509
0.005415
0.029301
-0.290314
1.718536
0.237159
-0.075386
0.245231
-1.930825
0.469309
-0.402515
-0.351866
0.080389
-0.044668
0.106366
-1.380664
1.797401
0.958462
-0.720285
-0.284150
0.622653
0.177917
1.400312
0.320507
-0.048222
-0.372788
0.150854
0.797516
-1.136526
0.253381
-0.661157
-1.369468
0.744247
-0.069896
-0.168834
-0.369148
