-1.054911
-0.846306
1.520849
0.364514
-0.477307
-2.254382
0.544251
0.500728
-0.699490
0.447399
0.046952
0.739117
-0.408066
0.004574
-0.356221
-0.799881
-1.088644
-0.585741
0.701747
-1.177568
0.711924
0.487048
-0.066470
-0.087824
-0.875406
-0.184442
0.189220
-0.194590
-0.588325
-0.487329
0.881634
0.237772
0.571010
-1.776008
-0.718058
-0.048795
-0.341641
-0.563818
0.128381
0.842092
0.013865
-0.241545
-0.652320
-0.172215
-1.379076
0.548181
-0.266217
-1.165456
-0.589247
-0.582592
-0.029877
0.257842
0.295666
-0.892894
0.195888
0.414028
0.388095
-1.232518
-0.206436
-0.297680
-0.885869
-0.032617
-0.239461
-0.293262
-0.057926
0.686949
0.834116
0.000470
0.545214
-1.040036
-0.467640
0.322954
-1.504524
0.822404
-0.158901
0.097722
0.596819
0.084593
0.711845
-0.196226
-0.409229
0.238389
0.071661
-0.797537
-1.105117
-0.661080
-0.236812
-0.841892
-0.591187
0.056108
-0.649003
0.379214
0.265600
-0.201212
-1.055477
-0.195310
0.069110
-0.766942
1.264907
-1.584024
0.295047
-0.796742
-0.782370
0.198095
1.143955
0.719020
0.144686
0.601200
0.090708
0.048035
0.519630
-0.034685
0.178200
1.012568
0.330655
-0.236708
-0.398261
-0.363977
0.094117
0.989446
-1.379329
0.946216
-0.225660
0.677505
0.286882
0.320875
-1.023011
-1.047356
0.269364
0.430655
0.424540
-1.066703
0.633913
-0.221030
-1.136787
-0.241602
-0.019038
-0.254705
-0.252922
0.459264
0.057366
0.017827
1.087059
-0.668707
-0.025788
-0.530906
0.356525
0.232743
-0.242567
0.387211
-0.073478
1.784084
0.112764
0.580534
-0.767750
-0.070893
-0.151326
-0.233958
0.356849
0.134309
0.165093
0.403835
-0.538380
0.963274
0.076448
-0.551812
0.448972
-1.072294
-0.355952
-0.042211
-1.171016
-0.561998
-0.199665
0.119877
-0.801226
0.117536
0.053945
0.466464
-0.424834
0.677096
0.168820
-0.034477
-0.272373
-0.575322
-0.414325
-0.143005
1.048298
0.128060
0.156025
-0.739785
-1.938676
0.487884
0.164985
0.480204
0.070727
0.077125
-1.500664
0.422380
-0.047505
0.879041
0.208009
-0.159102
-0.722630
1.034923
0.598327
0.362969
-0.373771
-0.669554
-0.651652
-0.243954
-0.070863
-0.041745
0.268028
-0.613154
-0.270777
-0.090521
0.959999
-0.762412
-1.306399
-0.342564
0.102428
-0.426692
-0.920300
0.084058
-1.006508
0.932322
-0.702894
0.442761
-0.210770
-0.138372
-1.168835
0.747370
-0.644399
0.582818
0.772176
-0.105049
2.177299
0.717415
-1.137774
1.078573
-0.690739
-0.349150
0.374095
-0.513708
0.444552
-0.692695
-1.589721
-0.647992
0.275553
-0.326527
-0.643839
-0.830545
-0.647986
0.273980
0.049672
0.862500
1.238877
0.033502
-0.049870
0.141300
-0.498222
0.010793
-0.552448
-0.325829
-0.322671
-1.345771
1.576568
-0.393888
-1.303335
0.025948
-0.880202
0.204356
-0.514118
0.600353
-0.522696
-1.282733
0.704489
0.518670
0.328178
2.189800
0.947805
0.640004
0.921473
-0.270664
0.769238
-0.731354
1.002505
0.484183
0.059854
0.114363
-1.033836
-0.985770
0.239462
-0.313013
-0.215807
-0.662962
0.895532
-0.486182
-0.447127
-1.089179
0.748069
0.358457
-0.651064
-0.358890
0.284893
1.623453
0.704134
-0.205521
0.336988
0.466783
-0.126859
0.565556
0.008265
-0.168145
-0.795121
-0.523750
0.602181
0.262939
1.090203
0.120441
0.397642
1.356368
1.194151
0.077179
-0.574540
0.441131
-1.224843
0.568031
0.235161
-0.424044
0.108904
-0.611814
0.080595
-1.307684
0.445598
0.993715
1.095627
0.490437
-1.352012
1.154227
0.117153
-0.706030
-1.152635
-0.432425
-0.193097
-0.106174
-0.082629
0.088850
0.156062
-0.957418
-0.472967
0.512591
-2.054071
1.516093
0.641375
0.790575
-0.191593
-0.188090
0.550812
0.293282
0.812248
-0.515157
-0.203175
-0.234513
2.779718
-0.126509
-0.367819
-0.048040
-1.041205
-0.093568
1.348557
0.065350
-1.287701
-0.004701
0.433196
1.107129
0.459158
0.904417
-0.670742
-0.233951
-0.025691
-0.676925
-1.386106
0.260306
-0.189465
-0.478642
0.101813
0.211188
0.453569
1.095905
0.295144
0.299518
-0.285639
0.198696
0.174911
0.199916
0.851839
-0.247504
0.531142
-0.794185
0.370253
-0.938005
0.408533
0.017984
-0.069808
0.136003
0.122035
0.706446
0.886766
-1.045963
1.026330
0.533616
0.333046
0.143418
0.360607
0.799751
-0.381012
1.241177
-0.535573
0.306287
-0.196365
-0.331385
-0.083946
0.391014
0.762761
0.542409
-1.151367
0.299411
0.036782
-0.269790
0.175365
0.689498
-0.149906
0.011770
0.217449
-0.072663
-0.073985
0.894109
1.289757
1.739197
0.637085
0.293339
-1.708511
0.344730
-0.627844
-0.112391
0.315358
-0.160163
1.381800
-0.525171
1.141505
-1.799348
0.681882
-0.020454
1.060133
0.400318
0.567835
-0.684284
-1.206517
-0.010949
-0.539651
0.234842
-0.892574
-0.263304
0.237400
0.003311
-0.350857
-1.344966
0.092811
0.078189
0.802334
0.015981
0.213241
0.460654
0.185474
1.356734
-0.203320
-0.107536
0.626794
-0.021387
-0.224816
-0.149616
-0.119091
-0.315384
1.168391
-1.247501
0.108285
-0.128291
0.528615
-1.196645
0.680058
0.317041
0.763575
0.230908
0.460210
0.424350
0.343825
-0.165742
0.705249
-0.638187
-0.518049
-0.139507
-0.634381
-0.621172
0.257193
0.284930
-0.158458
-0.863032
-0.621646
0.705696
1.091006
1.214175
-1.178838
-0.647237
0.280517
1.636286
0.288118
-0.966580
-0.397261
-0.300047
-0.004297
0.468521
-0.082948
-0.075473
0.860248
0.196809
0.319006
0.381905
-0.010740
1.545071
-0.202380
0.872815
1.143010
0.279591
0.701673
-0.655552
0.745054
-0.537691
-0.259320
-0.528787
-1.130266
-0.134960
0.243838
-0.868460
0.588464
-0.703946
0.772914
-0.501450
0.279029
-1.072729
0.988808
-0.414388
0.481701
-0.780822
0.471183
0.511140
-0.356748
-0.638150
0.910269
-0.680403
-0.780615
-0.304551
-1.524663
0.810629
-0.389060
0.411535
-0.300753
-0.496944
-1.183797
0.511039
-0.092889
1.896014
-0.481910
0.984635
0.538095
-0.163480
0.436683
0.763860
-0.997196
0.231914
0.763540
-0.262022
-0.171131
0.246692
0.535991
-1.428659
0.302801
-0.158553
0.258574
0.528524
-0.585466
-0.060194
-1.400280
0.701239
0.628593
0.869888
0.886577
-1.061022
0.124963
-0.118896
0.564117
-0.419524
-0.221943
-0.325054
-0.773899
0.911337
0.932947
-0.388172
-1.407388
0.205092
0.132425
0.299699
0.320374
0.563749
1.005253
0.348412
-1.760688
-1.068684
0.239382
-0.284471
0.066368
1.941828
1.065048
-0.156693
-0.812298
-0.670074
-0.724134
0.302062
0.130489
-0.986257
0.191469
0.996899
0.442033
0.143868
-0.665434
0.060444
-1.008204
1.040062
-0.256125
0.647508
-0.202112
-0.594525
0.079549
-0.135894
-0.719096
0.854500
-0.447815
0.434935
0.318903
0.247440
0.497985
0.775686
0.907416
0.088535
1.051487
0.074448
0.509730
-0.642813
0.902528
-1.369473
-2.227153
0.792745
1.497039
-0.089158
-0.079235
0.105599
-0.109885
0.219011
0.379067
0.377628
-0.339043
0.334682
0.084513
-0.222077
0.000828
0.788883
-0.347302
-0.375299
0.024931
-0.304036
0.161492
-0.017843
-0.047803
-0.720681
0.047187
-0.006733
-1.210991
-1.493253
1.755236
-0.302046
1.731893
0.157467
-0.323966
-0.872714
-0.144285
0.232595
-0.247886
-0.657332
0.318447
0.273900
-0.263223
1.097435
0.288387
0.145581
-0.419903
-1.184148
-0.113429
0.306747
-0.261811
1.428089
0.475063
-1.074158
-1.640690
0.009779
0.616284
-0.656969
-0.339719
-0.244520
0.600950
-0.553017
1.207817
-0.411846
0.396781
0.823182
0.048724
0.724751
-0.320863
1.142489
-0.521677
-0.536561
0.209950
-0.356386
-0.198014
-0.648319
-0.577537
-0.161206
0.785685
-0.292704
-0.275665
0.506390
-0.770729
-0.297808
0.009290
-0.469543
1.304466
-1.014181
-0.524230
-0.718656
0.391460
1.868028
-0.408514
0.103446
0.393893
-0.887843
1.141303
-0.646483
-0.077329
-0.450406
1.290862
0.619320
-0.779625
-0.682313
0.721621
-0.612615
0.512932
-0.029641
-0.174184
-1.348478
