-0.599882
-0.304009
-0.912058
0.133111
0.871492
-0.381007
0.128603
-0.032309
-0.268803
-0.075551
0.662292
-0.091058
0.357418
-0.367570
0.295172
-0.198193
0.118726
0.444025
-0.019959
0.088323
0.045605
0.404757
0.538827
0.667323
0.724129
-0.343992
-1.057049
0.831714
0.431756
-0.004221
0.793688
-0.771789
-0.604498
-0.286733
-0.506871
-1.110053
-0.031224
-0.271547
0.130056
0.320409
-0.780654
0.399391
0.199534
-0.050512
1.381377
0.576762
0.759048
-0.084803
-0.142815
-0.594285
-0.237337
0.189348
0.259730
-0.375694
0.981432
0.611280
-1.043369
1.040620
-0.100510
0.710507
-0.305846
-0.199241
0.014477
-0.621951
-0.154994
-1.078907
-0.790007
-0.761479
-0.481670
0.339380
1.149481
0.119444
-0.962574
-0.276203
-0.479134
0.103363
0.089170
0.249383
0.077534
-0.408954
0.150604
-0.352478
0.013474
-0.051458
0.137788
-0.270783
0.053313
0.629909
0.569854
-0.957338
0.513882
-0.271357
-0.555373
0.906467
-0.834892
-0.797197
0.547345
0.332974
-0.024918
0.424381
0.836699
0.654674
0.615569
0.088998
-0.321401
-0.039224
0.391859
-0.379582
0.100366
0.398358
-0.249543
0.540614
-0.458050
0.407451
-0.260757
0.021496
-0.068315
-0.573658
-0.189387
-0.751053
0.111983
-0.185431
0.011254
1.590938
-0.407944
0.216282
-0.110902
-0.707024
-0.832058
-0.065551
0.767350
0.364593
-0.739267
-0.004720
-0.608717
-0.694410
0.661333
-0.150271
0.538298
0.088384
-0.442369
-0.462143
-0.250911
-0.164270
-0.664623
0.566673
0.178566
-0.009875
0.049010
-0.272045
-1.241075
0.523831
0.416080
-0.318665
-0.389833
0.662338
-0.240894
-0.744605
-0.220095
0.658782
0.399269
0.577999
0.211205
-0.976848
-0.443570
-0.514940
0.677643
-0.054718
0.586318
-0.329796
-0.301984
0.413785
-0.095459
-0.458036
-0.342086
-0.308943
-0.450064
0.391261
0.469945
0.968565
-0.670971
-0.496969
-0.141291
-0.053656
-0.236182
-0.959755
-0.234039
-0.835065
0.576440
0.988054
1.006072
0.641597
-0.335238
-0.433202
0.077379
0.099150
-0.888345
-0.226592
-0.086840
0.157953
0.706176
0.404955
0.431646
-0.163006
-0.062306
0.237140
0.645537
-1.495411
-0.688554
0.406570
0.447111
0.679075
0.202171
0.047530
0.579456
-0.188407
-0.019612
-0.453823
0.363165
0.592027
-0.600427
-0.197505
-1.090524
0.284701
-0.066689
-0.050263
-0.780692
-1.153322
0.427034
-0.808588
-0.342161
0.182358
-0.021897
0.670815
1.224538
1.066184
0.179163
1.190838
0.520556
-0.561550
-0.274963
-0.691131
-0.242477
0.336160
0.218972
1.364081
0.630604
0.464058
0.480474
0.124026
0.621939
-0.296866
-0.354199
-1.164132
0.787664
-0.399391
0.386935
0.362526
0.083175
-0.016959
1.099418
-0.200990
-0.406900
-0.281096
-0.198486
0.441339
-0.415749
-0.191372
0.463695
0.636593
-0.797430
0.615117
0.510410
0.203461
-0.033546
0.953047
-0.555286
0.173887
-0.303484
0.707907
0.738381
-0.329270
0.266477
0.235736
0.127471
0.594670
-1.026022
-0.639628
0.155195
0.115230
0.149205
-0.393096
-0.024449
-0.599921
-0.366836
-0.466066
0.691151
0.619045
0.364961
-0.208135
-0.110279
0.129532
0.888128
0.033511
0.159526
-0.432519
1.256469
-0.228568
-0.448901
0.032733
0.352845
-0.178401
-0.238246
-0.402946
-0.273590
0.365171
0.001019
-0.507707
0.234466
-0.018713
-1.116887
-0.260210
-0.821837
-0.241751
0.568689
0.121987
0.311149
-0.465723
0.022704
-0.137415
0.368134
-0.439266
-0.903246
0.100761
0.468295
0.487885
0.583778
0.350938
0.753760
-0.407517
-1.247203
-0.604570
0.473472
0.129998
0.706039
-0.405022
0.357895
0.419598
-0.507509
0.513420
0.108115
-0.129472
0.115091
-0.159096
-0.257760
-0.086832
0.680382
-0.531844
-0.434585
0.151163
0.114755
0.144796
-0.349994
0.659994
0.341668
-1.194788
-0.163197
-0.114064
-0.156771
0.150991
-1.231378
0.504368
1.035677
0.214457
-0.141635
-0.856488
0.026238
0.684128
-0.255374
-0.294754
0.033537
-0.461454
0.294108
-0.113031
0.134444
0.760121
0.037009
-0.125133
0.506778
-0.267991
0.999960
-0.535034
0.006760
-1.387550
0.754891
-0.161988
-0.700441
-0.249880
0.523818
-0.005567
-0.162707
0.055619
-0.300835
-0.566078
0.427733
0.291333
0.023584
-0.620181
0.149413
-0.149341
-0.704524
0.124245
1.024400
-1.170063
1.024122
0.587965
-0.138079
0.237555
0.239929
-0.044464
-0.703629
-0.257430
1.382934
-0.468547
0.338626
0.046338
-0.285155
0.584835
0.289392
-0.235157
-0.530369
-2.089171
-0.245972
-1.031985
0.028951
-0.289185
-0.549511
0.793256
0.413401
0.036885
1.673372
-0.041446
-0.179574
-0.280176
0.022122
0.480912
-0.721663
0.924320
0.585354
0.468619
0.046147
0.312336
-0.542990
0.376756
0.023444
0.686263
1.076106
0.285176
0.217384
0.786732
-0.511570
-0.909676
-0.677925
-0.614411
-0.847070
-0.404702
0.001124
0.041453
-0.409357
-0.376100
-0.273566
-0.046863
0.393837
0.908242
1.106042
-0.558459
-0.102739
-0.713456
0.445161
-0.309154
-0.141322
1.076945
0.205352
0.399093
-0.243622
0.270008
-0.711222
-0.339678
0.192617
-0.581309
0.109713
-0.831132
0.725971
-0.485875
0.450608
-0.456869
0.295350
-0.268236
0.074721
-0.042589
-0.104643
-0.728960
-0.839463
-0.050730
1.358072
0.225241
1.038346
-0.881396
-0.621401
-0.225943
0.284112
-0.306375
0.428711
0.548567
-0.196937
-1.039371
0.543488
-0.443794
0.166687
-0.461428
-0.257231
-0.182306
0.225614
0.588791
0.254424
0.269102
1.426140
0.269368
0.386170
-0.018429
-0.651240
0.357296
0.014191
-0.097547
-0.130631
-0.569533
-0.653819
-0.344449
0.673502
0.157421
-0.098526
-0.332007
-0.737068
0.838471
-0.241765
0.251062
-0.359204
-0.240959
0.010861
0.490261
-0.405339
-0.134810
0.910370
-0.632195
0.291509
0.556348
-0.493346
-0.272824
1.007654
0.524518
-0.838125
-0.252281
1.352234
-0.093565
0.850007
0.151501
0.524398
0.993150
-0.430656
-0.081520
-0.516120
-0.029419
-0.301759
0.635933
-0.215829
0.206528
1.402231
0.705968
-0.436968
-0.534638
0.079727
0.202377
0.778818
0.448653
0.126831
-0.083821
0.057866
-0.083033
-0.242229
0.134080
0.274006
-0.120216
-0.690693
0.160307
-0.081139
1.047001
0.116410
0.215775
0.862626
0.487070
-0.888897
-0.926663
0.307141
0.523666
0.215902
-0.199974
-0.708735
-0.319464
1.151886
-0.493169
0.187052
-0.215057
0.021509
-1.225916
0.954764
0.074235
0.286194
-0.515926
-1.329511
-0.131123
0.024159
-0.367195
0.939792
-0.356417
0.181794
0.702242
-0.360505
0.289866
-0.313874
0.092872
-0.553412
-0.216625
-0.030734
-1.251744
0.761214
0.132701
0.153563
0.354346
-0.154210
-0.371521
-1.036068
0.035140
-0.195578
-0.794666
0.913977
-0.259107
0.545671
-0.815784
-0.196007
0.143005
-0.267206
-0.983306
0.180289
0.285854
0.545448
-0.026627
0.058541
0.698716
-0.254212
-0.333870
0.228693
0.098056
0.950908
0.653728
-0.494214
-0.505155
-0.696905
0.445847
-0.101110
-0.244621
-0.922564
-0.405946
-0.452527
0.023390
-0.286477
0.364667
-0.358917
-0.126811
-1.036084
-0.519341
-0.301698
-0.310501
-0.411905
-0.073940
0.171497
-0.626637
-1.158115
-0.581005
0.573287
-1.161844
0.310494
0.172919
-0.679671
-0.503041
-0.218825
0.408305
0.069293
-1.364892
-0.662444
0.397447
0.146982
0.416650
0.189906
0.326543
-1.305957
-0.093550
-0.019558
-0.404800
-0.341956
-1.294652
0.253219
0.076771
-0.885215
-0.863050
-0.433290
-0.032356
0.520163
-0.406595
0.297447
-0.416581
-0.041231
-1.350259
-0.151210
-0.318280
0.145161
0.401333
0.016743
0.682438
0.088831
0.471142
0.037896
-0.177949
0.636481
0.379286
0.830895
-0.061742
0.080602
-0.313791
0.486074
-0.169880
1.274452
-0.269568
-0.532863
-0.242823
1.265929
-0.483228
0.181491
-0.155597
0.746072
0.420988
-0.290639
0.572858
-0.223052
0.092054
0.227217
0.291220
0.034090
0.498349
0.593849
-0.445021
0.210003
-0.347617
0.169430
0.057025
0.541432
0.225629
0.168495
-0.028649
