-0.982888
-0.415396
-1.145464
-1.109966
-0.065576
0.182344
-0.177075
0.213782
-0.112013
0.186705
0.440694
0.318758
0.358636
-0.152891
0.323677
-0.453826
0.015202
-0.017539
-0.384524
0.199080
-0.479876
-0.257076
0.356445
-0.203660
0.694694
-0.816529
-0.557599
1.020893
1.356796
1.684837
0.243702
-0.410376
-0.326405
-1.654988
-1.275309
-0.296521
-0.146917
-0.515875
0.049653
0.906156
-0.666989
0.314825
0.481973
0.906571
0.377937
1.017421
1.012271
-0.336206
0.165248
0.259934
-0.276627
0.304742
0.346878
-0.126870
1.662095
1.213803
-0.767661
0.490126
-0.469650
0.171931
-0.277500
0.023756
-0.124742
-1.309973
-0.149755
0.686548
-0.351059
0.038227
-0.007387
0.086695
2.071867
0.622095
-1.563398
1.115486
-0.500135
0.633352
0.167306
0.661900
0.061015
-0.284161
-0.529239
-0.014161
-0.159802
-0.137666
-0.127767
1.209284
0.069059
1.054808
0.059345
-0.544701
0.375801
0.297192
-0.458300
0.504139
-1.382574
-1.258769
1.617551
-0.468622
-0.633995
0.102734
1.255063
-0.409503
0.491998
0.320489
-0.120377
-0.015793
0.668384
-0.032693
-0.215532
0.503944
-0.721451
0.245444
0.592085
-0.691451
1.021162
0.102199
-0.558549
-1.155075
-1.080955
0.001221
0.132319
-1.064287
-0.179489
2.378110
-1.418205
0.285865
-0.088325
-0.694453
-0.465117
-0.596619
0.432628
1.573978
-0.437722
-0.209794
-0.435390
-0.578341
0.043677
-0.231342
0.240227
0.935791
-0.659809
-0.454724
-0.332737
-0.290117
-0.295693
0.420301
0.394946
0.192598
0.331701
0.024556
-1.422046
1.041914
0.609069
-0.175490
-0.474641
0.606137
-0.925935
-1.596548
-0.057378
0.439808
0.786038
0.966055
-0.863498
-1.436218
-0.608788
-0.477657
1.306844
1.756510
-1.218530
0.145380
-0.702796
0.728615
0.583168
-0.071599
-0.396372
0.643509
-0.144724
-0.423879
1.170146
1.039939
-0.121406
-0.385985
-0.135841
0.216377
-0.266100
-0.869509
-1.263647
-0.676916
1.012450
0.864838
0.604470
0.088042
1.016866
0.119502
0.100464
0.312443
-0.444429
0.265506
0.066069
0.473471
0.408079
0.082678
0.152701
0.417983
-0.167916
0.414869
0.692419
-0.707032
-0.463017
0.429356
0.638686
0.368819
1.551017
-1.079950
0.253042
-0.805309
-0.209970
-0.011601
-0.224421
-0.319450
-1.118737
-0.169608
-2.315598
-0.024087
0.384854
-0.635863
-0.449588
-0.591696
-0.221771
0.000779
-0.451470
0.421452
-0.185411
0.884711
1.411501
0.953602
-0.325660
0.127414
0.647218
-0.837836
-0.219974
-0.345808
-0.400181
-0.696117
0.919854
0.732851
0.114213
0.101116
0.243893
-0.625115
0.392275
-0.299469
-0.312739
-1.204287
0.739224
0.059389
-1.192438
0.173480
0.124048
0.083196
2.181190
0.261173
-0.013526
0.360497
-0.414852
0.368787
0.438895
-0.193417
-0.708068
0.450946
-0.737205
0.441350
-0.434581
0.759683
0.065123
0.174727
-0.250270
-0.156872
0.292280
2.667530
0.314837
0.046380
0.295474
-0.613194
1.314312
0.140015
-1.431420
-0.092293
0.324797
0.011587
0.141334
-1.185950
0.159570
-0.785396
-0.196385
-0.651638
0.262796
0.222995
1.202653
-0.610176
0.046524
0.399959
0.955245
-0.710287
0.143688
-0.252824
0.560358
-0.527244
-1.602978
-0.159197
-0.061894
-0.619785
-0.220636
-0.985667
-0.623154
-0.293852
0.213752
0.233407
0.659412
0.088672
-0.912987
0.653198
-0.102564
0.313521
-0.118290
0.243293
-1.204473
0.031525
0.185889
-0.120899
0.819288
-1.537873
-0.465074
-0.642349
1.033283
0.169042
-0.230120
0.679085
0.912734
-0.676864
-0.340019
-0.047317
0.929901
-0.254928
-0.005200
-0.379882
0.363627
0.991012
-0.527529
-0.166600
-0.489918
-0.705586
-1.057388
-1.236324
-0.287492
-0.387156
0.398983
-0.767276
0.029307
0.210799
0.613055
-0.141143
-0.664724
1.077646
0.396115
-1.423683
-0.930667
0.501183
-0.834401
-0.195103
-0.655240
0.726640
-0.020770
-0.330805
-0.291207
0.191429
-0.606286
0.908857
0.564173
-0.623436
0.855876
-0.955213
0.191701
-0.151993
0.235295
0.669673
-0.279980
-1.010706
0.037320
-0.289525
0.699540
-0.654097
-0.313250
-1.494050
0.443437
-0.148988
0.644380
1.438517
0.605460
-0.510859
0.290354
-1.281268
-1.391804
0.109201
0.927177
0.778452
0.030779
-0.640238
0.287485
-0.529439
-1.311827
0.593020
0.414679
-1.412338
0.028729
1.662711
-0.626900
-0.337079
-0.143416
0.477315
-0.141906
-0.611380
0.521892
-0.472612
-0.988010
0.828017
-0.014956
0.881355
-0.362667
1.176710
-1.504791
-2.321712
0.046060
-1.269115
0.220616
-0.329730
-0.270769
1.119700
0.221272
0.128335
1.235526
-0.702692
-0.797397
-0.180258
-0.322557
-0.809680
-0.293628
-0.303175
0.286595
1.325256
-0.767829
0.123990
-0.391460
0.349728
-0.345813
0.934306
1.058597
0.721208
-1.166280
0.923653
-0.726256
-0.352099
-0.416735
0.085146
-1.728234
-0.810943
-0.086651
-0.427530
0.597932
-0.993396
0.427692
-0.679788
1.262643
1.080557
-0.300407
0.239570
0.087071
-0.076416
-0.453825
0.268015
1.027773
0.032817
-0.414804
-0.278948
0.133403
0.308166
-0.683552
-0.199033
0.476993
-0.651192
-0.459528
-0.114108
1.557028
-0.657984
0.986261
-0.467644
-0.172258
-0.154880
-0.953708
0.335867
0.008482
0.528591
-0.402962
0.378073
1.951841
-0.114813
0.418207
-1.214262
-0.303547
0.071316
0.593812
-0.497813
-0.060677
0.371907
-0.143256
-0.449346
0.055123
-0.427754
0.594635
0.739380
2.230793
0.620132
0.088858
0.030796
-0.013137
0.919535
0.741516
0.530901
0.347537
-0.542184
-0.462519
0.199312
1.301377
0.606063
0.880832
-0.683091
-0.565756
-0.359810
0.169071
-0.221562
0.816823
-0.208303
-0.894083
0.934300
0.223442
0.643629
-0.141299
0.769475
0.528709
0.780998
-1.181329
-0.522903
1.777910
-0.227139
0.937881
0.466952
-0.364938
-0.155922
1.162515
0.514602
-0.190893
0.652266
2.711807
-0.187451
1.300871
-0.055339
0.548673
1.123557
-1.922153
-0.207690
-0.477524
-0.565063
-0.307681
1.090338
-1.112067
0.969912
1.633805
1.527939
0.899402
-0.108432
-0.914747
0.015353
-0.141686
-1.303106
2.422133
-0.552550
0.258336
-0.203592
-0.247309
0.567303
1.089080
0.879458
-2.278900
0.660763
0.965195
0.646495
-0.105922
0.832968
0.660695
0.333207
-0.657884
-0.106720
-0.061395
1.368374
-0.274757
-0.267167
-0.797206
-1.090374
0.734864
-0.289117
-0.818981
0.121471
-0.233156
-0.118932
0.304407
0.318540
1.705822
-0.245647
0.491214
0.291810
-0.467399
-0.561533
0.114536
-0.811931
-0.598260
0.087238
-0.485409
1.142401
-0.085903
0.716225
-1.357610
-0.417051
-0.056721
-1.068134
0.890427
-0.369545
0.431432
-0.755388
0.501644
0.078501
-0.615238
-0.122656
-0.746971
-0.658856
0.892471
-0.137444
0.314154
-0.556910
0.514711
0.838880
-0.574517
-0.502914
0.458487
-0.349472
0.626867
0.047962
0.174692
0.058146
-0.163652
0.157533
-0.014579
-0.140672
0.595011
0.358248
-0.511692
-0.169845
-1.545600
0.850594
-0.958625
-1.230130
0.002660
-0.109842
-0.145289
-0.179459
0.477455
-0.385844
-0.526030
0.384553
-0.775389
-1.622581
0.013837
-0.083881
-0.498434
-0.410937
-0.249893
-0.880594
-0.105402
-0.817295
0.549639
0.005975
0.530494
0.677024
-0.091863
0.728528
0.072961
0.433908
-0.927534
-1.957614
-0.627130
0.538947
-0.144875
1.067632
0.005155
-0.144766
-1.682136
-0.979426
0.155412
-0.812853
-0.062111
-0.915606
0.341762
-0.555047
-0.128843
-1.527829
0.126783
-0.860651
0.074225
0.128412
-1.202502
-0.192608
-0.116925
-0.481584
0.629165
-0.516441
0.581825
0.289890
0.662040
0.571064
-0.188854
0.338721
-0.054965
0.072268
0.785914
-0.957094
1.022377
0.284185
0.176819
-0.409345
-0.177525
-0.049515
1.223586
0.257048
-0.087208
-0.230713
0.971557
-0.748659
0.317475
0.537782
-0.232420
0.652112
-0.417309
0.374654
0.657358
-0.621585
0.341479
-0.110319
0.852449
0.350589
0.626008
0.353981
0.136421
-0.585289
-0.329583
0.518186
0.728839
-0.077507
0.662895
-1.007154
