-0.724448
-0.105248
-0.479363
0.226750
-0.194827
-0.211707
-0.616237
0.477269
-0.035193
-0.628961
0.440496
-0.251524
0.223767
0.287571
0.755523
-0.924073
0.564729
-0.153801
-0.161232
0.561621
0.851537
-0.023831
1.233838
0.809577
1.386448
-0.476400
-0.716546
0.211245
1.032676
0.577613
0.681294
-1.222699
-0.750859
-0.480016
-0.494688
-0.577430
-1.308182
-0.991426
1.191514
0.290889
-0.173377
1.007475
0.084962
-0.460004
1.125073
-0.069784
0.450381
-0.697037
-0.033736
0.345625
-0.097593
0.222806
0.139765
-1.026937
1.890343
0.386966
-0.948759
0.178344
-0.200469
0.494683
0.116429
0.648885
-0.021977
-1.817326
0.080220
0.023156
-0.013967
0.066846
-0.800867
0.251249
0.137730
-1.110953
-1.143361
-0.692767
-0.642871
-0.520414
-0.316305
0.654061
-0.353497
-0.306097
-0.757170
-0.568448
0.061814
-0.113914
0.142453
0.388394
0.242112
1.202900
0.008031
0.060562
0.429637
0.397606
-0.637931
0.741872
-0.284331
0.470069
0.401327
-0.547520
0.211114
0.029824
1.286020
1.606654
-0.024301
-0.092764
-0.678893
-0.022444
0.493475
-0.049891
0.391961
-0.179952
0.052104
0.257191
0.304880
0.477408
0.279105
-0.012037
0.033504
-0.755202
-0.315662
-0.523896
-0.580568
0.088201
-0.087892
1.687615
-0.181242
-0.414638
0.392443
-0.596848
-0.673374
-0.848946
-0.088458
1.162912
-0.755504
-0.071635
-0.625308
-0.774577
1.508731
0.049529
0.310954
0.804062
-0.980711
-0.406705
-0.007039
0.298038
-0.275345
-0.765103
-0.510052
0.065788
-0.041413
-0.034123
-0.687927
0.634119
0.535308
0.099073
-0.118182
0.594375
-0.662735
-1.111505
-0.789055
1.238091
0.537449
0.402196
-0.308682
-0.553112
-0.927893
-0.814077
0.342608
0.764630
0.429729
-0.405564
-0.231660
-0.031157
0.477810
-0.684754
-0.454054
-0.316297
0.464200
-0.133619
-0.575995
0.913040
-0.391131
-0.232860
-0.621780
-0.954575
-0.648352
-1.055665
-0.506946
-0.578903
0.918338
-0.043840
0.324680
1.318444
-0.951932
-0.048757
-0.410324
-0.533840
-0.580896
-0.049597
-0.157142
-0.366677
0.648063
0.895491
0.063070
0.116660
-0.708663
0.503738
-0.147483
-1.212098
-0.838511
0.056261
0.597482
0.488132
-0.046326
-0.273263
0.378653
-0.385923
-0.261154
0.147754
-0.458446
0.252370
-0.466119
-0.511202
-0.575551
-0.572606
-0.289699
-0.246036
-0.329335
-1.021099
0.094184
0.018206
0.556032
0.645406
0.344859
0.891425
1.665740
1.783524
0.395313
0.963704
0.083728
-0.720905
0.347118
-0.294453
-1.365918
0.179155
0.293639
0.881391
0.717471
0.813313
-0.035117
0.111948
0.570365
-0.233384
0.021300
-0.972887
0.885313
0.878175
-0.287822
0.043290
0.001811
0.036337
2.241790
0.635413
-0.205437
-0.965179
0.078700
1.051526
-0.134027
-0.465370
-0.140379
0.022168
-1.132188
0.774711
-0.250167
0.036297
0.174694
0.757424
-0.544118
0.379336
-0.423711
0.931604
-0.015043
0.324562
-0.675916
-1.248503
0.493240
0.107650
-1.817093
-0.196342
-0.704477
-0.181139
0.064702
-0.180026
0.086628
-0.325440
-0.054266
-0.787646
0.211889
0.466661
0.798610
-0.969673
-0.079813
0.393987
1.162979
0.338957
-0.053931
0.070307
0.661643
-0.788754
0.050125
-0.237641
0.190551
0.003447
-0.676751
-1.001764
0.671341
0.410572
0.032938
0.387101
-0.375460
0.038610
-1.109558
-0.296780
-0.538403
0.358559
0.238530
0.485152
0.328229
-0.134092
0.116130
0.107788
0.234320
-1.363296
-0.732503
0.660667
1.422618
0.058375
0.884585
-0.178425
0.987218
-0.761111
0.164312
-0.868895
0.899633
-0.063503
0.228368
-0.840926
0.592767
0.685126
0.143876
0.428170
0.382848
0.269745
0.384038
-0.494057
-0.409965
-0.219647
0.556415
-0.558904
-0.520395
0.467254
0.283783
0.618299
-0.446441
0.048764
0.259894
-1.123757
-1.059128
-0.065873
-0.780611
0.251270
-1.304379
0.024551
-0.157153
-0.613953
-0.034284
-0.469599
0.007258
0.174625
0.342441
-0.470822
0.078117
-0.472301
0.385238
-0.104684
0.211428
0.260303
0.331504
-0.013371
0.322590
0.060353
1.082698
-1.444195
0.089312
-1.230704
0.140488
-1.061084
-1.246900
-0.967333
-0.072655
1.139034
0.216981
-0.910788
-0.714915
-0.167233
0.325583
0.516243
-0.190401
0.106607
0.295010
0.162959
-0.640281
-0.336454
1.194901
-1.817035
0.879618
0.132306
-0.388099
0.744843
0.365513
-0.650992
-0.891903
-0.549364
0.728435
-0.339874
-0.156270
-0.430518
-0.156751
0.349485
-0.249306
0.178963
0.697075
-1.595987
-0.408170
-1.032434
0.097284
-1.331057
0.126470
0.665160
-0.239855
-0.436278
0.729106
-0.134055
0.240637
-0.853783
0.229538
0.163770
-0.249388
0.629091
0.503991
0.672940
0.004992
0.055509
-0.105486
-0.067594
-0.394736
0.562778
-0.330834
0.192937
0.497247
0.666454
-0.441378
-0.385239
-1.147225
-0.467599
-0.584162
-0.213607
0.697562
-0.339999
-1.169149
-0.443934
0.419311
-0.355047
0.184064
0.341344
1.598772
-0.662398
0.002750
-1.053929
0.044258
0.791917
-0.402629
0.899257
0.283526
0.104226
-1.512120
0.207290
-0.820777
0.185760
-0.320673
-0.378772
-0.365587
-0.715900
1.313482
-1.424753
1.270697
-0.583129
0.408930
0.324449
1.134613
-0.474964
-0.493316
-0.361374
-0.320762
0.398464
0.202315
0.094989
1.367487
-0.330646
-0.569564
-0.419446
-0.244713
-0.451591
0.701302
0.481398
-0.743164
-0.119644
0.665035
0.045253
0.040128
-0.332742
0.880607
-0.738912
0.290524
0.123595
-0.500462
-0.556939
0.906911
-0.201472
0.320675
-0.260802
0.000785
0.695857
0.442881
-0.289110
1.098034
0.213537
-1.055035
-1.214539
0.173114
0.305886
0.277715
0.620308
-0.764941
0.717957
-0.308395
0.738678
-0.003221
0.429968
0.841015
-0.530010
-0.654113
-0.154846
1.371287
0.051044
-0.019643
0.069343
-0.036544
-0.856561
0.215868
0.888673
0.375684
-0.164518
1.936220
-0.158614
0.419519
-0.198878
0.916431
0.546205
-0.700363
0.313210
-0.356392
-0.134779
0.074451
0.038019
-0.039230
0.705919
1.881880
0.414796
-0.049935
-0.320871
-0.705812
0.462173
0.230223
-0.601528
0.444193
0.497015
-0.389616
0.004886
-1.082146
0.435711
0.840092
-0.138335
-1.695704
0.547173
0.057812
0.248078
0.169633
0.855463
1.059056
1.205026
-0.705432
-1.562481
0.527999
1.547467
0.010922
-0.240550
-0.881202
-0.940536
1.024109
-0.162919
-0.637328
-0.547497
0.501126
-0.600063
1.949320
-0.377254
0.657999
-0.715494
0.127148
-0.259838
-0.230182
-0.715828
-0.216124
-0.404884
-0.028308
0.617442
-0.322807
0.148316
-0.622565
0.315548
-0.381648
-0.344420
-0.438337
-1.253107
0.724945
1.623103
1.143704
-0.424617
0.524181
-1.294859
-0.223702
0.097279
0.107412
-0.704530
1.093419
-0.065742
-0.243919
-1.209700
0.686158
0.214587
-1.092248
-1.243060
0.687465
0.424961
0.770266
0.045769
-0.387019
0.372319
0.126379
0.388429
0.145629
0.517417
0.629888
0.119904
0.407145
0.285970
0.115081
-0.486805
-0.124540
-0.661944
-0.179634
-0.134225
-0.297533
-0.061577
-0.075633
0.450443
-0.944684
0.403849
-0.925973
-0.869944
0.802928
-0.098044
-0.455408
0.179292
-0.115496
-1.048090
-1.343755
0.121000
0.192593
-0.518877
0.594214
-0.240195
-1.202996
0.709074
0.232843
-0.145558
-0.184446
-0.901693
0.264027
0.418220
-0.002106
0.574518
-0.506191
0.730299
-0.706788
-0.354066
0.229988
-0.122443
-0.111523
-0.744911
0.184859
0.536945
-0.393399
0.488000
0.431001
-0.617584
-0.294691
-0.423398
-0.666286
0.191011
-0.092987
-1.218048
-0.114455
0.732468
-0.025883
0.221515
-0.461835
1.129531
1.380319
0.089553
0.049826
-0.113065
0.269685
0.401942
1.088311
0.143768
0.559809
-0.513138
0.479568
-0.465482
2.301921
0.937650
-0.086090
0.508360
1.720393
-0.547042
-0.111347
-0.476905
0.203107
0.039785
0.310237
0.183886
-1.358008
-0.290014
-0.121698
0.316165
0.809683
0.337904
1.097192
-0.425977
0.803964
-0.444667
1.214873
1.009954
0.373248
-0.003047
0.290031
-0.510783
