-0.639714
-0.083510
-0.688136
0.295051
0.316209
-1.513398
0.237588
0.412302
-0.523853
-0.514596
0.673842
-0.514634
0.187932
-0.148859
0.688295
-0.110360
-0.129264
0.092627
-0.032552
0.207345
0.158662
0.155464
0.338175
0.661580
0.818794
-0.221823
-1.043367
0.345093
0.624950
0.613285
0.735471
-1.114558
-0.687812
-0.429343
-0.268456
-0.270827
-0.505524
-0.210440
0.592754
0.412942
0.066300
0.736119
0.387608
0.429311
0.683078
0.557904
0.447347
-0.715720
-0.079928
-0.191346
-0.273440
0.387057
-0.003811
-0.632190
1.488225
0.857247
-0.646537
1.081606
0.154867
0.174447
0.001391
-0.554943
0.006394
-0.848895
0.151680
-0.117757
0.150672
-0.612681
-0.987301
0.461780
0.916424
0.299237
-0.788933
-0.065502
-0.440236
0.413774
-0.367643
0.826110
-0.357918
0.414099
-0.416696
-0.507621
-0.061816
0.015233
0.663606
-0.125119
0.282859
0.412892
0.058981
-0.691364
0.390815
-0.338093
-0.358832
1.017786
-0.142771
-0.571049
0.619278
-0.085089
0.557418
0.204127
0.688302
0.510317
0.425844
0.595450
-0.665074
-0.401807
0.568478
-0.643543
-0.255508
-0.326092
0.000642
0.343292
0.166880
0.224032
-0.059533
-0.415174
-0.056423
-0.822426
-0.112731
-0.377985
-0.546013
-0.568813
0.009486
1.287512
-0.352223
0.555888
-0.429934
0.193324
0.027556
-0.278711
0.070939
0.293962
-0.921929
0.007142
0.264799
-0.282825
0.504642
-0.032437
-0.126218
0.419120
-0.387094
-0.681747
-0.821059
-0.175281
-0.418701
0.385089
-0.110279
-0.018059
-0.833749
-0.070586
-0.962735
0.347721
0.542214
-0.449260
-0.595285
0.262064
-0.577493
-0.296256
-0.263055
-0.061686
0.640925
0.498503
-0.094110
-0.989543
-0.657856
-0.621500
0.454901
0.457174
0.126582
-0.026737
-0.700339
0.685009
-0.017950
-0.295097
-0.380660
0.053808
-0.432684
-0.096599
0.314581
0.670836
-0.530219
-0.325437
0.034946
-0.275845
-0.466238
-1.194949
-0.433350
-0.534136
0.809798
0.523379
0.321409
0.086703
0.104011
-0.004660
-0.326057
0.279096
-1.286532
0.124789
-0.627695
0.261688
0.794235
0.109460
-0.012078
-0.208157
-0.888791
-0.064886
0.217629
-1.070534
-0.643921
0.176744
0.469546
0.530725
0.174708
-0.114833
0.608896
-0.179665
-0.182967
-0.209189
-0.083577
0.511719
-1.094509
-0.515694
-0.951295
0.272439
0.141873
0.244967
0.069084
-0.960280
0.611010
-0.160951
0.131990
0.614236
0.236604
0.653486
1.050865
1.022522
-0.671212
0.813894
-0.281669
-0.952539
-0.137230
-0.643130
-0.262941
0.369408
0.308172
0.961318
0.240429
0.121155
0.301127
0.067374
0.532515
-0.268100
-0.220565
-1.267658
0.713030
0.249290
-0.027240
0.305448
-0.235330
-0.006462
1.299436
-0.264700
-0.811239
-0.611157
-0.483374
0.353702
0.391228
-0.756748
0.853323
0.448069
-0.875826
0.640495
-0.127548
0.568586
-0.528806
0.532327
-0.000617
0.185529
-0.092679
1.040157
0.959258
-0.229181
-0.450617
0.003903
0.710067
0.187497
-0.436040
-0.776995
-0.071827
0.538456
0.009725
0.061959
-0.092586
-0.220550
-0.228170
-0.692264
0.340839
0.879491
1.521796
-0.390078
0.356876
-0.295494
0.738164
0.431372
0.054237
0.065752
0.856164
-0.138948
0.169987
0.436786
0.348275
-0.573026
-0.592475
-0.365814
-0.706398
0.416607
-0.121067
-0.013377
-0.196718
-0.005000
-0.598480
0.390694
-0.741504
-0.442895
0.405955
0.648683
0.259379
-0.949284
-0.002724
-0.375353
0.575473
-0.533960
-0.985321
-0.112509
0.330160
0.228462
0.141461
-0.069653
0.511534
-0.915362
-0.995444
-0.482064
0.604304
-0.043533
0.667198
-0.303647
-0.562482
0.347691
-0.516827
0.711016
0.464284
0.099935
1.088779
-0.663759
0.209525
-0.071799
0.271997
-0.035890
-0.354824
-0.057994
0.436263
0.938713
-0.217151
0.499048
-0.104254
-0.437315
-0.916425
-0.015400
-0.130398
0.313868
-1.046887
-0.264711
0.905018
-0.253755
-0.569129
-0.594687
-0.311917
-0.128150
-0.169012
-0.599986
0.481137
-0.894854
0.699916
-0.128836
-0.283040
1.067487
-0.089295
-0.608582
0.282035
0.161887
0.745581
-0.111213
0.015971
-0.899031
0.653075
-0.193220
-0.487434
0.239143
0.522217
0.310100
0.214384
-0.521045
-0.678496
0.054637
0.286415
0.029542
-0.139470
-1.149694
0.167449
0.135938
-0.949688
-0.157425
0.349714
-0.677436
0.857695
0.762172
-0.246402
-0.017617
0.423995
-0.301774
-0.387718
-0.507724
0.745010
0.230884
0.365749
0.159373
-0.641706
0.582647
0.027929
0.266392
-0.036679
-1.938395
0.217046
-0.532706
-0.014443
-0.361830
-0.523360
1.274203
0.424708
0.088088
1.243051
0.028697
-0.189035
-0.435483
-0.077627
0.003844
-0.486831
0.873506
0.595294
0.595490
0.138230
-0.139722
0.576659
-0.445086
0.057138
0.877758
0.674999
-0.555331
0.447931
0.289801
-0.452263
-0.686130
-0.847940
-1.039980
-0.652037
-0.239707
0.013899
0.646757
-0.042602
-0.516379
-0.344066
0.156517
0.306672
0.628551
1.097405
-0.543689
0.104472
-1.059271
0.741137
-0.001078
0.054216
0.591677
-0.382485
0.479660
-0.435870
0.474676
-0.879737
-0.004248
0.105003
-0.547695
0.153842
-0.607306
-0.002576
-0.846005
-0.131665
-0.367395
0.143585
-0.517414
0.760282
0.603113
0.019843
-0.642591
-0.769571
-0.151144
1.041219
-0.388462
0.637682
-0.548383
-0.506020
0.056160
0.014395
0.088778
0.101453
0.323801
-0.023187
-0.286292
0.332756
-0.186982
0.199795
-0.126855
0.433349
-0.129115
0.384216
0.628076
0.064402
0.042781
0.805625
0.420907
0.374962
-0.638830
-0.182695
0.402143
-0.057392
-0.407081
-0.437955
-0.509688
-0.473429
-0.295907
0.347603
0.508140
-0.591736
0.020980
-0.643077
0.858865
-0.098389
0.387127
-0.270100
0.202834
0.214276
0.028290
-0.645160
-0.038496
0.798005
0.255253
0.446658
0.594745
-0.155546
0.343585
1.337190
0.852713
-0.699904
0.409480
0.951270
-0.300446
0.626261
-0.294669
0.409416
-0.009613
-0.814024
0.113201
-0.704619
-0.757293
-0.273240
0.955946
-0.085504
0.766234
1.768953
0.618175
0.104630
-0.634098
0.188084
0.583480
0.199116
0.212636
0.095670
0.168241
-0.272743
0.007282
-0.495306
0.581395
0.990140
0.848868
-0.491594
-0.262550
0.418773
0.696057
0.180728
0.689427
0.345420
0.338399
-1.091044
-0.912032
-0.042795
0.612435
-0.537801
-0.144460
-0.497044
-0.523763
0.519058
-0.531445
-0.464178
-0.545255
0.274806
-0.611791
0.687453
-0.177983
0.252109
-0.046426
-0.948305
-0.074211
-0.195328
-0.165082
0.330304
-0.486585
-0.087578
1.080334
-0.343697
0.499716
-0.757757
0.149614
-0.041698
0.063550
-0.550865
-0.357024
0.346503
-0.271024
0.075022
0.042448
-0.053037
-0.026429
-0.806809
-0.210089
-0.195618
-0.379079
0.273941
-0.359546
0.266754
-0.717569
-0.317263
-0.458830
-0.692739
-1.057692
0.457408
0.831247
0.495541
-0.073612
-0.045903
0.375723
-0.102865
-0.092284
0.590922
0.192876
0.808388
0.327431
0.169499
-0.537565
-1.006567
0.293844
-0.479843
-0.222553
-0.089900
-0.522485
0.084111
0.044371
-0.533977
0.609125
-0.261445
0.139395
-0.505240
-0.513977
-0.031761
-0.057085
-0.655766
0.000955
0.091688
-0.255761
-0.432251
-0.364365
0.542162
-0.211689
0.179213
-0.484129
-0.433585
0.571198
-0.054117
-0.198656
-0.690203
-0.792536
-0.661006
0.830045
0.098192
0.348705
-0.240772
0.930731
-0.726909
-0.470600
-0.232769
-0.344137
-0.499380
-1.005137
0.011852
0.050734
-1.844787
-0.659468
-0.012697
-0.130028
0.349834
-0.293033
-0.396631
-0.042313
0.794182
-0.877410
0.056010
-1.108894
0.626080
-0.208648
-0.040179
1.058184
0.252726
0.729451
-0.293280
0.058907
0.533396
0.323030
0.388667
-0.076576
0.038974
0.170145
0.382557
-0.802387
1.757430
0.537844
0.411230
0.176945
1.141640
-0.613822
-0.220139
-0.254685
0.960856
0.467442
0.289699
0.131944
-0.009221
-0.318753
0.152925
-0.018492
-0.146188
0.320741
0.925398
-0.551157
0.914065
-0.651191
0.231136
0.819612
0.378747
0.937257
0.439150
-0.018259
