-0.457036
-0.609797
-0.380729
0.139912
0.292456
-0.301355
-0.035096
-0.082939
-0.397966
-0.440251
0.501355
-0.327220
-0.227116
-0.335890
0.525036
-0.406971
-0.011455
0.654032
0.079157
0.194791
0.067944
0.411817
0.441836
1.181842
0.851814
-0.118539
-0.974957
0.338970
0.231532
0.288039
0.766136
-0.835586
-0.352769
0.040015
-0.166526
-0.367698
-0.209576
-0.740033
0.377354
0.809520
-0.222049
0.690645
0.614650
-0.101524
1.053935
-0.788670
0.121057
-0.058860
0.537092
-0.614856
-0.945707
0.177601
0.610620
-0.215931
1.162079
0.469547
-0.632109
0.621270
-0.136557
0.042879
-0.182761
0.214152
0.031670
-1.340071
-0.487505
-0.768280
-0.082417
-0.795771
-0.721884
0.723572
1.125334
0.122829
-1.083762
-0.181909
-0.235073
0.880731
-0.152008
0.764410
0.537141
-0.582188
-0.629460
-0.390726
-0.301094
0.081618
0.132457
0.066056
0.089839
0.441453
0.959076
-0.314810
0.646642
-0.574085
-0.113423
0.677356
-0.731373
-0.782992
0.141582
-0.225112
0.072709
0.011420
0.805099
1.037843
0.850156
-0.246912
0.096626
0.366007
0.627315
-0.073168
-0.073623
0.035819
0.362373
0.591898
-0.169396
0.458918
-0.626089
-0.475053
0.335434
-0.860274
0.303165
-0.663151
0.462210
-0.233603
0.030983
0.992889
-0.250697
0.581297
0.557720
-0.014114
-0.517527
-0.413844
0.149420
0.500258
-0.921982
0.019498
-0.647378
-0.518059
0.683502
-0.444629
0.104520
0.508245
-0.753783
-0.455698
-0.356744
-0.146278
-0.616965
0.451025
0.226179
-0.053084
-0.271661
-0.231416
-1.460941
0.026028
0.646188
-0.263457
-0.817804
0.266237
-0.196165
-0.621928
-0.593552
0.632970
0.869182
-0.275639
0.288014
-0.380115
-0.338997
-0.918497
0.350439
0.403561
0.582981
-0.157590
-0.297155
0.061637
0.147268
-0.063176
-0.263183
-0.402238
-0.088859
-0.321925
-0.008707
-0.068986
-0.359937
-0.137219
-0.405043
-0.625041
-0.356708
-1.070748
-0.293730
-0.550972
0.336791
0.570253
0.743400
0.723756
-0.447367
-0.097563
-0.433007
-0.334892
-1.523043
-0.582423
-0.301421
-0.206405
0.475205
0.263031
0.204235
-0.189432
-0.679423
0.094191
0.439373
-0.702715
-0.671131
1.038111
0.775004
0.565083
0.395831
-0.436322
-0.107792
-0.231767
0.129834
-0.272301
0.234665
0.468421
-0.855894
-0.870458
-0.603992
0.089655
-0.411696
0.195184
0.275624
-0.717958
0.520744
-0.220743
0.009679
0.693149
0.054868
0.264266
0.661615
0.957963
-0.260986
0.672499
0.177680
-0.531173
-0.143444
-0.388423
-0.828119
0.286004
-0.390416
1.277579
-0.202197
0.714575
0.198535
0.085432
0.307770
-0.367336
0.054898
-0.836351
1.486193
-0.004923
0.545415
0.158338
-0.564782
-0.015944
1.198025
-0.030335
-0.081061
-0.474406
0.267078
0.210180
-0.005867
0.040671
0.494254
0.259673
-0.444495
0.684770
0.281750
-0.257143
0.170018
0.752509
-0.270337
0.278120
-0.131936
0.410343
0.603137
0.166187
0.716492
0.110799
0.324776
0.071670
-1.000313
-0.554906
0.011465
-0.129897
0.245604
-0.331354
-0.064861
-0.093363
-0.210595
-0.558598
0.203532
1.007840
0.313761
-0.101881
-0.097645
-0.719107
0.667507
0.440911
-0.959842
-0.535221
0.945553
-0.726083
-0.146325
-0.074004
0.052095
-0.559304
-0.394436
-0.483499
0.105929
0.389297
0.440664
0.181561
-0.070774
-0.022562
-0.761552
-0.015409
-0.594043
-0.380476
0.476271
0.526837
0.012062
-0.675128
0.004030
0.050719
-0.295018
-0.779652
-0.913809
-0.005347
0.234328
0.463584
0.522609
0.287536
0.016890
-0.509048
-0.716756
-0.897884
0.406512
-0.268896
0.845134
-0.539944
-0.472530
0.575484
-0.166802
0.389011
-0.127148
-0.579748
0.406589
-0.630527
-0.231813
-0.068246
1.402205
-0.403021
-0.446079
0.139644
0.322283
-0.090404
-0.101283
0.797792
0.050900
-0.889102
-0.667984
0.011709
0.350035
0.306864
-0.788895
0.084963
0.784490
-0.171171
-0.158948
-0.074485
-0.253539
0.366249
-0.306097
-0.487667
-0.168633
-0.343191
0.195526
-0.173319
0.418122
0.295046
0.033790
-0.660500
0.586135
0.121607
0.510997
-0.320211
0.041144
-0.962523
0.241703
-0.567436
-0.722957
-0.604827
0.209728
0.364297
0.291027
-0.171258
-0.690015
-0.196916
0.475839
0.114240
-0.287195
-0.891763
0.322060
0.108414
-0.271617
-0.268595
0.691733
-1.250911
0.698616
0.015418
-0.471594
-0.058413
0.010390
-0.372166
-0.749518
-0.146537
0.828381
-0.300632
0.650196
0.239830
-0.071074
-0.177964
-0.464720
0.386996
0.344984
-1.430045
0.405075
-0.700742
-0.007052
-0.765485
-0.341882
0.870874
0.383297
-0.095626
0.863125
0.196034
-0.282069
-0.646555
-0.101200
0.077799
-0.197930
1.191563
0.720762
0.370389
-0.167149
-0.138730
0.176336
0.105954
0.163934
0.490463
0.662634
-0.257708
0.205553
0.929651
-0.171558
-1.063724
-0.616681
-0.055158
-0.439251
-0.188567
-0.277794
0.465114
-0.287424
-0.684103
0.069817
-0.212099
0.620672
0.333411
0.615618
0.184148
0.100391
-0.627266
-0.192523
0.226499
-0.364319
1.070431
-0.573552
0.801796
-0.750369
0.279458
-0.517001
-0.118528
0.428037
-0.768995
0.021073
-0.624907
0.396436
-0.453168
-0.017364
-0.615093
-0.242559
-0.235418
0.485695
0.099574
-0.008754
-0.169312
-0.855092
0.315496
1.204300
-0.537322
0.979840
-0.901416
-0.274689
0.134101
-0.066887
0.309582
0.408871
1.095279
0.015481
-0.524727
0.798582
-0.290771
0.083320
0.275238
-0.800907
-0.577776
0.622896
0.668843
0.048947
0.116385
0.620554
0.558335
0.566484
-0.458462
-0.130328
0.723873
-0.327788
-0.160792
0.730158
-0.284752
-0.648749
-0.509736
0.636821
0.277683
-0.558098
0.312534
-0.705849
0.588761
-0.089617
0.436136
-0.279868
0.180189
0.093524
0.202640
-0.656697
-0.006764
0.177022
-0.251610
0.347717
0.480818
-0.759881
-0.352029
0.617436
0.837579
-0.017528
0.128618
0.727217
-0.528384
0.731718
-0.323887
0.062193
0.533586
-0.341483
0.269858
-0.098039
-0.083927
-0.513108
0.282213
-0.320407
0.946777
1.416522
-0.094001
-0.022935
-0.543732
-0.601718
0.249220
0.549676
-0.047221
-0.189976
-0.023536
-0.009470
-0.182843
-0.267553
0.309657
0.721930
-0.104910
-0.184938
0.122461
-0.120127
0.946340
-0.084384
0.684233
0.568319
0.616626
-0.738814
-0.426431
0.304365
0.604781
0.461459
-0.339866
-0.468520
-0.307883
1.071860
-0.711472
0.078731
-0.213341
-0.166693
-0.305177
0.656400
0.105472
0.330966
-1.272476
-0.406436
0.027338
0.542949
-0.078673
0.302212
0.159413
0.111322
0.410052
-0.028974
0.037321
-0.396336
0.588570
0.007907
-0.230351
0.104855
-0.564202
0.565077
0.438661
0.576288
0.151516
0.223226
-0.290020
-0.851210
0.138414
-0.143695
-0.893186
0.550184
-0.424726
0.071914
-0.738745
0.462158
0.394574
-0.342852
-0.891952
0.138678
-0.078894
0.456769
-0.255104
0.029386
0.608529
-0.196116
-0.696395
0.356201
0.236109
1.006571
0.177618
-0.161419
-0.285105
-0.059513
0.302422
-0.363359
-0.335456
-0.052939
-0.380905
-0.701975
0.066460
-0.241594
0.817334
-0.489890
-0.550372
-0.421359
-0.852687
-0.059966
-0.465379
-0.531866
-0.618212
0.224756
-0.237701
-0.696428
-0.325730
0.318346
-0.077178
-0.071969
-0.726326
-0.914265
-0.094574
-0.129332
-0.139180
-0.298621
-0.771773
-0.311615
0.133000
0.176966
0.344574
-0.218247
0.479689
-1.020043
0.208983
-0.045344
0.114134
-0.293520
-1.037908
0.132081
-0.102303
-0.736457
-0.565107
0.053358
-0.542208
0.300283
-0.382721
-0.206352
0.165147
0.515836
-1.307316
0.174380
0.265200
0.046360
0.443640
-0.428572
0.801016
0.669891
0.251314
0.092598
0.262497
0.555481
0.460713
0.450287
0.046187
0.082905
-0.336680
0.599328
0.062125
1.571308
-0.133138
-0.038624
0.030129
1.391776
-0.748827
-0.178230
-0.214770
0.889698
0.072763
0.495562
0.337875
0.260961
0.171477
-0.663007
0.183053
-0.467262
-0.092805
0.269339
-0.218208
0.698115
0.084029
0.735738
0.597844
0.122655
0.426333
0.692647
-0.295905
