-0.186628
-0.146847
-0.279673
0.400882
0.500580
0.018435
0.083828
-0.508997
-0.383489
-1.359288
0.450016
0.103168
0.361735
0.516612
0.490298
-0.006160
0.057886
-0.106029
0.290152
0.307515
0.292035
1.209373
-0.189861
0.952371
0.915735
-0.167099
-0.934271
0.504899
0.060555
0.304266
1.091072
-0.477831
-0.063488
-0.308550
-0.765058
-0.168707
-0.899470
-0.254036
-0.076119
1.053220
0.075426
0.339935
0.652877
-0.296424
0.739157
-0.061610
0.363682
0.156573
0.441453
-0.348811
-0.760328
0.171736
-0.733448
0.233626
0.945412
0.254891
-1.025840
0.853462
0.030803
-0.211759
-0.303211
-0.835948
0.014206
-1.171875
0.279052
-1.013056
0.080631
-0.401471
-0.631653
-0.080707
0.755856
0.052909
-0.780099
-0.149874
-0.152773
-0.006661
-0.395136
0.708551
-0.711465
-0.142550
-0.215189
-0.088333
0.700839
0.037060
0.761470
0.023375
0.533706
0.886756
0.169721
-0.517310
0.087893
0.454126
-0.053503
1.459889
-0.362176
-0.519562
-0.211401
0.720941
-0.039759
-0.086814
0.218367
0.351396
0.205861
0.491857
-0.648577
-0.074578
0.069932
0.113117
0.189633
-0.266026
-0.105498
-0.291095
0.710556
0.186589
-0.192428
-0.364493
-0.010773
-0.467477
-0.755843
-0.332070
-0.013591
-0.418810
0.021196
0.759910
-0.687963
1.019701
-0.533495
-0.690394
-0.774160
-0.993059
0.078581
0.625725
-0.891416
0.009130
-0.249720
-0.479477
0.365968
0.202368
0.363317
-0.377239
-0.806396
-0.708041
-0.267833
-0.045966
-0.321490
-0.145682
0.158784
-0.050173
0.045873
-0.035246
-0.672146
1.356613
0.802581
-0.252643
-0.487964
0.834828
-0.502660
-0.612823
-0.271981
0.654766
0.291104
0.365448
0.366744
-0.084870
0.009731
-0.470782
0.507240
0.014766
0.175105
0.058406
-0.044792
0.686911
-0.170399
1.103846
-0.262608
-0.437902
-0.657223
-0.292308
0.464372
-0.121883
-0.636733
0.020732
0.197077
-0.834709
0.552536
-0.864109
-0.676083
-0.614505
0.330979
0.488039
0.101522
0.402509
-0.172135
-0.113865
-0.239447
-0.155903
-1.074462
0.873096
-0.361888
0.528983
0.841130
0.579832
0.592969
-0.814599
-0.937902
-0.004508
0.014696
-0.519700
-0.411226
0.346156
1.058460
0.428626
0.594463
-0.604706
-0.025000
-0.049773
-0.306528
0.420497
0.403171
0.338948
-0.326878
-0.389916
-1.384252
0.001592
-0.189453
-0.341826
-0.294309
-0.782563
0.144390
-0.115389
-0.318843
1.317752
0.952913
0.322767
0.709690
0.441072
-0.169984
0.354350
0.312283
-0.872635
-0.284295
-0.512092
-1.115320
-0.034320
0.685542
0.952976
0.254689
0.781826
0.959022
-0.389571
-0.625096
-0.297348
-0.315544
-0.931128
0.048490
-0.042057
0.274013
-0.154535
-0.350191
-0.008668
1.031372
0.301170
0.042443
-0.167715
0.331224
1.094467
-0.193176
0.442841
0.656524
0.122954
-0.058979
0.396300
-0.847260
0.113865
-1.071863
-0.354362
-0.001175
-0.462028
-0.297677
0.024586
0.154912
-0.142455
0.053209
-1.027758
0.437203
0.101618
-0.665568
-1.109087
-0.063275
0.473020
0.199110
-0.429977
-0.045688
-0.249128
-0.265223
-0.218108
0.473390
0.493933
0.213108
0.111766
0.171224
-0.485997
0.593969
0.125582
-0.576007
-0.186652
0.776860
-0.014468
-0.033579
0.480450
0.536708
-0.311262
-0.616968
-0.039216
0.209439
-0.113704
-0.372840
0.115335
-0.007439
-0.010815
-0.776338
0.204870
-0.713991
-0.845105
-0.035958
-0.147279
0.128506
-0.278317
-0.005614
-0.467592
0.395207
-1.027474
-0.523869
-0.438494
0.323864
0.980097
0.471766
-0.058701
-0.295786
-0.705352
-0.245127
-0.015187
-0.191697
-0.000940
0.340400
-0.360474
-0.687174
0.277214
0.408352
0.283226
0.020059
0.265586
-0.111845
0.063952
-0.722454
0.067725
0.168008
-0.624794
-0.534123
0.386810
0.387876
-0.143900
-0.976550
0.660872
0.217028
-0.752834
-0.754727
0.137733
-0.428457
0.327132
0.515936
0.272841
1.180194
-1.163419
0.264574
-0.014436
0.081820
0.485152
0.821535
-0.560218
0.621698
-0.028893
0.098372
-0.494106
0.212267
0.582999
0.200713
-0.169371
0.464709
-0.047003
1.244503
0.108049
-0.325652
-1.084543
0.717229
0.190542
-0.580063
0.621394
0.126025
0.494931
-0.464941
-0.504049
-0.293400
-0.581237
1.128152
0.124576
-0.316304
-0.407304
0.186222
0.091373
-0.518131
0.294917
0.279407
-0.150650
0.235524
0.402447
-0.590631
-0.288696
0.135864
-0.246078
0.493172
-0.682994
0.645724
-0.084986
0.201592
-0.341234
0.055794
0.252731
-0.116767
0.397386
0.120240
-1.088924
0.026216
0.020132
0.004276
0.423292
0.521367
1.212457
0.020324
-0.241690
0.690340
-0.650524
-0.663036
-0.978679
-0.136399
0.104966
-0.212822
0.764213
0.126658
0.655400
0.282736
0.547552
-0.081462
0.144191
0.297485
0.848998
0.449250
-0.728351
-0.147009
0.108358
-0.193352
0.090866
-1.188385
-0.662527
-0.741091
-0.748184
0.268214
0.307684
-0.015817
-0.332841
0.500118
0.045743
0.933077
0.265404
0.059217
-1.276888
0.533348
-1.004321
0.958504
-0.239574
-0.481582
0.318097
-0.465048
0.421707
-0.588601
-0.056038
0.043977
0.633286
-0.045613
-0.305123
-0.092153
-1.076536
0.688284
-0.911101
-0.337790
0.165452
0.336031
-0.023528
0.316726
-0.568168
0.301005
-0.232593
-0.513584
0.746885
0.441044
-0.165214
0.874654
-0.888632
-0.938766
0.216372
-1.460790
0.468686
-0.676123
-0.015853
0.042363
-0.728972
-0.011449
-0.079742
-0.086170
0.511356
0.315270
-0.226292
0.961151
0.548926
0.460600
-0.103089
0.449534
-0.472545
0.304746
0.511595
-0.084893
0.114372
-0.100758
0.140551
-0.653398
-0.465220
-0.637622
0.115818
0.393744
0.095823
-0.599949
0.245662
-1.046249
0.807248
-0.278095
0.690346
-0.483080
-0.408575
-0.150640
-0.283446
-0.499917
-0.297296
0.593536
-0.797024
0.521034
-0.430798
0.729108
-0.193900
0.303684
0.758398
0.124273
0.423965
0.929273
-0.786966
0.857073
-0.505823
0.327166
0.160994
-0.936705
0.275615
-0.789192
-0.902463
0.552149
0.474266
-0.401861
0.633022
0.576359
0.319599
-0.225991
-0.748933
0.708295
0.648477
0.050036
-0.035700
-0.809496
-0.134460
-0.474902
-0.067338
0.399165
-0.314510
0.664662
0.460062
-0.589971
-0.735185
-0.070850
0.843578
-0.560299
1.075588
0.710071
0.345671
-0.468654
-1.018360
0.835023
0.317572
0.139636
0.146938
-0.272249
0.820505
0.560011
0.099203
0.097237
0.210673
0.276400
-0.486592
0.115152
0.019820
0.713674
0.202868
-0.676710
0.744501
0.811970
0.028053
0.353833
-0.694752
0.379696
0.343763
0.159381
0.654121
-0.475422
0.006219
-0.346744
-0.357952
-0.043971
-0.392916
0.882640
0.476084
0.076653
0.466348
-0.177246
0.639553
-0.768294
0.118978
0.183017
-0.524572
0.802522
-0.412120
0.360961
-0.783048
-0.567316
-0.258972
-0.322113
-1.309815
0.403324
0.815666
0.389763
0.469756
0.038998
1.036961
-0.570164
0.392905
0.131514
0.252002
0.513967
-0.107575
-0.479724
-0.144875
-1.422502
0.001979
0.241716
-0.729015
-0.900931
0.358017
-1.021863
0.052049
-0.704598
0.692794
-0.532047
-0.076507
0.564177
-0.622057
-0.371509
-0.548877
-0.206457
-0.376770
0.110819
-0.518333
-0.695963
-0.054020
0.363415
0.387083
-0.131719
-0.567926
-0.139927
0.242400
0.260785
-0.240814
0.497685
-1.736514
-0.245294
0.762324
0.140663
1.248369
-0.329280
0.155152
-1.182393
0.365779
0.085565
-0.262481
-0.710282
-1.365637
0.200456
0.537580
-1.198499
-0.634174
-0.188693
-0.142845
-0.221083
-0.306429
0.088094
0.270651
0.755887
-1.059340
-0.185518
0.399111
-0.213498
-0.236920
0.321074
0.401398
0.616635
0.421457
-0.407594
-0.091888
0.477368
0.171134
-0.082142
0.108182
-0.390894
-0.870499
0.151603
0.045629
0.881861
0.345602
0.037418
0.804223
0.349346
-0.518042
-0.859245
0.044865
0.777577
0.826694
0.528011
0.510916
0.516053
-0.311270
-0.029110
0.294571
0.045181
0.092992
0.960739
-0.372443
0.530216
-0.117961
0.099449
0.365247
-0.466002
0.553169
-0.006207
-0.183460
