0.336734
0.065292
0.094959
0.460030
0.499507
0.538769
-0.350942
-0.561480
0.663204
-0.707648
-0.289563
0.339344
-0.323911
-0.238921
0.679941
-0.655925
-0.836420
0.191617
0.203630
-0.834044
0.046584
0.409813
0.927718
-0.042630
0.493361
-1.200912
-0.571779
-0.537252
0.157932
-0.206157
-0.847822
-0.330452
-0.019251
0.254029
0.470143
-0.111699
0.093412
-0.358773
-0.483233
0.273394
-0.466956
0.067597
-0.093343
-0.071973
0.319841
-0.127666
-0.034123
-0.073208
0.184650
0.795557
0.626947
0.283071
0.095074
0.138892
-0.302033
0.031335
-0.411164
0.172727
0.064167
-0.321160
0.421458
0.355694
0.043130
0.369681
0.282325
-0.548747
-0.785393
0.425992
0.351266
0.330144
-0.053915
-0.448308
-0.068756
0.011821
-0.851650
0.016554
-0.677397
-0.485805
-0.424269
0.610530
0.373653
-0.067539
-0.904606
-0.485143
0.441343
-0.578863
0.193594
-0.216746
-0.678980
0.726848
0.197402
0.188882
0.706990
-0.249985
-0.151166
0.465033
0.082814
-0.419735
-0.110200
-0.134499
0.024682
-0.045910
-0.557250
0.281741
0.225050
0.390848
-0.121638
0.984557
0.748211
0.329132
0.390305
-0.409460
-0.047903
-0.214177
0.359917
-0.379066
-0.357793
0.010571
-0.369331
-0.710658
-0.493042
0.046474
0.074979
-0.406578
-0.648897
0.334382
0.108947
0.288174
0.069297
-0.762168
-0.883747
0.098427
-0.758505
0.042064
-0.854344
0.407661
0.270362
0.837938
-0.309039
-0.477937
0.949859
-0.212256
0.352609
0.355331
-0.077824
-0.306291
-0.173620
-0.099901
0.461567
1.011247
-0.572700
-0.173651
0.329791
0.523092
0.233485
-0.137661
-0.009237
-0.180160
0.423612
0.264313
0.004216
0.356564
0.342645
-0.646665
0.104618
-0.314933
0.132083
0.163490
0.883744
0.009719
0.158958
0.441499
0.022285
-0.148341
0.336038
-0.494861
0.118715
-0.653197
-0.160686
-0.499955
0.221750
0.261432
-0.220327
-0.539901
0.459093
-0.336427
-0.477114
0.520649
0.434301
-0.530275
0.511433
0.140634
0.143247
0.667822
-0.412968
0.005566
1.035034
-0.210928
0.645085
0.495330
0.539477
-0.663181
0.388151
0.797766
0.117538
-0.171689
-0.411951
-0.764213
0.021530
-0.225891
0.293430
-0.082997
-1.069711
-0.312479
-0.712547
-0.339267
-0.361082
-0.253696
-0.162514
-0.435929
-0.151569
0.224773
-0.247343
-0.139915
-0.691839
0.185349
0.427216
0.005671
-0.098618
0.430426
-0.594649
-0.177822
0.106907
0.265703
-0.005755
-0.640281
0.593798
-0.432977
-0.116143
-0.807521
0.254679
-0.449439
-0.012939
0.250213
-0.214952
0.252361
0.187883
-0.184959
-0.339723
-0.653132
-0.059087
0.342975
-0.434688
-0.097236
0.208299
0.125819
-0.207373
0.451167
-0.515816
-0.034009
-0.323628
0.071737
0.430736
1.338842
0.128418
0.174112
0.096124
0.260384
0.029600
0.805338
-0.670905
-0.089124
-0.124036
0.005039
-0.040541
0.141723
0.417251
-0.370696
-0.479240
-0.406913
0.268913
1.007136
-0.056645
0.319257
-0.138004
0.691041
-0.299655
0.073480
0.037947
-0.170103
0.270828
-0.949789
-0.077179
0.145369
0.163862
-0.637004
-0.470968
0.713383
-0.119770
0.443497
-0.012951
-0.177132
0.423358
0.297794
0.167877
0.219168
1.333962
0.182775
0.010034
0.672156
0.687054
0.595613
0.403998
-0.292849
-0.608468
-1.148755
0.791029
-0.159776
0.739607
-0.035930
-0.031924
0.070016
-0.313327
0.309835
-0.229627
-0.188130
1.335835
-0.927666
-0.044749
0.843526
-0.322749
-0.614440
-0.442768
0.593166
-0.439798
0.231317
0.031773
-0.071171
-0.867985
0.583556
-0.621399
0.189702
-0.407700
0.329718
0.153764
-0.062232
-0.157238
-0.361565
-0.254958
0.040955
0.220783
-0.431151
0.016126
-0.319182
0.339580
-0.079083
0.517948
-0.126757
0.089603
-0.548222
0.427541
-0.069756
-0.173524
-0.055005
0.534988
0.310155
0.626932
0.099684
0.468608
0.540799
-0.927235
-0.110213
-0.178734
-0.298106
-0.651494
0.074912
0.720511
-0.134952
0.674579
0.015741
-0.396563
0.456668
-0.742377
-0.255708
-0.151310
-0.504656
0.065024
-0.193984
0.129355
0.079977
0.363599
0.505515
0.129224
0.493641
0.347003
-0.522431
0.195981
1.201872
-0.002623
0.189637
-0.150007
-0.210700
0.173210
0.385605
0.734605
-0.310416
-0.329127
-0.357809
-0.052948
-0.561192
-0.030514
-0.004645
-0.988083
0.701993
-0.128282
-1.157437
-0.125517
0.286447
-0.695777
-0.089379
0.489139
-0.206540
-0.356429
0.210566
-0.696411
-0.809290
-0.327610
-0.408608
0.110174
0.618276
0.623381
-0.070952
0.521875
-0.661111
-0.061884
0.575015
0.045480
-0.090447
1.210845
0.627374
0.370795
0.993675
-0.114033
-0.700655
-0.079080
-0.297820
0.840652
0.242190
-0.118589
0.234704
-0.287046
-0.602900
-0.416541
-0.381420
0.319256
-0.147398
-0.055089
-0.048967
-0.089300
-1.040298
0.388110
-0.220655
-0.060112
0.644235
0.503540
-0.426814
0.178704
-0.811625
-0.247163
-0.009672
-0.103010
-0.106767
0.536848
0.725834
0.546611
-0.711602
0.238161
-1.038951
0.807873
0.549350
-0.390270
0.082982
-0.265342
-0.452203
-0.560204
1.115065
-0.275862
0.200281
0.890274
-0.317174
-0.114208
0.868424
0.418563
0.480584
-0.283742
-0.437723
-0.023420
0.895341
-0.734839
-0.455394
-0.580067
-0.883434
-0.092871
-0.082584
0.295251
-0.286863
0.211015
-0.428060
0.525851
-0.279600
-0.746487
0.656957
-1.029495
-1.009991
-0.346577
-0.374416
0.332147
0.238754
0.365299
0.015225
-1.143722
-0.465105
1.167253
0.259867
-0.222486
-1.049071
-0.047253
-0.487597
-0.423033
-0.493944
0.167018
-0.038097
0.157636
0.509379
0.029435
0.240949
0.235378
-0.366348
-0.368401
0.449953
0.467469
0.558773
0.289065
-0.165961
-0.003042
0.803551
0.393417
0.308607
-0.080925
-0.397314
-0.574245
-0.322176
-0.601481
-0.548842
0.171548
0.403053
-0.703474
-0.219262
0.663544
0.246924
0.039389
-0.780918
0.437164
-0.718909
-0.226019
-0.822911
0.357646
-0.639603
0.103209
-0.413980
0.657617
1.481750
-1.016643
0.045527
-0.487650
-0.017485
0.336009
0.045676
0.963134
-0.345617
0.384841
-0.580370
-0.294459
0.028535
-0.489052
-0.066885
0.960089
0.521562
0.979131
-0.211065
0.171837
-0.598154
-0.105197
-0.436156
0.484785
-0.359808
-0.344427
0.631867
0.524359
0.232915
0.978978
-0.321089
-0.716760
-0.019528
0.006319
-0.071384
0.615951
0.599989
-0.453340
-0.323541
0.190642
-0.131236
0.428780
0.022949
0.744152
0.131934
0.202815
0.640753
0.477236
-0.254685
-0.552631
-0.566879
0.206566
-0.453047
-0.315566
0.530534
0.087656
0.418982
-0.744041
0.794157
-0.290456
-0.454833
0.657434
0.376574
0.228350
0.767682
-0.531993
0.134864
0.050120
0.192997
0.027510
0.345423
0.163631
-0.206035
0.596461
-0.177717
-0.192609
0.807338
-1.127134
-0.159076
-0.022934
-0.435162
-0.455501
-0.494054
-1.118552
-0.733574
1.066575
-0.210282
-0.314504
-0.943742
0.089337
-0.308487
0.166548
0.207262
-0.278484
-0.315845
0.026003
0.022604
0.217174
-0.751590
-0.069625
-0.283866
-0.252563
0.076407
0.140559
0.647804
0.491621
-0.524619
0.185842
0.537117
-0.081533
0.524548
0.834524
0.237353
0.660623
-0.288731
-0.496112
0.013007
-0.130769
0.103584
-0.663195
0.154317
-0.285258
-0.838370
-0.690530
-0.512119
0.591754
-0.073317
-0.063734
0.859980
0.103563
-0.347826
-0.237708
0.088485
0.559649
0.673488
-0.207477
-0.194396
-0.370590
0.540597
-0.259252
-0.378249
0.863328
0.230634
0.069403
0.287835
-0.577255
0.548023
-1.139870
-0.074658
0.507603
0.077318
0.442035
0.148371
0.143965
0.260294
-0.201414
0.370629
0.007412
-0.183430
0.258708
0.219617
-0.210872
0.410468
-0.852893
0.610849
-0.092532
-0.360701
0.896591
0.397233
-0.664247
1.323120
0.771138
0.300647
-0.357478
-0.143896
0.010678
0.068497
-1.324890
-0.022106
0.685032
-0.165273
-0.163007
0.268757
-0.667748
-0.713912
-0.168777
0.261706
0.774683
-0.578387
-0.805015
0.114696
-0.296831
0.616102
-0.786612
0.657954
0.070700
0.823567
