0.248008
-0.069548
-0.371363
0.471304
0.594010
0.363078
-0.650879
-0.744807
0.963116
0.093501
-0.127032
0.190538
-0.667691
-0.487436
0.557360
-0.250065
-0.558894
0.131855
0.371791
-0.583614
0.199838
0.072431
0.559611
0.054564
0.770493
-1.049893
-0.816905
-0.479503
0.073182
0.320188
-0.382687
-0.396435
-0.046245
0.296912
0.199441
-0.076071
-0.165985
-0.601848
-0.369605
0.227818
0.111193
-0.315762
0.080431
-0.206881
0.596078
-0.194932
-0.486618
-0.444716
-0.456365
0.633314
0.255958
0.123132
-0.163966
-0.050520
-0.493542
-0.689209
-0.919031
0.111091
-0.109525
0.176883
0.461761
0.296009
0.006571
0.536145
0.167403
-0.670558
-0.940543
0.095440
0.001815
0.696866
0.302210
0.010470
-0.133006
-0.325246
-0.895064
-0.368408
-0.007373
-0.677502
-0.682578
0.309875
0.843598
0.592411
-0.670054
-0.353608
0.122546
-0.972085
0.597423
0.448171
-0.083188
1.118216
0.681863
0.170977
0.735923
0.147637
0.174908
0.354564
0.114327
-0.627391
0.396714
-0.662726
0.067910
0.289710
-0.256643
0.037011
0.212301
0.799037
-0.295170
0.515737
0.509917
0.114884
0.258170
0.001356
0.515630
-0.419861
0.477289
0.017273
-0.106551
-0.508639
-0.664378
-0.679827
-0.542652
0.669490
0.032446
-0.152110
-1.081904
0.366379
-0.125659
0.193024
-0.063615
-0.211965
-1.332712
0.108359
-1.061273
0.005899
-0.361518
0.290783
0.145612
1.474748
-0.330723
-0.112669
1.031374
0.010268
0.616895
0.474249
0.327664
-0.488509
-0.606904
-0.057834
0.369563
0.977479
-0.746079
-0.258628
0.407081
0.252414
0.316456
-0.305056
-0.178130
-0.112370
0.684748
0.399941
0.258423
0.506070
-0.074472
-1.101683
-0.626216
0.182284
-0.227472
0.227684
1.364722
-0.475341
0.654497
0.188607
0.188335
-0.063866
0.224823
-0.193602
0.234222
-0.459611
-0.202574
-0.357862
0.246312
0.821585
-0.533149
-0.219999
-0.343592
-0.152096
-0.853626
0.834927
0.511280
-0.651653
1.075706
-0.116917
0.014291
0.955239
-0.461759
0.105923
1.235150
0.000186
0.710142
-0.048521
0.326361
-0.503878
-0.018516
0.566620
-0.021735
-0.615366
-0.050097
-0.930697
-0.500293
0.190685
-0.198957
-0.242134
-0.677927
-0.286290
-0.947275
-0.885114
0.239551
-0.541411
-0.451773
-0.990572
-0.113008
0.259557
-0.095277
0.023310
-0.254056
-0.066861
0.030451
-0.224063
-0.440184
0.712754
-0.851564
0.074378
0.190460
0.290374
0.031616
-0.656760
0.386416
-0.192106
-0.393630
-0.982363
0.070529
-0.278865
0.055151
0.009459
-0.050882
-0.216859
0.361107
0.033495
-0.105159
0.157124
-0.407624
0.641829
-0.492108
-0.308323
-0.051057
0.002646
-0.644677
0.657993
-0.727470
-0.008995
-0.517865
0.277130
0.229302
0.761143
0.214103
-0.677404
-0.122531
0.132541
-0.394659
0.951775
-0.456843
-0.182595
0.270612
-0.176564
-0.475097
0.307508
0.117138
-0.708757
-0.212673
-0.636085
0.082490
1.012691
0.080252
0.194158
0.151377
0.429810
-0.467203
0.212000
-0.116651
-0.523007
0.542593
-0.671814
-0.054201
-0.078535
0.245602
-0.107860
-0.229128
0.740827
-0.349122
0.357734
0.334565
0.481715
0.494484
0.285533
0.117222
0.601271
1.335659
-0.198404
0.083044
0.944149
0.562383
0.790385
0.597808
0.098742
-0.626193
-0.563671
0.607978
-0.470058
0.262375
-0.027554
0.014006
0.504032
-0.073322
1.036282
0.232397
-0.476650
1.279061
-1.384897
-0.016565
0.259053
-0.239203
-0.253628
-0.387817
0.241607
-0.505592
0.673006
0.252969
0.479778
-0.619759
0.699260
-0.113612
-0.070315
-0.622432
0.008985
0.129377
0.135638
0.044562
-0.544200
-0.619637
0.920582
-0.329055
0.466461
-0.367080
-0.537922
0.398173
-0.442340
0.957586
0.673257
0.159063
-1.174350
0.365486
0.272576
-0.378388
-0.350757
0.441503
0.032947
0.633666
0.107614
0.337911
0.795301
-1.052834
0.188020
0.093498
-0.472021
-0.388301
0.297567
0.501939
-0.051366
0.316547
0.315701
-0.659293
0.992346
-0.639309
-0.067094
0.447004
-0.357639
0.380352
0.021649
-0.047791
0.361733
0.186083
-0.031627
-0.200360
0.485513
0.335223
-0.657744
0.515090
1.004357
-0.343657
0.275034
0.190471
-0.418359
0.008741
1.018073
0.381162
0.562241
-0.381633
-0.731759
-0.050806
-0.533649
0.269891
-0.140619
-0.328853
0.948241
-0.401162
-1.102737
0.031612
-0.267385
-0.988266
-0.116542
-0.111159
-0.028007
-0.848136
0.130464
-0.419311
-1.167335
-0.014430
-0.523758
0.467398
0.185814
0.197825
0.323492
0.347446
-0.132016
-0.020304
0.778446
0.133667
0.623742
0.533735
0.344562
0.386070
1.151115
0.296924
-0.876008
-0.214135
0.051057
0.482490
0.121446
0.369895
0.853362
-0.470206
-0.757773
-0.240694
-0.544144
0.922170
-0.018706
-0.417583
-0.052288
-0.332623
-1.312113
0.330814
0.221853
0.298811
0.301280
0.715340
-0.710027
0.332556
-0.683273
0.047620
0.087117
-0.149343
-0.256956
0.876447
1.046144
0.662134
-0.767002
0.051054
-1.470131
0.874027
0.824672
-0.556691
0.222302
-0.450079
-0.962533
-0.690338
0.987228
0.194488
0.242007
0.953572
-0.537748
0.529859
0.662700
0.321663
0.358294
-0.147257
-0.724325
-0.129211
0.260587
-1.010262
-0.052377
-0.554068
-0.856374
0.059025
0.364948
0.031299
0.137934
0.439811
-0.814245
0.323910
-0.035144
-1.009329
0.704132
-0.837955
-0.319245
-0.681125
-0.597276
0.474559
0.182760
0.075530
0.583825
-1.302089
-0.189388
0.738124
0.932569
-0.431179
-1.268751
0.002245
-0.385056
-0.092925
-0.510932
0.159222
-0.004684
0.022285
0.653382
0.552750
-0.295090
0.069401
-1.006923
-0.724387
0.599234
0.362977
0.298192
-0.317340
0.156595
0.137494
1.084439
0.851784
-0.250362
-0.175684
-0.789581
-0.994655
-0.222693
0.217484
-0.880917
-0.069914
0.473397
-0.965280
0.161537
0.668100
0.666264
0.859479
-0.368331
-0.033297
-0.957634
0.769873
-0.515190
0.533004
-0.729534
0.012387
-0.150545
0.725174
1.818534
-1.089012
-0.253110
-0.762700
-0.516128
0.267030
0.432713
0.923264
-0.191867
0.436160
-0.496658
-0.100709
0.367835
-1.180348
0.510049
0.721744
0.542021
0.730731
-0.032608
0.092429
-0.558342
-0.498445
-0.382759
0.096835
-0.422164
-0.628611
0.293235
0.718518
-0.084322
1.035810
-0.256141
-0.444611
0.300406
0.118372
-0.557608
0.312732
0.864122
0.021847
-0.204605
0.199453
-0.082732
0.791046
0.507216
0.537856
-0.176250
0.272419
0.805152
0.509203
-0.268593
-0.087689
0.057176
0.741555
-0.162848
-0.143467
0.193288
0.079874
-0.008221
-0.204324
0.534227
-0.375734
-0.575408
-0.201005
0.244484
0.703928
0.141316
-1.067048
-0.033483
0.293760
-0.137944
-0.411735
0.207506
0.466608
-0.492889
0.752138
-0.011026
-0.686166
0.423869
-1.769427
-0.071288
-0.055415
0.061730
-0.287269
-0.862152
-1.366561
-0.963491
1.116041
-0.728686
-0.383576
-0.886996
0.518325
-0.652134
0.442039
0.090840
-0.637215
-0.421683
-0.247320
-0.558501
0.676917
-0.685370
-0.364661
-0.355477
-0.272416
0.045818
0.032340
0.766660
0.632755
-0.328175
0.259860
0.479242
0.403575
0.192257
0.634087
0.776108
0.735127
-0.918762
0.334459
-0.355183
-0.143074
-0.507922
-0.840775
-0.044096
-0.354274
-0.126296
-0.620807
-0.730425
1.024436
0.306668
0.091137
0.540638
-0.017088
-0.371332
0.582348
0.684318
1.171996
0.484540
-0.526212
-0.540344
-0.057664
0.196135
-0.351745
-0.444703
0.788477
0.055268
0.154676
0.393575
-0.230284
0.285089
-1.639706
0.520350
0.127733
0.300472
0.469439
-0.192030
-0.443545
0.232539
0.059367
0.338240
0.526865
0.487790
-0.015243
0.219052
-0.359775
0.238426
-0.809916
0.943219
-0.081441
-0.534417
0.814360
-0.414407
-0.833677
1.008632
0.797196
0.083215
-1.024253
-0.329803
0.000229
-0.357799
-1.171217
-0.025165
0.934774
-0.177597
0.229514
0.184009
-0.595167
-0.613728
-0.392909
0.028821
0.903310
-0.518577
-0.576254
0.319028
-0.213334
0.770319
-0.726850
0.135960
0.380173
1.071393
