-0.573593
0.973999
-0.177192
0.386073
0.118970
1.458257
0.379008
-0.841233
0.205019
-0.865867
-0.825982
-0.691961
-0.998671
0.397821
0.305583
-0.754949
-0.413511
-0.149867
0.569814
-0.984909
-0.487577
0.031519
0.281328
-0.741488
0.022664
0.082011
-0.051889
-0.076351
0.303696
0.511585
0.241259
-0.161329
-0.056903
-0.876844
0.074151
-0.902623
0.487843
-0.511452
-0.567134
0.007985
-0.033152
-0.149498
0.151083
-0.023475
0.045487
1.037904
0.255875
-0.236751
-0.691987
-0.472643
0.786684
0.086243
-0.129432
1.175344
-1.818027
-0.005859
0.701365
-0.772955
-0.394448
-0.482837
0.476648
1.186752
-0.183835
0.040826
-0.794317
0.249341
0.138395
0.252644
0.695400
-0.704503
-0.310059
-0.024421
-0.814029
0.123623
-0.610411
-1.138108
-1.483800
0.308902
2.116011
-0.332171
-0.000303
0.569163
-0.361885
0.052377
0.146004
-0.089917
0.037066
1.003073
-0.516122
-0.407612
-0.782326
0.373053
-0.380894
-0.055194
-0.508562
-0.446671
1.015674
-0.713095
1.117256
-1.345692
0.033978
0.161728
-1.164628
-1.282151
0.747349
-0.565711
-0.585523
0.186660
0.085659
0.630491
-0.618986
0.942480
0.044823
0.815153
2.060244
0.715682
-0.367540
-1.702485
-0.554436
0.117474
-0.213223
-1.305925
-0.222223
1.060282
0.752843
-0.517340
1.946323
-0.027730
0.803159
0.078327
0.424025
0.823141
-0.195985
-0.175221
-0.139088
-0.379355
-0.272368
1.083099
0.547399
-0.576534
-0.011636
-0.258178
-0.359458
-0.726061
0.207235
-2.118829
0.377217
0.190211
-0.227208
0.037388
0.473314
-0.383366
0.485794
-0.514294
-1.468068
-1.015258
-0.092619
-0.675210
0.314927
-0.675979
0.506559
0.613517
0.341002
-0.533382
-1.410892
-0.423773
0.619253
-0.125909
-1.171843
-0.185472
-0.571291
0.019114
0.019411
0.959726
-0.378439
-0.584967
-0.052251
0.742408
-0.950204
-0.174283
0.484499
0.369712
-0.426471
-0.756575
-0.258595
0.381850
-0.352602
0.607667
-0.046810
-0.087237
-1.511771
0.574448
-0.498017
0.210891
0.579299
0.192280
-0.582462
0.370894
0.843029
0.670801
-0.116079
-0.097136
-0.399940
0.101973
-0.619886
0.921128
0.090430
-0.440481
1.196876
0.450064
0.096012
0.451478
-0.303208
0.132265
-0.398352
-0.846986
0.961913
-0.497832
-0.701088
-0.009770
-1.250412
-0.447932
-1.189506
0.570124
-0.093466
0.541462
-0.816944
0.134546
-0.412109
-0.722578
0.684759
0.362773
1.190913
0.166325
1.074558
-0.765732
0.545108
-0.161239
-0.848401
0.465208
0.763554
-1.097809
-1.725269
0.002863
0.755279
-0.728770
-0.904796
0.085647
0.377424
0.799384
-0.885608
-1.159431
0.047324
-0.555765
-0.298915
0.127491
0.716796
1.057435
0.813336
0.107260
-0.260394
1.047284
0.799890
-0.171994
-0.472865
0.524848
0.007775
1.449920
-0.652210
0.283663
-0.461139
0.085877
-0.565361
-0.411061
0.685131
0.686481
-1.088287
-0.211427
0.768754
2.455180
0.696495
-0.147837
0.596238
0.094939
0.819118
-0.880927
-0.429724
-0.602314
-0.309754
-0.289602
0.117228
-0.957447
0.169579
-0.456695
-0.233199
-0.762758
-0.566377
-0.597526
0.161236
-1.068726
0.371180
0.996439
-1.241811
0.074076
0.796407
0.579542
0.328849
0.317866
0.239956
-0.407507
0.160328
0.041184
0.458971
-0.030759
-0.842150
-0.648747
-0.459021
0.633718
0.348196
0.106938
0.251584
0.215308
0.756888
0.032520
0.149624
-0.213414
-0.143412
-0.276417
0.210709
-0.454689
1.747700
-0.622779
0.242926
-1.291071
-0.080977
-0.180379
0.386562
-0.612214
0.094089
0.855907
0.298805
0.082978
-0.037128
0.972749
0.199025
1.172243
1.080415
0.451384
0.205259
-0.267769
1.464232
-0.227019
0.001720
1.431967
0.185548
-1.373241
0.325004
-0.615853
-0.257869
1.136476
-0.250267
-0.480456
0.394400
-1.292982
-0.020373
1.214435
0.873078
0.747713
1.251375
0.707475
0.815704
-1.522845
-1.471315
0.927969
-0.115656
-0.508055
0.298301
-0.410677
0.172268
1.101751
0.322606
0.090305
-0.349123
-0.788232
-1.236599
-0.230743
0.712484
0.142983
0.292311
0.462177
-0.607152
0.294275
0.378378
-1.075056
-0.978554
0.190392
-0.643442
-0.095480
-0.402507
-0.085945
-0.947161
-0.837015
-0.897138
-0.595545
-0.144206
-1.289798
-0.841977
-0.443073
-0.138920
-0.272615
0.464996
-0.212526
0.135899
-0.491084
-0.054771
1.030441
0.628821
0.822025
0.249159
0.004309
-0.222040
-0.379106
0.658647
0.548520
1.131621
0.080195
-0.681756
-0.032731
-0.191944
0.304498
0.562057
0.994373
-0.407085
1.269400
0.172476
0.899308
-0.297597
0.531309
0.534108
-0.249925
0.812924
0.008569
-1.359800
0.239530
0.348070
0.322222
0.277241
-0.633954
-0.979146
-1.098194
-1.076550
-0.910148
-0.120427
0.040704
0.394480
-0.173100
1.412167
0.122934
1.319741
0.446273
-0.260588
-1.068535
0.059277
1.048965
-1.879158
0.680846
1.093013
-1.091945
0.308611
-0.181778
-0.026689
1.507717
-0.608490
1.622837
-0.263640
0.752647
-0.445065
0.247578
-0.271242
1.470768
-2.049207
-0.126298
-0.709582
0.224686
-1.114111
-0.905972
-0.721154
-0.128441
-0.681725
-1.142273
-1.038490
-0.717040
-0.435322
0.352918
0.573561
0.053982
0.500017
0.900481
-0.169541
-0.758378
-0.664777
-0.403936
-0.438539
0.953139
-0.099052
0.527370
0.244595
-0.476843
0.191354
-0.215089
1.918229
0.162964
-1.183314
-1.034627
-0.867828
0.713873
0.052999
-0.442418
0.072564
-0.053939
0.724682
0.176438
-1.149722
1.203888
0.736467
0.204450
0.693493
-0.620505
-0.451089
0.546548
-0.798287
-0.131456
1.938365
0.051536
0.324539
1.180342
0.344380
0.199296
-0.927147
-0.561892
-0.142231
0.841980
-0.160886
-0.219655
0.227585
0.357349
-0.197861
-0.669584
0.857475
-1.670185
0.445758
-0.106870
-0.204696
-0.530124
-0.215636
-0.435829
-0.242116
-0.215493
0.093899
-0.254199
-0.032510
-0.460081
-0.892673
1.341262
0.542209
0.390385
0.830329
0.437065
-0.486713
0.546193
0.878893
2.639052
-0.761038
0.857470
1.574180
0.994666
0.375966
0.293260
-0.523902
0.446003
0.399962
0.172963
-0.044981
-0.919478
0.230695
-0.767889
0.856636
-0.913833
0.598056
-0.355534
-0.516312
-0.812088
-0.158966
-0.600545
0.528859
0.198890
-0.165537
-0.341877
0.484249
0.604258
-0.173338
-0.868208
0.044257
1.332147
0.040217
0.106685
0.105286
1.685910
-0.821907
0.087884
0.101476
-0.439431
-1.121819
2.415491
-0.968950
-0.176760
-1.285003
-1.410745
-0.718876
-0.688718
0.644954
0.574115
0.297089
1.186769
0.544046
-0.267884
-0.544108
-0.121313
-0.159082
0.554338
-1.246142
0.528085
0.186295
0.329466
-0.202268
0.348885
-0.244044
-0.023425
-0.047925
0.437997
0.769467
-0.667910
0.224865
-0.623513
1.715415
0.445187
-0.061958
0.334179
0.052854
-0.521935
-0.036122
-0.000784
-0.000795
-0.037674
-0.187482
-1.277206
1.053398
-0.892385
0.210170
0.465068
-1.695174
-0.459813
0.845377
0.091991
-1.315115
0.004538
-1.600178
-0.863414
0.543511
0.863800
0.228759
-0.436347
0.446612
-0.189409
1.987562
0.938413
0.240725
-0.370830
-1.698194
0.107283
1.930773
0.234215
-0.630369
-0.204796
-0.789145
-0.657424
0.500233
-0.192821
0.114886
1.225592
0.310310
0.887258
0.755235
1.294869
0.442027
1.432515
-0.164364
-0.236776
0.134809
-1.030124
-0.214467
1.096743
0.264472
0.023489
0.295334
-0.597533
0.791434
0.392016
0.078637
0.186711
0.174299
0.201744
0.175079
-0.768465
0.374048
-0.837158
0.423624
1.037394
0.308650
0.340530
0.519418
-0.836053
0.301132
0.122085
-0.479575
-0.659968
0.650653
0.678375
-0.017745
-0.551627
0.421833
-0.675868
0.294947
-0.070342
-0.422232
-0.048678
0.818821
0.114199
-0.690661
-0.218357
-0.079588
-0.216507
-0.366575
0.590169
0.786998
-1.543977
-0.604834
-1.160395
0.021722
0.927710
-0.038500
0.047708
-0.969504
1.654842
0.639026
-0.391216
-0.177401
0.171416
-0.223411
0.583546
-0.779727
0.582528
-0.149165
0.273836
0.678522
-0.322271
-1.443697
-1.399431
