-0.187903
0.215426
-0.800792
0.826072
0.446906
0.754563
-0.076095
-0.265869
0.833836
-0.510225
-0.610169
0.152100
-0.627925
-0.438261
0.692610
-0.479823
-0.456033
-0.150127
0.324943
-0.583749
0.168963
0.443498
1.008971
0.544325
0.151530
-0.575286
-0.938640
-0.408537
-0.137524
0.047712
-0.552984
-0.213296
-0.115417
-0.207525
-0.002327
0.265220
0.493830
-0.557646
-0.646447
0.178389
-0.231708
-0.152225
0.190855
0.194042
0.607621
-0.392023
-1.012259
-0.039834
-0.139127
0.298988
0.148335
0.201723
-0.451470
-0.317162
-0.905754
-0.743691
-0.839715
0.460356
0.077991
0.096639
0.621458
0.536872
0.024735
0.835429
0.137158
-0.167768
-0.573245
0.003252
0.196361
0.287851
-0.230613
-0.469867
0.376261
0.272712
-0.816330
-0.721792
0.347172
-0.280134
-0.884655
0.126901
0.705842
0.224542
-0.754436
0.083296
0.163023
-0.260249
-0.044637
0.549918
0.029676
0.859079
0.151465
-0.074365
0.748349
-0.246995
0.018152
0.395613
0.268878
-0.590721
0.142112
-0.469468
0.035176
0.363414
-0.206862
-0.134252
0.316355
0.753585
-0.324473
0.447232
0.474487
0.113962
0.433425
0.162132
-0.779627
-0.510540
0.448599
0.175523
-0.232224
0.151251
-0.766862
-0.355550
-0.196289
0.565444
0.070904
-0.560655
-1.056817
0.289854
0.284354
-0.513368
0.468464
-0.287804
-0.767017
0.303719
-0.400794
0.037545
0.040682
0.205101
0.245916
1.096860
-0.144540
-0.506007
0.730505
0.209371
0.698223
0.354370
0.800268
-0.326197
-0.614346
-0.084451
0.116789
1.158544
-0.945625
-0.293164
0.422363
-0.218357
0.045587
-0.731950
-0.267440
-0.516038
0.638055
0.068440
-0.020926
0.256026
0.184403
-0.773616
-0.152965
0.221197
0.347284
0.380061
0.703734
-0.305678
0.222533
0.677801
0.231560
-0.470500
0.543164
-0.051904
-0.023639
-0.499068
-0.621517
-0.163919
-0.267621
0.552390
-0.961247
-0.335027
-0.132075
-0.185598
-0.859077
0.721565
0.945998
-0.575564
0.768216
0.120492
0.431364
0.542659
0.123270
-0.109650
0.932023
-0.146292
0.612580
0.072736
0.017302
-0.334355
0.441939
-0.073512
0.223210
-0.707310
-0.446974
-0.510898
-0.559331
0.364259
-0.296816
-0.068845
-0.569971
0.209674
-0.957785
-0.581756
0.036972
0.225373
-0.172737
-0.616539
-0.392076
0.303114
-0.190545
-0.369538
-0.524701
-0.071082
-0.033062
-0.007069
-0.426156
0.134634
-0.559386
-0.532324
-0.304879
0.556838
0.139566
-0.473839
0.640594
0.130381
-0.183204
-1.010860
-0.265748
-0.506146
-0.232341
0.322719
-0.198787
-0.223387
0.221558
-0.200526
-0.227627
-0.338914
-0.659615
0.662351
-0.269921
0.136808
-0.212976
-0.017596
-0.278881
0.503614
-0.288332
-0.033328
-0.189150
-0.168941
0.152941
0.389560
0.113025
-0.402963
0.064318
0.537937
-0.433282
0.571409
-0.337369
-0.127303
0.318063
0.352734
-0.386413
0.295290
0.684400
-0.127484
-0.212811
-0.832096
0.241179
0.390693
-0.104213
-0.067302
0.533698
0.275146
-0.496101
0.221462
-0.184142
-0.585117
0.978876
-0.863573
-0.071620
0.213807
-0.008464
-0.042630
-0.253061
0.821296
-0.683049
1.001003
0.309814
0.485350
-0.040134
0.153036
0.354193
0.301893
1.645192
-0.164260
0.388150
0.505236
1.043371
0.655377
0.694777
0.156106
-0.115898
-0.371623
0.513777
-0.046461
0.813000
-0.049953
0.332945
-0.204939
0.379607
0.526125
0.018912
-0.363535
0.807037
-0.692008
-0.045761
0.565897
0.437784
-0.417327
-0.015118
0.146251
0.090409
0.049265
0.187586
-0.286531
-0.629202
0.253358
-0.311988
0.661865
-0.725874
0.011753
0.038449
-0.143394
-0.202699
-0.431573
-0.978595
0.852662
0.208640
0.451154
-0.391167
-0.136386
-0.220670
-0.176244
1.484984
0.527112
0.329713
-0.851193
-0.157711
-0.042740
-0.736696
-0.299909
0.204818
-0.366447
0.680592
0.004243
0.513041
0.578361
-0.980087
-0.083220
-0.703130
-0.707226
-0.504995
0.147761
0.430351
0.047631
0.253221
0.032533
-0.853439
0.877916
-0.365602
-0.259783
0.056765
-0.102360
-0.144238
0.352146
0.037329
0.572369
0.078081
-0.346981
-0.373375
1.097738
0.376217
-0.546063
0.480182
0.147166
-0.342660
0.482515
0.132151
-0.487199
0.275347
0.377176
-0.138365
0.313990
-0.665792
-0.241109
0.033331
-0.486687
0.351064
-0.227511
-0.559203
0.708031
-0.553119
-1.161466
0.116727
0.254669
-0.755504
-0.484819
-0.049782
0.068340
0.041657
0.385488
-0.778641
-0.641133
0.126606
-0.486410
0.545459
0.099451
0.152177
0.226620
0.759394
0.086290
-0.052767
0.522306
0.473968
0.104372
0.754569
0.244530
0.619288
1.166218
0.386806
-0.886493
-0.380745
0.052797
0.415116
0.118957
-0.184635
0.482681
-0.683623
-0.071526
-0.616463
-0.116538
0.489040
0.289343
-0.706691
-0.416406
-0.419739
-0.876857
0.360979
-0.478902
-0.611510
0.781903
0.224480
-0.444650
0.713942
-0.468434
-0.731830
0.480623
0.577312
-0.417136
0.667632
0.895047
0.355354
-1.178852
-0.153311
-0.844242
0.531037
0.120333
-0.492223
0.099208
-0.339526
-1.015202
-0.689775
0.627386
-0.495190
-0.151165
1.146495
-0.444891
0.204672
0.944611
0.339719
0.042679
-0.216979
-0.118175
-0.265087
0.212378
-1.028370
0.237952
-0.097594
-0.982004
0.090030
0.215428
0.307359
0.183238
0.435995
-0.484517
0.620969
0.225397
-0.845050
0.269201
-0.853590
-0.086073
-0.072677
-0.051633
0.855565
-0.069184
0.532722
0.502512
-1.186742
-0.081623
0.495438
0.396609
-0.170764
-0.780409
0.634320
0.091469
-0.204045
-0.279110
-0.503603
0.338485
0.063037
0.813467
0.016418
0.240266
0.258493
-0.625209
-0.594236
0.530337
0.062210
0.457231
-0.281678
0.315322
0.172450
0.993047
0.440592
-0.072186
-0.155479
-0.338135
-0.714128
-0.408071
-0.130312
-1.045792
-0.009013
0.330246
-0.620410
-0.440684
0.738144
0.124105
1.084316
-0.435324
0.482426
-0.214737
0.172096
-0.783837
-0.369565
-0.163065
0.486558
0.006482
0.563009
1.905407
-1.445353
-0.574967
-0.292890
-0.538970
0.145776
-0.207512
0.248503
-0.325384
0.731260
-0.292062
-0.281436
0.364225
-0.049198
0.028262
0.907947
0.704089
0.146978
-0.197045
0.678723
0.020955
-0.955023
0.176517
0.654013
-0.753502
-0.623165
-0.177738
0.603386
0.293426
0.580002
0.394015
-0.456543
0.125399
0.030195
-0.105912
0.521345
0.708646
-0.027476
-0.036524
0.632191
-0.442283
0.192615
0.626750
0.697847
-0.062598
-0.357067
0.593390
-0.184119
-0.461652
-0.024228
-0.284554
0.251113
-0.362252
-0.271585
0.589917
0.095804
-0.055314
0.091012
0.325996
-0.056414
-0.203744
0.099576
-0.208443
0.430343
0.435528
-0.239433
-0.186307
0.185229
-0.112839
-0.345599
0.191321
0.286479
-0.142496
0.837214
0.197147
-0.408175
0.487189
-0.992591
0.198125
-0.908327
-0.025213
-0.429426
-0.568907
-0.935947
-0.330984
1.082775
-0.323145
-0.913473
-0.730828
-0.000090
-0.768524
0.497359
0.354517
0.058571
-0.537205
-0.333750
-0.154136
0.457448
-0.383096
-0.136453
-0.772651
-0.022108
0.056731
0.509319
0.069645
0.565694
-0.048080
0.667407
0.638902
0.532763
0.138883
0.216644
0.227645
0.536710
-0.648531
-0.077326
-0.374430
-0.081811
0.007370
-0.178815
0.357098
-0.591147
-0.501007
-0.621780
-0.199893
0.068482
0.279290
-0.016262
0.239192
0.071980
-0.844203
0.721704
0.198927
0.731461
0.329386
-0.298965
0.069475
-0.062135
0.193877
-0.359862
-0.459119
0.495379
0.911737
0.158554
0.138470
-0.427214
0.590976
-0.777421
0.511576
0.596235
-0.003422
0.499962
0.138662
-0.757351
0.133928
-0.012479
0.031430
-0.295184
0.125344
0.264940
-0.107504
-0.289687
0.768698
-0.402378
0.846011
-0.356612
-0.310317
0.679529
-0.783886
-0.683629
0.873714
1.394812
-0.432273
-0.409499
-0.595676
0.014404
-0.160188
-0.968740
-0.262628
0.891147
-0.056671
0.314935
0.290745
-0.447735
-0.075712
-0.245977
0.206335
0.992934
-0.586684
-1.002218
-0.190539
-0.218238
0.138718
-0.416504
0.146359
0.061572
0.382606
