-0.037400
-0.003566
-0.368603
0.862983
0.606811
0.519287
-0.168724
-0.440156
0.466471
0.190129
-0.094220
-0.097479
-0.346768
-0.417804
-0.043354
-0.632348
-0.588203
-0.040557
0.140246
-0.326024
0.866762
0.500873
0.819923
-0.140677
0.545595
-0.603295
-0.583308
-0.500453
0.117012
-0.309169
-0.794353
0.227904
-0.267764
-0.093303
0.301911
0.029636
0.106946
-0.802348
-0.656339
0.264851
0.252315
-0.394814
0.322526
0.268368
0.219061
0.231884
-0.868779
0.212301
0.611517
0.473345
0.302957
0.078879
-0.219053
-0.096802
-1.048237
-0.298091
-0.388731
0.318596
-0.222398
-0.490675
0.719773
0.732965
0.065887
1.027985
0.297496
-0.237991
-0.779925
0.415480
0.253128
0.405054
-0.580856
-0.514395
-0.152698
0.001037
-1.128916
-0.236114
-0.030534
-0.217948
-0.576862
0.028023
0.611354
-0.199285
-0.471530
-0.237937
0.349911
-0.128420
0.127221
0.085481
-0.052335
0.442929
-0.002838
0.101168
0.583268
-0.373993
-0.168451
0.454329
-0.033217
-0.785058
0.051523
-0.029433
-0.365214
-0.030168
-0.483780
0.376848
0.508301
0.901475
-0.080277
0.563427
0.542510
0.228602
0.337939
0.205848
-0.543244
-0.373570
0.193586
-0.070964
-0.115232
-0.201853
-0.693513
-0.442003
-0.438506
0.338850
0.078254
-0.231851
-0.277101
0.524267
0.209637
-0.378545
0.386560
-0.443728
-0.713133
0.622401
-0.317793
0.052779
-0.110959
0.343749
0.077794
0.921945
0.383374
-0.467481
0.748293
-0.419905
0.582580
0.765384
0.261631
-0.191918
-0.267929
-0.115093
0.662776
0.951716
-0.767946
0.002446
0.279485
-0.590765
0.013563
-0.451718
-0.061460
-0.330764
0.490115
0.243365
-0.022826
0.128038
-0.299086
-0.692693
-0.299966
-0.046574
-0.050432
-0.056847
1.122914
-0.059408
0.168825
0.370104
-0.120965
-0.075465
0.015057
-0.328804
-0.316272
-0.486848
-0.152211
-0.956143
0.010477
0.346166
-0.445011
-0.062246
0.164118
0.113019
-0.270840
0.504858
0.208309
-0.206287
0.305730
-0.235283
0.543766
0.528245
-0.328516
-0.036349
0.410297
-0.367189
0.903232
-0.013453
0.409303
-0.385903
0.119437
0.577232
0.045133
-0.362277
-0.876583
-0.195620
-0.158883
0.119111
-0.364983
-0.207637
-0.562432
0.095895
-0.722430
-0.776992
0.099961
-0.126365
0.058244
-0.400435
-0.471062
0.391410
-0.380593
0.145875
-0.946593
0.135987
-0.246133
-0.044367
-0.581218
-0.241914
-0.749785
-0.131973
-0.188947
0.610730
-0.015727
-0.526653
0.671849
-0.163907
0.053975
-1.028603
0.599299
-0.131959
-0.478396
-0.300356
-0.136962
-0.039035
-0.119257
-0.018630
0.417635
-0.663666
-0.701423
0.194766
-0.511884
-0.535470
-0.250867
-0.132939
0.131034
0.123991
-0.346640
-0.049085
-0.587614
0.252300
0.282610
0.615045
0.074760
-0.387188
-0.145140
0.064532
-0.642926
1.260435
-0.533661
0.052354
-0.078728
0.061487
-0.049236
-0.237129
0.366193
0.181018
-0.460106
-0.042655
0.566134
0.892970
0.289102
0.703315
0.414591
0.456606
-0.373668
0.032511
0.121941
-0.591301
0.625731
-0.834735
-0.072913
0.009029
-0.058806
0.443083
-0.323288
0.371273
-0.134268
0.626437
0.198621
0.426399
0.077965
0.191033
0.551270
0.030334
1.232869
0.441559
0.159970
0.533895
0.594819
0.472404
0.176836
-0.124010
-0.452464
-0.671381
0.537181
-0.252380
0.390320
-0.042765
-0.266108
0.269697
0.088912
0.391099
-0.049933
-0.297541
0.500664
-0.704791
-0.041389
0.627390
0.253947
0.074514
0.062659
0.324219
-0.079598
-0.038388
0.267017
-0.312332
-0.028582
0.438328
0.011032
0.771548
-0.412411
-0.361205
-0.068856
-0.581182
-0.150843
-0.170075
-0.896752
0.850173
0.364683
0.324711
-0.225227
0.189677
0.163256
-0.157307
0.865663
0.622224
0.315569
-1.015566
-0.005100
-0.670351
-0.453449
-0.164147
0.216023
-0.439142
0.463598
-0.134054
-0.086706
0.376241
-0.958764
-0.103563
-0.454513
-0.494753
0.093167
-0.057976
0.200061
-0.386290
0.260334
0.441985
-0.614085
0.961931
-0.802217
-0.183963
-0.391672
-0.647860
0.268915
0.286877
0.023727
0.425357
0.087172
0.382916
-0.128306
0.467114
0.055352
-0.528584
0.421360
-0.171583
-0.512764
0.501293
0.155367
-0.078545
0.523051
0.447584
0.123102
0.279426
-0.147815
-0.412475
-0.285291
-0.587810
0.733073
-0.289618
-0.760085
0.659008
-0.587686
-0.960993
0.103999
0.396667
-1.045692
-0.075751
0.381930
0.049904
-0.296149
0.269193
-0.812977
-0.872109
-0.308756
-0.302137
0.772461
-0.173424
-0.123285
0.096196
0.832563
0.019620
-0.055972
0.650506
0.433117
0.057880
1.058519
0.752901
0.823625
1.343642
0.347129
-1.331728
-0.531805
0.416471
0.601178
-0.192145
0.366594
-0.111385
-0.367150
-0.673478
-0.096412
0.300288
0.554821
-0.010081
-0.639666
-0.195745
-0.418270
-0.406621
-0.198275
-0.534869
-0.571650
0.508519
0.215875
-0.628769
0.665663
-0.541790
-0.648849
0.463373
0.347265
-0.481511
0.330863
1.191499
0.437416
-0.945024
-0.143098
-0.602034
0.215503
-0.003334
-0.348040
0.831370
-0.078678
-1.002131
-0.599489
0.700690
-0.614028
-0.463090
0.980913
-0.295505
0.263958
0.982451
0.190098
0.615468
-0.655766
-0.476685
0.324405
-0.069862
-0.601007
-0.246750
-0.246078
-0.791073
0.110450
0.122239
0.142547
0.079515
0.475432
-0.468056
0.879939
-0.084692
-0.840865
0.000955
-0.899651
-0.789109
-0.008790
-0.198205
0.778642
-0.041393
0.036965
0.389850
-0.685714
-0.066727
0.511422
0.432795
-0.057455
-1.351630
0.308649
0.143395
0.164843
-0.706009
-0.189888
0.475579
0.538488
0.695493
0.217859
0.674937
0.565614
-0.628561
-0.463083
0.045158
0.581805
0.741971
-0.408832
0.187765
-0.261786
0.907133
0.720366
-0.280424
-0.401114
-0.592338
-0.656856
-0.081641
-0.308301
-1.192552
-0.115319
-0.186150
-0.599385
-0.542987
0.683780
0.155115
0.605084
-0.495818
0.491205
-0.237567
0.021661
-0.556388
0.086043
0.035370
0.393329
-0.129962
0.779395
1.405333
-1.016008
-0.260251
-0.192257
-0.191000
0.030467
0.264742
0.361294
-0.195081
0.381496
-0.476696
-0.106972
0.137633
-0.273894
-0.150956
0.437213
1.041658
0.017538
-0.296906
0.411001
0.213818
-0.772205
-0.033016
0.351951
-0.496101
-0.083997
-0.404526
0.850745
0.263423
0.742670
0.066518
-0.303802
0.092020
-0.655521
-0.190401
0.309803
0.919654
0.259519
-0.660712
0.513857
-0.264770
0.047719
0.388396
0.591951
-0.280295
-0.017915
0.909821
0.350755
0.272628
-0.154894
0.247956
0.545736
-0.185550
-0.164132
0.002097
0.237124
0.109559
0.056406
-0.171191
-0.618004
-0.271340
-0.581600
0.447396
0.853278
0.339001
-0.502393
0.065761
0.056531
-0.144069
-0.059968
0.489615
0.284142
-0.380202
0.173799
-0.206546
-0.094592
0.277975
-0.953088
0.296128
-0.857730
-0.592661
0.077464
-0.520747
-0.691101
-0.466189
0.693336
-0.724906
-0.439848
-0.786597
0.260060
-0.416177
0.572926
0.181776
0.282636
-0.125230
0.569859
-0.615890
0.458837
-0.310938
-0.286728
-0.429201
-0.124621
0.064715
0.633212
0.382431
0.370990
-0.573409
0.070178
0.282514
0.049797
-0.039360
0.028540
0.497875
0.461042
-0.454095
-0.200338
-0.188815
0.293460
0.089770
0.030271
0.011074
-0.285135
-0.220990
-0.944644
-0.331291
0.257382
0.182067
0.445766
0.803054
0.074356
-0.533439
0.181337
-0.026336
0.501127
0.346667
-0.426613
-0.745881
-0.135870
-0.218897
-0.303807
-0.621029
0.423601
0.687480
0.566793
-0.163148
-0.060076
0.899858
-0.626585
0.504948
0.600163
0.044836
0.551274
0.671553
-0.286349
-0.245404
0.018878
-0.222042
0.045548
-0.053327
0.335206
0.235584
0.150862
0.239125
-0.469440
0.936899
-0.109446
-0.288647
0.069406
0.123992
-0.887858
1.304284
1.364362
-0.107783
-0.449933
-0.564531
0.474476
-0.647904
-1.045209
0.468680
0.844016
-0.149011
0.448107
0.243660
-0.541404
-0.400315
-0.644696
0.130419
0.903179
-0.388150
-0.296636
0.079461
-0.197885
0.490556
-0.293962
0.834964
0.172373
0.522891
