-0.136492
0.004668
-0.102123
0.342784
0.615547
0.336614
0.343097
-0.334172
0.718327
-0.096726
0.092017
0.448608
-0.427765
-0.027593
-0.248219
-0.756163
-1.211819
-0.221517
0.149772
-0.601255
0.710605
0.385401
0.741500
-0.407086
0.639039
-0.649420
-0.635422
-0.472796
-0.210321
-0.897016
-0.664501
-0.230940
-0.143017
0.099543
0.302791
0.122945
0.242923
-0.513469
-0.333615
0.420390
0.223751
-0.593951
-0.034526
0.141728
0.830571
0.225140
-0.146760
-0.128803
0.437936
0.575694
0.118508
0.187405
-0.080503
-0.097414
-0.890741
-0.157272
-0.157615
0.429824
-0.435273
-0.484609
0.463566
0.425945
0.015283
0.744414
-0.001597
0.128132
-0.598580
0.231638
0.622575
0.215291
-0.483376
-0.568928
-0.206643
-0.343783
-1.000053
-0.522482
-0.526208
-0.029271
-0.527241
0.344052
0.382720
0.129291
-1.211354
0.099327
0.052913
-0.357894
0.059109
-0.196268
0.612295
0.304440
0.109739
0.291835
0.734160
-0.724264
-0.011016
-0.463737
0.342546
-0.589162
0.111585
0.059274
-0.125358
-0.136791
-0.763199
0.119029
0.773288
0.434418
0.004283
0.423730
0.688894
0.140959
0.317345
-0.004384
-0.463176
-0.207112
0.792300
0.083131
-0.034249
-0.267288
-1.163664
-0.271659
-0.077603
-0.188782
0.059179
-0.258945
-0.410615
0.522981
0.223691
0.433577
0.348424
-0.237077
-0.834495
0.398921
-0.064356
0.042818
-0.070246
0.583218
0.446914
0.955405
0.267319
-0.465180
1.159432
-0.547639
0.154996
0.420825
-0.051820
-0.203338
-0.157625
-0.094540
0.760863
1.200276
-0.664697
-0.532520
0.297240
-0.716573
0.373385
0.030647
-0.188531
-0.285277
0.434681
0.329319
0.000520
0.196987
-0.326052
-1.240387
-0.113841
-0.411375
-0.065894
0.074247
1.731404
-0.046446
0.396584
0.711230
0.048316
-0.217114
0.056865
-0.215369
-0.161778
-0.836483
0.084416
-1.181112
0.110015
-0.037080
-0.299776
-0.538043
0.174143
0.298336
-0.049942
0.307109
0.338477
-0.283646
0.746865
0.197321
0.536146
0.677879
-0.402256
0.258321
0.430633
-0.337642
0.887593
0.152039
0.367556
-0.357514
0.462767
1.032505
0.026503
-0.162223
-0.759822
-0.210313
-0.294574
0.013116
-0.088522
-0.149621
-0.573637
-0.126011
-1.128983
-0.624380
-0.042423
-0.266390
-0.127413
-0.319287
-0.484146
0.406098
-0.786544
0.340404
-0.958800
0.290968
-0.779310
-0.082292
-0.542579
0.121414
-0.991295
0.187608
0.035075
0.782232
0.074893
-1.059196
0.248631
0.006750
0.086368
-0.804949
0.299318
-0.431658
0.017237
0.107266
-0.527437
-0.141789
0.139324
-0.683864
0.298321
-0.992298
-0.401817
0.169887
-0.513876
-0.757016
0.246587
-0.141190
0.342142
0.047454
-0.475813
-0.021298
-0.524803
0.441978
0.486989
0.992723
0.080327
-0.145498
-0.242953
-0.372342
-0.179898
1.019790
-0.660971
-0.048086
-0.573771
-0.223731
-0.187806
-0.641928
0.356939
-0.439538
-0.573305
-0.042081
0.203593
0.331890
0.115774
0.836146
0.352079
0.700911
-0.479742
0.112012
0.034797
-0.589858
0.817561
-1.007408
-0.082568
-0.016585
-0.091439
-0.343584
-0.557499
0.294247
-0.074125
0.441331
0.250802
0.156499
0.082580
0.312888
0.295200
-0.025704
0.934786
0.041865
-0.123952
0.216173
0.789912
0.761751
0.634280
-0.336151
-0.536788
-0.698296
0.429812
-0.499634
0.462254
-0.021066
-0.258885
0.415942
-0.179777
0.477392
0.347924
0.132285
0.692160
-0.766885
-0.034715
0.626087
0.498652
-0.200122
-0.214037
0.373466
-0.254472
-0.203579
0.264169
-0.656572
-0.612935
0.807707
-0.110699
0.888647
-0.154811
0.151373
-0.007758
-0.626985
-0.113919
0.145469
-0.776789
0.657412
0.141245
-0.089869
0.023407
-0.006916
0.299695
-0.261759
0.349138
0.000529
0.292263
-0.707022
0.019731
-0.748682
-0.436396
0.262267
0.012569
-0.025942
0.677588
0.017881
-0.179131
0.518392
-0.740759
-0.042998
0.244415
-0.540176
-0.236497
0.256363
0.470675
-0.361320
0.646060
0.540445
-0.213606
0.556093
-0.761354
0.142212
-0.151516
-0.634923
0.209670
-0.041329
0.049932
0.251430
0.482680
0.060225
0.085407
0.282215
0.396432
-0.346572
0.279690
0.337991
-0.473478
0.138338
-0.054142
-0.296044
0.352673
0.198778
0.212999
-0.516898
-0.178208
-0.554069
0.104806
-0.470824
0.481679
-0.287281
-0.836096
0.621667
-0.281782
-1.271118
0.140293
0.399883
-0.668625
-0.290847
0.422395
-0.311766
-0.210518
0.620703
-0.431294
-0.755525
-0.114252
-0.036093
0.725800
-0.322949
0.143022
0.349578
0.717588
-0.475216
-0.042642
0.813620
0.565818
0.183776
0.912496
0.789658
0.506384
0.937577
0.093192
-1.042327
-0.185855
0.706155
0.619280
-0.200864
-0.451305
0.146159
-0.112838
-0.692079
-0.109300
-0.171587
0.839752
0.053648
-0.371314
-0.128671
0.092811
0.069023
0.132129
-0.840760
-0.059337
0.355964
-0.194321
-0.507938
0.500815
-0.986142
-0.989830
0.031683
-0.546797
-0.667048
0.093692
1.035348
0.561944
-0.509589
-0.032997
-0.221921
0.583250
0.053197
-0.291350
0.433418
0.284398
-0.842021
-0.932188
0.942259
-0.732870
-0.096749
0.923742
0.150831
0.245759
0.702346
0.147629
0.405233
-0.424413
-0.345307
0.503808
1.194625
-0.197177
0.015475
0.231331
-1.275848
0.269371
0.209283
0.187275
0.331296
-0.058397
-0.856378
0.390626
-0.306006
-0.897415
-0.034229
-1.055349
-0.699476
-0.346514
-0.292829
0.184712
-0.007254
-0.070968
0.403718
-0.603667
-0.730807
1.009249
0.563929
0.151380
-1.377735
-0.008324
0.030460
0.140058
-0.556474
-0.171695
0.542860
0.144839
0.826830
0.771430
0.307257
0.441806
-0.691309
-0.464615
0.093231
0.459674
1.031507
0.335254
-0.049120
-0.270546
0.946400
0.787344
0.008815
-0.171268
-0.798843
-0.780625
-0.169393
-0.288364
-0.743632
-0.144772
0.110870
-0.337135
-0.662860
0.892426
0.333839
0.185920
-0.949597
0.395871
-0.760473
-0.303083
-0.519976
0.252047
-0.233692
0.506354
-0.168408
0.526836
0.708030
-1.435730
0.285087
-0.280336
0.476366
0.341025
-0.064662
0.790947
-0.322126
0.303692
-0.285063
-0.227484
-0.315135
-0.408477
-0.394824
0.749695
1.324412
0.114504
-0.351610
0.766912
0.263885
-0.421248
0.145801
0.162573
-0.327582
0.271856
-0.471388
0.823429
-0.093136
0.608038
-0.221937
-0.318637
0.026374
-0.618917
-0.194774
0.615553
0.550479
0.383085
-0.671299
0.768120
-0.111422
-0.053440
0.308860
0.854553
-0.227455
0.155008
0.070983
0.148351
0.383851
-0.537447
-0.423006
0.612509
0.076682
-0.378228
-0.043595
0.227513
-0.016868
-0.475312
0.554333
-0.767427
-0.567429
-0.330930
-0.189442
0.577373
0.524981
-0.456713
0.158450
0.158807
-0.177155
0.576393
0.297624
0.238057
-0.138108
0.203256
-0.170599
0.089017
0.430413
-0.435474
0.163595
-0.760031
-0.550325
0.520635
-0.713417
-1.057338
-0.499259
1.070037
-0.444837
-0.349200
-1.141885
0.095250
-0.013735
0.515139
0.115290
0.474454
-0.640339
0.461502
-0.401115
0.005092
-0.421416
-0.404012
-0.725523
-0.079433
0.079451
0.327797
0.736674
0.540560
-0.535410
0.014628
0.396004
0.115399
-0.196083
0.085544
-0.151429
0.541099
0.055166
-0.180874
-0.055879
0.085704
-0.006238
-0.396703
0.631489
-0.102783
-0.500704
-0.621640
-0.619720
0.312233
-0.160298
0.122667
0.926827
0.098620
-0.562794
-0.119109
-0.423001
0.049255
0.596317
-0.600020
-0.932474
-0.592448
0.239990
0.021620
-0.425355
0.463896
0.361770
0.445021
-0.165379
-0.283363
0.904807
-0.586013
0.094294
0.854497
-0.512555
0.322441
0.535248
-0.317958
-0.091061
-0.018437
-0.049818
0.036729
-0.094837
0.269586
-0.205599
0.867563
0.375619
-0.653060
0.874125
-0.654137
-0.238090
0.645663
0.574488
-0.438864
1.165595
1.286728
0.140546
0.306223
-0.133873
0.128160
-0.511602
-0.692412
0.398164
1.007147
0.179704
0.419982
0.503214
-0.320895
-0.265188
-0.534875
-0.047011
0.174985
-0.485150
0.062518
0.147912
-0.378844
0.487619
-0.403462
0.740600
-0.020626
0.777784
