-0.183260
0.029381
-0.312651
0.343296
1.014311
0.402051
0.166241
0.010286
0.614156
-0.065989
-0.060591
0.810289
-0.219471
-0.588804
-0.193016
-0.795561
-1.165300
-0.528229
0.249691
-0.212525
0.703552
0.083937
0.579275
-0.431361
0.422228
-0.656793
-0.836136
-0.705202
-0.096399
-0.843257
-0.692282
0.249981
-0.037510
0.007271
-0.001729
0.382532
0.322414
-0.118299
-0.187123
0.459004
0.062307
-0.611589
-0.315087
0.152137
1.100603
0.472493
-0.395103
0.361076
0.746500
0.632785
0.116890
0.404544
-0.080903
-0.153855
-0.645247
-0.157786
-0.163392
0.060142
0.059425
-0.594022
0.776779
0.608063
0.028368
0.901639
0.111110
0.005822
-0.471629
0.464060
0.519573
-0.160451
-0.430492
-0.670082
0.226841
0.084271
-1.037784
-0.565214
-0.286421
0.063475
-0.389864
0.262551
0.281780
0.104977
-1.112600
0.225043
-0.174210
-0.412199
-0.149248
-0.259114
0.239888
0.494037
0.059810
0.190948
0.210649
-0.943327
-0.077394
-0.121909
0.670338
-0.333495
0.270089
0.072955
0.125277
0.172565
-0.677352
0.168112
0.436079
0.905813
0.252143
0.526962
0.647295
0.569094
0.173686
0.204306
-0.657794
-0.441204
1.190543
0.133730
-0.082394
-0.286709
-0.930199
-0.543956
-0.036516
-0.156478
0.065047
0.142596
-0.240365
1.083517
0.125686
-0.165257
0.456426
-0.262946
-0.811392
0.300922
0.240440
0.036112
0.060089
0.529377
0.416918
0.878061
0.578508
-0.861658
0.925129
-0.681316
-0.032759
0.879663
0.091734
0.013363
0.026793
-0.097210
0.990234
1.120058
-0.782980
-0.628527
-0.075396
-0.925239
0.097112
0.139768
-0.362264
-0.115830
0.339212
0.099792
-0.093255
0.204303
-0.208472
-1.344401
-0.241519
-0.653638
0.208308
0.003803
1.246790
-0.156878
0.045310
0.476358
0.275197
-0.561342
0.442557
-0.205987
-0.324579
-0.571555
-0.302362
-1.166267
-0.275979
-0.313294
-0.425795
-0.166688
0.194091
0.231686
0.150894
0.342137
0.082169
-0.537904
0.349473
-0.021781
0.939929
0.361556
-0.151661
0.172775
0.177349
-0.596888
0.447382
-0.113936
0.395217
-0.195945
0.314986
0.539505
-0.090038
-0.150927
-0.830382
-0.002096
-0.201805
0.243928
-0.263203
-0.114573
-0.316343
0.075418
-0.623733
-0.720504
-0.131369
-0.231707
-0.163251
0.130377
-0.770067
0.418694
-0.820792
0.189106
-1.116184
0.274388
-0.759291
0.162203
-0.542042
-0.170457
-1.057022
0.465294
0.053561
0.575908
0.089994
-0.723212
0.296941
-0.019313
0.096222
-0.694725
0.107295
-0.521877
-0.126704
-0.252620
-0.103230
0.173260
0.298670
-0.321192
0.197996
-1.112740
-0.249967
0.152952
-0.697968
-1.033235
0.481569
-0.048747
0.674928
0.082313
-0.443360
-0.028843
-0.130330
0.022796
0.376954
0.702377
-0.191533
-0.182857
-0.146349
-0.476893
-0.066590
0.773733
-0.694002
0.180317
-0.774348
0.281783
-0.000086
-0.860779
0.368436
-0.508755
-0.455126
0.320951
0.165944
0.413646
0.302909
0.661872
0.166160
0.885158
-0.673283
-0.001402
-0.136187
-0.508796
0.559539
-0.621560
-0.075095
0.259259
-0.257542
0.644696
-0.486995
0.096929
0.033676
0.793347
0.490037
0.049713
-0.537893
0.527477
0.589153
-0.264032
0.632789
0.096517
-0.137167
0.269693
0.823055
0.649838
0.326348
-0.304641
-0.636930
-0.670431
0.456772
-0.311638
0.326732
-0.036103
-0.380693
0.299208
0.225437
0.176811
0.300428
0.033476
0.442359
-0.266715
-0.040454
0.227798
0.804604
0.045786
0.215954
0.333992
0.057380
-0.377244
0.692953
-0.911639
-0.193750
0.507451
0.322667
0.627899
-0.441781
0.086383
-0.062277
-0.537903
-0.278602
0.213793
-0.811938
0.202763
0.279908
0.013550
-0.362511
0.359227
0.213974
-0.076981
0.104092
0.113963
0.419052
-0.884935
-0.321783
-0.613216
-0.331057
-0.153224
-0.063103
-0.151621
0.557938
0.342232
-0.467609
0.708015
-0.521292
-0.211636
0.095785
-0.413789
0.061075
0.346805
0.580509
-0.858330
0.929709
0.710862
-0.547058
0.517604
-0.699789
-0.154902
-0.324691
-0.642566
0.389388
-0.172361
0.036584
0.547815
-0.066293
0.486857
-0.102389
0.524613
0.226735
-0.191216
0.443617
0.114719
-0.689457
-0.063037
-0.104093
-0.380164
0.315467
0.174261
-0.056309
0.042844
-0.429790
-0.649398
0.134579
-0.475086
0.403625
-0.713046
-0.699744
-0.090339
0.006693
-0.939762
-0.025012
0.670482
-0.912982
-0.376150
0.438544
-0.418930
-0.070574
0.374807
-0.674007
-0.577853
0.050137
0.540928
0.939653
-0.476884
-0.039918
0.050001
0.703502
-0.477489
-0.038074
0.722031
0.691834
-0.113165
0.888748
0.790415
0.877464
0.712566
0.257679
-0.827288
-0.448147
0.925777
0.476792
-0.333381
-0.520229
-0.078123
-0.205117
-0.619640
-0.081911
0.014363
0.327447
-0.125970
-0.241980
-0.179108
0.114517
0.309696
-0.720617
-0.617253
-0.328333
0.441396
-0.849186
-0.407122
0.699312
-0.651441
-0.573482
0.430787
-0.364364
-0.118172
-0.046608
0.940948
0.782923
-0.368564
-0.296582
-0.081183
0.252158
-0.182147
-0.153865
0.819681
0.156586
-1.067136
-0.826729
0.973986
-0.505215
0.067907
0.861278
-0.184464
0.833224
0.862366
0.505446
0.376531
-0.466387
0.028370
0.465214
0.743707
-0.214300
0.000375
-0.204710
-0.974876
0.068218
0.262148
0.009515
0.365754
0.321304
-0.880620
0.243962
-0.413780
-0.436460
-0.118120
-0.498779
-0.962516
-0.277284
0.071965
0.156067
0.060044
0.101098
0.258246
0.065886
-0.737431
0.633298
0.670052
0.217018
-0.901211
-0.028756
0.002891
0.391771
-0.482957
-0.161913
0.545460
0.776646
0.879125
0.297163
0.259657
0.459279
-1.151065
-0.619699
-0.163317
0.500516
0.785732
0.285718
0.012645
-0.531809
0.473357
0.882527
0.182248
-0.124804
-0.978518
-0.499646
-0.432648
-0.381420
-0.785478
0.054785
0.175126
-0.401501
-0.654223
0.573392
-0.093088
0.642538
-1.174424
0.152682
-0.252626
-0.344610
-0.389947
-0.083602
0.363586
0.904379
-0.221268
0.462511
0.857558
-1.173975
0.105156
0.203740
0.206401
0.265239
-0.056803
0.343235
-0.248089
0.338488
-0.130380
-0.175578
0.099754
-0.650621
-0.368459
0.764395
1.206717
-0.490239
-0.292325
0.805749
0.207593
-0.604097
0.237581
0.172792
-0.122565
0.556547
-0.305088
0.746283
-0.324191
0.698672
0.068500
-0.157417
0.083936
-1.045547
0.028720
0.073928
0.468547
-0.044846
-0.677100
1.085193
-0.153490
-0.396782
0.314319
0.459153
-0.046339
0.038254
0.389381
0.311942
0.377313
-0.334368
-0.292774
0.251148
0.347043
-0.301005
-0.078784
0.054663
-0.001978
-0.430984
0.362464
-1.025697
-0.699012
-0.178101
-0.125468
0.577472
0.195452
-0.394131
-0.165518
0.260230
-0.281884
0.134403
0.142242
0.334283
-0.345067
0.159558
-0.469761
0.172493
-0.168595
-0.234215
-0.004719
-0.987067
-0.540445
0.342932
-0.679753
-1.049756
-0.705117
0.795781
-0.894147
-0.854568
-0.575918
0.285483
-0.209280
0.123646
0.690218
0.556069
-0.227315
1.053728
-0.193560
0.008989
-0.502796
-0.236058
-0.935489
0.194168
0.085386
0.880322
0.440455
0.144796
-0.509814
0.101971
0.544819
-0.620095
-0.203425
-0.184851
-0.018934
0.486003
0.296618
-0.581236
0.057242
-0.237887
0.030253
0.007988
0.312559
-0.357698
-0.637623
-0.597356
-0.143764
0.195180
-0.139599
0.085052
1.136895
0.080035
-0.610752
0.159653
-0.184473
0.172170
0.224311
-0.965354
-0.215539
-0.241944
0.092930
-0.059080
-0.485714
0.623628
0.362603
0.521127
-0.505356
-0.076093
0.943885
-0.122718
0.357588
0.952194
-0.528510
0.463084
0.912621
-0.096550
-0.307830
0.116174
-0.096944
0.008995
-0.518731
0.297450
0.252250
0.870900
0.381881
-0.246431
0.847989
-0.556794
-0.511543
0.341118
0.958457
-0.154248
0.985047
1.234858
-0.232900
0.372625
-0.233880
0.265248
-0.948999
-0.163640
0.148920
0.827465
0.233291
0.607221
0.502926
-0.309351
-0.276260
0.011992
0.134219
-0.000659
-0.368290
0.302116
-0.003804
-0.070514
0.266752
-0.258401
0.075143
-0.434658
0.688712
