-0.365983
0.591397
-0.419261
0.233104
0.885073
-0.125668
0.137855
0.162038
0.627195
-0.055198
-0.187930
0.977920
-0.317664
-0.409689
0.534017
-0.868855
-1.404821
-0.126102
-0.143244
-0.374025
0.434665
0.703219
1.157901
-0.474603
0.081279
-0.388662
-1.587264
0.011194
-0.494607
-0.735510
-0.822782
-0.028249
-0.155468
-0.133195
0.095923
1.047065
0.103523
-0.054059
-0.610705
0.294466
0.041514
0.002521
-0.290735
0.267166
0.720415
0.012923
-0.405898
-0.124453
1.028621
0.457316
-0.217825
0.130836
-1.156734
-0.538666
-1.165471
-0.504097
-0.863446
0.324740
-0.065525
-0.560719
0.814208
0.344160
-0.008818
0.784290
0.284409
0.487137
-0.730528
0.082378
0.400311
0.354805
-0.636887
-0.677387
0.281970
0.319285
-1.135279
-0.692038
0.087121
0.029558
-0.873082
0.522344
0.387148
-0.243143
-1.242295
-0.334184
-0.095949
-0.145571
-0.163887
-0.206121
0.534994
0.525424
0.120556
0.051478
0.444453
-0.476126
0.132428
0.392044
0.652410
-0.361463
-0.590539
-0.470569
-0.082444
-0.114619
-0.457341
-0.156756
0.768003
0.400482
0.239325
0.250514
0.486818
0.425716
0.290576
-0.010229
-0.662173
-0.358784
0.662859
0.428241
0.041085
-0.109939
-1.015702
-0.248421
-0.151505
0.112244
0.025423
-0.016593
-0.272987
0.289695
0.077689
-1.146161
0.497871
-0.272563
-1.102722
0.836986
0.075528
0.019772
0.315195
0.703001
0.273217
1.399421
-0.093133
-0.195796
0.856104
-0.070028
0.192746
0.449244
0.603623
-0.286800
-0.237606
-0.075687
0.346483
1.288732
-0.919613
-1.121874
0.366233
-0.527690
-0.481947
-0.426873
-0.643047
-0.738263
0.068812
-0.368705
-0.241783
0.236334
-0.147237
-1.013887
-0.113317
0.156436
0.877825
0.234519
1.217350
-0.419090
-0.144466
0.616044
-0.171061
-0.539914
0.234610
0.213271
-0.395477
-1.215650
-0.769188
-0.257344
-0.090560
-0.121070
-0.423981
-0.069579
0.251945
-0.227452
-0.460184
0.222294
0.778136
-0.665981
0.427873
0.128923
0.554631
0.802866
0.169941
0.083471
0.568836
-0.077363
0.749230
-0.376227
-0.070601
0.133798
0.489156
0.298086
-0.131034
-0.340117
-0.525277
-0.312776
-0.313821
0.199100
-0.324580
-0.136298
-0.513498
0.233923
-0.556472
-0.556001
-0.144253
0.291742
-0.185236
0.079646
-0.618000
-0.007824
-0.576456
0.297770
-0.989221
0.280235
-0.175968
0.296571
-0.320945
-0.435626
-0.708133
-0.073295
-0.254615
0.366631
0.361925
-0.163600
0.312153
0.105154
0.272692
-1.157001
0.556615
-1.182946
0.136083
-0.225164
-0.232928
0.020445
0.615088
-0.631038
-0.160559
-0.568201
-0.479516
0.386090
-0.592797
-0.027621
0.010403
0.317637
0.671624
0.217889
-0.600673
-0.012558
-0.093060
0.367733
0.532525
0.455776
0.076118
-0.021744
-0.289731
-0.150743
-0.360060
0.667858
-0.544495
-0.251975
-0.271032
0.751026
-0.003737
-1.191106
0.660159
0.342495
0.145396
-0.725364
-0.260001
-0.162257
0.447408
0.669785
0.197908
0.595829
-0.505326
-0.511803
0.146226
-0.762009
1.104618
-0.811617
-0.043789
0.605287
-0.130138
0.214717
-0.405890
0.329567
-0.243253
0.282413
0.540887
0.621434
-0.390568
0.073026
1.180659
0.070680
1.405260
0.174457
0.436783
0.368660
1.037111
0.860646
0.147495
-0.408242
-0.145592
-0.535808
0.771058
-0.545424
0.101726
-0.020685
0.245601
-0.252984
0.046676
0.757486
-0.015487
-0.332842
0.366467
0.036488
-0.025762
0.102557
0.532473
-0.190417
0.321287
0.483678
-0.069972
-0.524288
1.040840
-0.544714
-0.058420
0.306946
0.078570
0.758266
-0.279612
0.308261
-0.261378
-0.625964
-0.519441
0.099091
-1.035411
0.372895
0.427721
0.213326
-0.278883
0.270661
0.029479
-0.211983
1.151724
0.354427
0.521501
-0.435109
-0.245447
-0.507427
-0.555706
0.087284
0.071398
0.164042
0.627148
0.392857
-0.165349
0.332010
-0.717081
-0.403444
0.006667
-0.207283
0.315981
0.467163
0.395958
-0.409009
0.197353
0.765438
-0.274246
0.967387
-1.267141
-0.457916
-0.252997
-0.568244
0.404141
0.602335
-0.147721
0.596497
0.184428
0.221805
-0.600231
0.558393
0.101429
0.059589
0.375753
0.087774
-0.569092
0.370883
-0.302041
-0.261460
0.981867
0.277782
-0.522859
-0.021580
-0.579332
0.062092
0.120746
-0.880903
-0.047605
-0.473171
-0.012275
0.387264
-0.171900
-0.688285
0.533613
0.788749
-0.968250
-0.219372
0.431242
0.199111
0.477627
0.576928
-0.713637
-0.904671
-0.056804
0.226184
0.900452
-0.176484
-0.125712
0.233306
0.946248
-0.957323
-0.032661
0.405915
0.720988
0.115332
0.277897
0.665543
0.711651
0.716815
0.277572
-0.460514
-0.070509
0.467917
0.338318
0.037052
-0.836832
-0.311938
-0.140361
-0.329960
-0.161234
0.191758
-0.186777
0.356582
-0.536260
0.077359
-0.327171
-0.333414
-0.355281
-0.681687
-0.379796
0.840798
-0.089920
-0.176898
0.976604
-0.805929
-0.811431
0.834977
-0.170842
-0.294713
0.106122
0.881086
0.363966
-0.795042
-0.175886
-0.414062
0.022323
-0.193187
-0.085172
0.674612
-0.300308
-1.454822
-1.127270
0.680438
-0.546168
-0.254500
1.254007
-0.471246
0.325700
1.422499
0.451970
-0.445146
-0.219461
0.022448
-0.153805
0.131389
-0.033975
0.378090
-0.454696
-1.059795
-0.584156
0.068236
0.206829
0.240141
0.435021
-0.316006
0.155455
0.008128
-1.050367
-0.575652
-0.940056
-0.828316
-0.374093
0.325024
0.454802
-0.264894
0.092763
0.272072
-1.021696
-0.443247
0.439913
0.291960
-0.100457
-1.354805
0.361828
0.291650
0.233521
-0.911063
-0.747616
0.388785
0.444229
1.107058
0.037716
0.779514
0.608353
-1.055865
-0.280871
0.139922
0.044126
0.803377
0.435462
-0.041491
-0.562358
0.850584
0.615448
0.532205
-0.261794
-0.536413
-0.336250
-0.555619
-0.408443
-0.484560
0.668004
0.088790
-0.479708
-0.678931
0.543617
0.078017
0.881449
-1.090292
-0.118734
-0.232978
-0.252746
-0.328552
-0.523234
0.487328
0.566861
-0.200840
0.260725
1.103387
-1.526382
-0.280643
0.262771
-0.473881
0.025925
-0.340035
-0.142414
-0.366439
0.684434
0.043623
-0.155609
0.249057
0.383886
0.154512
0.914293
0.852697
-0.123952
-0.354376
0.960585
0.170272
-0.611371
0.426589
0.448754
-0.387597
-0.018143
-0.179101
0.753630
-0.012765
0.743925
0.182779
-0.075877
0.419382
-1.271017
0.090239
0.287484
0.753231
-0.033598
-0.455787
1.195692
-0.502612
0.169820
0.407723
0.542501
-0.303733
-0.493740
0.475181
0.176953
-0.018004
-0.350241
-0.300576
0.367774
0.216952
-0.530809
0.387356
0.084452
-0.139506
-0.391074
-0.150092
-0.702887
-0.444015
-0.545575
-0.127711
0.919279
0.071141
-0.120193
-0.533555
0.547032
-0.187353
-0.100334
0.092613
0.355137
0.073830
0.484273
-0.359191
0.260196
-0.071067
-0.282856
0.453390
-1.169708
-0.499873
0.291362
-0.436223
-0.928211
-0.712180
1.062705
-0.476330
-0.582480
-0.911776
-0.105821
-0.536433
0.796441
0.436142
1.159701
0.169798
0.521645
-0.180350
0.366813
-0.357286
-0.484672
-0.944321
-0.134717
0.062163
-0.016276
0.287631
0.013955
-0.346143
0.432632
0.532629
-0.308097
-0.728990
-0.136906
0.117777
0.384062
-0.115302
0.334231
-0.104825
-0.201769
0.086938
0.513064
0.003298
-0.401175
-0.241740
-0.371170
0.516920
0.055975
0.037856
0.220042
0.793523
0.030951
-0.852004
0.538186
0.110944
0.260978
-0.178339
-0.545618
-0.022059
-0.303409
-0.385228
-0.104126
-0.457123
0.771709
0.661714
0.608182
-0.886371
-0.336479
1.334679
0.035862
0.666560
1.160250
-0.605804
0.384277
0.485161
-0.273585
-0.374845
-0.453948
-0.361959
-0.462866
0.258441
0.440133
0.252722
0.930429
0.161197
-0.250233
0.952567
-0.341392
0.069451
0.426668
0.280836
-0.335411
0.834885
1.672788
-0.340965
0.381556
-1.071073
-0.076653
-0.268447
-0.567829
-0.473323
0.668359
0.085346
0.858532
0.576545
-0.367773
-0.293161
0.096316
0.387819
0.230631
-0.502218
-0.170172
-0.057508
0.021159
0.246125
-0.343057
0.070338
0.092700
0.531045
