-0.168162
0.087868
-0.167870
0.347479
0.849433
0.386839
0.231331
-0.166822
0.742627
0.027673
-0.127010
0.511955
-0.406468
-0.162105
-0.244064
-0.682845
-1.131888
-0.421131
0.011682
-0.405905
0.722744
0.414999
0.657384
-0.396990
0.571430
-0.676688
-0.604711
-0.605225
-0.321577
-0.906178
-0.561551
-0.330133
-0.007184
0.152957
0.257021
0.027762
0.379814
-0.424326
-0.185844
0.342950
0.079923
-0.609289
-0.280304
0.113865
0.929352
0.349436
-0.131296
0.105855
0.438428
0.533494
0.264763
0.201977
-0.113982
-0.176284
-0.816780
-0.258011
-0.195848
0.303144
-0.359377
-0.509593
0.479282
0.425950
0.021810
0.820038
-0.054984
-0.137731
-0.622974
0.368760
0.734777
0.343561
-0.716832
-0.836388
-0.045257
0.099206
-0.932670
-0.235241
-0.508623
0.285814
-0.440061
0.301267
0.354590
0.085810
-1.064331
0.247615
-0.158202
-0.432408
-0.180683
-0.189411
0.457570
0.179444
0.059205
0.170207
0.622510
-0.855681
-0.150435
-0.352001
0.360888
-0.412128
0.142946
0.204228
-0.068584
0.107966
-0.533779
0.097233
0.783424
0.756359
0.138546
0.317603
0.768005
0.356808
0.402302
-0.166639
-0.515213
-0.325989
0.823950
0.156674
-0.155906
-0.511734
-0.978907
-0.377378
-0.000162
-0.138297
0.063484
-0.332680
-0.217166
0.476822
0.174144
0.415919
0.343967
-0.057824
-0.864899
0.455941
-0.126029
0.054759
-0.108748
0.592274
0.355806
1.030074
0.392165
-0.735561
1.046658
-0.525744
0.092718
0.653800
-0.097867
0.012377
-0.202646
-0.103440
0.796734
1.182586
-0.754285
-0.533089
0.313501
-0.791464
0.323437
-0.067866
-0.193969
-0.226040
0.523049
0.133629
0.031209
0.245150
-0.227776
-1.445739
-0.239312
-0.243353
0.022119
-0.035143
1.688311
-0.088434
0.230082
0.632169
-0.076944
-0.151586
0.240314
0.202935
-0.259305
-0.603393
-0.177031
-1.177596
0.023998
-0.031393
-0.503108
-0.448520
0.094144
0.217628
-0.094267
0.365214
0.196540
-0.279805
0.423580
0.117727
0.532831
0.580561
-0.224095
0.116212
0.255468
-0.276433
0.720774
0.199681
0.265652
-0.416634
0.479098
0.874706
-0.098614
-0.267263
-0.733393
-0.017223
-0.600851
0.007835
-0.042527
-0.180014
-0.564326
-0.088364
-0.894328
-0.557929
-0.133163
-0.173757
-0.075951
-0.468098
-0.584863
0.387690
-0.540218
0.505752
-1.044509
0.207121
-0.671799
0.041109
-0.420843
0.242070
-1.066789
0.073027
0.160478
0.680864
0.209755
-0.969254
0.232322
-0.019367
0.083208
-0.928399
0.234712
-0.353067
-0.020853
-0.111620
-0.850934
-0.083852
0.228897
-0.457835
0.244547
-0.899330
-0.181634
0.461947
-0.518022
-0.758017
0.338500
-0.001170
0.513224
0.203219
-0.332652
-0.024522
-0.553300
0.531919
0.310269
0.940070
-0.319797
-0.209428
-0.183316
-0.382600
-0.279482
0.829468
-0.692808
0.204671
-0.491593
-0.136920
-0.029690
-0.750394
0.560269
-0.278202
-0.622266
0.244723
0.252530
0.478470
0.300341
0.838362
0.419223
0.670083
-0.425828
0.255941
-0.059398
-0.515854
0.644497
-1.073583
-0.082396
0.137596
-0.289497
0.073720
-0.601880
0.522847
-0.267665
0.208952
0.210311
0.074873
-0.105385
0.198050
0.273687
-0.019475
1.050195
-0.075959
-0.123386
0.297352
0.754966
0.793565
0.503423
-0.286625
-0.442613
-0.846432
0.420269
-0.466450
0.455678
-0.030830
-0.306208
0.611756
-0.097552
0.297343
0.454153
0.170457
0.741594
-0.731623
-0.035482
0.457785
0.464849
0.005247
-0.039263
0.544156
-0.183769
-0.224676
0.486265
-0.691937
-0.383922
0.725481
0.006721
0.662163
-0.106964
-0.044751
-0.065373
-0.541704
-0.217133
0.257773
-0.759247
0.504443
0.019112
-0.206313
0.042054
0.027811
0.039996
-0.123161
0.261035
0.181493
0.507414
-0.796657
-0.033732
-0.690018
-0.218490
0.252496
0.020707
-0.049559
0.675632
0.169587
-0.238594
0.574621
-0.704636
0.042199
0.219078
-0.374837
-0.280522
0.363615
0.399431
-0.534317
0.504019
0.532467
-0.334863
0.657706
-0.621634
0.129079
-0.235700
-0.573778
0.136384
0.066768
0.159368
0.415866
0.204087
0.152533
0.016013
0.307975
0.337545
-0.179931
0.305702
0.119988
-0.605657
0.062769
0.070579
-0.098077
0.374109
0.114611
0.276517
-0.278587
-0.191588
-0.388514
0.190962
-0.476501
0.518612
-0.253602
-0.768217
0.630319
-0.288090
-1.341031
0.190304
0.474271
-0.849949
-0.331107
0.497431
-0.130148
-0.261937
0.442887
-0.440835
-0.467948
-0.155208
0.028992
0.962636
-0.414854
0.126385
0.144874
0.824086
-0.644781
-0.041541
0.911370
0.575480
0.183612
1.028839
0.649816
0.203051
0.856331
-0.009269
-0.874816
-0.174237
0.562518
0.517880
-0.250843
-0.360803
-0.063125
-0.204522
-0.739778
-0.157878
-0.003479
0.633467
0.074818
-0.200204
-0.078515
-0.033785
0.263663
-0.263721
-0.903630
-0.243652
0.425806
-0.195386
-0.417721
0.433898
-0.826084
-0.919050
0.199399
-0.335995
-0.570326
0.087474
0.964856
0.478204
-0.612040
0.059730
-0.281287
0.427717
-0.054789
-0.343342
0.558642
0.021871
-0.921237
-0.992591
1.030966
-0.670325
-0.090935
0.837784
0.012360
0.182895
0.887466
0.249771
0.631805
-0.364739
-0.360308
0.380460
1.000887
-0.252546
-0.020620
-0.065400
-1.225956
0.221311
0.185698
0.205529
0.249020
0.229962
-0.901983
0.337532
-0.277191
-0.521289
-0.225183
-0.724078
-0.864526
-0.159172
-0.314050
0.211562
0.026965
0.093520
0.389590
-0.461839
-0.698723
1.172774
0.625878
0.168042
-1.315537
0.127639
0.176713
0.020162
-0.769164
-0.384349
0.459552
0.132739
0.911610
0.562268
0.188248
0.491381
-0.773337
-0.609433
-0.129821
0.702810
0.850333
0.216760
-0.049434
-0.262073
0.711958
0.762820
-0.111162
-0.151119
-0.645835
-0.750042
-0.199360
-0.372290
-0.931010
0.076158
-0.019771
-0.340183
-0.418073
0.751312
0.078293
0.324385
-1.035279
0.395956
-0.674880
-0.300080
-0.382396
0.322516
0.156277
0.437180
-0.329678
0.523687
0.638634
-1.324376
0.238015
-0.315927
0.337569
0.318632
-0.056958
0.557834
-0.276227
0.210974
-0.158050
-0.267185
-0.227193
-0.478995
-0.266528
0.842839
1.362787
0.077090
-0.259525
0.845088
0.120044
-0.286273
0.115762
0.346804
-0.309499
0.442853
-0.256278
1.016813
-0.137182
0.736017
-0.122891
-0.404232
0.202601
-0.845644
-0.002459
0.479440
0.437788
0.046921
-0.651069
0.931477
-0.315305
-0.044783
0.184103
0.768892
-0.054030
0.226103
0.066798
-0.089006
0.308080
-0.447972
-0.329044
0.644418
0.279809
-0.311787
-0.181217
0.184072
-0.077473
-0.395478
0.370361
-0.611755
-0.495724
-0.458561
-0.113414
0.449046
0.534177
-0.446044
0.112695
0.134888
-0.373006
0.468966
0.416009
0.460405
-0.133860
0.080768
-0.354998
0.143221
0.316046
-0.341331
0.126393
-0.969909
-0.545830
0.078833
-0.744812
-1.178331
-0.587758
1.051773
-0.591532
-0.262740
-1.026276
0.136066
-0.074353
0.113508
0.191737
0.632983
-0.609264
0.364727
-0.427307
0.072968
-0.319338
-0.377521
-0.693666
-0.149787
0.083020
0.836258
0.532783
0.416473
-0.527147
-0.051485
0.583970
-0.222114
-0.038228
-0.095407
-0.070785
0.729396
0.047617
-0.288354
0.084641
-0.090854
-0.075294
-0.208595
0.207875
-0.284289
-0.463629
-0.707058
-0.609429
0.176327
-0.159003
0.028175
0.950190
0.103925
-0.473826
0.117838
-0.382100
0.219989
0.496041
-0.653753
-0.625703
-0.575022
0.243862
0.042861
-0.505152
0.587608
0.429055
0.329532
-0.093322
-0.438520
0.821360
-0.415808
-0.185850
0.791587
-0.505517
0.412207
0.729140
-0.350792
-0.055973
0.121978
0.042176
-0.220110
-0.209148
0.190475
-0.143130
0.660177
0.409094
-0.609498
0.929410
-0.681187
-0.313803
0.228166
0.596651
-0.577719
1.065028
1.593599
0.045116
0.528380
-0.153484
-0.005963
-0.751940
-0.538398
0.394954
0.980674
0.256544
0.512680
0.581601
-0.340062
-0.575758
-0.352058
0.117789
0.282919
-0.388409
0.212370
0.063419
-0.371247
0.479592
-0.313083
0.357141
-0.205126
0.816797
