-0.334695
0.087953
-0.093681
0.509255
0.947714
0.685588
0.172028
-0.022366
0.597752
0.074395
0.120378
0.638476
-0.525721
-0.025872
-0.270930
-0.777692
-1.102397
-0.147437
-0.012881
-0.313173
0.985957
0.296807
0.710292
-0.372028
0.615906
-0.540569
-0.666434
-0.465122
-0.548630
-1.004669
-0.447932
-0.074951
0.093952
0.078069
0.316648
0.405101
0.635103
-0.050493
-0.017270
0.330033
0.101485
-0.633551
-0.120225
-0.126582
1.206805
0.413664
-0.149617
-0.074924
0.526853
0.791048
-0.029902
0.229079
0.189863
-0.167096
-0.467883
-0.290995
-0.259378
0.217756
-0.747333
-0.741530
0.561303
0.768537
0.028316
0.866475
0.055115
0.062166
-0.452900
0.362644
0.289127
0.491111
-0.439712
-0.618007
0.237874
0.115695
-1.042015
-0.439716
-0.344098
0.374840
-0.604973
0.204980
0.205276
-0.015093
-1.410723
0.089008
-0.068152
-0.132525
-0.123373
-0.130148
0.615731
0.349534
0.191643
0.371733
0.631970
-0.967592
-0.027500
-0.495497
0.608025
-0.433247
-0.013976
0.056773
0.064830
-0.148877
-0.789746
-0.088893
0.920724
0.632867
0.148845
0.521155
0.616762
0.473343
0.492439
0.292762
-0.376411
-0.283836
0.418681
0.188864
0.057271
-0.330932
-1.070560
-0.287086
0.250428
-0.041402
0.065697
-0.085892
-0.291102
0.300800
0.079428
-0.449466
0.446328
-0.252271
-0.860159
0.186379
0.019416
0.047828
0.025773
0.463036
0.287299
1.133124
0.402697
-0.589707
0.929339
-0.501962
-0.105533
0.784045
0.036073
-0.012905
0.091742
-0.101372
0.789509
1.285057
-0.511669
-0.942092
-0.083986
-0.583118
-0.087677
-0.120862
-0.407490
-0.327125
0.001899
0.295828
-0.062794
0.188177
-0.293336
-1.538858
0.235734
-0.410213
0.184487
0.055100
1.263680
-0.413546
0.084493
0.797073
-0.229312
-0.247389
0.340677
0.102883
-0.035833
-0.898946
-0.215526
-0.828294
-0.368100
-0.266713
-0.576104
-0.205401
0.124139
0.399425
0.077868
0.290522
0.251385
-0.146711
0.272798
0.095020
0.109786
0.456821
-0.045304
0.130047
0.130120
-0.135339
0.574752
-0.039371
0.266392
-0.301196
0.459896
0.659642
-0.092162
-0.094803
-0.501179
0.125546
-0.399333
0.390750
-0.111358
-0.250574
-0.514657
0.065369
-0.649098
-0.695808
-0.143001
-0.273507
-0.079285
-0.115697
-0.719949
0.237629
-0.438335
0.501881
-0.899928
0.138145
-0.285389
0.298623
-0.299934
0.201245
-0.588318
0.087726
-0.155070
0.788694
0.240883
-0.641376
0.020441
-0.037102
0.056691
-0.712909
0.092120
-0.654342
-0.136184
-0.085057
-0.660832
0.008024
0.265537
-0.355669
0.050924
-1.176164
0.079949
0.105537
-0.592472
-0.860381
0.220498
0.128468
0.431043
0.083006
-0.523502
-0.034699
-0.620133
0.435998
0.374152
0.607315
-0.191352
0.131024
-0.158469
-0.258794
-0.178100
0.772700
-0.686259
-0.119647
-0.588174
-0.085615
-0.391447
-0.457580
0.571407
0.155460
-0.570235
-0.174660
0.074254
0.335511
0.216314
0.354421
0.248291
0.566155
-0.489428
-0.037270
0.023322
-1.109836
0.758104
-0.844461
-0.082840
0.315424
-0.322135
0.042628
-0.209265
0.520470
-0.213565
0.302411
0.346112
0.217098
-0.130683
0.003712
0.071878
0.226154
0.881234
0.013090
0.121053
0.223396
0.945251
0.460954
0.437904
-0.712293
-0.495533
-0.693466
0.347989
-0.396924
0.179480
-0.040301
-0.344728
0.061239
-0.166282
0.251296
0.296137
0.168918
0.572294
-0.641756
-0.044457
0.176088
0.507488
-0.130328
-0.048285
0.688507
0.440046
-0.451404
0.811485
-0.805348
-0.221061
0.611049
0.244946
0.755148
-0.046729
-0.258308
0.151479
-0.278735
-0.164471
0.319150
-0.946358
0.504012
-0.031039
-0.245640
-0.154549
-0.065182
-0.002190
0.025808
0.129354
0.165762
0.690084
-0.948194
-0.040752
-0.646584
-0.385359
0.145542
-0.225245
0.099766
0.753023
0.320878
-0.192190
0.602244
-0.497662
-0.115129
0.420250
-0.689111
0.170161
0.281144
0.221868
-0.535412
0.565915
0.652206
-0.397523
0.796029
-0.697519
-0.077524
-0.531518
-0.345685
0.320454
0.273349
0.126929
0.579255
-0.233451
0.458778
-0.143386
0.211807
0.197776
-0.022430
0.204678
-0.036015
-0.832948
0.053971
0.082010
-0.012857
0.277823
0.009307
0.269670
-0.296874
-0.103116
-0.326464
0.294370
-0.658904
0.229729
-0.653406
-0.896679
0.328758
-0.091617
-0.956136
0.348907
0.500122
-0.937325
-0.543103
0.442874
-0.179689
-0.143260
0.437452
-0.226962
-0.489491
-0.084550
0.160291
0.799974
-0.303276
-0.050199
0.054915
0.899110
-0.789502
-0.049707
0.712816
0.801595
0.009212
0.952740
0.801204
0.614527
0.524660
0.243744
-0.727443
-0.348732
0.702811
0.445808
-0.493962
-0.659666
0.137910
-0.007296
-0.609000
-0.020325
0.289040
-0.045932
0.205343
-0.304999
-0.054594
-0.571901
0.161152
-0.617820
-0.806846
-0.190740
0.586989
-0.582647
-0.709430
0.957612
-0.820649
-0.751837
0.297834
-0.344658
-0.500144
0.045878
1.063778
0.784281
-0.685502
-0.253654
-0.218840
0.160984
-0.232051
-0.356551
1.042604
-0.003260
-0.836771
-1.225635
0.693067
-0.649525
-0.252773
1.065929
0.027853
0.407100
0.574656
0.314104
0.384932
-0.558859
-0.098260
0.230340
0.594631
-0.313571
0.203576
-0.308436
-1.000324
-0.016470
0.553049
0.264377
0.208332
-0.029154
-0.591367
-0.049951
-0.219818
-0.654683
-0.372922
-0.541026
-0.695598
-0.026929
-0.365367
0.174908
-0.020911
-0.059114
0.341574
-0.466344
-0.451950
0.802049
0.795599
-0.090907
-1.233324
0.106291
0.217017
0.110127
-0.626905
-0.734968
0.826467
0.500186
0.967985
0.140078
0.452082
0.325182
-0.911499
-0.762820
0.043892
0.446448
0.795676
0.261297
0.075653
-0.455239
0.394961
0.820763
0.541087
-0.100632
-0.497839
-0.541252
-0.226752
-0.365932
-0.852967
-0.141476
0.022498
-0.230523
-0.537058
0.708619
0.046773
0.438038
-0.804276
-0.165371
-0.284224
-0.190434
-0.253000
0.161981
0.296550
0.401356
-0.519293
0.199242
0.760609
-1.522616
0.221718
-0.082841
0.064846
0.368671
0.022535
0.001939
-0.260307
0.331314
-0.228892
-0.089400
-0.361862
-0.383357
-0.305677
0.894156
0.962381
-0.040467
-0.235095
1.086984
0.031450
-0.486983
0.275192
0.239361
-0.369911
0.313998
-0.263283
0.719496
0.087088
0.831419
0.109297
-0.327084
0.216890
-0.776297
-0.042211
0.387796
0.385587
0.336863
-0.455619
0.896793
-0.217387
-0.134766
0.155086
0.615334
-0.091240
0.245517
0.404290
-0.025801
0.358314
-0.526791
-0.164214
0.658308
0.287305
-0.194359
0.119356
0.031242
-0.115972
-0.372799
-0.098065
-0.620946
-0.574208
-0.621550
-0.199052
0.565580
0.777312
-0.460612
-0.161685
-0.072485
-0.142798
0.363330
0.313555
0.292193
-0.426358
-0.104226
-0.335775
0.394683
-0.071973
-0.198147
0.231657
-0.886476
-0.487428
0.613331
-0.747081
-0.972111
-0.543396
1.013834
-0.657944
-0.530322
-0.574202
-0.227905
-0.442965
0.403176
0.503169
0.562841
-0.323153
0.371928
-0.490716
0.064949
-0.795153
-0.196086
-0.842245
-0.056131
0.082030
0.457874
0.578700
0.364762
-0.405151
0.002474
0.602596
-0.186360
0.013222
-0.406574
0.172968
0.489993
0.203127
-0.224613
-0.275619
-0.144539
0.166723
-0.155627
0.062971
-0.387696
-0.273884
-0.769548
-0.342036
0.259532
0.002056
0.153973
0.642679
0.080928
-0.517970
0.261182
-0.408602
0.196808
0.186605
-0.579342
-0.228862
-0.443188
0.173342
-0.047781
-0.376746
0.433831
0.737121
0.707986
-0.069121
-0.014363
1.121400
-0.048847
0.145902
0.498520
-0.587837
0.552160
0.442504
-0.411887
-0.132476
-0.048485
0.011253
-0.115323
-0.129402
0.368508
-0.230658
0.649628
0.110462
-0.178790
0.946522
-0.389735
-0.537293
0.516985
0.308105
-0.306952
0.970077
1.714671
-0.160897
0.461209
-0.392220
0.341603
-0.724731
-0.626744
0.042310
0.869679
0.249157
0.338138
0.687285
-0.562125
-0.375889
-0.054616
0.420430
0.264607
-0.378108
0.589297
0.230237
-0.241354
0.471578
-0.100037
0.463721
-0.105511
0.692883
