0.790469
-0.091132
0.037489
0.245115
0.413940
-0.045505
0.152219
0.023293
-1.036889
0.241805
0.556614
0.219997
-0.408032
-0.187080
0.268695
-0.822899
0.563662
-0.822978
0.337277
-0.538643
0.668659
0.320592
-0.487026
-0.186434
-0.249421
-0.494368
-0.424970
0.752085
-1.417683
0.260366
-0.235257
-0.422308
0.502773
-0.639659
-1.176828
-0.366722
-0.007987
-0.866167
-0.028350
-0.440431
-0.822876
-1.109454
0.253649
-0.932167
0.588163
-0.407917
0.005506
-0.446072
1.120166
-0.462284
-1.291286
0.549992
-0.403497
-0.257546
-0.250471
1.703451
-0.075516
0.317016
-1.560978
-0.023164
0.645260
0.031964
-0.173733
0.654400
-0.337514
-0.549657
-1.108197
0.168251
0.835762
-1.929221
1.054869
-0.644624
0.225649
1.149772
1.733282
0.206621
0.200248
0.627083
-0.185338
-0.328161
-0.762773
0.403897
-0.783657
0.198690
-1.047773
0.719835
0.578875
0.117373
-0.489985
-0.503017
0.232357
0.655214
-0.086456
-0.752992
-1.179268
-0.221133
0.197879
-0.967922
1.096843
-0.922491
0.107481
1.031199
-1.107727
-0.046568
0.143680
0.145969
0.639854
-1.043038
0.751065
0.538226
0.129893
-0.125763
0.423515
0.007190
0.119289
-0.038863
0.286412
-0.077160
-0.116539
-0.166753
-0.270328
-0.914788
-0.229952
0.666440
-0.710257
-0.627671
0.733858
-0.805532
-0.541379
-0.188940
-0.112104
0.645042
1.233371
-0.206699
-0.100498
-0.617742
-0.126748
0.922375
0.028367
0.469842
0.117179
-1.470770
0.027541
-0.222650
-1.078247
-0.201119
-0.315235
0.198308
-1.654965
1.487394
0.651947
0.174192
0.275864
-0.550130
-0.324017
1.039065
-0.070357
-0.275373
0.408248
-0.437800
1.308164
0.267399
-0.671876
-0.354565
-0.334874
0.884418
0.487942
-1.725430
0.411653
-0.335410
-0.188419
-0.015265
-0.058102
1.363935
-0.058501
-0.472710
0.700518
-0.081563
0.403950
0.170210
0.806446
0.205255
-0.343922
-0.552994
0.373666
-0.146459
0.340883
0.099343
-0.633894
0.843998
0.025893
-0.046551
-0.446904
-0.266561
0.787669
0.630873
-0.078250
0.078273
0.789429
-0.202715
-0.239385
-0.270847
-1.104959
0.251434
-0.041740
0.603024
0.033160
-1.317637
1.044531
-0.662071
0.368744
1.178279
1.214571
0.170422
-0.721179
-1.529423
1.431388
-0.786510
-0.952311
1.921324
-0.880125
-1.029775
-1.538687
0.239438
1.226718
1.059535
0.027737
0.292207
0.051832
-1.088945
-0.297516
1.111847
-0.341096
1.607869
0.523045
-0.756850
-0.789290
0.698336
-1.044386
-0.152454
0.426305
-1.877142
0.752257
-0.079856
1.443513
-0.500470
-1.142154
-0.021981
0.120738
0.642126
-0.123102
-0.417596
0.054496
-0.437651
0.414680
-0.531774
-1.254591
0.021135
-0.461569
0.117588
-0.255868
1.694033
-0.777808
0.257335
0.799185
0.568946
0.433587
1.382823
0.138977
0.093988
-0.816314
-0.207135
-0.540888
0.454300
0.144930
0.229802
-1.493094
-0.455254
-0.268124
0.646216
-0.269029
0.435968
0.208245
-1.543855
0.995951
0.087658
0.588950
0.787794
1.426109
-0.274899
-0.664275
-1.685374
0.208383
0.069677
-0.073485
-1.570232
-0.124554
-0.296203
2.149794
-0.692985
0.185462
0.635432
-0.338961
-1.082306
0.305065
0.498016
0.426672
0.805449
-0.429034
1.090374
-1.331780
0.253854
0.119341
0.064903
-1.261975
-1.023562
0.327404
-0.038502
1.136503
0.123013
-0.263342
1.243232
0.919996
-0.004808
-0.036911
0.353724
-0.795180
-0.191699
0.201379
-0.272191
0.876721
-1.621670
0.072421
0.179695
-0.346069
-1.512801
-1.244976
0.413071
-0.016451
0.291496
0.743671
0.452282
-2.114549
-0.864748
0.639651
0.222293
0.849264
-0.020435
-0.454373
-0.015801
0.727014
-0.811694
0.263055
0.302748
-0.227594
-0.505350
-0.775718
0.762988
0.382260
0.270057
-0.301127
-0.626671
-0.763422
-2.407797
-0.150472
0.832098
-0.763610
0.513785
0.318655
0.918606
0.088502
0.256127
-0.582637
-0.272935
-0.068719
0.203386
0.653680
0.489494
0.873487
-0.278402
1.068130
-0.033312
0.338889
-0.118545
0.024637
-0.129727
-0.563199
0.218626
-0.070524
-0.403398
-1.115021
0.195011
0.387492
-0.245931
0.026458
-0.766006
-0.266101
-0.081721
0.091374
-0.735073
0.129317
-0.399643
1.593122
-0.113715
-0.314157
-0.091107
-0.224320
-0.979597
0.189132
-0.880385
0.657735
0.394997
0.455341
-0.747094
0.069825
1.551488
0.388246
-0.159718
0.637073
0.468387
0.093346
-1.324879
0.972874
0.666161
0.629264
0.525228
0.136816
-0.826241
-0.153317
0.135942
-0.191677
-0.961363
0.144443
-0.445090
0.162160
1.015891
0.077586
0.007006
1.071411
-0.730124
0.720892
-0.470657
-0.078222
0.466987
-0.569484
0.217202
0.083855
0.531529
0.190024
-0.036358
-1.183941
-0.182220
0.202538
0.009757
-0.500414
1.241495
-0.324289
0.549450
-0.405611
0.229744
1.022328
0.887505
-1.476135
0.314986
-0.199147
-0.440826
-0.323813
-1.350131
-1.465824
0.384971
-0.614968
-0.402650
0.314361
0.607502
0.234857
0.730344
-0.276574
0.067988
0.185221
0.879314
-1.162746
0.930180
0.499012
-0.414168
0.799663
0.320072
-0.897691
-0.822505
0.247112
-0.154918
-1.846264
-0.039491
0.543727
1.164173
0.694261
-0.669445
-0.487972
-0.792879
-0.319017
-0.663190
0.489260
0.630176
0.243159
-0.137846
-0.564731
1.014346
-0.117774
-0.639665
0.293795
-0.175788
-0.082383
0.178279
-1.061594
0.336170
-1.030275
0.500413
0.775224
-0.735783
0.462340
-0.621182
-0.295137
-0.010224
-0.133356
0.211457
0.575032
1.242039
-0.005422
-0.213774
0.236215
-0.322929
-0.615200
-0.137304
0.605536
-0.598565
-0.769235
0.837309
0.505329
0.498586
1.022792
0.427774
-0.246705
0.303882
-0.208557
-0.143641
-0.051687
-0.414620
-0.144098
2.041086
0.085015
-1.369807
-0.244805
0.873863
-0.884270
-0.962648
0.961277
-1.795459
0.342908
0.438398
-0.094312
0.321281
0.344786
0.676746
-0.841124
1.071828
0.654710
0.650999
1.120222
-0.421824
-0.751413
-0.268127
0.984822
1.424682
0.687021
0.451692
-0.816674
0.052271
-0.177236
-0.695727
0.736839
0.112679
-0.194256
-0.846596
-0.993397
-0.335132
-0.272781
0.081255
0.615713
0.174901
1.496658
-0.326710
1.249877
0.308069
0.827369
0.269493
0.743602
-0.154476
1.203009
-0.281909
0.531317
-1.062760
0.887876
-0.149239
-0.876460
0.119819
-0.058942
1.649902
0.556971
-0.237323
-0.144665
0.724384
0.084706
0.136805
-1.447191
1.697682
-0.450932
-0.735084
-0.618012
-0.577305
1.381127
-0.522189
-0.504860
1.348736
0.055543
-0.321648
-0.078692
-0.160430
-0.598141
-0.438051
0.617314
-0.575723
-1.149083
-0.214296
0.759711
-0.205905
0.317537
0.343300
-0.267402
-0.135781
0.166952
-0.301241
-0.344046
-1.086926
0.332528
-0.565660
0.875370
0.602290
0.176486
-0.594582
0.380707
-0.235014
-0.414173
0.520228
0.855801
-0.201285
0.521360
-0.865106
0.914430
-0.444240
-0.787752
0.417780
-1.189069
1.221421
0.989368
0.503649
0.047660
-0.806498
-1.302245
0.086325
0.531512
-0.235632
0.622023
0.325197
-0.044112
-0.198954
0.502266
0.014873
-0.548797
0.949910
-1.439173
0.342608
0.392337
-0.643935
-0.091597
-0.514141
-0.595598
0.023666
-0.128839
0.673258
1.830258
-1.084844
1.431191
1.164433
0.587091
0.372793
-0.343535
1.348879
-0.688971
-0.322533
-0.529276
0.487277
-0.235133
-1.099279
0.647750
-0.264922
-0.879450
-1.036729
-0.248792
0.465531
-0.575999
-0.089731
0.298395
-0.077046
0.049856
-0.289824
-0.498567
0.725053
-1.018308
0.541040
0.063860
0.031591
0.248166
-0.419220
-0.381429
-0.145470
-0.216351
-0.160068
1.364440
-0.180551
-0.009023
1.232605
0.329688
-0.117212
0.118269
0.727067
0.256231
-0.183592
0.949017
0.215406
-0.603110
0.909334
-0.586661
-0.567002
-0.583257
-1.530764
0.856172
-0.466092
0.036842
-1.061368
-1.604264
1.519121
-0.439282
0.459699
-0.333000
0.405152
1.507063
-0.682545
-0.134787
0.034634
0.877393
0.636769
-0.788931
0.461425
0.192658
-1.075311
1.056481
0.063975
-1.370240
-2.229529
