-0.383984
-0.441876
-0.006138
-0.974769
-0.839164
-0.565578
-0.884339
0.323597
-1.714421
2.078755
0.537227
-1.268497
-0.688742
-0.385966
-0.035473
-0.256031
0.329500
-0.254489
0.610108
0.033541
-0.969416
0.364183
-0.365956
0.642475
-0.349399
-0.687790
1.063311
0.242609
0.403607
0.086542
-0.703063
1.041444
-0.295045
0.223967
-0.807228
0.061288
-1.084089
0.093915
0.312364
-0.674554
0.342048
-0.559213
0.698548
1.037022
-0.124736
0.410511
0.524412
-0.162210
0.332951
-0.129350
-0.255934
-0.562961
-0.719828
0.948447
1.172843
-0.553963
-0.771146
-0.889340
-0.064835
-0.266033
0.697077
-0.365626
-0.192617
-0.624510
-0.195148
1.283751
-1.091556
-0.172730
0.778574
-1.545502
-0.302066
-0.456922
-0.285144
0.623116
-0.281472
-0.623837
0.757125
-0.271459
-0.019927
0.037245
0.230421
-0.123388
0.635055
0.098138
-0.443097
-1.763855
-0.341410
0.809910
-0.208887
0.022909
-0.580816
0.684311
0.454538
1.099629
-1.455140
-1.467472
-1.121072
-0.533579
-1.020381
-2.297374
0.446398
0.192802
-1.317767
-0.616221
0.595038
-1.074057
0.314174
0.989174
-1.081373
-0.390896
-0.339088
-0.135957
-0.616835
0.177296
0.809937
0.605296
-0.375898
-0.807724
-1.084943
0.635963
-0.148768
-0.124865
-0.202377
1.284417
-0.325349
0.893136
0.052746
-0.664790
-0.330089
-0.136248
0.407997
-0.826759
-0.370362
-0.224906
-2.099843
-0.704250
0.598969
0.133163
1.548496
0.344225
0.494945
-0.418377
1.426196
-0.417380
0.630850
1.266836
-0.698484
0.229468
1.226459
-0.824270
-0.339646
1.458484
-1.114075
-0.143683
-1.058879
-0.818300
0.152600
0.191320
0.596483
-0.298677
-0.445195
0.052893
-0.116677
-1.142863
-0.312198
-1.236235
0.580185
1.137891
0.396094
-0.049454
0.311399
1.594333
-0.022430
0.297751
-0.490499
1.305760
0.363843
0.293233
-0.242886
1.298894
1.085618
0.231235
0.213443
0.466707
0.601716
0.152684
0.899556
-0.295224
0.168676
-0.476977
-2.062258
0.717954
-0.376774
-0.323236
-0.387771
-0.586442
0.394415
-0.668683
-0.332305
0.218456
0.299861
0.378193
-0.518110
-0.282390
-1.757471
-0.030350
-0.357356
1.201924
0.234836
0.387049
-0.017862
0.469815
0.084119
-0.220368
-0.013190
-0.601871
0.059558
0.201256
1.027209
0.404140
-0.216480
-0.117888
0.809411
-0.155041
-0.578751
0.826201
0.911152
-0.696906
0.418049
0.996920
1.437964
-0.662405
0.546521
0.633968
0.111882
-0.335849
0.288078
0.665347
0.162339
-0.088472
-0.276469
-0.836648
-0.259946
-1.096638
0.191851
0.242259
-1.796318
0.101038
-0.581095
0.367821
-0.581816
-0.536932
0.742154
-0.611729
-0.042055
0.296771
-0.590613
-0.292229
1.001159
0.113748
0.555012
-2.006941
-0.416461
0.370232
-0.220055
-0.220087
-0.289147
0.152461
1.024904
0.008562
-0.219919
0.269787
-2.317647
1.989095
-1.004997
-0.247079
0.252617
-0.759120
0.027797
0.396373
-0.273219
-0.002724
-0.418774
-0.598176
-0.220167
0.959958
-0.290558
0.188255
0.013751
-1.321562
-0.068129
1.142365
0.204873
-0.845377
0.366113
-0.688547
-0.540597
-0.646018
0.277288
-0.303530
0.612600
1.933357
-1.286466
0.383513
-0.408382
0.843641
-0.038731
-0.437299
-0.565752
-0.439920
0.990929
0.213334
0.208878
0.148069
0.625611
0.158648
-0.207026
-0.586206
-0.145114
0.101263
-0.466983
2.418350
0.921105
0.653472
-0.291320
-0.260228
-0.559126
1.815748
0.203547
1.374537
1.396977
-0.158703
-0.194009
0.231067
0.250011
0.496193
-0.269242
-0.442447
1.154088
-0.104499
1.017424
0.521955
-0.671601
0.639948
-0.123708
0.264396
-0.415605
-1.046151
-1.320897
0.017038
-0.251748
0.599632
0.496813
-0.730942
0.028785
-0.764187
-0.391766
1.899922
0.608863
-0.516779
0.222541
0.136351
-0.701467
-0.825651
0.518125
0.981024
-0.293177
0.286525
0.469745
0.056781
-1.046777
-0.689453
-0.334666
0.297077
-1.119316
0.437681
0.334542
-1.271285
-1.039458
-0.416348
-0.835413
-0.177687
0.419660
-0.447434
-0.790770
-1.095406
-0.282325
0.614946
0.309193
-0.340830
-1.160252
0.504231
-0.382608
-0.970378
0.380807
0.523084
0.273489
1.262589
-0.931934
-0.928606
-0.453207
0.614827
-0.693608
-0.307784
-0.119549
-1.871466
-0.589520
0.218272
-0.106276
-0.022831
0.249102
-0.320116
0.728251
-1.887619
0.708707
0.185539
-1.423472
-0.044563
0.457635
0.883086
-0.296635
0.374761
-0.029151
0.125158
-0.519691
0.745554
0.558539
-0.379132
-0.220060
-0.318534
1.351514
0.906287
0.900657
0.568981
0.173573
0.211906
-0.158374
0.163780
0.593563
0.838014
-0.503948
0.244567
0.084897
-0.228040
0.291598
0.136070
-1.049299
-0.153705
0.356503
0.605461
-0.833083
-0.781594
0.942571
-0.122146
0.216073
-0.102890
0.443319
-0.163479
0.083564
1.112043
1.198398
1.127476
-0.064897
-0.127532
-0.291111
0.523851
-0.280259
-0.172534
1.036765
-0.385002
-0.191220
0.559902
0.692817
-1.074901
0.104518
0.765074
-0.399929
-0.573898
0.268913
-0.991765
0.102186
0.559951
0.777551
0.524872
-0.230663
0.996225
-1.727211
-1.435501
0.989058
-0.398347
-0.679642
0.720308
-1.343266
-0.719117
-0.904507
-0.672753
0.393914
0.435742
-0.551912
-0.429531
-1.201662
0.047505
0.337575
-0.425022
-0.289542
0.385234
0.221795
-0.489855
0.095550
0.094017
0.118147
-1.398303
0.801894
0.207633
-0.801828
-0.280724
1.780048
-0.591649
1.417208
-0.612422
0.597547
0.412099
0.820334
-0.931786
0.613872
-0.258184
-0.432139
1.446724
-0.338291
-0.136615
-0.816539
-0.256932
0.731158
0.237361
1.387578
-0.378840
-0.028104
-0.529989
0.042279
-0.316483
0.284315
0.368048
-0.177361
0.462239
-0.440472
0.699183
1.253351
0.705027
-0.532224
1.024437
0.215374
-0.041754
-0.195584
0.833924
0.435433
-0.699637
0.052289
0.339156
-0.287674
0.297214
-0.167936
0.350063
-0.031110
0.018081
-0.422530
-0.125365
1.243593
1.158219
-1.684135
-0.291645
-0.583124
0.213358
-0.213555
-0.979784
0.586264
-0.067021
0.012234
0.951253
0.730454
0.306364
0.177686
-0.676099
0.527298
0.178787
1.337046
-0.043440
-0.547256
0.141878
1.560791
1.113418
-0.070492
0.552095
1.680877
1.001014
0.188063
0.098478
0.123594
0.532574
-1.280680
0.956558
0.561819
0.260396
-0.644704
0.907027
-0.315925
-0.548288
0.509922
-0.088305
-0.812789
-0.057186
-0.730412
-0.708349
-1.010920
-0.367508
-0.118267
0.093394
0.455668
1.113796
1.514874
0.509574
-0.540800
-0.630864
0.114418
-0.875303
-0.619162
-0.470652
0.258793
1.312184
0.367976
0.077620
-0.284564
-0.896103
-0.744924
1.198230
0.104694
0.860071
-0.906217
0.333167
-0.157124
0.187356
-0.414109
0.306399
-0.551177
0.077850
0.922328
-0.496427
-0.208812
-0.012308
0.381001
0.063357
0.898258
-1.696413
0.217086
0.111959
0.471967
0.557809
-0.197239
-0.491672
0.844999
-0.298799
-0.726162
-0.371330
-0.310806
0.078030
-0.330335
0.774314
-0.197772
-0.860764
0.674902
-0.871931
-0.210942
0.422370
-0.086135
-0.226747
0.591384
0.556633
0.082595
0.385348
-1.044403
-0.766318
0.839991
0.439962
-0.470294
-0.878816
-0.154201
-0.553384
-0.554803
0.414648
0.957981
-0.211904
-0.391779
1.965974
0.191526
0.458596
-0.246486
1.034604
1.499462
-0.442229
0.174991
0.369366
-0.233745
1.202472
0.353862
-0.430962
0.047983
0.728641
0.257689
-0.377382
-0.420032
-0.274759
-0.275914
-0.639386
-0.505504
-0.163456
-0.436948
-0.258528
0.323828
0.216088
-1.924927
-0.288063
1.524061
-0.152616
-0.039316
1.502968
0.845056
0.467356
-2.399562
-0.155923
0.464231
0.168032
0.471921
-0.045034
0.082383
-0.045415
0.400279
-0.172797
-0.253566
0.134725
0.436196
-0.301267
-0.068507
1.385862
0.154214
0.215861
0.788214
-0.844272
0.072947
-0.629623
-0.471262
-0.327784
0.290800
-0.524253
1.720888
-0.735545
0.873208
-0.177935
0.789749
0.424730
-0.683522
-0.053643
-0.177629
0.385206
-1.037980
1.648000
0.510055
-0.345673
0.247489
-3.275594
