-0.430647
0.506521
0.197283
0.443995
-0.277048
-0.557350
0.191302
-0.124008
0.909154
0.803061
0.076814
-0.260675
0.200101
0.345642
-0.156959
-0.153247
-0.105205
-0.962626
0.830239
0.434335
-1.608479
0.494944
-0.277339
0.382553
0.153641
0.580638
0.284759
0.303693
-1.215147
0.088561
-0.347780
0.672252
-0.044187
-0.365257
-0.564284
0.129314
-1.072906
0.126201
-0.637340
0.191439
0.032982
0.225310
0.035302
0.781337
0.347856
-0.653325
-0.011087
-0.479201
0.934536
0.238694
0.081824
0.088905
-0.156846
-0.249848
0.835006
-0.072467
-0.112430
-1.217232
0.145671
-0.162914
0.295051
0.190775
-0.122683
-0.587912
-0.678971
1.043312
-0.891120
-1.366135
1.365585
0.374330
0.854933
1.203907
0.180614
-0.541491
-0.194106
-0.962924
0.121020
0.658798
0.584356
-1.009631
0.086950
-0.887063
0.242979
0.285523
-0.390144
-0.900418
-0.718930
-1.310335
-0.570585
-1.275851
0.528845
-0.335268
0.028744
0.050166
-0.547163
-0.984590
-1.031727
0.043539
-0.419557
-1.419341
-0.337609
0.248440
0.394206
-1.058113
0.893009
0.191649
-0.303294
0.663092
1.030607
-0.587877
0.074742
-0.011781
0.832806
0.614882
0.133232
0.266657
-1.120662
-0.139908
0.381740
0.966377
-0.289841
0.614838
-0.099278
0.138435
0.773172
0.220728
-0.917380
0.358228
0.171144
1.003572
-0.732287
-0.308598
0.896652
-0.093575
-0.216023
0.860440
0.244073
0.885285
-0.246115
-1.071290
-0.660667
0.720727
-0.506576
0.333188
-0.591609
1.066327
0.377257
0.108598
-0.172563
-2.145177
-1.173815
-0.890801
-0.591912
-0.643350
-0.316784
0.111936
0.301577
-1.129061
0.181611
-0.601880
0.359156
0.091225
-0.481262
-0.754660
0.268238
-0.531082
-0.197962
0.707846
-0.216742
-0.270203
0.701212
0.711438
0.030935
-0.296086
-0.540646
-0.941475
-0.234972
-0.568143
0.290308
0.290182
0.388052
0.018346
-0.255890
-0.051102
0.181226
-0.860681
-0.153866
0.577844
0.409300
0.649083
-0.669294
-0.930408
-0.369601
0.262438
-0.588513
-0.129037
1.109928
0.112730
1.119829
-0.768074
-0.311139
0.149945
0.572190
0.636609
0.188252
-0.310382
0.399870
1.013519
0.065215
-0.456520
-0.726024
0.765214
-1.039094
-0.476030
-0.339141
-0.596512
-1.681694
-0.628197
0.566593
0.516893
-0.072105
-1.369861
-0.337051
0.052189
0.430117
-0.245040
1.060041
-0.334396
0.242686
1.009487
0.701781
-0.162086
-0.497135
-1.178175
-0.413614
-0.240423
-2.046216
-0.091021
-0.122597
0.425116
0.421482
0.021215
-0.773365
0.512804
-0.060158
-0.118274
0.551706
0.103808
0.949919
0.289211
-0.228000
0.632449
-0.045681
-0.032431
0.695132
-0.096848
-0.674392
0.419751
0.378102
0.071078
0.792216
-1.124283
-0.966191
-0.180062
-0.315841
0.557661
0.533484
0.805215
0.639889
0.132177
-1.431201
-0.342469
-0.170587
0.256799
0.560591
-0.489244
0.388990
0.258817
0.670680
0.781926
-0.731445
0.376642
0.529489
-0.827683
0.596429
-0.904205
-0.156136
-0.028577
-0.433677
-0.689472
-0.618070
0.629439
0.089300
0.536949
0.509765
0.722112
-0.219642
0.139186
-0.139432
-0.587367
0.395963
-1.415631
0.459897
0.182649
-0.419856
0.044466
0.084045
0.203124
1.172735
0.288376
-0.290349
0.104632
0.607298
-0.148307
-0.051539
-0.028657
-0.259003
-0.086077
0.013730
0.066588
0.275045
0.473087
-0.168111
-0.195710
-0.977149
-0.236940
0.160006
-0.156544
0.103328
-1.035388
1.372075
0.672049
-0.557823
-0.658492
-0.204217
-0.979493
0.006103
-0.440918
-0.789153
-1.141401
1.049932
-0.487139
1.119099
0.888818
-0.010292
0.006037
0.346986
0.334628
-1.059470
-0.007515
-0.054008
-0.079745
-0.413923
0.605001
0.389909
0.079732
-0.937702
0.456385
-0.958105
0.025544
-0.380136
0.036958
-1.208345
-1.414869
-1.179466
0.502183
0.739335
-0.156742
1.308711
0.436342
0.368940
-0.945561
-0.925556
0.314141
-0.332314
0.811584
1.243569
-1.663056
1.339697
0.242635
-0.362296
0.124587
-0.160498
0.355408
1.087024
-0.987415
-0.864774
-0.091132
0.639851
-1.252092
-1.564324
-0.018645
0.222601
0.349311
-0.094955
-0.002682
1.330032
1.455521
-0.351940
-0.472640
-0.011674
1.198369
-0.437685
0.733898
0.248517
-0.007787
0.107100
-0.778837
-0.774197
0.304145
1.148348
-0.507770
-0.297564
0.258132
0.636189
0.253858
0.373634
0.320133
0.335634
1.426822
0.183257
0.017999
0.334115
-0.353715
-0.175545
1.601852
-0.716806
1.387425
0.402576
0.303444
-0.083359
1.054389
0.346503
0.160807
0.129035
1.295861
0.161987
-0.573854
0.090949
1.141636
-0.625180
1.194739
1.021101
-0.966735
0.495343
-0.184955
-0.066872
1.449350
0.846078
-0.304543
-0.848306
0.206366
0.603326
-0.786575
-0.503574
-0.085277
-1.020820
0.140650
-0.060614
0.328622
0.582329
1.642781
-1.209743
-1.496471
0.066438
0.722799
0.081824
-1.497112
0.215327
0.348819
-0.325607
0.553184
0.777406
-0.661768
-0.377683
0.292655
-0.248871
-0.231022
0.807706
0.054002
-1.424852
-0.070956
0.107513
-0.442523
-1.073109
1.234324
-1.533834
-0.859313
1.476364
0.061497
0.276881
-0.587537
0.378075
-0.013728
0.825579
0.498006
1.644724
-1.462561
-0.701593
-0.048780
-0.847921
-0.503523
0.551330
0.524583
0.721650
0.442119
0.310917
-0.565837
-0.121957
-0.018475
-0.201536
-0.173428
0.836173
1.070204
-0.179795
-0.318113
0.549757
0.993267
0.143695
-0.208904
0.724139
0.127239
0.656959
1.144732
0.193399
-0.376867
0.258388
0.737250
0.374943
-0.653647
-0.480489
-1.763362
1.539385
0.121905
0.534334
-0.255931
0.491438
0.579878
-0.176546
1.509103
-0.663180
-1.109970
-0.148334
0.352469
-0.008926
0.416679
0.956678
0.151393
-0.647883
-0.718931
-1.170288
-0.164624
-1.825826
-0.271924
-0.832966
0.283137
-0.458469
0.006735
0.037743
0.030489
-0.544495
0.164042
0.975762
-0.169756
0.078576
-1.152839
0.300061
0.208304
-0.371749
0.328195
-0.822450
0.168253
0.350625
-0.596496
0.334813
-0.123155
-0.436282
1.209385
-0.051766
-0.012868
-1.071883
0.485894
-0.442825
0.074296
0.582246
-0.721501
-1.002555
-1.261371
0.782522
-0.559564
-0.141264
-0.475684
1.143013
1.398407
0.957507
-0.175027
0.143351
0.937846
0.419230
0.543840
-0.152792
0.655868
-0.098905
0.782810
-0.716718
-0.840159
0.138055
1.061732
-0.816186
-0.532841
0.302977
1.283119
-0.264534
-0.073456
-1.046320
-0.232559
-0.780508
0.388620
0.900254
0.790754
-0.774142
-1.390700
-0.660198
-0.697823
0.118954
-0.330906
1.375710
-0.223891
0.231408
-0.175042
-0.402015
-0.533561
-1.512111
0.743665
0.953819
-0.327656
0.720853
0.808394
0.411144
-0.460827
0.680950
0.066138
-0.203028
0.262972
-0.051884
-0.488070
-0.185860
-0.581305
1.509139
-0.810426
-0.136109
-0.268214
-0.289022
-0.811703
0.689329
0.334954
-0.673437
-1.253125
0.069217
0.160671
0.457951
-0.520585
-0.693362
0.508418
-0.471728
-0.925586
-0.580252
-1.108331
0.966461
-1.510559
0.792949
-0.044658
-0.971708
-0.105737
1.135320
-0.520704
0.427015
-0.710737
0.295815
-0.700642
-0.456875
-0.025577
-0.522109
-0.746451
-0.232686
-0.114620
0.263125
0.454704
-0.414720
-0.487157
0.830135
0.973665
0.805607
0.499559
0.181320
1.194681
1.419056
0.061204
-1.278347
0.961336
-0.077550
-0.766440
0.381265
0.062910
-0.006202
0.519155
-0.025629
-0.007887
-0.448144
0.446703
-0.922137
-0.094297
-1.819709
1.341627
-0.206142
-0.665627
1.076209
0.417994
-0.683344
-0.564789
-0.060354
0.551031
0.069307
-0.487386
-0.850222
0.975042
0.310791
0.082497
-1.023063
1.024683
1.797744
-0.925200
-0.415014
-1.450124
0.368116
-0.145548
1.278715
0.141977
0.201100
-0.281584
0.439481
0.386094
0.470147
0.326608
0.912997
-0.178181
0.371894
-0.026203
-0.325153
-0.015869
1.325192
-0.704583
-0.503095
0.929139
-0.253728
1.451873
0.029493
-0.500950
-1.228878
-0.364537
0.545466
1.222509
0.175763
0.197788
-0.384496
0.358916
0.711748
-0.655757
