-1.208360
-1.035852
-0.300059
1.048999
0.476833
-0.190086
-0.671437
-0.475154
-0.815927
-1.177152
0.264741
1.859002
0.407469
-0.374451
0.078455
-0.627662
-1.024339
-1.507742
0.319694
-0.580127
-0.320536
0.774281
-0.307154
-0.087596
-0.171701
-0.332017
-0.524338
1.050149
0.292919
-0.249117
-0.691140
0.421459
0.295916
-0.390903
-1.647724
-0.547334
0.620658
0.442449
-0.094942
-0.962804
-0.442533
0.917427
-0.186879
-0.428698
-0.052978
-1.371095
-1.221798
-1.617707
0.025528
0.444144
-0.538797
0.994627
-1.306834
0.070839
-0.554334
0.234479
0.748508
-1.362496
0.553410
-0.209197
0.910571
0.172431
-0.150144
-0.326842
0.437197
0.302942
-0.238484
0.191160
0.389339
-1.449437
0.466419
-0.821112
-0.367580
0.269769
1.755100
0.297512
0.043394
0.714011
-0.361671
0.184628
-0.211800
0.275927
-0.141967
0.230164
-0.129206
0.506034
-0.269410
-0.330617
0.657299
0.219777
0.365414
0.642418
-0.032669
0.191781
0.699961
-0.360858
0.283907
-0.749403
2.158508
-0.820572
0.401229
0.274653
-0.948935
0.844628
-0.675251
-0.583275
-0.777305
0.944460
0.428417
0.535879
-0.451634
0.402752
-1.190578
0.002910
-0.084945
-0.446580
0.283747
-0.121663
0.167380
0.521915
-0.557518
-0.184279
-0.172727
0.253821
-0.776405
0.034087
-0.002755
-0.049931
0.126935
-0.692533
0.248021
0.761500
1.354653
-0.155034
0.139699
0.077976
-0.573946
1.487595
-0.353339
-0.288920
0.161949
-1.368193
-0.617966
0.301635
0.204064
-1.139174
-0.967615
0.159359
-0.946411
0.844949
0.608565
0.169858
1.556989
1.087251
-0.282429
0.194975
0.868525
-0.532046
0.673044
-0.437169
0.702390
1.318720
-0.852752
1.033124
-0.548794
1.221971
0.380839
-1.195277
0.538568
-0.012126
-0.549553
0.254740
-0.273214
0.609987
-0.499939
0.382280
0.699852
0.044981
0.179025
0.711422
1.000443
0.130305
-0.550496
-0.840711
-0.536683
0.049692
0.772827
-0.130347
-0.763522
0.492374
-1.051792
-0.119578
-0.463635
-0.217246
-0.239158
1.190089
0.363870
1.308246
1.390185
0.138871
-0.403807
-0.738879
-0.825222
-0.509793
1.262162
0.629472
0.376030
-0.045269
0.221056
-0.054059
0.189278
1.344746
0.581121
-0.216353
-0.865724
-1.055147
0.940248
-1.093615
-0.169917
1.123031
-0.196331
-0.614824
-0.443164
0.605401
-0.290501
0.656767
0.113554
-1.055603
-1.140345
0.156444
-0.093671
0.990843
-0.916293
-0.183220
0.508472
-0.144695
-0.220926
0.427572
-0.623739
1.122160
-0.118570
-0.296160
0.305599
-1.756963
1.014324
0.035969
0.140990
-0.382366
-0.181256
0.332240
-0.809694
-1.325957
-0.358731
1.145668
0.025276
-0.171402
-0.575637
0.182336
-1.039691
0.099659
-0.398751
1.592005
-1.678095
0.271056
0.481534
-1.447485
0.278998
-0.178819
0.725595
0.840452
-1.564445
0.688339
-0.351569
0.255217
-0.307741
0.372496
-1.317575
0.920429
-0.758808
0.183950
0.335570
0.000315
-0.543515
-1.785981
-0.708652
0.317601
0.939900
-0.825661
0.348190
-0.418628
0.260760
0.028059
0.156278
-0.571453
0.751287
-1.260661
0.242495
-0.440873
0.653060
0.695456
0.519124
1.064087
-1.298306
0.367329
-0.823145
0.825728
-0.212679
0.046929
0.947782
-0.001665
-1.072779
0.251696
0.981012
-0.144372
-1.067250
1.005674
0.901109
-0.067006
1.337980
0.106484
-0.604428
0.685786
2.027850
1.037010
0.742467
-0.125536
-1.843751
0.668955
0.198721
0.091314
0.309345
-0.637885
-0.397100
-0.600209
0.543395
-0.446784
0.300321
0.760736
0.992888
0.155721
-0.092252
0.558313
-0.933235
-0.116332
0.137854
0.041920
-0.388034
-0.027494
0.014246
-0.168542
1.474768
1.006352
0.599374
-1.079507
-0.308590
0.675115
0.397021
1.647261
0.580422
0.327554
0.759562
-0.331145
-0.362936
-0.712811
1.248617
-1.508596
-0.119012
0.081518
-0.535580
0.458319
-0.995921
1.964614
-0.469043
0.776842
0.211031
1.108432
-0.453000
0.498388
-0.131968
-0.902825
0.971615
-0.806969
0.566912
1.436656
-0.205764
-0.043758
-0.907675
-0.712837
-0.022813
0.698374
0.567300
0.083588
0.151033
-0.382730
-0.033323
-0.776831
-0.818925
-1.744538
0.190104
0.126931
0.503124
-1.150279
0.461464
-0.202448
-0.036216
-0.927729
0.029961
-0.095768
-0.447850
-1.405380
0.021121
-0.156337
0.458831
-0.460247
-0.043397
1.643236
-1.005067
0.567252
0.133542
0.165768
-0.293729
-0.548310
0.117828
0.776122
0.484657
-0.175958
-0.248891
-0.575825
0.027407
0.292618
0.030935
1.367791
0.363413
0.374166
0.174274
1.094710
0.506298
-0.369147
0.891914
-0.738240
-0.209372
-0.087475
-0.721854
0.835088
-0.740662
0.565986
0.655171
-0.395294
0.785274
-0.098280
-0.445000
0.176447
-0.486029
0.425747
-0.216358
0.533880
0.951248
-0.102527
0.479299
0.530414
0.312799
0.444250
-0.110176
0.894398
-0.378972
1.248330
-0.177918
0.015166
-0.472024
1.271161
-1.271501
0.217155
-0.144089
0.738461
0.462248
1.251100
-0.676872
0.092104
0.477076
1.134014
-0.694671
1.008881
-0.512937
-0.493018
-0.103323
0.721621
-0.801465
-0.355342
-0.159998
-0.710783
-0.741440
-0.915483
0.461001
0.182837
1.040778
-0.410590
-0.770540
-0.272011
-0.557300
0.047624
-0.073402
0.722436
0.083233
-0.627863
0.186403
0.582117
-0.569701
0.533899
0.194165
0.139182
1.040076
0.343388
-0.367040
0.035410
0.531319
0.718548
1.339507
-0.052847
-0.221189
1.383533
-1.101030
0.623128
-0.893857
-1.006513
0.075181
0.807612
0.320267
0.098192
-0.124063
-0.404171
-0.353581
-0.875355
0.175552
0.345164
0.325587
0.041249
0.288838
-0.329357
0.511703
-0.277673
-1.313618
0.289238
-0.809387
-0.550118
-0.272016
-0.161564
-0.152811
1.619679
-0.017384
-0.906030
-0.295493
0.344654
-0.506381
-0.756734
1.230116
-1.183073
0.896432
-0.092397
-0.184868
-0.399080
0.706888
0.277226
-1.201770
0.820261
0.433731
-0.095877
1.190041
-0.792323
-1.779129
-0.463782
0.036424
0.656105
-0.491033
0.822762
-0.204583
-0.221933
0.119849
-1.303855
0.791887
-0.068752
0.669455
-0.813854
0.397749
-0.570152
0.518868
0.128102
-0.827464
0.288347
1.296107
-0.068726
0.157895
-0.647253
0.296567
0.989031
0.012634
0.386431
-0.069235
-1.420355
0.239841
0.455691
0.397026
1.059340
-0.225056
0.196758
-0.080067
0.731977
0.421955
0.150981
-0.977499
0.258471
0.062210
-0.642571
-0.405605
1.069263
-0.641676
-0.627530
-0.321963
-1.714016
0.962081
-0.344570
-0.408776
1.358451
-0.431113
-0.602824
-0.746757
-0.508960
0.031837
-0.888997
-0.016794
0.396177
-0.303863
0.989062
0.751589
-0.165150
-0.295908
-0.003336
-0.920534
-0.047788
0.451169
-0.050669
-0.328417
-2.021068
0.016092
-1.087466
0.482467
0.641130
0.066908
0.641105
0.726267
0.437467
-0.500164
0.739605
-0.216551
-0.482562
0.226249
0.417045
0.279320
-0.156863
-0.854428
-0.232828
-1.441722
1.540861
0.363925
-0.176251
-0.010965
-0.299057
0.044234
1.191315
-0.424886
-0.026913
0.421645
0.134212
-0.556096
-0.146265
-0.255076
0.203860
-1.049689
0.059457
-0.222615
0.034180
0.803789
-0.867586
-0.156189
-0.070892
-0.740481
-0.237647
-0.661022
-0.997007
0.770609
-0.873617
0.460542
-0.146662
-0.291401
0.660780
0.520737
0.513210
0.545426
0.076648
-0.086122
0.413595
-0.150407
-0.350291
0.706447
0.022199
-1.071014
-1.844167
-0.614221
0.868691
-0.436545
0.007002
-0.634103
-0.181982
-0.126411
-0.210737
-0.566545
-0.514195
0.457174
-0.061015
0.165147
0.058879
0.341647
-1.030751
-0.304474
1.148546
-0.803988
0.170227
0.053188
-0.192204
-0.651487
0.002758
-0.023815
-0.288745
0.644655
-1.018488
0.298256
-0.018397
0.543334
0.176698
-0.164850
0.755669
-0.711186
0.318603
0.427823
-1.147707
0.576093
-0.596502
-1.779396
-1.542564
0.501320
1.564039
0.118685
0.417301
-0.120523
0.327823
1.470299
-0.742537
-0.780858
-0.125893
1.023336
0.826509
-1.427754
-0.418016
0.618687
-0.734948
-0.321151
0.401939
-0.536982
-1.461451
