-0.033310
-0.043019
1.739263
0.836361
-0.153531
-0.355726
-0.070660
-0.524114
0.737895
1.578277
-0.034391
-0.361199
-0.738928
0.162669
0.383483
0.345152
-0.205949
-0.079025
0.342936
0.386441
-0.460380
0.317640
-0.799386
-0.005961
-0.686719
0.420489
0.297237
-0.437960
-0.699423
2.176439
-0.589492
0.813896
-0.173139
0.790104
-0.281775
-0.319232
-0.553693
0.833535
-1.508425
0.851193
-0.434913
-0.953301
0.010771
1.027620
-0.756926
0.458477
0.748808
-0.895328
1.637914
0.608479
-0.186220
0.089717
-0.282664
-0.337413
-0.168900
-0.409718
-0.432928
-0.931273
0.849932
-1.114818
0.039030
0.987005
-0.116030
0.737249
0.235144
0.095889
-0.085691
-0.847405
1.581271
0.314010
-0.002358
1.789101
-0.380183
-1.122013
0.017626
-0.900806
0.430757
-0.334336
-0.420045
-0.328186
-0.009005
-0.632958
-0.429725
-0.022823
-0.658260
-0.553198
0.234300
-1.733081
0.518447
-0.133612
0.639329
-0.428148
0.091244
0.131663
-0.438927
0.459481
-1.176853
0.308646
-0.952815
-0.914872
0.158865
-0.048820
0.304417
-0.596307
0.966388
0.088436
-0.280543
1.509720
0.278116
-0.313771
-0.323263
-1.010583
0.416308
1.207817
-1.328840
0.415950
-0.466424
0.215540
0.161920
1.296142
-1.072836
-0.174191
-0.117302
0.624562
0.232670
-0.322067
0.401540
-0.055179
0.077141
0.701079
0.010541
-1.039679
1.362402
-0.115576
0.015310
0.410900
0.216002
1.213350
-0.109189
-0.778995
0.082496
0.226740
-0.029912
0.679172
-0.595747
0.788803
-0.189882
0.104265
0.513812
-2.843162
-0.773695
-0.737079
-0.151181
0.274223
-0.569561
-0.198862
0.183257
-1.272898
0.058784
-0.699896
0.335205
-0.602864
-0.756130
-1.244080
-0.336454
-0.247296
0.045308
0.658650
0.558603
-0.328465
1.624078
0.298162
-0.882274
0.253779
-0.741101
-0.894443
-0.173224
0.485777
0.911679
0.014869
-0.330558
0.207603
0.200953
-0.725495
0.423361
-0.656647
-0.490158
-0.597763
1.082668
0.473594
-1.624751
-0.584540
-0.051670
0.045623
0.166799
-0.516626
0.941932
-0.390813
0.783932
-0.326427
-0.896955
0.255604
0.540398
-0.344437
-0.135095
-0.231178
0.666134
1.423596
0.146321
-0.099732
-1.020864
-0.322801
0.368273
1.376922
-0.055074
0.466201
-1.377375
0.232575
0.643371
0.220683
0.187724
-0.675907
-0.420840
-0.703358
-0.126183
-0.430214
0.430239
1.230483
-0.238099
0.004248
0.813675
0.063045
-0.427677
-0.228243
0.027249
-0.447011
-1.790076
-0.888255
0.002348
1.014089
0.610226
-0.268496
0.077710
0.477473
-0.293905
-0.175773
-0.906660
0.661118
0.875748
-0.268539
0.120544
-0.342883
0.066579
-0.645367
0.013485
0.410176
-0.376838
-0.050055
0.422950
0.065152
1.179735
-1.481209
-0.199523
-0.464207
-1.343024
-0.192994
-0.188578
1.229171
0.679682
-0.665057
-1.273466
-0.299240
-0.560953
0.606447
0.833176
-0.753684
-0.876847
-0.294023
0.485863
2.197918
0.722688
0.046711
0.875235
-0.257579
0.817963
-0.006386
-0.704779
0.411881
-0.868625
-0.000008
-0.444041
0.636874
0.115657
-0.172742
-0.030791
0.244965
0.024134
0.218135
0.975566
-1.846841
0.717050
-0.089958
0.075113
-0.117675
-0.625155
0.678504
0.273440
0.529227
-0.196984
-0.337784
-0.311572
-0.092725
0.223478
0.193777
0.155555
-0.108157
-0.394772
-0.938417
0.426645
0.054674
-0.604870
0.776518
-0.408758
-0.146960
-0.749706
0.215991
-0.228328
-0.208966
0.110998
0.205034
0.930521
1.517460
-0.051116
-1.400653
0.118765
-0.889049
0.208443
-0.697599
-0.524069
-1.191114
1.399644
0.182149
0.009963
0.666267
0.379567
-0.078015
0.931606
-0.053350
-1.234820
0.265628
-0.214558
-0.536551
-0.407751
0.583344
0.102214
1.091662
0.190701
0.022571
0.478418
0.163476
-0.394449
0.156107
-1.440470
-1.394976
0.338884
-0.119854
0.372056
-0.519784
-0.058146
-0.367286
1.013739
-0.395276
-0.174342
0.122960
0.177904
0.472509
0.134179
-1.689108
0.197806
-0.302983
-1.102425
-0.006991
-0.265740
0.420838
0.532882
-0.019874
-1.389312
-0.198057
0.685327
-1.020900
-1.706721
-0.057559
0.050561
0.524474
-0.376248
-0.518779
1.618874
1.464151
-0.854008
-0.937770
-0.235414
0.440439
-0.644936
0.596869
0.641325
0.243841
-0.411854
-1.448047
-0.728872
0.319284
0.846235
0.107907
1.068187
0.073689
0.380064
0.900500
-0.481199
-0.169891
-0.053800
0.998219
0.723825
-0.020619
0.187226
-0.957083
-0.543415
1.491811
-1.325330
0.538722
-0.665609
-1.137806
0.717909
0.636903
0.333749
-0.365506
0.109046
0.868913
0.270246
0.723849
0.832379
-0.350524
-0.510251
1.147124
1.248296
-1.255801
-0.022161
0.044121
-0.069649
1.490856
0.299859
0.972643
-0.150186
-0.868641
0.728067
-0.241480
-0.217552
0.599476
-0.159414
0.000872
0.393241
0.121954
-0.219660
1.171445
-0.994723
-1.039937
0.051128
0.344808
0.074955
-0.298895
0.248342
-0.612113
-0.240385
0.585011
1.044385
-0.252677
-0.225866
0.904695
0.048968
-0.604281
0.649929
0.123231
-0.250272
0.531853
-0.441189
0.175223
0.618205
0.945213
-0.629649
-0.295903
0.524854
-0.195072
1.115298
-0.313561
0.088012
-0.215689
-0.249936
0.119231
0.198186
-0.865740
-1.083323
0.431867
-0.535427
-0.036864
0.536368
0.728771
-0.341544
0.543218
0.108256
-0.502299
-0.185604
0.007022
0.143312
-0.422573
0.355438
0.586288
-1.044344
-0.563469
0.091120
1.456865
0.815441
0.108624
3.622646
-0.574148
-0.000686
0.577760
0.739034
-1.158722
-0.338234
0.280971
0.406436
0.026330
-0.039299
-1.108660
-0.093574
-0.433062
0.760807
-0.486318
0.234000
0.793373
-0.982377
0.731988
-1.329242
-0.719254
-0.039479
0.381949
-0.189453
-0.082737
0.022947
0.436212
-0.484947
0.288169
-0.795356
-0.477737
-0.848298
0.858861
-0.739562
0.524994
-0.216919
0.691541
0.277286
0.343239
-0.393768
-0.060063
1.220189
0.831956
-0.023149
-0.427539
0.579559
0.165041
-0.117299
0.538395
-0.966828
1.398212
0.342925
-0.279491
0.852088
0.580348
-0.104784
1.396005
-0.080552
0.076360
0.178955
-0.424217
0.016593
0.143677
0.152922
0.026274
-1.197360
-0.909658
0.988323
0.017472
0.521307
-0.497777
0.172072
0.340698
0.978456
0.107016
-0.178463
0.063701
0.608528
0.478896
-0.545284
0.734886
0.305656
1.489370
-0.906005
-0.373717
-0.120258
0.252419
-0.499896
-0.622237
-0.499613
0.615561
-0.076540
-0.344960
0.701487
-0.798978
-0.082985
1.395549
1.044868
0.085677
-0.471655
0.598141
-0.258200
-0.404472
-0.653223
-0.078545
0.690153
-0.335316
-0.339428
0.295115
-1.805269
-0.402084
-1.302866
0.126061
-0.079097
0.770758
0.812259
0.184830
0.128135
0.255474
0.245764
0.884460
-0.012548
0.923962
0.235558
-0.979352
0.266365
-0.443266
1.021104
-1.330833
-0.325775
-0.538656
0.574353
-0.808567
0.145208
0.341069
-0.464953
-1.019520
0.664038
-0.560831
0.623811
-0.937875
-1.074473
-0.201788
0.488703
-0.969109
-0.288798
0.036844
0.366079
-1.803317
-0.157007
-0.640933
-0.598289
-0.101725
1.039803
-0.534140
-0.253072
-0.623330
-0.422042
-0.042429
-0.863884
0.910081
-0.760563
-0.278381
-0.654076
0.070459
-0.011731
0.301848
-0.361203
-0.604028
0.601100
1.596454
0.113850
0.674750
0.072440
0.568474
-0.893486
-0.047515
-1.283143
1.269034
-0.082792
-0.595322
0.633492
-0.590523
-0.172475
-0.032162
0.534843
-0.269128
0.271264
0.469208
-0.647586
0.953089
-1.422538
1.450404
0.838627
0.181040
1.388873
0.480400
-1.037408
1.617704
-0.046188
0.248437
-1.478351
-0.204967
-0.039624
0.355258
-0.282301
0.464040
-0.114248
-0.020253
1.101475
-0.571023
-0.237982
-0.669103
0.126538
-0.303626
0.577266
-1.102345
0.316534
0.518902
-0.413856
-1.436681
0.035533
-0.396132
0.550248
0.159641
0.680834
-0.166865
0.633682
-0.771597
1.023387
-0.598421
0.267433
-0.509364
0.957099
0.548379
0.993309
-0.410945
-1.258915
-0.334727
0.316890
0.859726
0.024278
-0.793064
-1.049988
-0.230256
0.744774
-0.545566
