-0.384502
0.137204
1.176079
-0.433570
-0.448110
-1.073716
-0.102370
-0.572780
-0.342538
0.618798
0.635483
-0.666310
-0.866278
-0.347533
0.161616
-0.289839
-0.102777
0.433635
-0.264743
-0.496397
-1.131242
0.496719
-0.580017
-0.024793
-0.225096
-1.687776
2.085393
-0.677130
-0.342465
0.162057
-1.200604
0.793380
-0.418728
0.342977
-0.281470
0.878004
-1.014388
-0.308749
-0.310638
0.071817
-0.577374
-0.179742
0.859008
0.523204
0.009713
-0.366938
0.794681
-0.777294
0.531281
0.678223
0.530491
-0.896989
0.757625
1.770622
1.349033
-1.498903
-0.708566
-0.546501
0.092511
0.762696
0.157226
-0.241754
-0.239552
0.094362
-0.270704
0.865943
-0.710378
-0.431986
0.285745
-0.898791
-0.697004
-0.288283
0.192577
0.320150
0.369539
-0.198182
-0.041768
0.444533
-0.163457
0.111936
0.406575
-0.230249
0.518640
0.379284
0.732457
-1.793480
0.160145
-0.563046
-0.942039
1.490478
-0.319230
0.056061
0.323955
0.345319
-1.373262
-1.184550
-1.417614
-0.089682
-1.106460
-1.386577
1.079588
-1.588631
-0.170332
-0.955057
-0.092361
-0.687836
0.125624
1.325562
0.701849
-0.365764
0.316286
-0.475108
-0.257553
0.718618
2.214279
0.330497
-0.974071
-1.150827
-0.373624
1.412355
0.352741
-0.249321
-0.195509
1.216164
-0.503142
0.062374
-0.109407
-0.044241
-1.145005
-0.370028
-0.086817
-0.506792
0.659013
-0.198092
0.394751
-0.431585
-0.518958
0.492432
1.097512
-0.452461
0.013187
0.778326
0.148928
0.048442
1.156750
1.564349
-0.094387
0.186100
1.918833
-2.000925
0.017329
0.228363
-1.693252
0.105157
-0.026659
-0.262070
0.077265
0.095463
0.291119
0.012140
-0.213992
0.296456
-0.045633
0.008464
0.394003
0.623983
-1.005342
0.713887
-0.314613
0.398437
0.910032
0.517492
0.481953
0.224771
0.133640
0.804594
-0.793326
0.645969
-1.333399
0.855178
0.484694
-0.433361
-0.523308
0.868851
0.842296
-0.324208
1.487530
0.439126
-0.497813
-0.772747
-1.507176
0.659008
-1.257572
0.257139
-0.476045
-0.584666
-0.344866
-0.431784
-0.079253
-0.379241
-0.226631
-0.067689
-0.082839
0.841533
-1.613600
-0.227125
-0.289180
0.929783
0.625450
0.241683
0.232713
0.722893
-0.742473
-0.370996
-1.007400
-1.702691
0.096180
0.082894
0.799311
1.495543
0.453068
-0.201049
0.823521
-0.563619
-0.228300
-1.001837
0.531393
0.113379
0.206442
1.174003
1.230502
-0.372824
-0.737082
1.491493
-0.648668
0.088936
-0.350522
-0.635006
0.518924
0.043780
-0.001180
-0.259304
0.771303
-1.287336
0.168889
-0.100344
-1.357986
-0.281767
-0.090945
0.419561
-1.055627
0.359095
0.474352
-0.298425
0.342056
-0.253461
-0.381875
-0.413176
0.619364
0.118057
0.831328
-1.578762
-0.264960
-0.358132
0.528518
-1.539257
-0.191453
-0.061541
-0.117132
-0.312016
-0.052319
-0.482674
-1.399083
1.524621
-0.033290
-0.145031
0.911191
-0.094377
0.110249
0.845210
-0.810703
-1.185030
-0.930988
0.178688
-0.025726
0.105814
-0.765833
0.765877
0.002173
0.424152
-0.720469
0.094589
0.220723
-0.391908
-0.057600
-0.670954
-0.545562
-0.079991
0.599080
0.510800
1.026235
0.514348
-1.378399
-0.181031
-0.869963
0.603750
0.857262
0.639719
-0.505463
0.988994
0.436818
-0.176522
0.483936
0.999463
0.888426
-1.163631
-0.660210
-0.872616
-0.188405
0.113997
0.121831
2.448256
0.325903
0.180816
0.130957
-0.232345
-0.503681
0.808801
0.199234
0.454261
1.325110
-0.695268
-0.469015
1.153661
-0.435212
-0.438894
-0.924623
-0.666141
0.775249
-0.750565
0.248561
-0.058469
1.218611
0.555119
0.141144
0.544293
-0.835110
-0.611913
-1.208555
0.416957
-0.343236
0.747344
-0.261446
-0.335332
-0.475979
0.134647
-1.048497
1.315596
1.247926
0.035450
0.226716
0.442993
-0.418403
-1.584713
-0.362401
0.354926
-0.619193
0.556983
-0.022844
0.411206
-0.629085
-0.583435
-0.776209
0.547419
-0.725218
0.066908
0.136119
-1.591137
-0.788160
-0.448537
-1.115566
0.549321
0.174148
0.261726
-0.277615
-0.844815
-0.316520
-0.040049
0.181654
-0.414775
-1.406594
0.572308
0.119733
0.923827
-0.229720
-0.031866
0.741579
0.721334
-0.579693
-1.487470
-0.401167
1.402898
-0.005653
-0.021509
-0.152629
-1.623174
-1.203533
0.429134
-0.127943
-0.714869
0.365349
0.103155
0.403335
-1.193732
-0.280293
-1.018678
-1.437804
0.587257
0.194170
0.711056
0.629408
0.775087
0.159868
0.253992
-0.398468
1.263459
0.012398
-0.271411
-0.784386
-0.515028
0.009795
0.165298
-0.075831
-0.761030
0.165560
0.602577
-0.059255
-0.317635
0.582894
1.471516
-0.022550
0.745553
-0.326986
-0.263153
0.800660
0.488024
-0.836922
0.102151
0.255976
0.457931
-0.118208
0.466504
0.737384
-1.373936
0.295142
-0.845904
0.559915
0.175474
-1.281327
1.158729
0.533386
0.686948
-0.225618
-0.409485
0.067932
-0.654898
-0.105603
-0.283945
0.782799
0.063852
-0.201807
0.408225
0.958754
-1.929030
-0.672328
0.941346
-0.173583
-0.594850
0.181643
-0.759825
-0.616838
1.239114
1.380907
-0.214915
-0.755221
0.956382
-1.170933
-0.582325
0.002056
-1.125590
-0.450545
-0.238301
-2.183310
0.505516
-0.485208
0.504625
0.809737
0.341607
-0.105471
-0.240626
-0.523393
0.419238
0.463565
0.074370
0.587037
-0.353599
0.667304
-0.092819
0.484496
0.131586
-0.356887
-0.906479
0.821923
1.743592
-0.405938
-1.039971
1.027861
0.053889
0.678720
0.185156
0.556553
1.256525
0.924590
-0.315136
0.390825
-0.202681
-0.040412
1.193236
0.030831
0.208318
0.102111
-0.098394
0.408442
-0.580691
1.101282
0.913692
0.213998
-1.493921
-0.148754
0.033780
0.246099
-0.169493
-0.952362
0.040081
-0.474388
0.132037
0.628272
1.084287
-0.315005
0.578310
0.425232
-0.456851
-1.461773
0.354852
-0.295569
-0.047377
0.301677
-0.496556
-0.573377
-0.156608
-0.228868
-0.295974
-0.206257
0.117778
-0.562174
-0.476991
1.088868
0.054660
-0.288073
-0.441177
-0.363197
0.714715
-1.453707
-1.843504
0.657601
0.790815
-0.260877
0.170129
-0.103005
0.116148
-0.564810
-0.456082
-0.193079
0.192385
1.194768
-0.573381
-0.891502
-0.412137
1.498012
0.228828
0.182805
2.045956
1.156161
0.347384
0.551931
0.545728
0.463362
1.219697
-0.508376
1.283078
0.262480
-0.535189
-0.321358
0.945868
-0.622880
-0.021369
-0.082532
0.023978
-0.112544
0.335939
-1.026214
0.240576
-1.009277
-0.144975
0.205258
-0.215697
1.005004
0.978137
0.319002
0.099680
0.895052
-0.551225
0.284008
-0.638466
-0.700375
0.178296
0.179139
1.653143
0.536995
0.207448
-0.831866
0.139797
-0.328624
0.055318
0.793164
0.828083
0.410942
0.405220
0.295698
0.536797
-0.695328
-0.066216
-0.620943
-0.744051
0.508207
-0.641834
0.377951
-0.769408
0.155320
0.445252
0.461407
-1.712922
0.225096
0.066453
0.213071
0.170178
0.106387
-0.910265
0.050309
0.482438
-0.073237
0.237415
-1.728450
1.052180
-0.649302
0.236722
-0.857531
-0.051284
-0.086904
-0.538341
-0.327606
0.584750
0.293594
-0.175571
0.496298
0.080838
-0.267054
0.366023
-0.446025
0.299740
0.433802
0.828030
-0.887596
-1.852554
-0.091097
-0.735029
0.075924
0.541847
0.541232
0.323499
0.333511
2.115853
-0.084384
0.554958
-0.317472
1.840073
0.558066
-0.435219
-0.393503
-0.200506
-0.227495
1.059174
0.264808
-0.104205
0.328439
0.520980
0.255330
-0.177932
0.096183
0.795079
0.053783
0.476579
0.251445
0.213206
-0.416119
-1.691436
-0.135540
0.505343
-0.890256
-1.437660
0.824087
-0.430518
0.029757
0.457907
-0.403478
0.432749
-1.945534
-0.359422
-0.483024
0.448377
1.482520
-0.419830
0.264955
-0.567333
0.854597
-0.298275
-0.891926
0.664268
0.595069
0.565520
-0.289602
-0.307085
-0.326329
0.589948
0.657782
-0.164794
0.244588
-0.387161
0.054339
0.075175
0.746181
-0.320982
0.889550
0.248849
0.689290
-0.071835
0.142652
0.216675
-0.643615
0.012930
1.361542
0.754724
-0.476551
-0.306149
0.065554
-0.637514
1.086713
-2.787695
