0.225665
-0.475572
1.562233
0.690004
-0.275401
-0.831988
0.443048
-0.306827
0.293608
1.474028
-0.074211
-0.529196
-0.172371
0.372236
0.162672
0.733540
-0.575165
-0.346153
0.260632
0.588743
-0.260950
0.731549
0.113896
0.112070
0.427510
0.517384
0.686109
0.086319
-1.635243
1.546500
-0.266364
0.084407
-0.659994
0.573317
-0.251371
0.227369
-0.765193
-0.410637
-0.411126
-0.705574
-0.553686
0.744016
0.648043
0.878470
0.076352
-0.820690
-0.347575
-0.377270
1.733660
-0.343979
-0.060966
-0.007029
-0.153040
-0.845227
0.732028
0.179019
-0.353935
-1.065681
0.930168
-0.582353
0.439243
1.046892
-0.145572
-0.346577
-0.029033
0.766548
-0.837173
-0.991101
0.280933
0.853995
0.545540
2.043051
0.171861
0.362702
0.053208
-0.656783
0.198042
-0.192921
-0.118662
-0.480357
0.502241
-0.421443
0.026354
-0.183686
0.448060
-1.204538
-0.270281
-0.282088
-0.236557
-0.741702
0.143183
-0.011116
0.335383
-0.325055
-0.001084
-1.802890
-1.760264
-0.513843
-1.020507
-0.260684
-0.308404
-0.975097
0.197552
-0.028268
0.213718
-0.073937
-0.531281
0.769664
0.993366
0.096080
-0.190792
0.199904
1.419622
0.164636
0.481342
-0.140550
-0.321649
0.115749
0.387780
0.550493
-1.149834
0.321931
-0.088734
0.051981
0.066692
-0.103901
-1.190154
0.918985
0.129823
-0.055694
-0.019344
-0.830120
0.809744
-0.083856
-1.905125
0.168588
-0.277997
0.188098
0.516294
-0.692978
-0.318798
-0.193396
-0.153319
-0.199808
0.526922
0.595543
0.454542
0.077806
-0.108605
-1.516187
-0.352955
-0.608649
0.274030
-0.169373
0.013470
-0.201979
0.533923
-0.912891
0.343369
-0.446888
0.775489
1.043422
-0.430504
-1.410570
-0.526104
-0.601263
1.338964
0.902891
0.738239
-0.243938
1.828733
0.889319
-0.175442
0.816684
-0.513936
-0.816888
-0.208404
-0.685434
0.423174
0.177968
0.866023
1.202226
0.315596
-0.001684
0.375027
-0.291846
-0.894611
-0.792046
0.987458
0.695770
-0.613055
-0.225207
-0.849986
0.518082
-0.008375
-0.197952
0.472723
-0.050356
0.454392
-0.730833
-0.764288
0.374681
0.100983
0.530344
0.068687
-0.159724
0.452566
0.026023
0.776774
0.291018
-0.589223
-0.159735
-0.055257
-0.855213
-0.653230
0.254730
-1.378193
-0.351743
0.680923
-0.676771
0.191829
-0.870927
-0.653442
-0.092908
0.704749
-0.780704
0.392179
1.125005
0.354298
0.344890
0.538364
-0.246148
-1.129282
-2.374801
-0.454285
-0.241993
-1.537191
0.417765
0.262418
0.022565
0.339286
-0.088079
-0.225933
-0.132616
0.194165
-0.744932
-0.409392
-0.148330
0.403621
-0.396067
-0.741530
0.431620
0.247918
-0.386117
0.586891
0.133755
-0.360042
0.694480
0.093558
0.059753
0.545204
-0.503899
-0.334054
-0.533218
-1.411823
0.209431
-0.608136
0.649661
0.832837
0.390701
-0.466897
-0.664978
-0.124204
-0.095575
1.058090
-0.555643
0.226793
1.808694
0.285723
1.251392
-0.304181
0.606261
-0.593885
-1.827656
-0.170563
-0.556397
0.243293
0.205425
-0.536643
-0.339672
-0.144598
0.513599
0.067760
0.096260
-0.121249
1.312547
-0.446691
-0.128515
-0.882686
-0.269698
0.561374
-0.417261
1.059194
0.165301
0.068456
-0.404086
0.560505
0.148646
0.078864
-0.472868
-0.320087
0.067135
0.163198
-0.042609
-0.239334
-0.562046
-0.170898
-0.012833
0.463010
0.051932
0.875615
0.502768
0.119466
0.405672
-0.033853
-0.194511
-0.085805
0.347664
0.088293
-0.264297
0.975182
0.257802
0.023682
-0.171623
-0.536007
0.258500
0.282752
-1.047668
-0.107466
-1.482413
0.831898
0.530720
0.077302
0.131492
-0.547584
0.156726
-0.025295
0.088460
-1.127968
0.812507
0.530915
-0.539135
0.182547
1.332011
1.058784
-0.045880
-0.829849
0.218925
-0.373337
0.799764
-0.444365
-0.064449
-1.636691
-0.807820
-0.522534
-0.436345
0.428829
-0.545532
0.531631
0.832938
0.014338
-1.221886
0.476002
0.734912
0.346676
0.850088
0.344299
-1.506463
1.045618
0.129543
-0.615337
0.094111
0.021595
-0.271093
0.097470
-1.463768
-0.922012
-0.231874
0.544324
-0.754812
-1.094527
0.406177
0.088966
-0.338364
0.255135
-0.082273
1.383835
1.680825
-0.491311
-0.835958
-0.459616
0.127499
-0.437127
-0.184316
-0.547364
-0.462883
-0.074771
0.417180
-0.687007
-0.314494
0.799727
0.135033
0.364546
-0.797689
0.729812
0.531745
-0.185243
0.404179
0.071640
0.990437
-0.002092
0.148109
0.555552
-0.264641
-0.074922
1.918388
0.293771
2.098071
-1.162824
-0.346709
0.410986
-0.063773
0.392054
-0.013565
0.096693
0.884589
0.051129
0.405382
0.078051
0.012341
-1.200794
0.816026
0.642881
-1.703307
0.685704
0.629082
-0.738049
0.148859
0.654177
0.142828
-0.564588
-0.187102
-0.069274
-0.501961
0.074914
0.687201
-0.641687
-0.307525
-0.161172
0.977616
-0.005630
0.120927
-1.074586
-0.277468
-0.384852
0.088595
-0.080047
-1.125028
-0.287791
-0.175713
0.374299
-0.125673
0.358755
-0.787466
-0.073041
-0.268593
-0.109901
-0.971169
1.672846
-0.148302
-0.846542
0.204479
-0.338663
-0.207140
0.011620
0.682198
-1.771515
-0.806672
1.390272
0.206971
0.563862
-0.564026
1.962556
-0.174340
0.449856
0.325699
0.753258
-2.025895
-0.834960
0.241374
-0.459453
-0.261353
0.750410
-0.561893
-0.163809
0.570603
0.424409
-0.131688
-0.296411
-0.101289
-0.441574
-0.560295
1.276941
0.813554
-1.255889
0.027497
0.402822
1.117883
0.887341
0.265216
1.127308
0.739890
0.171807
-0.138863
1.162700
0.020139
-0.494902
1.314047
0.248209
-0.981518
-0.193847
-0.872670
0.679671
0.321013
-0.330895
-0.183010
0.253495
0.442381
-0.542859
0.732295
-0.665558
-0.532420
0.241914
1.145148
-0.318181
-0.668623
-0.352301
0.425248
-0.865134
-0.536553
-0.017981
0.470336
-1.244714
0.300880
-0.637438
0.700804
-0.917095
-0.493426
-0.169262
0.552862
-0.974022
-0.889633
1.874278
1.018718
-0.414625
-0.885576
1.298618
0.578627
-0.674550
0.390477
-0.224257
-0.728749
0.003698
0.137166
0.134466
-0.334785
-0.328152
0.396517
0.683145
-0.245599
-0.390580
0.432835
0.017317
0.071265
0.453965
-0.321606
-0.041065
-0.083922
0.488602
-0.350032
-0.110476
0.535502
-0.469132
0.999290
0.858968
0.092257
0.705570
0.309607
1.042379
1.001286
0.086561
0.845953
-1.069006
0.681641
-0.877842
-0.490241
0.246981
1.377944
-0.942022
-0.133795
-0.284102
0.966718
0.060289
0.001127
-0.603210
-0.089358
-0.538303
1.259584
0.529504
-0.498255
-1.164447
-0.784804
0.064170
-1.352605
-0.233888
-0.626343
0.292676
-0.176970
0.193855
-0.661801
-0.369036
-0.614539
-1.014426
-0.038540
-0.215679
-0.298401
0.423247
0.645646
0.688290
0.424284
1.096208
-0.379774
-0.875038
0.955163
0.102281
-1.377806
-0.300083
0.692286
2.037809
-0.043190
0.426104
-0.438158
-0.261953
0.016687
-0.178501
1.003302
-0.376276
-0.422525
0.518951
-0.195171
0.968836
-0.050132
0.412166
-0.288085
0.020625
-0.402705
-0.232294
-0.887817
0.795483
-2.360363
0.043857
-0.817511
-0.705520
-0.092383
1.700223
-0.353163
-0.096124
-0.981524
-0.189146
-0.666555
-0.959850
0.417106
-1.534300
-0.267036
-0.244609
0.150789
0.147790
0.210217
0.943899
-0.255971
1.045002
0.326694
0.935405
-0.047837
-0.144373
-0.933238
0.416649
0.190864
-1.480058
0.913406
-0.040267
-1.144944
0.119026
-0.055478
-0.313876
-0.300829
-0.066942
-0.097424
0.307337
0.997988
-0.538718
-0.216761
-0.695970
-0.222622
-0.375495
-0.301229
0.299905
0.249912
-1.126520
-0.103428
-0.826081
0.982805
-0.570710
0.434368
0.396826
1.461098
-0.804876
0.305954
-0.932630
1.618173
1.034228
-0.177097
0.289352
-0.719767
0.403810
-0.019853
0.119392
0.066414
-0.125741
0.528257
0.234897
-1.699912
-0.197019
-0.253901
0.339950
0.726770
0.481953
-0.823518
-0.134885
-0.039257
0.988402
-0.564096
0.992380
-0.522997
0.060897
0.072793
0.469568
0.193984
-0.635146
-0.249785
0.370368
1.467727
0.236602
-0.672103
-0.132330
0.792280
0.713714
-1.023622
