0.099283
-1.149837
1.134180
-0.147871
-0.463797
-0.430775
-0.092803
-0.464014
0.504033
0.373056
0.072391
0.067064
-0.296641
0.145729
0.404616
1.183529
-0.131507
-0.293289
0.595902
1.397664
-0.035600
-0.199999
-0.677533
0.698847
-0.346898
0.318126
0.967758
0.157874
-1.652290
0.402471
-0.761556
0.258787
0.223549
1.067557
-0.416313
-0.158192
-0.141951
0.014615
-0.629687
0.574937
0.174664
-0.327445
0.631548
0.880823
-0.116363
-0.248470
0.168285
-0.155432
0.319728
0.075571
-0.445817
0.045243
-1.071491
-0.186477
-0.008740
-0.457908
-0.360721
-0.467094
1.309437
-0.663938
0.277483
1.077873
-0.158188
0.033574
0.293113
-0.184744
-0.020551
-1.626629
1.445140
0.399784
0.076657
0.974140
0.159645
0.333995
-0.310015
-1.067199
-0.369817
-0.234470
-0.873326
-0.082654
0.912575
-0.432126
-1.062490
-0.013718
1.123790
-1.294550
-0.685582
-1.214699
0.546384
0.210287
1.392086
-0.522483
0.149039
-0.835757
-0.280633
-0.357813
-1.758071
-0.294283
-1.080660
-1.398875
-0.453277
-0.449956
-0.225993
-0.645326
0.992980
-0.455385
-0.579214
0.936759
-0.911956
0.218233
-0.529488
-1.986689
0.738290
0.414544
-0.068654
-0.097863
0.128317
-0.858551
0.856790
1.036226
-0.716846
0.801537
-0.142226
0.484540
-0.364790
0.344969
-0.062627
0.811986
-0.228642
0.755245
-0.264300
-0.819228
0.877163
-0.141605
-0.424804
0.178388
-0.339978
1.076674
-1.238995
-0.069459
-0.403585
0.228428
-0.293613
0.742489
-0.858847
1.499453
0.018262
0.129110
0.413749
-2.085582
-1.143047
-1.118250
-1.030478
0.905956
0.431576
0.257816
0.209334
-0.761473
-0.397298
-0.717535
0.121058
-0.839184
-0.287897
-2.061614
0.264330
-0.381192
0.912933
0.913143
0.631523
-0.088411
1.418538
0.716691
-0.957116
0.258232
-0.397969
0.441227
-0.442274
-0.298925
0.626466
0.970360
0.222963
-0.320888
0.061816
-0.360543
-0.246089
-0.322465
-0.924161
-0.762555
1.312631
0.378495
-1.035628
-0.160096
-0.958879
0.242154
0.039707
-0.079205
1.782361
-0.126513
0.505989
-0.153356
-0.635631
-0.001133
0.855812
0.035773
0.455721
-0.089059
0.279519
0.954541
0.021058
-0.489053
-0.040183
-0.313407
-0.275456
0.794673
0.045338
1.052431
-1.088728
-0.248222
-0.517957
-0.256333
0.633903
-0.610282
-0.068529
0.084519
0.573347
0.120319
-0.148208
0.491852
-0.831629
-0.060744
0.086544
-0.052437
-0.308911
-1.076004
-0.048537
0.295771
-1.564442
-0.841008
0.103605
0.599565
0.634818
-0.106216
-0.245812
0.007724
-0.495322
-0.826436
1.077760
0.786113
0.138331
0.638683
-0.107227
0.599405
-0.033353
-0.404223
-0.046249
0.174191
0.502834
0.346678
1.090532
0.083351
1.795274
-1.324442
-0.246190
-1.081820
-0.843478
0.463258
-0.328497
1.010240
1.155747
-1.067696
-1.061986
-0.388146
-0.598693
0.572568
1.094442
-0.482394
-0.123929
0.262491
0.020525
1.136149
-0.118115
-0.703355
-0.259689
-1.769955
0.590124
-0.513216
-0.486776
0.431513
-0.681214
-0.951039
-1.032300
0.382043
0.158683
-0.182292
-0.250862
0.699578
-0.089036
-0.079006
-0.021641
-1.170997
1.574358
-0.135765
-0.320685
0.241441
-0.774368
-0.018239
0.227861
0.348921
0.713634
0.267472
0.203995
0.390450
0.826356
0.106778
0.005355
-0.609166
-0.233414
-0.930720
0.327057
0.106948
-0.190160
0.645659
-0.345866
0.035546
-0.398943
0.466430
-0.609555
0.053072
0.134182
-0.266480
2.003786
-0.251568
-0.552447
0.012640
0.642714
-0.710187
-0.546027
-1.485535
-0.036819
-0.928425
0.890899
-0.276496
0.121686
1.148119
0.523822
0.224155
0.953914
-0.300083
-0.858573
0.954779
-0.440235
-0.588622
0.467268
0.553293
0.466570
0.755591
-0.963702
0.525672
-0.829374
-0.003623
-0.083216
0.487739
-1.259694
-1.370626
-0.402109
0.556520
0.487441
-0.495653
1.055549
0.099540
0.486302
-1.244913
-0.221475
0.162122
0.553692
0.443254
-0.029144
-1.691117
0.032426
0.425779
-1.693992
-0.154504
-0.663979
-0.477972
0.450137
-0.805348
-1.049021
0.212643
0.454194
-0.788368
-1.156911
0.715377
0.575124
0.236303
-0.154588
-0.656853
1.069360
1.171189
-0.428777
-0.574737
-0.441337
-0.254250
0.935468
0.008022
0.108943
-0.175431
-0.631156
-1.205467
-0.543007
0.176939
1.084986
-0.389552
1.234917
-0.487847
-0.026000
-0.432349
0.418294
0.079723
-0.257726
0.883921
0.707594
-0.427701
-0.054017
-1.126923
-0.115737
1.478739
-0.968950
0.712816
-0.661757
-0.822373
0.506293
0.637285
0.989483
0.091426
0.117332
0.718001
0.183210
0.122043
-0.832597
1.124155
-0.997525
0.513396
1.231965
-1.586176
0.240628
0.439488
-0.944077
1.531296
0.333453
1.405111
0.103546
-0.622606
0.951096
-0.469925
-0.102003
0.384689
-0.420641
0.164872
0.656507
1.116690
0.411755
1.947729
-0.639201
-0.243309
0.344110
-0.497911
-0.038310
-0.214150
-0.392846
-1.278032
0.315645
-0.105371
1.914218
-1.162845
-1.417572
1.124277
-0.081747
-0.000910
1.299299
-0.538711
-0.685194
0.449895
-0.553539
0.134393
-0.323638
0.912387
-0.431897
-0.593755
1.006979
-0.360356
1.918880
0.018197
0.222002
0.372748
0.314719
-0.021294
0.536299
-1.192789
-0.889961
0.278280
0.282350
0.002917
0.781542
0.409048
0.129483
0.537362
0.585354
-0.281056
-0.143860
-0.278616
-0.546301
-0.791124
0.208988
0.982916
-0.148369
-0.718980
0.336045
0.823896
0.305780
0.761146
2.645075
-0.225743
-0.379551
1.385713
0.099073
-0.208980
0.093313
0.797536
0.464019
-0.456087
-0.290730
-1.096255
0.308338
0.456547
0.974724
-0.852910
0.286187
0.890270
-0.348590
0.967177
-1.406013
-0.232810
-1.141074
0.320461
0.050781
0.923338
0.781013
0.751520
-0.425246
-0.594148
-0.105841
-0.382704
-1.517787
0.465708
-0.379192
-0.234969
-0.026975
0.337344
-0.832257
0.553108
-0.811188
0.115506
0.647632
0.500210
-0.012061
-1.221075
0.899905
0.647619
0.334355
0.573824
-0.575858
0.605587
-0.614992
-0.692761
0.401537
0.683911
-0.464303
0.588664
0.390349
0.265043
0.288326
0.166256
-0.067375
0.035619
0.114810
-0.411942
-0.632796
-0.559916
1.279569
-0.176913
-0.126439
0.349514
0.598913
0.636692
0.749209
-0.295692
-0.496138
1.191356
0.037907
1.036339
-0.247903
1.051959
0.289571
0.204589
-0.989464
-0.548928
-0.344883
1.193864
0.252502
-0.532801
0.384067
0.187448
-0.160388
-0.296492
0.185882
-0.546368
-0.239270
-0.076130
0.924125
0.178350
-0.312540
-0.288153
0.438716
-0.953819
-0.878468
-0.496487
0.247114
-0.337274
-0.110687
1.296728
-1.593623
0.251197
-1.629160
0.852571
0.317019
0.229996
0.594622
0.361578
0.519108
0.091745
1.221258
0.593503
0.167121
0.586282
0.326341
-0.910542
0.517958
-0.092750
0.824590
-0.464394
0.031928
-0.432711
-0.067073
-0.059123
0.505091
1.021362
0.108130
-1.164879
0.219425
-0.139651
0.616172
-0.572921
-1.161511
0.169087
-0.300708
-1.174654
-0.065643
-0.510486
0.635112
-1.896449
-0.201002
-0.787358
-0.961314
-0.149844
0.641700
-0.467254
-0.961737
-0.544960
-0.991429
-0.216674
-1.243826
0.108624
-0.357220
0.151328
-0.568714
-0.699515
0.184545
-0.047282
0.289619
-0.544794
1.190071
1.463082
1.457047
0.214489
-0.026158
-0.100624
0.264990
0.212283
-0.223660
0.387527
-0.167127
-0.507856
1.057686
-0.493861
-1.073460
-0.528916
0.528097
-0.491799
0.351162
0.038226
-0.067173
-0.232923
-1.217097
1.302428
0.531232
1.327820
1.138547
0.043356
-0.944072
0.643982
0.152430
-1.242326
-1.392141
0.212393
-0.193691
0.916301
0.216779
-0.253057
-0.835617
0.771379
1.118622
-0.282568
-0.218892
-0.610284
0.070302
-0.146458
0.712065
-0.452249
0.637744
0.833504
0.279028
-2.085659
-0.484136
0.654776
0.920649
0.021684
-0.017596
-0.055593
0.188325
0.137863
0.701006
-0.403529
-0.897090
-0.152933
0.075722
0.906098
0.540130
0.145814
-1.386254
-0.440496
0.292796
1.048702
-0.179944
-0.087278
-0.858115
-0.376582
0.547937
-0.642552
