0.764311
-0.212501
0.803339
0.796367
-0.075696
0.303564
0.244346
-0.210443
-1.456554
0.017004
-0.628641
-0.171482
-0.128332
0.316940
-0.020134
0.332422
-0.077556
-0.191095
0.288179
-0.360533
-0.208233
0.411728
0.422087
0.038340
0.006394
0.894265
-0.093784
-0.554489
-0.392280
0.164178
0.563904
0.244709
0.273554
-0.142440
-0.594662
1.266834
0.130344
-1.099600
0.531817
0.832408
-0.351070
0.035139
0.209284
-0.304132
-0.329476
0.362946
-0.540731
-0.681773
-0.098161
-0.260192
-0.098997
0.032468
0.651960
0.544383
0.248152
1.298045
-0.368823
-0.341690
0.050969
0.634022
-0.176213
0.335662
-0.038299
-0.408242
-0.031371
-1.216594
-0.048295
-0.502867
0.227623
-0.034918
1.205321
1.200780
-0.129655
-0.440210
0.093500
1.067737
-1.048227
0.532905
0.418999
0.093746
-0.000969
0.921448
-0.833851
0.477900
0.302531
0.595425
0.608189
0.612332
0.192364
0.621110
0.110162
-0.890522
0.032069
0.440758
-1.461507
-1.843485
-0.717923
0.365952
-0.533866
-0.676011
-0.221739
0.330263
0.268084
0.084376
-0.458898
-0.688542
-0.264991
-0.811345
1.149240
-0.473239
-0.416308
-0.249936
-0.046586
-0.245292
-1.479665
0.567767
-0.556883
0.124539
-0.766964
0.331229
-0.147588
0.239091
-0.000566
0.004487
0.239996
0.255974
-0.392774
-0.330612
-0.119154
-0.569768
-0.251402
1.095002
0.566979
-0.017969
-0.707706
0.565113
-0.054062
0.276539
-0.563982
-0.085468
0.705281
0.208954
0.593143
0.238985
-0.388980
0.061050
0.300562
-0.009534
-0.019348
0.717169
0.329039
-0.426336
0.022664
-0.280097
-0.878916
1.049594
0.193872
-0.350003
1.309813
-0.578844
-0.368395
-0.259134
0.752921
-0.054752
0.326762
0.492262
-0.095249
0.943429
-0.321456
-0.107459
-0.111166
0.402232
0.128409
-0.497730
-0.239300
0.235853
-0.078152
0.361129
0.156407
-0.213365
-0.474945
1.423782
0.323086
-0.192319
-0.036637
-0.633464
0.756481
-0.805452
-0.397813
-0.125867
-0.279853
0.512669
-0.272359
-0.037435
-0.010270
0.996226
0.137930
0.800471
0.427805
0.267426
0.431933
-0.274685
-0.467616
0.548058
-0.687388
0.055371
0.083534
-0.117348
-0.286552
-0.188502
-0.412008
0.262039
0.986892
1.320073
0.807765
0.332228
0.284227
-0.072231
0.750489
-0.288589
-0.398080
-0.273940
-0.063641
0.226181
-0.115468
0.158565
0.350691
-0.180846
0.540970
0.614581
0.399762
0.747426
-1.101389
0.119601
-0.256615
-0.411288
-0.335690
0.294555
0.548162
0.157118
0.667461
-0.476466
0.396538
-1.894000
-0.081798
-1.189389
-0.052734
0.762032
0.254154
0.403189
-0.386029
-0.008913
-0.032101
-0.824103
-0.167725
-0.402968
1.687366
0.015100
0.054935
0.003721
0.021202
-0.284252
1.411670
0.224640
0.715368
-0.228752
0.642240
-0.865813
-0.112363
-0.092637
-0.663331
1.049113
0.071310
-0.542486
0.240605
0.914489
-1.246586
-0.503815
-0.379516
0.751371
-0.476788
-0.490068
0.651793
0.383478
-0.068622
-1.101059
-0.130112
-0.560804
-0.420720
-0.515688
-0.493357
-0.709375
-0.015954
-0.190404
-0.794805
0.251099
0.011851
0.092281
-0.220994
-0.893626
-0.182285
1.211565
-0.271248
1.385781
-0.487980
-0.363062
-0.247318
0.639721
0.258655
-0.062745
0.612797
-0.259567
-0.222218
-0.495697
0.094282
-1.111866
0.394338
0.081851
0.320459
-0.007376
-0.829008
-0.241871
-0.514230
-0.129752
-1.122805
-0.633301
-0.400324
-0.489821
0.011353
-0.212689
0.179899
0.455561
0.016796
0.079036
-0.560839
-1.285822
-0.143838
-0.582579
-0.063769
-1.149164
0.913837
-0.874478
-0.626553
-0.976781
0.837007
0.789909
0.304776
0.421793
0.382851
0.486260
-0.136674
-0.064555
-0.488229
-0.363564
0.811003
0.355335
0.902640
-0.595485
0.521885
0.375314
0.718493
0.459096
1.014567
-0.627771
0.808428
0.034779
-0.181993
-0.196633
0.568008
0.180290
0.803958
-0.203303
0.618161
-0.415273
-0.100024
0.253780
0.506003
0.248228
-0.329395
-0.640067
0.957392
0.406746
0.373167
-0.110602
0.292252
0.105370
-0.059417
-0.304132
0.438075
-0.012923
0.726134
0.270634
0.749617
-0.411413
0.237448
0.075640
0.132852
-0.342014
0.128955
-0.010837
-0.540169
0.432176
-0.507538
-0.000342
0.566007
0.176954
-0.531485
-0.397962
0.079077
-0.612799
0.040239
0.804591
-0.192787
0.829390
0.453935
0.026910
-0.164721
0.212529
-0.085666
0.195085
0.166072
-0.128831
0.282242
-0.581423
0.504197
-0.428228
-0.176040
0.020958
0.080958
0.755993
-0.697988
-0.656105
0.855731
1.367027
-0.014624
0.209275
-0.322014
0.177789
-0.531837
0.126025
-0.835026
0.447319
0.687487
-0.896944
0.720638
-0.017544
0.355495
0.583568
0.056567
0.337841
-0.242015
1.061702
0.138502
-0.350090
0.705169
0.010254
-0.555003
0.078629
-0.834662
-0.823811
-0.098245
0.242684
-1.007751
0.161085
-0.632993
0.204735
-0.271983
0.020082
0.580763
0.179539
1.550255
0.681550
0.548358
0.358179
0.294028
-0.218135
-0.466300
-1.066201
0.272795
0.956756
-0.592868
-0.825371
0.122293
-0.158258
-0.038314
-1.133644
-0.625181
-0.469212
0.169485
0.255484
-0.846650
-0.384074
0.956693
-0.133646
-1.679188
0.111676
-0.935894
-1.167477
-0.936165
-0.287902
0.261329
-0.891766
-0.523904
0.434090
0.066749
-0.265425
-0.117578
-0.027283
1.026548
-0.966803
-0.953801
1.306404
-1.023974
-0.818523
0.817023
0.383443
0.196436
-0.591674
0.180970
0.333130
0.236967
-0.486625
-0.030742
0.568588
0.036889
-1.173483
0.167136
0.231188
-0.505819
-0.714464
-0.982552
-0.301033
1.568928
0.425197
0.380300
-0.215810
0.012900
-0.624384
0.547189
0.751225
0.861728
0.053088
-0.643769
0.142769
-0.828390
0.009470
-0.649550
-0.025020
0.007587
0.635244
-0.021204
0.304019
-0.768748
-0.960861
-0.847964
-0.419119
0.219081
0.864127
-0.394292
-0.263100
0.393361
-0.187203
0.280331
0.123076
-0.694216
0.263528
-0.345144
-0.628064
-1.065982
-0.170219
-0.171638
0.589471
-0.633669
-0.393015
-0.777648
0.724023
0.191818
1.486634
-0.734133
-0.149831
-1.195018
0.976098
-0.515010
-0.154013
-0.733514
0.812782
0.380002
1.013227
0.591416
0.151413
0.461753
0.223761
-1.139352
-0.584544
0.754788
-0.922459
0.318292
0.572207
0.030630
0.418554
0.005236
-0.961036
-0.204030
-0.137224
-0.289297
-0.199579
-0.096801
0.927969
-0.648315
-0.936149
0.812134
0.677616
-0.192524
0.364265
-0.776386
0.443163
-0.064657
0.863992
-0.270834
-0.433059
-0.122370
0.329676
-1.232920
0.473102
-0.207311
0.190466
1.321236
0.799157
-0.096840
0.319952
0.334864
-0.755760
-0.303702
-0.086376
-0.319690
-1.048711
0.259542
-0.040352
-0.790583
0.182708
0.156131
-0.783167
-0.876316
1.014654
-0.184825
-0.111075
0.062420
0.445212
0.552266
0.904802
0.406349
-0.387420
0.507860
0.088038
-0.103735
0.369138
0.430604
1.019688
-0.640180
-0.951759
-0.095336
-1.455309
1.715189
-0.837052
-0.226284
1.360463
-0.240072
-0.065521
0.724559
-0.433440
-0.584876
-0.478305
-0.095194
0.031742
0.715994
-0.431626
-0.477106
-0.495601
0.469348
0.182919
-0.880181
0.060216
-0.527228
-0.602849
0.533654
0.718763
0.506642
0.174127
0.533338
0.512524
-1.360120
0.394194
-0.046551
-0.363085
-0.385352
0.420778
-0.949008
0.752244
0.675583
0.149941
0.021610
0.363967
-0.098885
-0.112653
-0.357426
0.101819
1.213691
-0.714620
-0.231952
-1.314341
-0.154715
-0.374974
-1.020750
-0.355258
-0.418010
1.258503
-0.327439
0.332530
-0.007956
0.963629
0.258527
1.089078
0.434189
0.618104
0.195077
-0.445430
0.097029
0.228506
-0.323032
0.326929
-0.050458
-0.210252
1.167854
-0.665128
0.683417
0.438663
-0.589014
-0.054061
0.339874
-0.683737
-1.014159
-1.302493
0.714501
-0.406710
-1.006189
0.351748
-0.258811
-0.563089
0.291276
-0.676600
0.034380
0.030312
0.543674
-0.411638
-0.075971
-0.019899
-0.339896
-0.129273
-0.151116
-0.682872
0.865026
0.449417
0.263692
0.097543
0.241291
0.121903
0.007062
-0.287226
