0.202795
0.631898
1.292791
0.422296
0.151893
1.408937
-0.565891
0.065035
0.882960
-0.248697
-0.181467
0.466726
-0.198944
-0.009369
0.137849
-0.362590
-0.177885
0.234096
-0.108333
-0.110241
0.242635
0.111691
0.467831
0.658697
0.519342
-0.044110
-0.151093
-0.710737
-0.475172
-0.784501
-0.323642
-0.088637
0.174048
-0.770458
-0.507759
-0.141570
-0.520320
0.125944
-0.935470
-0.328097
-0.062417
-1.478794
-1.507974
0.001558
0.124175
-1.708474
-0.138774
-0.104999
-1.132685
-0.270555
-0.787642
0.455540
0.836593
-0.060691
0.661642
0.449671
-1.610036
-0.241714
-0.329964
-0.361845
-0.571020
-0.788083
-0.105034
-0.728608
-0.475738
1.315213
0.552099
-0.159902
0.385872
0.069072
0.992993
-0.848730
-0.602723
0.056349
0.808966
-0.835328
0.412074
-0.678497
-2.449029
0.335512
-0.109539
0.221135
0.087153
0.474820
-0.376335
0.037969
-0.916354
-0.701657
-0.055537
0.500336
1.674684
0.228637
-0.294227
0.294481
-0.210979
1.141650
-0.349893
0.909176
-1.380436
0.376768
-0.595813
0.317445
-0.054495
-0.185686
0.624733
-0.187230
-1.369595
0.631379
-0.784316
-0.616069
0.132837
-0.289007
0.457462
-0.371224
2.156577
0.272632
0.149684
0.492406
0.875334
1.360806
0.152048
0.371636
-0.157080
-0.678018
-0.178175
-0.241542
-0.670978
0.219707
0.565229
-0.273986
-0.420838
1.318650
-0.729771
-0.126800
-0.532827
-0.186488
1.134637
-0.132763
0.140402
0.600015
-0.864927
0.574099
0.238910
-0.015451
1.677240
0.218979
0.442309
0.144108
0.093244
1.381110
-0.286566
-0.144485
1.020621
0.691719
-0.656704
0.298632
-0.700098
-1.105124
-0.279745
0.244795
-0.749787
0.998748
0.050931
0.693397
-0.516545
-0.611753
0.083455
0.384593
-0.242016
-0.742151
0.263984
0.174701
-1.308427
-1.106143
0.142599
-0.360385
-0.288690
1.242384
0.044373
-0.772245
0.368807
0.260608
-1.184048
0.099517
-0.423258
0.568059
1.471263
-1.059844
-0.851636
0.435893
-0.342604
-0.439394
1.506217
0.890346
0.317805
-0.378803
-1.228166
0.322537
0.637950
0.399840
0.690633
0.658904
-0.123969
0.818198
0.530672
-0.246007
0.171037
0.530113
0.387597
-0.223678
-0.067923
0.397716
0.001929
0.025648
1.546107
-0.159404
0.241375
-0.728936
0.958753
-0.203101
-0.160614
0.587826
-0.018758
0.787421
-0.734116
0.700667
0.488872
-0.887487
0.365317
-0.751044
0.447936
1.037084
0.002005
1.235409
-1.045972
-0.817530
0.319283
0.342905
0.302042
-0.272525
0.250318
-0.288883
0.031704
-0.424629
-1.941285
-0.339660
0.513583
-0.229611
-0.035694
1.980817
0.404092
-0.493119
0.784030
0.279825
-0.351429
-1.523538
-0.584714
0.227538
-0.004364
0.064094
0.329991
-0.837581
-0.288888
-0.391977
-0.261310
0.721227
1.376297
-0.505353
0.854615
0.839405
0.215692
0.925000
0.056643
0.316610
0.534099
0.105069
1.636105
-0.481774
-1.752044
-0.887647
0.231666
0.466961
-0.597841
0.698977
-0.100957
-0.370435
-0.048210
0.444928
1.291354
1.719720
0.543421
2.553805
0.125336
-0.319809
0.979996
0.543970
-0.622186
0.555725
1.287606
-0.101680
0.034211
0.820026
-0.338777
-0.111646
-0.844446
-1.005420
1.530342
1.433172
0.378908
-0.144981
-0.480939
0.444701
-0.161370
0.380693
-0.079103
0.209136
0.628077
0.087368
-0.430280
0.055751
1.392037
0.236100
0.210822
1.360725
-0.043560
-0.159343
-0.698556
0.392242
0.142733
-1.023885
-0.009541
0.186018
0.091109
-0.185253
-0.647197
-0.048690
1.236059
0.197574
-0.590922
-0.740487
-0.551435
-0.550951
-0.378630
-0.663380
0.142514
0.125069
0.415786
-0.010499
-0.162568
0.107474
0.850347
-1.168158
-0.235622
0.874149
-0.077884
-1.582645
-1.476215
-1.027394
0.134615
0.458734
0.253286
0.005298
-1.403680
0.672211
0.352910
-0.421660
-0.501698
-0.498195
-0.449204
-0.565954
-1.168054
0.865404
0.050284
0.346647
0.809484
0.691640
-0.043645
0.664490
-0.468468
-0.422363
0.822045
-0.309018
-0.993259
-0.124262
0.283113
0.626051
0.329950
0.780675
-0.291488
0.599063
-1.110413
-0.782839
-0.532715
0.031257
0.165222
1.027076
0.007711
1.566838
0.247795
-0.157528
1.153276
-0.816982
-1.197441
0.718397
-0.597927
-0.224240
0.070387
-0.980009
0.348052
0.479976
-0.434493
-0.030166
-0.137405
-0.337455
0.863168
-0.306621
-0.019952
-0.157636
0.495959
-0.125239
-0.102209
-0.178757
0.370206
0.438700
-0.017731
0.109040
0.392100
-0.208637
0.324129
-0.333490
1.078853
0.386398
-1.270407
-0.634336
0.165906
0.468289
-0.424461
0.021974
-0.286491
0.561749
-0.069026
-0.324119
0.178750
-0.526868
-0.072319
0.288324
-0.673893
-0.423373
0.729536
0.749621
0.006425
-1.317833
-0.374533
-0.557511
-0.188574
0.790035
0.487661
0.008400
0.168274
-0.110086
0.008092
0.017354
0.206727
0.384240
0.381310
-1.927260
-0.023482
-0.482526
-0.189305
-0.423577
0.794045
0.832523
-0.319344
1.000663
1.009667
-0.615838
0.360288
0.042721
0.752204
0.585396
-1.425740
0.970611
-1.169149
0.020543
-0.838198
-0.434265
-0.800633
0.268392
-1.481350
-0.211211
0.411530
-0.516266
0.042625
-1.888226
-0.318827
-0.774319
0.237082
-1.204688
0.246914
-0.153681
-0.061993
-0.337783
0.758680
-0.504220
-0.434417
-1.342578
1.169632
0.746947
-0.119482
-0.556874
0.313159
0.082507
-0.042192
1.129223
1.113981
-0.598339
-0.356616
0.964031
1.055204
0.292748
0.023074
0.773050
-0.069713
-0.081667
0.750946
-0.714652
0.501903
0.357458
-0.759085
0.495812
-0.751002
0.064730
0.117681
0.176111
-0.335498
1.073375
-0.568434
-1.554652
-0.267038
-1.023703
-0.800919
-0.321600
0.041925
0.693471
0.434052
-0.119256
-0.737815
0.174120
-0.126752
0.150440
-0.004335
-0.074395
-0.365647
0.234148
1.042096
0.442369
-0.661388
-0.351314
0.374900
-0.492058
0.030014
-1.034777
-0.166015
-0.765339
0.585484
0.534150
0.014650
0.672767
-1.399337
-1.027715
0.494334
-0.794811
-0.025077
-0.230270
0.042534
1.655649
-1.292008
1.636881
-0.707387
-0.060146
-0.277737
1.269385
-1.122694
0.226841
0.234490
0.845430
-0.981879
-0.018385
-0.015120
1.326955
0.307696
-0.981742
0.596170
-0.051934
0.555705
-0.875334
0.510441
1.438755
1.785857
-0.393720
-0.109459
-0.072167
0.416541
-0.806803
-0.310754
0.085023
0.225979
1.187597
0.678312
-0.818708
-0.414308
-0.518348
0.525804
-1.234272
0.744795
-0.783642
-0.850939
-0.358013
-0.165187
0.038043
-0.382812
0.265544
-0.908815
-0.802990
0.202574
-0.010979
0.059210
0.574393
-0.504439
0.504674
-0.688782
-0.121815
0.462611
-0.306141
-0.136347
0.483409
0.426822
0.086270
-0.274791
-0.067822
0.723955
-0.966817
-1.549696
0.028335
1.265823
0.052575
0.749016
-0.438187
-1.402643
0.799710
-0.298414
2.001958
-0.627331
0.448538
-0.645603
1.137201
-1.411604
-0.203157
0.480381
1.354952
0.690801
-0.817683
0.538329
0.157790
-0.681849
1.897141
-0.763707
0.813154
0.707475
-0.577639
-0.030224
0.180386
-0.641990
-0.149867
-0.656846
-0.360607
-0.212971
0.072395
1.016624
-0.105486
-0.846867
-0.008657
0.612842
-0.139309
-0.668034
-1.447351
-0.223183
0.169740
-0.522214
-1.232424
-1.135068
0.510281
0.144684
1.335492
0.055892
0.481080
0.427230
-0.360826
0.004212
1.091605
-0.170075
0.869584
-0.154150
-0.643595
-0.198739
-0.541228
0.362998
-0.484165
0.266131
-0.148180
0.905362
-0.583288
1.384740
0.144488
0.117266
-0.460175
-0.987727
-0.309203
0.120472
-1.427666
1.865386
-0.507828
-0.659554
-2.232855
-0.412696
-0.239841
-0.821168
0.257519
0.306449
0.110237
0.196629
-1.055998
0.040971
-0.311465
-0.522987
0.254853
-0.921020
0.287104
0.357622
-1.260511
-0.184289
-0.717308
0.444184
0.900346
-0.287624
-0.489891
-0.981993
-1.378776
-0.102909
0.233557
-0.172642
-0.147431
-0.316181
0.276388
0.325973
0.395398
0.199450
0.156294
0.522556
0.055130
0.762421
0.007834
1.139526
0.561407
0.170465
0.889205
0.027179
1.300889
