0.497754
-0.775021
1.163625
1.488396
0.013301
-0.265201
-0.166722
-0.050956
-1.250719
0.049956
-0.477962
0.297028
-0.941470
1.458122
-0.776138
0.341589
0.165880
0.151041
0.500754
-0.315999
-0.843751
0.295769
0.083097
-0.069064
0.669458
-0.621399
0.678025
0.138876
0.243587
0.304994
0.157467
0.422313
-0.125809
0.072882
-0.959087
-0.053330
0.015758
-0.120268
0.246867
0.826323
0.429937
-0.659541
0.088131
0.054118
1.033317
0.321093
-0.110720
0.061138
-0.852695
0.577888
0.186427
-0.335144
2.146946
1.467844
-1.048035
0.474323
-1.181571
-0.816794
0.409569
0.324204
0.168591
0.638258
-0.085070
-0.270663
0.364080
-1.611151
-0.204108
-1.946767
-0.278451
0.944203
0.896941
0.342770
-1.084794
0.090867
-0.164211
-0.352359
-0.380146
-0.105301
0.393229
0.369908
-0.104601
0.231511
-1.289579
-0.417389
0.147093
-0.803572
0.050355
0.609338
1.029143
-0.217680
0.506145
-0.210684
-0.084113
-0.472398
-2.059931
-1.166165
-0.504077
0.778800
0.526828
-1.079110
0.508922
1.001170
-1.209407
0.269972
0.044004
-1.373036
-0.154513
-0.118055
1.157351
-0.699105
-0.497884
0.114863
1.053699
-0.181780
-0.607416
0.855986
-0.717866
-0.573762
-0.867079
-0.773475
0.052539
-0.605539
-0.055398
-0.193719
0.156842
-0.237329
0.232777
-0.631374
-0.293468
-0.319936
0.531796
-0.426811
-0.485817
-0.072409
-0.660807
-0.643163
0.098079
0.290258
-0.631303
0.037328
-0.126894
1.091051
0.287202
0.696450
-0.258863
-0.782729
0.925729
0.035368
-0.136593
0.111194
0.103855
-1.285291
-0.420578
0.483068
-0.696480
0.688327
-1.089040
0.114350
1.427937
-0.149307
0.180454
-0.334738
0.740138
-0.811109
0.064211
0.685777
-0.006655
0.976850
-0.643864
-0.204493
0.329136
0.412877
0.060312
0.327953
-0.044694
0.081093
-0.306648
0.317345
0.806109
-1.230197
-0.282135
1.085453
-0.346450
0.615812
-0.590943
-0.064530
0.309085
0.052694
0.070761
-0.148295
-0.505705
0.358580
-0.828785
-0.491329
1.031103
0.251775
1.272242
0.095907
0.138585
-0.979330
0.345916
-0.389812
-0.163722
0.931377
0.197772
0.408552
-0.189085
-0.254753
-0.143440
-0.542630
0.123818
-0.272537
1.331119
1.137980
0.933613
-0.310488
0.685105
0.421876
0.181155
-0.575587
-0.074928
-0.173903
-0.160618
0.219555
-0.262452
0.489190
-0.175308
-0.016500
0.888839
0.449455
1.412816
0.595892
-0.253793
-1.216251
-0.524977
0.751855
-1.577615
0.170779
1.130554
0.132453
-0.210959
-0.456157
0.557094
-1.204062
0.572227
-0.355839
-0.324898
0.494409
-0.167566
-0.342979
-0.684687
-0.513045
0.213822
-0.870103
1.115165
0.074399
1.771194
0.336034
0.399598
0.021668
0.699536
-0.763136
0.526796
0.329474
-0.000121
0.321703
0.443695
0.097239
-0.242675
-0.208658
-0.977834
0.678622
-0.557106
-0.394499
1.401867
0.004337
-0.308842
-0.616252
0.742545
1.309314
0.175652
-0.404947
0.634074
0.028992
-0.702047
-0.473886
-0.041580
-0.995544
-1.012758
-0.276158
-0.236816
-1.082387
0.046803
-0.281467
-0.319153
-0.260574
0.660957
0.515468
-1.032472
-0.027241
-0.478146
0.678116
0.110564
-0.150374
-0.292274
-0.601420
0.063014
0.757265
0.192833
-0.304146
0.152763
-0.054235
0.460621
0.718680
0.391745
-0.542659
-0.198601
-0.424935
-0.143000
0.040301
0.192149
-0.045336
-0.303752
0.218760
-0.680576
-0.386214
-0.264019
-0.302634
0.052529
-0.811545
0.600252
0.828188
0.378983
0.144382
-0.904029
-0.740459
0.398251
0.070846
0.055334
-0.222605
0.592087
-1.499799
0.980379
-0.783347
0.586079
0.662318
0.602517
0.602200
0.045862
-0.967635
-0.077382
-0.342503
-0.460509
-0.683521
0.045229
-0.100054
0.965160
-0.197985
1.333697
-0.241581
0.170554
-0.439538
0.160430
0.147499
-0.934453
0.936311
-0.205001
0.803441
0.015327
-0.273793
1.398207
-0.816328
0.859935
-0.082486
0.728548
-0.630219
-0.120085
0.639318
-0.292818
0.429058
0.544167
0.334918
0.560140
-0.065592
0.687699
0.491592
-0.130658
-0.425805
0.594730
-0.262033
-0.551974
0.842289
-0.191990
-0.298866
0.974792
-0.154534
0.218078
-0.180344
-0.294626
0.515098
-0.263082
-0.711122
-0.689317
-0.458010
-0.118012
-0.050380
-0.044063
-1.004983
-0.378354
0.111408
0.254831
0.491690
0.255434
0.247683
0.111668
0.900901
-0.715187
0.338726
0.945475
-0.087790
-0.580111
-0.444835
0.443657
-0.735921
0.361586
-1.553038
-0.906885
0.263577
0.225589
0.520877
-0.469845
0.251859
0.961454
1.302078
0.035373
0.440873
-0.111139
-0.007553
-0.899034
0.807802
-0.535412
0.120734
0.961363
-0.924042
0.280429
-0.366733
0.548147
-0.859517
0.551169
-0.906948
-0.467202
0.678652
-0.250899
0.755674
0.514382
0.062661
-1.576803
0.432184
-0.325016
-0.520685
1.125910
0.914725
0.200190
-0.116581
-0.918060
0.072857
-0.474718
-0.422230
1.283340
0.715738
0.867081
0.910318
0.717607
0.311121
-0.210487
-0.109543
-0.960595
-0.286417
-0.092931
0.481251
-0.542050
-0.132677
1.140163
-0.522988
-0.512416
-0.230337
-1.350695
-1.076689
-0.073313
0.972743
-1.077853
-0.097378
2.084801
-0.030876
-1.347344
0.571982
0.379817
-0.601032
-0.724100
0.453022
0.345751
-0.162855
-0.521971
0.140347
0.550900
-0.183109
-0.181330
-1.206817
0.477749
-0.468546
0.423625
0.805917
-0.717835
-0.460600
-0.033459
0.236948
0.117554
-0.669073
0.145233
-0.383858
0.679459
0.579066
1.195966
0.145886
-0.690190
-1.030840
0.620035
-0.435743
0.212921
-0.599056
-0.938360
-0.145609
0.923518
0.257036
0.036512
0.922297
0.093198
-0.180686
-0.101418
0.633185
0.275974
0.694230
-0.671897
0.025905
-0.302332
-0.322830
-0.441334
0.394091
0.159986
0.424422
1.198395
0.174090
-0.221410
-0.475530
-1.362027
-0.413749
-0.057635
0.660972
-1.674373
-0.460264
-0.718261
-0.206284
1.796874
-0.372264
0.688686
0.146560
-0.018077
-0.515059
-0.425541
0.313411
-0.870289
0.727154
-1.152241
-0.468767
0.054845
1.201626
-0.476976
1.187670
-1.514990
-0.231238
-0.935115
0.993354
-0.399727
0.673773
0.737851
0.142342
-0.152870
0.466854
-0.106041
-0.926866
-0.566552
0.890706
-0.262518
-1.508804
0.341116
-1.483415
-0.247099
0.272883
-0.452474
0.187500
0.517169
-0.088732
0.667962
0.185438
0.940453
-0.005342
0.002761
0.944789
0.218703
-0.559498
1.297817
0.991381
0.080756
1.579801
-0.733378
-0.237576
-0.983984
-0.195813
0.106300
0.156376
0.292850
0.084303
-0.492679
0.114241
0.063850
-0.174509
1.173952
0.696877
-0.308570
0.391149
-0.455841
-0.936895
-0.209496
-0.405049
-0.485942
0.327946
0.436773
-0.545771
-0.753618
-0.680644
-0.220202
-0.552578
-0.255368
0.515246
-0.131974
-0.010808
0.113103
0.329841
0.370355
-0.358839
-0.056646
-0.432703
0.240205
0.139769
-1.230149
-0.925056
-0.040457
-0.630040
-0.656393
0.161713
0.763188
-0.588766
0.409566
-0.233908
0.242577
0.604413
0.321001
-0.950516
0.674356
-0.094008
0.063224
1.032596
-0.112318
-0.047256
2.018425
0.538653
-0.026750
0.809650
0.209907
0.631089
-0.730701
0.997739
-0.100672
0.270001
-0.253477
0.539998
0.813703
0.076014
1.459732
0.300091
0.315465
-1.152584
-0.383407
-0.258920
0.007754
0.691647
-0.660873
-0.357207
1.080134
-1.837535
-0.002015
0.015254
0.119731
-0.058839
-0.693753
-0.499879
0.897015
-0.700294
0.726823
-0.345613
-0.247557
-0.321739
-0.145569
0.298988
-0.373422
1.342492
0.367708
0.186149
-0.116609
0.909348
-0.678741
1.709313
0.536678
0.034691
1.423751
0.164147
1.323262
0.701715
-0.213854
-0.556515
-0.423753
0.357220
-0.663987
-0.491081
0.594563
-0.272980
-0.919574
0.658966
-0.246860
-0.388207
0.096891
-1.687266
-0.763517
0.191560
-0.785038
0.669041
-0.449953
-0.972389
-0.251707
-0.159665
-0.266761
-0.060374
-0.719225
-1.154418
-0.275663
0.334388
-0.309780
-0.205000
0.064526
0.066961
0.032707
0.576365
0.347905
-0.315022
-0.263478
-0.182656
-0.135086
0.664282
