0.344360
0.410631
-0.160500
0.204022
-0.140218
0.700654
-0.137757
0.230428
-0.747936
0.315631
0.267195
-0.437432
0.054672
-0.001194
-0.104101
-0.056592
-0.175541
-0.087193
0.196561
0.209176
-0.119872
0.388960
0.014433
-0.232269
-0.063854
-0.139915
-0.067899
-0.333893
-0.253761
0.500963
-0.285753
-0.433848
0.047155
0.374044
-0.330319
0.928264
-0.116012
-0.227953
0.187380
0.795110
-0.015192
-0.757388
0.034732
0.411257
-0.136338
-0.055337
0.110650
-0.110214
0.761527
-0.411423
0.458141
-0.356695
0.547817
0.265590
0.079996
-0.036198
0.611068
-0.487893
0.032345
-0.086681
-0.138439
-0.280939
0.050068
-0.081360
-0.366621
-0.319073
0.189329
-0.179496
0.513216
0.508195
-1.037794
-0.271767
-0.725537
0.136977
0.044971
0.846367
-0.819701
0.239782
0.426397
-0.518104
0.192946
-0.103784
-0.312368
0.098617
0.064738
0.352773
0.219075
-0.061866
0.713988
0.660529
0.367126
0.343897
0.241818
0.220319
-0.173324
-1.510549
-0.195770
-0.550431
-0.169183
0.180169
-0.068419
-0.899294
-0.301667
-0.049082
0.116021
-1.044535
0.240482
-0.165628
0.492730
-0.844222
-0.036668
-0.117874
0.217943
-0.221773
-0.385590
0.695481
0.178240
-0.189973
0.126537
-0.002096
0.138320
0.012613
0.079851
0.061234
0.180764
0.031816
0.575460
-0.114302
0.314915
-0.589464
-0.251969
0.829395
-0.778036
0.050867
-0.332818
0.041443
-0.164416
-0.203367
-0.110009
-0.189929
0.140032
0.004272
0.497937
0.382313
-0.738646
0.327787
0.293795
-0.106534
0.312372
0.347445
-1.067949
0.055530
-0.787966
-0.139942
0.069405
0.273005
-0.477446
0.613273
-0.290156
0.340607
0.280164
0.076676
0.598907
-0.299892
0.174688
0.438149
0.144227
0.401736
0.160657
0.602008
0.274688
0.180024
-0.010356
-0.885207
-0.209303
0.333955
-0.217224
0.346042
-0.278528
-0.236480
0.039147
0.435807
-0.214915
-0.240489
-0.271242
-0.813559
-0.434038
-1.031997
-0.545494
-0.182558
-0.165680
-0.262422
-0.635516
-0.330791
0.160538
0.221031
-0.016679
0.813181
0.098100
-0.430832
0.314994
-0.503856
0.118130
0.215237
-0.228167
0.380938
-0.341876
0.043423
0.478820
-0.116897
-0.899002
-0.464312
0.496039
0.385523
1.000746
0.328733
0.428408
0.573540
0.824778
0.007950
0.148616
0.736179
0.001033
-0.009659
-0.578721
-0.309508
-0.315975
-0.027075
0.380058
0.270421
0.315872
0.404409
-0.481300
0.614133
0.223582
-0.843873
-0.941064
-0.151448
-0.334549
-0.087462
0.321763
-0.424272
0.660245
-0.601284
-0.354531
-1.026651
0.519041
0.558819
0.045411
-0.229022
-0.582459
0.258143
0.421431
-0.206728
0.451452
-0.385860
0.141546
-0.077745
0.699190
-0.038952
0.261832
0.114269
0.048130
0.264666
1.297846
-0.291788
0.212006
-0.953047
0.305963
0.016298
-0.477312
0.153826
-0.090103
-0.523439
0.245397
0.541661
-0.760476
-0.181846
-0.351684
0.219348
-0.551406
0.739005
-0.498430
0.013225
-0.623481
0.118339
-0.520510
-0.181846
0.110487
-0.671239
0.062436
-0.913814
-0.086788
-0.194605
-0.204539
0.105609
0.277882
0.384071
-0.224880
-0.125366
-0.807862
-0.375633
0.363390
0.056208
-0.252075
-0.028223
-0.671679
0.281950
-0.822042
-0.487966
0.229423
-0.323270
0.028750
0.380043
0.784958
-0.316861
0.145356
0.072879
0.439374
-0.025639
-0.235722
0.512763
-0.106415
0.138769
-0.650384
0.472277
-0.051073
-0.382065
-0.047313
0.263430
0.433574
0.579278
-0.661487
-0.435797
-0.027636
-1.349765
-1.329610
0.087303
0.586485
0.926069
0.525758
0.320682
0.324590
-0.195986
0.423205
0.374469
0.112479
0.339803
0.122049
0.688308
0.499192
-0.412078
-0.676848
-0.545140
0.096425
0.180627
0.078293
-0.292376
-0.323627
0.276239
0.300427
0.580875
-0.312742
0.245337
-0.422218
0.023232
-0.090818
0.285328
-0.494807
-0.666107
0.288741
-0.548086
0.245457
-0.227244
-0.332808
-0.371339
0.251332
0.739205
-0.814054
-0.434951
0.278242
-0.518544
-0.114479
-0.048531
-0.055049
0.019868
-0.285115
0.397420
0.516075
-0.752336
0.230576
0.015498
0.003435
-0.169421
0.343781
0.193024
0.088834
0.108945
0.297487
0.578649
-0.065775
-0.368896
-0.497889
0.060385
0.005030
0.106838
0.422950
-0.618057
-0.055015
0.110279
0.419417
-0.106200
-0.610170
0.366160
0.219934
0.298648
0.298208
-0.387028
1.047833
-0.210358
-0.236889
-0.216972
-0.405649
-0.505735
0.371103
-1.093552
-0.207605
-0.025570
-0.376171
0.570473
-0.478171
-0.966049
0.365789
0.780977
-0.088330
-0.189278
0.311840
0.067801
-0.242430
0.262750
-0.357392
0.695831
0.153827
-0.413113
0.327951
-0.215180
0.371408
0.306977
0.745181
0.614982
0.603667
0.061016
0.598056
0.683188
-0.186447
0.332483
0.176232
0.543232
-0.352307
-0.248321
-0.373581
0.116126
-0.358088
0.051733
-0.345800
0.099739
0.210687
0.405731
-0.095151
0.082181
0.732907
-0.148155
0.397186
0.334865
-0.035787
-1.365369
-0.324829
0.419084
0.188602
0.629944
-1.060102
-0.210343
0.073050
-0.501961
-0.205867
-0.514058
0.382780
-0.956614
-0.884376
0.816029
-0.347469
-0.209531
0.470608
-0.753427
-0.102416
0.210603
0.272952
-0.046804
-0.530065
0.362425
0.623096
-0.160874
0.331460
-0.198867
-0.357598
0.264798
-0.027211
0.562284
0.103571
-0.482722
0.036157
0.093884
-0.910115
-0.382789
-0.226840
-0.075559
-0.148203
-0.014153
-0.417206
0.672332
-0.308271
-0.268784
0.317454
0.297802
0.151110
0.072087
-0.225120
-0.172582
0.547344
-0.762289
-0.378528
-0.369423
0.647380
-0.025776
-0.215758
0.053388
0.068777
-0.010620
0.522281
0.393323
-0.098185
0.280824
-0.128629
0.287787
-0.649905
0.432255
-0.567313
0.743416
0.448652
0.202275
-0.032842
-0.096073
-0.246332
-0.286435
-0.735028
-0.018336
0.274391
0.276561
0.002818
0.345615
-0.531142
-0.007048
-0.100010
0.136654
0.204469
-0.177593
0.084440
-0.364498
-0.398089
-0.161910
0.002955
-0.350913
-0.592874
0.305564
-0.383362
0.592766
-0.625671
0.418061
0.132409
-0.415129
-0.365395
0.832578
-0.385579
0.253950
-0.102537
-0.296308
0.490988
0.364712
-0.273386
0.075405
-0.645161
0.378457
-0.326098
-0.481582
0.602687
-0.525339
0.419340
1.112140
-0.427407
0.485142
-0.070834
0.138418
-0.641513
-0.261076
0.537789
-0.403258
0.184396
0.505750
-0.551180
-0.693195
0.071215
0.507834
0.180214
0.454260
-0.204940
0.153130
-0.239144
-0.096907
-0.626784
-0.261463
0.018035
-0.030391
0.121071
0.897670
0.081474
0.351289
0.649876
0.524779
-0.440257
0.323949
0.206157
-0.618590
-0.474373
-0.125129
-0.379482
0.019461
-0.370731
-0.071529
0.110078
0.621453
0.794715
-0.674146
-0.070809
-0.108681
-0.148841
-0.092099
-0.528055
0.469711
0.065866
0.124709
0.581811
-0.403601
0.267012
-0.441283
0.613049
-0.388935
0.629032
0.455576
0.319219
-0.652073
-0.288649
0.063806
-0.014132
-0.484517
-0.295939
0.583091
0.108676
0.141705
0.310242
0.290288
0.505385
0.340275
-0.237058
0.101666
0.164305
0.273875
-0.508930
0.219613
-0.428183
0.162353
-0.745362
0.645291
-0.140037
0.072947
0.221129
0.898548
-0.424802
0.104921
0.702628
0.321707
-1.011644
0.744005
-0.702373
0.289550
0.147123
-0.259520
0.412702
0.247614
1.119073
-0.422438
0.171690
0.336709
-0.008654
-0.121860
0.981152
-0.732307
0.901933
-1.001128
-0.571308
0.619181
0.867006
-0.756401
-0.551884
0.398957
1.115568
0.330723
-0.085690
0.593867
-0.653007
1.290155
-0.813590
0.524740
0.184827
0.355121
0.105825
-0.734003
0.055917
0.210771
-0.182995
0.881215
-0.204137
0.237544
0.042731
-0.961927
-0.307970
-0.451985
-0.272799
-0.561920
-0.460634
-0.545297
-0.607026
0.307252
-0.141321
0.236988
-0.918208
0.481648
-0.978583
-0.476982
0.017989
0.568101
0.462622
0.447405
-0.392412
0.323541
-0.713353
-0.879928
-0.744359
-0.382124
0.282936
0.149234
-0.115969
0.268576
-0.020626
0.077618
0.650096
0.012526
0.003638
-0.339653
