-0.272437
0.229061
0.325061
-0.706473
-0.473206
0.424412
0.142934
0.007576
-2.471079
0.433171
-0.405979
-0.000208
-0.164674
0.589025
0.267435
0.099247
0.726070
-1.539795
-0.090460
0.960984
-0.827570
0.403928
-0.868344
-0.112938
-0.779240
0.490692
0.130454
0.413229
-0.005738
0.696689
0.310161
-0.258177
-0.489718
0.037607
-0.168053
0.910555
-0.130474
-0.262613
0.549187
-0.386377
-0.698246
-0.331649
0.632405
0.148935
-1.837307
0.750726
-0.472811
-0.838022
-1.346363
-0.026536
0.265249
-0.435654
0.917239
0.375787
-0.197834
0.717869
-1.296861
0.375627
0.204543
1.367525
-0.358536
-0.029871
-0.150393
-0.249135
-1.202941
0.101987
-0.890965
-1.251128
-0.693948
0.287954
3.000744
1.554510
0.018295
-0.281952
0.701553
-0.014844
-0.465594
1.420961
0.420572
-0.102627
-0.217909
0.183503
-0.154084
-0.225379
-0.398588
0.851005
-0.021571
0.036454
-0.758988
0.518326
1.695038
-0.189659
-0.341663
0.730008
-2.565843
0.038821
0.250111
0.251248
0.621724
-0.353164
-0.693694
0.446586
-0.362453
0.381673
-0.330966
-0.537498
0.191391
-0.838259
0.358675
-0.152115
0.033407
-0.583424
0.103607
-0.511427
-1.698287
1.243687
-0.105359
-0.548667
-0.638556
0.756759
0.504698
1.647598
-0.155008
-0.261801
-0.228001
-0.157488
-0.036080
-0.681141
-0.358708
-1.731282
-0.019671
0.212390
0.378228
-0.164413
-0.428762
0.510149
-0.197874
-0.309488
-1.631841
0.115507
0.643522
-0.371430
0.423770
0.126971
-0.898313
-0.712652
-0.163372
0.168719
0.651468
-1.052253
-0.237676
-0.168017
-0.905913
0.688862
-1.233070
0.227021
-0.587630
0.819202
1.360344
-0.210616
-1.069771
0.580391
0.455307
-0.749315
0.969073
0.135503
0.626287
1.061164
-0.866809
-0.749955
0.055643
0.041795
-0.037434
-0.554168
0.593788
-0.423643
0.342713
0.005037
0.186012
-0.303861
0.282177
0.337216
-0.203894
-0.061741
0.080523
-0.570579
-0.051387
-1.134381
-1.063600
-0.547857
-0.608450
-0.360049
-1.298301
-0.011195
-0.170295
-0.036467
1.310412
-0.138652
0.435817
-0.492036
0.385664
-0.220229
-0.096817
-0.139820
-2.251917
-0.157267
-0.177986
0.188228
1.549992
0.580059
-0.687628
0.041588
0.333367
1.216523
0.760526
1.465876
-0.554556
0.072512
0.681978
-1.320918
-0.289052
-0.145495
0.321941
-0.308248
0.915334
-0.531317
-0.117501
1.421735
0.636075
0.157053
0.311490
0.605270
-0.735885
-1.390596
-0.620461
0.613366
-0.564767
-0.361476
0.774690
-0.121138
0.446284
-0.828578
-0.000640
-0.825379
1.694961
-0.447136
-0.551021
0.279927
0.318575
-0.091748
-0.737938
-0.059293
-0.207775
-0.457819
0.883030
-0.944649
1.010053
0.535337
-0.056514
0.088655
0.916742
1.198527
0.950367
0.615441
1.117067
-0.016241
0.083826
-0.910140
-0.274218
-1.416552
-1.758452
-0.957127
-0.580693
1.650515
-0.338341
-0.048366
-1.104990
-1.663373
0.739021
-0.246621
-0.666916
1.084213
0.143547
-0.156075
-0.143514
-0.155882
-0.202500
-0.374560
-0.025606
-1.137891
-0.491921
-0.181729
0.169101
0.232490
-0.539068
0.070775
-0.262332
-0.731515
-0.872057
-0.586043
0.115269
1.304164
-0.794617
1.034269
-0.837505
-1.173205
-0.456168
0.353108
-0.341542
-0.051867
0.371070
0.677007
-0.054744
-0.111340
0.624264
-1.017665
1.001486
-0.839821
0.278967
0.087173
0.042414
0.365856
-0.183601
-0.069382
-0.976642
-0.584705
-0.687521
0.106802
0.157218
0.091651
0.083439
0.617855
0.564592
0.027244
0.678679
-1.477705
-0.328808
-0.027628
-0.609979
-2.296714
0.732876
-0.277277
-0.536013
-0.071051
-0.881189
-0.104022
0.279456
0.213504
0.292361
0.105543
0.587143
-1.065367
-0.889030
0.274400
0.070459
-0.086404
-0.523151
-1.101903
0.953275
1.214699
1.308168
-0.131796
0.412431
-1.026245
1.259544
0.856442
-1.253598
-0.122325
0.565514
-1.374406
1.498267
0.749089
1.004248
0.997204
0.573339
0.462699
0.926112
0.169334
-1.216347
0.772402
0.350051
0.080823
0.423941
-0.186158
0.358973
0.291693
-0.678093
-1.233368
0.939707
0.089621
0.299250
0.682804
0.833930
-0.328117
0.752172
-0.395554
0.329781
-0.079291
-0.028634
0.040764
0.196335
0.473344
-1.377510
-0.731921
0.147994
-0.613475
-0.160278
0.023034
0.111749
0.653176
-0.915950
0.741655
0.354317
-0.722666
-0.447544
0.450061
0.333602
-0.044403
0.687344
0.807998
-0.440404
0.286704
-0.238516
-0.669022
0.514544
-0.201142
0.048906
1.575884
-0.491673
0.650181
-1.119560
0.724133
-0.125912
0.854489
0.180389
-0.788633
-0.623844
-0.353638
-1.148029
0.216960
-0.076466
0.813609
1.211873
0.628427
0.258442
-1.073094
1.425382
-0.086231
0.674798
0.863765
0.459851
0.069114
1.580262
-0.347383
-0.768717
-0.147568
0.184244
-0.051210
0.451605
-1.585732
0.824427
1.509612
-0.296893
0.533438
-0.878576
0.444932
-0.205623
0.421988
0.184309
0.709092
0.323894
-0.230999
1.753824
-0.079901
0.142253
-0.647733
-0.030475
-0.195765
-0.176915
1.033441
0.001537
-1.224162
0.498812
0.380170
0.317066
-0.785977
-0.975413
-1.404862
-0.842185
0.825601
0.142612
-0.369149
0.954615
0.662528
-0.446481
-0.558741
-0.395509
-0.579006
0.382391
-1.078262
0.154631
-0.744838
-0.334178
0.765966
0.496439
0.014056
-0.838492
-0.506217
0.525856
-0.171647
0.115344
1.200530
-0.626502
0.380093
0.939185
0.328888
-0.641406
-0.342865
0.602564
1.012721
2.383950
-0.161280
0.019772
-0.528429
-0.405629
-0.829776
0.389016
-0.309336
0.622755
0.318806
-0.475493
-0.886618
1.881387
0.582697
-0.680505
1.659644
0.017486
0.163129
-0.227558
0.537278
0.176132
-0.597230
-1.849321
0.548614
-0.282986
-0.299090
-0.771162
0.433032
-0.348851
-0.639716
0.362156
-0.631612
0.042850
0.052888
0.270569
0.259471
-0.145813
0.805231
-1.183564
0.242750
0.667730
0.058401
0.832732
-0.024769
-0.490446
-0.062882
-0.517251
-0.582458
-1.041886
0.967338
-0.153766
0.850826
-0.891210
-0.484244
-0.036908
0.965181
-0.349715
0.781414
-0.291294
-0.003140
-0.827068
0.592249
-0.676357
0.564442
-0.742579
-0.134607
0.606508
0.920872
0.205033
-0.072187
-0.295749
-0.077122
0.034880
-0.162121
0.357129
-1.128100
-0.268326
0.918175
0.326746
-0.035721
0.581241
-0.650540
0.493355
-0.268854
0.144207
0.741323
-0.332688
0.557831
-0.410668
-0.445867
0.817887
0.065427
-0.300854
0.826458
-0.604315
-0.459435
-0.491497
0.006112
-0.345910
0.274445
-0.926306
0.682154
0.124941
-0.116763
0.111115
0.592989
1.174944
1.602645
-0.254960
-0.061390
1.182716
-0.589737
-0.145743
-0.865632
0.661707
-0.048184
0.753502
-0.626435
-1.191210
-0.061666
0.812467
-0.361657
-1.523128
0.106370
0.467894
0.264722
-1.023294
0.502105
0.217765
0.875080
1.545149
0.332975
0.304630
0.628923
-0.166717
-1.184607
0.774131
1.343060
-1.034693
-1.013653
0.512966
-0.361693
1.632502
-0.404705
-0.492854
1.153860
0.491974
0.585860
0.414577
0.115448
0.049189
-0.045217
-0.583704
-0.154125
0.371933
0.367636
-0.834748
-1.117357
0.080381
0.086139
-1.129274
0.679234
0.507827
0.088877
-0.165714
0.661073
-0.507760
-0.269897
-0.045614
0.883903
-0.536290
0.389093
-0.775195
0.371769
0.974688
0.744896
-1.263465
0.614690
0.723275
-0.370773
-0.201752
1.183455
-0.260123
-0.536512
-0.534127
-1.000120
-0.103516
-0.929906
0.492873
-0.761431
-0.500539
0.405988
0.943130
0.539556
-1.012751
1.331851
-0.500997
0.242690
0.731210
0.398516
-0.864666
0.504007
-0.564901
0.560604
0.605795
0.206443
2.339824
-0.402103
0.118270
0.286808
0.663762
0.067617
-0.279184
-0.133732
0.183444
0.313651
-0.748322
-0.385187
-0.044880
-0.194245
-0.803968
-0.518887
-0.320137
1.007408
-0.558929
0.401368
-0.735581
-1.433630
-0.985362
0.378628
0.696545
0.005654
0.624111
0.026844
-0.072803
0.567515
-0.358968
0.205465
-0.498108
-0.560118
1.460665
0.059345
0.513528
-0.319222
0.214546
-0.425733
-0.080650
-0.251541
