-0.613153
-0.094868
0.297562
-0.032525
-0.715834
1.214227
0.441066
0.373028
-0.962284
0.723687
-1.126386
0.300976
-0.842810
0.399685
-0.411816
-0.137434
0.695217
0.167379
-0.202432
0.358066
-0.151959
0.386112
-0.596393
0.231978
-0.594807
0.693523
0.574293
-0.207077
0.061768
0.477460
-0.362824
-0.159542
-0.576444
1.022944
-0.763202
0.814065
0.660424
-1.105071
0.500460
0.142025
-0.419002
0.416918
0.372663
-0.486186
-1.752545
0.432183
-0.502319
-1.023172
-0.743585
-0.440891
0.548439
-0.550484
1.031166
0.030656
-0.289327
0.456865
-0.258105
-0.174916
0.357964
0.901413
0.304192
-0.061710
-0.073439
-0.562287
-0.531308
-1.128966
-1.133130
-1.476473
-0.648309
-0.583937
1.899256
1.089158
-0.320434
-0.423968
0.419974
0.669845
-0.575805
0.758409
0.414852
-0.305274
-0.261039
0.266564
-1.444394
0.397277
0.676978
0.560447
0.579967
0.601077
-1.374431
0.556783
0.458187
-0.032429
0.092195
-0.495416
-1.530608
-0.264085
0.467180
-0.218338
0.326122
-0.789227
-0.363296
-0.380419
0.392434
-0.246057
0.342618
-0.194567
0.242109
-0.724457
0.845285
-1.177179
-0.853037
0.061700
-0.360048
-0.486827
-0.667749
0.913084
0.276468
0.084370
-0.313662
1.933945
1.000324
0.331516
-0.084508
-0.093257
-1.412418
-0.401880
0.240019
-0.654713
0.072459
-0.174705
0.233280
0.379974
-0.120131
-0.091802
-1.271443
0.442739
-0.307144
-0.258360
-1.122432
-0.355977
0.427993
-0.768207
-0.019991
0.248591
-0.182009
-0.881831
-0.249819
0.088717
1.013183
0.113320
-0.545148
-0.913116
0.548629
-0.055733
0.433080
1.003187
-0.115563
1.251146
0.428215
-0.181748
-0.922898
0.216334
0.584952
-1.118712
0.938679
0.670364
-0.548081
0.357918
-0.186913
0.332341
-0.481637
0.794197
-1.120161
-0.373317
0.171464
-0.262134
0.484379
0.862482
0.160218
-0.135746
0.163594
0.456091
0.342895
-0.326407
-1.028009
-0.032044
-0.428017
0.212946
-0.829084
0.512721
-0.601728
-0.059228
-1.158123
-0.505158
0.442294
0.038417
1.211578
0.854979
0.471696
0.478944
1.184230
-0.382003
0.418132
0.133100
-0.842705
0.218318
-0.219867
0.086311
0.332669
0.696278
-2.022862
0.141174
0.303655
1.411361
-0.016545
1.135327
-0.120796
0.421162
0.709739
0.011026
0.593794
0.029598
0.696794
0.459521
-0.176939
-1.257771
-0.492932
0.397147
0.247063
0.411691
1.023815
-0.120240
-1.095491
-0.690119
-1.124898
-0.432183
0.193796
0.617610
-0.493116
0.842413
0.393805
-0.205694
0.335817
-0.478213
-0.825667
-0.614981
0.099642
-0.255120
-0.129422
-0.029805
-0.657085
-0.207455
-0.225458
-1.050131
1.132328
0.115912
0.427582
-0.099252
0.868202
0.050449
0.597901
0.340817
0.573183
0.778886
0.870248
-0.840740
1.655860
-0.556137
-0.898420
-0.820374
-1.091655
1.187566
-0.301175
-0.214355
-0.770910
-0.505630
-0.314580
-0.525399
0.056547
-0.508943
-0.925888
0.373859
-0.265464
0.450355
-0.433008
-0.285683
0.017046
-1.360585
-0.748816
-0.979875
0.176565
-0.616769
0.085984
0.410782
-0.374735
-0.440134
-0.482604
-0.236619
-0.857041
-0.832851
-0.235044
-0.252428
-0.328177
-0.184342
-0.685662
-0.160774
-0.162205
0.864523
-0.692903
-0.782457
-0.270343
0.367374
0.315367
0.460105
0.077079
-0.649930
-0.320224
-0.664312
0.205144
0.047250
-0.016315
0.122626
-0.057372
0.632586
-0.170942
-0.625796
-0.236852
0.250539
0.092970
-0.793855
0.131250
0.763862
0.043720
-0.386622
-0.603147
-0.929152
-0.344828
-0.628796
0.493931
-1.558380
-0.221157
0.256036
0.082272
0.158621
0.687185
0.800325
0.123444
0.046216
-0.221100
0.657699
-0.083505
0.361349
-0.521411
0.149907
-0.250539
-0.420803
0.307770
-0.349785
0.867701
0.089099
1.204212
-0.180904
-0.093449
-0.694884
0.887240
0.097594
0.006334
0.270953
0.216079
-1.234386
0.880390
-0.758598
0.781532
-0.198051
0.361513
-0.224028
1.328133
1.366636
-0.378975
0.092765
-0.454562
0.574970
0.096203
0.117836
0.623536
-0.400903
0.062899
-1.609077
0.657567
-0.281836
0.415721
0.400173
0.970223
0.242956
0.022876
0.335141
0.830028
-1.165690
-0.566682
0.555353
0.226315
0.529659
-0.285599
-0.185684
-0.130678
-0.382047
0.913084
-0.420967
-0.237536
0.254468
-1.104671
1.025968
-0.477045
-0.914014
-0.151175
-0.031925
-0.498202
-0.773007
0.869873
0.495028
0.392597
0.230226
-0.086678
-1.041403
0.063887
-0.569136
0.754885
1.333733
-0.222343
0.613466
-1.714614
0.541672
0.081551
0.766887
0.084598
0.215254
-0.163806
-0.308488
-0.736748
0.143024
-0.195859
1.445792
1.036390
0.569681
0.181695
0.686772
1.238974
0.500458
1.015110
0.656793
1.409322
-1.090537
0.974839
-0.187794
-1.114354
0.587732
-0.300646
0.002391
0.446510
-0.971658
0.637633
0.742221
-0.903091
0.685246
-0.690038
0.211988
0.348261
-0.214342
0.289136
0.404316
0.296008
0.002064
-0.011062
1.516466
0.229095
-1.479480
-0.184233
0.154881
-0.240992
1.704013
-0.738777
-0.891853
0.308083
0.373993
-0.588562
-1.253056
-0.625356
-0.922435
-0.437074
0.756566
0.644053
-0.490368
0.565519
-1.471625
-1.196537
-0.763433
-0.841964
-0.692990
-0.163963
-1.210898
0.655315
-1.161004
-1.122764
0.788864
0.504048
0.595473
0.438869
-0.603427
0.167012
0.083893
-0.041739
0.134270
-1.210345
0.885245
0.473793
0.620823
-1.046065
-0.731108
0.069844
0.768443
0.966398
-0.552919
-0.089851
0.487134
-0.227793
-1.418671
-0.300833
-0.568521
0.319100
-0.764847
-0.185903
-0.949887
1.249014
0.285782
0.572746
0.786547
0.343416
-0.046141
0.220943
0.626116
0.296278
-0.088964
-0.737065
0.811033
-0.154064
0.135824
-0.264490
0.499618
0.827637
-0.119505
-0.910491
0.103028
0.720275
0.001235
-1.022540
0.114752
0.176622
0.011140
-1.153170
-0.130968
-0.238401
-0.453332
0.059197
0.095698
-0.174196
0.506996
-0.428196
-0.348957
-0.545323
0.187958
-0.565231
0.631505
-0.689380
-0.550587
0.179886
0.275053
0.109062
0.481442
-0.235784
-0.284032
-1.852579
1.032524
-0.455336
0.138909
-1.297440
-0.061869
1.018019
1.630504
-0.261512
0.934499
-0.240366
0.159340
-0.224532
-0.018557
0.473665
-0.254714
0.359920
0.057708
-0.730139
-0.164334
0.240387
1.065277
-0.022397
0.015562
-0.173111
0.328213
-0.552970
0.511594
-0.996627
-0.491657
0.050988
-0.164296
-0.235381
1.012186
-0.243849
0.112101
-0.712455
0.716522
-0.885690
0.121076
0.323937
0.025370
-0.300882
0.450305
-0.057123
0.093571
0.411411
1.225658
-0.493263
0.027439
0.809508
0.611159
-0.472195
0.702144
0.188931
0.569229
0.861767
0.579400
-0.176013
-0.552148
1.522766
-0.463657
-1.093723
-0.125017
-0.287142
0.577967
-0.057528
0.371092
-1.117704
1.035684
1.987161
0.419122
0.591466
-0.478984
-0.550767
-0.763444
0.357041
0.763378
-0.714039
-0.944882
-0.288016
-0.877384
1.386724
-0.754590
-0.444544
0.295307
-0.139861
0.764716
0.797939
-0.588675
-0.819533
0.545767
-0.056737
-0.076999
1.605711
0.407258
-0.119779
-0.397501
0.316044
0.265409
1.145372
0.240609
-0.142654
-0.020591
0.066364
0.431831
-0.357600
-0.848253
1.028661
1.063143
-0.893353
0.719595
-1.456978
-0.782246
1.134096
0.081033
-0.549326
0.679222
0.467951
-0.115775
-0.009765
0.684517
-0.186893
-0.846034
0.082253
-1.259075
0.419351
-1.264053
-1.150293
-0.579949
0.881043
0.882931
-0.613926
0.257035
1.022194
1.152695
0.393501
-0.097819
0.721481
1.188496
-0.905544
0.475312
0.204326
0.576771
1.175736
0.001540
1.861820
-0.404222
-0.424294
-0.110339
-0.393454
0.245164
0.081743
-0.332873
-0.122798
0.264609
-0.621595
-0.253680
-0.397469
0.516548
-0.357795
-0.686103
-0.949149
0.090113
-0.460363
0.532971
-1.269267
-1.417155
-0.434922
-0.537785
-0.187751
-0.076400
0.285909
0.282241
-0.364366
0.581325
-0.204180
-0.430278
0.076100
0.465028
0.688824
0.712227
-0.070420
0.895216
0.191392
-0.609880
0.505754
-0.669734
