0.132738
0.135253
-0.171445
0.223261
-0.123431
0.855710
-0.332758
0.193412
-0.714587
0.747987
0.488582
-0.405018
0.211185
-0.166314
0.105458
-0.004742
0.071875
-0.252875
0.316290
0.222608
-0.321575
0.284400
0.058660
-0.053812
-0.039001
-0.430472
-0.442789
-0.557464
-0.047731
0.616390
-0.151479
-0.263214
-0.329213
0.677461
-0.004579
1.098065
-0.296605
-0.720734
-0.039958
0.785436
-0.044245
-0.549732
0.235247
0.340766
-0.071422
-0.497107
-0.289210
0.058741
1.055321
-0.303894
0.467147
-0.371492
0.501208
0.432870
-0.081722
-0.292152
0.465124
-0.677849
0.051381
0.130852
0.053203
-0.344536
0.041619
-0.303617
-0.579581
-0.638558
-0.133464
-0.404356
0.124169
0.191080
-0.789068
-0.507682
-0.719629
0.131179
0.234068
1.069457
-0.699356
0.194448
0.541901
-0.208341
0.189885
0.045893
-0.445535
0.129622
-0.225444
0.326990
0.199790
-0.288461
0.859404
0.838001
0.571231
0.015993
0.277868
0.232879
-0.018562
-1.309533
0.158477
-0.605712
-0.172553
-0.111481
0.074136
-1.166325
-0.234249
-0.123284
0.521821
-1.182021
0.699790
-0.262553
0.644648
-1.194384
-0.040180
-0.141129
0.301711
-0.388383
-0.310025
1.079411
0.310611
-0.643648
-0.081470
0.120310
0.100235
-0.194458
0.058154
-0.388055
0.464226
-0.048996
0.601000
-0.090904
0.258930
-0.604208
-0.355482
0.922011
-0.570052
0.042744
-0.308392
0.240611
-0.220995
-0.193700
-0.133289
-0.117992
0.210743
-0.158699
0.399133
0.328671
-0.517608
0.463577
0.331654
-0.093262
0.458983
0.230742
-1.126210
-0.016061
-0.599160
-0.367801
-0.074872
0.640124
-0.614741
0.457823
-0.278407
0.332355
0.110510
0.044927
0.968101
-0.294666
0.246296
0.469986
0.411348
0.088345
0.205245
0.757814
-0.125327
-0.101716
0.014435
-0.772619
-0.143404
0.520379
-0.214982
0.282799
-0.319863
-0.520842
-0.244320
0.198269
-0.180585
-0.686975
-0.365900
-0.851279
-0.293555
-0.868087
-0.664732
-0.177461
0.057665
-0.395385
-1.272203
-0.473793
-0.036597
0.396332
-0.216728
0.826914
0.395444
-0.754461
0.519500
-0.629152
0.039832
-0.464498
-0.154635
0.430708
-0.211914
-0.144824
0.603367
0.114439
-0.978796
-0.209452
0.546875
0.328117
0.693296
0.442939
0.689500
0.315185
0.864767
0.375925
0.243079
0.500437
-0.127576
-0.001787
-0.303550
-0.484268
-0.432705
-0.092432
0.588899
0.159930
0.507887
0.398335
-0.444423
0.800557
0.386718
-1.233944
-0.505101
-0.149275
-0.513880
0.147770
0.335152
-0.488175
0.611671
-0.822894
-0.725927
-1.277386
0.165295
0.592294
0.067367
-0.377984
-0.586933
0.307037
0.821723
-0.018814
0.635199
-0.596864
0.016806
-0.110549
0.526287
-0.032116
0.233798
0.519493
-0.105560
0.179240
1.143792
-0.078404
0.368597
-0.974658
0.306501
0.146266
-0.794882
0.196135
0.137946
-0.862331
0.303551
0.340489
-1.159016
0.382981
-0.152486
0.125853
-0.452007
0.811887
0.003932
0.131067
-0.754180
0.557408
-0.911121
0.031367
0.131132
-0.893889
0.213251
-0.865593
-0.071981
-0.109001
-0.540077
0.103566
0.167438
0.238746
-0.352138
-0.680551
-0.952787
-0.400961
0.148153
-0.151495
-0.220972
0.062508
-0.533904
0.272057
-0.392834
-0.728471
0.366932
-0.241296
0.144659
0.402787
0.778532
-0.825060
0.190745
0.048507
0.331796
-0.017803
-0.295931
0.363958
0.283201
0.272454
-0.591194
0.416602
-0.097561
0.109558
-0.010573
-0.053994
0.726689
0.342999
-0.606068
-0.576453
0.207072
-1.108250
-0.808411
-0.214510
0.344470
1.038737
0.878219
0.189284
0.206195
-0.358588
0.441533
0.727071
0.322114
0.486241
0.024390
0.451678
0.558892
-0.274413
-0.662324
-0.523364
0.046629
0.176024
0.052328
0.072438
-0.149609
0.051039
0.137309
0.472390
-0.231623
0.096782
-0.289025
0.040934
-0.030399
0.382136
-0.525869
-0.829199
0.386209
-0.545908
0.277347
-0.412870
-0.563182
-0.421684
0.462021
0.186446
-0.931238
-0.218501
0.236637
-0.329723
-0.423205
0.003928
0.161868
-0.148840
-0.270373
0.410142
0.417562
-0.681823
0.088617
-0.040769
0.229592
-0.544313
0.415367
0.269431
0.155157
-0.143984
0.350932
0.808425
-0.259972
-0.688159
0.079961
0.290547
-0.017410
0.148895
0.358336
-0.291235
-0.243409
0.208143
0.459329
-0.087414
-0.389064
0.119761
0.225342
-0.163677
0.149868
-0.703949
1.252240
-0.015468
0.009278
-0.031265
0.002652
-0.405694
0.328602
-0.822557
-0.004545
0.103426
-0.189806
0.695726
-0.423283
-0.685197
0.192402
0.507390
-0.060538
-0.156041
0.356968
0.140347
-0.226320
0.501359
-0.164269
0.498612
0.305116
0.056814
0.614736
-0.091432
0.350886
0.242342
0.771882
0.612408
0.769245
-0.219592
0.483735
0.289282
-0.569132
0.143984
0.370210
0.568006
-0.182744
0.124122
-0.114831
0.469591
-0.460672
0.430226
-0.184859
0.601363
0.491733
0.636324
-0.080203
0.107847
0.631138
0.002056
0.154635
0.179234
-0.147077
-1.327864
-0.395976
0.511647
0.466402
0.754667
-0.823304
-0.323753
0.472147
-0.518525
-0.197564
-0.928808
-0.073409
-0.924044
-0.704988
0.655881
-0.076194
-0.035255
0.083077
-0.714937
-0.302631
0.126326
0.193956
-0.273329
-0.512154
-0.231869
0.292750
-0.148942
0.151396
-0.224398
-0.478470
-0.033073
0.051493
0.891365
0.153999
-0.382570
0.201799
-0.029849
-1.103315
-0.281185
-0.366264
-0.082221
-0.002130
-0.041730
-0.391336
0.661379
-0.047243
-0.157535
-0.353013
0.360710
0.550873
0.208603
-0.025786
0.254028
0.240676
-0.901184
-0.221632
-0.466910
0.583660
0.020094
-0.257318
0.168257
-0.209317
-0.508546
0.332828
0.373842
0.088416
0.568225
-0.094197
0.589447
-0.671486
0.553889
-0.753179
0.689954
0.477005
0.058079
-0.050668
-0.079777
-0.172282
-0.539516
-0.922057
0.538686
0.308855
0.079592
-0.425781
0.474667
-0.812099
-0.006287
-0.435293
-0.107596
0.207119
0.112440
0.160316
-0.473885
-0.260712
-0.314321
-0.176044
-0.467370
-0.736766
0.576840
-0.086878
0.637012
-0.426984
0.474389
0.213574
-0.310921
-0.509417
0.935580
-0.539198
0.449802
-0.494149
-0.224404
0.694168
0.570374
-0.636161
0.192364
-0.565260
0.152638
-0.445651
-0.302509
0.629303
-0.429205
0.409082
0.667244
-0.615002
0.159565
0.180932
0.439091
-0.717248
-0.314509
0.324667
-0.735380
0.239214
0.757412
-0.737403
-0.536442
-0.150142
0.506629
0.208584
0.791840
-0.233230
-0.140652
-0.329710
-0.099420
-0.886174
-0.160772
0.026834
0.038967
-0.598271
0.975547
-0.052614
0.254331
0.902963
0.575737
-0.675837
0.206311
0.147921
-0.270457
-0.410808
-0.019216
0.088522
-0.380589
-0.323679
-0.203935
-0.055131
0.398810
0.914126
-0.456163
-0.300768
-0.294254
-0.156865
0.092377
-0.336684
0.133422
0.172789
0.420591
0.335160
0.135887
0.056752
-0.189317
0.663099
-0.756916
0.649007
0.260442
0.359162
-0.383405
-0.155792
0.158226
-0.055156
-0.539243
-0.028116
0.927672
-0.050654
0.367206
0.413384
0.263248
0.852907
0.594047
-0.785143
0.085981
0.803774
0.429215
-0.288527
-0.346183
-0.374613
0.515890
-0.922255
0.629660
-0.413606
0.370102
0.372649
0.358976
0.032733
-0.108616
0.522120
0.394802
-0.919049
0.437495
-0.756107
0.513425
0.183384
-0.500197
0.544466
0.321615
1.112020
-0.234620
0.133305
0.176633
0.019046
-0.510073
1.169594
-0.861440
0.920915
-1.369133
-0.680124
0.307343
0.946067
-0.619180
-0.180537
0.393687
0.830871
0.500248
0.102444
0.651193
-0.739491
0.972693
-0.783146
0.164997
-0.147547
0.864456
0.107019
-0.502604
0.168247
-0.031207
-0.258307
0.786922
-0.261708
0.383880
0.069155
-0.638225
0.051174
-0.644802
-0.707028
-0.542248
-0.290071
-0.267344
-0.533640
-0.038124
-0.590066
0.039195
-1.121632
0.589602
-1.212417
-0.466205
-0.176590
0.672234
0.481283
0.472520
-0.072732
0.563527
-0.453114
-1.186606
-0.706221
-0.559179
0.099078
0.387590
0.635756
0.089374
0.287113
-0.164477
0.631293
-0.229585
0.542904
-0.113535
