-0.944882
-0.073468
0.282714
-0.038474
-0.301175
0.542394
0.040255
0.089225
-0.272232
0.670268
-0.807480
0.899409
-1.009411
0.936933
-0.157150
-0.452919
0.658332
-0.158756
-0.393517
-0.060233
1.344066
0.534143
-0.217788
-0.096097
0.238938
-0.571074
0.122361
-0.374177
0.290020
0.424332
0.470318
-0.064099
-0.310265
-0.150106
-0.621595
0.133498
-0.328940
-0.910186
0.021644
-0.364139
-0.585253
-0.269732
0.709617
-0.356434
-1.828769
0.157296
-0.373396
0.529618
-0.590482
0.218606
-0.607825
-0.579376
0.262868
0.920253
-0.872378
0.916175
-1.204890
0.405831
-0.271660
0.651266
0.043676
0.128169
0.018642
0.347212
-0.264042
-0.985023
-0.544708
-1.060790
-0.407575
-0.181657
-0.469811
0.585269
-0.308165
0.013577
0.469728
-0.530966
-0.292329
0.579641
0.146169
0.112398
-0.911125
-0.320018
0.018743
-0.239021
0.453560
0.480388
0.638306
0.099395
-0.356561
0.352917
0.297608
1.009577
-0.200891
0.651427
-1.244248
0.265683
-0.322831
0.585175
1.531943
-0.962981
-0.162820
0.226833
-0.552016
0.111702
0.526328
0.034392
0.202400
-0.377665
0.260801
-0.540064
0.197712
0.485637
-0.220531
-0.134569
-0.421738
0.355455
-0.326476
1.214441
-0.261375
1.294070
0.076809
0.926391
-0.021207
-0.881082
-1.227913
-0.139976
0.244267
-0.667865
0.596164
-0.500026
-0.059146
0.016041
-0.352420
-0.028912
-0.573194
-0.269915
-0.273399
-0.012369
-0.322591
0.261480
0.534626
-1.212936
0.067194
0.551506
1.108513
-1.553476
-0.602490
0.028174
0.418437
-0.150550
-0.398364
0.170538
0.646748
0.204107
0.106899
1.179441
-1.175097
0.943912
0.460284
-0.022158
-0.612390
-0.249874
0.835022
0.434859
0.324828
-0.015027
-0.369441
0.592882
-0.500391
-0.358231
-0.920668
1.026597
-0.174415
-0.173075
0.252949
-0.829903
0.119639
-0.383909
-0.097520
0.283715
0.626722
0.227467
0.043124
0.097943
-0.163091
-0.160817
0.399294
-0.261281
-0.480634
0.588097
-0.393490
0.156219
-1.854312
-0.046669
0.149966
0.451106
0.887005
-0.367756
-0.391768
-0.171928
0.557076
-0.465283
1.053128
0.512488
-0.522050
-0.302518
-1.017025
0.358795
-1.062473
-0.438896
-0.804968
-0.454661
-0.920986
1.259607
0.308643
0.422821
-0.599284
0.014587
1.446358
-0.961078
-0.298731
-0.228136
-0.249269
-0.037716
0.867838
0.063235
-0.112355
-0.551254
0.691778
-0.063056
0.130704
0.916375
-0.004633
-0.259258
-1.061160
-0.225685
-1.049098
-0.008706
0.671383
0.422545
0.159796
-0.522033
-0.288448
-0.496226
1.025585
-0.379006
0.039476
-0.157859
0.000307
-0.521314
-0.112729
-0.502869
-0.155332
-1.215937
0.949351
-0.432898
0.268233
0.365077
-0.102275
-0.007114
0.213685
0.883151
-0.347997
0.180974
0.209559
-0.842068
0.474944
0.302582
0.070084
-0.648915
-0.694253
-0.155594
-0.307917
1.393106
-0.749196
-0.043380
0.288066
-0.229727
0.809799
-0.115242
0.097235
-0.001707
0.665433
-0.952827
-0.175183
0.042524
1.189888
-1.039959
-0.232561
-1.265456
-0.583153
-0.729049
-0.020721
0.536382
-0.125125
-0.173211
-0.434127
0.115162
-1.058939
-0.044024
-0.425036
0.028938
0.645139
-0.138558
-0.429029
-0.063966
0.124957
0.505653
-0.701510
-0.232113
0.141502
0.734338
0.655613
0.217290
-0.201476
0.352041
0.083141
-0.756643
-1.379941
-0.008946
-1.077835
-0.115487
0.811282
0.421725
0.109173
-0.768151
-0.268831
0.028722
0.002943
0.165686
0.027189
0.359211
-0.207386
0.439213
-0.870818
-0.470099
-0.017979
0.668992
-0.140574
-0.628043
-0.454594
-0.158184
0.114178
-0.075054
0.300409
0.420182
-0.022206
-0.039926
0.243772
-0.067645
-0.659724
-0.413303
-0.398609
-0.713017
-0.828390
-0.260212
-0.166541
-1.439122
0.775452
-0.598045
1.056951
-0.077124
-0.449843
0.028839
0.441561
0.028462
-0.206720
0.128289
-0.144946
-0.967787
-0.555440
-0.366515
0.851859
-0.448427
0.669805
0.601014
0.257695
-0.365824
0.032711
0.050210
-0.207814
-0.460002
0.505856
-0.419183
0.633844
0.535821
0.474697
-0.510334
0.966232
-0.058835
0.476688
-0.077446
0.106999
0.042583
-0.370630
0.063713
0.205392
-0.254865
0.049821
-0.490373
0.590003
0.139998
-1.202685
-0.705482
-0.184365
-0.939980
0.032452
-0.182381
0.194657
-0.015120
-1.048743
0.811152
1.469011
-0.207593
-0.147213
0.373785
-0.437526
-0.187421
0.376136
0.371108
-0.409510
0.131297
-1.052959
-0.007534
1.144400
-0.420568
0.376432
1.633574
-0.684714
0.367925
-0.948129
0.197570
-0.710421
1.115809
0.002330
0.394357
-0.617065
-0.578321
0.569364
-0.130585
0.193356
1.255219
0.177139
-0.200159
-0.430926
-0.098052
0.613119
-0.217515
1.056395
-0.517405
0.108301
-0.331758
1.138215
0.512221
-0.593887
1.289510
-0.973346
-0.447646
0.321889
-0.396820
-0.235400
0.481249
-0.494552
0.862568
-0.636251
-0.518552
-0.596658
-0.160842
-0.550438
0.286390
0.431879
-0.018148
0.333770
0.251667
0.006300
-0.469679
-1.090291
-0.517811
0.536264
0.273709
0.276849
-0.636481
0.688944
0.529374
0.119858
0.032364
-0.937074
-0.956285
-0.731429
0.551546
1.178906
-0.829891
0.998900
-0.114286
-0.852228
-0.240746
0.079264
-1.049266
0.044451
-0.099031
0.835622
-0.307222
-0.865305
0.056031
1.138604
0.340260
-0.635491
-1.108297
0.271095
0.756684
0.762857
0.002200
-0.474841
0.584559
1.159455
-0.039170
-0.889461
-0.016125
0.568763
1.365634
1.148477
-0.382163
-0.313346
-0.302163
-0.114522
-0.192736
-0.025364
0.146005
-0.308759
0.579232
0.254409
0.404197
-0.098568
-0.195272
-0.166030
1.125669
0.609265
0.335693
-0.552657
-0.117330
0.313542
-0.111137
-0.551691
1.178492
0.172871
0.181164
0.088426
0.291586
-0.058666
-0.905935
0.201917
0.971293
-0.066408
-0.918666
-0.414367
0.021162
0.059476
0.862107
0.177881
0.188735
0.692298
-0.285636
0.966500
0.585069
-1.637051
-0.686538
0.513359
0.481844
-0.859434
-0.880185
-0.179540
0.891394
-0.739011
0.005262
-1.014124
0.503898
-0.096689
0.555117
-0.225417
-0.436325
-0.347394
0.984970
-0.224385
0.191566
0.233522
0.564781
0.472629
0.960086
-0.426360
-0.599845
-0.064099
0.438027
-0.582443
-0.342098
-0.503638
-0.598682
-0.668056
-0.105112
0.525032
-0.108189
-0.165919
0.409973
0.121872
-0.283956
0.212351
0.967267
0.124545
-0.795205
-0.563341
-0.323122
-0.518169
0.179693
0.498766
0.236247
-0.187334
0.191859
-0.633265
0.803276
0.164152
-0.084877
0.766921
0.538565
-0.395194
-1.444493
0.339588
0.455422
0.325971
1.114025
-0.196200
-0.634301
0.525432
0.066435
-0.437808
0.957628
1.419133
0.924660
0.809121
0.292000
-0.672294
0.438318
0.273909
0.011879
-0.542432
0.173452
-0.120632
0.863656
-0.156656
-0.090648
-0.371980
-0.037047
1.483087
0.684831
0.209754
0.279706
-0.649509
-0.125005
0.186644
0.298546
-0.685934
-0.001456
-0.117729
-0.423603
1.722233
0.078229
-0.396406
-0.393672
-0.215954
0.278387
0.094735
-0.051383
0.025514
-0.273438
0.308235
-0.002036
0.276662
1.091461
-0.226086
0.081802
0.742013
0.299889
0.925385
-0.085958
0.415449
-0.092446
0.286625
0.699454
-0.956200
0.027426
0.531695
-0.332142
-0.883077
-0.705290
-0.109201
-0.872916
0.389449
0.211798
-0.347128
-0.251698
0.894789
-0.209546
0.059767
1.544625
-0.068691
-1.068751
-0.028193
-0.528020
0.142774
0.034241
-0.624126
0.110923
-0.931124
-0.106336
-0.431221
0.130788
0.366218
1.006051
-0.106992
0.501271
1.500798
-0.155381
0.251608
1.113985
0.118137
0.772634
0.515810
0.480436
1.775144
1.254323
-0.291803
-0.277719
-1.048261
-0.068762
-0.173955
0.437537
0.575440
0.085497
-0.570610
-0.011149
-0.076144
-0.233319
0.186247
-0.311913
0.174724
1.121061
-0.357680
-0.119286
-0.179491
-1.331699
-0.999459
-0.662128
-0.196610
-0.361799
-0.250014
-0.283201
-0.766703
0.727593
0.418284
0.047324
0.286743
-0.077606
0.641887
-0.985742
0.278170
0.791730
-0.109554
0.364791
-0.059049
0.621220
