0.498465
0.640025
0.447905
0.132894
0.337644
1.161680
-0.442255
0.149414
-1.087946
0.529985
-0.389677
0.620107
0.873487
-0.012669
0.259662
1.060315
-0.055612
-0.166695
0.282097
0.186262
-0.465560
0.018922
0.175540
0.105609
-0.048937
-0.258248
0.727804
-0.497766
0.551127
-0.141728
0.356898
-0.287615
-0.040211
0.142986
-0.373511
0.641233
0.103213
-1.340515
1.039447
0.639425
-0.266081
-0.031122
1.106930
0.318558
-1.193528
0.272857
-1.391149
-0.655638
0.233899
0.230260
0.138446
0.215392
0.908073
0.346490
0.444310
0.301343
-0.311624
-0.560146
0.458494
0.568502
-0.049101
0.472782
-0.020486
-0.483867
-0.703628
-1.145951
0.077402
-0.499816
-0.208283
-0.459665
0.574975
0.528083
-0.407284
0.407939
0.264266
1.384340
-0.438773
0.022897
-0.201142
0.108276
-0.280316
1.216218
-1.412733
0.146265
-0.298495
0.347049
0.741811
-0.710040
-0.149611
0.993832
0.818735
-0.180989
0.255981
0.998609
-1.526664
-1.209411
-0.044648
-0.986081
0.416472
-0.499871
0.092526
-0.335017
-0.125971
0.588182
0.586113
-1.196898
0.067481
-0.756305
1.280232
-1.103765
-0.408889
-1.157489
0.042069
-0.713695
-1.845369
1.000954
-0.068303
-1.124683
-0.702768
-0.203885
0.268384
0.353367
-0.025903
0.152734
-0.286783
-0.235168
0.136221
0.225608
-0.197204
-0.907845
-0.042338
0.526173
-0.568132
-0.038746
-0.372562
0.252393
-0.336307
-0.053160
-0.150209
0.416913
0.535749
0.450590
-0.290192
0.338588
-1.160894
-0.447416
0.197258
0.021873
0.283316
-0.216805
-0.277970
-0.440962
0.718999
0.067468
-0.327229
1.366677
-0.561702
0.809731
1.223484
-1.057760
-0.224630
0.937923
1.226314
-0.591273
0.508885
0.088334
0.256152
-0.253469
0.242372
-0.211067
-0.701524
-0.668447
0.210911
-0.510188
0.462174
-0.077042
0.017183
-0.025206
0.241477
-0.017743
0.054548
0.753585
-0.156899
-0.454864
-0.081253
-0.849806
0.284031
-0.651694
-0.770841
-0.035892
-0.781853
-0.154835
-0.610745
-0.644539
0.388763
0.311823
-1.260450
0.610611
0.782992
-0.263967
0.372219
-0.668430
0.472310
-0.283866
-1.031334
-0.047458
-0.181133
-0.154640
0.361405
-0.507079
-0.627035
-0.205343
1.114385
0.541435
0.802003
0.507362
0.984904
0.152573
0.497016
-0.288983
0.484061
-1.053428
0.647602
0.199487
0.385329
-0.630493
-0.183413
0.098541
0.776194
1.236291
0.396397
0.829908
-0.797732
-0.012289
0.044775
-0.573236
-0.683127
-0.985206
-0.486760
0.545038
0.074437
-0.439365
-0.029539
-1.827695
-0.370367
-0.731009
0.386657
0.180508
0.451949
0.528828
-0.771608
-0.343949
0.096034
-0.875204
0.582603
-0.763550
1.363717
-0.162249
0.226137
0.008617
0.791620
0.064496
0.524675
0.333762
0.939462
-0.128061
0.629086
-0.847512
-0.524667
-0.184767
-1.484040
0.760515
-1.025714
-0.504393
0.782124
0.684018
-0.884589
-0.088376
-0.012626
0.080053
-0.984814
0.926538
-0.334952
0.591023
-0.892261
-0.245017
-0.467246
-0.607216
-0.047216
-1.022708
0.240230
-0.393361
0.015880
0.256243
-0.553634
0.066658
0.171712
0.010584
-0.293973
-1.202615
0.162766
0.140703
-0.047572
0.639959
0.398640
-0.297575
-0.273792
0.123294
-0.174845
-0.825020
0.735326
-0.537029
0.120642
-0.144381
1.587283
-0.599586
0.315183
0.146523
0.766249
0.013882
-0.121266
0.661506
-0.153969
-0.088933
-0.616673
-0.690619
-0.456511
-0.269779
0.032050
-0.988670
0.424967
0.533242
0.469013
-0.125174
-0.146084
-1.687224
-0.562342
-0.957640
0.206317
-0.882737
1.081515
0.017488
0.169927
-0.304448
0.399349
0.400807
0.364331
0.343905
0.672652
0.450137
1.008074
-0.246793
-0.617573
-0.386138
0.708034
0.384724
0.140420
-0.613468
0.346246
0.535546
0.457204
0.017122
0.028746
0.393612
0.998717
0.240896
-0.377322
0.262837
-0.038767
-0.414521
1.337005
-0.820590
0.201167
-0.206284
0.067450
-0.333110
0.797552
0.323528
-1.755575
-0.820211
0.642065
0.303220
0.099133
-0.018127
0.453509
-0.344567
0.144865
-0.416178
0.634913
-0.751087
0.132168
0.285279
0.910690
-1.034837
0.586872
-0.588096
0.266263
-0.768399
-0.320418
0.481067
0.080249
-0.569020
-0.439902
0.406511
0.630915
0.316682
0.076757
0.261052
-0.156211
-0.018322
-0.162483
0.522911
-0.032969
-0.265120
0.013700
0.364784
-0.053199
-0.328219
0.803379
0.337559
0.143155
0.126242
0.347562
-1.063506
-0.332026
-0.148215
-0.294693
0.192805
0.080369
0.869433
-0.167939
-0.345391
0.240322
0.466534
0.014303
-1.228684
-0.252495
-0.028858
-0.627698
0.427505
-0.492143
0.762962
0.873307
0.217833
0.815620
-0.415063
0.739583
0.095808
1.032883
0.389298
0.633099
1.148638
0.859922
0.276756
-0.189833
-0.287260
0.610235
0.520920
-0.035608
-0.589578
0.044441
1.442223
-0.546456
0.999660
0.061687
0.340101
-0.037691
0.618275
1.276215
-0.146865
1.025745
0.561830
0.444429
0.059426
-0.039954
-0.623938
-0.488195
-0.273759
1.061439
0.693218
-1.557831
-1.259610
0.415218
-0.213035
0.048167
-0.884418
-0.947712
-0.962373
-0.245978
0.723256
-0.776868
0.837325
1.268238
-0.651683
-0.801757
-0.103410
-0.394671
-1.173046
-0.517429
-0.859935
0.438253
-0.568067
-0.011059
1.128475
0.336387
-0.495250
-0.301700
-0.060070
0.878973
-0.487484
-0.494284
1.557446
-0.262381
0.294846
0.402069
0.143670
-0.088490
-0.509665
0.035523
-0.002298
0.566100
0.194578
-0.326804
0.855169
0.223566
-0.768357
0.301731
0.287008
-0.258021
-1.129318
-0.309387
-0.515180
1.400842
0.038626
0.322720
0.767587
-0.357260
-0.430886
0.190155
1.423443
0.467256
0.342684
-0.948276
-0.531974
-0.394487
-0.027069
-0.506411
-0.337737
0.818753
-0.470800
-0.127263
0.415039
-0.841965
-0.630552
-1.032748
0.497437
0.354807
1.092160
-0.560071
0.243900
-0.372838
0.003233
0.058414
0.190161
0.203187
-0.008275
0.031588
0.197691
-0.970241
0.494494
-0.259243
-0.348982
-1.220791
0.072232
0.032539
1.033910
-0.295559
0.816318
-0.641994
-0.272142
-0.679000
0.796033
-0.454179
0.285113
-0.752621
-0.382072
-0.141189
1.129817
-0.539003
-0.121712
-1.041534
0.234351
-0.754722
-0.526541
0.401213
-0.974983
0.183629
1.520563
-0.774490
0.203510
0.424593
-0.521093
-0.278440
-0.294557
0.010061
-0.947717
-0.480977
1.894973
-0.567507
-0.478111
0.011702
0.572112
-0.607285
1.072674
-0.913902
-0.346969
-0.385902
-0.591332
-0.844548
-0.529945
0.100317
-0.131372
-0.516368
0.219358
0.260253
0.057327
1.015960
0.956889
0.046160
-0.332200
-0.202235
-0.866368
0.083189
-0.500900
0.270601
-1.291528
0.471088
-0.228451
-0.863027
0.329591
0.702680
-0.507595
-0.451782
0.126890
0.046067
0.297448
-0.390005
0.424410
-0.070088
0.651210
0.933353
0.525333
-0.192307
0.146017
-0.142662
-0.907346
0.060482
0.384259
-0.120140
-0.224777
0.061880
-0.147383
0.538929
-0.738035
-0.335159
1.350966
-0.142885
0.062966
1.165579
-0.146991
0.607989
-0.063849
-1.168357
-0.002126
0.567620
0.589568
-0.832689
-0.426608
0.149323
1.069679
-0.781916
0.495214
-1.101664
0.635788
0.758570
-0.306285
0.646795
-0.013575
0.570478
0.390087
-0.620197
0.395635
-0.408909
-0.025024
0.268763
-0.087552
-0.898757
0.663388
0.855079
0.073726
0.015605
0.472905
-0.278643
-0.574541
0.826120
-0.624038
0.666493
-1.509039
-0.131037
-0.947572
0.325567
-0.412385
-0.474986
-0.396726
0.597250
0.921469
0.056323
0.544327
-1.143526
0.305843
-0.497937
0.568324
-0.520957
0.938709
1.150302
-0.619924
1.240262
0.009301
-0.484744
0.897573
-0.704061
0.286929
0.334684
-0.135679
0.093997
0.516506
-0.305695
-0.815741
0.180964
-0.083361
-0.786185
-0.555290
-0.197838
0.172894
-0.789005
-0.025690
-0.637428
-1.167270
0.106510
0.209057
0.536121
0.093144
0.613916
0.232007
0.370369
-0.728267
-0.879890
-0.683519
-0.150030
-0.101862
1.169797
0.658112
0.699159
-0.192653
0.370115
0.323530
0.415334
0.001254
