-0.792576
-0.352477
0.847108
0.791337
-0.575773
1.369696
-0.330192
0.204153
-1.402857
1.210976
-1.301051
0.634250
-0.260256
-0.322497
-0.241272
0.587122
0.817607
-0.235953
0.538342
0.161681
0.065024
0.518426
0.207658
-0.104013
-0.347963
0.098398
0.577832
-0.577781
0.029590
0.231060
0.690985
-0.678179
-0.370521
-0.146488
-0.090222
0.246892
0.468844
-1.478413
-0.064183
0.500772
0.031243
-0.046443
0.415666
-0.167033
-1.518915
0.184882
-1.343223
-0.213602
-0.295180
-0.051945
-0.917909
0.214853
0.654023
0.904931
-1.266829
1.206928
-0.683449
-1.280489
-0.160760
1.240831
0.086236
1.125427
-0.083070
-0.930586
-0.276284
-0.868186
0.562852
-1.175541
-0.003984
-0.922000
0.690275
1.189689
-0.029821
-0.001733
0.142014
1.364913
-0.616230
0.190644
0.128235
0.844798
-0.105654
0.611976
-0.788117
-0.350112
-0.176558
0.394592
0.795181
-0.521644
-0.278234
0.312105
0.322314
0.330032
0.166835
0.449317
-2.254119
-0.821203
-0.197786
-0.485869
1.210810
-1.430015
-0.034242
0.006774
-0.788357
0.012761
0.916469
-0.499250
-0.032943
-0.888898
1.628852
-1.360181
0.065896
-0.033363
-0.114990
0.677930
-1.800458
0.981309
-0.697902
0.175957
-0.070192
0.941556
0.142087
0.863902
-0.131138
-0.495956
-1.579200
0.228497
0.792824
-1.148497
0.163148
-0.942395
0.175317
0.683431
-0.574753
-0.096824
-0.904327
0.217947
-0.583386
-0.704562
-0.208055
0.312285
1.189481
-0.788081
0.947070
0.748546
-1.096675
-0.934043
0.143853
0.085215
-0.025738
-0.786712
-0.000075
-0.854008
1.317687
-0.014594
-1.050575
1.110188
-0.645588
1.657687
0.975576
-0.264954
-0.994832
-0.977612
0.520049
0.251430
-0.238853
0.175959
-0.162927
0.376562
0.999481
-0.979668
-1.030146
-0.045908
-0.081824
-0.325702
0.473622
-0.313872
-0.285935
-0.181499
-0.301932
0.197450
0.177017
0.219507
-0.230000
0.182242
-0.510172
-0.786241
0.301925
-0.548925
-0.644791
0.303173
-0.560492
0.149037
-1.367537
-0.634365
0.147671
0.099356
-0.453978
-0.041299
0.074994
-0.145678
0.611606
-0.225077
0.492897
-0.136615
-1.479938
-0.348285
-0.510633
-0.264488
-0.522756
-0.166038
-1.218416
0.131103
-0.108259
0.894207
0.703916
1.553750
1.016759
0.192112
1.241343
-0.635711
0.413935
-0.838728
0.651293
0.394109
0.732765
-0.233833
-0.052413
-0.334571
0.647409
-0.174497
0.293273
1.306998
-0.692593
0.056759
-0.107149
-0.391269
-1.169306
-0.802718
-0.312050
0.813974
0.324319
-0.253262
-0.466963
-2.003701
0.885329
-0.770826
-0.322121
-0.179027
0.478519
0.142361
-0.762892
-0.554792
-0.095260
-0.783299
0.727938
-0.576889
1.214106
-0.395501
0.416709
0.033425
1.040599
0.378698
-0.013180
0.473000
0.629031
0.050025
1.310029
-0.734258
-0.105902
-0.380984
-1.396319
0.807889
-0.784770
-0.042605
-0.065774
0.146872
0.053117
-0.245562
0.475475
0.541737
-0.165287
0.012301
0.082411
1.012081
-0.464735
-0.144566
0.656145
-0.797256
0.401852
-0.903998
-0.634415
-0.743219
0.071919
0.698055
-0.696909
-0.045311
-0.161156
0.163255
-0.046988
-1.125012
0.292391
-0.211940
0.685596
0.662828
-0.562468
-0.370678
0.622733
0.291048
0.205746
-0.301143
0.384829
-0.320837
0.172260
-0.344374
0.998949
-0.192502
-0.476247
-0.231249
-0.070551
0.030644
-0.868712
0.158839
1.016480
0.367492
-0.623946
-0.594421
-0.173157
0.333601
0.109315
-0.863700
0.308885
0.786851
0.693727
-0.625088
-1.084812
-1.346450
-0.216199
-0.137446
0.122665
-0.542390
0.953708
0.091432
-0.261768
-0.235478
0.818021
0.459242
0.271477
0.004712
0.352291
-0.129108
0.133018
0.432627
-0.309995
-0.425265
0.510432
0.474866
0.221627
-0.527150
0.981740
0.171345
0.833356
0.329485
0.824759
-0.202734
0.211632
0.479439
-0.014246
0.191769
-0.858530
-0.687131
1.156336
-0.440803
0.773828
0.030835
0.584278
0.398690
0.317490
-0.181446
-1.530524
-0.357525
0.941316
0.086423
0.082723
-0.256698
1.330437
0.020138
0.503647
-0.539547
0.524254
-0.331439
0.665779
0.625873
0.190837
-0.497210
0.146592
-0.078348
0.636701
-0.760845
-0.269146
-0.348112
0.264516
-0.357746
0.006773
-0.178934
0.203771
-0.711771
-0.171350
-0.855845
-0.042572
-0.069134
-0.835784
0.556653
0.363448
-0.028888
0.166294
0.416319
-0.425687
-0.191602
-0.136925
0.404315
0.543601
0.284807
-0.382907
-0.777319
0.398547
-0.544258
0.338190
1.027357
-0.852391
1.102734
-1.244030
-0.237979
-0.429243
0.829421
0.103190
0.226257
-0.062813
-0.213426
-0.382694
0.432546
-0.603659
1.124930
1.410592
-0.556751
0.098514
-0.068406
0.747492
0.012277
1.261543
0.612295
0.294713
1.096576
1.213778
-0.540275
-0.422595
0.884976
-0.109034
0.087325
-0.487548
-0.296502
0.263181
0.967699
-0.229558
0.876163
-0.012199
-0.216353
-0.340584
0.285865
0.599725
0.186106
0.840107
0.515128
0.200798
0.339001
0.348400
-0.090768
-1.065300
-0.578581
1.364886
0.811010
-0.723427
-1.525721
0.754239
0.087240
-0.033702
-0.652281
-1.032144
-0.772697
-0.055112
1.044116
0.493913
-0.211724
1.036882
-0.061460
-1.477816
0.249628
-0.337015
-1.981972
0.085739
-0.610958
-0.463784
-0.600996
-0.293469
0.280917
0.894982
-0.329335
-0.021837
-0.781978
0.306907
-0.326369
-0.105513
1.116335
-0.676647
0.360905
0.531372
-0.094234
-0.512765
-0.745212
0.898984
0.420438
1.315013
-0.293893
-1.057986
0.200040
0.200759
-0.459247
0.557853
0.711052
-0.457613
-0.409918
0.193888
-0.167061
1.506367
0.157095
0.988763
0.732565
-0.118818
-0.689281
-0.858329
1.050140
0.616196
0.033435
-0.403388
-0.084320
-0.665184
-0.098815
-0.363324
-0.502992
0.138408
-0.861231
0.587936
0.776429
-0.263298
-1.204485
-0.790166
-0.203546
0.482595
1.169664
0.301361
-0.156789
0.529301
0.055193
0.205837
0.181914
-1.057162
0.258017
0.121276
0.551027
-0.565222
-0.013760
-0.363261
0.812268
-1.119026
-0.125041
-0.569906
1.255761
-0.529826
0.796488
0.239797
-0.308589
-0.934295
1.407608
-0.352957
0.642893
-0.664874
0.289232
-0.097441
1.801379
-0.096001
-0.633280
-0.266406
0.263439
-1.349278
-0.438399
0.112749
-0.980590
-0.119227
0.801356
-0.632738
0.453944
0.056275
0.486539
0.618625
-0.355118
0.360043
0.420943
0.406246
1.184675
-0.697598
-0.281118
0.089951
0.896533
-0.197945
1.028614
-0.517669
0.772084
-0.492962
-0.180483
-0.603790
-0.750694
0.071709
0.133325
-0.176555
-1.337063
0.275817
-0.684438
0.949795
1.142895
-0.138936
-0.251105
0.331973
0.074719
-0.263168
0.355235
0.770103
-0.298688
1.129869
-0.254011
-1.158965
-0.599697
-0.028867
-0.021495
-1.115441
0.372894
-0.172539
0.348196
0.230147
-0.377631
0.480001
0.228790
2.230323
1.022115
0.475202
1.735058
-0.200658
-1.064894
-0.371829
0.291129
-0.863027
-0.727419
-0.588705
-0.802760
1.867949
-0.490044
-0.516786
1.411491
0.079957
0.018231
1.346462
-0.318672
-0.446229
-0.350613
-0.766012
-0.073844
0.503882
0.859847
-1.070396
-0.798093
0.359979
0.471499
0.546991
0.395927
-0.310544
-0.013517
1.005370
-0.352713
0.122452
-0.442889
1.345042
-0.330170
-1.441623
-0.355709
-0.159989
-0.779304
0.165376
-0.581657
-0.721887
0.090903
0.925201
0.057947
-0.109062
0.409952
-0.202400
-0.647651
-0.241347
-0.619346
0.421885
-0.881025
0.143666
-0.732844
-0.266490
-0.371459
-0.745858
-0.146832
0.176988
0.997273
0.189790
0.685202
0.327170
0.686608
-0.393435
1.536711
-0.536548
1.514977
-0.515078
0.158985
2.212700
0.027136
-0.638088
0.083588
-1.067495
0.494320
-0.079899
-0.241649
0.836770
0.621442
-0.625749
-0.402422
-0.025944
-0.487026
-0.421901
-1.007847
-0.320802
0.606195
-0.213416
0.259888
-0.107303
-1.157674
-0.645871
-0.484193
0.843641
0.446084
0.395091
0.430659
0.365205
-0.030286
-1.009561
-1.140882
-1.009404
-0.153785
1.502450
0.072404
0.514284
-0.216587
0.127943
0.013583
0.277383
0.573499
