-0.260226
0.502666
0.341480
0.174970
0.307741
1.634780
0.401237
0.288856
-1.355803
0.379610
-0.630968
-0.126460
-1.264293
0.754086
-0.603651
-0.768980
0.962595
-0.374490
0.535960
0.701098
0.136187
0.654798
-0.765404
-0.130771
0.146843
0.628384
0.609140
-0.360967
-0.027777
0.597443
0.290786
0.322482
-0.429373
-0.078307
-1.347870
1.158444
0.039617
-0.962125
0.515083
1.172083
0.529982
0.401984
1.346354
-0.137928
-1.104704
0.522323
-0.323311
0.539677
-3.085708
-0.682063
0.258408
-0.740297
1.110615
0.212937
1.052802
1.040152
-1.366949
-0.188662
0.079380
0.696365
0.282555
0.465213
-0.170066
0.866250
-1.191424
-1.689392
-0.393290
-1.445866
0.122092
-0.494890
1.073991
1.025349
-0.295346
0.209869
1.111459
0.059590
-1.073198
0.610792
0.331151
0.335887
0.175041
0.820620
-0.639955
-0.399507
-0.636715
0.257903
0.490559
-1.165697
0.029648
0.270692
1.173112
0.211222
-0.021912
0.103558
-2.263228
-0.838482
-0.406337
-0.463021
1.299012
-0.155496
0.279877
0.307317
0.117251
-0.619643
0.903293
-0.148996
0.094481
-0.833870
0.436741
-0.444465
-0.045752
-0.635998
-0.332249
-1.751992
-0.858029
0.404506
0.598573
0.631211
0.222753
0.958965
0.344679
0.255257
-0.181237
-1.082738
0.204664
0.126211
-0.212210
-0.612679
0.824776
-0.450938
-0.848736
-0.698962
-0.427731
-0.150852
-0.403083
0.538059
0.189751
-0.263211
-0.548666
-0.112517
1.245618
-0.138207
-0.092377
1.319389
-0.302142
-1.258813
-0.363595
0.158824
0.626975
-0.163865
0.260582
-0.452255
-0.310376
0.354512
-0.424197
0.852338
-0.461595
0.648792
1.998420
-0.535021
-1.167254
-0.305087
0.578389
-1.368126
1.394200
0.532675
0.633173
0.869478
0.022448
-0.491485
-0.614683
0.818463
-0.363773
-0.523687
-0.511314
-0.950695
0.591312
-1.024821
0.630964
0.023598
0.648995
0.356173
0.374741
-0.525158
-0.293574
0.099004
-0.015615
-0.738119
-0.604998
0.183486
0.184422
0.312994
0.094675
-0.482025
-0.050195
0.047284
0.926685
0.568501
0.740271
-0.038282
0.497873
-0.659710
-0.118614
0.522879
-0.358754
0.359313
0.376000
0.418700
0.062146
-0.511861
-1.286825
-0.500071
-0.041807
1.575238
0.467580
0.611551
-0.980292
-0.260496
0.619752
-0.733355
-0.237348
-0.482244
-0.986200
0.143696
-0.264347
0.732131
-0.105554
0.669811
0.875384
0.838760
0.390370
0.624365
-0.724786
0.792269
-0.758675
0.172262
0.300775
0.063092
0.091674
0.147365
0.298988
-0.006616
-0.438390
0.022083
1.195393
-1.124474
-0.905136
0.209119
0.140485
-0.223031
-1.121471
-0.203049
-0.054107
-0.417092
0.883201
-0.959335
-0.509704
-0.155324
0.781051
0.103551
0.550114
0.373799
0.374519
0.242109
1.009092
0.622195
0.427732
-0.822957
-0.620548
0.096853
-2.380405
-0.138796
-0.069329
0.535869
0.177039
0.517081
-0.317869
-1.052112
0.573442
0.567188
-1.884150
-0.409417
-1.097985
0.641900
0.226472
-0.687637
0.217989
-0.831028
0.466206
-1.002233
-0.705573
-0.012572
0.167639
1.009851
-1.431627
0.044732
-0.197409
0.195992
-0.843346
-0.915619
-0.084058
1.043219
0.097747
-0.433564
-0.949859
-0.734449
0.097999
0.396249
-0.775688
-0.539475
-0.299464
0.653850
0.570472
-0.344289
0.417048
-0.179933
0.316506
-0.313731
-0.001464
0.092270
-0.648929
0.241589
1.792788
0.143550
-0.206801
-0.613456
0.028748
0.036610
0.176402
-0.762043
0.088825
-0.173410
-0.553466
-0.991192
0.257266
-0.308117
0.090964
-0.076057
0.178622
-0.142793
0.245582
0.608834
0.754240
-0.042835
0.553397
0.530572
0.858609
0.038842
0.409042
0.883222
-0.790258
-0.019654
-0.805046
-0.809040
0.048114
0.479060
0.134069
-1.291961
0.493825
-0.291500
1.190428
-0.018288
0.275152
-0.523793
0.998945
-0.687500
-0.466373
0.127579
0.290832
-1.038482
0.854156
-0.596267
1.051434
-0.242788
-0.157298
0.699114
1.121753
-0.189463
-1.415933
0.158208
0.433933
-0.202543
-0.654265
-0.744227
0.603964
0.065067
0.267007
-1.570772
0.269603
0.359967
-0.941932
0.299972
0.806128
-1.859394
-0.563584
0.649429
0.002052
-0.951466
-0.204455
-0.019165
0.161869
-0.077251
-1.954945
-0.032092
0.171463
0.035756
-0.102419
-0.515906
-0.936318
0.184197
-0.988453
0.721848
-0.024758
-0.820707
0.092339
0.205467
-0.632139
0.203352
0.600410
0.217772
0.229420
0.465855
-0.206627
-0.149203
0.544928
0.291667
-0.305553
1.223532
-0.976806
0.765032
-0.956810
-0.351426
0.100834
0.835695
0.167277
-0.304917
0.049772
-1.091913
-0.289095
0.621670
-0.088456
0.912538
1.015658
0.078886
-0.782676
0.160529
-0.354003
1.301208
1.185757
-0.322621
0.590094
0.391915
1.267384
0.131542
-0.857777
0.434300
0.487727
0.472871
-0.467965
-0.699762
1.232994
1.720745
-0.350493
2.011118
-1.465080
-0.669414
0.080631
-0.209660
0.755148
-0.472055
0.615841
0.543753
1.447929
0.579671
-0.402700
0.118990
-0.592504
0.967819
-0.157061
0.413262
-0.963669
-0.797478
0.896835
-0.017854
-0.029444
-0.451375
-0.470420
-2.651729
-0.321903
1.594155
0.007163
-0.676854
0.648624
-0.404690
-1.044089
-0.005717
-0.630755
-1.072413
-0.597805
-0.911863
1.282756
-0.759870
-0.418918
0.525484
1.149579
0.368931
-0.034418
0.147053
-0.587808
0.131166
0.293932
1.035642
-0.509213
0.180025
1.420564
-0.302982
-0.388128
0.022159
0.402223
1.305634
1.733926
0.107594
0.035065
0.120863
0.364002
-1.172308
0.049584
0.043549
0.124625
0.160937
0.438816
-0.218605
0.501307
0.023344
0.754259
0.579081
0.088942
-0.689550
-0.633734
0.605410
1.527483
0.447934
-0.070336
0.613101
-1.095685
0.745202
0.069806
0.434244
-0.486259
-0.368558
-0.550919
0.814897
0.733587
-0.214876
-0.706318
-0.198953
0.577527
0.569532
-1.195761
0.698646
0.080944
-0.211353
-0.152903
0.306105
-0.515882
0.049105
-0.220736
-0.338848
-0.682269
-0.242288
-0.825009
1.945765
-1.540654
-1.048422
-0.721472
0.081440
0.189004
0.916114
-0.926266
0.059976
-0.594851
0.352993
-0.963547
-0.771068
-0.934511
0.151090
1.066866
1.537564
-0.131940
0.361550
-0.110705
0.225596
-1.298046
-1.000983
0.413053
-0.601931
0.068202
-0.445487
-0.523097
-0.294957
0.022060
-0.338846
-0.979488
0.613837
0.197941
0.502015
-0.461739
0.677313
-0.483446
-0.323808
0.010043
0.894296
0.196590
0.491551
-0.426595
1.135733
-0.035572
0.195101
-0.665002
-0.212669
-0.041854
0.192086
-0.332776
-0.552386
0.024687
0.697209
0.464639
0.957911
-0.183478
-0.049561
0.336092
-0.284643
-0.810116
-0.342958
1.321133
1.433434
0.653465
-0.122908
-1.280384
-0.694909
1.687701
-1.144379
-1.399677
-0.239859
-0.009126
0.172386
-0.467963
-0.187187
-0.021430
1.057396
1.609341
1.159885
0.266177
-0.428891
-1.565470
-0.941239
0.490218
0.169102
-0.677387
-0.780745
-0.606079
-0.011863
0.937884
0.716286
-1.103438
0.425008
0.477041
0.717593
0.334842
-0.262312
-0.305311
-0.565747
0.012703
-0.124659
0.856569
0.383492
0.871593
-0.773393
-0.335671
0.772236
0.507398
0.394051
0.378444
0.566136
1.100214
0.628087
-0.753749
-0.987799
-0.197574
1.041732
-1.222677
-0.136122
-1.137986
-0.249547
0.351916
1.011002
-1.901441
0.397328
0.721065
0.027504
-0.141543
1.637710
-0.253119
-0.613722
-0.171576
-0.391426
-0.334392
-1.022556
-0.161762
0.421912
0.322882
-0.558216
0.292730
0.442320
-0.659635
0.165211
-0.340082
0.757716
1.304943
-0.158769
-1.643364
0.288881
-1.109540
0.824998
-0.102427
0.048693
1.539123
-0.173248
-0.155570
-0.894642
0.693812
0.660096
0.040660
-0.134419
-0.108980
0.347565
-0.729601
-0.581591
0.058149
-0.636929
0.229799
-0.532157
0.197129
0.461221
0.028102
-0.377260
-0.493283
-0.902516
-0.113649
-0.319496
-0.080516
0.190902
-0.263690
0.327148
-0.809933
0.312389
-0.131178
0.715470
-0.070309
0.010541
1.989968
-0.759777
-0.053990
0.296044
-0.111383
0.188466
0.230863
-1.220159
