-0.955612
-0.963318
0.685046
0.666201
-1.836339
-0.816551
0.092135
-0.540613
-1.362123
-0.418889
0.416656
0.672034
-1.022093
0.821150
0.151643
0.300948
0.799824
0.056480
0.413413
-1.851571
-0.138415
-0.485043
-1.355417
1.100950
-0.387140
-0.079900
0.842503
-0.229607
-1.297608
-0.435618
-0.143446
-0.082089
0.129634
-0.078125
-1.273189
-0.239150
0.353488
0.795831
-0.087022
0.297480
-0.447608
0.128507
-0.910585
-0.363258
-2.015994
-0.792088
0.412389
-0.008986
-0.713946
0.401441
0.658398
0.882613
-0.555964
-0.372821
0.413325
0.256660
-1.480605
-0.914120
0.887970
-1.062594
0.287605
0.183267
-0.141845
0.986154
0.399299
-0.098815
0.631645
0.446011
1.274009
-1.373656
-0.082539
-0.808546
-1.855508
-0.340133
0.799490
-0.405381
0.564578
0.765416
0.829648
0.938369
-1.149936
0.312301
-0.506638
0.089191
0.143999
-0.093500
0.451584
0.349547
0.964970
-0.072587
0.503551
1.313696
0.050670
1.100817
0.384737
-0.883948
1.015855
1.215229
1.435201
0.097003
1.317435
-0.042965
0.298928
-0.970288
0.892300
-0.598670
-0.318987
-0.064850
-0.185247
0.258868
-0.794517
-0.292099
0.199262
0.249796
-0.548867
-0.156932
-0.392073
-1.451500
-0.805332
0.120237
-0.595205
-0.267708
-0.143693
0.548798
1.361901
-0.349978
-0.751475
-0.422247
-0.120934
-1.089040
-0.576823
-0.458044
0.124956
-0.135234
-0.721684
-0.465264
1.249315
0.640317
1.085732
-0.424641
0.348642
-0.254387
0.362050
-1.066868
0.215882
1.613180
-0.070759
0.146728
-1.203702
-1.592165
-0.179334
-0.454770
-0.459509
0.224915
0.031740
-1.066727
0.166944
-0.387795
1.056379
-1.578172
1.218713
0.713521
-0.803859
0.652991
0.527359
-0.767172
0.731867
0.137671
-1.718500
0.313124
-0.320023
-1.012720
0.367367
1.736672
-0.630380
0.880504
-0.375472
1.632146
0.286657
1.273515
0.426308
-1.098723
-0.609649
-0.413340
-0.533454
-0.363213
-0.260061
-0.046726
-0.950449
0.334865
-1.309062
0.938008
-0.865290
0.621867
-0.220352
0.260775
-0.695220
-0.550966
0.255916
0.580829
-0.425711
0.316000
-1.145168
-0.322114
-0.695759
0.191657
0.043115
0.380307
-0.013396
-0.136117
-0.129781
0.516045
0.879535
0.028207
-0.561408
-0.530500
0.298221
-0.295993
0.488667
1.357895
-0.239741
-0.243286
-1.072116
0.516586
0.355679
-0.279794
0.785157
-0.910410
-0.105206
-0.001603
-0.297421
0.267678
-1.103313
1.852717
-0.385561
0.398443
-0.353932
-0.062282
-1.291891
0.197958
-0.202747
-1.830863
0.685397
0.241419
0.610693
-0.138003
0.801317
0.551999
0.435817
1.006148
-0.337117
-0.390388
-0.401912
-0.166248
0.049707
-0.514873
0.241694
0.233035
0.036865
0.083092
0.263345
0.673456
-0.737703
0.111110
-0.937125
-0.654261
0.200817
0.211095
-0.452330
0.326337
-1.781899
0.393452
-0.854922
0.803418
-1.272612
-0.393074
-0.404041
1.363169
0.112748
0.517403
0.531606
-0.252715
1.944071
-1.883356
0.718653
0.743495
0.229805
-0.991504
1.548482
0.649616
-0.511432
-1.642804
0.122477
0.047236
0.505702
0.103451
0.652929
0.342911
0.331704
-0.797336
0.191436
0.059101
-0.947532
0.825707
-0.192296
1.212591
0.683252
0.157022
0.209473
0.267497
0.777624
-0.008245
-0.134095
0.577119
-0.769324
0.076377
-0.775231
0.743346
-0.014401
0.069331
-0.398699
-0.225003
0.821259
0.321324
-0.034651
-0.158694
0.027467
-0.246384
0.145333
-0.094343
0.683070
-0.166457
0.215527
-0.004229
-0.204726
0.819093
-0.208816
0.235464
0.401150
0.745203
0.571591
0.469981
0.482151
0.118892
0.094281
-0.818369
-0.211065
-0.420008
-0.697858
-0.161331
0.096220
1.049989
-0.723849
0.232289
0.622767
-0.117139
0.152347
0.477306
1.268515
0.232198
-0.105882
-0.535215
-0.008717
-1.405611
0.138971
0.807110
0.403789
0.675105
1.202984
0.249789
0.125378
-0.118345
-1.580403
1.397384
-0.126153
0.002264
-0.453356
1.216686
0.353376
-0.799925
-0.076989
0.819176
-0.139115
0.419879
-1.398667
-0.247274
-1.045767
-0.369396
-0.322277
0.678655
-0.953761
-0.969895
0.016210
0.055998
-0.257686
0.121483
0.689169
-2.068050
0.400903
-1.380586
0.693645
0.308171
0.896589
-0.601801
0.722772
-0.323262
-0.085968
1.209132
0.054619
0.035444
0.966706
0.327136
-0.599303
-0.828473
-0.685240
1.073195
-0.144940
1.374670
-0.014532
-0.434553
0.600230
0.444916
0.195923
0.328503
-0.604626
0.108642
0.034885
0.041102
-1.090817
1.146590
1.063763
0.548761
1.415145
0.350834
0.138620
0.590067
-0.048275
0.590723
-0.123015
0.309041
0.952730
0.864245
-1.404747
0.156697
-1.233093
-0.001957
0.301656
-0.321520
-0.950548
0.898531
0.171892
-0.731453
0.243028
-0.455321
0.274260
0.038328
-0.541644
0.677241
0.023035
1.551932
0.556757
1.581007
-0.960207
1.013732
0.752349
-0.317125
-0.833704
-0.431259
-0.351655
-0.539400
0.244517
0.011547
0.583154
-0.158675
1.004403
0.527237
-0.344256
0.112602
0.100676
-0.847571
-0.186742
-0.399595
-0.111862
0.337540
0.772202
-1.107647
-0.279538
-0.449820
0.158313
-0.427902
-0.811320
-0.733096
-1.044837
0.229001
0.906811
0.083355
0.062171
-0.316845
0.197813
0.630271
-0.143636
-0.006965
-0.650853
0.544994
0.386878
0.922321
-0.204740
-0.695770
0.673820
0.165264
0.331843
-1.044886
-0.087400
0.447774
-0.592199
0.581261
0.847129
-0.572506
0.376227
-0.304550
-1.093226
-0.491183
-0.287854
-1.392250
0.316586
-0.040553
0.023174
0.297274
1.039304
0.230066
-0.224435
-0.040524
-0.560071
-0.116436
-0.270255
-0.422753
0.459389
0.448310
-0.668797
0.540185
0.087099
-0.077771
0.137954
-0.661233
0.334638
0.433641
0.094399
0.846986
0.329988
-0.834910
-0.590061
0.274135
-0.956114
-0.923055
-0.002678
-1.774645
0.853699
0.608249
-0.678453
-0.060049
0.216368
0.800224
-1.492994
0.917016
1.095451
0.919064
0.164156
-1.024952
0.162823
0.697773
-0.129599
2.929137
-0.307892
-0.406592
0.229108
-0.540668
0.071714
0.787086
0.681003
0.253062
0.559684
0.023155
0.338355
-0.252420
-0.089445
-0.157942
-0.502110
0.559716
-0.086481
0.175547
-0.067694
1.076268
0.845813
-0.860052
2.385163
-0.228418
-0.049345
-1.099633
0.836598
0.557134
-0.005338
-0.266512
-0.128061
0.582269
-0.785295
0.241769
0.207512
1.010679
-1.022893
-0.342050
-0.189000
-0.486431
-1.511738
0.631177
0.265608
-0.465109
-0.198686
0.072003
0.545490
-0.761134
0.369892
0.847453
0.850615
-0.799199
0.323567
-0.273694
-1.531631
0.599069
-0.392632
0.445679
-0.773871
-0.424237
-0.544491
0.337342
-0.321685
1.631523
-1.707008
0.229268
0.874717
-0.407292
0.748183
0.234103
0.562369
-0.398344
0.282580
0.306626
-0.626314
-0.499110
0.492435
-1.126570
-1.038005
-0.187315
0.138460
-0.110031
0.617828
0.752362
1.062976
-0.121681
-0.505517
-0.307064
-0.277804
-0.470294
0.891698
0.032578
0.192300
-0.111938
-0.368555
0.231217
-0.157661
0.028652
-0.041848
-0.271189
-0.242736
-0.128039
-1.032334
0.523081
-0.187671
-0.931376
1.050347
-1.356880
0.036487
0.106080
-0.896871
-0.480579
0.517354
-1.528050
-0.788868
0.172062
0.186998
-0.337117
1.625822
1.179247
-0.548525
0.200464
-0.161252
0.189173
0.954716
0.179432
-0.180798
-0.273762
-0.198247
1.445984
-0.338917
-0.585734
-0.848252
0.030814
-0.583873
-1.342525
-0.258699
0.795374
0.420929
-0.141911
-1.371318
0.102967
0.430446
-0.094574
-0.009079
0.327502
0.565330
1.436722
-0.188892
-0.255379
0.023395
-0.107164
0.495829
1.351972
0.401216
0.271758
-1.352034
0.108005
1.081394
0.093383
-0.522061
-0.149679
-0.102052
-0.028143
0.522303
0.195422
-0.314063
1.260919
0.012138
0.397390
-0.307986
0.168439
1.090688
-0.664441
0.240750
-0.012606
-1.286284
1.028783
0.895264
-0.662262
0.565599
-1.288175
0.435167
-0.815740
0.134225
-0.328471
0.120814
0.400822
-0.292680
-0.927358
0.540402
-1.461974
-0.303275
-0.088814
0.479588
-1.872893
