0.803464
0.373363
0.196394
0.383184
0.127023
0.706432
-0.267186
0.711582
-0.549042
0.557811
0.603562
-0.538340
0.137724
-0.191178
-0.038663
0.034423
-0.043053
-0.031693
0.016956
0.112123
-0.266952
0.682572
0.019546
-0.146226
-0.222136
-0.150840
-0.140693
-0.252548
0.000785
-0.005480
-0.097265
-0.411278
-0.071319
0.621252
0.107237
1.163997
-0.016523
-0.431380
-0.103307
0.570867
0.038434
-0.885886
0.176106
0.329950
-0.376988
-0.031077
0.002755
-0.072859
0.933875
-0.450924
0.783398
-0.202424
0.365906
0.278516
-0.061762
-0.887616
0.384156
-0.510620
0.280311
0.023563
-0.064790
-0.281156
0.029982
-0.336688
-0.629051
-0.679435
-0.268100
-0.049971
0.143433
-0.149169
-0.638503
-0.280380
-0.936075
-0.277892
0.329897
1.139089
-0.654109
-0.042334
0.716234
-0.474926
0.048200
0.073641
-0.279608
0.149376
-0.029796
0.177748
0.207072
-0.452120
0.441984
0.892517
0.405602
-0.007212
0.317527
0.302065
-0.040069
-1.726596
0.116468
-0.955927
-0.422858
-0.405008
-0.394200
-1.184321
0.109994
-0.209384
0.165945
-1.133830
0.307714
0.016777
0.657807
-1.209022
-0.111354
-0.153942
0.143653
-0.179946
-0.229346
0.869700
0.141936
-0.388820
0.372042
0.089946
0.174265
-0.364078
0.058416
-0.262084
-0.220963
0.077398
0.733580
-0.068609
0.299213
-0.414445
-0.328725
0.996423
-0.790384
0.027574
-0.601143
0.017312
-0.387250
0.035701
-0.314198
-0.099937
0.090249
-0.126474
0.319540
0.180988
-0.670881
0.376512
0.048634
-0.077469
0.338014
0.559483
-1.367355
0.051160
-0.568016
-0.546484
0.109071
0.670680
-0.245850
0.639461
-0.399772
0.187553
0.200338
-0.037339
0.848761
-0.473501
0.488959
0.331709
0.570604
0.061520
0.630585
0.562762
0.176991
0.124113
-0.203105
-0.819597
0.098156
0.587612
-0.123314
0.442796
-0.477161
-0.531533
-0.145684
0.242670
-0.089032
-0.530801
-0.605066
-0.708142
-0.251753
-1.388812
-0.543327
-0.391035
-0.492250
-0.444339
-0.867836
-0.276265
0.201040
0.321651
0.043366
1.233406
0.569670
-0.471308
0.523489
-0.493146
0.637217
-0.173400
-0.132963
0.373379
-0.503964
-0.296217
0.447735
0.146162
-0.929291
-0.039485
0.564251
0.360069
0.684944
0.471454
0.569628
0.295344
0.764867
0.025254
0.400048
0.799910
0.159940
0.018045
-0.407150
-0.660508
-0.439205
0.113215
0.694040
0.374603
0.473060
0.761114
-0.559976
0.930282
0.110158
-0.907275
-0.531558
-0.088614
-0.507016
0.241153
0.317847
-0.463595
0.805158
-0.605444
-0.837143
-0.981092
0.475467
0.287239
0.168228
-0.113543
-0.717940
0.350914
0.630172
-0.323037
0.564341
-0.274693
-0.134852
0.098976
0.324380
-0.018174
0.311043
0.240822
-0.454930
0.252353
1.059531
-0.565499
0.452561
-1.173774
0.145539
-0.311464
-0.735101
0.296267
0.457245
-0.854637
0.228785
0.456228
-1.004455
0.118417
-0.211846
-0.081840
-0.198010
1.042546
-0.293190
0.125477
-0.883193
0.086030
-0.396699
0.081810
0.068881
-0.888055
0.357008
-0.485770
-0.067677
0.039752
-0.468949
0.060664
-0.127646
0.527235
-0.186445
-0.544579
-0.699220
-0.536560
0.198279
0.075981
-0.422632
0.396071
-0.554228
0.297607
-0.975637
-0.886121
0.381335
-0.044282
0.417771
0.604387
0.676746
-0.467647
0.276440
0.159334
0.715922
-0.011499
-0.200767
0.521496
0.019271
-0.076782
-0.607894
0.380453
-0.066805
0.050571
-0.019648
0.054178
0.377815
0.268765
-0.471444
-0.482732
0.057768
-1.351857
-0.795455
-0.028076
0.508009
1.028870
0.898019
0.706120
0.592553
-0.242708
0.510016
0.254364
-0.017507
0.437721
-0.140344
0.289403
0.703525
-0.352489
-0.311431
-0.377347
0.172866
0.308764
0.062223
-0.160057
-0.058949
0.487650
0.330390
0.352269
-0.429290
-0.006603
0.177085
-0.234493
-0.302351
0.340432
-0.365509
-0.497535
0.384313
-0.357920
0.213683
-0.343363
-0.547327
-0.521112
0.528703
0.753956
-0.613676
-0.431434
0.199017
-0.197040
-0.267022
0.031377
0.091440
-0.194671
-0.273923
0.275273
0.350667
-0.959796
0.371685
0.198681
-0.112777
-0.346450
0.403012
0.290071
0.141940
-0.303437
0.129245
0.802582
-0.313450
-0.641539
-0.145801
0.359074
0.062841
0.026896
0.682251
-0.420166
-0.107692
0.438826
0.448851
0.026683
-1.244731
0.247091
0.370199
-0.310130
0.097266
-0.396733
1.001661
-0.021450
-0.014311
-0.079542
0.019080
-0.562266
0.086550
-0.928212
0.106894
0.408002
-0.248097
0.788061
-0.587832
-0.441447
0.072417
0.383441
-0.053575
-0.233117
0.312120
-0.058835
-0.189902
0.852123
0.100333
0.677898
0.124989
0.004769
0.778268
-0.145980
0.642924
0.423447
0.687917
0.616554
0.840897
-0.247749
0.659390
0.226189
-0.670932
0.147418
0.281811
0.151262
-0.165529
-0.097955
-0.339248
0.190774
-0.170011
0.009945
-0.378344
0.510692
0.430250
0.332676
0.069881
0.278055
0.592899
-0.056329
-0.003429
0.278596
0.208244
-1.658576
-0.457521
0.375424
0.451062
0.701416
-1.069945
-0.634913
0.167657
-0.053916
-0.319526
-0.755948
0.070831
-1.139879
-1.083833
0.820601
-0.244522
-0.373030
-0.007476
-0.852528
-0.185587
-0.214879
0.220165
0.122906
-0.216391
-0.099273
0.819509
-0.272392
0.124494
-0.167773
-0.725396
-0.100477
0.029925
0.575331
0.115967
-0.403425
0.164460
-0.449038
-1.015278
-0.095744
-0.449698
0.172886
-0.373180
-0.827608
-0.402239
0.226899
0.495858
-0.688850
-0.038432
0.498950
0.333644
-0.106346
-0.131327
-0.330915
0.331036
-1.028780
-0.014944
-0.263084
0.630135
0.562596
-0.005119
0.391222
-0.074573
0.066679
0.459935
0.562990
-0.229840
0.516057
0.018503
0.540212
-0.416407
0.745995
-0.747328
0.208323
0.372693
0.425014
-0.243251
0.095044
-0.409777
-0.349913
-0.880893
0.077712
0.493465
0.143926
-0.413836
0.336996
-0.883963
-0.231582
-0.466308
0.065574
0.361781
-0.100349
-0.185729
-0.354782
-0.192942
-0.150506
0.369903
-0.363421
-1.106580
0.329192
-0.209036
0.563268
-0.835469
0.412859
0.362138
-0.412076
-0.967555
0.910803
-0.451375
0.037854
-0.705944
-0.299209
0.754987
0.785994
-0.611277
0.188644
-0.822683
0.153427
-0.246712
-0.086287
0.630070
-0.705201
0.515842
1.227119
-0.709058
0.551610
0.152736
0.295617
-0.524634
-0.468677
-0.071879
-0.187520
0.210180
0.816614
-0.830051
-0.295538
-0.074541
0.343569
0.216925
0.823793
-0.292314
0.125434
-0.144096
0.291110
-0.791434
0.024721
0.162715
-0.416264
-0.203148
0.860167
-0.108223
0.405727
0.915532
0.653171
-0.529056
0.487830
0.307354
-0.297508
-0.463981
0.027997
-0.529837
-0.225781
-0.056126
-0.124426
0.245887
0.531337
1.078709
-0.668641
-0.144683
-0.191995
-0.201597
0.030067
-0.359596
0.658398
-0.172086
0.143217
0.828396
-0.278648
0.234770
-0.590313
0.464765
-0.642747
0.404379
0.198209
0.377828
-0.370366
-0.411342
-0.008217
-0.435181
-0.626841
-0.196660
1.080333
-0.101818
0.452380
0.267041
0.226259
0.298825
0.582289
-0.610767
0.070134
0.487943
0.569406
-0.485099
-0.410269
-0.499528
0.468506
-0.649801
0.564581
-0.571078
0.052777
0.206458
0.460334
-0.201447
-0.266905
0.528250
0.564808
-1.200320
1.023479
-0.998850
0.423527
0.129784
-0.495972
0.721031
0.389702
1.018370
-0.102798
0.140133
-0.031071
-0.061441
-0.543381
1.306042
-1.217639
0.533088
-0.784885
-0.672598
0.176491
0.761024
-0.302039
-0.567798
0.771756
1.271327
0.671390
-0.196291
0.552375
-0.714959
1.209626
-0.968974
0.370321
0.204945
0.695106
0.179168
-0.722231
0.252024
-0.066231
-0.410059
0.638344
-0.474969
0.470844
0.173813
-0.897239
-0.133672
-0.611276
-0.563606
-0.591119
-0.272375
0.152580
-0.648047
0.395533
-0.517839
0.436057
-0.732866
0.696592
-1.227359
-0.408545
-0.041925
0.774332
0.326604
0.327569
0.003566
0.145360
-0.401245
-0.959694
-0.961930
-0.960860
-0.233326
0.104008
0.559553
0.575174
0.369021
-0.168239
0.325610
0.047094
0.321022
-0.017423
