-0.680287
0.514252
0.975884
1.114711
-0.908911
0.263182
0.055332
-0.528131
0.427773
0.176525
-0.676568
0.683910
-0.358126
-0.156140
-0.288059
0.364578
-0.117074
-0.003259
-0.319582
-0.559622
0.373635
-0.374581
-0.568429
0.772896
-0.303671
-0.323810
0.573275
0.320922
0.242192
-0.799289
-0.057300
-0.517246
-0.286177
-0.018897
1.007801
0.219829
-1.114229
0.395509
0.409986
-0.718495
-1.138437
-0.140791
-0.193742
-0.227259
-0.256120
-0.156540
0.527404
-1.086544
-0.376495
0.040793
-0.156303
0.314960
-1.095878
0.680495
-0.685104
0.454081
0.264399
-1.074088
0.974037
-0.238505
-0.323708
0.311396
0.061777
0.444954
0.153611
-0.830319
-0.793033
-0.015544
-0.277470
-0.365624
0.078314
0.748575
0.836067
0.241398
-0.029078
0.153327
0.032245
0.088691
-0.231679
-0.465444
0.232007
0.735213
-0.761697
0.087741
-0.861969
0.223011
-1.086340
0.347777
-0.472916
0.169196
-0.670502
-0.601298
0.439770
0.007880
-0.561824
-0.394735
0.069868
0.009057
0.074487
0.873442
0.128160
-0.230877
-0.287510
0.276439
-0.933365
-0.008969
-0.038655
0.769222
0.132485
-0.024520
0.299208
-0.864498
-0.641946
0.534802
-1.287414
0.789958
-1.244364
-0.072466
-0.657975
-0.454476
-0.219038
1.272020
0.025641
0.425342
-0.447577
-0.502150
-0.297654
-0.067761
-0.218391
0.132498
-0.396389
-0.426562
-0.132979
0.023304
-0.540156
-0.162479
0.357760
-0.012070
-0.167594
-0.091826
0.916084
0.768078
-0.381167
-0.367509
0.989086
-0.980164
-0.038930
-0.014561
-1.082359
-0.111652
0.263021
-0.011525
-0.667703
-0.479422
-0.411773
0.763596
1.023575
-0.562343
0.918765
0.314462
-1.195572
0.840997
0.310960
1.055400
-0.581158
-0.599582
0.054791
0.771209
-0.848845
-0.217008
-0.822960
-0.190681
0.731709
0.393156
-0.160278
0.551832
0.631556
-0.695671
-0.137506
0.962561
0.995376
0.037928
-0.546480
0.513681
-0.398461
0.382881
-0.185443
0.103956
-0.009803
-0.354742
0.263520
0.535695
0.736438
0.144793
-0.058810
-0.076964
-0.515829
-0.702180
0.847170
-0.245124
0.399352
-0.172588
-1.177202
-0.554930
-0.513733
-0.317362
0.514074
0.008842
1.084242
0.268464
0.766500
0.004031
1.184333
0.827797
-0.552933
0.858636
0.445710
-0.007909
1.001277
-0.484333
0.182978
-0.353013
1.010344
-1.412731
-0.059058
-0.460718
-0.869574
0.374817
-0.443042
0.065627
-0.196833
-0.035631
-0.439395
0.332819
0.790163
0.188565
-0.440340
0.271503
-0.082533
0.397619
0.025961
0.082027
-0.294258
0.282575
1.352360
0.425313
-0.152137
0.410067
0.657824
0.300437
-0.587011
-0.094902
0.714363
-0.666545
0.546319
-0.570390
-0.272492
0.399501
-0.395520
-0.040413
0.215813
-0.123040
0.542488
0.288945
0.824514
0.648217
1.111002
-0.667979
0.172798
-0.449045
-0.771899
-0.386218
-0.521847
-0.924234
-0.984710
0.078383
0.672641
-0.971192
0.588724
-0.266451
0.536410
0.805080
-0.337576
-0.258927
0.122068
0.085580
0.545585
0.701751
-0.882562
0.049439
-0.059553
0.084226
-0.047227
0.221640
0.063627
-0.593538
-0.396098
0.166570
0.824628
-0.260329
0.191382
-0.015851
0.565459
-0.416384
0.034416
-0.243259
-1.672141
-0.094791
0.073929
-0.421463
1.093657
0.355690
0.520661
-0.139056
-0.549102
-0.150645
0.092845
0.413395
0.333103
-0.042266
-0.350263
0.115898
0.333679
0.372874
0.219947
0.145841
0.828624
-0.525672
-0.037668
0.638088
0.731544
0.007142
0.287792
0.440128
-0.750399
-0.431582
0.109366
-0.493369
0.391016
-0.484206
0.479677
0.165303
0.185427
-0.190892
-1.131214
-0.059248
0.655922
0.395339
-0.665154
0.421382
-0.455795
-0.199276
0.247253
0.240382
-0.351857
-0.706639
0.276320
-0.839818
-0.029147
-0.016502
-0.486421
-0.099231
-0.712520
0.104194
-0.901388
0.066270
-0.775449
-0.606878
1.749316
0.014312
0.093506
0.212841
0.226342
-0.219774
0.299227
0.799411
0.159866
-0.548889
0.363090
-0.235554
-0.992168
-0.916490
0.171944
-0.629720
-0.918321
0.664855
0.199668
-0.519649
-0.028969
-0.127278
0.599310
0.349258
0.067235
-0.618768
-0.646933
-0.598385
-0.340542
0.016481
-0.175327
0.395179
0.430264
0.272527
-0.280267
-0.190534
0.278320
0.281280
-0.203834
0.566989
-0.379621
0.186573
-0.565484
-0.308995
-0.648131
-0.223615
-0.455293
-0.082460
0.247404
0.226253
-0.355372
-0.033388
0.044476
-0.385620
0.010243
-0.602689
0.219499
0.546008
0.241527
1.505659
0.818785
0.272259
-0.366030
0.532907
-0.682856
0.113016
0.000317
-0.384287
-0.060177
-1.041724
0.147670
-0.156851
-0.165605
0.408292
0.170109
-0.740717
-0.053672
-0.601073
0.970555
0.343346
-0.375845
0.146710
0.331099
0.613891
0.947584
-0.667391
-0.849163
0.120459
-0.763494
-0.067233
-0.659207
0.731867
-0.911635
0.352996
-0.420788
0.546924
-0.579427
-0.152163
-0.238820
0.330102
0.397963
0.068309
-0.400939
-0.285740
0.492509
0.622046
0.752712
0.709082
0.707031
-0.152516
0.618144
0.129385
-0.898205
-0.667979
0.185631
0.578389
0.608172
-0.506853
0.448690
0.234963
1.091973
0.139259
0.414798
-0.399926
0.082602
-0.648997
-0.254731
0.046277
0.220864
-0.969026
1.626328
-0.155693
-0.171473
-0.212306
-0.179595
-0.445563
-0.341805
-0.391137
-0.151515
-0.797793
-0.275359
-0.185424
-0.076146
0.870491
0.562439
-0.015252
0.289602
-0.371473
0.592717
-1.016683
0.002110
0.010078
0.924664
-0.208368
0.450295
0.065026
-0.193211
-0.287784
0.479460
0.104236
0.139287
0.496444
-0.816426
-0.912840
0.928370
-0.138782
0.121033
-0.095931
-0.077403
1.122566
0.364828
0.757743
0.187846
-0.432465
-0.147173
0.058510
-0.303643
0.520326
0.403295
1.442008
-0.599320
-0.722403
0.245402
-0.209996
0.056222
-0.090528
-0.030162
0.933243
0.973398
0.210632
0.032498
0.781169
0.698006
0.504791
-0.098487
-0.135644
-0.734732
0.181748
-0.721222
0.000564
-0.797290
0.761946
0.121637
-0.433288
-0.373628
0.586883
0.346122
0.261634
0.750415
-0.278189
0.574474
-0.097890
-0.260619
0.077969
0.516392
0.040736
-1.320602
-0.082663
-0.669106
0.624346
0.043680
0.421554
0.122037
-0.683329
0.262417
-0.676825
0.132770
0.101803
0.269073
0.210004
-0.544195
0.781114
0.465443
-0.785975
0.441175
-0.398334
-0.352937
-0.573956
-0.028143
0.236955
-0.393757
0.944886
0.804045
1.075905
-0.028031
0.625840
-0.271079
0.054818
-0.095949
0.662042
-0.129217
0.232500
-0.965786
0.056628
-0.378973
-0.514030
0.371661
0.527052
0.207761
-0.118391
0.055519
0.257423
-0.043315
-0.211379
-0.413300
0.131494
-0.292366
0.457426
-0.611097
-0.047335
-0.690403
-0.186151
-0.349144
0.655913
0.112294
-0.976552
0.120544
0.437535
0.266659
-0.544602
1.115315
0.139942
0.251649
-0.118081
0.117366
-0.096232
-0.886635
-0.559832
-0.236031
0.872097
-0.377682
0.051656
0.320758
-0.005911
0.668216
0.154637
-0.826785
0.361023
0.273635
0.056777
0.840249
-0.059386
0.005799
0.117537
-0.254682
0.012626
-0.145781
-0.024268
-0.401517
-0.632560
-0.374460
0.254639
-0.145151
0.720951
-0.542819
0.986746
-0.140588
-1.133304
-0.626107
-0.528730
-0.434121
-0.037245
0.602261
0.163070
-0.067450
-0.271965
-0.203143
-0.461083
-1.365059
0.151903
-0.972898
-1.247648
0.043596
0.957333
0.552138
0.180342
-0.406414
0.560365
-0.535456
-0.220862
-0.243803
-0.227646
-0.077739
0.081687
-0.399401
-0.554982
0.239716
0.082078
-0.443531
-0.250932
0.385002
1.450056
0.708645
0.946873
-0.571252
1.683674
-0.162077
-0.533465
0.178321
-0.025531
0.178173
0.159714
0.356609
-0.303261
0.635027
0.661344
0.049697
0.186399
-0.625803
0.295251
0.260249
0.234544
-1.049095
-0.062659
-0.197175
-0.359583
-1.007948
-0.621114
1.000786
-0.492282
-0.551633
0.243413
-0.476183
-0.522554
1.158309
0.119234
-0.155727
0.124942
-1.109924
0.355165
-0.154375
-0.083747
1.243078
0.262356
-0.344033
-0.190570
-0.662339
1.941629
0.657582
0.369080
