-0.513508
0.398169
0.320211
0.805133
-0.280767
0.253122
0.167142
0.020368
0.139867
0.852760
-0.815805
0.398880
-0.164068
-0.163358
-0.444961
0.385754
-0.012233
-0.478054
-0.158293
-0.790302
0.022488
-0.592187
0.417231
0.406260
-0.431201
0.023694
-0.025028
-0.334299
0.485454
-0.377059
0.048370
-0.376100
-0.462093
-0.115709
0.769341
0.302643
0.118444
-0.093321
-0.143657
-0.739473
-0.764313
0.053057
-0.390167
-0.319710
-0.189953
-0.257315
0.131646
-0.808782
0.023290
0.544795
-0.049752
0.021355
-0.852048
1.423706
-0.438113
0.153317
0.207103
-0.847875
1.183851
-0.152971
0.344693
0.177897
0.054059
0.169711
-0.296417
-0.353040
-0.319862
0.120315
0.322617
-0.585168
-0.030332
0.373034
0.113228
0.700137
0.590705
-0.281162
-0.132326
0.347671
-0.037619
-0.150504
-0.153165
0.118769
-0.689475
0.295969
-0.721836
-0.062336
-0.534766
-0.495719
-0.050735
0.743298
-0.244061
-0.751972
0.497735
0.067862
-0.632733
-0.341632
-0.200206
-0.268764
-0.183411
0.552141
0.325826
0.244071
-0.555838
0.031506
-0.194327
0.153170
-0.185663
0.601920
0.202418
-0.024532
-0.123892
-0.411109
-0.051237
0.251561
-0.880393
-0.266761
-0.565427
-0.659763
-0.294713
-0.189603
-0.034003
0.548658
0.086023
0.410958
-0.116482
-0.155314
-0.405601
1.052802
-0.507789
0.219346
-0.484182
-0.016724
0.516371
0.063911
0.030744
0.058967
0.595686
0.087652
0.354090
0.275440
0.477520
0.504151
0.384664
-0.879637
0.467096
-1.088906
0.110856
-0.058925
-0.448787
-0.277799
-0.195630
0.047990
-0.588275
-0.387533
-0.270478
0.325364
1.090564
-0.115749
0.304730
0.318667
0.147619
-0.400539
0.343381
0.469391
0.369518
-0.061017
0.299962
1.176300
-0.411126
-0.008251
-0.283239
-0.521236
0.315966
0.509131
-0.425510
0.093913
0.138984
-0.635044
0.327668
0.484132
0.558278
0.621614
-0.799692
0.334050
-0.133262
-0.122364
0.726968
0.106046
0.674545
0.124730
0.028941
0.063480
0.320521
-0.014002
0.245100
0.346638
0.227248
-0.065758
0.570773
0.032778
0.128083
-0.214497
-1.004971
-0.487231
-0.638440
-0.197899
0.735744
0.172604
1.176253
-0.625611
0.144470
0.041041
-0.071890
-0.005683
-0.624044
0.259252
0.574302
0.530671
0.518041
-1.099677
-0.476082
-0.260414
0.862256
-1.040941
-0.107708
-0.341466
-0.697124
0.436785
0.256963
0.397874
-0.447796
-0.084235
-0.560294
0.083665
0.176311
0.286102
0.255127
-0.452384
-0.364045
-0.102435
-0.124463
0.467972
-0.004249
0.254197
0.295717
0.862800
-0.013954
0.108396
0.663473
-0.474967
-0.715571
-0.004953
0.433864
-0.743729
0.392971
-0.460443
-0.513131
0.050357
-0.514949
-0.060662
0.729465
-0.014893
-0.059377
0.428664
0.854312
0.507455
0.602626
-0.384341
0.042892
-0.170813
-1.170116
0.088527
-0.018864
-0.970107
-0.547336
-0.569825
0.558460
-0.442413
0.350109
-0.554167
-0.153168
0.333991
0.617642
-0.873718
-0.107683
-0.454010
1.006474
0.793812
-0.396530
0.322646
-0.047834
-0.058920
-0.074981
0.761835
0.151820
-1.189403
0.029825
0.175485
-0.130441
-0.366364
0.405000
-0.060701
0.631371
0.386770
-0.012310
-0.212581
-0.684560
-0.018289
0.444550
-0.241414
1.245722
0.424610
0.448382
-0.311867
-0.887306
0.411688
0.781030
-0.026710
0.366024
-0.048917
-0.405238
-0.102034
0.416118
0.105933
0.330950
-0.094052
0.436173
-0.196096
-0.080797
0.259010
0.432218
0.359455
0.213986
0.850892
-0.835080
-0.765157
0.031673
-0.038866
0.205665
0.033895
0.202152
0.477414
-0.466087
0.174084
-0.972511
-0.031646
0.201035
0.834810
-0.143142
0.465607
-0.685707
-0.496893
0.383488
0.295356
-0.414513
-0.536729
-0.262139
-0.578554
0.216235
0.421161
-0.406707
0.086070
-0.088181
-0.062171
-0.450468
0.440745
-0.699859
-0.606296
0.937190
0.223837
-0.305978
0.621898
0.195744
-0.370978
0.080911
0.312558
0.041414
-0.266564
-0.320508
0.345480
-0.158959
-1.465665
-0.607641
-0.311036
-0.412486
0.745136
0.182818
-0.572687
0.072079
-0.119501
0.161477
-0.285575
0.108496
0.184380
-0.558439
0.224378
-0.679290
-0.172722
-0.401494
-0.008453
0.276356
0.525733
0.601434
0.076365
-0.011332
0.590949
-0.402236
0.907689
-0.223468
-0.341116
-0.456830
-0.688521
-0.424842
0.201695
0.033284
0.412966
-0.196547
-0.007141
-0.083711
-0.021800
0.105690
-0.350866
-0.323372
-0.632993
0.879755
0.619868
0.247867
1.078539
0.538668
-0.012554
0.045085
0.683755
-0.518479
0.787558
-0.046658
-0.255046
0.007934
-0.522124
0.134915
0.201638
0.290154
-0.113710
0.089851
-0.490540
0.224389
0.242952
0.279682
-0.068777
-0.527390
0.455763
0.642703
0.557809
-0.063239
-0.665624
-0.909187
0.310065
-0.588828
0.051559
0.064080
-0.063779
-0.429833
0.632276
-0.006899
0.033045
-0.009075
-0.539376
-0.660346
1.009063
1.184549
0.269293
-0.487300
-0.125269
0.114487
0.832923
0.639550
0.188656
0.472226
-0.118217
0.666018
-0.422791
-1.277853
-0.601972
0.286332
0.700720
0.412572
-0.204473
-0.114802
0.002616
0.496980
-0.218546
0.621264
-0.316659
0.279777
-0.589029
0.088684
-0.212226
-0.528977
-0.587867
1.028510
-0.335872
-0.002701
-0.322310
-0.103314
0.019326
-0.605231
-0.056462
-0.404497
-0.541433
-0.666310
-0.539144
-0.132022
1.073261
0.497031
0.453958
-0.467764
-0.227058
0.978036
-0.581564
0.294461
-0.050723
-0.066452
-0.341953
-0.139098
-0.013817
0.233385
-0.306186
0.284201
0.136725
0.034585
0.806650
-0.842278
-0.416171
0.293140
-0.460552
-0.692010
-0.305215
0.252659
0.550398
0.006806
0.667921
-0.679976
0.288225
-0.382660
0.100872
-0.409948
0.504779
0.497134
1.500455
0.071881
-0.565058
0.206987
0.186571
0.163212
-0.212141
-0.455772
0.972906
0.249602
0.516123
-0.071689
0.233260
0.382983
0.058441
-0.024914
-0.372587
-0.540373
0.464834
-0.735291
-0.096384
-0.694473
1.081719
0.313147
-0.464324
0.047148
0.345616
-0.042529
0.363801
0.519523
-0.186041
0.464643
-0.118085
0.116210
0.076839
0.187217
-0.376573
-0.920333
-0.829769
0.143382
1.149921
0.350475
0.461293
-0.190076
-0.533070
-0.314235
-0.397929
-0.109688
-0.366372
-0.163633
0.074050
-1.011076
0.268629
-0.145158
0.268547
0.097078
-0.321175
-0.572368
-0.617358
0.075594
0.231599
0.188414
0.252703
0.633347
0.528148
0.018469
0.620733
-0.617688
0.373381
-0.264255
0.127370
0.831983
0.258826
-0.332645
-0.765440
-0.016146
-0.513852
-0.183882
0.466494
-0.550390
0.060397
0.263603
0.285746
-0.068124
-0.469962
0.108868
-0.049632
0.598866
0.522720
-0.751013
-0.287435
-0.503331
-0.688086
-0.212903
0.844632
0.044618
-1.050874
0.167196
0.057635
-0.559514
-0.420121
0.171666
-0.251165
0.247090
-0.010349
-0.369973
0.083810
-0.619150
-0.539383
-0.210334
0.296573
-1.162248
-0.145913
0.282929
-0.046373
0.877056
0.889914
-0.807292
-0.006265
-0.031154
0.506407
0.418538
0.209719
-0.415055
0.340739
-0.217225
0.038896
-0.104062
0.307530
0.551567
-0.367328
-0.442589
0.124802
-0.125139
1.172807
-0.928952
0.300121
-0.575731
-0.508265
-0.825918
0.242407
-0.741767
-0.105651
0.167512
0.161977
-0.224813
-0.022460
0.428470
-0.039531
-0.351168
0.217063
-0.451315
-0.713802
0.123017
0.892977
0.207170
-0.586132
-0.230016
0.159109
-0.111273
-0.405872
-0.437317
-0.598162
-0.462722
0.357729
-0.858923
-0.535223
0.294320
-0.332576
-0.098021
-0.340671
0.306542
0.433917
0.135142
0.565010
-0.191078
0.890759
-0.465750
-0.291059
0.678269
0.472346
-0.771700
0.629329
0.292910
-0.417328
0.491719
0.210518
-0.018283
-0.094100
-0.531843
1.245127
0.863059
-0.772017
-0.812772
0.054752
0.072076
0.349465
-0.839222
-0.608341
0.569851
-0.231461
0.321839
0.193740
-0.256540
0.045221
0.529619
0.150454
-0.112390
0.211682
-0.575242
0.238024
0.038871
0.394049
0.720702
0.357695
-0.187237
-0.337606
-0.002126
1.088167
0.502168
0.430306
