0.332557
0.677663
-0.398064
0.774385
-0.685860
-0.509427
-0.033121
-0.236604
-0.615333
0.792411
0.423091
0.582308
-0.950795
-0.240380
-0.434285
1.156049
0.865202
1.498180
0.281453
0.337387
-0.441235
-0.074090
-1.041053
-0.062424
-0.273237
-0.711128
0.530793
-0.133351
-0.462008
-1.145147
-0.564549
-0.398563
-0.504519
0.716773
1.036986
0.033898
-1.392471
0.506104
-0.592162
-2.338515
-0.891204
0.072582
-1.656088
0.237952
0.594409
0.216698
0.050706
-0.745257
-1.101150
-0.703151
0.274074
0.467391
0.875570
-1.111858
-1.706646
0.040464
-0.084821
-0.042439
1.120494
0.234421
0.588162
1.241041
-0.164530
0.250906
0.062420
-1.082574
-0.326418
1.286388
-0.202256
-0.591346
1.278492
-0.805232
0.064442
0.445817
-0.210125
0.859865
-0.449712
1.251969
-0.012401
-0.253127
-0.223141
0.795714
-0.952621
0.330472
0.434857
-0.040297
-0.341701
2.501567
-0.504637
-0.618350
-0.499508
0.622220
0.133375
-0.516963
-0.443314
1.613168
0.224270
0.522732
-0.826041
-1.114676
1.089347
-0.254620
-0.681221
0.240809
0.136274
-0.489922
0.384123
0.183726
-0.550481
-0.098036
1.216977
-0.431324
-0.620188
0.183747
-0.458475
0.594897
-0.179535
0.574209
-0.542019
-0.329753
-0.573271
-0.207052
-0.183816
0.976378
-0.339728
0.232942
-0.442071
1.240181
-0.632246
0.536882
-0.024610
-1.658537
-0.044682
-0.178596
-0.072482
0.419122
0.483465
0.327320
0.503160
1.043480
0.139131
-0.054221
-0.812672
-1.132617
0.260212
0.914169
-1.078120
0.169897
-0.970464
0.723411
0.147582
-0.638505
-0.871200
0.440348
0.115261
0.536424
0.532460
-1.119261
0.980589
0.098013
-0.641825
1.197500
-0.316381
-0.178393
0.356740
1.125285
1.058219
-0.035561
-1.434053
-0.015791
-0.065935
-0.613106
-0.728378
0.521330
0.156726
0.922732
-0.583520
0.549223
0.109032
1.463701
0.174095
-0.406619
-0.205941
0.379618
0.055690
0.494813
0.662804
0.851514
-1.611941
-0.661801
-0.330874
0.117176
-0.084486
0.431869
0.063812
-0.599746
-1.325530
-0.929892
0.571390
-0.177119
1.100563
0.165462
-1.661779
-1.925575
-0.347215
-0.361569
-0.782313
0.246500
0.214765
-0.722236
0.166581
0.839534
1.623223
0.984477
0.724072
-0.855848
0.421410
-0.660695
0.660224
-0.536295
-0.796056
-1.470456
-0.143346
0.306283
-0.242997
-0.832349
-0.466545
1.204569
-0.428816
-0.169210
-0.076699
-0.538513
0.408718
-0.564848
1.287371
0.022632
-0.419084
0.679584
-0.283920
-0.624830
-1.117277
0.983875
0.173556
0.400568
1.563865
-0.051157
-0.005479
1.094340
-0.023610
1.108698
-1.289125
-0.271375
-0.605174
-0.137023
0.317943
-0.329837
0.235954
0.644232
-0.008463
0.097371
-0.442212
-1.454195
-0.903045
-0.134573
0.048490
0.996105
0.643545
-0.674611
-0.092199
-0.200021
0.176319
-1.446937
-0.444967
-0.532892
-0.901493
0.678941
1.369112
0.841274
0.876790
0.038333
0.694727
-0.030959
-0.074980
-0.801659
-0.258217
0.338328
-0.172663
0.784366
0.906322
0.572071
0.096261
0.102424
0.179830
0.294467
-0.687057
-0.408081
-0.029100
1.014662
1.351887
1.124732
-0.078690
0.835065
0.162814
-1.190936
-0.744865
-0.654789
-0.494346
-0.311119
-0.354908
-0.017260
0.757917
-0.559298
0.372953
0.156985
-0.339879
-0.358632
1.278063
1.253959
-0.211782
0.106348
0.552023
-1.425092
1.458045
-0.512148
-0.180138
1.181760
1.167979
-1.017193
0.168303
0.898756
-0.714049
0.080835
-0.051655
0.141037
-1.589925
0.704478
-0.503330
-0.050680
-0.315559
-0.129089
-0.559304
0.787072
0.787163
-0.758566
0.337687
-0.623574
0.304315
0.106313
-0.010721
0.577137
0.335029
1.181431
0.529573
1.149838
-0.547134
-0.247332
-0.150615
-0.728708
-0.395685
-0.473901
-1.035404
-0.639439
-0.086514
-0.132321
-0.034631
1.080506
-0.383983
0.515818
0.011345
-0.649692
0.001993
0.278423
-0.551332
-1.287659
0.936128
0.815998
1.186328
0.530129
-0.231548
0.517031
0.533154
-1.949984
-0.045713
-0.696655
0.288112
0.858988
0.260503
0.125322
0.058393
-1.208410
-0.041211
-0.135841
0.988773
-0.167563
-0.306351
-1.190385
0.914860
0.043486
-0.407240
0.172296
0.407166
1.108863
1.063890
0.577998
0.097846
1.009911
-0.259105
-0.403960
0.125714
-0.500514
-1.279147
0.688646
-0.595763
-1.213337
-0.240921
-0.134277
-0.686569
0.004125
0.124133
-0.023489
-0.249412
0.124376
0.606874
0.357942
-0.426521
0.019578
-0.074031
1.509824
0.552518
0.633045
-1.190828
-0.194173
0.341972
0.360701
0.179371
0.341456
-0.306254
-0.577131
-0.224640
0.242173
0.664427
-0.849958
0.590802
-0.752449
-0.285417
0.068546
-0.335317
-0.093067
-1.427947
-0.488612
0.414008
0.609274
-0.264478
-0.234728
0.242684
0.151479
-1.567780
0.469320
0.642288
-0.435424
-0.691917
0.470451
-0.441698
-0.461323
0.480413
-0.023243
-0.061680
0.256643
0.112651
1.552143
0.956251
0.082236
0.244450
0.625055
-0.028055
0.516345
-1.160743
-0.134071
0.056444
-0.011794
-1.424896
-2.373417
-0.161658
-0.068135
0.407678
0.298696
-0.418317
0.655919
1.723825
1.135706
-0.326087
-1.210496
-0.985950
1.103224
0.200050
0.578983
0.388604
-0.720629
1.801592
0.417577
0.406934
-0.700053
-0.613669
0.885186
-0.594336
0.397176
-0.211729
-0.638920
-0.268033
-0.510366
-0.282874
0.689147
1.267251
-0.457415
0.398397
-1.054928
0.807905
-1.179463
0.069956
0.259373
-0.377510
-0.920854
-0.175562
-1.327829
-0.158922
-0.012892
0.959429
0.938838
-0.156192
0.666762
-0.646993
-0.093797
0.348387
-0.967500
1.094803
0.063632
0.144876
1.143021
0.364994
0.513996
-1.234499
-0.098528
-0.186970
-0.433486
0.414118
0.583905
0.219460
1.329181
0.308430
-1.565738
-0.398070
0.868529
0.457406
-0.041260
-0.078065
0.417756
-0.390110
-0.097743
-1.512843
-0.016894
0.578141
-0.584888
-0.981472
-0.477785
-0.519907
-0.313782
-0.668927
-0.883011
0.302550
0.825601
0.148197
-0.593248
0.114026
0.479871
0.833274
0.063886
1.109244
-0.093015
1.175995
0.004073
-0.167267
1.181417
0.059877
-0.846236
-1.281991
-0.149271
-1.522198
2.073849
0.214493
0.080125
0.059452
0.385998
1.840189
-0.605122
0.270097
0.403483
0.295286
-0.044773
0.609011
0.129234
0.725833
-0.321049
0.618860
0.642251
-0.297171
-0.226490
-0.257483
-1.384134
0.100790
0.741434
0.963718
1.372660
-0.882929
-0.411255
-0.109776
0.103458
0.809171
1.239175
0.062771
1.406019
-0.614546
0.085994
-0.157377
-0.091554
-0.274793
-0.426773
0.754291
0.069131
0.250490
0.597653
-0.846760
-0.086106
0.268454
-0.252283
0.159689
0.968064
-0.613308
-0.333342
-0.152311
-0.461007
-0.041336
-0.627336
0.347911
-0.694767
-0.199756
-0.315128
0.708926
-0.038376
1.209476
0.210741
1.835554
0.317137
0.578538
-0.307745
-0.576049
0.080637
1.072788
0.045714
-0.254379
-0.338829
0.275562
0.702775
1.070664
0.060591
-1.943918
0.207073
0.207125
-0.508487
0.389531
-1.017703
0.581746
0.779034
0.308103
-0.163989
-0.774049
0.041162
-0.443394
-1.124685
-0.394675
0.620920
-0.554064
0.396435
0.787831
0.938303
-1.177228
-1.107213
-1.171179
-0.544638
0.018946
0.596462
-0.339098
-0.378257
-0.647717
0.073746
-0.742295
0.161129
-1.600811
0.497345
-1.283491
-2.245672
-0.197683
1.294630
-0.118386
-0.088063
-0.701197
-0.863426
-0.634925
-1.053082
-0.161664
-0.020780
-0.581988
-0.985882
0.477031
-0.242499
0.460378
0.024317
-0.213026
-0.044059
0.014328
0.317797
0.513367
-0.018493
-1.393221
0.585247
0.866458
0.271503
0.971328
-1.048832
1.154425
-0.205364
-0.007899
0.420322
-0.104777
0.517108
-0.080551
-0.240956
0.835767
0.622903
0.405041
-0.408594
-1.144227
-0.267930
-0.147594
-0.627103
-0.353124
-0.211804
0.310845
0.056463
-0.451409
0.960958
0.543885
-0.588464
-0.140797
1.091300
-0.594050
0.227055
-0.328236
-0.024398
-0.356727
-0.442596
0.749831
-0.221944
-0.624649
-0.534043
0.942326
0.034551
1.157409
0.907955
