0.344892
0.730279
0.237685
0.224949
-0.949454
-0.217043
0.302837
-0.203309
0.032966
0.356737
-0.670580
0.840208
0.167128
-0.124299
-0.577532
-0.180359
0.634325
0.558987
-0.326682
-0.019168
0.583002
0.152396
-0.917765
0.379417
-0.420302
-1.221785
0.645607
-0.178150
-0.456216
0.034424
0.896700
-1.147384
-0.028680
0.308255
1.006123
0.190729
-0.687727
0.638288
0.312937
0.444658
-1.074416
-0.046872
0.022038
0.686354
0.057069
-0.085818
-0.706605
-0.348403
-0.814848
-0.193832
0.311347
-0.664690
-0.797824
0.647493
-0.659036
-0.621134
-0.566344
-0.784498
1.206405
0.139634
-0.720415
0.058292
0.031667
-0.380161
0.174786
-0.493602
-0.236628
0.311790
-0.735509
-0.540804
-0.361441
1.082235
-0.368576
0.265924
-0.355110
0.290741
-0.199259
0.229928
0.074623
-0.055874
-0.148870
0.666931
-0.035015
0.173998
-0.249751
1.117719
-1.051624
0.159735
-0.353152
0.264292
-0.501655
-0.574237
-0.126400
-0.020239
-0.283836
0.468880
0.397923
0.057720
0.990773
1.100802
0.181794
0.602551
0.142914
0.777408
-0.540008
-0.293382
-0.252156
0.467006
1.193284
-0.116865
1.345566
-0.345678
-0.932680
-0.575614
-0.892589
0.648913
-0.775323
0.178080
-0.801337
0.173375
0.030817
0.595658
0.007556
-0.176887
-0.975239
-0.479748
-0.171179
0.014565
-0.070110
0.495108
-0.486859
-0.993533
-0.423182
0.034645
-0.551838
0.209692
-0.162836
0.573358
-0.458609
0.642411
0.571807
0.693168
-0.294105
-0.900763
0.232914
0.207091
-0.274726
-0.006702
-0.286291
1.135544
0.013502
0.114032
-1.075838
-0.113202
0.457634
0.557575
0.795585
0.703366
0.551818
-0.046700
-1.385824
0.035508
0.921046
0.294602
-0.790753
-0.976026
0.339516
0.916070
0.231511
-0.807504
-0.578176
-0.594156
0.144459
-0.431084
0.010623
0.979237
0.362095
-0.291093
-0.199248
1.292370
0.734999
0.337245
-0.199790
-0.083828
-0.349072
0.282480
0.468991
-0.998882
-0.349123
-0.188297
0.059785
0.505682
-0.519198
0.236148
-0.134956
0.240091
-0.317439
-0.718504
0.641588
-0.355164
0.000378
-0.329286
-1.205940
-0.343827
-0.642702
-0.660356
0.041923
-0.134621
0.571203
0.520923
-0.140954
-0.175128
1.598105
-0.014480
-0.626245
0.862720
-0.169824
0.011268
-0.220292
-0.242228
-0.239626
-0.653632
0.314531
-0.272002
-0.489258
-0.954086
0.529050
0.301379
-0.152354
-0.070932
0.434162
0.180842
-0.769200
0.303391
0.350778
0.099862
-0.115775
0.822762
0.873419
0.094322
0.101418
0.580348
-0.496132
-0.320977
0.944157
0.452906
-0.519921
-0.117479
1.297056
-0.040531
-0.561988
0.170915
0.545345
-0.752971
0.193720
-0.886222
-0.513180
0.394659
-0.129792
-0.030762
1.178571
-0.026293
0.402029
-0.599546
0.347059
-0.468161
1.000221
-0.190708
0.235453
-0.057027
-0.829762
-0.572199
-0.583571
-0.156303
0.251544
0.993024
0.521318
-0.298031
0.349423
0.644091
1.091627
0.737470
-0.245521
-0.208157
0.351123
0.297423
0.216394
0.010093
-0.139206
0.380205
0.974485
0.139760
-0.028345
0.285567
-0.926078
-0.086331
-0.064587
0.851743
1.352385
-1.071349
-0.361799
0.247223
0.218198
-0.406384
0.403682
0.147854
-0.616161
-0.114878
-0.001810
0.298298
0.660762
0.223146
-0.187353
0.344432
-0.564567
0.069142
0.167216
1.108464
0.445236
-0.009913
-0.136850
-0.296038
0.265575
-0.148532
-0.224254
-0.134248
1.553639
-0.206991
-0.022999
1.487242
0.320421
0.450032
-0.067239
0.704022
-0.344525
-0.331931
0.197943
0.013351
0.364245
-0.684415
-0.686671
0.088302
-0.291749
0.429118
-0.126783
-0.551788
-0.076755
0.147262
-0.996720
-0.222683
-0.001085
0.547144
0.285714
-0.584124
-0.712120
0.197958
0.471526
-0.063384
-0.123586
-0.790331
0.054964
-0.803725
-0.741113
-0.706767
-0.050143
0.372810
0.049016
-0.092244
0.996519
-0.090709
-0.098479
-0.702282
0.839912
-1.298755
-0.147761
1.487223
0.266123
-0.881594
0.326146
0.136351
-1.038853
-0.546557
-0.389708
-0.151649
-0.424990
0.017559
-0.630101
-0.744042
-0.187943
-0.662766
1.139399
0.137684
0.000145
0.034256
-0.873119
-0.024959
0.084588
0.348872
0.299782
0.963881
0.251229
0.273500
-0.308354
-0.327510
0.535594
0.226919
-0.746897
0.824933
-0.635197
-0.178725
-1.024942
0.197019
-0.406577
0.245454
-0.614166
0.510731
-0.054866
0.322339
-0.417904
0.492016
-0.242644
0.173393
0.027821
0.081425
0.625005
0.204743
0.054356
0.506564
0.326770
0.742172
-0.689117
-0.380023
-0.770033
0.181618
0.009127
-0.639971
1.120933
-1.227335
-0.038643
0.055869
-0.586421
0.491926
0.040663
-0.807592
-0.489922
-0.126031
0.391280
0.479730
-0.555757
0.050296
0.297033
0.902201
-0.122894
-0.071697
0.039708
0.094199
-0.531753
-0.288639
-0.813167
0.144632
0.043972
-0.110017
-0.257702
0.546143
-0.482442
0.400160
-0.403419
0.663041
0.203105
-0.313168
-0.488738
0.514566
1.315338
1.272246
0.191275
1.082125
0.054113
-0.123161
0.465900
0.387415
-1.029919
-1.280384
-0.165131
-0.033697
-0.066823
-0.656552
-0.474289
-1.027832
1.087847
-0.249128
0.608168
1.018100
0.921051
0.285353
0.347287
-0.238810
-0.039020
-0.367819
0.597062
-0.378784
-0.189817
-0.596183
-0.339860
-0.029165
0.279702
0.285504
-0.236922
-0.857070
-0.588463
0.199163
-0.046599
0.363854
-0.445939
0.185876
0.225856
-0.200144
0.639657
-1.505367
0.099538
-0.491636
-0.803384
-0.333884
-0.682075
0.519046
-0.620568
-0.012275
0.259302
-0.292152
0.297521
0.601734
-0.288808
-0.489139
0.447689
-0.389544
1.227561
-0.274530
-0.708168
0.605663
0.442672
0.836244
0.159768
-1.037592
-0.005894
-0.537742
-0.279788
0.333899
0.565450
0.477488
-0.849499
-0.828769
0.235616
0.415085
-0.527728
0.784443
0.576963
0.909129
0.479951
0.118398
-1.057659
0.168132
0.480948
-0.156833
0.050240
0.681595
-0.422957
0.082646
-1.251926
0.185465
-0.407944
0.266487
0.286928
0.151487
-0.201356
0.976270
0.959547
-0.424042
-0.255846
-0.275229
0.859968
-0.198788
-0.750377
-0.146076
0.314238
-0.560665
-0.916231
-0.491272
-1.900386
0.627554
0.623797
0.143625
0.249301
-0.658773
1.135050
-0.225884
0.207822
-0.611924
0.816382
-0.168765
-0.243493
0.761118
-0.033518
-0.375393
-0.351872
-0.137972
0.069783
-0.186311
-0.148138
-0.242581
-1.070544
0.370308
0.241529
0.121768
0.240744
0.426805
-0.528476
0.142152
0.061658
-0.136830
-1.098607
-0.033674
-0.857480
1.271335
-0.766925
0.187027
-0.492595
-0.710937
0.058535
0.126900
0.367810
-0.108234
-1.188575
0.829863
-0.565583
0.166464
0.176857
0.026081
0.269554
-0.062976
-1.101215
-0.005751
0.189163
0.240687
0.110159
-0.058691
0.330870
0.265432
-0.817229
0.361338
0.713944
0.305387
1.258267
0.414815
0.696369
-0.110274
-0.396807
-0.027107
-0.734843
1.220756
0.056427
-1.387394
-0.206246
-0.916284
0.294020
0.200320
-0.912614
1.132625
-0.323844
0.380577
0.289037
0.461019
-0.587462
-0.030869
1.117511
-0.002299
0.046488
-0.018956
0.778429
-0.297790
0.265851
0.096443
-0.008139
-0.012072
-0.550439
0.263815
-0.236740
-0.457932
-0.190533
-0.349390
-0.015154
0.957159
-0.389092
0.191718
0.043790
-0.393354
-0.141819
-0.751801
-1.554383
-0.104432
0.267265
-0.654468
0.018873
1.590595
0.810603
-1.067273
0.531882
0.459830
-1.017189
-0.160187
-0.217578
-0.830685
-0.223315
0.344164
-1.298599
-1.044436
-0.340280
0.180892
0.363777
-0.453053
0.993003
0.402391
0.723368
1.145106
-0.154129
0.671656
-0.790253
0.120116
0.118859
0.619156
1.091270
0.259864
-0.028229
-0.148645
0.027491
-0.254345
0.400983
0.538659
-0.257877
0.704779
0.380777
-0.184692
-0.871863
0.087362
-0.010697
0.539936
-0.320011
0.586020
1.013208
0.442670
-0.376280
0.181340
-0.870826
-0.095025
0.618186
0.309834
0.611592
0.261160
-0.678390
0.172531
-0.212984
-0.176837
0.687311
0.070227
-1.069523
-0.040556
0.136795
0.725031
0.177153
0.175538
