-0.112106
0.409563
1.111440
0.539899
-1.600577
0.043445
0.208501
-0.987580
-0.059362
0.528296
-0.221500
1.333836
-0.509633
-0.146024
-0.560511
0.373031
0.219528
0.835464
-0.058007
-0.044032
0.628633
0.259095
-0.372199
0.297167
0.009662
-0.690637
0.373001
-0.060651
-0.594276
-0.546479
0.289874
-0.132961
-0.327630
0.097456
0.401003
-0.400269
-1.262841
0.655957
0.138817
0.050872
-0.976135
-0.325833
-0.846921
0.487498
-0.094983
0.533094
-0.331251
-0.359217
0.221586
-0.164076
-0.396204
-0.429951
-0.902481
0.192521
-0.919841
0.058705
-0.074369
-0.299353
0.653264
-0.426934
-0.123660
0.822511
0.055534
0.513606
0.220651
-1.096928
-0.690564
-0.299445
-0.299280
-0.972215
-0.102714
0.479070
0.336500
-0.148892
-0.357089
0.116943
0.055885
0.705001
0.083786
-0.500573
-0.058755
0.916967
-0.567519
-0.034619
-0.147123
0.758565
-0.660319
0.382221
-0.479758
-0.642871
-0.669858
-0.395510
-0.042643
-0.350503
-0.571487
-0.101861
0.534740
0.501642
0.439832
0.243917
0.260136
0.381791
-0.568438
0.171410
-0.281375
-0.029324
0.295488
1.066710
0.381756
-0.181900
1.178069
-0.464675
-0.539955
0.252058
-1.100797
0.485228
-0.723170
0.787093
-0.571216
0.030976
-0.424945
-0.196383
0.024375
0.378309
-0.578725
-0.315185
-0.113345
0.595030
-0.158078
0.459290
0.055876
-0.569835
-0.151410
0.052915
-0.299519
0.105176
-0.019030
0.420332
-0.315295
0.825380
0.531647
0.819397
-0.501539
-0.647161
0.154323
0.544985
-0.337312
-0.014986
-0.476984
-0.606639
0.054863
-0.116111
-0.814713
-0.637416
-0.240390
0.473019
0.879351
-0.245930
0.498423
0.180595
-0.897551
0.403168
0.524758
0.478468
-0.603702
-0.373505
0.531584
1.035233
-0.645715
-0.545194
0.215473
-0.274891
0.354646
0.085032
0.193100
0.807598
0.384333
-0.548118
0.048190
1.356353
0.692958
-0.010984
-0.257917
-0.854774
-0.027479
0.566849
-0.120629
-0.553053
-0.967361
-0.648870
-0.048239
0.593957
-0.224493
0.194359
0.035837
-0.188927
-0.043604
-0.595197
0.479153
-0.337534
0.422454
-0.519131
-0.232517
-0.907124
-0.188712
-0.567067
0.836481
-0.066125
0.787363
0.375359
0.132836
-0.095272
2.120117
1.235510
-0.223708
0.665174
0.132054
-0.360334
0.460739
-0.592172
-0.010981
-0.736448
0.533887
-0.286053
-1.016711
-1.268198
-0.485327
0.427770
-0.672450
0.351003
0.194629
0.167341
-1.356899
-0.516650
1.274543
-1.040358
-0.228394
0.657016
-0.016578
0.308695
-0.011205
0.531423
-0.603344
0.021856
1.971085
0.159642
-0.127820
0.617278
0.518079
0.233576
-0.840073
-0.344489
0.439306
-1.146347
0.761822
-0.638933
-0.348956
0.249526
0.047370
-0.053506
0.668138
-0.105971
0.041071
0.393303
0.099273
-0.254506
1.206236
-0.147614
0.694655
-0.271602
-0.635324
0.237705
-0.446702
-0.185413
0.131803
0.487496
0.997550
0.280133
0.330072
0.116551
0.489293
0.371192
-0.360656
-0.156137
0.386427
0.206765
0.094357
0.513835
-0.993687
0.104419
-0.168720
-0.253448
-0.056636
0.213905
-0.480232
-0.116799
-0.238463
0.650014
1.281737
-1.262922
0.000335
0.350218
0.262343
-0.904995
0.673725
-0.211192
-0.858131
-0.243941
-0.212842
0.152463
0.558104
0.598625
0.190461
0.073914
-0.703112
-0.527621
0.706706
1.191785
0.247959
-0.045532
-0.247346
-0.014617
0.152610
-0.253198
-0.230334
0.067465
0.625792
-0.113050
-0.021703
0.656258
0.472116
0.442188
0.244729
0.734097
-0.870613
-0.365956
-0.004371
-0.178133
0.046944
-1.183253
0.136261
0.302991
-0.227679
-0.155969
-0.185217
-0.356877
0.684467
-0.082355
-1.057855
0.080840
-0.111753
0.526994
-0.047131
-0.062431
-0.327872
-0.037663
0.123856
0.270762
-0.731249
-0.811902
-0.245895
-0.459417
-0.959020
-0.183419
-0.238147
0.543799
-0.365850
0.114990
0.781817
-0.068626
-0.059134
-0.299830
-0.613886
-0.577848
0.334495
1.463977
0.807472
-0.417738
-0.124052
-0.547161
-0.655117
-1.044719
-0.228227
-0.653693
-0.039277
-0.350198
0.483140
-0.252448
-0.101852
-0.320402
0.627590
-0.061308
-0.231385
-1.436580
-0.318221
-0.446902
-0.186865
0.025784
-0.225864
0.905648
0.256949
0.909523
0.918924
-0.542092
0.964014
0.427992
-0.404797
0.218235
-0.202159
-0.102256
-1.260262
-0.226972
-0.686935
-0.216859
-0.250054
0.061340
-0.517239
-0.103697
0.214432
0.303925
-0.451257
-0.549705
-0.158881
-0.131702
0.484059
0.333156
0.732992
1.148448
-0.271488
0.527532
-0.452981
0.215621
-0.592823
0.262042
-0.011704
0.040308
-0.147139
-1.061519
-0.189351
-0.464239
-0.150040
0.366139
0.487481
-0.767637
0.061746
-0.019958
-0.053485
0.461309
-1.244680
-0.045008
0.016907
0.723575
0.253076
-0.202354
0.255848
0.010925
-0.716858
-0.324925
-0.633257
0.506634
-0.165365
0.225089
-0.249625
0.204169
-0.611497
-0.087674
-0.291891
0.438272
0.281929
0.554953
-0.066440
0.131695
0.586928
0.626422
0.065623
1.299862
-0.163463
-0.280003
0.874276
0.259804
-0.527107
-0.591492
-0.380014
0.309649
0.249724
-0.511149
0.442072
-0.123692
0.881275
0.628869
0.042064
0.144486
-0.292684
-1.038946
0.865383
-0.079413
0.299852
-1.134085
0.580674
0.472263
-0.286166
-0.334787
-0.232954
0.146058
-0.124611
0.016784
-0.093189
-0.832204
-0.218567
0.017836
-1.062909
0.225747
0.660995
-0.343234
0.013708
-0.182471
0.759926
-1.430848
0.009146
-0.167315
0.620673
-0.370030
-0.352704
-0.027003
-0.458402
-0.077488
0.522252
0.321205
0.305424
0.212699
-0.424960
-0.463480
0.840818
-0.559454
0.243904
-0.606813
-0.297046
1.127705
0.254210
1.042050
-0.398764
-1.041474
0.029600
-0.662939
-0.198182
0.306800
0.212191
0.643434
-1.046918
-0.633203
0.416805
-0.167617
0.047435
0.006202
-0.045896
0.343385
0.737317
-0.054434
-0.210735
0.209187
0.551899
0.623614
-0.363734
0.112820
-0.280579
-0.348218
-0.693729
-0.192340
0.214066
0.172743
0.193573
0.505775
-0.108428
0.594506
0.131988
-0.050064
0.555930
0.395104
1.195527
-0.097944
-0.323440
0.601521
0.411073
-0.252703
-0.841091
-0.427753
-1.236144
0.408969
0.727344
0.427699
0.569752
-0.052939
1.056175
-0.384030
-0.018903
-0.198655
0.585777
0.172233
-0.415704
1.403093
0.764545
-0.300448
0.415819
-0.243147
-0.431856
-0.450461
0.004136
0.603434
0.007734
0.563404
0.564064
0.757430
0.015907
0.646356
-0.564788
0.532533
0.081817
-0.313576
-0.726077
0.438635
-0.604456
0.521365
-0.575758
0.166970
-0.133731
0.086040
0.013676
0.078459
0.076463
0.829941
-1.360808
0.502145
0.372951
0.001226
-0.194955
0.035751
-0.358759
-0.083691
-0.647552
-0.483757
-0.331787
0.559716
-0.443329
-0.200804
0.305414
0.266486
-0.086561
0.327820
1.253298
0.701975
1.007846
0.191772
0.235640
-0.695986
-0.196129
0.368598
-0.500537
0.455192
-0.217007
-0.634852
0.237831
-0.379346
1.310789
0.158885
-0.297065
0.304690
-0.040515
-0.154508
0.838759
-0.553025
-0.285079
-0.100896
0.060190
0.003523
-0.287804
0.058723
-0.107856
-1.037401
-0.545281
0.209293
-0.782525
1.031095
-0.493374
0.818761
-0.121629
-0.839589
-0.267043
-0.401128
-0.094288
0.053631
-0.013626
0.550595
0.339681
-0.046471
0.044086
-0.173779
-1.270111
-0.494102
-0.746946
-0.668106
0.038032
1.350373
0.444071
-0.951964
0.218099
0.131283
-0.443653
-0.204296
0.030830
-0.243053
-0.825562
0.266535
-0.814348
-0.685658
0.414212
0.329345
0.192173
-0.303840
1.030074
1.252359
1.231649
0.652462
-0.809332
0.996727
0.003763
0.110093
0.104823
0.238680
0.607210
0.223747
-0.455649
0.157068
-0.068505
0.102198
0.211774
0.416217
-0.151766
0.659818
0.152880
-0.060314
-0.663592
-0.693754
0.359457
0.420751
-0.040850
-0.152013
1.005576
-0.590026
-0.149649
0.207642
-0.542474
-0.167956
0.527368
0.327089
-0.105689
0.565856
-0.769322
-0.091163
-0.467617
-0.402221
0.812517
0.531069
-0.575262
-0.361529
-0.290766
1.022813
0.604548
0.128045
