-0.397206
-0.732394
0.672523
0.749672
-0.405104
0.449050
0.088397
-0.427649
-1.591347
1.881134
-0.912651
1.217756
-1.017958
0.153854
-0.406489
-0.546844
-0.096935
-0.761321
-0.154211
0.243534
-1.062604
-0.128095
-0.568830
0.467898
-0.288088
-0.233900
0.692927
-0.732996
-0.517090
-0.098671
-0.348944
0.368123
0.245969
-0.178227
1.610433
0.079078
-1.058055
0.450175
0.330897
-0.187775
-0.920569
0.440890
-0.151746
0.289952
-1.647249
0.468208
-0.086691
-0.834009
-0.378669
-1.691648
0.162165
0.569619
0.468251
1.152271
-0.893357
0.499201
0.518406
0.078388
0.321427
-0.602171
-0.434253
0.045599
-0.161121
-0.116635
0.099729
-0.429637
0.081245
-0.292151
-0.439220
0.630641
0.940186
1.758459
0.668003
0.059027
0.404860
0.321775
0.131643
0.364564
-0.252918
-0.439453
0.459522
0.733080
-0.636514
-0.242306
-0.150397
0.049200
-0.300037
1.535266
-0.758429
0.266480
-0.024306
-0.453506
-0.187200
-0.746801
-0.443676
1.983423
-0.197172
-0.361187
-0.514729
-0.430691
1.073086
1.362929
-0.316024
-0.011900
-0.708158
0.639832
-0.591474
-0.234249
0.535971
-0.268741
1.012826
-0.270582
-2.069274
0.038167
-1.205172
0.076003
-0.688642
0.155816
-1.305743
0.029948
0.240844
0.527938
-0.164820
0.917227
-0.715161
-1.000082
0.070215
0.229229
-0.574751
-0.517995
-0.211837
-1.999545
-0.090752
-0.147518
-0.198008
-0.022777
0.673339
1.093602
-0.192139
0.269426
0.596235
2.980912
0.586426
0.935746
-0.548095
0.034232
-0.283278
0.155286
-0.107747
0.859295
-0.077788
1.428720
0.247213
-0.179158
-1.135551
-0.302889
0.599352
0.411510
1.706836
0.804505
-1.026632
0.393188
-0.452537
-0.549134
-0.010678
-0.473800
-0.036919
-0.230711
-0.658196
-1.053488
0.117346
-0.245092
-0.673580
-0.043179
0.037272
-0.010251
0.242519
-0.611984
-0.403253
0.689232
0.920661
-0.002524
-0.576154
0.415490
-0.237092
1.149548
-0.638277
-0.324462
-0.020525
-0.511136
-0.902965
0.539559
0.636222
0.187468
0.229180
0.400534
0.636448
-0.205388
0.106814
0.306506
-0.226122
-0.505471
-0.718523
0.165851
-1.083006
-0.284988
0.979204
0.398020
-0.033223
0.889587
0.167424
-0.245914
-0.216138
0.154735
0.330422
1.400829
-0.634696
0.490048
0.456331
-1.072531
1.051941
-0.077740
0.301436
-0.891745
-0.198159
-0.250964
0.087506
0.666062
0.080461
-0.629106
0.515468
-0.508751
-0.548718
0.383740
1.377706
-0.147616
-0.121914
-0.976874
0.480521
0.299339
0.222015
0.288410
-0.176599
-0.248658
1.588952
0.010110
-1.558721
0.155952
0.674606
-0.299949
0.077224
-0.060007
-0.374827
0.025186
0.434212
-0.511658
1.032091
0.449890
0.059361
0.076828
0.411136
-1.359853
0.758015
-0.083999
0.317551
0.335338
0.152194
-0.508848
0.269019
-0.710831
-0.730461
0.000885
-0.052933
-1.757354
-0.909816
1.289460
-0.395095
-1.327012
-0.154882
0.032698
-0.115122
2.399828
-1.672418
0.820124
0.654753
-0.569276
0.742714
0.065991
0.226982
0.684416
0.409953
-0.045730
0.147219
0.499352
-0.548306
-0.684590
0.562663
0.805281
1.426356
0.632888
-0.278257
-0.387718
0.129188
0.315127
0.830889
0.615934
-1.320327
-0.389529
-0.686278
0.125175
0.436755
-0.151082
-0.038129
-0.264691
-0.708349
-0.897708
-0.294495
1.568273
-0.741501
0.080993
1.219754
-0.385576
-0.446714
-0.512466
0.269796
0.568586
0.820908
-0.021455
0.162320
0.479144
1.186937
-0.236571
-0.179773
0.454644
1.125937
-1.061466
0.129739
-0.713722
-0.360009
-0.205525
0.290042
-0.020068
-1.183797
0.344508
-0.565927
-0.336147
1.225906
-1.044325
-0.996655
0.230870
0.602782
-0.586089
1.740240
1.677862
0.624737
-1.190916
2.943685
-0.922087
1.206064
-0.423894
-0.036655
-0.495780
0.211303
-0.286784
-0.074951
-0.825525
-0.412791
-0.385690
0.704674
-0.014471
0.439680
-0.002408
0.034002
1.122476
0.466289
0.878005
0.561794
0.166106
-0.633855
-0.024839
-0.147900
1.102414
-0.340849
-0.246540
-0.296239
1.033937
-0.196735
-0.495400
0.051069
-1.475697
0.490933
-0.078936
0.392490
-0.494200
0.048182
-1.512936
-0.179649
-1.043786
-0.065849
-0.125959
0.464020
2.357141
-0.730797
0.188365
-0.060653
0.322617
-0.693330
0.328907
0.007209
0.186658
-0.479805
0.151118
-0.210088
-0.573858
0.281427
0.111037
0.070819
0.026379
-0.486003
-0.656618
0.092570
0.068027
1.466602
0.077683
-0.006216
0.430809
-0.270621
0.031713
0.755208
1.123388
-1.230925
1.096274
-0.919492
0.484566
0.148921
-0.726937
-0.482625
-0.712045
0.038651
-0.052117
-0.035643
0.462660
1.845168
-0.605265
-0.649573
-0.686427
1.981255
-0.276848
-0.762567
-0.078696
1.423698
-0.294497
0.777511
-0.959729
0.544429
-0.603577
0.554848
0.630744
0.245485
0.288704
-0.055212
-0.854563
0.626560
0.478141
-1.019469
-0.369639
0.118826
-0.120859
-0.376264
-0.219572
0.113621
-0.844905
0.768452
0.779292
0.018952
1.281813
0.569972
0.087695
1.368697
0.728780
-1.997235
-0.614658
0.129473
0.630995
0.510692
-0.321540
0.199650
-0.613160
0.182535
0.390100
0.617986
0.267960
0.117163
0.542083
-0.140069
-0.205358
0.135459
-0.725688
0.607829
-0.123036
0.804158
0.114991
-0.491717
0.062392
-0.199063
0.054312
-0.438102
-0.923293
0.274724
-0.371492
-0.066444
0.033458
-0.837073
1.530184
0.297743
-0.177999
0.014423
1.026598
-0.359043
-0.417468
2.299199
-0.051459
0.205145
0.138857
-1.269544
0.834593
-0.872746
1.429370
0.437630
-0.113632
-0.898768
-0.356385
1.498384
-0.755300
1.127068
-0.748917
-0.018407
0.576128
0.264939
0.480593
0.295023
-0.530007
-0.143228
-1.036331
-0.387259
0.443577
-0.668577
0.957479
-0.557863
-1.392012
-0.401841
-0.001193
0.090093
-0.922822
-0.095938
0.661382
0.529127
0.490678
-1.710889
0.413025
-0.630673
0.701593
-0.664742
0.533530
0.352446
-0.177694
-1.210376
-0.058685
-0.094301
-0.507374
-0.611110
0.862071
0.495200
0.555860
0.782046
0.409985
0.541619
0.000064
1.054009
-0.133926
0.073855
0.678980
0.146066
-0.552028
-2.077550
0.001765
-1.143885
0.375849
0.142652
1.122501
0.171111
-0.171017
-0.276908
-0.094168
-0.348396
-0.235435
0.100494
0.642754
-0.663118
-0.598017
0.108251
-1.337106
1.035059
1.002032
0.385834
-0.684008
0.256017
-0.237801
0.628847
0.667328
0.274120
0.421867
0.851971
0.023944
0.015537
0.440344
0.290922
-0.496523
0.052464
-0.081384
-0.170902
0.876581
-0.616295
0.727863
0.679940
0.304338
-0.755590
-0.138778
-0.025954
0.218900
0.330716
-0.356533
0.837019
-0.474868
0.427113
0.041094
-0.436194
-0.631655
-1.734964
0.090266
0.680594
0.271730
-0.963846
-0.436709
-0.835538
0.516672
0.286800
0.037766
0.950455
-0.354422
0.817431
0.758757
-0.346035
-0.230815
-0.595622
-1.394036
-0.208919
0.213333
-0.177877
-1.296627
-0.606158
-0.676677
0.846416
0.031199
-0.565003
-0.380503
0.903067
-0.410859
1.006542
-0.733359
-0.858252
1.223774
0.473379
-0.152746
0.452243
0.281008
0.041607
0.399774
0.728290
0.290740
-0.470648
2.225573
-0.016439
0.280776
-0.364163
-1.350430
-0.351447
-0.206382
0.347905
0.085514
0.780811
-0.103496
0.058037
-1.722332
0.804263
0.126620
-2.819449
-0.976755
-0.364245
-1.040748
-0.176774
-0.250534
-0.136586
-1.005345
-0.464453
-1.757484
-0.621431
0.108032
-0.098894
-0.729358
0.323930
-0.214041
0.054317
-1.059860
-0.502526
0.601241
-0.574526
-0.204920
-0.066574
2.004214
-0.959307
0.673516
-0.304473
0.113669
0.245255
0.064451
1.522648
-0.600467
0.281236
-0.768440
0.368948
-0.368135
0.720415
0.982109
-0.155940
0.597775
-0.698735
0.238190
-0.427649
0.120294
-1.884048
0.262677
-0.495730
1.131920
0.791020
-0.456802
0.202995
-1.556071
0.427254
-0.347208
0.475110
-0.444808
0.070301
0.722112
-0.608940
-0.477128
-1.397641
0.101483
-0.615976
-0.928798
0.559082
0.702818
-0.564192
0.459359
-0.782487
1.046703
0.365268
0.887249
