-0.399265
-0.743588
-0.446906
-0.636977
1.358337
0.415151
0.098973
0.197661
0.413246
-0.141899
-0.385906
-0.471084
-0.118754
-0.856328
1.133067
-0.542658
-0.685273
-0.918865
-0.318875
0.376946
0.240862
0.983641
-0.803790
0.523692
-0.259253
-0.057945
1.001911
-0.708633
1.493518
0.711832
-0.255156
0.329991
-0.050021
-0.195203
-0.504658
1.749195
0.932083
0.329214
-0.452917
-0.120319
-0.828028
-0.486342
-0.410327
-0.708038
-0.549589
-1.346467
0.992308
0.555239
-0.872271
-0.701163
-0.331787
0.535595
1.072146
0.883352
-0.661145
-0.105276
0.187949
-1.079740
-0.432884
0.161744
-0.295267
-0.379598
-0.122640
0.376176
0.262619
-2.381657
0.195177
-0.047505
0.300668
-0.081587
-0.685141
-1.164710
0.782428
0.096788
-0.459224
-0.938752
0.217410
-0.566941
1.212849
-0.798596
-1.273901
0.809761
0.295078
0.217689
0.625648
0.831367
-1.558389
0.005388
-0.026825
1.076390
0.141565
1.411493
0.310260
-0.729281
0.972791
0.220052
-0.991398
-1.306438
-1.066937
-0.003175
-0.294787
0.377120
-0.256291
0.425472
0.425041
-0.479621
-0.056583
-0.143742
-0.586221
-0.362344
-0.516083
0.226792
-1.212610
-0.557514
0.917262
-1.288314
0.399426
-0.307321
-0.753355
0.613523
-0.404850
0.431786
-0.132997
-0.084364
-0.988977
-0.722886
0.217912
-0.930699
0.978297
-1.885662
-0.159926
0.630495
0.341184
-0.142822
-1.795488
-0.058043
0.159725
0.350776
0.853391
0.107920
-0.036029
-0.308119
-0.328948
0.407508
-0.110158
-0.204845
-0.828389
0.144690
0.284970
-0.444950
0.285761
-1.175855
0.468833
-0.865740
-0.319734
0.380582
-0.499619
0.801653
1.128945
-0.325367
0.918027
0.348938
0.277973
-0.381099
-0.034197
1.285025
0.341097
-0.399965
-0.421944
-0.025341
0.787806
-0.695608
0.333173
0.612754
0.301959
-0.521985
-0.540900
0.647598
-0.937632
-1.477823
0.451201
1.096726
0.358660
0.042794
0.186854
0.209308
0.427663
-0.854793
-0.520771
0.387808
-2.005138
0.631561
1.118058
0.637997
0.093944
0.334144
0.543788
-0.072421
-0.943639
0.633406
-0.433918
-0.240818
-0.293783
-0.454497
-0.032177
0.101246
-0.029542
0.082372
-0.501142
0.021914
-0.759685
0.819761
-0.835997
1.113806
-1.151932
-0.654028
0.720756
0.267825
-0.148063
1.328342
-0.582270
-0.259895
-1.713461
-0.938667
0.502507
0.197125
0.023352
0.959189
-0.418568
0.809936
0.423010
1.463241
-0.462565
-0.098773
-0.121839
-1.362369
0.845803
0.404415
-0.185442
0.671602
0.599834
-0.414047
-0.412303
-0.318007
0.883951
-0.046842
-1.009019
0.615432
0.912331
1.124878
-0.731344
0.003122
-0.355214
-0.674972
-0.383540
-0.264732
-0.706643
0.212489
-0.955058
0.085803
-0.733572
1.228213
0.612844
0.121918
-1.254643
1.040562
0.241467
0.268900
0.603422
-0.981923
-1.917770
0.496665
-1.459342
-0.100112
-0.627605
0.104970
-0.212726
-0.562511
-0.415419
0.785452
1.865958
-1.122253
0.569946
0.483798
0.301831
-0.144930
-1.395141
0.482776
0.487818
-0.912366
-1.176977
0.611151
0.185597
-0.623028
0.606326
-0.658108
-1.044513
-0.739970
1.250628
-0.551019
-0.477823
0.754841
1.066592
0.217581
0.408547
-0.103724
0.775044
-0.840208
-1.127521
-1.017423
-0.490129
0.517507
1.113969
0.669754
-0.074087
-0.329084
0.787326
1.089446
0.085570
0.077736
-0.800639
-0.154199
-1.119086
0.187814
-0.103860
-0.279964
-0.432272
-1.110978
0.150924
-0.198069
0.300907
-0.736751
-0.789940
0.502574
0.131580
-1.464621
-0.337978
0.413276
0.178088
0.500641
-0.431385
0.063364
-0.655337
-0.478991
0.451248
0.482425
-1.047467
0.519295
0.083453
0.023226
0.357583
0.858218
0.560854
-0.210323
-1.192471
-0.187925
-1.034185
-0.654787
0.770812
-1.240800
0.325693
-0.200520
0.150589
-0.786092
0.322984
1.089403
0.380141
0.164191
-0.707322
-0.296604
0.074525
-0.467541
0.052760
0.926734
-0.151161
0.652076
0.828325
0.023756
1.030004
1.494016
0.135599
-0.404788
0.636701
0.300372
-0.350778
1.052314
-0.259036
-0.463380
0.081476
-0.007032
-0.859637
-0.505081
-0.317938
-0.027451
0.470307
0.070704
-0.316808
-0.869703
0.184308
-0.008697
0.528257
-0.302909
-1.525483
-0.506270
0.784832
-0.222644
0.530577
-0.467492
0.200961
-0.840055
0.435425
0.407215
-0.272784
1.018056
-0.122951
0.641238
-1.047708
-0.436892
0.653134
0.273237
-0.089182
0.691480
0.382917
-0.178680
0.675818
-0.521868
-0.648948
1.323864
1.744664
-0.002017
-0.730076
1.830584
1.027627
1.082697
0.232572
-0.893965
-0.264355
-0.183913
0.109415
0.301166
0.909584
-0.187505
-0.234039
0.521798
-0.435589
-0.413288
0.236504
0.209842
-0.429470
0.106942
0.952815
0.594025
-0.424967
0.535261
0.182961
-0.448321
1.683950
-0.160595
0.474670
1.806855
0.877883
-0.606345
-0.581767
1.032577
-0.016326
-1.028736
-0.716381
-0.505072
0.506620
1.004410
0.620648
-0.627161
0.387012
0.081935
-0.695476
0.582078
-0.907647
0.475780
0.274153
-0.762912
-0.870215
-0.217471
-1.081212
0.025548
1.052680
0.766023
-0.298479
-0.833072
-0.940286
0.221859
-0.490754
-0.719996
0.129671
-0.446202
0.230844
-0.351739
-0.216057
-0.011743
-0.192834
-0.346012
0.552345
0.524921
-0.161789
-1.547210
0.173885
1.304297
0.992463
-0.393714
0.340229
-0.705825
1.109148
-0.153796
0.345283
0.537179
-0.207084
0.538210
1.022599
0.209248
-0.049361
-0.423393
0.468295
0.138398
0.215483
0.142531
0.027187
-1.209759
-0.413722
1.509898
-0.287542
0.100769
0.045590
0.365461
0.741376
-0.140879
-0.010612
0.444481
-0.064931
0.258868
0.207448
-1.562091
-0.309875
-0.514673
-0.015325
-0.088473
-0.023849
0.337507
-0.860757
0.782919
1.098925
-0.011305
-0.351209
0.536219
0.525052
0.843518
-0.297513
0.195000
0.003161
-0.183979
0.032196
0.362498
1.260361
-0.203621
1.052707
1.051196
-1.396894
0.038427
0.645335
-0.364176
-0.934843
-0.079550
0.110308
0.475065
0.771301
0.777347
-1.678203
0.647348
-0.374396
-0.357958
-0.247565
-0.391904
-0.321776
0.994715
-0.418482
-0.141437
0.913851
0.086489
0.780361
2.113834
1.790571
-0.446432
-0.073715
0.621905
-0.761701
0.443744
-0.164744
0.950590
0.002552
-0.729841
0.171527
-0.005750
-0.376264
-1.303148
0.802239
0.206639
0.451591
0.429482
-0.661727
0.286460
-0.085849
0.164760
-0.460441
0.224362
-0.049969
0.364322
-0.956420
-0.165288
-1.125133
-0.485674
-0.458433
-0.855420
0.888893
0.890614
-1.806392
1.271534
0.434843
0.246376
0.600042
0.090714
0.145392
-0.573231
-1.138554
-0.188080
0.314147
-0.074515
-0.661302
0.005390
-0.514649
-0.073248
-0.277160
-0.741350
-0.259751
0.418976
0.451407
0.913356
0.479891
0.025060
-1.157016
0.265932
0.350627
-0.895499
0.981385
-0.514403
0.853933
-0.419422
0.069817
-0.287896
0.086230
-0.856239
-0.514294
0.320026
-0.235119
-0.376582
-0.123106
-0.058860
0.056802
-1.061067
-0.084483
0.174036
0.876959
1.092258
-0.209573
-0.879003
1.227320
-0.170257
0.779663
-0.076499
-0.066481
-0.054002
-0.360109
-0.401339
-0.678163
0.238490
0.264713
0.439251
0.236284
-0.179377
0.212027
-0.082474
-0.927697
0.465784
-0.940692
0.901971
-0.494473
0.180460
0.861097
1.367924
-1.428280
-0.225569
-0.882920
2.288067
-0.184116
-0.549979
-0.177356
-0.108968
-0.478496
0.701915
0.286372
0.165559
0.058381
0.604165
0.405400
-0.498532
0.406515
-0.900002
0.151030
-0.138421
-0.552312
0.514449
1.234332
0.604196
0.829713
-0.005093
-0.356575
-0.238443
1.190893
0.466892
1.058860
-1.135225
-0.511438
1.341487
0.922382
0.282545
-0.432856
-0.307158
-1.813947
-0.014473
0.437079
-0.152343
-0.990257
0.325767
-0.203454
-0.894719
0.110867
0.820799
0.429774
-1.135706
1.373775
-0.926280
0.108534
0.154656
0.191760
-0.096401
0.182754
-0.622507
1.695687
0.490992
0.653989
0.486694
-0.073307
-0.077290
0.224439
-0.213012
0.095802
0.035041
-0.152428
-0.901399
-1.794731
-0.587896
