-0.163629
0.231524
0.949725
0.820879
-0.625581
0.579734
0.078486
-0.632963
-0.340864
0.779451
-1.414420
0.352415
-0.217766
0.013134
-0.560849
-0.101349
0.179895
0.299696
-0.661954
-0.182168
-0.040184
-0.440293
-0.302900
0.679850
-0.488529
-0.057474
0.022022
0.238115
0.180418
-0.371556
-0.157593
-0.382359
-0.254626
-0.056510
1.333219
0.498939
-0.548436
0.123716
0.371172
-0.515339
-0.971741
-0.238668
-0.462818
-0.518764
-0.693759
0.112448
0.325612
-0.828489
0.156460
0.644804
0.188231
0.151659
-0.141388
1.131823
-0.278847
0.882004
0.576313
-1.420509
0.504968
-0.218918
-0.090422
0.222199
-0.009401
-0.206445
-0.021175
0.318083
-0.728462
0.074560
-0.330785
-0.540770
0.331213
0.976737
0.315016
0.153066
-0.149080
0.122897
-0.019621
0.648887
0.339372
-0.265359
0.024896
0.814308
-1.137626
0.846219
-1.098492
-0.231169
-0.649954
-0.491888
0.541449
0.413119
0.002126
-0.476474
0.404192
0.070243
-0.642673
0.577860
0.528421
-0.355390
0.330183
0.475354
-0.247221
-0.315519
-0.257928
0.625033
-0.390061
0.729716
-0.274498
1.134464
-0.137095
-0.100174
0.486177
-0.692026
0.093720
-0.297483
-0.695866
-0.057430
-0.987742
-0.358370
-0.552776
-0.079253
-0.571399
0.518124
0.003846
0.445976
-0.392203
-0.964535
0.253345
0.501011
-0.188614
0.009775
-0.777792
-0.401411
-0.323336
-0.001949
-0.499295
-0.198720
1.304105
0.666419
0.022384
-0.353443
0.104321
0.637814
-0.202898
-0.903506
0.669220
-1.535870
0.143597
0.013281
-0.642318
0.208517
0.609517
-0.199486
-1.220923
-0.737198
-1.552525
0.487936
1.335349
-0.621527
0.957205
0.357082
-0.398156
-0.239761
-0.038517
1.053041
-0.318013
-0.430584
0.009556
0.565661
-0.431933
-0.226639
-0.000156
-0.670007
0.161214
-0.004875
0.131723
0.190418
0.694818
0.073869
0.227950
0.998285
0.375510
-0.037196
-0.133690
0.039578
-0.300872
0.526330
-0.211814
-0.246182
0.506035
0.014961
0.117890
0.537754
0.790326
0.556833
-0.005941
0.526725
0.209472
-0.703313
0.915761
-0.008488
-0.196746
-0.409723
-0.824924
-0.272731
-0.869643
-0.019566
0.437132
0.032292
0.985991
-0.022206
0.468049
0.036925
0.151843
0.769588
-0.249683
0.815366
-0.148137
-0.042589
0.575475
-0.947639
0.032098
-0.737528
1.544908
-0.670329
0.103245
-0.919966
-0.537091
0.852009
-0.165315
0.044358
-0.225402
-0.166720
-0.459256
-0.041525
0.318081
-0.132740
0.336312
-0.016517
0.589652
-0.216855
-0.415284
0.697762
0.514444
0.310441
2.095591
0.921571
0.071647
0.108633
0.847842
-0.324066
-1.066721
-0.256791
0.220793
-0.382142
0.994625
-0.546116
-0.318343
0.792163
-0.076365
-0.008019
0.784753
-0.456764
-0.297907
0.522419
0.877140
0.346720
0.840547
-0.891135
0.631744
-0.014650
-1.337951
-0.644466
-0.330989
-0.888902
-0.824985
-0.184449
0.262602
-0.356733
-0.238613
-0.317468
0.353995
0.359184
-0.145592
0.533381
0.018249
-0.053285
0.614695
0.120330
-0.018040
1.051344
0.766562
-0.063810
-0.022499
0.386175
-0.411240
-0.805265
-0.078491
0.730583
0.964186
0.013354
0.383437
0.074896
1.119072
0.105132
0.275533
-1.249434
-2.244312
-0.071221
0.121659
-0.875654
1.968621
0.648928
0.629614
-1.160504
-1.091142
0.111244
0.653834
0.346536
0.283760
-0.016449
-0.424344
0.444947
0.582478
0.262755
0.510998
0.153474
1.185524
-0.976144
0.021125
0.494683
0.857845
0.228110
0.097848
0.271572
0.174166
-0.787142
0.261781
0.388356
0.673575
0.233992
0.509570
0.412919
-0.928102
-0.046865
-1.181701
-0.637003
0.264068
0.285462
-0.055461
0.579041
-0.564619
-0.343938
0.453488
-0.023049
-0.462284
-0.826028
-0.195854
-0.824915
-0.087346
0.539735
-0.505987
-0.055562
-0.427105
-0.211243
-0.610867
-0.116741
-0.551573
-0.506901
1.039165
-0.184113
-0.641979
0.357497
0.327372
-0.190463
0.415426
0.703672
0.471636
-0.574788
-1.372018
0.331856
-0.245524
-0.953085
0.050929
-0.469409
-0.276831
1.100532
0.543118
-0.498897
-0.187697
0.152976
-0.362528
0.143310
0.253198
-0.699101
-0.759685
0.495191
-0.875262
-0.447794
0.045790
0.188530
-0.021585
0.336569
-0.446994
-0.307610
-0.504852
0.648133
-0.618181
0.651681
0.023972
0.147798
-0.413246
-0.800870
-0.861503
-0.115839
-0.406051
0.549048
-0.023664
-0.299062
-0.256787
0.038451
0.998356
-0.868568
-0.140381
-0.689678
0.834116
0.655668
0.419139
1.390419
0.863070
0.048299
0.057192
0.325723
-0.794319
-0.027456
0.012309
-0.774045
0.100395
-1.157910
-0.537444
-0.354185
0.605641
0.506623
0.776183
-0.894932
-0.057013
-0.060598
1.014201
-0.120127
-0.164174
0.042724
0.159112
0.258264
0.125940
-0.841219
-0.444397
-0.200981
-0.288482
-0.266897
-0.337184
-0.569383
-0.433257
-0.125819
-0.743476
0.069142
-0.004204
-0.445624
-0.293768
0.296713
0.470460
-0.466052
-0.285992
-0.315424
-0.166799
1.015193
1.323166
0.133044
1.052653
-0.209522
-0.158972
-0.302811
-0.468879
-0.127867
0.364700
0.681223
0.465598
-0.413455
1.008559
-0.388782
1.378165
-0.106742
0.263063
-0.207891
0.322369
-0.368087
-0.093629
0.104096
-0.045367
-0.057859
1.033726
0.262918
-0.796462
0.088501
-0.469777
-0.751569
-1.065403
-0.200141
-0.702174
-0.855887
-1.455414
-0.551974
0.368327
0.749204
0.286439
0.325558
0.079862
-0.649375
0.854701
-1.080903
0.461909
0.133842
0.113056
-0.636486
-0.127989
1.019995
0.271340
-0.408044
0.412951
0.283042
0.517345
0.555421
-0.925691
-0.493801
0.492400
-0.133099
-0.261905
0.115175
-0.046867
0.338561
0.249341
0.709655
-0.649088
0.358352
-0.432827
-0.439170
-0.255980
0.604687
0.715101
1.188856
-0.630772
-1.320333
0.446534
0.305328
0.202511
-0.770848
-0.186733
0.591282
0.652829
0.859597
-0.584788
-0.283455
0.911512
0.327373
0.101500
-0.312719
-0.975748
0.051019
-0.626689
0.150966
-1.092650
1.027491
0.335243
-0.326290
-0.297380
0.557368
-0.023349
0.150529
1.291853
-0.077120
0.319168
-0.173816
-0.512480
0.363535
0.899985
-0.645351
-0.706214
-0.218037
-0.138726
1.105028
0.013680
0.573600
0.213582
-0.582668
-0.279272
-0.569710
0.181719
-0.130089
0.241847
0.288694
-0.539539
-0.223033
0.057893
0.068154
0.189793
-0.023974
-0.647442
-0.998980
-0.078588
0.215478
-0.782957
0.031994
0.696242
1.005994
0.374720
0.403770
-0.222799
0.231841
-0.446956
0.141464
0.605911
0.401151
-0.414862
0.334175
-0.153997
-0.315552
0.200454
0.662750
0.457350
0.220551
-0.349671
0.475435
0.036801
-0.368814
-0.610971
-0.196725
0.671117
0.418802
-0.519266
0.030159
-0.947645
-0.530023
0.451062
1.028160
-0.011117
-1.274202
0.371169
0.222102
-0.270595
-0.323115
0.326653
0.275374
0.329514
-0.459479
-0.119805
0.563657
-0.604411
-0.046369
-0.452633
0.377785
-0.950326
-0.699344
-0.018077
-0.257068
0.631626
0.156214
-1.031036
0.663826
0.062473
0.129540
0.359377
0.025702
-0.987178
0.565754
0.256375
-0.009240
-0.174564
-0.322457
0.315730
-0.897349
-0.165833
0.312318
-0.477084
1.003240
-0.652505
1.268413
-1.174410
-1.183109
-0.652469
0.114049
-0.504996
0.048544
-0.054926
-0.197188
-0.397202
-0.240865
0.505093
-0.075083
-0.635836
-0.239915
-0.415081
-1.834276
0.007927
0.448213
0.385610
-1.297309
0.547459
0.230727
-0.276655
0.095621
-0.343104
0.022429
0.064413
0.381603
-0.060523
-0.351162
0.132758
-0.592463
-0.149749
-0.796738
0.891704
2.030509
-0.440711
0.990171
-0.307915
1.462062
-0.140715
-0.593977
0.385791
0.156062
-0.130240
0.653309
0.861403
-0.776489
0.696485
0.390725
0.688724
0.367181
-1.041207
0.262178
0.464937
-0.410034
-0.633585
0.559032
0.291194
0.117955
0.290983
-0.132345
0.695969
-0.831823
0.161183
-0.329861
-0.782465
0.048654
0.268470
0.040562
0.600269
-0.363482
-0.703097
0.610821
-0.604573
-0.057833
1.077353
0.585191
-0.507054
-0.415585
0.289895
0.869290
0.883355
0.848554
