0.188126
0.006444
0.794726
0.126729
-1.687871
-0.352799
0.202604
-0.362626
-0.232367
-0.340581
-1.381281
0.952060
0.055414
-0.417239
0.049126
0.727694
-0.142274
0.350651
-0.175229
-0.414908
-0.179778
-0.228616
0.382873
0.589854
0.152283
-0.759009
-0.038764
-0.329868
-1.083781
-0.032481
-0.939873
-0.203977
0.208599
0.287610
-0.019334
-0.296957
-1.471376
-0.334037
0.676824
-0.024590
-0.650579
-0.261684
-0.270489
0.009499
1.017793
-0.033538
0.314658
-0.595708
-0.819008
0.805325
-0.265892
-0.348549
-1.127939
0.208594
-1.574087
-0.416629
-0.473635
-1.237749
1.713511
0.344264
-0.713207
-0.057703
-0.058842
0.187009
0.143933
0.025285
-1.267209
0.331516
0.511376
-0.521983
-1.072811
-0.422722
0.575491
0.626490
0.187332
0.773041
-0.050673
0.390449
0.315721
-0.721811
0.099046
0.277171
-0.142474
0.115908
-1.951847
0.548215
-0.753059
0.532515
-0.301299
-0.914342
-0.593330
-0.932867
0.968590
-0.084881
-0.090939
1.820266
0.576205
0.750067
-0.167709
1.023122
0.223979
0.499706
-0.686593
0.912302
-1.180300
-0.401935
0.232494
0.598783
0.054221
-0.650069
1.090690
0.571191
-0.232957
0.840950
-0.923595
-0.000584
-1.671043
0.296397
-0.360818
-0.848288
-0.480809
0.218656
-0.063046
0.363818
-0.186340
0.123387
-1.020552
0.645673
-0.582797
-0.556448
-0.511056
-0.449499
0.637532
-0.065235
0.778018
-0.190957
0.734998
0.360764
1.042499
0.597573
0.732736
0.633905
0.237005
-0.777898
0.225205
-0.406298
-0.048248
0.064585
-0.674066
0.741630
-0.004235
-0.261130
-0.883276
0.404822
-0.909104
0.646549
1.092983
-0.252807
1.210505
-0.387245
-0.769422
-0.061977
-0.540782
0.786127
-0.329934
-0.825083
0.824764
0.621594
-0.838958
-0.295109
0.563540
0.417717
0.104705
0.542569
0.143506
-0.125534
-0.280356
-1.197938
-0.055312
0.330194
0.498715
-0.119326
-0.406200
0.676819
-0.660858
0.320181
0.170795
0.708611
-1.224829
-0.725671
0.265162
0.074800
0.185304
0.184330
0.275607
0.609180
-1.764006
-0.309950
0.541511
0.301159
0.061038
-0.603632
-1.013508
-0.279585
-0.696371
-0.523695
0.436060
-0.878290
0.894055
0.481263
0.324037
-0.128621
1.488657
0.515031
0.356595
0.555493
1.397405
0.220720
0.605111
-1.760754
0.065608
-0.338350
1.757898
0.196788
-0.319103
-0.532275
-0.089906
1.261376
0.409650
-0.195885
-0.930357
0.395459
-1.302930
0.001881
0.695292
0.081334
-0.313931
0.077165
-0.139237
0.502572
-0.173516
1.385509
0.087076
0.680675
0.142626
0.164242
0.282651
0.350562
0.866447
1.293987
-0.595164
-0.084237
0.886020
-0.299572
0.467261
-0.973132
-0.289906
0.535734
0.273913
0.026079
0.044703
0.289710
-0.423607
0.481478
0.164012
1.528493
0.616556
0.047177
0.898953
-0.528269
-0.369778
1.067741
-0.354064
-0.637778
-0.296274
0.617633
0.673410
-1.244416
0.110910
-0.720723
0.013695
0.939333
-0.060578
-1.760321
0.351585
0.511605
1.266211
0.746560
-0.509910
0.338143
0.411812
-0.084204
0.061876
-0.128960
-0.422169
-0.139790
0.014005
-0.119756
1.174021
-0.926272
0.048784
-0.493615
0.722298
-1.086900
0.393154
-0.153718
-0.529242
0.136556
0.836418
-0.692893
0.945023
-0.032977
0.269907
-0.266802
-0.384189
0.198987
0.215535
1.203761
-0.163607
0.043173
0.594298
0.630648
-0.655005
-0.288581
0.119238
0.795748
0.737024
-1.428838
0.056431
0.980979
0.126035
0.142179
0.068001
0.556597
-1.487936
-0.743504
0.609375
-0.857961
-0.231046
-1.840990
-0.151419
0.282045
-0.493706
-0.247738
-0.260461
-0.443992
0.061074
-0.043046
-1.166187
0.290287
0.663794
-1.080375
0.454430
-0.260267
-0.130918
-0.082595
-0.511267
-1.290289
-0.967333
0.397051
-0.400374
-0.314339
-1.103711
-1.002410
-0.780402
-0.115427
-0.289422
-0.616779
0.728923
-0.011029
0.322506
-0.393474
0.027221
-0.580078
0.747677
1.338554
0.947069
0.739542
-1.150827
-1.298516
-0.366538
-0.407414
-0.427478
-1.715572
-0.549314
-0.205154
-0.239042
-0.737108
-0.100449
0.083987
-0.384156
0.335451
0.223999
-0.811248
-0.298924
-0.952583
-0.450739
-0.840995
-0.252271
0.448368
-0.058080
0.858045
0.601824
-0.052265
0.468034
0.573820
-0.175806
-0.185324
-0.068705
-0.360508
-0.625337
-0.488591
0.331245
0.627123
0.395833
0.503132
-0.587574
1.309958
0.182231
0.219283
-0.041070
-0.668385
0.080049
0.196064
0.002704
0.844496
1.228672
1.116351
0.915666
-0.150450
-0.285959
0.286432
-0.933856
1.201019
0.054492
-0.031801
0.299009
-0.464282
0.768081
0.434295
0.024445
0.994972
-0.771595
-0.522267
-0.500799
-0.037360
0.339915
1.069073
-0.733194
-0.756117
-0.794612
1.869472
0.608443
-0.008635
-0.231947
-0.037498
-0.751157
-0.093718
-0.237219
0.896467
-0.840928
0.124959
-0.012104
1.028155
-0.430332
0.678182
-0.044554
-0.224764
0.439290
-1.344724
-0.167711
-0.010750
1.011533
0.437523
-0.328293
1.084188
0.689875
-0.113040
0.941559
-0.099451
-0.478533
-1.196799
0.422938
-0.027220
0.387852
-0.960451
0.403960
-0.843037
0.551498
-0.297275
1.003332
0.478536
0.162352
-1.182558
0.625075
-0.537999
0.137655
-0.705299
0.801846
-0.069710
-0.770947
0.012864
0.219768
-0.172133
-0.405053
0.158452
0.310869
-0.975270
-0.853488
0.194720
-0.796681
1.345733
0.793526
0.216942
0.876336
-0.202490
0.090441
-1.332299
0.262549
0.036849
1.841495
0.278200
0.804244
-0.278563
0.061609
0.396881
-0.574099
0.415332
0.230411
0.893279
-0.521453
-1.059786
-0.329896
-0.337413
-0.464932
0.182547
0.077033
1.440063
-0.555120
0.491713
0.003092
0.061065
-0.060453
-0.199069
-0.385971
0.795118
0.444099
1.083255
-1.076128
-1.079696
1.004743
0.310540
0.504078
0.087141
-0.171237
0.538129
1.879698
0.065012
-0.347588
0.249845
0.596820
0.105924
0.586882
-0.244252
0.380029
0.024159
-1.011059
-0.125022
0.868067
0.360179
-0.028487
-1.897754
0.296709
1.093338
-0.069119
0.354165
0.447626
-0.386210
-0.084842
-0.170152
-0.039869
0.249195
0.265101
-0.822690
-1.286263
-0.384388
-0.781731
0.089198
-0.078932
-0.225144
-0.254522
-1.187164
1.636480
-0.394410
-0.042373
-0.007132
0.122471
-0.418142
0.753643
0.156966
0.000542
-1.211084
-0.011831
-1.366144
-0.131706
-1.880779
0.499966
-0.130035
-0.446067
0.334575
0.640704
0.199574
0.059490
-0.521515
0.210262
-0.023302
-0.238456
0.867864
-0.326785
1.052665
-0.883871
-0.403553
0.229388
0.941620
-0.538656
0.213638
0.144215
0.314798
-0.351386
1.231710
0.547968
0.162867
-0.288695
0.391115
0.302736
-0.952743
-0.073377
-0.161755
-1.030704
-0.615362
0.228045
0.333667
-0.515903
-0.099119
0.592067
0.246053
-0.178382
-1.139047
0.690911
1.749057
0.714977
0.146048
0.318668
-0.484638
-0.328036
0.237905
0.142288
0.860697
-0.961944
-0.575965
0.191234
-0.357458
0.929344
0.307419
-1.031171
0.430892
0.510339
0.979753
0.402540
-0.349227
-0.482160
-0.324571
-0.414785
-0.039806
-0.935260
0.076209
0.440246
-0.158883
-0.327239
-0.358840
-0.815774
0.229850
-1.569772
0.333277
-0.327967
-0.253372
0.687376
0.209029
0.505290
0.613901
-0.115338
0.203207
0.380906
0.930744
0.158716
-0.009158
-1.425053
-0.025250
-0.171783
-0.459960
-0.035147
0.995888
0.940989
-0.656745
-0.040786
-0.433202
-0.695178
-0.623627
-0.007361
-0.530974
-0.409354
-0.075798
0.232095
-1.727588
1.135088
1.104188
-0.589392
0.379491
1.296260
0.134809
0.870321
0.481564
-0.466418
1.433173
0.666473
-0.887661
1.850136
-0.013405
0.337304
-0.102234
0.100533
0.067667
-0.207594
0.938937
-0.851586
0.188815
0.160912
0.456348
0.459332
-0.630522
-0.603951
0.516801
-0.045099
-0.714324
-0.584261
-0.537666
1.454247
-0.443637
-0.318074
-0.424925
-0.728206
-0.610148
0.804939
0.293205
-1.137597
0.366828
-0.331155
0.047290
-0.226604
0.070563
1.042776
0.219796
-0.318537
-1.064508
-0.203379
2.144486
-0.495870
0.389262
