-0.544548
0.720362
0.311543
-0.007369
-0.446914
0.478018
-0.490249
0.120077
-0.262858
-0.722407
0.275324
0.022002
-0.268246
-0.218117
-0.279803
-0.148879
-0.161559
1.435715
0.092056
-0.423374
-0.321469
0.521779
-0.415895
0.324655
0.238613
-0.568862
-0.473491
1.016325
-0.134332
-0.311649
-0.285154
0.255282
0.453757
0.795242
-0.584446
0.093913
-0.988007
-0.763403
-0.274746
-0.582464
-0.374124
-0.043217
1.117782
-0.246671
0.563027
-0.680254
0.290837
0.428469
-0.529748
0.646343
-0.939555
0.818180
-1.570115
-1.064713
0.135089
0.806451
1.262093
-2.195304
1.293359
-0.168714
0.053487
-1.389522
-0.148424
1.090117
-0.217539
0.446004
-1.503501
-0.226290
-1.071113
-1.363509
-0.632976
-0.454271
0.162008
0.975327
0.794198
0.246465
-0.943529
0.098310
-0.702846
0.073574
-0.256945
0.647123
-0.306508
0.041988
1.838636
-0.115078
0.293047
-0.272463
-0.644390
0.359417
1.511637
0.901798
-0.092740
0.612036
-0.001547
-1.205485
-0.743907
-1.031916
0.501214
0.352173
-0.210970
1.463687
-1.058523
-0.492368
-0.762470
0.711924
-0.959086
-0.721506
0.247194
0.452232
-1.114612
-0.361464
-0.567083
-1.004499
-0.774755
0.629222
0.056989
-0.264503
0.404750
1.292070
-0.341645
0.270824
-0.178441
0.222121
-0.670972
-0.756573
-1.158660
-0.555154
-0.277411
0.143153
0.201399
-0.171050
0.188435
-0.181508
0.580581
-0.066288
-0.106518
0.647028
0.476471
-0.027620
1.236497
-0.186879
1.768715
-0.045093
0.356689
1.722950
-0.838508
0.177032
-0.696059
-0.072657
0.560967
-0.269841
-0.240340
-0.798877
0.018154
-0.008565
0.512824
1.221413
-0.373246
-0.314043
1.428883
2.525334
-0.675941
-0.041282
-0.696037
0.404732
0.200791
0.152403
2.263224
-0.703828
0.004804
1.347526
-0.166965
-0.494420
-0.362273
0.440025
1.246099
-0.134793
1.105598
-0.250549
0.071174
0.665471
0.374958
-0.532340
0.093666
0.436475
-0.690495
0.824995
-0.510828
-0.000382
-1.164465
-0.427017
0.199442
0.214688
-0.005090
0.297501
2.308743
-0.330172
-0.536088
0.248833
-0.514564
-0.820254
-1.616032
0.311108
-1.857918
-0.525205
1.424331
0.200221
-0.624088
0.563342
0.346820
1.077408
0.040356
1.614114
-1.896473
0.531358
0.441881
0.071682
0.812743
1.430059
-0.312996
-0.503216
-0.386739
0.356867
0.688973
-0.158045
0.039198
-0.121837
0.447599
-1.114107
0.350267
-0.669278
-0.483969
0.058352
-0.718547
-0.837977
0.005593
0.696566
-1.456766
-0.484513
-0.239166
-0.759515
0.343777
-0.202051
1.140327
-0.946089
-0.961720
0.542692
-0.459671
0.021168
-1.568105
-0.504997
-0.778104
0.291240
0.335116
-0.767418
-1.387948
0.336930
-1.520421
0.118616
1.498503
-1.212821
0.477577
-0.291483
1.515012
0.977748
0.856775
0.540947
0.178268
0.175208
-0.379981
-0.491236
-0.974926
-1.382545
-0.787636
-0.667099
-0.209278
-0.456151
-1.196155
-0.247220
1.338974
0.117494
1.290383
0.164258
0.609717
-0.037780
0.252451
0.997958
0.331616
-0.559579
-0.570934
-0.061157
0.168246
-0.466138
0.032819
-0.052738
0.124292
0.582359
1.237807
-0.617956
0.203883
-0.044622
-0.774173
0.146814
-0.790384
-0.438350
-0.024617
0.411455
0.760511
0.203856
0.562926
0.698371
0.286321
0.007617
0.180627
0.634726
1.125417
0.024143
-1.164353
0.115543
0.349309
1.213984
-1.493201
-0.317878
0.227880
0.704225
0.239573
0.599921
0.179684
-0.392689
0.926695
0.475816
-0.499492
0.921232
0.274165
0.461457
1.307744
-0.446517
0.168676
-0.081124
0.370192
-0.041323
0.274532
-0.116572
0.220282
0.174835
0.403610
0.280322
-0.660371
-0.049924
0.894982
0.998814
0.017749
0.895432
0.206633
-1.496980
-1.232275
1.563089
-0.010242
0.959466
-0.282767
-0.449796
-0.338242
-0.456940
-1.082812
-0.203471
-2.091012
-0.040165
0.186759
0.919503
-0.842048
0.846061
-0.440543
0.372349
-0.138769
0.977035
-0.651895
-1.528129
-0.221936
-0.206113
-0.658328
-0.202550
1.314989
-1.010490
-0.051993
0.117141
0.166271
-0.543431
0.243117
0.356403
-0.761437
0.401240
-0.151954
-0.424552
-0.649501
0.116789
-0.802730
-1.285421
0.572611
1.041441
1.714422
-0.417051
-0.056257
-0.139106
-0.198146
0.051241
-0.895977
-0.231983
0.559532
-0.521945
0.100936
-0.303979
-0.033647
-0.072316
-0.376513
0.296301
0.695502
-0.809083
0.034525
0.094808
-0.353748
0.373984
0.255829
0.650477
0.292580
0.368533
-0.880391
0.047226
-0.601411
0.841148
-0.914019
-0.509593
-0.023696
0.445488
0.154654
-0.049086
-0.214641
-0.433192
-0.541962
-0.619287
0.094036
0.204821
-0.338888
0.348468
-0.372152
-0.006673
-1.158349
0.127753
-0.744016
0.754752
0.397485
0.392548
0.572339
-0.039158
0.101117
0.113011
-0.366889
-0.311226
0.472668
-0.396069
-0.431264
-0.534714
0.548518
0.879363
0.457774
0.514752
-0.264658
-1.784790
-0.187472
-1.159603
-0.540343
0.564878
0.706647
0.153809
-0.207175
0.701667
0.801849
1.442605
0.019617
0.843323
-1.049841
0.443482
-1.010231
0.150270
-0.635283
0.094346
-0.652467
-0.196050
-0.208570
-0.521457
-0.379295
-1.790645
0.202054
0.735910
-0.352305
-1.409150
-1.621596
-1.103205
-1.177537
0.330675
-1.138905
-0.319977
0.730179
-0.187939
-0.202510
0.530697
-0.378729
-0.545048
-0.015311
-0.055592
0.181396
1.729787
0.451276
1.677058
0.284471
0.506724
-0.756913
-0.672563
-0.140406
0.549100
-1.034826
-0.236704
0.345990
-0.535577
0.079755
0.701824
0.833014
0.387600
0.400351
-0.249706
-0.204799
-0.597218
-0.129019
0.551723
0.287405
-0.160113
0.140292
-0.249434
-0.329688
0.412803
1.417776
0.483407
0.296909
0.360394
0.391142
0.399498
0.640798
0.103338
0.718513
-1.130141
0.108287
0.063411
-1.029393
-0.279886
-0.558780
-0.320098
-0.604416
0.121762
-0.298291
0.097779
0.658162
0.587319
0.096784
0.422933
0.393391
1.026796
0.947498
-1.120061
0.209903
1.339743
0.419917
-0.216823
0.716072
0.775661
-0.173870
-1.694913
0.359306
0.184269
-0.540486
0.061585
-1.366863
-0.411822
-0.405454
0.516625
1.782734
-0.365023
-0.482522
0.565965
0.694023
0.335145
1.526464
-0.990315
1.636866
0.441159
0.442169
0.033659
-0.288933
-0.720452
0.753101
-1.335151
-0.058282
0.668304
1.169360
0.223624
-0.056209
0.000964
0.359096
-0.591302
0.114395
0.698263
-0.226645
0.202257
-1.785016
0.822312
-0.123087
-0.837093
-0.549070
-0.716576
1.014568
-0.931227
0.034520
-0.544842
0.174790
-1.368433
0.724749
-0.990072
0.756158
0.786950
0.190778
-0.969978
-0.629149
-0.056235
0.186103
-0.716586
-0.071027
0.263420
-0.914236
-0.159094
0.125857
-0.333352
-0.900930
0.678110
1.083118
-0.122100
0.616938
-0.318650
-0.404991
0.202856
-1.120734
0.053049
0.276693
0.724850
0.419244
-0.868389
1.837200
0.590986
-0.162059
0.854435
-1.477839
-0.192507
-0.198147
0.528808
0.971746
-0.197476
-0.299614
0.412121
0.245196
-0.309573
-0.716494
0.833988
0.567613
0.454019
-1.690464
-0.189743
0.747786
0.522118
0.041161
1.275971
0.121447
0.241475
0.653299
-0.326453
1.171638
-0.429278
0.283339
-0.729300
-0.927453
0.688928
-0.363961
-1.086828
0.573380
0.534367
0.941621
-0.768173
0.352186
1.778343
-0.034337
-1.158229
-0.099761
0.659831
-0.206730
0.220015
-0.176692
0.139392
0.806475
-0.389492
-0.055538
-0.504468
-0.367353
-0.636847
0.432218
-0.770737
-0.328932
-1.560851
1.335742
0.647255
-0.237492
-0.344587
0.044814
-0.304456
-0.336912
-0.202625
-0.627835
0.859854
-0.006241
0.555041
-1.770598
-1.493976
0.153850
0.491993
0.350602
0.785708
-0.065066
0.792534
0.285443
-0.343368
0.260480
-0.338689
-0.550718
-0.195848
0.007458
0.560700
-0.470591
-0.268006
-0.721755
0.897630
-0.877053
-0.204195
0.037997
1.356587
-0.240522
0.718295
0.452904
0.049190
0.522613
0.438620
0.159888
-0.371723
-0.239279
1.212332
0.911636
-0.847360
-0.404254
-0.324307
0.159562
0.551971
-0.752774
-1.150475
