-0.737560
0.328779
-0.649915
0.058569
0.792013
0.238202
-0.535647
0.451659
-0.440834
-0.361148
0.405523
0.100177
0.493223
-0.685818
-0.488855
-0.036577
0.144685
0.552916
-0.162207
0.135485
0.473889
0.204917
-0.133977
-0.056873
0.940175
-0.020180
0.212300
-0.380493
-0.089453
0.811003
0.633277
0.440731
0.070292
0.075745
-0.391410
-0.388172
-1.619530
-0.435244
0.655124
-0.807037
0.078676
-0.801651
0.072478
-0.431450
0.472604
-0.999579
0.568966
0.875058
-0.606041
0.769602
-0.190547
0.416376
-1.483181
0.768869
0.630907
-0.529462
-0.392806
-0.241353
0.240785
0.119806
0.249827
-0.353491
-0.085972
0.027284
-0.581030
-0.392051
-0.454154
0.064807
-0.389499
-0.654425
0.398781
-0.011986
-0.604402
0.626675
0.051212
1.276019
-0.516063
0.887729
-0.029500
-0.579162
0.255943
0.431003
-1.067058
-0.080457
-0.747226
0.068199
0.702941
-0.281194
-1.102243
0.726767
1.099116
0.566097
0.239104
0.041775
0.550709
-1.806215
0.384301
-1.381535
0.763012
-0.063659
0.815978
0.296518
-0.419111
0.234807
-0.126916
0.536111
0.720561
-0.481595
0.299549
0.184725
0.836497
1.148645
-0.813070
-0.802693
-0.118432
-0.336446
0.476123
-0.911163
-0.007182
0.163698
-0.661104
0.367424
-0.120740
-0.673783
-0.525912
-0.534448
-0.325781
0.253770
0.643145
0.646395
-0.909115
0.231298
-0.057242
-0.112906
-0.104957
0.188027
-1.013634
0.440781
0.098976
1.587785
-0.204025
1.214485
1.194954
0.714810
1.458330
1.359459
-0.359520
0.116702
0.990535
-0.202232
-0.678204
0.326987
1.354186
-0.734192
0.572669
-0.327365
-0.312649
-0.919603
-1.020390
0.285445
-0.015465
2.573077
0.770628
-1.223440
-0.356641
-0.205259
0.483826
-1.507671
0.898462
-0.473529
0.990817
0.955554
-0.621619
0.712169
0.152928
1.386216
0.678339
0.316898
-0.300556
0.117396
0.167546
0.613467
0.291656
1.306850
-0.143515
-0.977696
0.539631
0.110152
-0.273531
-1.347938
-0.148129
-1.398655
0.764908
-0.089593
0.534073
0.499646
0.009742
-0.339160
-0.341734
-0.084389
0.564189
-0.160993
-0.878292
0.139454
-1.323119
0.235374
0.265995
-0.223862
-1.252857
-0.766262
-0.057946
0.020109
-0.321307
0.571097
-0.735119
1.084499
0.307443
-0.070162
-0.872826
1.399546
0.073994
0.676190
0.234490
-0.529419
-0.360518
-0.172544
0.222267
-2.473286
-0.276149
-0.068021
-0.838310
-0.137650
0.775072
0.317494
0.081687
-0.000154
-0.507637
0.204327
0.093642
-1.154120
-0.109083
0.067764
0.454936
-0.420191
-0.640129
-0.048079
0.880351
0.044089
0.582672
1.082645
0.179205
-0.479351
0.122943
0.901207
0.505485
-0.799039
-0.299287
0.384128
-0.942958
0.062789
0.093827
0.309300
0.637153
-0.396986
-0.009287
0.554207
0.071834
0.444677
0.133690
0.549790
1.307346
0.361180
0.540896
-1.454502
-0.466500
-0.222793
0.198439
-0.346323
0.291544
-1.255073
1.225715
0.809628
0.431484
0.034631
0.206650
-0.134267
0.331531
0.583216
0.428758
1.509661
-0.352983
-1.440911
0.046849
-0.880494
0.564605
0.180084
1.649417
0.064590
0.233428
0.216832
-0.022281
1.005632
-1.043144
-0.711005
-0.236816
-1.007720
-0.556988
-0.884930
-1.094526
-0.256217
1.140807
0.800314
0.021654
-0.065346
0.818468
-0.059322
1.585680
-1.086351
0.084593
0.055768
-0.299162
0.583785
-0.485487
-0.514882
-0.488903
0.249955
-0.749072
-0.700734
0.081795
0.343220
-0.106559
-0.192940
0.149267
0.048584
0.588190
0.107719
-0.471930
0.670327
-0.054675
0.116674
0.862650
0.243609
-0.327222
0.974971
0.497360
-0.429823
1.099753
0.223509
-0.085139
0.820934
0.283557
-0.403782
-0.900630
-0.554923
0.125371
0.162503
-0.532048
-2.027333
-1.039650
0.706277
-0.303537
0.741803
1.131047
0.805191
0.595709
0.612905
-0.343729
0.117353
-1.446555
-0.440462
0.557484
1.727213
0.397484
0.230416
0.371298
0.437405
-0.395824
0.093705
-1.317845
-0.136866
-0.244475
0.504669
0.584887
-0.447074
0.051690
-0.659000
0.897593
0.488755
-0.362202
-0.610304
-1.220600
-0.321660
-0.078762
0.126734
-0.331890
-0.130579
-0.309605
0.481635
-0.615212
-0.216737
-0.673985
0.006160
-1.074939
0.134633
-0.918472
0.454202
-0.535419
0.015930
-0.231758
0.045045
-0.929019
0.572567
-0.148504
-0.814316
0.578592
-0.163034
0.975172
0.175486
0.753265
0.459144
0.279521
0.226447
0.365991
0.200569
-0.626097
0.108163
0.462884
-0.681591
-0.479209
-0.005221
-1.047511
0.053396
0.726553
-0.879768
0.123339
-0.512130
0.459775
-0.797958
0.028701
0.324087
-0.987831
-0.010385
-0.618696
0.880219
0.667394
0.259249
-1.138011
-0.491339
-0.544162
0.273955
0.469160
1.205622
-0.415434
0.851922
0.196212
-0.513645
1.052335
-0.202724
0.069989
-1.344949
0.730137
0.149245
-0.630163
-0.330629
-0.242508
-0.266754
0.546273
-1.397307
-0.814017
0.079482
0.003318
0.980224
-0.881143
0.664597
-0.234561
-1.319564
-0.461831
0.117768
0.149864
0.523205
-0.431259
0.077006
-0.407273
1.149138
-0.106539
0.360680
0.078589
-0.353905
0.736428
0.243972
0.658147
-1.127612
0.660745
-1.174797
-0.620384
0.302289
-1.776566
-0.390399
0.837721
0.133250
-0.116889
-0.214867
0.683513
-0.804270
0.988155
0.188545
0.216371
-0.869806
-0.314253
-0.393518
-0.236785
0.685081
-0.267187
1.254278
-0.238734
0.417737
-1.313463
-0.495654
0.385855
-0.816797
-1.684749
0.305593
0.175396
-1.133907
0.552096
-0.674039
1.469866
0.129941
-0.524360
-0.400834
0.248153
0.474227
-0.248059
0.791579
0.241360
-0.745786
-0.179624
-0.528924
-0.997171
0.149305
-0.382763
-0.928953
-0.020275
0.218205
0.352756
0.022540
1.206805
-0.187112
-1.125694
0.748061
-0.451082
0.732080
0.227509
-0.493579
0.074029
-0.258451
-0.321057
0.423293
0.201400
0.401222
-0.067549
0.241276
-0.656479
0.782151
0.753249
-0.052115
-0.220104
-1.005676
0.722350
0.437252
0.565091
1.038231
1.641261
0.961305
0.578319
-0.389504
-0.788217
2.381844
-1.211399
-0.142206
0.926079
0.008320
0.584478
-0.588205
0.315090
-0.334813
-0.070041
-0.729488
0.319999
-0.247616
1.147028
-0.265713
0.436582
-0.234198
-0.983558
-0.149385
-0.640002
0.279206
0.154581
-0.025197
0.325444
1.112617
0.280765
0.839548
0.879490
0.631517
0.794265
0.273198
-0.740609
0.590447
-1.280515
1.016589
0.072884
1.210703
0.781669
-0.538446
0.169048
0.148735
0.535864
0.321861
-0.824538
0.780374
0.154872
-1.619896
-0.507715
-0.439701
0.666658
0.044503
-0.120747
-1.020422
-0.018499
-0.199051
-0.886931
-0.966480
0.707946
0.395184
-1.369573
-0.106958
0.827820
0.653736
-0.733695
0.803078
0.183367
-1.575397
-0.116574
0.232661
-0.160414
0.104021
-0.029784
0.874650
1.111322
-0.732904
0.613605
0.410219
-0.388909
0.815130
-0.481144
-0.020160
-1.288419
-0.972551
1.142717
0.589813
-0.818074
-0.146183
-0.560448
0.575078
-0.747734
-0.710586
-0.572194
-0.755550
-1.137686
-0.467159
-0.234224
-0.089279
-0.120610
0.194418
0.731143
-0.263350
-0.514586
0.775865
0.603434
-0.632748
-0.505628
-1.496369
-0.682425
0.822718
0.167499
0.537470
0.075530
-0.434785
-0.013825
1.862696
-0.611942
-1.243807
0.098453
0.231365
0.491477
-0.491126
-0.246319
0.638982
-0.045651
-0.623071
-0.533832
-0.219562
0.800970
-0.601090
-0.229478
-0.146250
-0.124245
-0.594267
0.089705
-0.180086
-0.893830
-0.682121
-0.251693
0.859691
0.597909
-0.470781
-1.018795
-0.570982
-1.430573
0.542383
-0.400633
0.353611
-0.513297
-0.300842
-1.323402
0.373057
1.269921
0.109108
1.192222
0.394902
0.244931
1.262369
0.629222
-0.113888
-0.405079
-0.186903
-0.363022
0.701600
1.070999
0.029565
0.150281
0.715984
0.102221
-0.275617
-0.324902
-1.225081
-0.912126
0.477114
1.096564
0.650896
-1.287117
-0.880548
-0.281572
-0.717721
-0.789356
-0.705371
0.906710
-0.512890
0.621176
-0.485754
0.255671
0.019888
0.689726
-0.022828
0.288304
-2.031873
