-0.286735
0.326626
-0.322813
-0.365179
0.551912
0.936240
0.314078
0.414874
0.268744
0.125623
0.385812
-0.371222
0.932918
0.248244
-0.385966
0.955008
-0.296204
1.175646
-0.422849
0.119690
1.166950
0.510716
-0.838213
-0.145168
1.106342
-0.180558
0.320775
0.523628
-0.021090
1.455009
-0.054651
0.295550
-0.177569
-0.391490
-0.870725
-0.214297
-1.864327
-1.254622
-0.340252
-0.805647
0.491525
-1.260486
0.863826
-0.432508
0.288074
-0.858442
-0.485454
0.556701
-0.080320
0.190365
-0.213052
0.050254
-1.327339
0.396637
1.242600
-0.577413
0.302554
-0.569796
1.021432
0.123678
-0.238221
-0.393273
-0.205414
-0.000777
-0.115375
-0.079770
-0.366892
0.379079
0.246392
-0.905095
-1.282578
0.881608
-0.858834
1.077724
0.391410
1.347956
-0.202258
0.218489
-0.207256
-0.571958
-0.145634
-0.307916
-0.442959
-0.282461
0.684408
-0.158195
-0.061928
-0.257117
-1.438275
0.720946
0.240812
0.968527
0.243536
-0.128291
-0.148957
-1.789433
0.668199
-0.561827
0.214522
-0.345625
0.844367
1.196846
-0.671266
0.788118
0.544071
0.566760
0.314218
0.168800
0.949419
-0.259658
0.035151
0.702789
0.358083
-0.540715
-1.202302
0.329449
0.049094
-0.817535
0.818914
0.929908
-0.864171
0.610155
-0.237457
-0.637028
-0.496579
-0.615763
-0.661104
-0.703608
-0.934939
0.174070
-0.332146
0.923106
0.074928
-0.224080
-0.645364
-0.190828
-0.766525
0.367835
0.791263
0.842102
0.442662
1.662842
0.276470
0.437502
0.500897
1.071734
-0.326574
0.233274
0.479651
-0.397626
-0.566595
0.799846
0.399764
-0.354353
0.803243
-0.416076
-0.019185
-0.394588
-1.375880
0.252742
0.589484
2.705070
1.167269
-1.820412
0.627463
0.460919
-0.134764
-1.670775
1.780427
-0.106568
0.921859
0.275689
0.236539
0.327250
-0.932105
1.349611
-0.016494
0.279146
-0.263571
0.247626
-0.172950
0.238186
0.315606
0.394902
-0.057851
0.005860
-0.369164
0.778042
-0.116278
-1.713700
-0.553443
-0.846987
1.332686
-0.437193
0.273774
0.264914
1.042691
-0.481413
-0.764243
0.089012
-0.563007
-0.010452
-2.151560
0.541958
-0.550796
-0.181302
0.147767
0.290908
-1.541801
-0.420189
0.063619
-0.171987
1.166815
0.289961
-1.978776
1.686921
0.389761
-0.106753
0.250757
1.653418
0.879267
0.685768
-0.186687
-0.611924
0.699409
-0.520772
0.396713
-1.823206
-0.549451
-0.738238
-0.480755
0.095104
-0.184831
-0.595618
-0.790630
-0.078525
-0.626289
0.660593
0.036011
0.061292
-0.114331
0.052974
1.224416
0.207599
0.775002
-0.776896
0.900399
-0.281482
-0.082726
0.684549
-0.271935
-0.178178
0.579049
0.842426
0.924656
-0.057435
-0.685614
0.460511
-1.358212
0.126972
0.644895
-0.397853
0.358171
0.102940
-0.811691
1.405271
0.523327
0.687168
0.455061
0.344428
0.321909
0.567661
-0.177665
-1.605340
-0.709402
0.052627
0.550403
-0.279146
-0.402992
0.508260
0.639929
0.318901
0.612777
0.144827
-0.556667
-0.417715
0.464864
0.205890
0.349881
0.430531
-0.564255
-1.149124
0.220645
-0.145928
0.996714
0.846572
0.890510
0.781044
0.848262
-0.410327
-0.365156
0.706712
-1.093531
-0.530496
-0.223610
-0.330883
-0.807404
-0.679568
0.234254
-0.007655
0.843060
0.281674
0.148213
0.176071
1.456072
0.117505
1.105845
0.239319
0.365084
0.133802
0.433722
1.451827
-1.268189
0.008150
-0.445422
0.722214
-0.186853
-0.351018
0.238256
-0.396498
-1.525028
-0.902428
0.439612
0.721342
0.204035
0.815741
-0.827030
0.589580
0.779958
-0.603116
0.453151
-0.575149
0.360374
0.164885
0.463523
0.028748
1.138711
1.042169
-0.579698
0.230398
-0.566709
0.697726
-0.612081
0.745632
0.701135
-1.119194
-1.831907
-0.598971
-1.898956
0.456570
-0.574555
-0.261270
0.654238
1.079041
0.537402
0.429404
-0.577168
0.030791
-1.754432
0.664787
-0.172194
2.177378
-0.647665
-0.093222
0.644253
0.480241
-0.266634
-1.073568
-0.963082
-0.143262
-0.902212
0.406704
0.890577
-0.971898
-0.775257
-1.290811
0.934469
-0.214724
-0.005859
-0.481860
-1.272099
0.145211
-0.755245
0.229711
-0.450643
0.290143
0.372904
-0.632358
0.075207
-0.451549
-0.498648
-0.801230
0.514765
-0.549187
-0.233721
0.985802
-0.161098
-0.115859
-0.323634
-0.381269
-0.097920
0.146240
0.937546
0.614690
-0.342619
0.022834
1.201318
0.406031
0.165139
0.528577
0.315811
0.434089
0.029169
-0.094236
0.857622
0.275788
-0.488758
0.789533
-0.889818
0.347278
-0.818929
-0.181435
0.329827
-1.039093
0.218328
-0.567512
-0.233022
-0.424592
-0.508173
1.106181
0.500505
-1.277001
-0.884589
-0.507143
0.116950
0.521715
-1.170147
-0.553431
-0.136559
-0.036720
0.591028
1.285962
-0.866998
0.814662
0.353494
-0.843225
-0.587072
0.688239
-0.015376
-1.458060
0.054779
-0.241623
-0.888195
0.746700
-0.028390
-0.476449
-0.513447
-2.122126
-0.359534
-0.480484
1.164318
1.049275
0.357655
-0.723367
-1.670429
0.337065
0.069084
1.082498
0.278437
1.529980
-0.319849
-0.071655
-0.194351
0.471130
-0.528163
0.104720
-0.332961
-1.343236
0.042492
-0.573334
0.252849
0.104673
-0.732779
0.059320
-0.657970
-0.178453
-1.378184
-0.104492
0.085884
0.099706
-0.047468
0.131218
0.830624
-0.804107
0.631265
1.196468
-0.021482
-0.679669
-0.234348
-0.376544
-0.780129
2.016657
-0.761349
0.231014
0.080175
0.017576
-1.049573
-1.051256
-0.136262
-0.011720
-1.342553
1.028689
1.108806
-1.631281
0.886899
-0.587769
1.356325
0.409187
-0.500144
-0.819551
0.122044
-0.270670
-0.023666
0.786845
1.091814
-0.668106
-0.195447
0.400830
-1.076404
-0.344318
0.568366
-0.765360
0.217103
-0.141066
0.634255
-0.141464
0.439582
0.062095
0.480479
0.916717
-0.580207
0.199021
-0.177233
-0.204436
-0.563629
0.655034
0.168739
0.321930
-0.095644
0.298882
0.298638
-0.153636
0.166907
1.156901
0.414071
-0.199244
0.040180
-1.211134
0.892310
-0.025229
0.012371
0.833169
1.660672
-0.441083
-0.435298
-0.899743
-0.948437
1.279721
-0.596965
0.027259
-0.601211
0.309925
0.297652
0.339728
1.373697
-0.814650
0.350846
-0.455317
-0.431772
-0.367006
1.541837
-1.343373
1.901954
-0.150074
-0.316046
-0.205221
-0.311954
-1.262070
-0.022332
-0.331883
0.349677
0.961220
-0.192498
0.701973
0.224766
0.611902
1.584257
-0.803006
-1.385602
0.646137
-1.280529
0.563543
-1.169535
0.992085
0.523886
-0.955303
0.459588
-0.029421
0.185147
0.475889
-0.976257
0.334732
0.322355
-1.184668
-0.180687
-0.290893
1.322295
0.304855
-0.232118
0.057843
0.115462
-0.574830
-0.055262
-0.478764
0.979656
0.643866
-1.232841
-0.335941
0.469800
0.328973
-0.740330
1.050051
-0.038608
-1.516451
-1.224502
0.638470
0.284069
-0.587372
-0.440800
0.200149
0.118360
-0.948655
0.890108
-0.027294
-0.131784
0.095012
-0.388690
0.177527
0.283608
0.071356
0.282833
0.901548
-0.489746
0.125030
0.795061
0.441374
0.378930
0.167096
-0.827269
0.413211
-0.825444
-0.272225
-1.406071
-0.215421
0.270185
-0.173822
0.677546
-0.016763
0.817924
0.342529
0.799190
-0.815504
-0.036012
-0.755343
-0.397630
-0.921196
-0.861993
0.127210
0.045282
-0.628602
0.354328
1.113877
0.354151
-1.186231
0.059917
1.274869
1.337701
-0.239718
-0.185238
1.028599
-0.231999
-1.981596
0.466620
0.152535
0.378375
-0.348573
-0.324280
-0.299463
0.337534
-0.628850
0.316654
-0.044832
0.248223
-1.433421
-0.613144
0.980549
0.158898
-0.573832
-0.949477
0.732045
-1.534356
0.804832
-0.092615
-0.123231
-0.285309
0.424024
-1.609896
0.247854
1.238952
0.613977
0.438421
0.849881
0.716254
0.664585
-0.381994
-0.084451
-1.222585
-0.012773
-0.641307
0.444133
-0.323166
-0.171172
-0.417622
0.097807
-0.536638
0.025176
-0.107873
-0.832206
-0.972398
0.682184
0.503923
0.720680
-1.279478
-1.038801
-0.142695
0.375014
-0.349595
-0.061754
0.239329
0.139431
0.688439
0.070808
0.113547
-0.046995
0.650167
-0.298065
-0.059226
-1.318705
