-0.626491
0.491885
0.104339
-0.684965
0.798491
0.473947
0.434355
0.293245
-0.884526
-0.121872
0.495039
-0.556002
0.363007
-0.057092
-1.105047
1.317351
0.129832
0.589458
-0.726396
-0.482308
0.810397
-0.303525
0.110061
-0.231286
0.056509
-0.388657
-0.249402
0.044005
-0.056503
1.271496
0.464143
1.039986
-0.221941
-0.321605
-0.878593
-0.515975
-1.779563
-0.676004
0.135096
-0.493859
1.478580
-1.298510
0.342196
-0.426021
0.211401
-0.172949
-0.701000
0.798217
-0.295842
1.223989
-1.660614
0.007072
-0.460974
1.290434
0.301577
-0.078587
0.574622
-0.325902
0.411130
0.754381
0.816079
0.132193
-0.169604
0.282127
-0.006760
0.310895
-0.590828
0.444439
-0.302033
-1.016359
0.131930
0.027592
-1.122540
0.492440
0.744574
0.965998
-0.213043
0.691570
-0.096729
-0.347838
-0.315208
-0.075956
0.055835
-0.323933
-0.631413
0.601111
1.048946
0.211354
-2.046794
0.255462
0.945904
0.475340
0.356433
0.300947
0.045653
-1.319868
-0.025594
-0.742139
0.037697
0.097317
0.584703
0.579872
-0.470331
0.028736
0.506251
0.864752
0.919157
0.612678
0.192249
-0.316038
-0.966784
1.314552
-0.481363
-0.458673
-0.551713
0.072589
0.179545
-0.669087
0.672691
1.067461
-0.388512
0.478921
-0.200622
-1.717729
-0.947085
-1.282477
-0.856369
-1.492520
0.071564
0.300454
-0.690610
-0.162101
-0.651031
-0.186434
-0.757092
0.131962
-0.439888
0.329477
0.618761
0.806211
0.683113
1.998992
-0.257881
0.802028
0.495757
1.979818
-0.702909
0.214794
0.099039
-0.534024
-0.729548
0.098550
1.161213
-0.033049
0.185269
0.652045
-0.778729
0.148691
-0.735889
-0.476168
0.006701
3.125998
0.820126
-1.418297
0.077349
-0.236648
0.410672
-0.600257
0.553407
0.029969
0.146373
0.524923
-0.469806
-0.364178
0.343024
1.233932
0.023667
0.809109
-0.583778
-0.196424
0.129842
-0.057174
0.880911
-0.474802
-0.120390
-0.320364
-1.039916
-0.088235
0.013493
-1.292254
0.735735
-0.842098
1.059420
-0.954452
0.052658
0.663681
-0.153301
0.263060
-0.246944
0.059261
-0.461594
-0.276807
-1.998052
0.426403
-0.778555
-0.107638
0.524713
0.692337
-1.100383
-0.132626
0.328911
0.136132
1.474403
0.580003
-1.773022
1.687957
-0.079631
-0.903524
-0.561908
1.167749
0.247050
-0.070532
-0.446173
0.128106
0.555871
-0.675021
0.531828
-1.043124
-0.823926
-0.570099
-0.510887
-0.720867
-0.147829
-1.265983
-0.608583
0.145006
-0.109993
0.181080
0.763357
-0.975082
0.148675
-0.128878
0.697451
0.229494
0.513463
-0.251674
0.274046
-0.267419
0.067143
0.245704
0.258323
-0.685199
0.648839
0.431449
0.221083
-1.107497
-0.314121
-0.478917
-1.220032
0.099181
0.123369
-0.097076
1.333137
-0.109677
-0.397462
0.921064
0.399930
0.524930
-0.525918
0.923167
0.657605
0.535005
0.426143
-1.961615
0.201502
-0.432578
0.342100
0.003824
0.426340
-0.310254
0.440483
0.904673
0.771158
0.339604
0.651706
-0.013377
0.109777
0.266726
-0.019252
0.056151
-0.268361
-0.688849
0.168169
0.187705
1.421034
-0.073439
0.168021
0.896606
0.577455
0.386637
0.653956
0.684304
-0.834008
-0.323225
0.399764
-0.292306
-0.257831
-0.842007
-0.963238
0.226763
0.741957
0.042132
0.014522
-0.284756
1.169989
0.416426
1.775373
-0.639156
0.796402
0.095520
0.223833
-0.222799
-0.711679
-0.020644
-0.530360
0.076604
-0.748206
-1.231495
0.184855
-0.097713
-0.185946
-0.932916
-0.017729
0.185544
0.127973
0.274207
-0.411560
-0.334085
1.652704
-0.362562
0.232755
0.163355
0.278476
0.477342
0.037180
-0.313147
1.613213
0.589855
-0.531783
1.423756
0.581837
-0.304860
-0.674523
0.774189
0.214041
-0.395686
-1.329713
-1.122417
0.046694
0.484990
-1.210492
0.012902
-0.282465
1.132739
0.231504
0.385431
-0.251405
0.068311
-1.401341
-0.227599
1.051996
2.240860
-0.567639
-0.051768
0.141511
0.098090
-0.023079
-0.811472
-1.987805
-0.109379
-1.211488
0.144354
0.260730
-0.810301
-0.759165
-0.836999
0.683005
0.026347
0.262948
0.147041
-0.706593
0.373142
-0.658284
0.020138
-1.003201
0.393292
0.054840
0.167287
-0.317892
0.689234
-0.058342
-0.052813
0.440201
-0.463395
-0.715953
1.041715
-0.707972
0.220983
-0.152255
-0.088289
-0.569049
0.561003
1.073301
1.023128
-0.192516
-0.382473
0.553520
0.064056
0.167093
0.260925
0.025826
0.040353
-0.229560
0.140906
0.882870
0.000066
0.599477
1.297931
-1.471683
-0.010254
-1.106037
-0.031278
-0.048152
-0.355949
0.188440
0.253414
0.679682
-0.845920
0.330255
-0.186183
-0.319700
-0.937687
-0.672215
-0.027902
-0.220466
0.444869
-1.367166
-0.483485
-0.921731
-0.281901
0.807642
0.953558
0.101035
0.505937
0.177448
0.193253
-0.230912
0.449453
0.345098
-0.716605
0.087697
-0.348406
-1.058208
0.739568
0.796465
0.580937
0.102545
-1.771932
-0.795793
-0.589936
-0.007019
1.209795
0.157833
0.025639
-1.406618
-0.195009
-0.613012
0.137685
-0.101390
-0.098383
0.403034
-0.566344
0.010057
0.733376
-0.345964
0.784935
0.194926
-0.817606
-0.064644
-0.589464
1.607738
0.455477
-0.295839
0.441750
-0.182823
-0.684848
-0.722452
-0.083204
0.038855
-0.234514
-0.136336
0.362425
1.676839
-1.005417
0.162364
0.808164
0.367981
-0.766194
-0.269559
-0.904574
-0.109391
1.475991
-0.574296
0.328788
0.235851
0.716724
-0.927220
-0.443518
-0.075505
-0.476339
-0.503237
0.114101
0.053486
-0.389313
0.652154
0.055580
0.909490
-0.287054
-0.522521
0.036394
0.657922
-0.241476
0.780848
0.413462
-0.383620
-1.023177
0.257329
-0.139499
-0.925687
-0.643351
0.307082
-0.360332
1.071251
0.293188
0.684201
-0.491075
0.658844
-0.196341
-0.264944
-0.479972
-0.008543
0.312216
0.027589
-0.262897
-0.839545
-0.404658
-0.663031
0.667873
0.329285
0.610704
0.274332
-0.185195
-0.835855
0.784310
0.199528
-0.634946
-0.472327
-2.041320
1.157672
0.507241
-0.173896
0.162111
1.825716
0.913657
0.411227
-0.452275
-0.274196
1.226930
-0.262436
-0.053840
0.381930
0.282651
0.639462
-0.351986
1.105122
-0.364237
-0.297571
-1.004458
1.202448
0.202797
0.871857
0.531548
0.127957
-0.913817
-1.424240
0.060048
-0.773414
-0.184032
-0.159224
-0.264994
0.394461
1.270643
0.780325
0.758268
0.750597
0.956722
1.317674
-0.735812
-0.781119
0.327754
-0.672783
-0.438331
-0.145616
0.895449
2.446916
-0.366461
0.499318
-0.640024
-0.702496
0.062942
-1.619509
0.975843
0.400389
-0.999989
-0.346785
-0.506503
-0.184953
0.187747
0.556926
-0.935519
-0.067008
0.192854
0.021363
-1.017138
0.833381
0.263515
-1.388434
-0.131051
0.258963
0.028899
-0.217925
0.759510
0.427884
-0.529351
-1.234800
-0.058386
0.067473
-0.898646
-0.533399
1.148008
0.160579
-0.653158
0.717677
0.015540
-0.521271
0.867254
0.182995
0.468862
-0.692410
-0.838520
1.166071
-0.145370
-0.760222
0.045735
0.834641
1.012936
-0.529646
0.410479
0.242925
-0.237329
-0.199224
0.107835
-1.405484
-0.177094
0.209829
0.578483
0.367798
-0.596985
-0.171983
0.331251
0.287417
-0.597026
-0.923170
-2.064374
-0.752446
-0.586724
0.482238
-0.430090
0.858194
-1.133040
0.293802
2.032814
-0.868349
-1.697333
-0.500195
1.581004
1.356957
-0.630682
-0.511354
1.191893
-0.210239
-0.250542
-0.022046
0.381647
0.169436
0.115636
-0.284359
0.196406
-0.180324
-0.075343
-0.626547
0.108662
-1.187097
-0.142380
-0.837248
1.070283
0.075834
-0.716613
-0.221059
0.245656
-0.851258
0.392702
-0.131464
-0.348702
-1.012789
0.485779
-1.431628
-0.085031
1.078859
1.328253
0.780268
0.592660
0.122239
-0.273260
0.112916
0.271808
-0.078011
-0.226254
-0.665284
0.288056
0.400166
0.117846
-0.203140
1.995481
0.051824
-0.779959
0.296247
-0.466984
-1.970582
0.785780
0.940930
1.262914
-1.538973
0.599076
-0.607518
-0.940073
-0.880194
-0.265242
0.012716
0.107851
1.020664
0.180129
-0.444512
-0.354895
0.494914
0.179895
-0.093084
-1.156754
