-0.357719
1.186378
-0.509688
-1.073928
0.801510
0.515821
0.502887
-0.240833
-0.039561
0.099443
-0.958822
-0.030675
0.866767
0.514934
0.170524
1.223175
1.019527
0.847477
0.008937
-0.452079
0.179354
-0.136846
0.706367
-1.164523
-0.193257
0.154166
0.532940
-0.346676
1.331273
0.742268
-0.063090
0.860836
-0.618957
-0.699334
-0.520003
-0.053478
-0.488823
-0.844256
0.769953
-0.916448
-0.019096
-0.706707
0.217586
-0.418865
0.431409
-0.002924
0.407027
-0.070722
-0.672691
1.223313
-1.386466
-0.022545
-0.299003
0.042080
0.661500
-0.687834
-0.340538
0.378777
0.297592
0.668212
1.528796
-0.054541
-0.162623
-0.113732
-0.271497
0.363449
-0.003137
0.499390
-0.525533
-0.542929
-0.457328
0.286494
-0.749853
0.450631
0.341332
0.193623
0.580766
1.516963
0.563818
0.695327
-0.431996
-0.303098
-0.402409
0.057900
0.597929
0.297852
1.415809
0.485561
-1.568537
0.337095
0.454468
0.485154
1.343310
0.658929
0.432466
-2.112977
0.814035
-0.108927
-0.198108
-0.123299
-0.724985
1.224416
-0.038750
0.266493
-0.157383
0.388537
0.948256
1.295730
1.298096
-1.064369
-1.332075
1.414740
-0.167197
-0.935973
-1.752173
0.726974
-0.568530
-0.705082
-0.225167
1.486148
-0.217882
0.316802
-0.153029
0.243425
0.313666
-1.653884
0.058413
-0.638386
-0.383545
0.212104
-0.524834
0.281925
-0.796710
-0.134440
0.118004
0.170164
-0.617181
1.140527
1.665212
0.453751
-0.608538
1.418003
-0.290012
-0.397143
0.655481
1.243469
0.065983
0.170226
-0.189474
-0.181970
-0.790682
-0.104829
-0.110224
-0.001467
0.112129
0.239894
0.463661
-0.150077
-0.141067
-0.275788
0.691967
2.379422
-0.765491
-0.708856
-0.322971
0.222281
-0.725287
0.049231
1.769202
-0.049701
-0.183975
0.843701
0.459577
-0.159847
0.236919
0.419609
0.005262
-0.702985
-0.398086
-0.669344
0.153712
0.493275
-0.009859
0.294864
0.603492
-0.759281
-0.464835
-0.394430
0.640819
-0.515365
1.243203
-0.402892
2.131676
-0.904218
-0.077582
0.346281
-0.251102
-0.409063
-1.372032
-0.081657
0.058120
-0.031529
-0.883207
0.487117
0.237344
-0.282034
0.922780
-0.377417
-0.157973
0.482249
0.461052
-0.241369
0.256499
-0.697440
-1.117013
0.961996
-0.684235
-0.884587
-0.486873
1.972437
0.076888
0.784458
-1.127078
0.049341
0.549936
0.205879
0.454577
-1.873159
0.118088
-1.138156
-0.820380
-1.114097
0.515091
-1.224802
-0.901588
0.424522
-1.671436
-0.171891
-0.128836
-0.414200
0.172293
0.360613
0.598597
-0.331638
-0.086054
-0.390074
0.438775
-0.715332
0.285866
-0.149683
-0.355460
-0.859158
0.836181
1.876463
0.085317
-1.001102
-0.560139
0.068482
-0.727606
0.093419
-0.182820
-0.695021
1.773699
0.268786
-0.758706
-0.133215
0.774200
0.358241
1.008531
0.545223
-0.336041
-0.057837
0.701486
-1.321450
0.016352
1.060768
-0.999964
0.086720
-0.418334
-0.918644
0.538676
0.408554
0.274420
0.695188
-0.423433
0.332586
0.680320
0.731539
0.013216
0.009803
-0.718741
-0.059421
0.179725
-0.332179
0.489110
0.093504
0.321034
0.891584
-0.609169
0.665769
0.335388
1.165665
-0.517898
-0.527719
0.428932
-0.333812
0.762156
-0.641753
0.082513
-0.291253
0.806804
0.165649
-0.526785
0.469154
1.473102
-0.169043
0.551553
0.394402
0.375863
0.072570
0.270159
-1.244450
-0.992868
-0.712975
-0.028952
-0.493594
-1.026915
-1.014651
0.179248
0.185853
0.068814
-0.351602
-0.634815
-0.176651
-0.398025
0.523181
-0.840746
-0.572325
0.693086
-0.629255
0.175579
0.227980
0.296606
0.994026
0.020182
-0.477260
0.728857
0.665072
-0.370180
1.469131
-0.307103
0.148832
-1.098420
0.173908
-0.077258
0.185124
-1.274076
-1.221550
-0.759568
0.402397
-0.048164
-0.111612
0.202425
0.691189
0.882781
-0.247125
0.250329
0.181993
-1.084345
0.721432
-0.878410
0.868951
-1.078087
1.264355
0.265029
-0.523958
0.068392
-1.234321
-0.873900
-0.078664
-0.405254
-0.638751
0.254050
0.326925
-0.481981
0.177911
-0.736591
-0.155646
0.439816
0.135830
-2.101693
0.548761
-0.326098
0.261693
-0.889336
-0.572734
0.796717
-0.200673
-0.651474
0.200713
-0.169141
-0.712055
-0.181641
-0.115891
0.134604
0.650400
1.069078
-0.710303
0.358406
0.550112
-0.953103
0.080827
1.085396
-0.030654
0.089200
-0.693504
0.825031
-0.522484
0.277644
0.575659
0.388442
0.672179
0.275330
0.528731
-0.567654
0.225075
-0.552680
1.060681
0.316369
-0.169477
-0.520548
1.661110
0.522629
-0.607423
0.197178
0.243724
0.156867
-0.391578
1.049507
0.072771
0.427794
-1.494050
-0.413820
0.389057
0.622178
0.582712
-1.348630
-0.494204
0.271290
-0.636824
0.317387
0.167751
-0.305441
0.542598
0.663980
0.131023
-0.326097
0.623084
0.487800
-1.252978
-0.236167
-1.450518
-0.774021
0.772735
0.267754
0.461269
-0.215334
-1.691149
-0.187391
0.528532
0.549851
-0.079441
0.466652
-0.811216
-1.145031
-0.302322
-0.016321
-0.490061
0.335981
0.393746
-1.491969
0.248291
0.114786
0.586142
0.270618
0.209143
0.423492
-0.138715
0.295003
0.163496
1.008813
-0.115584
-0.760699
0.761922
-1.187740
-0.389344
-0.954080
-0.013682
0.186099
-0.843685
-0.200043
0.759197
1.961516
-1.957940
-0.667813
0.134710
0.163336
-0.413187
0.238117
-0.154741
-0.803634
0.903054
0.934594
0.131393
0.415407
-0.138050
-0.655535
-1.108317
1.448780
0.165496
-0.598724
-0.084569
0.412859
-0.158212
0.484828
-0.481676
0.177654
-0.385127
-0.506288
-0.574456
0.365990
-0.276629
0.343631
-0.094317
-0.253913
-0.626673
0.069908
0.033010
-0.033782
-0.057434
1.944149
-0.630776
1.353630
-0.015216
0.978642
-0.180605
0.100635
0.633465
-0.376472
-0.013025
-0.016404
-0.141904
-0.903622
-1.233499
-0.632525
-1.487696
-0.168609
-0.415585
0.002016
0.232099
-0.650915
-1.397770
-0.470271
0.482109
1.990322
-0.223932
0.208177
-0.832735
0.175961
-0.080421
-0.403972
0.583618
0.731064
-0.441017
0.230547
-0.697596
0.492828
0.465804
-0.311908
0.108933
-0.997172
0.309022
0.349889
-0.427232
1.377535
-0.568119
0.199967
-1.294975
-0.083668
-0.279166
0.280263
-0.887486
2.308264
-1.444830
-1.319046
0.026673
-0.740880
-0.260453
-0.859544
-0.330357
-0.388348
0.399438
-0.099549
0.795238
-0.744913
0.802681
1.173178
-0.603452
-1.477657
0.902636
-1.415395
0.085069
0.318220
0.510409
1.561915
0.228433
0.312685
-0.588115
-0.753084
-0.719125
-0.840491
0.792741
0.070524
-0.819280
-0.522571
0.001455
-0.773236
1.063745
0.184729
-0.231159
0.855110
-0.724548
0.222311
-0.736806
0.446633
0.557641
-0.147450
-0.584751
-0.565803
0.250275
0.605574
-0.063343
1.102937
-0.716605
-0.494110
-0.299751
-0.500037
-0.949518
-0.495970
-0.232169
1.260927
0.629144
1.069440
0.447674
-0.672316
0.850231
0.400021
-0.134169
-0.616336
-0.774096
0.741817
0.208385
-0.378509
0.096409
0.994108
0.426718
0.071764
0.100804
0.191025
-0.616531
0.470048
-0.070574
-1.358198
-0.171478
0.684073
-0.614677
-0.000183
-0.515340
0.674223
0.809157
0.621130
-0.279700
0.652153
-1.227160
-0.649258
-0.196022
0.240685
-0.662392
0.114708
-1.159264
0.057646
1.467301
0.250840
-1.081445
0.275117
0.413284
0.285995
-0.767488
-0.390179
0.295761
-0.241121
-0.061108
0.412527
0.279807
0.716288
-0.376714
-0.258128
-0.645474
-0.055917
-0.620739
-1.029247
-0.180053
-0.454039
-0.501347
-0.530463
0.318158
0.458554
-0.916053
-0.924136
-0.234290
-0.395907
1.488470
0.122254
0.340139
0.161182
0.782307
-1.415032
0.975384
-0.014136
0.709195
-0.101697
0.594038
0.712560
0.707608
-0.351371
-0.059871
-0.743099
0.047257
-0.413601
-1.156949
0.824929
-0.170434
1.175238
0.572196
0.303764
-0.560548
-0.087400
-1.745246
-0.607873
0.163615
0.412293
1.005360
-0.714758
0.496571
-0.909030
-1.113428
0.065779
0.421839
0.077728
-0.154164
1.551825
1.352230
-0.443547
-0.537081
-0.477974
-0.115809
0.586573
0.280538
