-0.628234
0.425159
-0.282661
-0.301071
0.923068
0.315527
-0.427305
0.253561
-0.077948
0.555156
-0.015011
-0.066262
1.351905
0.312825
-0.873407
0.166679
0.213520
1.236372
-1.180748
-0.862715
0.777328
-0.144768
-0.712019
-0.346583
0.191540
-0.654952
0.957872
0.078023
0.627748
1.548489
0.571830
1.187406
-0.240961
-0.345116
0.161381
-0.966351
-1.516497
-1.036310
0.110991
-1.154565
0.393739
-1.204704
0.686950
-0.106634
0.109094
-0.443399
0.587795
0.799403
-0.247243
0.882159
-0.974480
-0.414478
-1.476303
0.963453
1.117233
-0.109783
-0.132326
-1.440872
-0.896515
0.689738
0.207870
-0.280970
-0.074316
0.091426
0.340999
0.598053
-0.146111
0.167516
-1.029199
-1.106748
-0.643873
0.242463
-1.584943
0.577407
0.426178
-0.163918
-0.283439
0.189027
-0.277218
-0.508756
-0.301508
-0.078591
-0.057691
-0.460164
-0.057545
-0.140079
1.280961
0.878862
-0.728159
0.120750
0.625266
1.191541
0.291183
0.608089
0.638813
-1.187675
0.686682
-0.446277
0.568804
-0.173174
0.574997
0.791416
0.226438
0.144807
-0.321066
0.308319
0.869656
1.157065
1.000385
-0.704624
0.308669
1.646149
-0.783253
-1.378130
-0.999824
0.122508
-0.131946
-0.499749
0.622698
0.651644
-0.859656
-0.040382
-0.089824
-1.069310
-1.038666
-0.958675
-0.326000
-1.073580
-0.172219
0.299044
-0.484463
-0.112760
-0.638248
-0.088073
-0.948303
-0.360048
-0.041850
0.789935
0.835218
0.527016
-0.371685
1.501095
0.544479
0.993267
0.634223
1.255972
-1.022462
0.088015
-0.674873
-0.498458
-1.041863
0.415557
0.324928
0.443939
-0.482620
0.575877
0.104351
0.817942
-0.966047
-0.260811
-0.443018
1.740246
0.553026
-0.717209
0.136536
0.340208
-0.311994
-1.479976
1.314627
-0.722778
0.511557
1.190648
-0.639268
0.195587
0.173150
0.863597
-0.358373
-0.567885
-0.485581
-1.036870
-0.240353
-0.189195
0.001375
-0.190084
0.360852
-0.457373
0.648029
0.075369
-0.288700
-1.288699
0.222170
-0.628215
0.883464
-0.077152
0.668767
0.715041
0.768688
-0.161116
-0.574993
-0.359343
-0.397221
-0.270457
-1.222605
0.433558
-0.671959
-0.322240
0.080176
-0.642769
-1.033627
-0.763932
-0.027039
-0.164266
0.922931
0.526059
-1.554796
1.187997
-0.065310
-0.131521
0.064127
1.032228
0.684038
0.621358
-0.092652
-0.625353
0.597000
-0.351682
0.398946
-0.754839
0.324316
0.063358
-0.686335
-0.386870
-0.921766
-0.411323
-0.163693
0.062144
-0.913977
0.568143
0.759414
-0.529170
0.430323
0.041792
0.493045
-0.118442
-0.419944
-0.458655
1.679844
-0.329595
0.113500
-0.068986
0.058264
-1.156258
0.445421
1.468224
0.082109
-0.668717
0.308871
-0.399593
-1.443312
0.056055
0.649256
0.618739
1.568309
-0.317046
-0.894341
0.177100
0.174049
-0.111511
-0.629178
0.276428
0.304596
-0.526044
1.131475
-1.447966
0.289894
0.950573
0.320556
-1.240479
0.017819
-0.826495
0.385385
0.624049
1.184907
0.980313
-0.222444
-0.230324
0.591890
0.872163
0.575341
0.539455
-1.051998
-0.074151
0.094029
0.109003
0.596502
-0.141646
-0.206335
1.222751
-0.400846
0.486995
-0.057785
1.107307
-0.389197
-0.479842
0.394786
-0.566178
-0.543532
-0.338652
0.171818
-0.082576
0.868394
0.189638
-0.179530
0.417655
0.761575
0.408634
1.722323
-0.264198
0.199600
0.057759
-0.024924
0.416441
-0.614343
0.062492
-0.353949
0.397406
-0.697991
-0.623295
0.086417
-0.853817
-0.609805
-0.644187
0.000318
1.277102
0.257132
0.234237
0.213601
0.052497
0.261122
-0.081373
0.530269
0.390587
-0.555066
0.646090
0.150045
0.098904
0.957958
0.304731
-0.118535
0.122789
1.265014
-0.388444
-1.344700
0.480053
0.359241
0.056291
-2.197424
-1.099521
-0.661630
0.608426
-0.552103
0.503084
0.343084
1.502656
0.213869
-0.303231
-1.259622
0.219949
-1.023675
0.019477
0.363900
0.887923
-0.728569
0.072906
0.221640
0.132868
0.409402
-0.407904
-0.102115
0.059694
-1.314245
0.109359
-0.326230
-0.914721
-0.803555
-0.384886
0.056829
0.073248
-0.131941
-0.193172
-1.327098
0.737198
-0.297528
0.169486
-0.083181
-0.080030
0.415583
0.447742
0.263201
0.680921
0.172216
-0.253921
0.718855
-0.356992
-0.866198
1.170092
-0.464130
-0.182294
-0.185637
-0.608114
-0.563135
-0.333045
0.351609
0.313627
-0.049393
-0.159163
0.760627
0.508325
0.198701
0.441129
-0.375078
-0.350115
-0.363058
0.323108
-0.074606
-0.078867
0.523879
1.157757
-0.779586
0.604913
0.244952
-0.528625
0.118203
-0.723886
0.112794
-0.279000
0.152624
-0.785468
0.417324
0.125462
-0.383808
-0.988421
-0.700345
-0.418844
0.051403
0.591588
-0.809269
-1.004488
-0.660013
0.677427
0.611967
2.060603
-0.033226
1.421151
0.049087
0.131590
0.025991
1.026227
-0.318830
-1.147965
-0.485257
0.461233
-1.202831
-0.189019
-1.367158
-0.131622
0.036332
-0.708800
-0.671711
0.354009
0.162676
2.170192
-0.142314
-0.161895
-1.046924
-0.631978
0.145270
0.553800
0.537917
-0.280007
-0.670057
-0.697459
-0.630496
0.270133
-0.910812
0.477202
-0.165628
-0.292287
0.553478
-0.105760
0.297383
-0.535715
-0.780941
-0.303941
-0.524602
0.108158
-0.482613
0.578746
0.146858
-0.285468
-0.016770
-0.115880
0.534740
-0.364312
0.346384
0.198070
0.265788
-0.617819
0.051712
-0.195373
-0.597828
0.447284
-0.316946
0.463713
0.297071
0.514566
-1.324291
-0.645502
0.507531
-0.272151
-0.691033
0.526782
1.383876
-0.675731
0.524383
-0.484006
0.337228
0.253999
-0.412911
0.000002
0.698402
0.502541
0.539631
0.462329
0.496340
-1.145436
-0.299128
-0.850160
-0.875932
-0.585803
1.097020
-1.012686
0.807791
0.247308
0.327667
0.112271
-0.159763
0.626783
0.420363
0.609804
-0.307324
1.116128
0.007490
-0.168960
-1.225226
-0.354992
-0.216571
0.618400
-0.212544
0.150605
0.468279
0.106542
0.076426
0.787185
-0.267885
-0.711129
-0.549312
-1.554886
0.096418
0.980123
1.006782
0.228555
1.257593
-0.007532
1.281058
-0.184683
-0.565098
1.274720
-0.374120
-0.046344
-0.553617
0.440523
-0.213952
-0.565652
0.797995
-0.415704
-0.258300
-0.882104
-0.217206
-0.164808
0.756010
-0.834957
-0.130377
-0.451368
-0.820411
-0.196185
-0.724430
0.037659
-0.014539
0.085787
0.075446
0.718703
0.347907
0.467607
0.664920
0.912929
1.064127
-0.114560
-1.089833
0.592995
-0.945736
0.605534
-0.188462
0.498104
1.594090
-0.089365
0.612540
-0.098709
-0.335645
0.293386
-0.214076
-0.145715
-0.104390
-0.996799
-0.804039
-0.906006
0.046362
0.221257
0.307434
-0.741138
0.526221
-0.147802
0.256662
-0.366264
0.621768
0.564731
-0.355992
-0.251387
0.565219
0.255593
0.410528
-0.251253
0.018845
-0.749364
-0.997854
0.015449
0.344178
0.159341
0.613476
0.854377
0.623205
-0.270681
0.636225
-0.472101
-1.140184
0.241700
-0.047840
0.531528
-0.630790
-0.663540
1.255291
-0.155391
-1.046941
0.725232
0.534606
0.619739
-0.900538
-0.084755
0.769076
-0.529431
0.115416
-0.448541
-0.950207
-0.091313
0.391477
0.883812
0.183767
-0.063486
-0.629274
0.954409
0.880189
-0.756534
-0.234233
-2.194427
-0.849735
-0.158611
0.200803
0.395782
1.212224
-0.413624
0.050409
1.392380
-1.264394
-1.167260
0.121606
1.129799
0.865346
-1.302091
-0.803351
1.079523
-0.042276
0.614248
-0.056240
-0.008238
0.603794
0.267449
0.076176
0.174747
0.672815
-0.024573
-0.836777
-0.540183
-1.116406
-0.495394
-0.175610
0.896630
0.731165
-0.600904
-0.575650
-0.649598
-1.559962
-0.619997
0.408288
0.551107
-0.136525
0.076154
-1.121558
-0.315675
1.223300
1.341985
0.770223
1.170207
-0.693276
-0.106563
0.253536
-0.493833
-0.294242
-0.300239
0.660552
-0.250465
1.113751
0.569988
0.971560
0.882220
0.359211
-0.527432
0.657569
0.086504
-1.603747
0.209649
0.967504
0.696128
-1.581187
-0.001364
-0.981019
-0.781094
-1.137263
0.123555
-0.181893
0.024327
1.016225
0.747296
0.030490
-0.446270
0.123673
0.603065
0.554428
-1.376667
