-0.207135
1.149343
0.080098
-0.902095
-0.548830
0.442283
0.164304
0.489781
-0.898474
0.035140
-1.053563
-1.488595
-0.954796
0.724003
0.136683
-1.212680
0.128590
-0.195437
-0.118297
-0.120235
-0.793872
0.205335
0.774251
-0.206979
1.206747
-0.670688
1.046567
0.012777
-0.253990
0.318101
-0.208905
-0.190386
-0.071488
0.079991
-1.043146
-0.199374
0.088789
-0.204781
-1.260129
0.256213
0.082008
0.348174
0.991460
-0.454364
0.800276
0.430193
0.393716
-0.644059
0.680055
0.958077
0.308820
-0.292790
-0.590072
-0.116819
-0.155990
-0.130370
-0.968907
-0.581493
0.627052
-0.795296
-0.711610
0.455855
-0.096097
0.623381
-0.307758
0.167852
0.411986
0.119913
-1.047602
-0.246764
0.158763
-0.887467
-0.282731
0.582592
0.035572
0.297694
-0.811727
-0.580524
0.919058
-0.781442
0.095348
-0.204291
-0.731704
-0.150197
0.426306
0.181681
0.502896
-0.859872
-1.129083
0.131426
0.290716
-0.072654
0.045638
0.676396
0.540188
-0.909465
0.064215
-0.541266
1.000126
-0.774282
-0.162269
-0.489774
0.392598
0.652603
-0.312591
-1.139707
-0.022723
0.608645
0.121874
0.617953
-0.926707
-0.887732
-0.549542
-0.349774
-0.464653
-0.020512
-0.240566
0.044948
-0.341249
1.475040
0.249377
0.176188
-0.100574
0.244944
-1.321342
-0.715242
0.378088
0.386378
-1.249403
-0.162497
-1.396864
0.954455
-0.431451
-0.088223
-1.533623
1.043384
-0.723942
-0.921255
0.547547
0.571137
0.633550
0.009939
-0.191247
0.915295
-0.765286
0.491280
-0.862136
0.101035
-0.695673
-0.153803
-0.246998
-0.177785
-0.019444
-0.882643
-0.517131
0.972411
-1.468734
0.184262
-0.273712
-1.006216
0.205572
1.257929
0.781754
-0.741985
0.030182
-0.158246
0.692901
0.465028
0.530156
-0.567001
0.333527
1.115569
-0.114488
-0.425803
-0.322477
-0.112875
0.271147
0.815646
-0.715673
0.214486
-0.161676
-0.493430
0.565754
0.567350
0.338156
0.166337
-0.301983
0.028547
1.092006
-0.042080
0.271688
0.620385
1.786099
-0.120827
-0.108455
0.337459
-0.597540
0.366089
-1.032780
0.565665
-0.073377
0.576460
-1.597347
-0.005271
-0.404138
-1.413924
-0.018982
1.562730
0.835757
-0.420758
-0.564503
0.997202
-0.219866
-0.571214
-1.678739
1.186548
-0.868264
-0.789098
-0.363728
-0.556835
-0.579478
0.129115
-0.537169
-0.003910
0.381190
1.588627
0.451053
-0.448935
-1.238518
-0.743893
-0.741756
0.088945
-0.374884
-2.027051
0.538538
-0.295610
0.393030
0.552368
-1.687461
0.268978
-0.350857
0.182599
0.951291
-0.065514
0.818414
0.127682
0.025977
0.688625
-0.201585
-0.588259
-0.167955
0.851770
0.188706
0.329284
0.953427
-0.153808
0.299677
0.303518
-0.621578
0.058449
1.085190
-1.210413
1.338342
0.727643
0.264364
-0.489012
-0.376028
-0.554919
-0.327607
0.162366
-1.060505
0.600515
-0.892908
0.140314
-0.341863
0.252495
0.489992
0.380530
0.119588
-0.209121
-0.056818
0.442308
-1.315112
0.758534
0.167777
0.521884
-0.318070
-0.706369
-0.050979
0.835649
0.307659
-2.054896
0.035890
-0.224061
0.835361
-0.351080
0.800428
-0.639540
-0.355538
0.519330
-0.267590
-0.922790
-0.171130
0.747089
-0.351106
0.560274
-0.109258
0.087473
-0.917481
-0.373001
0.819067
0.117496
0.657918
0.764516
0.698621
0.099311
0.781605
-1.176783
0.627265
0.049009
0.774070
-0.450072
-1.563291
0.620655
0.374394
0.744241
-0.330664
-0.248384
0.083833
-0.037891
0.039032
0.590103
0.277100
-0.710890
0.470445
-0.014187
-0.233787
-0.189587
0.565672
-0.840364
0.014590
0.013791
-0.560585
-0.989965
1.404906
0.406796
1.177932
0.283805
0.590510
0.185173
-0.271457
-0.154980
-0.573959
1.401273
-0.097521
0.053532
-0.253214
0.322845
0.140617
-0.351129
-0.200478
0.105165
-0.426045
0.348402
-0.184823
0.920416
0.095766
-0.464069
-0.487248
1.094531
0.832757
0.819742
-0.994262
0.078122
0.615014
-0.005886
-0.238840
-1.079328
0.439776
-0.020977
-0.025352
-0.243407
1.048090
-0.129782
-0.059763
1.105453
-0.226878
-0.199068
0.108077
-0.105571
0.036816
0.238010
0.301904
-1.139773
-0.330978
0.630778
0.342415
-0.024056
-0.141930
-0.881381
-0.626924
-0.046646
0.604571
0.217382
0.564734
0.157002
-0.559354
-0.594786
-0.025800
0.272056
-0.883885
0.230138
-0.104738
-0.123851
-1.706485
0.382079
-0.043514
0.642127
-0.282870
1.219379
-0.213595
0.462700
-0.845037
0.273622
0.744573
0.565367
-0.341488
0.834675
1.267673
0.622141
1.115723
-0.661869
0.332395
0.928932
0.090266
0.089071
0.607965
0.068216
0.643791
0.866903
0.093587
0.022457
0.038790
-0.036852
-1.165350
-0.041139
-0.869592
0.849318
0.610748
0.476536
0.535727
0.350857
-0.830823
0.523996
0.342867
-0.337863
0.352480
0.758353
-1.044857
0.438677
-0.274226
-1.667895
0.025457
0.831864
-0.294287
0.119837
0.444054
-0.173650
-0.649660
-0.447375
0.946748
0.109818
0.793417
-0.803004
0.035540
0.234551
0.629697
0.074455
-0.067236
0.270568
0.389324
0.085652
1.019151
-0.682335
-0.701956
1.451914
0.689035
-0.003781
-0.214184
-0.975128
0.418370
-0.363581
-0.166081
-0.218162
0.551774
-0.464356
-0.238818
-1.100569
-0.637588
0.708600
-0.655880
-0.437029
0.369503
-0.478470
0.064169
0.879706
-0.361532
-0.320073
-1.178970
-0.258316
-0.170259
-0.321341
0.509369
-0.437841
0.469220
-0.912163
-1.027057
-1.383755
-0.989792
0.716667
-0.896553
0.866461
0.574470
-1.135316
-0.467154
-0.023526
-0.187599
1.045083
0.295765
0.330550
0.022457
-0.763327
-1.002296
0.163265
-0.267652
0.350316
0.164793
0.243281
-0.480053
-0.679178
-0.015162
-0.481205
-0.479789
0.104786
-0.204635
0.592352
-0.027932
0.234307
0.617990
-0.426813
0.240073
-0.746181
0.050681
0.809245
-0.999030
-0.139193
0.543438
0.447730
0.914576
0.264821
-1.545631
0.333421
-0.398347
1.461082
0.151498
-0.057890
-0.082905
-0.711823
0.476892
-0.388516
-0.600906
-0.551115
1.260338
0.042886
0.553260
0.200909
-0.216903
0.173774
0.408056
-0.294786
0.036660
0.058026
-0.243945
0.084128
-0.747273
-0.128336
-0.007313
-1.179388
0.741803
-0.366625
0.014032
-0.100747
1.705121
0.251545
0.084450
0.466298
-0.916398
0.885081
0.812935
-0.223181
0.349373
-0.118155
-0.101957
0.670953
1.284907
-0.315743
1.686268
-0.042682
-0.632573
-0.138705
-1.122068
1.508763
0.523369
-0.037135
0.448774
-0.364938
-0.245421
0.621420
-0.862547
0.361606
-0.875322
0.133058
0.540639
0.080606
-0.762630
0.021427
0.008389
-0.228903
-0.029101
0.681903
-1.051288
-0.986293
-0.046071
-0.402663
0.265915
0.867189
-0.352110
-0.816831
0.261172
-0.177460
-0.593131
1.239392
0.898277
-0.297596
-1.324471
0.140079
-0.107581
-0.148382
-0.273904
0.090799
0.853602
0.949698
-0.324179
0.240107
-0.709321
0.402781
-0.414353
-1.907326
0.743778
0.575625
0.373165
0.939196
0.579289
0.032592
0.273775
0.375321
0.913126
-0.171845
-0.149233
1.033299
-0.195162
0.376708
-1.238343
-0.063795
0.739986
-0.884752
-0.864404
0.941623
0.756939
0.320690
-0.696024
0.466645
-0.575088
-0.441400
-0.606473
0.091357
-0.612114
0.319810
-0.559374
0.605763
0.314694
0.603042
0.284723
-0.171770
0.335490
0.519612
-0.201176
-0.239590
0.030687
1.027051
-0.085327
-1.167428
0.556683
0.048672
1.331164
-0.071257
-0.135076
0.989292
0.220964
-0.792143
0.224743
0.827592
-1.484553
-1.139799
1.053959
0.326371
0.001461
-0.043290
-1.151088
-0.673686
-0.324086
1.247123
-0.864373
-1.747247
0.151222
0.730791
-0.777645
0.918933
1.210618
0.057795
0.608036
-0.510233
0.706383
0.531430
1.081614
0.130051
0.088785
-0.864660
-0.169974
-0.678254
-0.434114
0.353228
-0.230180
-0.917810
-0.489437
0.238601
1.035653
-0.078334
-0.255593
-0.110830
-0.026959
0.225853
0.752543
0.102000
-0.859585
0.424001
0.816596
-0.530048
0.447868
1.009088
0.237301
-0.162878
0.609701
-0.280146
-0.345323
-0.868491
-1.222973
-1.230395
