0.893829
0.662448
0.030492
-1.207166
0.610593
0.366387
0.299776
-0.212948
-1.613422
0.764509
0.781408
0.447553
0.029338
-0.669973
0.161377
1.219694
-0.056301
0.783011
-1.014718
0.252593
0.854432
0.841852
-0.986777
0.663558
0.188093
0.010158
0.430547
0.075792
-0.477448
0.028356
0.310053
-0.021833
0.603612
-0.465171
-0.963639
0.630380
-1.037525
-0.976965
-0.205634
-0.315077
-0.106528
-0.794991
0.280067
0.033103
0.844813
-0.397879
0.226104
0.124867
0.243044
0.735213
-0.072502
-0.112713
-1.493315
0.963953
0.591797
0.135631
-0.110572
-1.327585
1.457475
-0.082855
-0.336867
0.168912
-0.109507
0.633918
0.094812
-0.283078
-0.335836
1.866010
0.075738
-1.148231
-0.983872
-0.021997
-0.827078
-0.168582
0.957401
0.856607
-0.235105
0.742922
-0.325591
-0.999041
-0.396343
-0.238778
-0.977692
0.448177
0.299939
-0.316442
-0.519049
-0.141858
0.014708
0.725821
1.033365
0.503563
0.666924
1.006004
-0.183566
-2.630348
0.111852
-0.423138
-0.047773
-1.386094
-0.338663
1.370342
-0.884832
0.627520
-0.183057
0.729257
1.762953
0.057142
0.387660
-0.075566
-1.022066
-0.400975
-0.263028
-0.348889
-0.192164
0.214008
0.506904
-1.521264
-0.712882
0.976810
0.309008
0.227342
-0.170411
-0.739775
0.069391
0.366016
-0.497476
0.596913
0.006764
-0.223223
-0.841174
-0.943058
-0.242009
-0.157793
-1.162731
-0.002708
-0.227666
0.571636
0.888080
0.239491
0.716092
0.673074
-0.092698
-0.716754
-0.203566
1.278578
0.203321
0.158933
-0.410154
0.675217
-0.557096
0.626497
0.505917
-0.947216
0.799783
-0.115695
-0.458618
-0.364661
-0.067591
-0.573624
-0.731182
3.511096
-0.337510
-1.200334
0.437409
0.402696
-0.108358
-1.460104
0.660320
-0.256938
1.085999
-0.721543
0.472197
0.039574
0.810180
0.563363
0.083694
0.752176
-0.312970
-0.006575
0.191732
-0.045828
0.113139
-0.651657
-0.111072
-0.141947
-1.002777
1.459523
0.215897
-0.657994
0.733004
-0.361795
0.130369
-0.022888
0.603204
0.836275
0.411264
-0.417594
0.217338
-0.143111
-0.613883
-0.593240
-0.420280
-0.769972
0.169780
-0.577245
0.193304
0.813977
-2.110801
0.303763
0.725042
0.481930
-0.304271
0.780329
-1.206568
0.499139
-0.874473
-0.735772
0.291610
1.158273
-0.708745
-0.506367
-0.572642
1.253739
1.028095
-0.741665
0.184599
-2.091477
-0.476079
-0.024441
-0.327809
0.934844
-0.450318
0.356832
-0.561713
-0.748429
-1.192944
-0.091990
-0.159024
-0.170241
0.117217
0.405901
-0.189237
-0.567119
0.083267
-0.937291
0.841266
-0.249176
0.709438
0.492847
-0.471924
-0.199079
-0.112703
0.591136
1.187433
0.317488
-0.788793
0.405605
-0.676485
0.074281
1.644261
-0.455881
0.311773
1.229656
-1.002139
1.013366
0.435766
0.738483
-1.055397
0.586745
-0.260852
-0.198353
-1.181419
-0.998774
-0.627424
-0.050991
0.783259
0.589260
-0.130480
0.630315
-0.151556
0.975617
-0.270720
-1.524101
-0.202700
-0.023503
-0.053155
0.085913
1.143866
-0.285510
0.048304
-1.248158
0.152562
-0.294496
0.780836
0.458606
0.716207
0.541498
-0.076990
-0.498872
-0.159353
0.020763
-1.565346
1.369685
0.395818
0.016984
0.259069
-1.091911
-1.333339
1.006763
-0.176057
-0.297206
-0.228436
-0.233262
1.295753
1.129090
0.950038
0.118213
-0.928909
0.076655
-0.212462
-0.038538
-0.491988
0.436922
-0.856124
0.888753
-1.103738
-1.401650
0.155354
-0.038224
-0.466321
-1.011440
-0.497084
-0.280100
-0.150027
0.107279
-0.767447
-0.368243
1.357965
-0.935008
0.613840
-0.704136
0.345931
0.463061
0.094470
0.099739
0.872922
-0.015525
0.858682
1.309128
0.953025
0.566967
-0.677587
1.142326
-0.688050
-1.181926
-2.074595
0.483645
0.025933
0.964457
-0.850169
0.289677
0.070882
0.670406
0.501803
0.390285
0.195582
0.103046
-0.416987
0.816869
-0.349816
2.222020
-0.038367
0.979279
-0.973981
-0.091420
1.426598
-0.950919
-0.063180
-0.384370
0.306996
0.432624
0.747058
-0.940487
-0.929577
-0.400591
-0.673280
0.281916
-0.026322
0.660996
0.230539
0.282993
-0.951677
-1.333185
0.162945
-0.164730
0.143295
0.032480
-0.019813
-1.045081
-0.389225
-0.391041
1.186775
-0.702672
0.020100
0.588601
0.648862
-0.364090
0.069714
0.440640
0.787364
0.347025
1.011162
-0.285052
0.384907
0.945027
-0.090101
-0.716639
-0.044291
0.235786
-0.006401
0.620882
0.161642
-0.298251
0.907072
0.874361
0.483657
-0.537648
0.517542
1.219816
-0.873483
0.175004
0.630915
-0.336405
0.178814
-0.326729
-0.854917
-0.644693
-0.666047
-0.217081
-0.708233
-1.589605
-0.206196
0.695354
-0.182645
0.282801
-0.518095
-0.666909
-0.476196
-0.238311
-0.295292
1.934899
-0.281883
-0.076160
-0.057739
0.551974
-0.104707
0.146147
-0.546698
0.146251
0.097688
-0.449408
-0.428113
0.097242
1.016832
-0.258746
0.102142
-0.323526
0.400504
0.463879
-0.648229
-0.304538
0.024517
0.669584
-0.229521
0.320300
-0.079367
0.971571
0.000567
0.547897
-0.584602
0.313814
0.142086
-0.370631
-0.071883
-0.966857
0.539359
-0.256539
-0.828783
0.973587
0.792897
-0.689695
-0.587398
0.609143
0.354487
-0.719286
-0.769457
-0.304668
-0.644722
-0.850362
-0.111586
-0.105180
0.419329
-0.102294
0.001756
1.319524
-0.923779
-0.808787
-0.422898
-1.299084
-1.261646
0.734332
0.269459
0.119677
0.000900
-0.088621
-0.370920
-0.608252
-0.087049
-0.882211
-1.205213
0.713365
-0.132210
-0.565469
0.761629
0.330162
1.097286
1.403557
0.184088
-0.994229
-0.925408
0.238968
-0.278042
0.191573
-0.378356
-0.355292
0.417624
0.010541
-0.885976
0.079890
1.052766
-0.354533
0.215758
0.869729
0.550749
-0.621643
0.414342
-0.151288
0.241978
0.102703
0.237352
0.226621
-0.149664
0.035248
-0.536730
-0.159425
0.260344
-0.360665
-0.294681
0.415398
0.497401
0.176593
-0.141665
0.840449
0.775447
0.028343
0.473287
-1.304497
1.094173
-0.979630
0.413396
2.107087
0.419273
0.098437
-0.721854
-0.403885
-0.001276
1.403836
-0.639632
0.233132
0.961788
-0.616700
-0.062483
0.241292
1.672983
-0.187520
-0.529898
-0.003901
1.450605
0.115339
0.545840
-0.203970
2.712694
-1.969426
-0.628986
0.145126
0.101281
-1.014601
1.042707
-0.776230
0.291106
0.755983
0.148859
0.544784
0.788435
-0.211193
0.290777
0.049683
-0.505370
0.444412
-0.550526
0.169059
-0.882155
0.117505
0.805868
-0.208790
-0.286150
0.058184
0.452277
-0.032683
-0.338594
0.163730
-0.005079
-0.345508
0.230236
-0.228515
-0.109637
-0.096777
0.184462
0.144069
-0.827961
0.483049
-0.862421
-0.484969
2.067138
1.158210
-1.217115
-0.589340
-0.280086
-1.070080
-0.266643
0.301794
0.932004
-0.532492
-0.199921
0.678676
-0.400271
-0.174886
0.080137
1.470709
0.080508
-0.352116
0.057022
-0.299595
-0.221912
-0.134850
-0.311919
0.697697
0.260669
-0.400124
0.259742
1.073135
-0.794453
0.355953
-0.432471
0.635250
-0.082533
0.367779
-1.300338
0.895810
-0.263880
-0.837845
-1.630420
-0.166879
-0.097345
-0.261903
-0.677656
1.515099
-1.078247
-0.349717
-0.285738
-0.438191
-0.649015
-0.631731
-0.561565
-0.084690
-0.425591
0.595784
0.272287
0.973788
-0.564202
1.919345
-0.004333
-0.438323
1.099311
0.570711
1.119805
-1.471247
0.958381
-0.273404
-0.146696
-0.825943
0.346685
0.107644
-0.022760
-0.239060
-0.507287
-0.256022
-0.395851
-0.829192
-0.195299
-0.080657
-0.755354
-0.269921
-0.268151
0.661893
1.009530
-0.106183
-0.624944
0.657090
-0.677496
0.803575
0.368629
-1.199495
-0.421343
0.128136
-1.738536
0.079305
1.223906
0.315610
0.913252
0.654709
-0.175735
1.195431
0.193996
0.522911
-0.747648
0.118641
0.087664
0.435699
0.819544
-1.564496
-0.306338
0.695250
-0.589951
-0.697909
0.609059
0.574847
-1.612807
0.714677
0.389015
0.403511
-0.933327
-0.613132
-0.892300
0.146156
0.229231
0.295223
-0.260823
-0.656661
0.186473
0.241102
-0.479808
-0.461723
0.693931
-1.214493
0.118878
-1.607334
