0.000000
0.000000
0.000000
0.000000
0.000000
0.000000
2.522754
0.933306
0.000000
0.000000
0.000000
0.000000
1.541801
0.000000
0.000000
0.577550
0.000000
1.275739
0.000000
0.000000
0.000000
0.000000
0.000000
0.305606
0.000000
0.395303
0.000000
1.927913
0.362026
0.000000
0.000000
0.000000
0.000000
0.000000
0.837999
0.000000
0.000000
0.000000
0.000000
0.000000
0.000000
0.273984
0.000000
0.000000
0.000000
0.000000
2.621366
0.000000
0.684745
0.000000
0.864700
0.000000
0.000000
0.000000
0.000000
0.111536
0.000000
0.000000
0.208786
0.000000
0.000000
0.000000
0.000000
0.024383
0.841737
0.000000
0.000000
0.000000
0.000000
0.000000
0.000000
0.267038
0.000000
0.000000
0.000000
0.674948
0.000000
0.000000
0.000000
1.205101
0.000000
0.000000
0.000000
0.000000
0.000000
0.000000
0.000000
2.694003
0.000000
0.000000
0.000000
0.368836
1.145654
0.000000
0.000000
0.000000
0.000000
0.000000
0.000000
0.000000
0.000000
0.082710
0.000000
0.000000
0.000000
0.000000
0.000000
0.000000
0.353722
0.000000
0.000000
0.000000
0.000000
0.000000
0.000000
0.000000
0.000000
0.000000
0.583250
0.000000
0.000000
0.000000
0.000000
0.170206
0.000000
0.000000
0.000000
0.357728
0.000000
0.850288
0.665498
0.000000
0.000000
0.000000
0.000000
0.000000
0.000000
0.000000
0.000000
0.000000
0.000000
0.000000
0.000000
0.000000
0.000000
0.000000
0.000000
0.000000
0.000000
0.000000
0.000000
0.000000
0.000000
0.000000
0.000000
0.076751
0.846182
0.000000
1.234191
0.000000
0.000000
0.083923
0.000000
0.000000
0.000000
0.000000
0.000000
1.410951
0.000000
0.000000
0.000000
0.000000
0.176092
0.054212
0.000000
0.312032
0.000000
0.832512
0.000000
0.000000
0.031773
0.000000
0.000000
0.000000
0.000000
0.000000
0.000000
0.000000
0.000000
0.000000
0.000000
0.000000
0.000000
2.881266
0.000000
0.000000
0.000000
0.000000
0.000000
0.000000
0.000000
0.000000
0.000000
0.000000
0.000000
0.000000
0.000000
1.397515
1.405991
0.000000
0.000000
0.000000
0.000000
0.000000
0.000000
0.000000
0.000000
0.000000
0.000000
0.000000
0.490107
0.000000
0.000000
0.000000
0.000000
0.198438
0.000000
0.000000
0.000000
0.312129
0.000000
0.000000
0.000000
0.000000
0.000000
0.000000
0.000000
0.000000
0.000000
0.000000
0.000000
0.000000
0.000000
0.000000
0.338722
0.000000
0.000000
0.000000
2.112885
0.535519
0.000000
0.000000
0.000000
0.000000
0.080805
0.000000
0.000000
0.000000
0.000000
0.856059
0.000000
0.000000
0.000000
0.000000
0.749429
0.000000
0.000000
0.000000
0.194853
0.000000
0.349402
0.000000
0.000000
0.000000
0.000000
0.000000
0.000000
0.450302
0.000000
0.000000
0.000000
0.000000
2.092774
0.000000
0.156847
0.000000
0.000000
0.000000
0.000000
0.000000
0.000000
0.853410
0.000000
0.000000
0.544769
0.000000
0.000000
0.000000
1.617817
0.000000
0.000000
0.000000
0.000000
0.231053
0.000000
0.000000
0.172705
2.161975
0.000000
0.123363
0.357846
1.763885
0.000000
0.000000
0.000000
0.000000
1.278900
0.000000
0.000000
0.000000
0.000000
0.000000
0.000000
0.000000
0.350446
0.000000
0.294676
0.000000
0.000000
0.000000
0.000000
0.000000
0.000000
1.051805
0.000000
0.000000
0.000000
0.000000
0.238014
0.000000
0.000000
0.000000
0.000000
0.000000
0.000000
0.000000
0.000000
0.000000
0.000000
0.000000
0.000000
0.000000
0.000000
0.997452
0.000000
0.151479
0.000000
0.000000
0.000000
1.649856
1.767227
0.000000
0.000000
0.000000
0.000000
0.292023
0.000000
0.000000
0.000000
0.000000
0.130401
0.000000
0.000000
0.000000
0.000000
0.000000
0.000000
0.000000
0.000000
1.932516
0.000000
0.218611
0.000000
0.000000
0.342658
0.000000
0.000000
0.000000
0.000000
0.000000
2.362626
0.000000
0.106514
0.000000
0.000000
0.000000
0.000000
2.416497
0.000000
0.702387
0.000000
0.000000
0.152827
0.000000
0.000000
3.786003
0.065798
0.000000
0.000000
1.386389
0.000000
0.000000
0.000000
0.681555
0.000000
0.000000
0.000000
0.412654
0.000000
0.000000
0.000000
0.000000
0.000000
0.000000
0.000000
0.000000
0.000000
0.000000
0.000000
0.000000
0.000000
0.000000
0.000000
0.000000
0.000000
0.000000
0.000000
0.000000
0.000000
0.000000
0.000000
0.054586
0.166726
1.171567
0.000000
0.000000
0.000000
0.000000
0.000000
0.000000
0.483689
0.000000
0.000000
0.000000
0.000000
1.742947
0.000000
0.000000
2.189207
0.000000
0.000000
2.046820
0.000000
0.000000
2.995522
0.000000
0.005155
0.541869
0.000000
0.000000
0.000000
0.000000
0.303380
0.033761
0.000000
0.000000
0.000000
0.000000
0.000000
0.000000
0.410791
0.000000
0.000000
0.982990
0.000000
0.000000
1.694839
0.000000
0.002236
0.812614
0.000000
0.000000
0.779202
0.000000
0.000000
0.000000
0.000000
0.107211
0.000000
0.000000
0.000000
0.000000
0.000000
0.000000
0.000000
0.000000
0.000000
0.000000
0.000000
0.000000
0.000000
0.000000
2.072152
0.000000
0.000000
0.000000
0.162354
0.000000
0.000000
0.000000
0.000000
0.000000
1.855858
0.000000
0.000000
0.000000
2.221690
0.000000
0.665288
0.000000
0.000000
0.000000
0.081128
0.000000
0.000000
0.000000
0.000000
0.000000
0.000000
0.000000
0.000000
0.000000
0.000000
0.000000
0.628567
0.000000
0.071616
0.497026
0.000000
0.000000
1.063399
0.000000
0.000000
0.000000
0.024218
0.000000
0.000000
0.000000
0.000000
0.411124
0.000000
0.694407
0.000000
0.000000
0.000000
0.000000
0.000000
0.000000
0.000000
0.000000
0.000000
0.000000
0.000000
0.000000
0.302972
0.000000
0.686191
0.557987
0.000000
0.000000
0.000000
0.000000
0.000000
1.791341
0.000000
0.000000
0.000000
0.000000
0.000000
1.399702
0.000000
0.000000
0.000000
0.000000
0.000000
0.000000
0.000000
1.072984
0.000000
0.000000
0.000000
1.782855
0.000000
0.000000
0.000000
0.000000
0.000000
0.000000
0.000000
0.000000
0.000000
0.635990
1.260198
0.000000
0.018103
0.000000
1.949935
0.000000
0.000000
0.000000
0.000000
0.000000
0.000000
1.227372
0.000000
0.000000
0.000000
0.000000
0.000000
0.000000
0.172465
2.110250
0.000000
1.114756
0.000000
0.000000
1.294668
0.000000
0.000000
0.000000
0.000000
0.000000
3.939380
0.636301
0.000000
1.561579
0.000000
0.000000
0.000000
0.000000
0.000000
3.377201
0.000000
0.000000
0.000000
0.000000
0.000000
0.000000
0.000000
0.000000
0.000000
0.000000
0.120834
0.000000
0.000000
1.112403
0.312232
0.000000
1.141627
0.000000
0.000000
0.000000
0.000000
0.000000
0.000000
0.000000
0.000000
0.071014
0.000000
0.000000
0.000000
0.000000
1.530037
0.000000
0.000000
1.096636
0.000000
0.000000
0.000000
0.000000
0.000000
0.000000
0.000000
0.000000
0.269982
0.000000
1.133783
0.000000
0.000000
0.000000
0.000000
0.000000
0.000000
0.185194
1.739862
0.000000
0.000000
0.135288
0.000000
0.574814
0.000000
0.000000
0.000000
0.000000
0.255534
0.000000
0.000000
0.000000
0.930992
0.000000
0.000000
0.000000
0.000000
0.000000
0.000000
0.000000
0.000000
0.000000
0.000000
0.000000
0.000000
0.000000
0.239864
0.000000
0.000000
0.000000
0.000000
0.990989
1.292575
0.000000
0.000000
0.858069
0.645101
0.959937
0.000000
0.203624
0.000000
0.000000
0.000000
0.000000
0.000000
0.000000
0.000000
1.460940
0.000000
1.526368
0.000000
0.000000
0.000000
0.000000
0.000000
0.000000
0.841913
0.000000
0.000000
1.886052
1.461443
0.171929
0.000000
0.000000
0.000000
0.968767
0.968691
0.000000
0.000000
0.000000
0.000000
0.000000
0.000000
0.444307
0.000000
1.270829
0.000000
0.000000
0.000000
0.000000
0.000000
0.000000
0.000000
0.000000
0.000000
0.000000
0.000000
0.000000
0.000000
0.000000
0.000000
1.407230
1.195626
0.000000
0.548596
0.000000
0.000000
2.092613
0.000000
0.000000
0.000000
0.000000
0.000000
0.514756
0.000000
0.000000
0.000000
0.000000
2.359653
0.630057
0.000000
0.711525
1.320405
0.000000
0.000000
0.000000
0.000000
0.000000
0.000000
0.087103
0.000000
0.000000
1.242056
0.000000
0.000000
0.000000
0.000000
0.000000
0.000000
0.000000
0.751751
0.000000
0.000000
0.000000
0.000000
0.000000
0.178555
0.000000
0.000000
0.792276
0.000000
0.000000
0.000000
0.000000
0.199805
1.047727
0.000000
0.074058
0.000000
0.679128
0.502863
0.000000
1.654705
0.000000
0.000000
0.000000
0.000000
0.000000
0.000000
0.000000
0.832905
3.837619
0.000000
0.000000
0.000000
0.000000
0.000000
0.000000
0.000000
0.000000
3.341065
0.000000
0.000000
0.000000
0.000000
0.000000
1.970295
0.000000
0.000000
1.710040
0.000000
1.009961
0.000000
2.077146
0.000000
0.273734
1.094033
0.000000
0.000000
0.708030
0.000000
0.954382
0.000000
0.000000
0.000000
0.000000
1.151118
0.000000
0.000000
0.000000
3.576822
0.000000
0.000000
0.000000
0.000000
0.000000
1.186040
0.000000
0.000000
0.000000
0.000000
0.000000
0.857486
0.000000
3.027465
0.000000
0.000000
0.000000
1.252399
2.712017
0.000000
0.000000
0.000000
0.786896
0.000000
0.000000
0.000000
0.000000
0.000000
1.293870
0.370316
0.000000
0.000000
0.883101
0.000000
0.000000
0.000000
0.575848
0.000000
0.000000
0.000000
0.789925
0.897645
0.000000
0.000000
0.000000
0.000000
0.000000
0.000000
0.000000
0.180429
0.000000
1.523811
0.000000
0.000000
0.000000
0.559600
0.000000
0.000000
0.000000
0.000000
0.000000
0.042412
0.000000
0.000000
0.000000
0.000000
0.000000
0.000000
0.000000
0.889917
0.000000
0.000000
0.000000
0.000000
0.000000
3.801924
0.000000
0.000000
1.805593
0.000000
0.147208
0.000000
0.000000
0.000000
1.174097
0.000000
2.317821
0.000000
0.000000
2.544349
0.000000
0.000000
0.000000
0.000000
0.000000
0.000000
0.906192
0.000000
0.000000
1.588837
0.000000
0.000000
0.000000
0.000000
0.000000
0.000000
0.000000
0.000000
0.000000
0.450976
0.000000
0.000000
0.000000
0.000000
0.073806
0.000000
0.000000
0.000000
0.000000
0.000000
0.916709
0.000000
0.666010
0.071946
0.000000
0.000000
0.000000
0.000000
1.529333
0.000000
0.000000
0.000000
0.000000
0.000000
0.000000
1.386920
0.000000
0.000000
1.252824
0.000000
0.000000
0.400234
0.000000
0.000000
0.000000
0.000000
1.178012
0.000000
0.000000
0.000000
0.000000
0.000000
0.125529
0.000000
0.000000
0.000000
0.000000
0.000000
2.660240
0.000000
0.000000
0.000000
0.000000
0.000000
1.138583
0.000000
0.000000
0.000000
0.000000
0.000000
0.000000
0.000000
0.000000
0.000000
0.000000
0.000000
0.000000
0.000000
0.647981
0.000000
0.000000
0.000000
0.000000
0.000000
0.000000
1.961933
0.000000
0.551997
0.000000
0.000000
0.000000
0.000000
0.642039
0.000000
0.233904
0.253388
0.000000
1.938836
0.000000
0.000000
0.000000
0.005071
0.000000
0.000000
0.000000
0.000000
0.000000
0.820323
0.000000
0.193473
0.000000
0.000000
0.000000
2.035683
0.000000
0.000000
0.000000
0.000000
0.000000
0.795824
0.000000
2.097561
0.000000
0.558497
0.000000
0.441854
0.000000
0.232526
0.000000
0.331698
0.000000
0.000000
0.000000
0.000000
0.000000
0.486071
0.000000
0.000000
0.000000
0.000000
0.000000
0.000000
0.000000
0.000000
0.000000
0.000000
0.000000
0.030272
0.000000
0.264869
0.000000
0.000000
0.000000
0.000000
0.037854
0.056510
0.017665
0.000000
0.981857
0.000000
0.000000
0.000000
0.000000
3.878293
0.498420
0.987677
1.084112
2.568247
0.000000
0.000000
1.239867
0.382576
0.000000
0.000000
0.000000
0.000000
0.000000
0.000000
0.000000
0.000000
0.000000
0.000000
0.000000
1.292710
0.000000
0.000000
0.000000
0.000000
0.000000
0.000000
0.000000
0.000000
0.000000
0.000000
0.000000
0.000000
2.208583
0.000000
0.284230
0.000000
1.154094
0.000000
0.000000
0.000000
0.635435
0.000000
0.000000
0.260213
1.326713
0.000000
0.000000
0.000000
0.000000
0.000000
2.040371
1.617771
1.887113
1.152165
0.000000
0.000000
0.000000
0.000000
0.000000
0.000000
0.000000
0.000000
0.000000
0.283601
0.000000
0.534951
0.000000
1.301519
0.716693
0.495334
0.399261
0.000000
0.000000
0.000000
0.000000
0.000000
0.000000
0.000000
0.011691
2.230772
0.000000
0.000000
0.490056
2.039199
0.000000
0.000000
0.000000
0.601452
0.000000
0.000000
0.000000
0.000000
0.000000
0.000000
0.000000
0.000000
0.000000
0.000000
0.000000
0.000000
0.358194
0.000000
0.000000
0.000000
0.000100
0.000000
3.767720
0.000000
0.000000
0.000000
0.000000
0.000000
0.607207
0.979936
0.789287
0.000000
0.000000
0.000000
0.000000
0.000000
1.924868
1.404978
0.000000
0.000000
0.000000
0.000000
0.000000
0.000000
0.000000
0.000000
1.152536
3.077700
0.000000
0.000000
0.000000
0.000000
0.000000
0.000000
1.750688
0.000000
0.000000
1.836514
2.547304
0.000000
0.000000
0.000000
0.000000
1.096984
0.315940
1.361000
0.000000
0.000000
0.000000
0.000000
0.464302
0.000000
1.558413
0.091408
0.000000
0.913673
0.000000
4.598773
0.000000
0.007648
0.000000
0.000000
0.000000
0.455192
2.429374
0.069960
0.000000
0.000000
2.468807
0.000000
1.686969
0.000000
0.000000
1.338274
0.000000
0.000000
1.153796
0.000000
2.466889
0.000000
0.000000
0.973873
0.000000
0.000000
2.592744
0.000000
0.000000
0.000000
0.000000
0.640563
0.000000
0.000000
0.000000
0.000000
0.000000
0.000000
1.276243
0.000000
0.000000
1.998135
0.000000
0.807885
0.000000
0.118092
0.000000
0.000000
0.000000
0.000000
0.576626
0.000000
0.132561
0.039889
0.000000
0.000000
0.000000
0.000000
0.000000
0.000000
0.000000
0.000000
0.000000
0.648619
0.000000
0.000000
0.000000
0.000000
0.000000
0.000000
1.752751
2.114180
0.000000
1.287948
0.000000
0.000000
0.230025
1.268643
0.000000
0.503145
0.000000
0.000000
0.000000
0.170244
0.000000
0.000000
0.000000
0.000000
0.000000
0.000000
0.000000
0.000000
0.304610
0.000000
0.927968
0.000000
0.000000
0.000000
0.000000
0.000000
1.078069
0.000000
0.000000
0.000000
0.802482
0.000000
0.257356
0.000000
0.000000
0.000000
0.000000
0.000000
0.017150
0.000000
0.000000
0.000000
0.000000
0.000000
1.282133
2.142039
0.000000
0.000000
0.000000
0.000000
0.000000
0.000000
0.000000
0.000000
0.000000
0.000000
1.071079
0.000000
0.000000
0.000000
1.021651
0.000000
0.000000
0.000000
0.000000
0.000000
0.000000
0.000000
0.000000
0.000000
0.000000
0.000000
0.000000
0.000000
1.263143
0.000000
0.000000
0.000000
0.000000
0.000000
0.000000
0.000000
1.640826
0.000000
0.000000
0.000000
0.000000
0.000000
0.000000
0.000000
0.000000
0.000000
0.000000
0.000000
0.000000
0.000000
0.000000
0.000000
0.217150
0.000000
0.000000
0.000000
0.000000
0.000000
0.000000
0.402540
0.000000
0.000000
0.000000
0.000000
0.000000
0.000000
1.101569
0.000000
0.000000
0.435264
0.715406
0.000000
0.000000
0.000000
0.000000
1.057239
0.000000
0.000000
0.000000
0.000000
0.000000
0.674741
0.000000
0.417775
0.441713
0.000000
0.000000
0.000000
0.000000
0.000000
1.058612
0.000000
0.000000
0.941477
0.000000
0.000000
0.000000
0.000000
0.412729
0.000000
0.000000
0.163824
0.000000
0.000000
0.000000
0.000000
0.000000
0.000000
0.810426
0.000000
0.707451
0.037522
0.340743
0.000000
0.000000
0.000000
0.754699
0.000000
0.810141
0.075096
0.000000
0.000000
0.000000
0.000000
0.000000
0.000000
0.000000
1.044344
0.000000
0.203683
0.000000
1.297351
0.000000
0.000000
0.000000
0.000000
0.000000
0.000000
0.000000
0.000000
0.000000
2.701117
0.000000
0.000000
0.543120
1.266049
0.000000
0.000000
0.000000
0.000000
0.573434
0.000000
0.000000
0.000000
0.000000
1.828258
0.246788
0.000000
0.974247
4.031871
0.000000
0.000000
0.000000
0.000000
0.000000
0.000000
0.000000
0.000000
0.876321
0.000000
0.000000
0.000000
0.000000
1.407516
0.000000
0.000000
0.525591
0.883327
0.000000
0.837915
0.000000
0.000000
0.000000
0.000000
0.000000
0.000000
0.000000
0.000000
0.000000
0.974388
0.000000
0.000000
0.000000
0.000000
0.000000
1.918806
0.000000
0.000000
0.000000
0.339025
0.000000
0.000000
0.000000
0.000000
0.000000
0.532708
0.000000
0.000000
0.000000
0.000000
3.376486
0.371161
0.000000
0.000000
0.000000
0.000000
0.000000
0.740115
0.000000
0.000000
0.000000
0.000000
1.196988
0.000000
1.084637
0.000000
0.000000
0.000000
1.441000
0.000000
0.000000
1.655372
0.433844
0.000000
0.000000
0.000000
0.000000
0.541248
0.000000
0.000000
0.000000
0.000000
0.000000
0.000000
0.000000
0.000000
0.000000
0.000000
2.524627
0.943499
0.000000
0.000000
2.948262
0.000000
0.000000
1.603765
0.000000
0.000000
0.000000
1.508213
0.000000
0.000000
0.921512
0.922996
0.000000
0.000000
0.000000
0.000000
0.000000
0.000000
0.000000
0.000000
0.000000
0.000000
2.059232
0.000000
0.000000
0.000000
0.000000
0.000000
0.000000
0.696153
0.000000
0.898026
0.000000
0.000000
0.509778
0.547912
0.000000
0.000000
0.000000
0.000000
0.174154
0.000000
0.000000
0.000000
0.000000
0.000000
0.000000
1.899945
0.000000
0.000000
0.000000
0.000000
0.000000
0.000000
0.628083
0.000000
0.000000
0.939724
0.000000
0.000000
1.053645
0.000000
0.000000
0.000000
0.346868
0.762081
0.505907
0.000000
0.000000
0.267444
0.000000
0.000000
0.000000
1.960811
0.000000
0.000000
0.000000
0.000000
0.000000
0.000000
0.000000
0.000000
0.000000
0.000000
1.151762
0.124285
0.000000
0.000000
0.451007
0.000000
0.000000
0.000000
0.000000
0.000000
0.000000
0.000000
0.099391
0.347294
0.000000
0.000000
0.758542
0.000000
0.000000
0.000000
0.827287
0.000000
0.000000
3.361515
0.000000
0.000000
0.000000
0.000000
0.000000
1.425195
0.000000
0.000000
0.000000
0.606563
0.000000
0.000000
0.000000
0.000000
0.000000
0.000000
3.545769
0.258895
0.000000
1.451302
0.000000
2.122777
0.000000
0.000000
0.000000
3.374872
0.000000
0.248930
0.000000
0.000000
0.000000
1.663817
0.000000
0.000000
0.000000
0.000000
0.000000
0.000000
1.018299
0.000000
1.080100
0.000000
0.466830
0.000000
0.000000
0.000000
1.921926
0.000000
0.000000
0.000000
0.000000
0.000000
0.000000
0.000000
0.000000
0.000000
0.000000
0.000000
0.000000
0.000000
0.000000
0.000000
0.000000
0.000000
0.000000
0.000000
1.219682
0.000000
0.000000
0.000000
0.000000
0.000000
0.000000
0.000000
0.000000
0.000000
0.000000
0.000000
0.000000
0.000000
0.000000
0.000000
0.000000
0.000000
0.000000
0.000000
0.159107
0.000000
0.896478
0.000000
0.892803
0.000000
0.167618
1.724390
0.000000
0.899801
0.000000
0.000000
0.000000
0.000000
0.000000
0.000000
0.019664
3.331333
0.000000
0.000000
0.000000
0.000000
0.000000
0.000000
0.000000
0.000000
0.000000
0.000000
0.197927
0.201610
0.000000
0.000000
0.000000
0.000000
0.613759
0.555627
0.000000
0.000000
0.000000
0.000000
0.000000
0.000000
0.000000
0.000000
0.000000
2.648709
0.000000
0.000000
0.018263
0.000000
0.000000
0.203492
0.949327
0.000000
0.000000
0.000000
0.000000
0.000000
0.000000
0.000000
0.351054
0.087701
0.000000
0.000000
0.000000
0.205636
0.000000
0.000000
0.000000
0.000000
0.000000
0.000000
0.000000
0.000000
0.000000
0.000000
0.000000
0.875996
0.000000
0.000000
0.000000
1.845541
0.000000
0.000000
0.000000
0.000000
0.000000
1.368841
0.095032
0.000000
0.000000
1.244014
0.000000
0.437025
0.000000
1.247171
0.000000
0.000000
0.000000
2.979191
0.000000
0.000000
0.000000
0.000000
0.000000
0.000000
0.000000
0.000000
0.000000
0.000000
0.000000
0.000000
0.000000
0.000000
0.000000
0.000000
0.000000
0.000000
3.325823
0.289489
1.667825
0.000000
0.000000
0.000000
0.000000
0.000000
0.000000
0.000000
0.000000
0.000000
0.000000
0.000000
0.000000
0.000000
0.000000
0.000000
0.000000
0.000000
0.091494
0.018791
0.004470
0.000000
0.000000
0.964523
0.000000
0.000000
1.107900
0.000000
0.000000
0.870568
1.253622
0.000000
0.615793
0.000000
1.121732
0.000000
0.000000
1.763524
0.000000
0.000000
0.000000
1.290787
0.000000
0.000000
0.000000
0.000000
0.000000
0.000000
0.843978
0.000000
1.364501
0.000000
0.000000
0.000000
0.000000
0.000000
1.789826
0.000000
0.000000
0.000000
0.000000
0.000000
0.000000
0.000000
0.000000
0.000000
0.000000
0.000000
1.710819
0.000000
0.000000
1.292677
0.000000
0.000000
0.039431
1.424495
0.000000
0.000000
0.000000
0.000000
0.000000
0.000000
0.000000
0.584335
0.206023
0.000000
1.838295
0.000000
0.000000
0.432511
0.000000
0.000000
0.000000
0.685117
0.000000
0.000000
1.557991
0.244439
0.906370
0.000000
0.000000
0.000000
0.000000
1.681336
0.000000
0.000000
0.329379
0.000000
0.068465
0.000000
0.811797
0.000000
0.000000
0.000000
0.000000
0.000000
0.000000
0.000000
0.000000
0.370467
1.032280
0.000000
0.000000
0.369111
0.000000
0.000000
0.000000
0.000000
0.136540
0.254900
0.840572
1.586278
0.000000
1.322528
0.927999
0.000000
2.451463
0.000000
0.000000
0.000000
0.000000
0.000000
0.000000
0.000000
0.000000
0.000000
0.000000
0.000000
3.786198
2.832077
0.000000
0.000000
0.000000
0.402222
0.000000
0.000000
0.000000
0.000000
1.213414
0.000000
0.000000
0.000000
0.000000
0.000000
0.455003
0.000000
0.000000
0.000000
0.000000
0.000000
1.331980
0.439561
0.202332
0.000000
0.000000
0.000000
0.000000
0.802703
1.915629
0.000000
0.000000
0.860091
0.000000
0.668337
0.860450
0.000000
1.123459
0.000000
0.439690
0.000000
0.000000
0.000000
0.000000
0.000000
0.000000
0.649783
0.000000
0.000000
0.000000
0.000000
0.793387
0.655696
0.000000
0.000000
0.538375
0.000000
0.000000
0.208829
0.000000
0.000000
0.000000
0.486040
0.000000
0.000000
0.000000
0.000000
0.000000
0.000000
0.000000
0.000000
0.457402
2.040378
0.000000
0.959992
0.000000
0.000000
0.000000
0.000000
0.000000
0.000000
1.959648
0.061379
0.060847
0.000000
0.000000
0.000000
0.451825
0.000000
0.000000
0.000000
0.000000
0.531916
0.000000
0.000000
0.758488
0.000000
0.000000
0.711909
0.000000
0.799360
2.469825
0.691358
0.000000
0.000000
0.000000
0.000000
0.111156
1.438652
0.000000
0.946624
0.000000
0.000000
4.070737
0.000000
0.000000
0.000000
0.000000
0.000000
0.000000
1.264600
0.000000
0.000000
0.378002
0.000000
0.000000
0.000000
1.742881
0.230477
0.406047
0.000000
0.819093
0.564660
0.000000
0.000000
0.253581
0.586568
0.000000
0.000000
0.000000
1.149408
0.000000
0.000000
1.010008
0.000000
0.000000
0.000000
0.000000
0.000000
0.677644
0.000000
0.000000
0.000000
0.000000
0.000000
0.000000
0.000000
0.000000
0.243220
0.000000
1.582833
0.000000
1.496456
0.690219
0.000000
0.000000
0.000000
0.000000
1.106978
0.000000
0.000000
0.000000
0.000000
0.000000
0.000000
1.020273
0.000000
0.000000
0.000000
0.000000
0.000000
0.101410
0.000000
1.196778
0.000000
0.000000
0.000000
0.000000
0.194634
0.000000
0.000000
0.000000
0.000000
0.275384
0.000000
0.000000
0.000000
0.000000
0.245377
0.000000
0.000000
1.186207
0.861560
0.000000
0.000000
0.000000
0.000000
0.000000
0.000000
0.000000
1.215724
0.912260
0.580093
0.000000
0.000000
0.000000
0.544173
0.000000
0.000000
0.000000
0.324698
0.000000
0.294106
1.232257
0.000000
0.000000
0.000000
0.000000
0.000000
1.111831
0.057587
0.218615
0.000000
0.000000
0.000000
0.000000
1.160551
0.000000
0.000000
0.531589
0.000000
0.000000
0.088547
0.000000
0.012198
0.003562
0.000000
0.000000
3.754133
0.000000
0.353473
0.000000
0.000000
0.000000
0.000000
0.000000
0.551119
0.437541
0.586725
0.000000
2.338950
0.000000
0.000000
1.845895
0.729659
0.000000
0.000000
0.000000
0.000000
0.000000
0.000000
0.036508
0.000000
0.685491
0.000000
0.000000
0.000000
0.793309
0.000000
2.307080
1.221105
0.000000
0.000000
0.000000
0.000000
0.294314
0.000000
0.180415
0.231269
0.000000
0.000000
0.000000
0.000000
0.000000
0.000000
1.339089
0.000000
0.000000
0.000000
0.000000
0.000000
0.000000
0.000000
0.000000
0.784220
1.794659
0.000000
0.000000
0.000000
0.000000
0.000000
0.000000
0.000000
0.000000
0.000000
0.860663
0.000000
0.269541
1.910304
2.892941
0.000000
0.000000
0.000000
0.000000
0.000000
0.000000
0.000000
1.680362
0.000000
0.000000
0.000000
0.000000
2.573067
0.000000
0.000000
0.000000
0.000000
0.000000
0.502075
0.000000
0.000000
0.000000
0.000000
0.000000
0.000000
0.000000
0.000000
0.000000
0.000000
0.000000
0.000000
0.000000
0.000000
0.453232
0.000000
0.000000
0.000000
0.000000
0.000000
1.863283
0.000000
0.257366
0.000000
0.000000
0.000000
0.000000
1.015723
0.759933
0.119625
0.000000
0.000000
0.000000
1.978831
0.000000
0.548967
0.000000
0.000000
0.832267
1.075045
0.380710
0.000000
0.000000
0.000000
0.000000
0.000000
0.983658
0.000000
1.202955
0.000000
0.000000
0.000000
0.324509
0.000000
0.867798
0.000000
1.126241
0.227140
0.000000
0.455353
0.000000
0.079186
0.000000
0.063682
0.000000
0.000000
1.264036
0.181683
0.000000
0.000000
0.754629
0.000000
0.000000
0.000000
0.000000
0.549344
0.889330
0.000000
0.000000
0.000000
0.000000
0.000000
0.000000
0.926492
0.807494
0.000000
0.000000
0.000000
0.000000
0.000000
0.000000
0.000000
0.873935
0.000000
0.268122
0.000000
0.000000
0.000000
0.000000
0.000000
0.000000
0.000000
0.462554
1.097208
0.327373
1.252317
0.000000
0.000000
0.000000
0.000000
0.273133
2.057363
0.000000
0.000000
0.000000
0.000000
0.000000
0.213980
0.000000
1.362275
0.000000
0.000000
0.000000
0.000000
0.006021
0.000000
0.000000
0.000000
0.000000
0.000000
0.000000
0.000000
0.516229
0.000000
0.000000
0.000000
0.000000
0.000000
0.526647
0.000000
1.125497
0.000000
0.000000
0.000000
0.000000
0.000000
0.000000
0.000000
0.000000
0.000000
0.000000
0.000000
0.000000
1.003540
0.000000
1.273247
0.038258
0.000000
0.000000
0.000000
0.000000
0.000000
0.000000
0.000000
0.000000
0.000000
0.000000
0.000000
0.000000
1.922697
0.000000
0.000000
0.000000
0.000000
0.000000
0.542042
0.030149
0.000000
0.000000
0.000000
0.074819
0.000000
0.337489
0.000000
0.000000
0.000000
0.455332
0.000000
0.000000
0.000000
0.000000
0.000000
2.067892
0.000000
0.000000
0.000000
0.000000
0.000000
0.000000
0.000000
0.000000
0.059357
0.000000
0.000000
0.000000
1.283723
0.000000
0.000000
0.000000
0.000000
0.000000
0.000000
0.000000
0.000000
0.000000
0.000000
0.238318
2.730100
0.000000
0.000000
0.000000
0.000000
1.958393
0.000000
0.000000
0.000000
0.000000
0.000000
0.000000
0.000000
0.000000
0.000000
0.000000
0.000000
0.000000
1.846599
0.561886
0.000000
0.316825
0.735818
0.000000
0.000000
0.000000
0.000000
0.000000
0.000000
0.000000
0.000000
1.096208
0.000000
1.559478
0.496783
0.000000
0.000000
0.000000
0.378675
0.000000
0.724808
0.000000
0.000000
0.158626
0.000000
0.000000
0.500210
0.000000
0.000000
0.000000
0.000000
0.375266
0.000000
0.000000
0.000000
0.000000
0.000000
0.083961
0.000000
0.000000
0.000000
0.000000
0.000000
1.396186
0.000000
0.000000
0.000000
0.599811
0.000000
0.397212
0.000000
0.642425
0.000000
0.000000
0.639765
0.000000
0.000000
0.000000
0.000000
0.000000
0.000000
0.000000
0.000000
0.000000
0.321678
0.000000
0.000000
0.000000
1.785676
0.020942
0.000000
1.431256
3.796707
0.000000
0.000000
0.652463
0.605306
0.000000
0.000000
0.000000
0.000000
0.000000
0.000000
0.000000
1.207225
0.108409
0.000000
0.000000
0.000000
0.000000
1.275935
0.000000
0.000000
0.000000
0.000000
0.000000
0.000000
0.000000
0.000000
2.339407
0.000000
0.041915
3.829296
0.000000
0.000000
0.000000
0.403365
0.000000
0.000000
0.000000
0.000000
0.000000
1.668234
0.000000
0.000000
0.000000
0.000000
0.443322
0.000000
0.918811
0.000000
0.000000
0.000000
0.000000
0.412331
0.000000
0.000000
0.000000
0.000000
0.000000
0.324845
0.000000
0.000000
0.000000
0.000000
0.000000
0.000000
1.177875
1.191413
0.000000
1.102480
0.000000
0.000000
0.000000
0.000000
0.000000
0.000000
0.000000
0.000000
0.098194
0.000000
0.000000
0.000000
0.000000
0.000000
0.732885
0.000000
0.000000
0.000000
0.000000
0.000000
0.000000
0.000000
0.000000
0.000000
0.000000
0.000000
0.000000
0.000000
0.000000
0.000000
1.173206
0.000000
0.047055
0.000000
0.000000
0.000000
0.000000
1.805901
0.000000
0.000000
0.000000
0.646737
0.000000
0.695883
2.301381
0.000000
1.213155
0.000000
0.000000
0.912337
0.381215
0.000000
0.000000
0.379934
0.000000
0.000000
0.000000
0.000000
0.000000
0.000000
0.000000
0.000000
0.223436
0.000000
0.000000
0.000000
0.000000
0.000000
0.000000
0.000000
0.000000
0.000000
0.000000
0.000000
0.000000
0.000000
0.000000
0.413145
1.077688
0.000000
1.852019
1.668559
0.000000
0.000000
0.000000
0.000000
0.974195
0.000000
0.000000
0.000000
0.000000
0.000000
0.000000
0.000000
0.000000
0.000000
0.000000
0.000000
0.000000
0.000000
0.233052
3.306468
1.858980
0.082309
0.000000
0.000000
0.272556
0.000000
0.000000
0.000000
0.000000
0.000000
0.000000
0.000000
0.000000
0.000000
0.000000
0.000000
0.580673
0.000000
0.000000
0.000000
0.000000
0.000000
0.370068
0.000000
0.000000
0.000000
0.052945
3.892823
0.093696
0.000000
0.000000
0.000000
0.449814
0.000000
0.000000
0.728990
0.000000
0.000000
1.767176
0.000000
0.000000
0.000000
0.000000
0.000000
0.000000
0.000000
0.000000
0.000000
0.000000
0.000000
0.000000
0.000000
0.000000
0.000000
0.000000
0.000000
0.000000
0.000000
0.000000
0.000000
0.000000
0.000000
0.309495
0.000000
0.000000
0.000000
0.224791
0.000000
0.000000
0.000000
0.000000
0.425103
0.000000
0.000000
1.467319
0.000000
0.000000
0.000000
0.000000
1.296754
1.952374
0.000000
0.000000
0.000000
0.000000
1.002320
0.000000
0.000000
1.967253
0.000000
0.000000
0.000000
0.935200
0.000000
0.695654
0.778751
0.000000
0.000000
0.000000
0.821250
1.510348
0.000000
0.000000
0.000000
0.416463
0.000000
0.071594
0.000000
0.000000
0.000000
0.000000
0.000000
0.000000
1.904672
0.000000
0.000000
0.000000
0.446039
0.000000
0.000000
0.000000
0.489535
0.000000
0.266742
0.000000
0.249692
2.338156
2.406801
0.000000
0.000000
0.000000
0.000000
0.000000
0.000000
0.000000
0.000000
0.256137
0.000000
0.000000
0.000000
0.000000
0.000000
0.000000
0.000000
0.000000
0.000000
2.700943
0.000000
0.000000
0.000000
0.000000
0.000000
0.000000
0.000000
0.000000
0.000000
0.000000
0.665743
0.000000
0.000000
2.281375
1.547222
0.000000
0.700747
0.000000
0.000000
0.000000
0.000000
0.164807
1.595875
0.000000
0.000000
0.000000
1.872375
0.528268
0.000000
2.192714
0.000000
0.000000
0.000000
0.000000
0.000000
0.000000
0.000000
0.000000
0.000000
0.000000
0.000000
0.000000
0.000000
0.000000
0.000000
0.000000
0.000000
0.000000
0.000000
0.000000
4.262486
0.000000
1.128155
0.000000
0.000000
0.000000
0.000000
0.287463
0.000000
1.797487
1.524768
0.000000
0.000000
0.103346
0.000000
0.000000
0.000000
0.000000
0.000000
0.530369
0.000000
0.000000
0.000000
0.000000
0.000000
0.000000
0.988302
0.000000
0.000000
0.000000
0.000000
1.174477
0.000000
1.210335
0.000000
1.249072
0.000000
3.506205
1.247458
0.000000
0.000000
0.000000
0.000000
0.000000
0.000000
0.000000
0.000000
0.186991
4.921306
0.434425
0.318389
0.896554
0.000000
0.000000
0.000000
0.000000
0.000000
0.000000
1.086254
0.000000
1.499290
0.000000
1.498019
0.000000
0.000000
1.218521
0.000000
0.000000
0.000000
0.000000
0.764627
0.830605
0.000000
0.000000
0.000000
0.000000
0.000000
0.000000
0.000000
0.000000
0.000000
0.000000
0.109639
0.000000
0.000000
0.000000
0.000000
0.000000
0.000000
0.000000
0.000000
0.000000
0.000000
0.915023
0.000000
0.968905
0.000000
0.000000
0.000000
0.000000
0.000000
1.826656
0.000000
0.000000
0.000000
0.000000
0.000000
0.000000
0.000000
0.000000
0.000000
1.459682
0.000000
0.000000
0.000000
1.460507
0.000000
0.743287
0.000000
0.291490
0.618081
0.000000
0.244715
0.000000
0.000000
0.173781
0.000000
0.112285
0.000000
0.000000
0.000000
0.000000
0.000000
0.511507
0.000000
1.217930
0.000000
0.000000
0.000000
0.000000
0.000000
0.000000
0.052425
0.000000
2.554232
1.119417
0.000000
0.129961
0.070488
0.000000
0.000000
0.000000
0.000000
2.918126
0.000000
0.000000
0.000000
0.000000
0.000000
0.000000
0.000000
0.000000
0.000000
0.000000
0.000000
0.000000
0.000000
0.000000
0.000000
0.000000
0.000000
0.000000
0.000000
0.737445
0.000000
0.000000
0.000000
0.000000
0.000000
0.000000
0.000000
0.000000
0.000000
0.000000
1.312157
0.000000
0.243266
0.000000
0.000000
0.000000
3.868625
0.000000
0.000000
0.000000
0.000000
0.000000
0.727351
0.000000
0.000000
0.000000
0.000000
0.000000
0.000000
0.000000
0.000000
1.653803
0.000000
0.000000
1.963036
0.000000
0.000000
0.000000
0.000000
0.000000
0.000000
3.232906
0.000000
0.761903
0.000000
0.000000
0.000000
0.000000
0.000000
0.369604
0.000000
0.181923
1.813351
0.000000
0.000000
0.000000
0.000000
1.653922
0.058860
1.261847
0.000000
0.000000
0.000000
0.000000
2.603048
0.000000
0.000000
0.000000
0.000000
0.000000
2.913161
0.000000
0.000000
0.000000
0.000000
0.000000
0.000000
0.000000
0.000000
0.000000
0.000000
0.000000
0.000000
0.000000
0.235435
0.000000
0.000000
0.000000
0.000000
0.000000
0.197885
0.000000
0.000000
0.000000
0.000000
3.353144
0.276265
0.000000
0.000000
2.169676
0.000000
0.000000
0.000000
0.000000
0.449849
0.000000
0.000000
0.000000
0.000000
0.034630
0.000000
0.000000
0.000000
0.000000
0.000000
0.000000
0.185604
0.000000
0.250284
0.000000
0.000000
0.000000
0.000000
0.000000
0.000000
0.000000
0.000000
1.101244
0.000000
0.000000
0.789604
0.000000
1.060617
2.912821
0.000000
0.000000
0.097433
0.000000
0.000000
0.000000
0.000000
0.000000
1.548911
0.000000
0.000000
0.000000
0.000000
0.000000
0.000000
0.000000
0.000000
0.000000
1.927833
0.000000
0.000000
0.531491
0.244034
2.643525
0.000000
0.511379
0.921542
0.000000
0.000000
0.000000
0.000000
0.000000
0.000000
2.029170
0.000000
0.000000
0.000000
0.000000
0.000000
0.470026
0.000000
0.000000
0.000000
0.000000
0.000000
0.000000
0.000000
0.000000
0.000000
0.000000
2.425010
0.000000
0.873293
0.295100
0.000000
1.032117
0.000000
0.000000
0.000000
0.000000
0.063031
0.000000
0.000000
2.016501
0.000000
0.000000
0.000000
0.949960
0.000000
0.000000
0.000000
0.000000
0.000000
0.000000
0.000000
0.141354
0.000000
0.000000
0.000000
0.000000
0.000000
0.000000
0.000000
0.000000
0.000000
0.000000
2.338563
0.000000
0.000000
0.000000
0.000000
0.000000
0.000000
0.000000
0.000000
0.105194
0.000000
0.000000
1.558271
0.699147
0.000000
0.000000
0.000000
0.000000
0.000000
0.000000
0.444835
2.592140
0.000000
0.000000
0.000000
0.511983
0.000000
0.000000
0.000000
0.000000
0.000000
0.000000
0.000000
0.000000
1.319835
0.000000
0.000000
0.000000
0.000000
1.450049
0.000000
0.471046
0.000000
0.000000
0.000000
0.559555
0.000000
0.379110
0.000000
0.000000
0.000000
0.000000
0.000000
0.000000
0.340347
0.000000
0.941053
0.000000
1.160553
0.000000
0.000000
0.000000
0.000000
0.000000
0.000000
0.000000
1.152308
0.000000
0.000000
0.000000
0.000000
0.000000
1.974302
0.000000
0.000000
0.000000
0.000000
0.567431
0.000000
0.000000
0.000000
0.000000
0.000000
0.000000
0.000000
0.000000
2.575368
0.000000
0.000000
0.000000
0.000000
0.000000
0.000000
0.000000
0.000000
0.000000
0.000000
0.000000
0.000000
0.000000
0.000000
0.000000
0.000000
1.368043
0.724817
0.000000
0.000000
0.000000
0.000000
0.000000
0.000000
1.071893
0.000000
0.000000
0.648540
0.000000
0.000000
0.000000
0.000000
1.080817
0.000000
0.316964
0.226757
1.674925
0.000000
0.904382
0.000000
0.000000
0.000000
0.000000
0.000000
0.000000
0.000000
0.000000
0.000000
0.000000
0.000000
0.000000
0.000000
0.000000
1.074137
0.000000
0.000000
0.000000
0.000000
0.000000
0.000000
0.000000
0.143767
0.000000
0.393024
2.053073
0.000000
0.000000
0.000000
1.879527
0.316212
0.848050
0.000000
0.000000
0.736254
0.000000
0.000000
0.000000
0.000000
0.000000
0.000000
0.000000
0.000000
0.000000
0.000000
0.000000
0.172135
0.000000
0.000000
0.000000
0.000000
0.000000
0.000000
0.000000
0.517963
0.234520
0.000000
0.000000
0.000000
0.000000
0.000000
0.000000
0.000000
0.000000
0.000000
0.000000
0.000000
0.000000
0.985573
0.000000
0.000000
0.966114
1.467676
0.000000
0.000000
0.000000
0.000000
0.000000
0.141111
0.791821
0.000000
0.000000
1.519750
0.184518
0.000000
3.567529
1.623726
0.000000
0.000000
0.000000
0.000000
2.856281
0.000000
0.000000
0.000000
0.000000
0.000000
2.034601
0.000000
1.231982
1.093720
0.000000
0.000000
0.000000
0.843232
0.000000
0.000000
0.000000
0.000000
0.000000
0.000000
0.000000
0.000000
0.000000
2.239573
0.000000
0.000000
0.000000
0.000000
0.116475
0.000000
0.000000
0.232413
0.000000
0.000000
0.000000
0.000000
0.000000
0.415858
0.000000
0.000000
0.945798
0.000000
0.000000
0.921147
1.470259
0.000000
1.203494
0.825941
0.000000
0.000000
0.000000
0.000000
0.000000
0.000000
0.131396
0.000000
0.000000
0.000000
0.000000
0.000000
0.368265
0.000000
0.000000
0.000000
0.000000
0.000000
0.000000
0.000000
0.000000
0.000000
0.059196
0.000000
0.000000
0.000000
0.000000
0.000000
0.000000
0.000000
0.000000
0.378688
0.000000
2.330679
0.000000
0.000000
0.000000
0.000000
0.000000
0.000000
0.000000
0.000000
0.000000
0.000000
0.000000
0.012162
0.334783
0.153902
0.000000
0.000000
0.139456
0.000000
0.000000
0.000000
0.000000
0.000000
0.000000
0.000000
0.216067
0.000000
0.000000
0.000000
0.000000
0.000000
0.000000
0.246070
0.574021
0.000000
0.000000
0.000000
0.187532
0.303913
0.000000
0.000000
0.000000
0.114493
0.000000
0.000000
1.339600
0.000000
0.000000
0.000000
0.000000
0.000000
0.000000
0.000000
0.639383
0.739764
0.000000
0.000000
0.000000
0.000000
0.000000
0.000000
0.000000
0.143526
0.037804
0.719645
0.000000
0.000000
0.000000
0.000000
0.000000
0.000000
0.000000
0.000000
0.000000
0.000000
0.240476
0.000000
0.000000
0.000000
0.000000
0.000000
0.000000
0.000000
0.000000
0.000000
0.000000
0.000000
0.000000
0.457132
1.330360
0.000000
0.000000
0.000000
0.550152
0.000000
0.000000
3.937141
0.000000
0.000000
1.227435
0.000000
1.147682
3.457206
0.307870
0.404991
0.000000
0.000000
0.000000
0.364263
0.000000
0.000000
0.000000
0.000000
0.000000
2.595489
0.000000
0.000000
0.000000
1.411051
0.000000
0.731335
0.007512
0.000000
0.000000
0.000000
0.000000
0.000000
0.223002
1.659147
0.000000
0.000000
0.000000
4.257568
0.000000
3.765612
0.000000
0.000000
0.577986
0.000000
0.000000
0.000000
0.000000
0.000000
0.000000
0.000000
0.000000
0.000000
0.000000
0.000000
0.000000
2.579310
0.000000
0.803242
0.943194
0.779703
0.000000
0.000000
0.479356
0.000000
0.000000
0.000000
0.000000
0.943952
0.000000
0.186559
0.000000
0.000000
0.000000
0.395853
0.000000
0.000000
1.165823
0.097389
0.000000
0.000000
0.000000
0.000000
0.000000
0.000000
0.000000
0.000000
0.000000
1.003017
0.000000
0.000000
0.000000
0.000000
0.000000
0.000000
0.536604
0.000000
0.148027
1.241033
0.000000
0.000000
0.141141
0.000000
0.301249
0.000000
0.000000
0.000000
0.000000
0.000000
0.707108
0.000000
2.226231
0.000000
0.000000
0.000000
0.000000
0.000000
0.024731
0.252452
0.000000
0.000000
0.000000
0.000000
0.000000
0.000000
0.000000
