0.000000
0.000000
0.000000
0.000000
0.000000
0.000000
0.819523
0.245351
0.000000
0.000000
0.000000
0.000000
0.000000
0.000000
0.000000
0.000000
0.000000
0.000000
0.000000
0.000000
0.000000
0.000000
0.000000
0.881509
0.000000
0.000000
0.000000
0.405771
0.000000
0.000000
0.000000
1.767760
0.000000
0.787407
0.000000
0.860667
0.000000
0.000000
0.240103
0.000000
0.000000
0.000000
0.000000
0.000000
0.000000
0.000000
0.000000
0.000000
1.183511
0.000000
0.000000
0.000000
0.000000
0.000000
0.000000
0.396365
0.000000
0.000000
0.000000
0.000000
0.000000
0.065700
0.000000
0.000000
0.000000
0.000000
0.000000
0.000000
0.000000
0.000000
0.000000
0.000000
0.000000
0.000000
0.000000
0.061486
0.000000
0.000000
0.000000
0.000000
0.000000
0.000000
0.000000
0.000000
0.000000
0.000000
0.000000
1.458881
0.000000
0.000000
0.000000
0.000000
0.000000
0.000000
0.000000
0.000000
0.000000
0.000000
0.000000
0.000000
0.000000
0.000000
0.000000
0.000000
0.000000
0.000000
0.000000
0.000000
0.000000
0.000000
0.394415
0.000000
0.000000
0.000000
0.000000
0.000000
0.000000
0.000000
1.040435
0.000000
0.000000
0.000000
0.000000
0.000000
0.000000
0.000000
0.000000
0.000000
0.000000
0.000000
0.000000
0.000000
0.000000
0.000000
0.000000
0.000000
0.000000
0.000000
0.000000
0.000000
0.000000
0.000000
0.000000
0.000000
0.016734
2.412785
0.000000
0.000000
0.000000
0.000000
0.000000
0.000000
0.000000
0.000000
0.000000
0.000000
0.000000
0.000000
0.000000
0.724565
0.000000
0.000000
0.000000
0.000000
0.000000
0.000000
0.563170
0.000000
0.000000
0.000000
0.000000
0.000000
0.000000
0.000000
0.410438
0.000000
0.000000
0.000000
0.000000
0.000000
0.000000
0.000000
0.000000
0.000000
0.000000
0.000000
0.000000
1.772975
0.000000
0.000000
0.000000
0.000000
0.000000
0.000000
0.000000
0.000000
0.000000
0.000000
0.000000
0.000000
0.000000
0.000000
0.000000
0.000000
0.000000
0.000000
0.000000
4.114537
0.000000
0.000000
0.000000
0.000000
0.000000
0.000000
0.000000
0.000000
0.000000
0.000000
0.000000
0.000000
0.000000
0.000000
3.997845
0.000000
0.000000
0.000000
0.000000
0.000000
0.000000
0.000000
0.000000
1.325078
0.000000
0.000000
0.000000
0.000000
0.000000
0.000000
1.368502
0.000000
0.000000
0.000000
0.000000
0.000000
0.353852
0.000000
1.752918
0.000000
1.753546
0.000000
0.000000
0.000000
0.000000
0.000000
0.000000
0.000000
0.000000
0.000000
0.000000
0.000000
0.000000
0.000000
0.000000
0.000000
0.000000
0.000000
0.000000
0.000000
0.000000
0.000000
0.000000
0.000000
1.631492
0.000000
0.000000
0.000000
0.000000
0.000000
0.539635
0.000000
0.000000
0.000000
0.000000
0.000000
0.000000
0.000000
0.000000
0.000000
0.000000
0.000000
0.000000
0.827530
0.000000
0.000000
0.227107
0.000000
0.389511
0.000000
0.000000
0.164448
0.000000
0.000000
0.000000
0.000000
0.000000
4.459829
0.404962
0.962753
0.000000
0.000000
0.000000
0.000000
1.253242
0.000000
0.000000
0.000000
3.425103
0.000000
0.000000
0.000000
0.000000
0.000000
0.000000
0.000000
0.000000
0.000000
0.000000
0.000000
0.000000
0.000000
0.000000
0.000000
0.000000
0.000000
0.000000
0.000000
1.911363
0.000000
0.000000
0.000000
0.000000
0.000000
0.000000
0.000000
0.000000
0.000000
0.000000
0.000000
0.000000
0.000000
0.000000
0.000000
0.000000
0.000000
0.000000
0.000000
0.000000
0.000000
2.110580
0.000000
0.000000
0.000000
0.000000
0.072441
0.000000
0.000000
0.000000
0.000000
0.000000
0.000000
0.000000
0.000000
0.000000
0.000000
0.000000
0.000000
1.114532
0.000000
0.367078
0.000000
0.000000
0.000000
0.000000
0.000000
0.000000
0.000000
0.000000
0.000000
0.000000
0.000000
0.000000
0.000000
0.000000
0.000000
0.000000
0.000000
0.000000
0.822850
0.000000
0.000000
0.000000
0.000000
0.000000
0.000000
0.000000
0.000000
0.000000
0.000000
0.000000
0.000000
0.000000
0.000000
0.000000
0.000000
0.000000
0.000000
0.000000
0.000000
0.000000
0.000000
0.000000
0.000000
0.000000
0.000000
0.000000
0.517900
0.000000
0.000000
0.000000
0.822132
0.000000
0.000000
0.000000
0.000000
0.000000
0.000000
0.000000
0.000000
0.000000
0.000000
0.000000
0.000000
0.000000
0.000000
0.000000
0.000000
0.000000
0.000000
0.000000
0.000000
0.089550
0.000000
0.077727
0.000000
0.000000
0.175242
0.000000
0.000000
0.000000
0.000000
0.000000
1.718114
0.000000
0.000000
0.000000
0.000000
0.000000
0.000000
0.000000
0.402041
0.000000
0.000000
0.000000
0.000000
0.000000
0.000000
0.807038
0.000000
0.000000
0.083763
0.000000
0.000000
0.000000
0.000000
1.176822
0.000000
0.000000
0.000000
0.000000
0.000000
0.000000
0.000000
0.000000
0.000000
0.000000
0.000000
0.000000
0.000000
0.000000
0.573503
0.389985
0.000000
0.000000
0.000000
0.000000
2.186564
0.243226
0.000000
0.000000
0.000000
0.000000
0.000000
0.000000
0.000000
1.100018
0.000000
0.000000
0.000000
1.137227
0.000000
0.000000
0.000000
0.000000
0.000000
0.000000
0.612397
0.000000
1.407023
0.000000
0.000000
0.000000
0.176986
0.000000
0.000000
0.000000
0.000000
0.000000
0.000000
0.000000
0.000000
0.000000
0.669732
0.784367
0.000000
0.000000
0.000000
0.000000
0.057676
0.000000
0.000000
0.499190
0.000000
0.000000
0.000000
0.000000
0.000000
0.000000
0.000000
0.000000
0.281161
0.000000
0.000000
0.000000
0.798827
0.000000
0.000000
0.000000
0.000000
0.000000
0.000000
0.000000
0.000000
0.000000
0.000000
0.000000
0.000000
0.000000
0.000000
3.161185
0.000000
0.000000
0.000000
0.000000
0.000000
0.841335
0.000000
0.000000
0.000000
0.000000
0.000000
0.000000
0.000000
0.000000
0.000000
0.000000
0.000000
0.000000
0.000000
0.000000
0.000000
0.000000
0.000000
0.000000
0.000000
0.000000
0.000000
0.000000
0.000000
0.000000
0.000000
0.000000
0.000000
0.000000
0.000000
0.000000
0.000000
0.000000
0.000000
0.000000
1.008555
0.000000
0.000000
0.000000
0.000000
0.000000
1.371822
0.000000
0.000000
0.000000
0.000000
0.000000
1.250504
0.000000
0.000000
0.124144
0.000000
0.000000
0.000000
0.000000
0.000000
1.548591
0.000000
0.000000
0.000000
0.583078
0.000000
0.000000
0.000000
0.000000
0.772104
0.000000
0.000000
0.000000
0.000000
0.000000
0.000000
0.000000
0.000000
0.000000
0.000000
0.000000
0.000000
0.000000
0.000000
0.000000
0.000000
0.000000
0.000000
0.000000
0.000000
0.000000
0.199174
0.000000
0.000000
0.000000
0.000000
0.000000
0.000000
0.000000
0.000000
0.016360
0.000000
0.000000
0.000000
0.000000
0.000000
0.000000
0.000000
0.000000
0.000000
0.000000
0.264938
0.000000
0.000000
0.000000
0.000000
2.265561
0.000000
0.000000
0.000000
0.000000
0.000000
0.000000
0.000000
2.479746
0.000000
0.000000
0.578623
0.000000
0.000000
0.000000
0.000000
0.000000
0.000000
2.449798
0.000000
0.000000
0.000000
0.000000
0.000000
0.000000
0.000000
0.000000
3.805493
0.000000
0.314233
0.000000
0.000000
0.000000
0.000000
0.000000
0.000000
0.000000
0.000000
0.000000
0.000000
0.000000
0.000000
0.000000
0.000000
0.000000
0.152925
1.186487
0.284160
0.000000
0.000000
0.000000
0.000000
0.000000
0.000000
0.000000
0.708814
0.000000
0.000000
0.000000
0.000000
0.000000
0.000000
0.000000
3.052535
0.000000
0.000000
0.701384
0.000000
0.111572
1.394705
0.000000
1.109271
0.000000
0.197541
0.000000
0.000000
0.000000
0.000000
0.000000
0.000000
0.000000
0.000000
0.000000
0.000000
0.000000
0.000000
0.000000
0.000000
0.000000
0.000000
0.000000
0.320645
0.000000
0.000000
0.000000
1.729638
0.000000
0.000000
0.094711
0.000000
0.000000
0.000000
0.000000
0.000000
0.000000
0.000000
0.000000
0.000000
0.000000
0.000000
0.000000
0.000000
0.000000
0.000000
0.000000
0.000000
0.000000
0.000000
0.000000
0.000000
0.000000
0.000000
0.000000
0.000000
0.000000
2.140444
0.000000
0.000000
0.000000
0.000000
0.000000
0.771159
0.176336
0.000000
0.000000
0.000000
0.000000
0.000000
0.000000
0.000000
0.000000
0.000000
0.000000
0.000000
0.000000
0.000000
0.441038
0.000000
0.000000
0.000000
0.000000
0.000000
0.000000
0.000000
0.000000
0.000000
0.000000
1.607042
0.000000
0.000000
0.000000
0.000000
0.000000
0.000000
0.000000
0.000000
0.000000
0.000000
0.000000
0.000000
0.891289
0.221079
0.000000
0.616065
0.000000
0.000000
0.000000
0.000000
0.000000
0.000000
0.000000
0.000000
0.000000
0.000000
0.000000
0.000000
0.000000
0.305187
0.000000
0.000000
0.000000
1.785260
0.000000
0.000000
0.000000
0.000000
0.000000
0.000000
0.000000
0.000000
0.182654
0.000000
0.000000
0.415033
0.000000
0.000000
2.969422
0.000000
0.000000
0.000000
0.000000
0.000000
1.479627
0.000000
0.000000
0.000000
0.000000
0.000000
0.000000
0.000000
0.000000
0.000000
0.000000
0.000000
0.000000
0.000000
0.000000
0.000000
0.000000
0.000000
0.000000
0.000000
0.000000
0.000000
0.000000
0.000000
0.000000
0.000000
0.000000
0.000000
2.446221
0.264219
0.000000
0.374699
0.000000
0.000000
0.000000
0.000000
0.000000
0.000000
0.000000
0.000000
0.000000
0.000000
0.000000
0.000000
0.000000
0.000000
0.000000
0.000000
0.000000
0.000000
0.000000
0.000000
0.000000
0.000000
0.238573
0.000000
0.000000
0.000000
0.000000
0.000000
0.000000
0.000000
0.000000
0.000000
0.000000
0.000000
0.000000
0.000000
0.000000
0.000000
0.000000
0.000000
0.117851
0.000000
5.223347
0.000000
0.000000
0.000000
0.000000
0.000000
0.000000
0.000000
0.000000
0.177239
0.000000
1.992694
0.000000
0.000000
0.000000
0.000000
0.000000
0.000000
0.000000
0.000000
0.000000
0.000000
0.000000
0.000000
3.767612
0.000000
0.000000
0.000000
1.556254
0.000000
0.000000
0.000000
0.000000
0.000000
1.131400
0.000000
0.000000
0.000000
0.000000
0.000000
0.000000
0.000000
0.000000
0.000000
0.000000
3.012746
0.000000
0.149432
0.000000
0.000000
0.000000
0.000000
0.000000
0.000000
0.000000
0.000000
0.000000
0.000000
0.000000
0.000000
0.000000
0.000000
0.000000
0.000000
0.000000
0.000000
1.852879
0.000000
0.000000
0.000000
0.000000
0.000000
0.000000
0.000000
0.000000
0.000000
0.000000
0.000000
0.000000
0.000000
0.000000
0.000000
0.000000
0.000000
0.000000
0.000000
0.000000
1.364539
0.000000
0.000000
0.000000
0.000000
0.000000
0.000000
0.000000
0.000000
0.000000
0.000000
0.000000
0.000000
0.000000
0.000000
0.000000
1.603818
0.000000
0.000000
0.000000
0.000000
0.899824
0.000000
0.000000
0.000000
0.000000
0.606539
0.000000
0.000000
2.141405
0.000000
0.000000
0.000000
0.478223
0.000000
0.000000
0.000000
0.569519
0.000000
2.734112
0.000000
0.000000
0.000000
0.000000
0.000000
0.000000
0.000000
0.000000
0.000000
0.000000
1.713785
0.000000
0.000000
0.000000
0.000000
0.000000
0.000000
0.000000
0.000000
0.180372
0.000000
0.208449
0.000000
1.098889
0.000000
0.000000
0.000000
1.089711
0.000000
1.094714
0.000000
0.000000
0.000000
0.000000
0.140588
0.000000
0.000000
0.000000
0.000000
0.000000
0.000000
0.000000
0.000000
0.000000
0.000000
1.421081
0.000000
0.000000
0.000000
0.571956
0.000000
0.000000
0.000000
0.000000
0.000000
0.000000
0.000000
0.000000
0.000000
1.838572
0.000000
0.934178
0.000000
0.000000
0.000000
0.000000
0.000000
0.000000
0.000000
0.000000
0.000000
0.000000
0.000000
0.000000
0.000000
0.000000
0.063014
0.000000
0.000000
0.000000
0.000000
0.000000
0.000000
0.000000
0.000000
0.000000
0.000000
0.000000
0.000000
0.000000
0.000000
0.000000
0.000000
0.000000
0.000000
0.000000
0.000000
0.000000
0.000000
0.000000
0.000000
4.648190
3.361532
0.000000
0.000000
0.000000
0.334868
0.000000
0.000000
0.000000
0.000000
0.000000
0.000000
0.000000
0.000000
0.000000
0.000000
0.000000
0.000000
0.000000
0.000000
0.000000
0.000000
0.000000
0.000000
0.000000
0.000000
0.366571
0.000000
0.000000
0.000000
0.000000
0.923495
0.000000
1.880358
0.000000
0.000000
0.000000
0.000000
0.000000
0.000000
0.956609
0.000000
0.298141
0.000000
1.855113
0.000000
0.000000
0.000000
1.388144
1.306217
0.000000
0.000000
0.000000
0.000000
0.000000
0.000000
0.000000
0.000000
0.000000
0.000000
0.000000
0.000000
0.000000
0.000000
0.000000
0.000000
0.000000
2.219725
0.000000
0.000000
0.000000
0.749746
0.000000
0.000000
0.000000
0.000000
0.000000
0.000000
0.000000
0.000000
0.000000
0.000000
0.318776
0.000000
0.000000
0.000000
0.000000
0.000000
0.000000
0.000000
0.000000
0.000000
1.728231
0.000000
0.000000
0.000000
0.000000
0.000000
0.000000
0.000000
0.000000
0.000000
1.068170
0.367030
0.000000
0.044818
0.000000
0.000000
0.000000
0.000000
0.000000
0.000000
0.000000
0.000000
0.000000
0.000000
0.000000
0.000000
0.000000
0.000000
0.000000
0.000000
0.000000
1.007283
0.000000
0.000000
0.000000
0.000000
0.000000
0.000000
0.000000
0.000000
0.000000
0.000000
2.546950
0.000000
0.000000
0.000000
1.447560
0.000000
0.000000
2.326599
0.000000
0.000000
0.000000
0.000000
0.000000
0.000000
0.000000
0.157605
0.000000
0.000000
0.000000
0.000000
0.000000
0.000000
0.000000
0.000000
0.000000
0.433284
0.000000
3.426319
0.000000
0.000000
0.000000
0.386041
0.000000
0.000000
0.000000
0.000000
0.000000
0.000000
1.316586
0.215296
0.217993
0.288009
0.000000
0.000000
0.000000
0.000000
0.000000
0.000000
0.000000
0.000000
0.000000
0.000000
0.522073
1.724223
0.000000
1.876472
0.000000
0.000000
0.000000
0.000000
2.529425
0.000000
0.000000
0.000000
0.000000
0.000000
0.000000
2.235238
0.250297
0.000000
0.000000
0.000000
0.000000
0.000000
0.000000
0.000000
0.000000
0.080441
0.000000
0.000000
0.000000
0.000000
0.000000
0.000000
0.000000
0.000000
0.000000
0.000000
0.000000
0.000000
0.065052
0.000000
0.000000
0.000000
0.000000
1.339303
0.000000
0.000000
0.000000
0.000000
0.000000
0.000000
0.000000
0.000000
0.000000
0.000000
0.000000
0.000000
0.285242
0.000000
0.000000
0.000000
0.000000
0.000000
0.000000
0.000000
0.000000
1.508943
0.000000
0.000000
0.000000
0.000000
0.000000
0.000000
0.000000
0.000000
0.000000
0.000000
0.000000
0.000000
0.000000
0.000000
0.000000
0.000000
0.000000
0.000000
0.000000
0.000000
0.000000
0.000000
0.000000
0.000000
0.000000
1.415467
0.000000
0.000000
0.000000
0.000000
0.000000
0.000000
0.000000
0.000000
0.000000
0.000000
0.000000
0.000000
0.000000
0.000000
0.000000
0.000000
0.000000
0.000000
0.000000
0.000000
0.000000
0.000000
0.000000
0.560250
0.000000
0.000000
0.000000
0.000000
0.000000
0.000000
0.000000
0.796899
0.000000
0.000000
0.000000
0.000000
1.550145
0.000000
0.000000
0.000000
0.000000
0.000000
0.656215
0.000000
0.000000
0.000000
0.000000
2.231956
2.040637
0.000000
0.000000
0.000000
0.000000
0.000000
1.042192
0.000000
0.000000
0.000000
0.827847
0.000000
0.000000
0.000000
1.673851
0.000000
0.000000
0.000000
0.000000
0.000000
0.000000
0.000000
0.392210
0.000000
0.000000
2.909984
0.000000
0.000000
0.000000
0.000000
0.000000
0.000000
0.000000
0.000000
0.000000
0.000000
0.000000
0.032447
0.000000
0.000000
0.000000
0.000000
0.000000
0.000000
0.000000
0.000000
1.062952
0.000000
0.000000
0.000000
0.000000
0.000000
1.584102
0.000000
0.000000
0.000000
0.000000
0.000000
0.000000
0.000000
0.000000
0.000000
0.000000
0.000000
0.000000
0.012626
0.000000
0.000000
0.000000
0.000000
0.000000
0.000000
1.134658
0.000000
0.000000
0.000000
0.000000
0.000000
0.000000
0.000000
0.000000
0.000000
0.000000
0.000000
0.000000
0.000000
0.000000
0.000000
0.000000
0.000000
0.000000
0.000000
1.261765
0.000000
0.000000
0.000000
5.210846
0.000000
0.000000
0.000000
0.000000
0.349853
0.000000
0.000000
0.000000
0.000000
0.000000
0.000000
0.000000
0.000000
0.000000
0.000000
0.000000
0.000000
0.000000
0.000000
0.000000
2.817936
0.000000
0.000000
0.000000
0.000000
0.000000
0.000000
0.000000
0.000000
0.000000
0.302858
0.000000
0.082577
0.000000
0.000000
0.000000
0.000000
0.000000
0.000000
0.000000
0.000000
0.000000
2.069053
0.000000
0.000000
0.000000
0.000000
0.000000
0.000000
0.000000
0.000000
0.494383
0.000000
0.000000
0.000000
0.000000
0.000000
0.000000
0.000000
0.000000
0.000000
0.000000
0.000000
0.000000
0.000000
0.000000
0.000000
0.000000
0.000000
0.000000
0.000000
0.000000
0.480436
0.000000
0.000000
0.000000
0.000000
0.000000
0.000000
0.868157
0.000000
0.000000
1.925020
0.000000
0.000000
0.000000
0.000000
0.000000
0.000000
0.000000
0.000000
0.000000
0.000000
0.000000
0.752847
0.000000
0.000000
0.000000
0.000000
0.000000
0.000000
0.000000
0.000000
0.656419
0.000000
0.000000
0.000000
0.000000
0.000000
0.000000
0.000000
1.420514
0.000000
0.000000
1.090750
0.000000
0.000000
0.000000
0.000000
0.000000
0.000000
0.000000
0.000000
0.000000
0.000000
0.000000
0.000000
0.000000
0.636828
0.000000
0.045807
0.000000
0.000000
0.000000
0.000000
0.000000
0.000000
0.000000
0.183650
0.000000
1.566485
0.000000
0.000000
0.000000
0.000000
0.000000
0.000000
0.000000
0.000000
0.000000
0.000000
0.062363
0.000000
0.000000
0.000000
0.000000
0.000000
0.000000
0.000000
0.000000
0.000000
0.000000
0.000000
0.000000
0.000000
0.000000
0.000000
0.000000
0.000000
0.000000
0.000000
0.000000
0.000000
0.000000
0.000000
0.000000
1.402610
0.000000
2.452737
0.859515
0.000000
0.000000
0.000000
0.000000
0.000000
0.000000
0.000000
0.000000
0.000000
0.000000
0.000000
0.000000
0.000000
0.000000
0.000000
0.000000
0.000000
0.000000
0.000000
0.000000
0.000000
0.000000
0.000000
0.000000
0.000000
0.000000
0.000000
0.000000
0.000000
0.000000
0.000000
0.000000
0.000000
0.000000
0.000000
0.000000
0.000000
0.000000
0.000000
0.000000
0.000000
0.907765
0.000000
0.091834
0.000000
0.000000
0.000000
0.000000
0.000000
0.000000
0.000000
0.000000
0.000000
0.000000
0.000000
0.000000
0.000000
0.050878
0.000000
0.000000
0.000000
0.000000
0.000000
1.335034
0.000000
1.681768
0.000000
0.000000
0.000000
0.000000
0.000000
0.000000
0.000000
0.000000
0.000000
0.000000
0.000000
0.000000
0.000000
0.000000
0.895119
3.250300
0.000000
0.000000
0.000000
0.000000
0.000000
0.000000
0.000000
0.548848
0.000000
0.000000
0.000000
0.000000
0.000000
0.000000
0.000000
0.000000
0.000000
0.000000
0.000000
0.000000
0.076881
0.000000
0.000000
0.000000
0.000000
0.000000
0.000000
0.000000
0.000000
0.000000
0.000000
0.000000
0.000000
0.000000
0.000000
0.000000
0.000000
0.681084
0.000000
0.000000
0.000000
0.000000
0.000000
0.000000
0.000000
0.000000
0.000000
0.000000
0.000000
0.000000
0.000000
0.000000
0.000000
0.000000
0.000000
0.000000
0.000000
0.054552
0.000000
0.000000
0.000000
0.000000
0.000000
0.000000
0.000000
0.000000
0.000000
0.000000
0.000000
0.000000
0.000000
0.000000
0.000000
0.000000
0.000000
0.000000
0.000000
0.000000
0.000000
0.000000
0.000000
0.000000
0.000000
0.000000
0.000000
0.000000
0.000000
0.316489
0.000000
0.000000
0.000000
0.000000
0.281100
0.000000
1.750143
0.000401
0.000000
0.000000
0.000000
0.000000
0.000000
0.000000
0.000000
0.000000
0.000000
0.000000
0.000000
0.000000
0.000000
0.000000
0.000000
0.000000
0.000000
0.000000
0.000000
0.000000
0.000000
0.000000
0.000000
0.000000
1.536902
0.170670
0.000000
0.000000
3.987813
0.000000
0.000000
0.000000
0.000000
0.000000
0.000000
0.000000
0.000000
0.000000
0.906197
0.000000
0.000000
0.000000
0.000000
0.607317
0.000000
0.000000
0.000000
0.000000
0.000000
1.475152
0.039850
2.516994
0.000000
0.000000
0.133490
0.000000
0.000000
3.859045
0.000000
0.000000
0.000000
0.000000
0.000000
0.000000
0.000000
0.000000
0.000000
0.000000
0.000000
0.082830
0.000000
0.000000
0.000000
0.000000
0.000000
0.000000
0.000000
0.000000
0.000000
0.000000
0.000000
0.000000
0.000000
1.976413
0.503771
0.000000
0.000000
0.000000
0.000000
0.000000
0.746962
0.000000
0.000000
0.000000
0.000000
0.000000
0.000000
0.000000
0.000000
0.000000
0.000000
0.000000
0.000000
1.155934
0.000000
0.000000
0.000000
0.000000
0.000000
0.000000
0.000000
0.000000
0.000000
0.000000
0.000000
1.389742
0.000000
0.000000
0.000000
0.000000
0.000000
0.889945
0.000000
0.000000
0.000000
0.000000
0.000000
0.000000
0.000000
0.000000
0.000000
0.000000
0.000000
0.000000
0.000000
0.000000
0.000000
0.000000
0.000000
0.000000
0.000000
0.000000
0.000000
2.378504
0.000000
1.899307
0.000000
0.063160
0.000000
0.000000
0.000000
0.000000
0.000000
0.000000
0.000000
0.000000
0.000000
0.000000
0.000000
1.514126
0.000000
0.000000
0.000000
0.000000
2.245439
0.000000
0.105419
0.000000
0.668163
3.364146
0.000000
0.000000
0.000000
0.000000
0.000000
0.000000
0.000000
0.278568
0.000000
0.000000
0.000000
0.000000
0.000000
0.774326
0.000000
0.000000
0.000000
0.000000
0.000000
0.000000
0.000000
0.000000
1.211719
0.000000
0.000000
0.000000
0.000000
0.000000
0.000000
0.000000
1.453264
0.000000
0.000000
0.000000
0.000000
0.000000
0.000000
0.000000
0.000000
0.000000
0.000000
2.320399
0.000000
0.000000
0.000000
0.000000
0.000000
0.000000
0.000000
0.000000
0.000000
0.000000
0.000000
0.000000
0.000000
0.000000
0.000000
0.054099
0.000000
0.000000
0.000000
0.000000
0.206182
0.000000
0.000000
0.000000
0.085149
0.025725
0.000000
0.000000
0.000000
0.000000
0.000000
0.000000
0.000000
0.000000
0.000000
0.000000
0.007779
0.000000
0.000000
0.000000
0.208063
0.000000
0.000000
0.000000
0.000000
0.000000
3.373992
0.000000
0.000000
0.844941
0.000000
0.000000
0.410233
0.003516
0.000000
0.000000
0.000000
0.000000
0.000000
0.000000
0.000000
1.812568
0.000000
0.000000
0.000000
0.000000
0.000000
1.549937
0.000000
2.020320
0.000000
0.000000
0.042395
0.000000
0.000000
0.000000
0.000000
0.000000
0.000000
0.438153
0.000000
0.000000
0.000000
0.000000
0.000000
0.000000
0.000000
0.000000
0.000000
0.000000
0.000000
1.357535
0.000000
0.000000
0.000000
0.000000
0.000000
0.000000
0.000000
0.000000
0.000000
2.316552
0.000000
0.000000
0.000000
0.147993
1.713724
0.000000
0.000000
0.000000
0.000000
0.000000
0.000000
0.000000
0.090593
0.000000
0.000000
0.000000
0.000000
0.000000
0.000000
0.000000
0.000000
0.000000
0.000000
0.047299
0.948068
1.905524
0.000000
0.909450
0.000000
0.000000
0.000000
0.000000
0.000000
2.660996
0.000000
0.723210
0.000000
0.000000
0.000000
0.000000
0.000000
0.000000
0.000000
0.000000
0.000000
0.000000
0.000000
0.000000
0.000000
0.000000
0.000000
0.000000
0.757336
0.000000
0.000000
0.000000
0.000000
0.000000
1.297763
0.000000
1.453032
0.000000
0.000000
0.000000
1.554826
0.000000
3.943104
0.000000
0.000000
0.000000
0.000000
0.000000
0.000000
0.428940
0.000000
0.058797
0.000000
0.000000
0.002189
0.000000
0.000000
0.000000
0.000000
2.833647
0.000000
0.000000
1.735802
1.077984
0.000000
0.000000
0.000000
0.000000
0.871074
0.009932
0.000000
0.000000
0.000000
0.000000
0.000000
0.000000
0.000000
0.000000
0.000000
0.000000
0.000000
0.000000
0.000000
0.318852
0.000000
0.000000
0.000000
0.000000
0.000000
0.000000
0.000000
0.000000
0.000000
0.000000
0.000000
0.000000
0.000000
0.000000
0.000000
0.000000
0.000000
0.000000
0.000000
0.000000
0.000000
0.000000
0.000000
0.000000
0.000000
0.000000
0.000000
0.000000
0.000000
0.000000
0.703577
0.000000
1.777524
0.000000
0.000000
0.000000
0.000000
0.000000
0.000000
0.000000
1.418969
0.000000
0.452647
0.000000
0.000000
0.000000
0.000000
0.000000
0.000000
0.000000
0.000000
0.000000
0.000000
0.795841
0.000000
0.000000
0.000000
0.000000
0.000000
0.000000
0.000000
0.000000
0.000000
0.000000
0.000000
0.000000
0.000000
0.000000
0.057501
0.000000
0.000000
1.509910
0.413268
0.000000
0.000000
0.000000
0.000000
0.000000
0.349694
0.000000
0.000000
0.000000
0.000000
0.000000
0.000000
0.000000
0.000000
0.815711
0.000000
0.353950
0.000000
0.000000
0.000000
0.000000
0.000000
0.000000
0.000000
0.000000
0.000000
0.000000
0.000000
0.000000
0.000000
0.000000
0.000000
0.000000
0.000000
0.000000
1.369844
0.000000
0.000000
0.000000
0.000000
1.151735
0.000000
0.000000
0.000000
0.000000
0.000000
0.000000
0.000000
0.000000
1.764061
1.245112
0.000000
0.000000
0.000000
0.000000
0.000000
0.000000
0.000000
0.241691
0.000000
0.000000
0.000000
0.000000
0.725416
0.000000
0.000000
0.000000
0.000000
0.000000
0.000000
0.000000
0.000000
0.000000
0.444293
0.000000
0.665329
0.000000
0.000000
0.000000
0.000000
0.000000
0.000000
0.000000
0.000000
0.058474
0.000000
0.000000
0.350641
0.579650
0.000000
0.000000
0.000000
0.000000
2.146733
0.000000
0.000000
0.439006
0.000000
0.000000
0.000000
0.386643
0.000000
0.863952
0.000000
0.777324
0.000000
0.000000
0.000000
0.000000
0.000000
0.000000
0.000000
0.000000
0.000000
0.000000
0.000000
0.000000
0.499679
0.000000
0.000000
0.000000
0.000000
0.000000
0.000000
0.000000
0.000000
0.000000
0.000000
0.000000
0.000000
0.000000
0.000000
0.000000
0.000000
0.000000
0.000000
0.000000
0.000000
0.000000
0.000000
0.934614
0.000000
0.000000
0.000000
0.000000
2.271170
0.891276
0.000000
0.000000
0.000000
0.000000
0.000000
0.000000
0.000000
0.598714
0.000000
0.000000
0.000000
0.000000
0.000000
0.303985
0.000000
0.000000
0.000000
0.000000
0.000000
0.000000
0.000000
0.581314
0.000000
0.000000
0.000000
0.000000
0.000000
0.000000
0.000000
0.000000
0.000000
0.000000
0.000000
0.000000
0.000000
1.760117
0.000000
0.000000
0.000000
0.000000
0.000000
0.000000
0.000000
0.000000
0.000000
0.000000
0.000000
0.000000
0.000000
0.000000
0.000000
0.000000
0.000000
0.000000
0.000000
1.358970
0.000000
0.000000
0.000000
0.000000
0.000000
0.000000
0.000000
0.000000
0.000000
0.000000
0.000000
0.000000
0.000000
0.000000
0.000000
0.000000
0.000000
0.000000
0.000000
0.000000
0.000000
0.000000
0.000000
0.000000
0.000000
0.007154
0.000000
0.000000
3.563552
0.000000
0.000000
0.000000
0.000000
0.000000
0.000000
0.000000
0.000000
0.000000
0.000000
0.000000
0.000000
0.000000
0.000000
0.000000
0.000000
0.000000
0.000000
0.000000
0.000000
0.000000
0.000000
0.000000
0.000000
0.000000
0.000000
0.000000
0.000000
0.000000
0.000000
0.000000
0.000000
0.000000
0.000000
0.000000
0.000000
0.000000
0.000000
0.000000
0.000000
0.290003
0.000000
0.000000
0.000000
0.000000
0.000000
0.000000
0.000000
0.000000
0.000000
0.000000
0.000000
0.000000
0.000000
0.000000
0.000000
0.000000
0.000000
0.000000
0.000000
0.000000
0.888500
0.013771
0.000000
0.000000
0.000000
0.237672
0.000000
0.000000
0.000000
0.000000
0.000000
0.000000
0.000000
0.000000
2.848703
0.479557
0.000000
0.000000
1.007276
0.000000
0.000000
0.000000
0.000000
0.000000
0.000000
0.094800
0.000000
0.000000
0.000000
0.000000
0.000000
1.478539
0.000000
0.000000
0.000000
0.000000
0.000000
0.431877
0.000000
0.000000
0.000000
0.000000
0.000000
0.000000
0.000000
0.000000
0.000000
0.000000
0.000000
2.272667
2.510573
0.000000
0.000000
0.000000
0.000000
1.013665
0.000000
0.000000
0.000000
0.000000
0.000000
0.000000
0.000000
0.000000
0.000000
0.000000
0.000000
0.000000
0.000000
0.000000
0.000000
0.000000
0.000000
0.000000
0.000000
0.000000
0.000000
0.000000
0.000000
0.000000
0.000000
0.000000
1.118133
0.000000
0.000000
0.239058
0.000000
0.000000
0.000000
0.000000
0.000000
0.000000
0.000000
0.000000
0.000000
0.000000
0.000000
0.000000
0.000000
0.000000
0.000000
0.000000
0.000000
0.000000
0.000000
0.000000
0.000000
0.000000
0.000000
0.000000
1.090524
0.000000
0.000000
0.000000
0.000000
0.000000
0.000000
0.000000
0.000000
0.483581
0.000000
0.000000
0.000000
1.181550
0.000000
0.000000
0.000000
0.000000
0.000000
0.000000
0.000000
0.000000
0.000000
0.000000
0.000000
0.030141
3.327896
0.000000
0.000000
0.000000
0.000000
0.000000
3.289957
0.469337
0.000000
0.000000
1.509068
0.000000
0.000000
0.000000
0.395344
0.000000
0.000000
0.000000
0.000000
0.000000
0.000000
0.000000
0.000000
0.000000
0.000000
0.000000
0.000000
0.000000
0.000000
0.000000
0.000000
0.000000
0.000000
0.000000
0.000000
0.000000
0.000000
0.000000
0.000000
0.000000
0.000000
0.000000
0.000000
0.000000
0.000000
0.000000
0.000000
0.000000
0.000000
0.000000
2.189216
0.420508
0.000000
0.000000
0.000000
0.000000
0.000000
0.120736
0.000000
0.000000
0.000000
0.000000
0.000000
0.000000
0.000000
0.000000
0.000000
0.000000
0.000000
0.000000
0.000000
0.000000
0.000000
0.000000
0.000000
0.000000
0.000000
0.586951
0.000000
0.000000
0.000000
0.000000
0.000000
0.000000
0.000000
0.000000
0.000000
0.000000
0.000000
0.000000
0.000000
0.000000
0.000000
0.000000
0.000000
0.000000
0.000000
1.837808
0.000000
0.000000
0.000000
0.000000
1.324998
0.000000
0.000000
0.000000
0.000000
0.000000
0.000000
0.000000
0.000000
0.000000
0.000000
0.000000
0.000000
0.000000
0.000000
0.000000
0.000000
1.771513
0.000000
0.000000
0.000000
0.000000
0.000000
0.000000
0.000000
0.000000
0.000000
0.000000
0.000000
0.000000
0.000000
0.000000
0.000000
0.000000
0.000000
0.000000
0.000000
0.000000
1.073031
0.000000
0.000000
0.000000
0.000000
0.000000
0.000000
0.000000
0.000000
0.000000
0.000000
0.000000
1.384626
0.000000
0.000000
1.691725
0.000000
0.081737
0.712323
0.000000
0.000000
0.000000
0.000000
0.000000
0.000000
0.000000
2.995774
0.000000
0.000000
0.000000
0.000000
0.000000
0.000000
0.000000
0.000000
0.000000
0.000000
0.000000
1.400459
0.000000
0.494816
0.000000
0.000000
0.000000
0.000000
0.000000
0.000000
0.000000
0.000000
0.133621
0.000000
0.000000
0.000000
1.223546
0.000000
0.000000
0.000000
0.000000
0.000000
0.000000
0.000000
1.016483
0.000000
0.000000
0.000000
0.000000
0.000000
0.000000
0.000000
0.000000
0.477772
0.000000
1.105895
0.000000
0.000000
0.000000
0.000000
0.000000
2.148864
0.000000
0.000000
0.000000
0.000000
0.000000
0.000000
0.000000
0.000000
0.000000
0.000000
0.000000
0.000000
0.000000
0.000000
0.000000
0.000000
0.000000
0.000000
0.000000
0.000000
0.409179
0.000000
0.000000
0.000000
0.000000
0.000000
1.904644
0.000000
0.000000
0.000000
0.563013
0.000000
0.000000
0.000000
0.000000
1.276977
0.000000
0.000000
1.698233
0.000000
0.000000
0.000000
0.000000
0.000000
0.580779
0.000000
0.000000
0.000000
0.000000
0.000000
0.000000
0.000000
0.095819
0.000000
0.000000
0.000000
2.486899
0.000000
0.000000
0.000000
0.000000
0.000000
0.000000
0.000000
0.000000
0.000000
0.000000
0.000000
0.000000
0.000000
0.000000
0.000000
0.000000
1.859216
0.000000
0.000000
0.000000
0.000000
0.000000
0.000000
0.000000
0.000000
0.000000
0.140083
0.000000
0.000000
0.000000
0.000000
0.000000
0.000000
0.000000
0.000000
0.000000
0.000000
0.000000
0.000000
0.000000
0.000000
0.337817
0.000000
0.000000
0.000000
0.000000
0.000000
0.000000
0.000000
0.000000
0.000000
0.000000
0.000000
0.000000
0.000000
0.000000
0.000000
0.000000
0.000000
0.000000
0.000000
0.000000
0.000000
0.000000
2.592060
0.000000
0.000000
0.000000
0.000000
0.000000
0.000000
0.000000
0.000000
0.000000
0.000000
0.000000
0.000000
0.000000
0.000000
0.000000
0.000000
0.000000
0.000000
1.746947
0.000000
0.000000
0.000000
0.000000
0.161264
0.000000
0.000000
0.000000
0.000000
0.000000
4.812214
0.000000
0.000000
0.266553
0.000000
0.000000
0.103180
0.000000
0.000000
0.000000
0.000000
0.000000
0.000000
0.000000
0.000000
0.000000
0.000000
0.358618
0.000000
0.000000
0.000000
0.000000
0.000000
0.000000
0.000000
0.000000
0.000000
0.000000
0.000000
0.000000
0.000000
0.000000
0.181631
0.000000
0.000000
0.000000
0.000000
0.000000
0.000000
0.000000
0.000000
3.582148
0.000000
0.000000
0.000000
0.000000
0.000000
0.000000
0.000000
0.000000
0.000000
0.000000
0.000000
0.000000
0.000000
0.000000
0.000000
0.244366
0.000000
0.000000
0.000000
0.000000
0.000000
0.059265
0.000000
1.493479
0.000000
0.000000
0.000000
0.000000
0.000000
0.000000
0.000000
0.000000
0.000000
0.000000
0.000000
0.000000
0.000000
0.000000
0.000000
0.000000
0.000000
0.000000
0.000000
0.000000
0.520866
0.000000
0.000000
0.000000
0.000000
0.000000
0.000000
0.000000
0.000000
2.151504
0.000000
0.000000
0.000000
0.000000
0.000000
0.000000
0.000000
0.000000
0.129649
0.000000
0.000000
0.000000
0.000000
0.000000
0.000000
0.000000
0.000000
0.000000
0.000000
0.000000
0.000000
0.000000
0.000000
0.000000
0.000000
0.000000
0.390140
0.000000
0.000000
0.982261
0.000000
0.000000
0.000000
0.000000
1.544268
0.000000
0.000000
0.000000
0.000000
0.000000
0.000000
0.000000
0.000000
0.000000
0.000000
0.000000
0.000000
0.000000
0.000000
0.000000
0.000000
0.000000
0.291045
0.000000
0.000000
0.000000
0.000000
2.721483
0.000000
0.000000
0.000000
0.000000
0.000000
0.000000
0.000000
0.000000
0.000000
2.557739
0.000000
0.000000
0.000000
0.000000
0.000000
0.000000
0.000000
0.000000
0.000000
0.000000
0.000000
0.000000
0.000000
0.000000
2.288468
0.000000
0.000000
0.000000
1.140173
0.000000
0.000000
0.000000
0.000000
0.000000
0.000000
0.000000
0.000000
0.000000
0.000000
0.000000
0.538810
0.000000
0.000000
0.000000
0.000000
0.000000
0.000000
0.000000
0.000000
0.000000
0.000000
0.000000
0.000000
0.000000
0.000000
0.000000
0.000000
0.000000
0.000000
0.000000
0.000000
0.000000
0.000000
0.000000
0.000000
0.000000
0.000000
0.000000
0.450595
0.000000
0.000000
0.000000
0.000000
0.000000
0.000000
0.000000
0.000000
0.000000
0.000000
0.440401
0.000000
0.000000
0.000000
0.000000
0.000000
0.961356
0.000000
0.000000
0.000000
0.000000
0.000000
0.000000
0.722747
0.000000
0.000000
0.000000
0.000000
0.000000
0.000000
0.000000
0.000000
0.000000
0.000000
0.000000
0.000000
0.000000
0.000000
0.000000
0.952795
0.000000
0.000000
0.000000
0.000000
0.000000
0.000000
0.000000
0.000000
0.000000
0.851716
0.000000
0.000000
0.000000
0.000000
0.000000
0.000000
0.000000
0.000000
0.000000
0.553478
0.000000
0.000000
0.000000
0.000000
0.000000
0.000000
0.000000
0.000000
0.000000
0.000000
3.236395
0.000000
0.000000
0.354997
0.000000
0.000000
0.000000
0.000000
0.000000
0.000000
0.000000
0.712404
0.000000
0.000000
0.000000
0.000000
0.000000
0.000000
0.000000
0.000000
0.000000
0.000000
0.580373
0.000000
0.000000
0.000000
0.000000
0.000000
0.000000
0.000000
0.000000
0.000000
0.000000
0.000000
0.000000
0.000000
0.000000
0.000000
0.000000
0.000000
1.237939
0.000000
0.000000
0.000000
0.558310
0.000000
0.000000
0.000000
1.296858
0.000000
0.000000
0.000000
0.000000
0.000000
0.000000
0.000000
0.000000
0.000000
2.528405
0.000000
0.000000
0.946183
0.000000
0.000000
0.000000
0.000000
0.130274
0.000000
0.674920
0.000000
0.000000
0.000000
0.000000
0.000000
0.000000
0.000000
0.000000
0.000000
0.241864
0.000000
0.000000
0.000000
0.000000
0.000000
0.000000
0.000000
0.000000
0.000000
0.000000
0.000000
0.938277
0.000000
0.000000
0.000000
0.840166
0.000000
0.000000
0.000000
0.237898
0.000000
0.000000
0.342309
0.000000
0.000000
0.728174
0.000000
0.000000
0.000000
0.000000
0.000000
0.000000
0.000000
0.000000
0.000000
0.000000
3.004969
0.000000
0.000000
0.000000
0.000000
0.000000
0.000000
0.000000
0.000000
0.000000
0.000000
0.000000
0.000000
0.000000
0.000000
0.000000
0.000000
0.852511
0.000000
0.000000
0.000000
0.000000
0.000000
0.000000
0.000000
0.000000
0.000000
0.000000
0.000000
0.000000
0.000000
0.000000
0.000000
0.968911
0.000000
0.002938
0.000000
0.000000
0.000000
0.000000
0.132189
0.000000
0.000000
0.000000
0.000000
0.000000
0.176348
0.000000
0.000000
0.000000
1.390454
0.000000
0.000000
0.000000
1.823149
0.000000
3.229382
0.823461
0.000000
0.000000
0.000000
0.000000
0.000000
0.000000
0.000000
0.000000
0.000000
0.578798
0.000000
0.000000
0.000000
0.000000
0.128293
0.000000
0.000000
0.000000
0.000000
0.000000
0.000000
0.000000
0.000000
0.000000
1.864965
0.000000
0.000000
0.000000
0.000000
0.000000
0.000000
0.000000
0.716020
0.000000
0.000000
0.000000
0.000000
0.000000
0.701656
0.000000
1.126409
0.000000
0.000000
0.000000
0.000000
0.000000
0.428835
0.000000
0.000000
0.000000
1.293754
0.000000
0.000000
0.000000
0.000000
0.000000
0.000000
0.000000
0.000000
0.000000
0.000000
0.000000
0.000000
0.000000
0.000000
0.000000
0.000000
0.000000
0.000000
0.000000
0.000000
0.000000
0.000000
0.000000
0.000000
0.000000
0.000000
0.000000
0.000000
0.000000
0.000000
0.000000
0.000000
0.000000
0.000000
0.000000
0.000000
0.000000
0.000000
0.000000
0.000000
0.000000
0.000000
0.096716
0.000000
0.000000
0.000000
0.991749
0.000000
0.000000
0.000000
0.000000
0.000000
0.000000
0.000000
0.000000
0.000000
0.602922
0.000000
0.330078
0.000000
0.000000
0.000000
0.000000
0.000000
0.000000
0.000000
0.000000
0.000000
0.000000
0.000000
0.000000
0.000000
0.000000
0.000000
0.000000
0.000000
0.674749
0.000000
0.000000
0.074212
0.006706
0.000000
0.730516
0.993802
0.000000
0.000000
0.000000
0.000000
0.000000
0.544229
0.000000
0.049520
0.000000
0.000000
0.338622
0.000000
0.000000
0.000000
0.000000
0.000000
0.000000
0.000000
0.000000
0.025015
0.566206
0.000000
0.000000
0.000000
2.862760
0.340538
0.000000
0.085576
0.000000
0.000000
0.000000
0.000000
0.000000
0.000000
0.000000
1.940000
0.000000
0.000000
0.000000
0.000000
0.000000
0.000000
0.000000
0.000000
0.000000
0.000000
0.000000
0.000000
0.000000
0.000000
0.000000
0.434098
0.000000
0.000000
0.000000
0.000000
0.000000
1.408640
0.000000
0.000000
0.000000
0.000000
0.000000
0.000000
0.000000
0.000000
0.000000
0.000000
0.000000
0.000000
0.000000
0.000000
0.000000
0.439460
0.000000
0.000000
0.000000
0.000000
0.000000
0.000000
0.000000
0.000000
0.000000
0.000000
0.000000
0.000000
0.000000
0.000000
0.000000
0.000000
0.000000
0.312573
0.000000
0.000000
0.000000
0.382627
0.000000
0.000000
0.000000
0.000000
0.000000
0.000000
0.000000
0.000000
0.000000
0.000000
0.000000
0.000000
0.000000
0.000000
0.000000
0.000000
0.000000
0.000000
0.000000
3.474531
0.000000
0.000000
2.172619
0.000000
0.000000
0.000000
0.000000
0.000000
0.000000
0.000000
0.000000
0.000000
0.000000
0.000000
0.000000
0.000000
0.000000
0.000000
0.000000
0.000000
0.000000
0.000000
0.000000
0.000000
0.683363
0.000000
0.000000
0.000000
0.000000
0.000000
0.000000
0.000000
0.000000
0.000000
0.000000
0.000000
0.000000
0.000000
0.000000
0.000000
0.000000
1.319163
0.000000
0.000000
0.000000
1.317625
0.000000
0.000000
0.000000
0.754429
0.000000
0.000000
0.000000
0.000000
0.000000
0.000000
0.000000
0.000000
0.000000
0.000000
0.000000
0.000000
0.000000
0.434148
0.000000
0.000000
0.000000
0.000000
0.000000
0.000000
0.000000
0.000000
2.502616
0.000000
0.000000
0.000000
0.000000
2.941410
0.000000
0.000000
0.000000
0.000000
0.000000
0.000000
0.000000
0.540793
0.000000
0.000000
0.000000
0.000000
0.000000
0.000000
0.000000
0.000000
