0.000000
0.000000
0.000000
0.331895
0.000000
0.382529
0.178430
0.114083
1.653880
0.000000
0.000000
0.167466
1.326065
0.000000
0.000000
1.188647
0.000000
1.286552
0.000000
0.000000
0.000000
0.000000
0.200554
0.259508
0.000000
0.000000
0.000000
0.000000
0.000000
0.000000
0.000000
0.000000
0.351694
0.000000
0.000000
0.000000
0.000000
0.000000
0.000000
0.000000
0.000000
0.000000
0.570765
0.000000
0.000000
0.000000
0.212597
1.183311
0.000000
1.258864
0.513143
0.237120
0.000000
0.000000
0.000000
0.237107
0.000000
0.000000
0.000000
0.000000
1.374473
0.000000
0.000000
0.000000
0.053754
0.000000
0.026275
0.000000
0.000000
0.000000
0.000000
0.000000
0.000000
0.657257
0.000000
0.000000
0.000000
0.000000
0.000000
0.234925
0.000000
0.000000
0.000000
0.000000
2.036077
0.389267
0.000000
0.000000
0.220616
0.261342
1.272193
0.205025
0.000000
0.000000
0.000000
0.000000
0.168949
0.000000
0.000000
0.000000
0.771049
0.000000
1.623797
0.000000
0.000000
0.459223
0.393973
0.000000
0.000000
0.000000
0.000000
0.000000
0.000000
0.000000
0.000000
0.000000
0.494419
0.000000
0.093576
0.000000
0.000000
0.000000
0.000000
0.000000
0.000000
0.026531
0.512405
0.000000
0.000000
0.000000
0.000000
0.000000
0.808125
0.328763
0.000000
0.000000
0.000000
0.000000
0.000000
0.266817
0.000000
0.000000
0.000000
0.000000
0.000000
0.000000
0.000000
0.028827
0.000000
0.000000
0.000000
0.202359
0.000000
0.000000
0.761282
0.000000
0.000000
0.000000
0.000000
0.073421
0.000000
0.237059
0.290440
0.561057
0.000000
0.000000
0.435702
1.042368
0.435193
0.000000
0.591011
0.000000
0.243903
0.000000
0.000000
0.056115
0.000000
0.000000
0.000000
0.000000
0.271930
0.000000
0.000000
0.000000
0.000000
0.000000
0.000000
0.000000
0.000000
0.000000
0.000000
0.000000
0.000000
0.000000
0.000000
0.000000
0.648137
0.000000
0.000000
0.000000
0.000000
1.667583
0.000000
0.470099
0.000000
0.000000
0.000000
0.000000
0.000000
0.000000
0.271366
0.000000
0.000000
0.000000
0.000000
0.229632
0.000000
0.000000
0.000000
0.000000
0.000000
0.000000
0.000000
0.000000
1.243344
0.627421
0.000000
0.000000
0.000000
0.648946
0.000000
0.000000
0.104592
0.000000
0.000000
0.000000
0.656068
0.918541
0.000000
0.000000
0.000000
1.064988
0.000000
0.819349
0.108752
0.663340
0.000000
0.000000
0.000000
0.000000
0.672735
0.000000
0.000000
0.796803
0.168551
0.000000
0.000000
0.000000
0.000000
0.323859
0.000000
0.943742
0.552511
0.000000
1.406996
0.000000
0.000000
0.919254
0.000000
0.000000
0.000000
0.000000
0.000000
0.000000
0.000000
0.000000
0.000000
0.000000
0.000000
0.000000
0.000000
0.000000
0.875432
0.000000
0.000000
0.000000
0.000000
0.000000
0.000000
0.000000
0.362451
0.059626
2.532395
1.068257
0.000000
0.000000
0.050924
0.059337
0.000000
0.000000
0.294800
0.000000
0.000000
0.000000
0.072430
0.000000
0.000000
0.000000
0.000000
1.703012
2.504809
0.000000
0.000000
0.000000
0.000000
0.200572
0.000000
0.000000
0.000000
0.000000
0.000000
0.643473
0.000000
0.000000
0.000000
0.000000
1.079798
0.000000
0.000000
0.000000
0.174923
0.000000
0.458334
0.000000
0.000000
0.000000
0.000000
0.047428
0.126188
0.000000
0.599574
0.000000
0.000000
0.540726
0.000000
0.000000
1.067597
0.000000
0.000000
0.000000
0.000000
0.000000
0.000000
0.000000
0.000000
0.990489
0.000000
0.771317
0.000000
0.045128
1.171850
0.268383
0.000000
0.132535
0.754357
0.000000
0.241278
0.131859
0.000000
0.000000
0.000000
0.689246
0.000000
0.000000
0.000000
0.645458
0.000000
0.000000
0.000000
0.093381
0.000000
0.000000
0.000000
0.668608
0.000000
0.139398
0.158842
0.000000
0.000000
0.000000
0.000000
0.000000
0.000000
0.000000
0.000000
0.000000
0.000000
0.000000
0.538639
0.000000
0.421537
0.000000
0.190291
0.000000
0.000000
0.000000
0.000000
1.420812
0.000000
0.000000
0.002765
0.000000
0.000000
0.000000
0.000000
0.000000
0.000000
0.247662
0.661722
0.000000
0.000000
0.645746
0.000000
0.382559
0.000000
0.000000
0.000000
0.427927
0.084299
0.000000
0.000000
0.000000
0.000000
0.000000
0.000000
0.000000
0.063605
0.476328
0.000000
0.000000
0.000000
0.000000
0.000000
1.458217
0.000000
0.569717
0.000000
0.039109
0.000000
0.000000
0.000000
0.000000
0.580025
0.093851
0.000000
0.000000
0.204311
0.686734
2.046386
0.000000
0.000000
0.000000
0.680877
0.152061
0.195991
0.000000
1.431071
0.000000
1.077335
0.000000
0.000000
0.000000
0.000000
0.000000
0.000000
0.000000
0.000000
0.000000
0.000000
0.593337
0.000000
0.000000
0.000000
0.000000
0.000000
0.000000
1.113044
0.000000
0.488062
1.858807
0.030210
0.475127
0.000000
0.000000
0.000000
0.000000
0.429764
0.000000
0.000000
0.000000
0.000000
0.000000
0.000000
0.000000
0.000000
0.000000
0.000000
0.000000
0.000000
0.394102
0.000000
2.214902
0.000000
0.000000
0.000000
0.000000
0.045310
0.000000
0.242292
0.226513
0.751769
0.000000
1.170249
1.150304
0.000000
0.000000
1.775326
0.000000
0.000000
0.000000
0.377675
0.000000
0.000000
0.000000
0.000000
0.000000
0.000000
0.000000
0.000000
0.046726
0.000000
0.000000
0.000000
0.142905
0.000000
0.000000
0.857864
0.668588
0.000000
0.000000
2.109012
0.510424
0.000000
0.005263
1.288475
0.000000
0.000000
0.000000
0.000000
0.000000
0.307616
0.000000
0.349121
0.000000
0.000000
0.000000
0.157207
0.000000
0.000000
0.016585
0.000000
0.000000
0.000000
0.000000
0.000000
0.000000
0.828728
0.000000
0.000000
0.000000
0.000000
0.440724
0.000000
0.000000
0.000000
0.000000
0.000000
0.766582
0.000000
0.000000
0.000000
0.000000
0.074648
0.000000
0.000000
0.000000
0.000000
1.275036
0.000000
0.000000
0.000000
0.000000
0.000000
0.000000
0.000000
0.000000
0.000000
0.000000
0.000000
0.000000
0.000000
0.243826
0.000000
2.560545
0.000000
0.000000
0.000000
0.000000
0.000000
0.000000
0.000000
0.000000
0.606652
0.846976
0.000000
0.000000
0.847898
0.000000
0.000000
0.809849
0.676161
0.000000
0.404893
0.000000
0.000000
0.000000
0.000000
0.000000
0.951659
0.357790
0.000000
0.000000
0.233636
0.000000
0.000000
0.695595
0.000000
0.500169
0.000000
0.000000
1.534998
0.000000
1.253213
0.159906
0.000000
0.000000
0.000000
0.042581
0.000000
1.285224
0.000000
0.000000
0.000000
0.000000
0.085543
0.000000
0.000000
0.000000
0.000000
0.581110
0.000000
0.000000
0.000000
0.000000
0.000000
0.587834
0.000000
0.000000
0.000000
0.000000
1.632610
0.000000
0.000000
0.000000
0.000000
0.463001
0.000000
0.000000
0.000000
1.548818
0.635577
0.451391
0.000000
0.000000
0.000000
0.000000
0.000000
0.000000
0.194985
0.000000
0.000000
0.455387
0.000000
0.148852
0.000000
0.000000
0.000000
0.236096
0.956459
0.648668
0.188159
0.609048
0.000000
0.000000
0.000000
0.000000
0.000000
0.000000
2.051084
0.342391
0.000000
0.000000
0.000000
0.000000
1.295524
1.451296
0.000000
0.000000
0.016164
0.146317
0.000000
0.000000
0.000000
0.000000
0.000000
0.301589
0.769668
0.206014
0.000000
0.000000
0.000000
0.000000
0.709493
0.000000
1.570244
0.833407
0.410713
0.635960
0.000000
0.000000
0.000000
0.000000
0.000000
0.860618
0.000000
0.104433
0.000000
0.614057
0.000000
0.000000
0.000000
0.000000
0.000000
0.000000
0.000000
0.000000
0.165492
0.070336
0.000000
0.000000
0.000000
1.413501
2.663664
0.000000
0.000000
0.000000
0.000000
0.346663
0.000000
0.315859
0.000000
0.000000
0.000000
0.000000
0.000000
0.000000
0.000000
0.000000
0.181308
0.007755
0.000000
0.000000
0.000000
0.000000
0.025666
0.000000
0.000000
0.000000
0.000000
0.309951
0.705608
0.000000
0.000000
0.000000
0.000000
0.217779
0.000000
0.000000
0.000000
1.985532
0.000000
0.000000
0.000000
0.000000
0.471619
0.220392
0.000000
0.000000
0.294512
0.744957
0.000000
0.000000
0.000000
0.000000
0.000000
0.000000
0.290058
0.000000
0.000000
0.000000
0.000000
0.000000
0.000000
0.000000
0.000000
0.000000
0.000000
0.000000
0.000000
0.431810
0.000000
0.000000
0.000000
0.000000
0.000000
0.000000
0.000000
0.000000
0.000000
0.000000
0.000000
0.000000
0.000000
0.000000
0.000000
0.000000
2.142981
0.000000
0.000000
0.774240
0.000000
0.000000
0.000000
0.572643
0.000000
0.000000
0.455591
1.040922
0.000000
0.000000
0.000000
0.658335
0.088222
0.000000
0.334571
0.000000
0.000000
0.000000
0.000000
0.000000
0.000000
0.337690
0.790616
0.681076
0.000000
0.941016
0.119486
0.000000
0.000000
0.000000
0.000000
0.012946
0.000000
0.000000
0.000000
0.656113
0.000000
0.227679
0.514214
0.000000
0.066674
0.000000
0.000000
0.000000
0.000000
0.000000
1.745726
0.000000
0.460112
0.000000
0.000000
0.180402
0.111724
0.000000
0.000000
0.000000
1.762632
0.000000
0.000000
0.000000
0.349653
1.414850
0.000000
0.000000
1.385659
0.000000
0.000000
0.000000
0.000000
0.000000
0.000000
0.000000
0.000000
0.404683
0.000000
0.362933
0.437297
0.000000
0.558565
0.000000
0.000000
0.000000
0.000000
0.261016
0.581763
0.000000
0.000000
0.000000
0.613095
0.000000
0.000000
0.000000
0.000000
0.000000
0.000000
0.292651
0.000000
0.000000
0.001420
0.000000
0.000000
0.000000
0.000000
0.823877
0.000000
0.919509
0.000000
0.000000
1.144034
0.000000
0.000000
0.150795
0.700183
0.552477
0.000000
0.045816
0.000000
0.000000
0.000000
0.000000
0.000000
0.000000
0.432153
0.000000
0.000000
0.473839
0.000000
1.163205
0.000000
0.000000
0.951750
0.000000
1.021951
0.000000
0.000000
0.000000
0.000000
1.434294
0.000000
2.370605
0.467524
0.022991
0.000000
0.203316
0.000000
0.000000
0.695828
0.000000
0.000000
0.346157
0.000000
0.428170
0.016184
0.017266
0.133258
0.000000
0.000000
0.000000
0.000000
0.000000
0.186642
0.000000
0.000000
0.000000
0.000000
0.000000
0.000000
0.000000
0.000000
0.000000
0.513045
0.000000
0.000000
0.000000
0.000000
0.000000
0.000000
0.000000
1.963833
0.000000
0.226246
0.418144
0.000000
0.000000
0.000000
0.000000
0.412829
0.786682
0.000000
0.000000
0.000000
0.000000
0.000000
0.796215
0.000000
0.000000
0.000000
0.157023
0.000000
0.000000
0.457904
0.000000
0.000000
0.000000
0.426482
0.195988
1.970699
0.000000
0.000000
0.615521
0.000000
0.000000
0.000000
0.809031
0.000000
0.996906
0.000000
0.000000
0.000000
1.259595
0.000000
0.286849
0.000000
0.000000
0.000000
0.000000
0.000000
0.000000
0.350126
0.000000
0.700032
0.444129
2.286615
0.369685
0.000000
0.000000
0.000000
0.000000
0.026798
0.000000
0.000000
0.517776
0.000000
0.000000
0.000000
0.000000
0.000000
0.000000
0.000000
0.649631
0.000000
0.000000
0.000000
0.000000
0.000000
0.000000
1.191834
0.000000
0.000000
0.000000
0.000000
0.574784
0.000000
0.000000
0.000000
0.000000
0.000000
0.000000
0.000000
0.000000
0.000000
0.000000
0.000000
0.000000
0.000000
0.000000
0.000000
0.000000
1.649436
0.000000
0.000000
0.000000
0.000000
0.000000
0.000000
0.000000
0.000000
0.000000
0.000000
0.000000
0.050120
0.000000
0.000000
0.000000
0.000000
0.000000
0.000000
0.000000
0.019581
0.000000
0.000000
0.000000
0.300691
0.000000
0.000000
0.000000
0.000000
0.000000
0.000000
0.000000
0.281057
1.351247
0.000000
0.695737
0.000000
0.000000
0.000000
0.000000
0.010494
0.000000
0.000000
0.000000
0.000000
0.000000
0.000000
0.000000
0.000000
0.324033
0.151039
0.258355
1.017200
0.000000
0.000000
0.000000
0.000000
0.000000
0.000000
0.000000
0.000000
1.219579
0.000000
0.000000
0.237087
0.000000
0.638504
0.000000
0.696769
0.000000
1.196136
0.000000
0.000000
0.000000
0.000000
0.000000
0.462064
0.000000
0.411039
0.000000
0.000000
1.089396
0.170605
0.000000
0.094912
0.000000
0.000000
0.000000
0.000000
0.000000
0.850020
0.000000
0.000000
0.000000
0.000000
0.000000
0.000000
0.000000
2.032159
0.000000
0.000000
0.000000
0.000000
0.166963
0.000000
0.000000
0.000000
0.000000
0.000000
0.052991
0.000000
0.000000
0.000000
0.000000
0.124505
0.000000
0.914844
0.000000
0.033405
0.541486
0.000000
0.461563
0.000000
0.000000
0.000000
0.259372
0.000000
0.000000
0.280109
1.074832
0.000000
0.000000
1.074611
0.000000
0.000000
0.000000
0.000000
0.000000
0.000000
0.000000
0.000000
0.801632
0.045132
0.000000
0.000000
0.000000
0.000000
0.000000
0.000000
0.000000
0.122545
0.000000
0.250457
0.000000
0.000000
0.000000
0.124024
0.000000
0.000000
0.568470
0.000000
0.000000
0.296049
0.000000
1.059045
0.000000
0.000000
0.000000
0.000000
0.000000
0.000000
0.248517
0.000000
0.000000
0.000000
0.397542
0.000000
0.000000
0.000000
1.590953
0.624296
0.000000
0.857764
0.340293
0.000000
0.000000
0.000000
0.000000
0.000000
0.633683
0.000000
0.000000
0.875981
0.000000
0.000000
0.000000
0.000000
0.000000
0.000000
0.000000
0.000000
0.000000
0.000000
0.491036
0.000000
0.000000
0.000000
0.000000
0.000000
0.000000
0.108032
0.000000
0.454042
0.000000
0.000000
0.000000
0.000000
0.000000
0.454367
0.000000
0.000000
0.000000
0.000000
0.000000
0.000000
0.000000
0.000000
0.000000
0.190285
0.226913
0.000000
0.000000
1.394822
0.000000
0.000000
0.000000
0.411238
0.033373
0.000000
0.000000
1.181323
0.000000
0.000000
0.051865
0.000000
0.000000
0.000000
0.427812
0.184574
0.000000
0.000000
0.000000
0.515833
0.063722
0.000000
0.000000
0.000000
0.000000
0.000000
0.420537
0.272798
1.223687
0.000000
0.000000
0.000000
0.000000
0.000000
0.000000
0.000000
0.000000
0.000000
0.000000
0.000000
0.000000
0.185975
0.000000
0.000000
0.000000
0.000000
0.855519
0.000000
0.000000
0.381144
0.116062
1.119573
0.000000
0.000000
0.521106
0.756585
0.000000
0.000000
0.000000
0.000000
0.000000
0.000000
0.345695
0.000000
0.000000
0.000000
0.745286
0.000000
1.747072
0.000000
0.000000
0.000000
0.000000
0.016046
0.000000
0.000000
0.000000
0.000000
0.383316
0.821402
0.822455
0.168350
0.000000
0.000000
0.000000
0.000000
0.000000
0.000000
0.000000
0.000000
0.000000
0.000000
0.000000
0.000000
0.184430
0.144662
0.000000
0.212883
0.000000
0.000000
1.238260
0.032217
0.245737
0.177089
0.000000
0.000000
0.010799
0.078642
0.106856
0.000000
0.000000
0.000000
0.000000
2.162061
0.000000
0.699731
0.000000
2.308127
0.000000
0.000000
0.000000
0.000000
0.474217
0.346048
0.000000
0.000000
0.000000
0.000000
0.190971
0.000000
0.000000
0.000000
0.000000
0.000000
0.892949
0.542552
0.368023
0.039162
0.000000
0.000000
0.372141
0.000000
0.000000
0.000000
0.940529
0.518526
2.597005
1.824615
0.068005
0.000000
0.000000
0.000000
0.000000
0.000000
0.000000
0.000000
0.000000
0.484038
0.000000
0.000000
0.000000
0.563096
0.000000
0.000000
0.000000
0.000000
0.000000
0.000000
0.000000
0.000000
0.313604
0.000000
0.000000
0.000000
0.000000
0.000000
0.107305
0.000000
1.701817
0.000000
0.000000
0.000000
1.950460
0.000000
0.885915
0.589982
0.000000
0.000000
0.000000
0.000000
0.000000
0.689298
0.787594
0.000000
1.210080
0.000000
1.135064
0.000000
0.626947
0.000000
0.607637
0.000000
0.017479
2.325604
0.000000
0.000000
0.102228
0.000000
0.000000
0.000000
0.000000
0.000000
0.046776
0.000000
0.000000
0.000000
0.000000
0.000000
0.257518
0.000000
0.000000
0.000000
0.000000
0.000000
0.000000
0.014134
0.000000
0.000000
0.000000
0.000000
0.000000
0.000000
0.094946
1.418715
0.000000
0.000000
0.000000
0.000000
0.518643
0.000000
0.000000
1.526803
0.000000
0.726288
0.000000
0.000000
0.000000
0.000000
0.337491
1.149620
0.000000
0.000000
0.000000
1.034075
0.000000
0.000000
0.000000
0.000000
0.237868
0.000000
0.000000
0.000000
0.000000
0.000000
0.290786
0.000000
1.007263
0.000000
0.019453
0.000000
0.000000
0.882781
0.000000
0.703983
0.000000
0.293390
0.000000
0.000000
0.000000
0.000000
0.000000
0.000000
0.000000
0.000000
0.000000
0.000000
0.536447
0.000000
0.000000
0.000000
0.000000
0.000000
0.552639
0.000000
0.176754
1.741305
0.000000
0.000000
0.145423
0.856032
0.000000
0.637298
0.169166
0.000000
0.000000
0.000000
0.704211
0.000000
0.529732
0.000000
0.263135
0.536101
1.300426
0.956407
0.153658
0.000000
0.000000
1.927279
0.000000
0.000000
0.000000
0.000000
0.000000
0.000000
0.025330
0.000000
0.000000
0.000000
0.000000
0.154845
0.321346
0.000000
0.000000
0.000000
1.141976
0.148425
0.000000
0.000000
0.000000
0.816368
0.970762
0.000000
0.000000
0.000000
0.000000
0.000000
0.446731
0.000000
0.000000
0.000000
0.000000
0.097500
0.000000
0.000000
0.000000
0.352317
0.000000
0.366822
0.000000
0.000000
0.380846
0.000000
0.000000
0.000000
0.000000
0.000000
0.247179
0.000000
0.000000
0.092637
0.000000
1.281497
0.000000
0.000000
0.000000
0.000000
0.026493
0.000000
0.000000
0.000000
0.000000
0.000000
0.000000
0.000000
0.000000
0.190357
0.000000
0.000000
0.000000
0.000000
0.000000
0.000000
0.000000
0.000000
0.000000
0.000000
0.190718
1.121499
0.000000
0.000000
0.000000
0.000000
0.000000
0.000000
0.000000
0.000000
0.667914
0.708902
0.000000
0.000000
0.000000
0.000000
0.203996
0.020415
0.456747
0.000000
0.952722
0.000000
0.000000
0.000000
0.000000
0.000000
0.000000
0.000000
0.000000
0.000000
0.000000
0.000000
0.000000
0.000000
0.000000
0.908217
0.000000
0.647736
0.000000
0.000000
0.000000
0.000000
0.000000
0.068048
0.000000
0.000000
0.000000
0.000000
0.875652
0.000000
0.000000
0.400263
0.000000
0.000000
0.010748
0.047604
0.000000
0.000000
1.902479
0.342604
0.191006
0.000000
0.122263
0.009923
0.198534
0.000000
0.000000
0.942453
0.000000
0.859969
0.000000
1.966927
0.297475
0.550302
0.000000
0.000000
0.000000
0.000000
0.416017
0.582652
0.000000
0.000000
0.000000
0.923388
0.827505
0.000000
0.000000
0.854067
0.000000
0.000000
0.887346
0.000000
1.205972
0.000000
0.000000
0.000000
0.000000
0.000000
0.000000
0.526198
0.000000
0.000000
0.000000
0.212136
0.000000
0.000000
0.000000
0.000000
0.000000
0.000000
0.000000
1.415884
0.000000
0.000000
0.000000
0.000000
1.195679
0.000000
0.000000
0.305849
0.000000
0.000000
0.000000
0.000000
0.112478
2.247648
0.000000
0.000000
0.055836
0.000000
0.546597
0.000000
0.000000
0.000000
1.114692
0.355565
0.485891
0.685546
0.000000
0.000000
0.000000
0.000000
1.036950
0.000000
0.000000
0.000000
0.000000
1.187708
0.721136
1.509991
0.525465
0.606995
0.000000
0.000000
0.000000
0.000000
0.000000
0.660238
0.000000
0.000000
0.259141
0.000000
0.000000
0.000000
0.000000
0.152329
2.405147
0.289779
0.000000
0.000000
0.000000
0.000000
0.000000
0.000000
1.415351
0.000000
0.000000
0.000000
0.105495
0.000000
0.153900
0.067654
0.000000
0.000000
1.394801
0.000000
0.000000
0.000000
0.000000
0.000000
0.301232
0.000000
0.000000
0.000000
1.030396
0.364770
0.000000
0.000000
0.000000
0.000000
0.000000
0.000000
1.284531
0.000000
0.055220
0.469283
0.607319
0.000000
0.000000
0.242707
0.000000
0.000000
0.565378
0.996747
0.000000
0.000000
0.000000
0.000000
0.117314
0.000000
0.000000
0.662749
0.000000
0.000000
0.837802
0.000000
0.000000
0.000000
0.000000
0.221123
0.366929
0.474255
0.000000
0.000000
0.962975
0.000000
0.000000
0.000000
1.054218
0.000000
0.000000
0.000000
0.000000
0.000000
0.000000
0.000000
0.000000
0.000000
0.000000
0.000000
0.411888
0.000000
0.000000
0.000000
0.000000
0.000000
0.000000
0.000000
0.273060
0.000000
0.000000
0.000000
0.198662
1.021222
0.000000
0.000000
0.000000
0.894433
0.000000
0.000000
0.000000
0.000000
0.000000
0.000000
0.000000
0.000000
0.000000
0.000000
0.133521
0.000000
0.000000
0.000000
0.000000
0.000000
0.000000
0.000000
0.000000
0.356422
0.331963
0.000000
0.000000
0.000000
0.092521
0.000000
0.000000
0.000000
0.000000
0.254274
1.537734
0.000000
0.392217
0.000000
0.000000
0.000000
0.000000
0.000000
0.000000
0.000000
0.000000
0.000000
0.000000
0.000000
0.030607
0.000000
0.135807
0.368416
0.000000
2.114334
1.075463
0.000000
0.000000
0.000000
0.000000
0.834335
0.000000
0.000000
0.000000
0.000000
0.706878
0.000000
0.000000
0.016936
0.000000
1.148473
0.193986
0.000000
0.000000
0.633092
0.000000
0.000000
0.000000
0.000000
0.000000
0.000000
0.000000
0.032187
0.000000
0.000000
0.378385
0.430028
0.000000
0.481194
0.000000
0.000000
0.000000
2.026651
0.000000
0.427344
0.082855
0.000000
1.246574
1.438229
0.000000
0.000000
0.000000
0.000000
0.000000
0.000000
0.542114
0.000000
0.000000
0.728805
0.730637
0.000000
0.195248
1.255658
0.000000
0.000000
0.000000
0.373536
0.000000
0.000000
0.498847
0.000000
0.000000
1.251676
1.534875
0.000000
0.000000
0.000000
0.000000
0.000000
0.060484
0.000000
0.000000
0.000000
0.000000
0.000000
0.000000
0.599953
0.000000
0.221824
0.041863
0.000000
0.000000
0.489024
0.000000
0.000000
0.000000
0.000000
0.000000
0.000000
0.156893
0.139043
0.478931
0.813308
0.000000
0.000000
0.000000
0.000000
0.000000
0.000000
0.214696
0.000000
0.000000
1.091591
0.000000
0.058760
0.114154
1.893548
0.000000
0.283594
0.000000
0.000000
0.000000
0.000000
0.979793
0.000000
0.772540
0.000000
0.000000
0.176549
0.000000
0.000000
0.000000
0.892973
0.000000
0.000000
0.000000
0.605706
0.000000
0.000000
0.000000
0.000000
0.000000
0.000000
1.836146
0.816966
0.232281
0.000000
0.000000
0.321541
0.000000
1.178038
0.000000
0.000000
0.000000
1.381034
0.000000
0.509403
0.000000
0.000000
0.000000
0.000000
0.000000
0.000000
0.000000
0.089932
0.690357
0.000000
0.000000
0.188038
0.000000
0.000000
0.000000
0.004141
0.000000
0.000000
0.000000
0.000000
1.296645
0.000000
0.000000
0.000000
0.831960
0.000000
0.000000
0.343237
0.212748
0.000000
1.245819
0.000000
0.287460
1.751479
0.000000
0.423519
0.000000
0.000000
0.000000
0.000000
0.000000
1.103111
0.000000
0.000000
0.000000
0.000000
1.330301
0.154046
0.000000
0.000000
0.418098
0.000000
0.000000
0.000000
0.000000
0.000000
0.000000
0.000000
0.000000
0.000000
1.134048
1.681668
0.000000
0.158400
0.000000
0.000000
0.000000
0.000000
0.000000
0.079658
0.000000
0.092396
0.000000
0.036287
0.000000
1.066845
0.000000
0.362725
0.200435
0.000000
0.058174
0.000000
0.000000
0.000000
0.000000
0.000000
0.000000
0.000000
0.000000
0.000000
0.239390
0.000000
0.335825
0.062996
0.000000
0.000000
0.648544
0.000000
0.000000
0.000000
0.000000
0.000000
0.000000
0.000000
0.000000
0.000000
0.000000
0.000000
0.000000
0.000000
0.000000
0.763816
0.000000
0.000000
0.244090
0.000000
0.000000
0.000000
0.000000
1.917310
0.000000
0.536233
0.167208
0.802414
0.000000
0.872655
0.000000
0.000000
0.000000
0.832193
0.594430
0.000000
0.000000
0.000000
0.000000
0.000000
0.620512
0.000000
0.907467
0.000000
0.000000
0.298426
1.797851
1.911748
0.982184
0.000000
0.407328
1.067680
0.000000
0.000000
0.000000
0.000000
0.164631
0.000000
0.000000
0.000000
0.000000
0.177139
0.000000
0.000000
0.000000
0.429649
0.000000
0.000000
0.000000
0.000000
0.000000
1.559917
0.257731
0.000000
2.159242
0.000000
1.269106
0.000000
0.000000
0.630028
0.161103
0.000000
0.000000
0.358669
0.000000
0.722267
0.000000
1.383213
0.927444
0.000000
0.000000
0.000000
0.000000
1.213636
0.193978
0.000000
0.000000
0.000000
0.548926
0.437938
0.000000
0.110493
0.000000
0.000000
0.158232
0.000000
0.000000
0.000000
0.000000
0.817493
0.343652
0.000000
0.000000
0.000000
0.133262
0.046204
0.000000
1.033387
0.000000
0.338978
0.000000
0.000000
1.103539
0.000000
0.000000
0.308062
0.000000
0.000000
0.424863
0.000000
0.000000
0.177929
0.653981
0.000000
0.000000
0.191822
0.148771
0.000000
0.000000
0.000000
0.000000
0.000000
0.000000
0.382831
0.000000
0.000000
0.163535
0.000000
0.000000
2.122569
0.000000
0.859537
0.716124
0.000000
0.767773
0.398122
0.000000
0.313562
0.598442
0.000000
0.000000
0.000000
0.190829
0.000000
0.000000
0.000000
2.381005
0.000000
0.000000
0.000000
0.000000
0.000000
0.000000
0.000000
0.000000
0.000000
0.957712
0.000000
0.000000
0.000000
0.000000
0.000000
0.000000
1.259252
0.000000
0.000000
0.029441
0.000000
0.000000
0.638846
0.000000
0.000000
0.000000
0.000000
0.797436
0.596277
0.946712
0.000000
0.000000
0.000000
0.000000
0.000000
0.551289
0.000000
0.000000
0.000000
0.000000
0.000000
0.000000
1.200767
0.068266
1.652890
1.408067
0.000000
0.620848
0.000000
0.000000
0.940611
0.000000
0.149711
0.000000
0.000000
0.000000
0.000000
0.595134
0.000000
0.531332
0.000000
0.000000
0.000000
0.000000
0.000000
0.000000
0.818063
0.000000
0.000000
0.000000
0.000000
0.000000
0.000000
0.000000
0.000000
0.000000
0.000000
0.237586
0.000000
0.000000
0.103366
0.000000
0.000000
0.127219
0.042105
1.646585
0.000000
0.596236
0.000000
0.000000
0.314813
0.000000
0.000000
0.000000
0.000000
0.000000
0.000000
0.000000
0.000000
0.142364
0.000000
0.951416
0.335093
0.000000
0.000000
0.000000
0.000000
0.371054
0.000000
0.000000
0.273964
0.000000
0.000000
0.000000
0.941580
0.000000
0.000000
0.639196
0.039578
0.000000
0.000000
0.000000
0.000000
0.000000
0.000000
0.000000
0.905248
0.507966
0.000000
0.000000
0.000000
0.633357
0.000000
0.000000
0.000000
0.615208
0.000000
0.000000
0.949610
0.076349
0.000000
0.000000
0.000000
1.738746
0.000000
0.225285
0.000000
0.548661
0.571179
0.000000
0.359820
0.577831
0.000000
0.000000
0.554552
0.388871
0.000000
0.000000
0.000000
0.181755
0.626568
0.065790
0.000000
1.242285
0.234204
0.000000
0.000000
0.244528
0.000000
0.000000
0.000000
0.704483
0.000000
1.788044
0.000000
0.289626
1.058992
0.000000
0.000000
0.000000
0.000000
0.000000
0.000000
2.860182
0.017409
0.000000
0.000000
0.000000
0.262068
0.000000
0.222599
0.000000
2.200882
0.000000
0.000000
0.000000
0.000000
0.990002
0.718143
0.405518
0.000000
0.000000
0.573552
1.521538
0.000000
0.000000
0.223265
0.000000
0.167438
0.000000
2.623314
0.000000
0.000000
0.000000
0.054307
0.000000
0.000000
0.000000
0.000000
0.000000
0.000000
0.000000
0.765968
1.006420
0.000000
0.000000
0.000000
0.000000
0.000000
0.000000
0.000000
0.000000
0.000000
0.000000
0.000000
1.147424
0.000000
0.000000
0.076337
0.000000
0.000000
0.000000
0.811095
0.000000
0.822512
0.000000
0.000000
0.000000
0.000000
0.000000
0.000000
0.394215
0.000000
0.062401
0.000000
0.000000
0.000000
0.000000
0.000000
0.155140
0.000000
0.000000
0.000000
0.000000
0.000000
0.812216
0.000000
1.623317
0.000000
1.177545
0.000000
0.000000
0.016625
0.002548
0.389115
2.199221
0.225988
1.237058
0.000000
0.000000
0.000000
0.000000
0.000000
0.000000
0.000000
0.000000
0.000000
0.000000
0.000000
0.000000
0.000000
0.226779
0.000000
0.000000
0.234062
0.000000
0.726427
0.000000
0.123543
0.000000
0.000000
0.000000
0.000000
0.000000
0.402792
0.000000
0.000000
0.214272
0.000000
0.000000
0.000000
0.257933
1.140440
0.438063
0.870346
2.719113
0.000000
0.000000
0.000000
0.007013
0.000000
0.000000
0.000000
0.000000
0.000000
0.000000
0.000000
0.163012
0.000000
0.000000
0.000000
0.313724
0.000000
1.602236
0.000000
0.000000
0.000000
1.601488
0.453404
0.000000
0.000000
0.000000
0.445857
0.103308
0.000000
0.000000
1.646394
0.000000
0.000000
0.000000
0.000000
0.349503
0.460132
0.000000
0.000000
0.000000
0.999071
0.263446
0.000000
0.000000
0.000000
0.000000
0.000000
0.000000
0.000000
0.000000
0.000000
0.000000
0.000000
0.709362
0.000000
0.311054
0.305318
0.000000
0.275507
0.000000
0.000000
0.000000
0.000000
0.000000
0.000000
0.972488
0.000000
0.000000
0.000000
0.000000
1.370643
1.278856
0.279318
0.000000
0.000000
0.000000
0.000000
0.743594
0.000000
0.318601
0.000000
0.000000
0.217780
0.393212
0.000000
0.000000
0.000000
1.359575
1.178441
0.000000
0.000000
0.000000
0.000000
0.000000
0.882496
0.000000
0.000000
0.000000
0.000000
0.000000
0.000000
1.650473
0.000000
1.409613
0.000000
0.000000
0.731772
0.000000
0.192828
0.000000
0.452898
0.000000
0.000000
0.000000
0.759258
0.013647
0.000000
0.000000
0.000000
0.879349
0.000000
0.000000
0.000000
0.000000
0.604896
0.117765
0.000000
0.000000
0.000000
0.000000
0.318987
1.040305
0.000000
0.000000
0.774653
0.000000
1.909985
0.561041
0.590712
0.000000
0.000000
0.000000
0.922976
0.172826
1.195505
0.000000
0.000000
0.000000
0.300243
0.000000
1.327951
0.000000
0.000000
0.000000
0.000000
0.000000
0.000000
0.000000
0.000000
0.000000
0.266104
0.000000
0.481186
0.795939
0.000000
0.029541
0.496578
0.235692
0.000000
0.210853
1.211849
0.000000
0.150343
0.000000
0.000000
0.000000
0.332352
0.000000
0.000000
0.000000
0.000000
0.413407
0.000000
0.000000
0.612069
0.000000
0.000000
1.262909
1.512853
0.000000
0.000000
1.063180
1.017329
1.163116
0.000000
0.000000
1.053846
0.365229
0.000000
0.000000
0.000000
0.000000
0.000000
0.530113
0.000000
0.000000
1.230894
0.000000
0.442893
0.000000
0.000000
0.000000
0.000000
0.000000
0.000000
0.000000
0.000000
0.000000
0.000000
0.000000
0.000000
0.079901
0.000000
0.000000
0.000000
0.000000
0.000000
0.000000
0.000000
0.000000
0.877608
0.000000
0.000000
1.027127
0.077578
0.000000
0.562234
0.151144
0.000000
0.000000
0.000000
0.000000
0.811264
0.000000
0.000000
0.538698
0.000000
0.000000
0.627707
0.261515
0.000000
0.000000
0.263989
0.000000
0.000000
2.006486
0.000000
0.000000
0.000000
0.000000
0.000000
0.000000
0.000000
0.691427
0.000000
0.000000
0.000000
0.000000
0.000000
0.000000
0.367101
0.000000
0.000000
0.142499
0.000000
0.000000
0.000000
0.000000
0.000000
0.000000
0.000000
0.000000
0.000000
0.000000
0.000000
0.000000
0.291278
1.608163
0.392820
0.000000
0.000000
0.000000
0.000000
0.000000
0.000000
0.180944
0.000000
3.120656
0.000000
0.776175
0.000000
0.000000
1.103115
0.000000
0.697586
0.279476
0.000000
0.000000
0.000000
0.000000
0.000000
0.000000
0.290007
0.000000
0.000000
0.000000
0.000000
0.000000
0.000000
0.772211
0.912387
0.869410
0.000000
0.098603
0.888979
0.000000
0.000000
0.000000
0.000000
1.269318
0.000000
0.000000
0.609925
0.000000
0.000000
0.000000
0.000000
0.000000
0.000000
0.000000
0.153565
0.000000
1.243385
0.000000
0.000000
0.000000
0.000000
0.238942
0.000000
0.000000
0.000000
0.000000
0.000000
0.000000
0.000000
0.000000
0.127851
0.000000
0.000000
0.000000
0.000000
1.157441
0.195534
1.203088
0.000000
0.000000
0.000000
0.000000
1.723634
0.000000
0.000000
0.000000
0.257903
0.000000
0.000000
0.000000
0.000000
0.440687
0.000000
0.000000
0.000000
0.000000
1.458292
0.000000
0.854608
0.000000
0.000000
0.000000
1.132874
0.000000
0.362573
0.047586
0.439665
0.000000
0.000000
0.000000
0.000000
0.012025
0.000000
0.000000
0.000000
0.000000
0.000000
0.000000
0.523540
0.349583
0.000000
0.000000
0.000000
0.000000
0.000000
0.000000
0.519110
0.000000
0.000000
0.000000
0.079209
0.000000
0.363290
0.000000
0.000000
0.000000
0.000000
0.000000
0.000000
0.000000
0.000000
0.000000
0.365349
0.000000
0.000000
0.000000
0.000000
0.173416
0.000000
0.000000
0.000000
0.000000
0.000000
0.000000
0.300285
0.000000
0.000000
0.000000
0.000000
0.000000
0.000000
0.000000
0.000000
0.208414
0.374600
0.309337
0.000000
1.035351
0.527079
0.000000
0.000000
0.551272
0.000000
0.000000
0.124198
0.000000
0.000000
0.000000
0.000000
0.000000
0.175180
0.354231
0.000000
0.148288
0.000000
0.000000
0.000000
0.000000
0.000000
0.000000
0.000000
0.000000
0.000000
2.680069
2.334087
0.000000
0.000000
0.000000
0.000000
0.000000
0.000000
0.228288
0.000000
0.000000
0.288375
0.000000
1.711434
0.000000
0.000000
0.000000
0.000000
0.948668
0.315844
0.000000
1.240547
0.000000
0.000000
2.242318
0.000000
0.530319
0.517128
0.000000
0.000000
0.000000
0.000000
0.000000
1.628136
0.000000
0.000000
0.000000
0.000000
0.000000
0.000000
0.000000
0.000000
0.000000
0.000000
0.000000
1.409016
0.000000
0.367695
0.000000
0.000000
0.000000
0.885859
0.000000
0.000000
0.000000
0.000000
0.000000
0.000000
0.895809
0.000000
0.000000
0.000000
1.136467
0.022214
0.549186
0.000000
0.343153
0.000000
0.000000
0.254119
1.745869
0.000000
0.626396
0.000000
0.430863
1.097228
0.000000
0.053065
0.000000
0.000000
0.000000
0.000000
0.000000
0.000000
0.000000
0.000000
0.000000
0.000000
0.000000
0.000000
1.746515
0.000000
1.005618
0.477411
0.000000
0.000000
0.940050
0.000000
0.589224
0.000000
0.000000
0.000000
0.000000
0.635977
0.000000
0.000000
0.000000
0.000000
0.000000
0.000000
0.371960
0.000000
0.000000
0.000000
0.326156
0.302876
0.000000
0.000000
0.000000
0.078111
0.000000
0.000000
0.096878
0.000000
0.000000
0.147085
0.000000
0.000000
0.000000
0.000000
0.000000
0.000000
0.000000
0.000000
0.000000
0.000000
0.000000
0.000000
0.000000
0.000000
0.000000
0.297175
0.000000
1.186513
0.327098
0.000000
0.941343
0.000000
1.302323
0.000000
0.134862
0.011860
0.000000
0.000000
0.874433
1.353930
0.000000
0.000000
0.000000
1.516872
0.000000
0.000000
0.000000
0.000000
0.316178
0.000000
0.000000
0.000000
0.000000
0.000000
0.000000
0.176953
0.000000
1.549063
0.144932
0.359186
0.000000
0.272719
0.000000
0.372038
0.000000
0.393392
0.000000
0.000000
0.917556
0.000000
0.000000
1.232576
0.000000
0.000000
1.711012
0.000000
0.000000
0.289301
0.000000
0.000000
0.000000
0.000000
0.007674
0.000000
0.000000
0.000000
0.215301
0.295542
0.645607
0.323998
0.000000
0.000000
0.000000
0.000000
0.000000
0.404220
0.506814
0.000000
0.000000
0.000000
0.000000
0.000000
0.000000
0.000000
0.000000
0.000000
0.000000
0.354238
0.236741
0.000000
0.000000
0.000000
0.146553
0.000000
0.305474
0.000000
0.000000
0.000000
0.000000
0.000000
0.000000
0.000000
0.000000
0.073241
0.000000
0.177233
0.000000
0.513692
2.788966
0.000000
0.184428
0.931008
0.000000
0.484814
0.000000
0.000000
1.266184
0.000000
0.000000
0.000000
0.260096
0.000000
0.000000
1.153982
0.000000
0.029307
0.000000
0.000000
0.000000
0.000000
0.000000
0.000000
0.000000
0.183988
0.000000
1.904732
0.316875
0.000000
0.000000
0.261208
0.000000
0.000000
0.831918
0.000000
0.715558
0.000000
0.041757
0.000000
0.000000
0.000000
0.208190
0.000000
0.352760
0.000000
0.000000
0.064124
0.000000
0.584313
0.958987
0.000000
0.830105
0.088385
0.518871
0.000000
0.439705
0.248805
1.092422
0.449443
0.562025
0.000000
0.000000
0.000000
1.422314
0.509622
1.044294
0.000000
0.000000
0.000000
1.046615
0.000000
0.010905
0.000000
0.477315
0.000000
0.000000
0.000000
1.604202
0.000000
0.059074
0.000000
0.000000
0.000000
0.000000
0.179090
0.572610
0.000000
0.000000
0.000000
0.414544
0.000000
0.000000
0.000000
0.000000
0.000000
0.000000
0.000000
0.000000
0.000000
0.000000
0.000000
0.000000
0.000000
0.000000
0.241202
0.000000
0.000000
0.000000
0.000000
0.000000
0.000000
0.000000
0.000000
0.000000
0.000000
0.000000
0.000000
0.000000
1.203813
0.055755
0.000000
0.000000
0.000000
0.000000
0.000000
0.000000
0.000000
0.000000
0.000000
0.000000
0.000000
0.000000
0.000000
0.000000
0.000000
0.000000
0.911811
0.000000
0.602161
0.000000
0.000000
0.000000
0.000000
0.000000
0.000000
0.000000
0.965425
0.065116
0.000000
0.380433
0.000000
0.000000
0.411917
0.000000
0.448913
0.000000
0.622034
1.521611
0.000000
0.000000
0.000000
0.000000
0.000000
0.000000
0.000000
0.874735
0.000000
0.000000
2.210991
0.051052
0.000000
0.000000
0.000000
0.000000
0.000000
0.000000
0.000000
0.745963
0.000000
0.000000
0.000000
0.000000
1.054405
0.000000
0.000000
0.756156
0.000000
0.519939
0.929523
1.911873
0.000000
0.126391
0.000000
0.000000
0.000000
0.000000
0.000000
0.000000
0.311939
0.000000
0.046936
0.000000
0.000000
0.000000
0.000000
0.295126
0.424131
0.480831
0.798187
0.809598
0.000000
0.000000
0.000000
0.000000
0.000000
0.418921
0.000000
0.000000
0.785189
0.000000
0.000000
0.000000
0.000000
0.000000
0.000000
0.000000
0.000000
0.239231
0.000000
1.693720
0.000000
0.000000
0.000000
0.121245
0.000000
0.000000
0.573715
0.453616
0.802198
0.000000
0.000000
1.056356
0.105783
0.000000
0.000000
0.000000
0.000000
0.000000
0.607819
0.155894
0.000000
0.000000
0.732216
0.000000
0.425546
1.241199
0.000000
0.000000
0.000000
0.000000
0.000000
0.000000
0.000000
0.099178
0.000000
0.000000
0.000000
0.000000
0.000000
0.000000
0.000000
0.000000
0.000000
0.000000
0.099319
0.467624
0.000000
0.000000
1.728010
0.066599
0.000000
0.000000
0.613081
0.389887
0.000000
0.000000
0.000000
0.000000
0.267352
0.096308
0.000000
1.181842
0.071981
0.000000
1.279815
0.938801
0.000000
0.038732
2.253035
0.225664
0.000000
0.175761
0.000000
0.000000
0.607507
0.000000
0.991100
0.000000
0.000000
0.000000
0.000000
0.231367
0.000000
0.000000
0.000000
0.000000
0.000000
0.215149
0.000000
1.723307
0.000000
0.134459
0.000000
0.395283
0.000000
0.000000
0.012064
0.000000
0.000000
0.510328
0.000000
0.000000
0.000000
0.000000
0.174643
0.000000
0.000000
0.000000
0.000000
0.000000
0.000000
0.000000
0.000000
0.000000
0.000000
0.303247
0.000000
0.000000
0.000000
0.000000
0.511815
0.000000
0.000000
0.324257
0.080523
0.000000
0.000000
0.394666
0.000000
0.000000
0.000000
1.019307
0.000000
1.171807
0.367683
0.000000
0.000000
0.000000
1.313671
0.000000
0.000000
0.001860
0.716869
0.000000
0.000000
1.585208
0.000000
0.000000
2.629148
0.000000
0.000000
0.000000
0.789984
0.433203
0.000000
0.000000
0.000000
0.000000
1.240804
0.000000
1.748893
0.000000
0.000000
0.000000
0.000000
0.641049
0.000000
0.000000
1.308555
0.000000
0.000000
0.000000
0.000000
0.000000
0.000000
0.000000
0.095942
0.000000
0.000000
0.491058
0.000000
0.000000
0.580334
0.000000
0.000000
0.294709
0.147538
0.000000
0.000000
0.000000
0.437133
0.000000
0.000000
0.000000
0.461802
0.699140
0.517664
0.823864
0.000000
0.196878
0.000000
0.176351
0.000000
0.000000
0.000000
0.000000
0.000000
0.338757
0.366187
1.096854
0.106984
0.862519
0.813075
0.000000
1.371459
1.475878
0.000000
0.000000
0.000000
0.285010
0.000000
0.000000
0.000000
0.401927
0.000000
0.000000
0.000000
0.000000
0.000000
0.000000
0.000000
0.000000
0.000000
0.000000
0.000000
0.000000
0.000000
0.000000
0.000000
0.000000
0.000000
0.524222
0.578631
0.187459
0.000000
0.000000
0.000000
0.310737
1.169877
0.000000
0.000000
0.000000
0.664722
0.863024
0.000000
0.000000
0.000000
0.426158
0.301368
1.170314
0.907342
0.000000
0.000000
0.000000
0.845009
0.261570
0.420905
2.093959
0.336814
0.000000
0.000000
0.000000
0.000000
0.000000
0.000000
0.000000
0.000000
0.124457
0.000000
0.000000
1.250362
0.893180
0.000000
2.053504
0.000000
0.799535
0.204523
0.427295
0.088817
0.000000
0.000000
0.000000
0.000000
0.049941
0.000000
0.510149
0.000000
0.494841
0.000000
0.000000
0.000000
1.004523
0.000000
1.295061
0.000000
0.000000
0.968996
0.000000
0.173778
0.000000
0.000000
0.511091
0.164557
0.501750
0.116853
0.000000
0.605956
0.000000
0.000000
0.000000
0.690545
0.000000
1.020847
0.000000
0.000000
0.320531
