0.000000
0.038086
0.000000
0.000000
0.000000
0.000000
0.971496
0.000000
0.000000
0.341102
0.000000
0.000000
0.333416
0.000000
0.000000
0.000000
0.000000
0.957299
0.000000
0.000000
0.000000
0.000000
0.000000
0.460933
0.000000
0.907890
0.000000
0.810413
0.000000
0.000000
0.000000
0.000000
0.000000
0.000000
0.000000
0.000000
0.000000
0.000000
0.000000
0.000000
0.000000
0.843042
0.000000
0.000000
0.000000
0.000000
2.017821
2.536896
0.206857
0.012299
0.000000
0.000000
0.000000
0.000000
0.000000
0.492046
0.000000
0.000000
0.000000
0.000000
0.226244
0.000000
0.000000
0.000000
0.000000
0.000000
0.000000
0.000000
0.000000
0.400687
0.000000
0.000000
0.000000
0.000000
0.000000
0.000000
0.000000
1.674547
0.000000
0.000000
0.000000
0.000000
0.000000
0.000000
1.125116
0.000000
0.000000
0.230297
0.000000
0.000000
1.696563
0.035314
0.000000
0.000000
0.000000
0.000000
0.330166
0.000000
0.000000
0.000000
1.027782
0.000000
0.000000
0.000000
0.000000
0.000000
0.000000
0.904838
0.000000
0.000000
0.000000
0.000000
0.000000
0.000000
0.000000
0.000000
0.000000
0.000000
1.096456
0.000000
0.000000
0.000000
0.000000
2.479899
0.000000
0.000000
0.000000
0.000000
0.000000
0.000000
0.321966
0.000000
0.112679
0.000000
0.000000
0.000000
0.000000
0.000000
0.000000
0.000000
0.000000
0.000000
0.000000
0.000000
0.000000
0.000000
0.000000
0.439502
0.000000
0.000000
0.000000
0.000000
0.000000
0.000000
0.000000
2.149106
1.584620
0.000000
0.291539
0.000000
0.000000
0.918806
0.000000
0.000000
0.000000
0.507577
0.000000
2.483177
0.000000
0.000000
0.000000
0.000000
0.000000
0.000000
0.000000
0.681924
0.000000
1.069489
0.104118
0.000000
0.151185
0.000000
0.000000
0.000000
0.000000
0.000000
0.000000
0.000000
0.000000
0.000000
0.000000
0.000000
0.000000
1.142566
0.000000
0.555596
0.000000
0.000000
0.673181
0.000000
0.000000
0.000000
0.000000
0.000000
0.000000
0.000000
0.000000
2.043843
0.000000
0.000000
1.647446
0.000000
0.000000
0.000000
0.000000
0.000000
0.000000
0.000000
0.000000
0.000000
0.000000
0.215537
0.000000
0.000000
1.196859
0.560346
0.000000
0.000000
0.000000
0.000000
0.000000
1.159299
0.000000
0.000000
0.000000
0.000000
0.000000
0.000000
0.000000
0.000000
0.000000
0.000000
0.000000
0.859210
0.290350
3.516715
0.000000
0.000000
1.890227
0.000000
0.000000
0.000000
0.000000
0.000000
0.440465
0.000000
0.000000
0.000000
0.000000
1.637187
0.000000
0.000000
0.000000
0.000000
0.140148
0.000000
0.000000
2.189917
0.000000
0.226434
0.000000
0.000000
0.448100
0.000000
0.000000
0.000000
0.268683
0.000000
0.000000
0.863840
1.512140
0.000000
2.770569
0.772678
1.185003
0.000000
0.000000
0.000000
0.000000
1.398959
0.000000
0.000000
0.357847
0.000000
0.000000
0.000000
0.000000
0.714230
0.000000
0.212786
0.000000
0.000000
0.000000
0.000000
0.466737
0.000000
0.815000
1.179296
0.000000
0.475203
0.376514
1.887897
0.000000
0.353544
0.000000
0.000000
0.597846
0.000000
0.000000
0.000000
0.000000
0.000000
0.000000
0.000000
0.000000
0.000000
0.220216
0.000000
0.000000
0.000000
0.000000
0.000000
0.000000
0.000000
0.000000
0.000000
0.000000
0.000000
0.000000
0.452512
0.000000
0.000000
0.000000
0.386027
0.000000
0.000000
0.000000
0.000000
0.000000
0.000000
0.000000
0.000000
0.000000
0.000000
0.553761
2.711938
0.000000
0.000000
1.592479
0.158074
1.563961
0.000000
0.822179
0.000000
0.000000
0.000000
0.120738
0.000000
0.000000
0.000000
0.000000
0.552583
0.000000
0.000000
0.000000
0.063941
0.000000
0.000000
0.000000
1.387515
0.000000
0.000000
0.000000
0.000000
0.000000
0.377818
0.000000
0.000000
0.094235
0.000000
0.000000
0.000000
0.000000
0.000000
0.000000
0.000000
0.000000
1.120809
0.841301
0.000000
0.657409
0.000000
0.000000
0.000000
0.308896
3.906630
0.000000
0.000000
0.000000
0.000000
0.000000
0.000000
0.000000
0.000000
0.000000
0.000000
0.000000
0.000000
0.000000
0.000000
0.000000
1.681041
0.000000
0.000000
0.000000
0.000000
1.536485
0.000000
0.000000
0.000000
0.000000
0.000000
0.000000
0.000000
0.000000
0.000000
0.000000
0.000000
0.000000
0.000000
0.000000
0.000000
1.477594
0.000000
0.000000
0.000000
0.000000
0.000000
0.000000
0.000000
0.000000
0.000000
1.963427
0.000000
0.000000
1.516013
0.000000
0.000000
3.127472
0.000000
0.000000
0.000000
0.000000
0.000000
1.443428
0.000000
0.921696
0.000000
1.002772
0.000000
0.000000
0.000000
0.000000
0.000000
0.000000
0.000000
0.000000
0.581866
0.000000
0.000000
1.145880
0.000000
0.000000
0.000000
0.000000
0.000000
0.594514
0.000000
0.201594
2.693898
0.000000
0.069521
0.000000
0.000000
0.075559
0.000000
0.000000
0.210677
0.000000
0.000000
0.000000
0.000000
2.168685
0.000000
0.000000
0.000000
0.000000
0.240327
0.000000
0.000000
0.000000
3.671022
0.758434
0.084916
0.416537
0.000000
0.000000
0.000000
0.000000
0.157820
1.304156
0.000000
0.807530
2.014097
0.069108
0.000000
0.403481
0.000000
0.000000
0.000000
1.870706
0.000000
0.000000
0.000000
0.000000
0.060387
0.000000
0.927659
0.991881
0.000000
0.000000
0.000000
0.000000
0.000000
0.000000
0.000000
0.103890
0.627750
0.000000
0.000000
2.072782
0.521120
0.000000
0.113162
0.406458
0.666144
0.000000
0.000000
0.000000
0.563900
0.264492
1.293155
0.173439
0.988790
0.000000
0.000000
0.230779
0.000000
0.000000
3.163092
0.000000
0.000000
0.000000
2.409134
0.361311
0.000000
2.003119
0.000000
0.000000
0.000000
0.000000
0.000000
0.000000
0.000000
0.000000
0.000000
0.000000
0.000000
0.000000
0.000000
0.000000
0.000000
0.000000
0.000000
0.000000
0.000000
0.000000
0.405347
0.334310
0.000000
0.000000
1.579630
0.392391
0.000000
0.000000
0.000000
0.000000
0.000000
0.000000
0.000000
0.000000
0.017215
0.000000
0.000000
0.000000
0.159120
0.673953
0.000000
0.000000
0.000000
0.000000
0.283498
1.193994
0.636741
0.000000
0.000000
0.907727
1.026868
0.000000
0.000000
1.160828
0.000000
0.727406
0.000000
0.000000
0.000000
0.000000
0.000000
0.000000
0.000000
0.000000
0.626349
2.835160
0.000000
0.000000
0.000000
0.000000
0.000000
0.000000
0.000000
0.000000
0.723050
0.391186
0.000000
0.000000
0.000000
0.000000
0.000000
0.000000
0.000000
0.000000
0.000000
0.000000
0.000000
0.000000
0.000000
0.381820
0.000000
0.000000
2.796426
0.000000
0.000000
0.000000
0.000000
0.000000
0.000000
0.000000
0.000000
0.000000
0.000000
1.274040
0.000000
2.205225
0.000000
0.000000
0.981454
0.000000
0.000000
0.000000
0.000000
0.000000
1.425815
0.000000
0.000000
0.000000
0.000000
0.000000
0.000000
0.000000
0.000000
0.000000
0.000000
0.612127
0.170933
0.000000
0.000000
0.165034
0.059214
2.192621
1.576332
0.403003
0.000000
0.000000
0.000000
0.000000
0.000000
0.000000
0.000000
3.177519
0.056937
0.000000
0.000000
0.000000
0.000000
0.000000
0.319387
0.016934
0.000000
0.000000
0.000000
0.000000
1.459544
0.000000
0.000000
0.000000
0.000000
0.000000
0.000000
0.000000
0.000000
0.000000
0.000000
0.881734
0.872279
2.068486
0.597163
0.000000
0.337099
0.000000
0.000000
0.000000
1.248309
0.000000
0.000000
0.000000
0.614491
0.000000
0.000000
0.000000
0.000000
0.000000
0.000000
1.047861
0.000000
0.000000
0.000000
0.207355
0.144660
2.069397
0.681091
0.000000
1.504882
3.531973
0.370436
0.000000
0.000000
0.000000
0.000000
0.000000
0.000000
0.000000
0.251092
0.000000
0.000000
0.000000
0.000000
0.000000
0.000000
0.000000
0.000000
0.000000
0.000000
0.000000
0.000000
0.000000
0.000000
0.000000
0.000000
0.000000
2.189896
0.431330
0.000000
0.000000
0.000000
0.000000
1.618710
0.000000
0.000000
0.000000
0.000000
0.000000
0.000000
0.000000
0.000000
1.731635
1.771430
0.596255
0.000000
1.389374
2.193223
0.000000
0.315545
0.000000
0.000000
0.000000
0.000000
0.000000
0.000000
0.000000
0.000000
0.104594
0.000000
0.000000
1.391725
0.822102
0.000000
0.407675
0.050969
0.192143
0.466670
0.000000
0.000000
0.774396
0.000000
2.369925
0.000000
0.000000
0.000000
0.852909
0.000000
0.000000
1.105739
0.000000
0.000000
0.000000
0.000000
0.926961
0.000000
0.000000
0.889515
0.000000
0.000000
0.000000
0.000000
0.000000
0.000000
1.730290
4.208956
0.000000
1.320568
0.000000
0.000000
0.000000
0.838472
0.000000
0.000000
2.882011
0.000000
0.000000
0.000000
0.000000
0.000000
1.895136
0.901277
0.000000
1.327474
0.000000
0.000000
0.000000
0.101021
0.000000
0.652156
0.000000
0.000000
0.000000
1.251931
0.000000
0.404171
0.000000
0.159513
0.000000
0.000000
0.054929
0.000000
0.000000
0.000000
1.220258
0.000000
0.000000
0.000000
0.000000
0.000000
0.160845
0.000000
0.000000
0.000000
1.851320
0.905385
0.000000
0.000000
1.514803
1.427458
0.000000
0.000000
0.000000
0.000000
0.000000
0.000000
0.000000
0.143198
0.000000
0.000000
0.000000
0.508484
0.000000
4.507366
1.089486
0.000000
0.841399
2.087808
0.000000
0.000000
0.338715
1.579260
0.000000
0.000000
0.000000
0.000000
1.907546
0.000000
0.000000
0.000000
0.000000
0.000000
0.000000
0.000000
0.000000
0.000000
0.218847
0.000000
0.000000
0.537936
0.000000
0.000000
0.000000
0.666518
0.000000
0.000000
2.778882
0.000000
0.000000
0.899492
0.000000
0.000000
0.000000
0.000000
0.000000
0.000000
0.000000
0.000000
0.000000
0.000000
0.000000
0.000000
0.000000
0.000000
0.000000
0.000000
0.324601
0.000000
0.000000
1.760507
0.000000
0.000000
0.000000
0.000000
0.000000
2.647630
0.281248
2.077552
2.119372
0.000000
0.000000
0.448303
0.000000
0.000000
1.794647
0.000000
0.000000
0.000000
0.173804
0.350729
0.776947
0.000000
0.573363
0.000000
0.000000
0.000000
0.000000
0.000000
0.000000
0.144307
0.000000
1.043181
0.000000
0.000000
0.000000
0.000000
0.387703
0.000000
0.000000
2.589540
0.000000
0.000000
0.000000
0.000000
0.000000
0.000000
1.727065
0.000000
0.000000
0.000000
0.000000
0.000000
0.296863
0.000000
0.000000
0.655104
0.000000
0.000000
0.000000
0.000000
0.000000
1.630730
0.000000
0.000000
0.000000
0.000000
0.000000
0.000000
0.000000
0.000000
0.000000
0.000000
0.000000
3.082550
0.247126
0.000000
0.000000
0.000000
0.924195
0.000000
0.560934
0.000000
0.000000
0.358687
0.000000
0.000000
0.000000
1.036064
0.000000
0.000000
0.000000
0.461819
0.000000
0.000000
0.000000
0.000000
0.000000
0.493476
0.000000
0.000000
2.567912
0.000000
0.000000
0.000000
0.000000
0.000000
0.000000
0.000000
0.000000
0.000000
0.474480
0.000000
0.000000
0.156070
0.000000
0.000000
0.000000
0.000000
0.200619
0.000000
0.000000
0.000000
0.038481
0.000000
0.302549
0.000000
0.000000
0.000000
0.000000
0.579075
0.188817
0.000000
0.000000
0.000000
0.000000
0.000000
0.000000
0.000000
0.000000
0.000000
0.000000
0.000000
0.000000
0.000000
0.000000
0.000000
1.285474
0.000000
0.000000
0.000000
0.000000
0.000000
0.000000
0.000000
0.000000
0.000000
0.000000
0.000000
0.000000
2.014454
0.000000
0.000000
0.461256
0.000000
0.000000
0.000000
0.000000
0.448866
0.000000
0.000000
0.000000
0.000000
0.000000
1.359113
1.054613
0.000000
0.000000
0.000000
3.996460
0.343640
0.000000
0.000000
2.494094
0.317558
0.652931
0.000000
0.892209
0.000000
0.000000
0.000000
0.000000
0.000000
0.000000
0.000000
0.000000
0.233365
0.000000
0.923482
2.107510
0.000000
0.123427
0.000000
0.000000
0.000000
0.000000
0.000000
0.000000
0.000000
0.000000
0.000000
0.000000
2.784453
0.000000
0.000000
0.552146
0.000000
0.000000
0.000000
0.000000
0.000000
0.000000
0.000000
0.000000
0.000000
0.000000
0.000000
0.000000
0.000000
0.000000
0.000000
0.000000
1.687189
0.707097
0.000000
0.209143
0.000000
0.000000
0.183960
0.000000
0.000000
0.000000
0.000000
0.000000
0.682231
1.624415
0.000000
2.364023
0.000000
0.000000
0.715804
0.000000
1.021225
1.753921
0.000000
0.000000
0.000000
0.000000
0.000000
0.986414
0.000000
0.036374
1.654601
3.410329
0.000000
0.000000
0.000000
0.000000
0.818135
0.000000
0.000000
0.000000
0.418394
0.000000
0.000000
0.000000
1.684549
0.000000
0.000000
0.000000
0.000000
0.150732
0.000000
0.000000
0.000000
0.056529
0.000000
0.000000
0.000000
0.809962
0.000000
0.083834
0.000000
0.000000
0.000000
0.000000
0.000000
0.000000
0.000000
0.000000
0.699844
0.147349
0.000000
0.000000
0.174286
0.000000
0.000000
0.000000
0.000000
0.547429
2.463112
0.311308
0.000000
0.000000
0.000000
0.000000
0.000000
0.365208
0.000000
0.000000
0.717067
0.937851
1.723223
0.000000
0.000000
0.000000
0.000000
0.000000
0.071839
0.000000
0.520643
0.000000
0.000000
0.000000
0.000000
0.000000
0.068717
0.000000
0.000000
0.000000
0.000000
1.934724
1.143479
0.000000
0.000000
0.000000
0.000000
0.000000
0.000000
0.000000
0.262653
0.000000
0.000000
0.000000
0.000000
0.000000
0.199720
0.000000
2.062067
0.518553
0.000000
0.000000
3.155202
0.000000
0.000000
0.000000
0.000000
0.000000
0.000000
0.000000
0.000000
0.000000
0.000000
0.000000
0.000000
0.000000
0.000000
0.000000
0.000000
1.941879
0.122922
0.346842
0.000000
2.001427
0.000000
1.197747
0.000000
1.118872
0.000000
0.000000
0.000000
0.000000
0.076430
0.000000
0.000000
0.000000
0.000000
0.000000
0.000000
0.000000
0.000000
0.000000
0.000000
0.000000
0.000000
0.000000
0.133453
1.788148
0.000000
0.000000
0.000000
0.000000
0.893015
0.000000
0.000000
0.000000
2.006510
0.000000
0.000000
0.000000
0.000000
0.345760
0.000000
0.000000
0.000000
0.000000
0.375261
0.000000
0.000000
0.782830
0.000000
0.000000
0.000000
0.000000
0.000000
0.000000
2.155319
0.000000
0.000000
0.000000
0.000000
0.000000
0.326602
0.000000
0.000000
0.000000
0.361250
0.000000
0.776676
0.000000
0.000000
0.000000
0.000000
0.000000
0.000000
0.000000
0.000000
0.000000
0.000000
0.000000
0.000000
2.611963
0.000000
0.000000
0.596490
0.000000
0.000000
0.000000
0.000000
0.000000
0.000000
1.169735
0.000000
0.196721
0.000000
0.000000
0.000000
0.000000
0.000000
0.053987
0.000000
0.000000
0.000000
0.000000
0.000000
0.381569
0.000000
2.115090
0.753873
0.000000
0.000000
0.144783
0.000000
2.512823
0.000000
0.000000
0.000000
0.000000
0.000000
0.000000
0.000000
0.000000
0.326913
0.000000
0.000000
0.000000
0.000000
0.000000
0.000000
0.567036
0.000000
0.000000
0.000000
0.000000
1.839524
0.000000
0.000000
0.000000
0.000000
0.000000
0.894842
0.000000
0.457091
0.000000
0.000000
0.000000
3.030182
0.000000
0.000000
0.000000
0.000000
0.000000
0.300395
0.000000
0.000000
0.000000
0.000000
0.000000
0.000000
0.000000
0.000000
0.000000
0.602460
0.000000
0.000000
0.000000
0.380783
0.000000
0.000000
0.000000
0.000000
0.858145
2.124553
0.000000
0.041170
0.000000
0.000000
0.000000
1.004468
0.000000
0.000000
0.000000
0.515209
0.204260
0.375056
0.037252
0.000000
0.000000
0.000000
0.000000
0.000000
0.000000
0.181837
0.000000
0.000000
0.000000
1.104116
0.000000
1.048673
0.774319
0.545043
0.000000
0.000000
0.000000
0.000000
0.000000
0.000000
0.000000
0.000000
0.000000
0.000000
0.000000
0.000000
0.077242
0.000000
0.000000
0.000000
0.000000
0.000000
0.000000
0.000000
0.004486
0.000000
0.000000
0.000000
0.000000
0.000000
0.529857
0.000000
0.000000
0.000000
0.000000
0.667132
0.413794
0.000000
0.000000
0.000000
0.000000
0.411175
0.000000
0.000000
2.305706
0.000000
3.232205
0.000000
0.000000
0.000000
0.000000
0.000000
0.000000
0.000000
0.000000
0.000000
0.000000
0.000000
0.719586
0.146029
0.000000
0.300796
0.000000
0.000000
0.000000
1.855482
0.000000
0.000000
0.000000
2.049613
0.000000
0.000000
0.000000
0.000000
1.148187
0.000000
0.000000
0.000000
0.000000
0.263297
0.515652
0.000000
0.000000
0.000000
0.000000
0.000000
0.000000
0.000000
0.000000
0.000000
0.000000
0.000000
0.000000
0.000000
0.000000
0.000000
0.000000
0.000000
0.752492
0.000000
0.489249
0.427629
0.436848
1.010936
0.000000
0.000000
0.000000
0.000000
0.000000
2.345448
0.000000
0.000000
0.000000
0.000000
0.000000
3.185674
0.604611
0.000000
0.000000
0.000000
0.710443
0.000000
0.000000
0.000000
0.000000
0.172484
0.121433
0.000000
0.000000
0.000000
0.000000
0.000000
0.000000
0.878612
0.000000
0.000000
1.139632
2.689180
0.000000
0.000000
0.683906
0.000000
0.000000
2.275895
0.000000
0.000000
0.000000
0.000000
0.265834
0.000000
0.000000
0.000000
0.000000
0.000000
0.000000
0.000000
0.000000
0.000000
1.381772
0.893396
0.440203
0.000000
0.000000
0.000000
0.000000
0.000000
0.000000
0.244810
0.000000
0.000000
0.000000
0.000000
0.000000
0.000000
1.511604
0.000000
0.000000
0.616379
0.000000
0.000000
0.000000
0.000000
0.000000
0.651960
2.315246
0.000000
0.104322
0.166429
0.000906
0.000000
0.933721
0.000000
0.000000
0.000000
0.000000
0.000000
0.000000
0.000000
0.000000
0.000000
0.000000
0.238989
0.736705
0.000000
0.000000
0.000000
0.518646
0.000000
0.000000
0.000000
0.000000
0.000000
0.217948
0.000000
0.000000
0.936214
0.812132
0.000000
0.000000
0.000000
0.000000
0.127028
0.000000
0.000000
0.000000
0.000000
0.000000
0.000000
0.000000
0.000000
0.000000
0.000000
0.000000
0.000000
1.351219
0.869394
0.000000
0.488692
0.000000
0.426840
0.000000
1.159374
0.770170
0.000000
0.000000
0.000000
0.000000
0.000000
0.163136
0.216785
0.000000
0.000000
0.000000
0.000000
1.328871
0.000000
0.000000
0.286359
0.108468
0.889879
0.000000
0.000000
0.000000
0.000000
0.000000
0.000000
1.542742
0.000000
0.893983
0.000000
3.353235
0.000000
1.702402
0.000000
0.000000
0.078386
0.000000
0.000000
0.000000
0.000000
1.072768
0.000000
0.000000
0.626409
0.000000
0.000000
0.131021
0.000000
0.000000
0.000000
0.000000
2.483967
0.426316
0.000000
1.209172
0.000000
0.000000
0.066834
0.000000
0.000000
0.000000
0.000000
0.000000
0.000000
0.000000
0.000000
0.302366
0.000000
0.000000
0.000000
0.372464
0.000000
0.000000
0.092401
0.000000
0.640689
0.000000
0.000000
0.000000
0.000000
0.000000
0.000000
0.000000
0.000000
0.000000
0.000000
0.000000
0.000000
0.000000
0.000000
0.000000
0.000000
0.000000
0.592109
0.365126
0.805055
0.000000
1.742220
0.000000
0.000000
0.000000
0.000000
0.000000
0.000000
0.000000
0.000000
1.249315
0.832697
3.929231
0.000000
0.000000
0.000000
0.000000
0.000000
0.000000
0.000000
0.000000
0.000000
0.000000
0.736318
2.004659
0.000000
0.000000
3.276630
0.000000
3.592165
0.000000
0.000000
0.000000
0.000000
0.460683
0.000000
0.000000
1.367953
0.000000
0.000000
0.445232
0.000000
0.000000
1.113692
0.000000
0.000000
0.000000
0.000000
0.000000
0.000000
0.000000
0.000000
0.000000
0.000000
0.000000
1.069986
1.196278
0.996992
0.000000
0.000000
0.000000
0.000000
0.000000
0.000000
0.000000
0.187750
1.119413
0.355101
0.295161
0.000000
0.000000
0.000000
0.000000
0.000000
0.000000
0.000000
0.706228
0.000000
0.527669
0.000000
0.000000
0.000000
0.000000
0.010126
0.000000
0.000000
1.019548
0.000000
0.000000
0.000000
2.477957
0.000000
0.000000
0.000000
2.815993
0.000000
0.000000
0.000000
0.000000
0.000000
0.000000
0.128826
0.000000
0.083688
0.000000
0.000000
0.000000
0.000000
0.000000
0.000000
0.000000
0.055143
0.000000
1.793120
0.000000
0.000000
0.000000
0.000000
0.000000
0.000000
0.000000
0.000000
0.000000
0.000000
0.000000
0.000000
0.000000
0.000000
0.000000
0.000000
0.000000
0.000000
0.423413
0.000000
0.000000
0.000000
0.000000
0.000000
0.000000
0.000000
0.000000
0.856986
0.000000
0.000000
0.450960
0.000000
0.000000
0.000000
0.000000
1.111137
0.080033
0.000000
0.830013
0.000000
0.000000
0.000000
0.000000
0.000000
0.000000
0.000000
0.775375
0.712896
0.000000
0.000000
0.000000
2.032552
0.000000
0.000000
0.000000
0.000000
0.203557
0.000000
0.000000
0.695666
0.000000
0.000000
0.000000
0.000000
0.000000
2.429939
0.000000
0.616005
0.000000
0.000000
0.000000
0.000000
2.016060
0.000000
0.000000
0.000000
0.000000
0.000000
0.000000
0.000000
0.000000
0.000000
1.096560
0.390434
0.051766
0.000000
0.000000
0.000000
0.000000
0.000000
0.000000
0.000000
0.000000
0.000000
0.000000
0.000000
0.000000
0.935566
0.000000
0.000000
0.000000
0.000000
0.000000
0.000000
0.000000
0.317191
0.000000
0.000000
0.000000
0.053188
0.000000
1.248093
0.000000
0.000000
0.000000
0.000000
0.000000
0.000000
0.000000
0.000000
0.162947
2.998878
0.205874
0.000000
0.000000
0.000000
0.000000
0.000000
0.000000
0.000000
0.000000
1.299276
0.000000
0.000000
0.774025
0.168569
0.000000
0.000000
0.000000
0.257662
0.000000
0.000000
0.000000
1.039205
0.000000
0.000000
0.000000
0.481965
0.883720
0.000000
2.182260
1.066174
0.000000
0.000000
0.000000
0.000000
0.000000
0.000000
0.000000
0.227650
0.000000
0.000000
0.000000
0.000000
0.529939
0.000000
0.000000
0.000000
0.053834
0.000000
0.000000
1.570405
0.000000
0.000000
0.000000
0.000000
0.614657
0.000000
1.733470
0.303300
0.000000
0.000000
1.738205
0.000000
0.000000
1.131934
0.098917
0.000000
0.000000
0.000000
0.000000
0.407941
0.000000
0.000000
0.000000
0.000000
0.000000
0.000000
0.000000
0.000000
0.000000
0.800250
0.000000
0.000000
0.000000
1.428630
0.000000
0.000000
0.000000
0.000000
0.000000
0.000000
1.753748
0.000000
0.000000
0.011615
0.371973
0.000000
0.000000
0.000000
0.000000
0.000000
1.470166
2.105640
0.000000
0.000000
0.000000
0.067609
0.000000
0.000000
0.000000
0.862967
0.000000
0.000000
0.000000
0.000000
0.403811
0.000000
0.000000
0.000000
0.000000
0.000000
0.000000
0.252098
0.000000
0.000000
0.000000
0.000000
1.076620
0.000000
2.093725
0.947264
2.459680
0.000000
0.000000
0.000000
0.000000
0.000000
0.833686
0.000000
1.500818
0.000000
0.000000
2.906068
0.000000
1.334069
0.000000
0.338322
0.000000
0.000000
0.000000
0.000000
0.960389
0.343968
0.000000
0.000000
0.000000
2.077467
0.000000
1.806915
0.214256
0.000000
0.000000
0.000000
0.000000
0.000000
0.000000
0.000000
0.000000
0.000000
2.090507
0.000000
0.000000
1.089227
0.403496
0.000000
0.000000
0.000000
0.000000
0.364380
1.195847
0.000000
0.574544
0.000000
0.000000
0.000000
0.000000
0.000000
0.000000
0.000000
0.000000
1.110850
1.000876
1.508428
0.000000
0.000000
0.455124
0.000000
0.000000
2.059671
0.000000
0.000000
0.000000
0.000000
0.000000
0.000000
0.000000
0.000000
0.000000
0.000000
1.050125
0.000000
0.000000
0.000000
0.000000
0.000000
0.000000
0.000000
2.564919
0.000000
0.437544
0.000000
0.000000
0.000000
0.749370
0.000000
0.000000
0.000000
0.156778
0.000000
0.000000
0.000000
1.026264
0.000000
0.000000
0.931124
0.000000
0.000000
0.000000
0.000000
0.299363
0.000000
0.539005
0.243870
0.000000
0.937609
0.000000
0.000000
0.000000
0.000000
1.282427
1.748382
0.000000
0.000000
0.000000
0.000000
0.000000
0.000000
0.000000
0.000000
1.732256
0.000000
0.000000
0.000000
0.000000
0.546831
2.854496
0.374177
0.000000
0.000000
0.000000
1.279383
0.000000
0.000000
0.000000
0.000000
0.000000
0.000000
0.000000
0.000000
0.653049
0.000000
1.815890
0.000000
0.000000
0.000000
0.000000
0.000000
2.176193
0.892327
0.000000
0.000000
0.000000
0.000000
0.000000
0.000000
0.209759
0.000000
0.000000
1.376731
0.000000
0.593103
0.000000
1.137958
0.000000
0.256305
0.000000
0.000000
0.000000
1.324127
1.694608
0.590196
0.453244
0.000000
0.000000
0.000000
0.000000
0.407071
0.000000
0.000000
0.000000
0.000000
0.000000
0.000000
0.000000
0.000000
0.000000
0.000000
0.000000
0.000000
0.461525
0.000000
0.000000
0.000000
0.000000
0.000000
0.000000
0.000000
0.907260
0.000000
0.000000
0.000000
0.000000
0.000000
1.558023
0.000000
0.000000
1.630112
0.000000
1.066028
0.000000
0.000000
0.000000
0.000000
0.000000
0.000000
0.000000
0.000000
0.000000
0.000000
0.000000
0.737698
0.110988
1.043425
0.000000
0.000000
0.000000
0.000000
0.000000
0.000000
0.000000
2.073486
0.082445
0.000000
0.000000
0.000000
0.000000
0.000000
0.000000
0.446136
0.000000
0.000000
0.000000
0.000000
0.000000
0.000000
1.855138
0.000000
0.000000
1.416124
0.000000
1.558093
0.000000
0.000000
0.000000
0.000000
0.359742
0.536828
1.694894
0.957575
0.000000
0.000000
0.000000
0.000000
1.447862
0.000000
0.000000
0.000000
0.000000
0.000000
0.000000
0.000000
0.000000
0.000000
0.000000
0.000000
0.000000
0.000000
0.000000
2.174796
0.000000
0.000000
0.000000
0.527212
0.000000
0.000000
0.000000
0.000000
0.758475
0.000000
0.000000
0.000000
0.245095
0.000000
0.000000
0.000000
0.000000
1.245525
0.000000
1.211479
0.000000
0.000000
0.000000
0.000000
0.000000
0.000000
0.000000
0.764787
0.000000
0.000000
0.000000
0.000000
0.000000
1.349691
0.000000
0.000000
0.000000
0.000000
0.000000
0.000000
0.486767
1.780739
0.000000
2.220947
0.000000
1.269047
0.000000
0.000000
0.000000
0.000000
0.000000
0.000000
0.354632
0.000000
0.655201
0.000000
0.215740
0.000000
0.000000
0.000000
1.058189
0.000000
0.000000
0.000000
0.000000
0.000000
0.000000
0.000000
0.336059
0.017186
0.408750
0.000000
0.000000
1.099336
0.000000
0.000000
0.720138
0.000000
0.000000
0.171544
0.081070
0.000000
0.000000
0.000000
0.000000
1.792788
0.000000
1.101279
0.000000
0.804557
0.000000
0.000000
0.000000
0.000000
0.000000
0.000000
0.000000
0.000000
0.000000
0.000000
0.000000
0.000000
1.530981
0.224479
0.000000
0.000000
1.327739
0.000000
0.000000
0.000000
0.000000
0.208144
0.000000
0.781081
0.000000
1.878367
0.000000
1.591469
3.281667
0.000000
1.149410
0.000000
0.000000
0.000000
0.000000
2.057189
0.000000
0.000000
0.000000
0.000000
1.343327
0.000000
0.000000
0.000000
1.446968
0.000000
0.000000
0.359285
0.000000
0.423368
0.000000
0.000000
0.000000
0.000000
1.344695
0.493557
0.000000
0.000000
0.000000
0.000000
0.000000
0.077678
0.000000
0.000000
0.071240
0.000000
0.000000
0.000000
0.000000
0.000000
0.730773
0.000000
0.075044
0.000000
0.244765
0.109862
1.011947
0.000000
0.000000
0.471448
0.000000
0.000000
0.000000
0.000000
0.000000
0.000000
0.000000
0.000000
0.000000
0.000000
0.000000
1.349064
0.000000
0.000000
0.000000
0.000000
0.000000
0.000000
0.170921
0.000000
0.000000
0.000000
0.000000
0.000000
0.000000
0.000000
0.000000
0.000000
0.000000
1.068560
1.279135
0.000000
0.000000
0.000000
0.000000
0.000000
0.000000
0.000000
0.000000
0.525968
0.513436
0.381695
0.000000
0.000000
0.000000
0.000000
0.537152
0.164525
0.000000
0.000000
0.000000
0.000000
0.000000
0.000000
0.000000
1.091320
0.000000
0.000000
0.000000
0.000000
0.000000
0.000000
0.000000
0.000000
0.000000
1.587555
0.000000
0.000000
0.000000
0.000000
0.000000
0.000000
0.000000
0.000000
0.000000
0.000000
0.586849
0.000000
0.000000
0.000000
1.548072
0.000000
0.000000
0.000000
1.910869
0.000000
0.000000
3.596751
1.162095
0.779922
0.000000
0.000000
1.211562
0.000000
0.000000
0.000000
0.000000
0.000000
0.000000
0.000000
0.346746
0.000000
0.000000
0.000000
0.000000
0.000000
1.190436
0.000000
0.000000
0.000000
1.363227
1.661106
0.000000
0.266566
0.432433
0.643936
0.000000
0.000000
0.779138
0.000000
0.000000
0.000000
0.195438
0.000000
1.875572
0.000000
0.000000
0.000000
0.987516
0.000000
0.000000
0.000000
0.000000
1.000322
0.000000
0.000000
0.000000
0.000000
0.000000
0.000000
0.249055
0.505126
1.480232
0.000000
0.000000
0.000000
0.285301
0.000000
0.000000
0.000000
0.000000
0.000000
0.000000
0.000000
1.330945
0.000000
0.618153
0.000000
1.072796
0.000000
0.000000
0.000000
0.000000
0.000000
0.000000
0.796346
0.000000
0.000000
0.000000
0.000000
0.000000
2.805651
0.000000
0.000000
0.000000
0.000000
0.361035
0.000000
0.000000
0.143729
0.447024
0.492810
0.490969
0.000000
0.000000
0.000000
0.000000
0.000000
0.000000
1.656665
0.000000
0.000000
0.392350
0.138901
0.000000
0.000000
0.000000
0.000000
0.000000
0.000000
0.202652
1.781863
0.000000
1.205939
0.000000
0.000000
0.000000
1.651148
0.000000
0.000000
0.607501
0.000000
2.446399
0.581542
0.000000
0.000000
0.000000
0.000000
0.978343
0.234026
0.000000
0.000000
0.483578
0.000000
2.386830
0.000000
0.000000
0.000000
0.000000
0.000000
0.000000
0.000000
1.801969
0.000000
0.084581
0.000000
0.000000
0.000000
0.926101
0.000000
0.000000
0.000000
0.000000
0.000000
0.000000
0.000000
0.000000
0.000000
0.000000
0.000000
1.468120
0.000000
0.000000
0.000000
0.000000
0.000000
0.000000
0.212125
2.463032
0.237641
0.000000
0.000000
0.000000
0.000000
0.000000
0.000000
0.000000
0.107215
0.000000
0.000000
0.000000
0.768066
0.000000
0.000000
0.000000
2.159332
0.000000
0.000000
0.000000
0.583339
0.000000
0.532943
0.000000
0.000000
2.091531
0.000000
1.217313
0.000000
0.000000
0.000000
0.000000
0.617897
3.051388
0.000000
1.605126
0.000000
0.000000
2.081692
0.000000
0.000000
0.000000
0.000000
0.000000
0.000000
0.000000
0.000000
0.709606
0.000000
0.000000
0.000000
0.000000
0.000000
0.000000
0.000000
0.000000
0.000000
0.000000
0.769166
0.000000
0.000000
0.000000
0.000000
0.000000
0.000000
0.000000
0.000000
0.000000
0.000000
0.000000
0.000000
2.032685
0.000000
0.000000
1.195486
0.000000
0.000000
0.000000
0.000000
0.000000
0.000000
0.000000
0.000000
0.242989
1.819678
0.550713
0.000000
0.000000
0.046761
0.000000
0.000000
0.000000
0.000000
0.000000
0.000000
1.082798
0.000000
0.000000
0.000000
1.119614
0.000000
0.000000
0.000000
0.000000
0.000000
0.000000
0.000000
0.000000
0.000000
0.011198
0.000000
0.000000
0.000000
0.998366
0.000000
0.000000
1.782382
0.816046
0.000000
0.000000
0.000000
0.000000
0.000000
0.000000
0.000000
1.936470
2.845038
0.000000
1.165148
0.000000
0.000000
1.680708
1.334370
0.000000
0.748640
0.000000
0.000000
0.000000
1.952913
0.000000
0.000000
0.297504
0.000000
0.000000
0.000000
2.076897
0.000000
0.000000
0.383224
0.000000
0.000000
0.000000
0.000000
0.000000
0.000000
0.000000
0.000000
0.000000
0.000000
1.450839
0.000000
2.903498
0.000000
0.000000
0.000000
0.000000
0.000000
0.000000
0.000000
0.829015
0.000000
0.835348
0.000000
0.000000
0.000000
0.000000
0.000000
0.000000
0.000000
1.695962
0.000000
0.000000
0.000000
0.000000
0.000000
0.000000
0.232234
0.000000
1.115303
0.000000
0.000000
0.000000
1.499816
0.000000
0.000000
0.000000
0.000000
2.688893
0.603790
0.000000
0.000000
0.000000
0.000000
0.000000
0.000000
0.000000
2.924851
0.000000
0.000000
0.000000
0.748110
0.610005
0.000000
0.000000
0.000000
0.000000
0.512616
0.664232
0.000000
0.000000
0.000000
0.000000
0.000000
1.594893
0.000000
0.000000
0.000000
0.000000
2.787296
0.000000
1.451117
0.000000
0.000000
0.000000
0.000000
0.000000
0.000000
0.000000
0.000000
0.000000
0.000000
0.000000
0.000000
0.000000
0.000000
2.452698
0.000000
0.000000
0.000000
0.000000
0.000000
0.000000
0.000000
0.000000
0.000000
0.000000
0.000000
0.000000
0.113756
0.000000
0.000000
0.000000
0.070179
0.000000
0.000000
0.000000
0.000000
2.773023
0.000000
0.000000
0.000000
0.000000
0.000000
0.000000
0.000000
0.000000
0.000000
0.000000
0.000000
1.806948
0.000000
0.000000
0.000000
0.000000
0.000000
0.000000
0.000000
0.000000
0.000000
0.000000
0.657108
0.069242
0.000000
0.000000
0.000000
0.782000
0.632972
0.000000
0.000000
0.000000
0.000000
0.000000
0.000000
0.000000
0.000000
0.000000
0.000000
0.000000
1.802288
0.918305
0.000000
0.000000
0.000000
1.006016
0.038938
0.000000
0.000000
0.000000
0.000000
0.000000
0.000000
1.996704
0.000000
0.000000
0.000000
0.000000
0.000000
0.000000
0.000000
2.118327
0.059099
0.000000
1.166771
0.000000
0.000000
1.532302
0.000000
0.000000
0.000000
0.000000
0.000000
2.166063
0.488398
0.000000
0.000000
0.223277
0.000000
0.000000
0.000000
0.000000
1.383628
0.000000
0.000000
1.143380
0.000000
0.000000
0.000000
0.000000
0.000000
1.053076
0.000000
0.961192
0.000000
0.000000
0.000000
0.089373
1.546326
0.000000
0.000000
0.000000
2.517352
0.000000
1.163108
0.719475
0.757868
0.000000
0.000000
1.392587
0.000000
0.000000
1.355683
0.000000
0.000000
0.000000
0.000000
0.121429
1.402233
0.719899
0.000000
0.000000
0.064489
0.000000
1.269241
0.000000
0.029361
0.000000
0.000000
0.000000
1.249885
0.000000
0.368872
0.000000
2.615931
0.000000
0.222411
0.000000
0.000000
0.000000
0.000000
0.000000
0.000000
0.000000
1.632899
0.000000
0.000000
1.192092
0.000000
0.000000
0.000000
0.000000
0.000000
0.000000
0.782128
0.912174
2.493712
0.000000
0.000000
0.000000
0.000000
0.000000
0.000000
0.000000
0.000000
0.532680
0.000000
0.000000
0.000000
0.000000
0.000000
0.000000
0.000000
1.332421
0.000000
0.000000
0.000000
0.000000
0.000000
0.000000
0.000000
0.000000
0.000000
0.165589
0.522868
0.000000
1.683378
0.000000
0.000000
0.000000
0.199865
0.000000
0.000000
0.000000
0.000000
0.788236
0.000000
0.000000
1.187556
1.118933
0.000000
0.000000
0.000000
0.000000
0.000000
0.000000
0.000000
0.000000
0.000000
0.000000
0.000000
0.000000
0.000000
0.000000
0.000000
0.000000
0.000000
0.000000
0.000000
2.197643
0.000000
0.000000
0.000000
0.000000
2.119058
0.000000
0.000000
0.000000
0.000000
0.000000
3.440126
0.000000
0.000000
0.316925
0.000000
0.000000
2.442655
0.000000
0.000000
0.000000
0.000000
0.000000
0.000000
0.000000
0.554530
0.494286
0.000000
0.000000
0.000000
0.000000
0.000000
0.000000
0.000000
0.000000
0.728940
0.000000
0.000000
0.000000
0.000000
0.000000
0.626751
0.000000
0.000000
0.000000
0.888099
1.172216
0.000000
0.000000
0.000000
0.000000
0.937891
0.000000
0.000000
0.000000
0.000000
0.000000
0.000000
0.000000
0.541333
0.000000
0.000000
0.000000
0.000000
0.000000
0.296427
0.000000
0.000000
0.619076
0.000000
0.140690
0.000000
0.000000
1.874283
0.000000
0.000000
0.000000
0.000000
0.000000
0.000000
0.305313
0.000000
0.000000
0.000000
0.000000
0.000000
0.566256
0.130252
1.246935
0.000000
0.000000
0.000000
1.343400
0.450543
0.000000
0.000000
0.467380
0.000000
0.000000
0.000000
0.000000
0.606385
1.101647
1.143771
0.000000
0.000000
0.000000
0.000000
0.000000
0.616867
0.000000
0.000000
0.000000
0.000000
0.985644
0.621257
0.000000
0.958517
0.000000
0.276118
0.000000
0.000000
0.000000
0.000000
0.000000
2.992065
0.000000
0.000000
0.000000
0.682124
2.678225
0.000000
0.000000
0.000000
0.000000
0.000000
0.386490
0.000000
0.528693
0.000000
0.000000
0.518390
0.000000
1.859238
0.000000
0.000000
0.000000
0.000000
0.000000
0.000000
0.111443
2.304021
0.000000
0.000000
0.013145
1.373327
0.000000
0.000000
0.000000
0.000000
0.299630
0.000000
0.000000
0.000000
0.000000
0.000000
0.000000
0.000000
0.000000
0.000000
0.000000
0.000000
0.000000
0.000000
0.000000
0.000000
1.741599
0.000000
0.000000
0.000000
0.000000
0.000000
0.000000
0.000000
0.000000
0.000000
0.000000
0.000000
0.000000
0.000000
0.165507
0.000000
0.000000
0.000000
0.000000
0.084563
0.000000
0.000000
0.000000
0.000000
0.000000
0.342218
1.826709
0.000000
2.795523
0.000000
0.000000
0.500809
0.147940
0.000000
0.000000
0.058295
0.000000
1.365826
0.000000
0.286551
0.000000
0.000000
1.073227
0.000000
0.000000
0.000000
0.000000
1.587002
0.000000
0.000000
0.000000
0.000000
0.000000
0.197014
0.000000
0.000000
0.000000
0.000000
0.000000
0.000000
0.000000
0.000000
0.000000
0.000000
0.000000
0.000000
0.000000
0.875445
0.000000
0.000000
0.000000
0.000000
0.119333
0.000000
0.000000
1.391457
2.315183
0.841590
1.676178
1.336789
0.000000
0.000000
0.000000
0.000000
0.000000
0.000000
0.790197
0.000000
0.000000
0.000000
0.000000
0.000000
0.000000
0.267831
0.000000
0.000000
0.000000
0.000000
0.000000
0.000000
0.237421
0.000000
0.000000
0.000000
0.000000
0.000000
0.000000
0.000000
1.528918
0.000000
0.000000
0.000000
0.000000
0.000000
0.000000
0.000000
0.000000
0.000000
0.000000
0.000000
0.000000
0.000000
0.963779
0.000000
0.000000
0.000000
1.832517
0.755628
0.609609
0.012694
0.000000
0.000000
0.483490
0.000000
0.545103
0.000000
0.000000
0.000000
1.775608
1.978452
0.000000
0.000000
0.000000
0.000000
0.000000
0.888689
0.000000
0.000000
0.000000
0.000000
0.000000
0.711359
0.000000
2.149601
0.000000
0.000000
0.000000
0.000000
0.000000
0.000000
0.000000
0.000000
0.000000
0.000000
0.217156
1.867003
0.000000
0.000000
1.560989
0.943280
0.000000
0.000000
0.000000
0.000000
0.000000
0.000000
0.160389
0.000000
0.368109
0.000000
0.192046
0.000000
1.808693
0.000000
0.282187
0.191783
0.000000
0.000000
3.723648
0.000000
0.000000
0.000000
0.000000
0.000000
0.735922
0.000000
1.614960
0.000000
0.000000
0.000000
0.000000
0.000000
0.000000
0.000000
0.000000
0.000000
0.000000
0.000000
0.000000
0.593243
0.000000
0.000000
0.000000
0.000000
0.000000
0.000000
0.000000
0.000000
0.000000
0.000000
0.000000
0.000000
0.429754
0.000000
0.254313
0.000000
0.000000
0.000000
0.000000
0.636963
0.000000
0.000000
0.000000
0.000000
0.000000
0.000000
0.000000
0.000000
0.000000
0.049897
0.000000
0.000000
0.000000
0.251281
0.934644
0.000000
0.000000
0.000000
0.000000
0.000000
0.000000
1.401742
0.000000
0.805788
0.000000
0.000000
0.000000
0.000000
0.848334
0.000000
0.000000
0.000000
3.413298
0.000000
0.000000
1.000521
0.000000
0.507182
1.920189
0.000000
0.000000
0.782334
0.600069
0.000000
0.000000
0.000000
0.000000
0.000000
0.000000
0.000000
0.734419
0.000000
0.975642
0.000000
0.399066
0.000000
0.103882
0.000000
0.000000
0.000000
0.000000
0.000000
0.000000
0.000000
0.000000
0.799886
0.000000
0.000000
0.000000
0.901987
0.000000
0.000000
0.000000
0.000000
0.572698
0.000000
0.000000
0.030882
0.000000
0.000000
0.000000
0.000000
0.000000
0.000000
0.000000
3.389415
0.000000
1.112768
0.000000
0.000000
0.000000
0.000000
0.709083
0.945538
0.000000
0.000000
0.000000
0.753093
2.769494
1.757689
0.000000
0.356114
2.651931
0.000000
2.011776
0.969128
0.000000
0.000000
0.000000
0.000000
0.000000
0.000000
0.000000
0.000000
0.000000
0.000000
0.000000
0.744637
0.000000
0.000000
0.000000
0.000000
0.000000
0.000000
0.000000
0.000000
0.000000
0.000000
0.000000
0.000000
0.000000
0.000000
0.000000
0.000000
0.000000
0.000000
0.828643
0.000000
1.120994
0.000000
0.000000
0.000000
0.000000
0.716600
0.000000
0.098554
0.239819
0.000000
0.000000
0.000000
0.659612
0.000000
0.000000
0.000000
0.000000
0.000000
1.112162
1.056497
0.000000
0.583394
0.118946
0.000000
0.000000
0.000000
0.000000
0.000000
0.000000
0.264767
1.378549
0.000000
0.000000
0.920313
0.000000
0.000000
0.000000
0.000000
0.000000
0.000000
0.225283
0.000000
0.000000
0.000000
0.883830
0.000000
0.160687
0.043060
0.000000
0.000000
0.000000
0.000000
0.000000
0.000000
0.000000
1.769824
0.000000
0.000000
2.120146
0.000000
0.000000
0.000000
0.000000
0.000000
0.000000
0.000000
0.000000
0.000000
0.000000
0.321464
0.000000
0.000000
0.000000
1.376712
0.941601
0.000000
0.000000
0.000000
