0.000000
0.000000
0.000000
0.000000
0.000000
0.000000
0.000000
0.000000
0.080582
1.552161
0.000000
0.050573
1.505563
0.240043
0.000000
0.000000
0.000000
2.943534
0.000000
0.000000
0.000000
0.000000
0.000000
0.872933
1.808293
0.000000
0.000000
0.000000
0.000000
0.000000
0.000000
0.000000
0.000000
0.036403
2.265803
0.000000
0.000000
0.000000
0.000000
0.000000
0.000000
0.000000
0.000000
0.000000
0.000000
0.000000
0.000000
0.348675
0.000000
0.000000
0.995880
0.000000
0.000000
0.000000
0.000000
0.000000
0.498995
0.000000
0.000000
0.000000
0.000000
3.005249
0.000000
0.353682
1.591951
0.000000
0.000000
0.000000
0.000000
0.000000
0.000000
0.000000
0.446310
0.000000
0.000000
0.000000
0.000000
0.000000
0.000000
0.398059
0.492514
0.000000
0.000000
0.000000
0.070039
0.000000
0.000000
0.000000
0.000000
0.000000
0.000000
0.000000
0.000000
0.000000
0.000000
0.000000
0.000000
0.000000
0.384992
0.000000
0.000000
0.945065
0.000000
0.000000
0.000000
0.000000
0.000000
0.000000
0.003949
0.000000
0.000000
0.000000
0.000000
0.000000
0.000000
0.000000
0.000000
0.000000
0.000000
0.000000
0.000000
0.000000
0.000000
0.109653
0.000000
0.000000
0.000000
0.000000
0.000000
0.000000
0.000000
0.000000
0.000000
0.000000
0.000000
0.000000
0.000000
0.000000
0.000000
0.000000
0.000000
0.000000
0.307409
0.000000
0.000000
0.000000
0.000000
0.000000
0.000000
0.000000
0.000000
1.477252
0.000000
0.000000
3.184383
0.759087
0.000000
0.000000
0.000000
0.000000
0.000000
0.000000
0.000000
0.000000
2.161502
0.464706
0.000000
0.000000
0.000000
0.000000
0.000000
0.000000
0.271098
0.000000
0.000000
0.000000
0.000000
0.000000
0.360248
0.000000
0.000000
0.000000
0.000000
0.000000
0.000000
0.000000
0.000000
0.000000
0.000000
0.000000
0.000000
0.000000
0.000000
1.589018
0.000000
0.000000
0.085959
0.000000
1.404695
0.000000
0.000000
0.000000
0.000000
0.000000
0.000000
0.000000
0.000000
0.000000
0.000000
0.000000
0.237944
0.000000
0.000000
0.000000
0.000000
0.000000
0.000000
0.000000
2.333843
0.000000
0.000000
0.000000
0.000000
0.000000
0.134618
0.000000
0.000000
0.000000
0.000000
0.000000
0.000000
2.868205
0.000000
0.000000
0.000000
0.000000
0.000000
0.000000
0.000000
0.362808
0.000000
0.000000
0.000000
0.000000
0.147612
0.000000
0.000000
0.000000
0.000000
0.000000
1.848087
0.000000
0.000000
0.375004
0.000000
0.265640
0.000000
0.000000
0.000000
0.011436
0.000000
0.000000
0.000000
0.000000
0.000000
0.000000
0.000000
0.000000
0.000000
0.651623
0.000000
0.000000
0.000000
0.000000
0.000000
0.000000
0.000000
0.000000
0.000000
0.000000
0.000000
0.000000
1.622481
0.310423
0.000000
0.000000
0.000000
0.000000
0.000000
0.931692
0.000000
0.570587
0.000000
0.501797
0.000000
0.000000
0.000000
0.322620
0.000000
0.201763
0.000000
0.000000
0.000000
0.000000
0.000000
0.000000
0.000000
0.626390
0.000000
0.000000
0.000000
0.000000
0.000000
1.745521
0.000000
0.000000
0.000000
0.000000
2.156136
0.000000
0.000000
0.000000
0.000000
0.000000
0.000000
0.000000
2.736711
0.000000
0.472460
0.000000
0.000000
0.000000
0.000000
0.000000
0.000000
0.000000
0.000000
0.000000
0.000000
0.000000
0.000000
0.000000
0.000000
0.000000
0.000000
0.000000
0.000000
0.000000
0.000000
0.000000
0.000000
0.000000
0.000000
0.000000
0.000000
0.477867
0.000000
0.000000
3.099995
0.000000
0.000000
0.000000
0.928291
0.000000
1.681319
0.000000
0.000000
0.065892
0.000000
0.000000
0.000000
3.076460
0.000000
0.000000
0.684076
0.000000
0.000000
0.000000
0.000000
0.000000
0.000000
0.000000
0.000000
2.154656
0.000000
0.000000
0.000000
0.000000
0.000000
1.381322
0.000000
0.000000
0.000000
3.013309
0.000000
0.000000
0.000000
2.939435
0.000000
0.000000
0.000000
0.405617
0.000000
0.000000
0.000000
0.000000
0.000000
0.000000
0.000000
0.764642
0.000000
0.000000
0.000000
0.519845
0.000000
0.000000
0.000000
0.000000
0.000000
0.000000
0.000000
2.783409
0.000000
0.000000
0.000000
0.520472
0.000000
0.103504
0.000000
0.000000
0.000000
0.550709
0.000000
0.000000
0.927412
0.000000
0.000000
0.000000
0.000000
0.000000
0.000000
0.000000
1.978957
0.935017
0.010809
0.000000
0.000000
0.839300
0.000000
0.000000
0.000000
0.000000
1.326010
0.000000
0.000000
0.054213
1.692513
0.000000
0.448982
0.000000
0.000000
0.000000
0.000000
0.000000
1.777973
1.099475
0.000000
0.000000
1.138535
0.000000
0.000000
0.000000
0.566673
0.000000
0.000000
0.000000
0.000000
0.000000
0.000000
0.000000
0.000000
0.000000
0.000000
0.000000
0.000000
0.000000
1.112721
0.000000
0.000000
1.261741
0.000000
0.000000
0.000000
0.000000
0.103583
0.000000
0.045314
0.000000
0.000000
0.000000
0.000000
0.000000
3.499246
0.000000
0.000000
0.000000
0.000000
0.000000
0.000000
0.000000
0.000000
3.805617
0.000000
0.000000
0.000000
2.748029
0.000000
0.000000
0.723699
0.000000
0.218491
2.027540
0.100538
0.000000
0.000000
0.000000
0.000000
0.000000
0.000000
0.000000
0.489189
0.000000
0.000000
0.000000
0.000000
0.437675
0.000000
0.000000
0.000000
0.000000
0.000000
0.000000
0.172449
0.000000
0.000000
0.000000
0.000000
0.212277
0.000000
0.000000
1.840674
0.410322
0.000000
0.000000
0.000000
0.000000
0.000000
0.000000
0.000000
0.000000
0.000000
0.424311
0.000000
0.430821
0.000000
0.000000
0.000000
0.000000
0.000000
1.299407
0.000000
0.000000
0.000000
0.000000
0.000000
0.027364
0.023597
0.000000
0.000000
0.000000
0.000000
0.000000
0.000000
0.000000
0.000000
0.000000
0.000000
0.000000
0.661875
0.000000
0.000000
0.000000
0.000000
1.040836
0.000000
0.000000
0.000000
0.000000
1.722875
0.000000
0.000000
0.000000
0.941585
0.000000
0.000000
0.000000
0.000000
0.492385
0.353245
0.000000
0.000000
0.000000
0.000000
0.295058
0.595230
0.000000
0.000000
0.000000
0.000000
0.000000
0.000000
0.000000
1.390490
0.851356
0.000000
0.000000
0.000000
0.000000
0.000000
0.000000
1.900423
0.000000
0.815867
0.000000
0.000000
0.000000
0.000000
0.000000
0.000000
0.000000
0.251992
0.000000
0.000000
0.000000
0.000000
0.000000
0.000000
0.309905
0.000000
0.000000
0.000000
0.000000
0.000000
0.000000
0.291705
0.320191
0.000000
0.000000
0.000000
2.451798
0.000000
0.000000
0.000000
0.000000
0.000000
0.000000
0.000000
0.000000
0.000000
1.171150
0.000000
0.000000
0.000000
0.000000
0.000000
0.000000
0.000000
0.000000
0.000000
0.000000
0.000000
0.444156
0.000000
0.000000
0.000000
0.356750
0.000000
0.000000
0.000000
0.000000
0.938530
3.606611
0.000000
0.000000
0.000000
0.000000
0.000000
0.000000
0.000000
0.000000
0.000000
0.000000
0.480695
0.121139
0.000000
0.000000
0.000000
0.025806
0.858052
0.000000
0.000000
0.000000
0.000000
0.000000
0.000000
0.000000
0.000000
0.000000
3.844762
0.000000
0.000000
0.000000
0.000000
0.000000
0.000000
0.000000
0.000000
0.570443
0.000000
0.000000
0.000000
0.000000
0.000000
0.414326
0.000000
0.000000
0.000000
0.000000
1.403932
0.000000
0.000000
0.000000
0.000000
2.993950
1.232682
0.000000
0.000000
0.000000
0.142042
0.000000
0.000000
0.000000
0.000000
0.000000
0.000000
0.000000
0.000000
0.000000
0.000000
0.000000
0.000000
0.000000
0.000000
0.000000
0.000000
0.000000
1.111582
0.000000
2.257146
0.396494
0.000000
0.000000
3.254612
0.000000
0.000000
0.000000
0.000000
0.000000
0.000000
0.888165
0.000000
0.000000
0.332241
0.000000
0.000000
0.000000
0.000000
0.000000
0.000000
0.000000
0.387895
0.000000
0.000000
0.000000
0.000000
0.000000
0.000000
0.000000
0.000000
1.647305
0.000000
0.000000
0.000000
0.000000
0.000000
3.929079
0.000000
0.000000
0.000000
1.967068
0.000000
0.000000
0.000000
0.000000
2.469986
1.898403
0.000000
0.000000
0.000000
1.664075
0.000000
0.000000
0.000000
0.000000
0.000000
0.000000
0.000000
0.000000
0.000000
0.000000
0.000000
0.000000
0.000000
0.000000
0.000000
0.000000
0.000000
0.000000
0.000000
0.000000
1.303326
0.699433
0.000000
0.000000
3.394351
0.000000
0.000000
0.000000
0.190104
0.000000
0.000000
0.000000
0.000000
0.338790
0.000000
0.000000
3.102382
0.806988
0.000000
0.000000
0.000000
0.000000
0.000000
0.134942
0.000000
0.000000
0.860611
1.148856
0.000000
0.998245
0.000000
0.000000
0.000000
0.000000
0.000000
0.000000
0.000000
0.000000
0.000000
0.000000
0.413819
0.005804
0.478551
4.321912
0.000000
0.000000
1.158812
1.156754
0.000000
0.000000
0.000000
1.882211
0.000000
0.310771
0.000000
1.149070
0.000000
0.000000
0.000000
0.447437
0.000000
1.140855
0.000000
0.000000
0.000000
0.000000
1.272444
0.000000
0.435534
0.000000
0.211001
0.000000
0.000000
0.000000
0.000000
0.000000
2.342029
0.861950
0.663183
0.000000
0.597072
2.192898
0.000000
0.000000
0.000000
0.000000
0.000000
0.000000
0.000000
0.000000
0.000000
0.000000
0.000000
0.820509
0.000000
1.992015
1.611586
0.000000
0.000000
1.903469
0.000000
0.000000
0.334753
0.000000
0.000000
0.000000
0.000000
0.000000
0.000505
0.000000
0.000000
0.000000
0.000000
0.000000
0.000000
0.000000
0.000000
0.000000
0.000000
0.000000
0.000000
0.000000
0.000000
0.000000
0.000000
0.719819
0.000000
0.000000
2.539823
0.000000
0.000000
0.000000
0.000000
1.093124
0.000000
0.368866
0.000000
1.542190
0.000000
0.000000
0.000000
0.000000
0.000000
0.000000
0.000000
0.000000
0.000000
0.000000
0.000000
0.000000
1.806262
1.152438
1.915206
0.000000
0.000000
0.000000
0.000000
0.254863
0.000000
2.419324
1.564007
2.057441
0.000000
0.000000
0.000000
0.000000
0.000000
0.000000
0.000000
0.000000
0.491726
0.000000
0.000000
0.465740
1.291233
0.000000
0.000000
0.000000
0.000000
0.000000
0.000000
0.000000
0.000000
1.386328
0.000000
0.000000
0.000000
0.000000
0.000000
0.000000
0.000000
0.632987
1.477292
0.000000
0.000000
0.202461
0.000000
0.000000
0.000000
0.000000
0.000000
0.000000
0.000000
0.000000
0.000000
0.000000
0.000000
0.000000
0.000000
0.000000
0.000000
0.000000
0.000000
3.925123
0.000000
0.000000
0.000000
0.000000
0.000000
0.000000
0.000000
0.000000
0.000000
0.000000
0.000000
0.771754
1.291994
0.000000
0.000000
1.272078
0.287287
0.000000
0.136024
0.175934
0.000000
0.000000
0.000000
0.498049
0.217036
1.075295
0.000000
0.000000
1.384466
0.000000
0.000000
0.530817
0.000000
0.020657
0.000000
1.576481
0.000000
0.000000
0.640390
0.000000
0.000000
0.000000
0.000000
0.000000
0.000000
0.000000
0.000000
0.247425
0.000000
0.000000
0.000000
0.000000
0.000000
0.000000
0.110932
0.000000
0.000000
0.000000
0.000000
0.000000
0.000000
0.000000
0.000000
0.000000
1.129208
0.653195
0.000000
0.000000
0.000000
1.340490
0.000000
0.000000
0.000000
0.000000
0.000000
0.000000
0.000000
0.828609
0.000000
0.000000
0.000000
0.000000
2.085576
0.000000
0.483363
0.000000
0.000000
0.000000
0.000000
0.000000
0.000000
0.000000
0.801329
0.000000
0.000000
1.629651
0.000000
0.000000
0.000000
0.000000
0.700583
0.000000
0.000000
0.000000
0.000000
0.000000
1.219635
0.000000
0.000000
0.000000
0.000000
0.000000
0.000000
0.000000
0.463581
0.000000
0.000000
0.000000
0.000000
0.000000
0.000000
0.000000
0.000000
0.000000
0.000000
0.145179
0.000000
0.000000
0.309052
0.000000
0.000000
0.000000
0.000000
0.000000
0.554033
0.000000
0.889414
0.000000
0.000000
0.000000
0.000000
0.000000
0.000000
0.000000
0.000000
0.000000
0.000000
0.000000
0.000000
3.513568
0.000000
0.000000
0.000000
0.000000
0.000000
0.000000
0.390540
0.363695
0.000000
0.102109
0.000000
0.000000
0.000000
0.000000
0.000000
0.000000
0.290386
0.000000
0.000000
0.000000
0.000000
0.000000
0.000000
0.000000
0.000000
0.000000
0.000000
0.000000
0.000000
0.000000
0.000000
0.000000
2.343969
0.000000
0.000000
0.000000
0.000000
0.039866
0.000000
0.000000
1.945806
0.647005
0.000000
0.000000
0.000000
0.000000
0.000000
0.000000
0.000000
0.000000
0.014639
0.000000
0.000000
0.000000
0.000000
0.000000
0.000000
0.000000
0.000000
0.000000
0.000000
0.000000
1.395690
0.000000
0.000000
2.644926
0.000000
0.000000
0.000000
0.000000
0.000000
0.000000
0.000000
0.000000
0.000000
0.962661
0.000000
0.000000
0.000000
0.000000
0.000000
0.000000
0.000000
2.146345
0.000000
1.206844
1.404075
0.000000
0.000000
0.000000
0.000000
0.435097
0.000000
0.021151
0.000000
0.000000
0.000000
0.000000
0.000000
0.000000
0.000000
0.000000
0.000000
0.000000
0.060420
0.000000
0.265795
0.569888
0.718568
0.894876
0.000000
0.596210
0.000000
0.000000
0.000000
0.000000
0.000000
0.000000
0.000000
0.000000
0.241248
0.000000
0.000000
0.000000
0.000000
0.000000
0.000000
1.090500
0.000000
0.103897
0.032670
0.000000
0.000000
0.000000
0.000000
0.287674
0.000000
0.000000
0.000000
0.000000
0.000000
0.000000
0.000000
0.000000
0.000000
0.100297
0.000000
0.000000
0.000000
0.000000
0.000000
0.603532
0.000000
0.000000
0.000000
1.070708
0.000000
0.000000
0.000000
0.000000
0.224074
0.000000
0.000000
0.000000
0.000000
1.422874
0.000000
0.550710
0.000000
0.000000
0.000000
0.000000
0.244136
0.000000
1.792123
0.000000
0.000000
0.000000
0.000000
0.000000
0.263404
0.758833
0.000000
0.000000
0.000000
0.000000
0.309421
0.270187
0.000000
0.000000
0.000000
0.000000
0.000000
0.627934
1.085210
0.000000
0.000000
0.000000
0.000000
0.000000
0.000000
0.000000
0.000000
0.722404
0.233479
0.000000
0.000000
0.000000
0.276420
0.000000
1.835231
0.000000
0.000000
0.000000
2.024193
0.615739
1.679235
0.000000
0.000000
0.000000
0.000000
0.000000
0.000000
1.281733
0.000000
1.067747
0.000000
0.000000
0.000000
0.000000
2.041335
0.000000
0.367285
0.000000
1.152708
0.102324
0.000000
0.000000
0.000000
0.000000
1.407045
0.000000
0.000000
0.000000
0.000000
0.760403
1.260953
0.000000
0.000000
0.000000
0.000000
0.000000
0.000000
0.000000
0.000000
0.000000
0.000000
0.000000
0.000000
0.000000
0.000000
0.000000
0.369357
0.000000
0.000000
0.000000
0.000000
0.000000
0.000000
0.000000
0.000000
0.000000
1.009910
0.000000
0.000000
0.000000
0.000000
0.000000
0.050445
0.000000
0.841629
0.000000
0.000000
0.000000
0.000000
0.000000
0.021770
0.000000
0.000000
0.410680
0.000000
0.000000
0.014927
0.000000
0.998675
0.000000
0.000000
0.000000
0.000000
0.000000
0.000000
0.000000
0.000000
0.000000
2.214124
0.000000
0.000000
0.263978
0.812956
0.000000
0.000000
0.000000
0.555710
1.727185
0.000000
0.000000
0.744281
0.000000
0.000000
0.000000
0.000000
0.000000
0.000000
0.000000
0.000000
0.000000
0.000000
0.000000
0.000000
0.196225
0.000000
0.000000
0.000000
0.651922
0.000000
0.000000
0.000000
0.096332
0.000000
0.661676
0.000000
0.000000
0.000000
0.000000
0.846264
0.877169
0.000000
0.000000
0.000000
2.035711
0.000000
0.192629
0.567396
0.000000
0.000000
0.000000
0.000000
0.000000
2.031323
0.000000
0.000000
0.000000
0.531782
1.708084
0.000000
2.853965
0.402963
0.219728
0.000000
0.000000
0.000000
0.000000
0.739631
0.000000
0.000000
0.000000
0.234516
0.000000
0.000000
0.000000
0.000000
0.000000
0.000000
0.000000
0.388772
0.000000
0.000000
0.000000
0.000000
0.000000
0.000000
0.000000
0.000000
0.000000
0.000000
0.000000
0.000000
0.000000
0.000000
0.000000
0.000000
0.000000
0.000000
0.000000
0.000000
0.000000
0.000000
0.000000
1.175226
0.000000
0.000000
0.000000
0.000000
0.000000
0.000000
0.000000
0.000000
0.000000
0.000000
0.000000
0.823182
0.000000
0.000000
0.000000
0.000000
0.255468
0.000000
0.000000
0.000000
4.224048
0.000000
0.000000
0.339554
2.153355
0.000000
0.000000
0.000000
0.000000
0.406121
0.000000
0.000000
0.000000
0.000000
0.000000
0.000000
0.000000
0.471527
0.000000
0.000000
0.000000
0.000000
3.122105
0.000000
0.000000
0.000000
0.000000
0.000000
0.000000
0.000000
0.000000
0.000000
1.198068
0.000000
0.000000
0.000000
0.000000
0.000000
0.000000
2.192161
0.000000
0.000000
0.140987
0.000000
2.651645
0.000000
0.000000
0.000000
0.000000
0.000000
0.000000
1.021735
0.454208
0.000000
0.000000
1.010985
0.000000
0.000000
0.000000
1.553763
0.000000
0.324474
0.000000
0.000000
0.000000
1.430436
0.000000
0.000000
2.362638
0.000000
0.000000
0.207806
0.000000
0.000000
0.000000
0.000000
0.000000
0.000000
0.000000
0.000000
0.524530
0.000000
0.170619
0.950133
1.704233
0.000000
0.000000
0.000000
0.000000
0.000000
2.369118
0.000000
0.000000
1.570671
0.000000
1.317548
0.000000
0.000000
0.000000
0.000000
0.986089
0.000000
0.000000
0.000000
0.000000
0.000000
0.000000
0.000000
0.000000
0.000000
0.000000
1.060779
0.210459
0.131887
0.000000
0.257053
0.000000
0.117886
0.000000
3.022172
0.000000
0.000000
0.000000
0.000000
0.000000
0.067307
0.000000
0.000000
0.160493
0.000000
0.000000
0.000000
0.000000
0.000000
0.973967
0.000000
3.200210
0.000000
0.000000
0.000000
0.000000
0.000000
0.000000
0.000000
0.000000
1.751442
0.000000
0.000000
1.135514
0.000000
0.000000
1.745833
0.000000
0.000000
0.000000
0.000000
1.203876
0.000000
0.000000
0.000000
0.000000
0.904604
0.320827
0.000000
1.107410
0.000000
0.000000
0.000000
0.000000
0.301934
0.704634
0.000000
0.000000
0.000000
1.200395
0.000000
0.000000
1.579658
0.405491
1.918699
0.000000
0.000000
0.000000
0.468069
0.000000
0.000000
0.000000
0.359506
0.000000
0.061628
0.000000
0.000000
0.401147
1.520452
0.000000
0.000000
0.000000
0.000000
0.000000
0.000000
0.000000
0.000000
0.000000
0.000000
0.000000
0.418265
0.000000
0.000000
0.000000
1.284159
1.529922
0.000000
0.000000
0.000000
0.000000
0.000000
0.000000
0.000000
0.998378
0.000000
0.000000
0.000000
0.287506
0.000000
0.000000
0.000000
2.147970
0.000000
1.473443
0.000000
0.000000
0.000000
0.000000
0.000000
0.000000
0.000000
0.000000
0.000000
0.000000
0.000000
0.000000
0.632340
0.000000
0.000000
0.000000
0.000000
0.000000
0.000000
0.000000
0.000000
0.000000
0.000000
0.000000
0.000000
0.000000
0.000000
0.235499
0.000000
0.000000
0.000000
0.000000
0.000000
0.000000
0.000000
0.000000
2.180716
0.000000
0.000000
0.000000
0.000000
0.000000
0.000000
0.874478
0.000000
0.000000
0.000000
0.139113
0.000000
0.000000
2.547472
0.000000
0.730717
2.156773
0.178899
0.000000
0.000000
0.000000
0.000000
0.000000
0.519397
0.000000
0.399180
0.000000
0.603335
0.781289
0.000000
0.000000
0.000000
3.642779
1.515489
1.788330
0.000000
0.000000
0.000000
0.000000
0.000000
4.190804
0.000000
0.000000
0.000000
0.000000
0.594640
0.000000
0.000000
1.274992
0.000000
0.000000
0.000000
0.000000
0.000000
0.000000
0.000000
0.000000
0.000000
0.000000
0.000000
0.155347
1.983890
0.688161
0.032414
0.000000
0.182305
1.278785
0.000000
0.000000
0.000000
0.000000
0.000000
0.000000
0.000000
0.000000
0.000000
0.000000
0.000000
0.000000
0.000000
0.000000
0.000000
0.000000
0.000000
1.282050
0.000000
0.000000
0.917075
1.217819
0.000000
2.026451
0.000000
0.000000
0.000000
0.000000
0.000000
0.000000
0.000000
0.000000
0.794683
0.275486
0.000000
0.000000
1.177265
1.201580
0.759278
0.000000
0.000000
0.000000
0.000000
0.000000
0.000000
0.000000
0.000000
0.000000
0.000000
0.143150
0.000000
2.220890
0.000000
0.000000
0.000000
0.000000
0.000000
0.000000
0.000000
0.000000
1.062556
0.000000
0.000000
0.000000
1.051214
0.000000
0.000000
0.000000
0.000000
0.000000
0.000000
0.131821
0.000000
0.000000
0.000000
1.060044
0.000000
0.000000
1.579454
0.524496
0.000000
0.000000
1.418828
0.000000
0.000000
0.000000
0.000000
0.000000
0.000000
0.000000
0.000000
0.000000
0.000000
0.000000
0.000000
0.000000
0.000000
0.000000
0.000000
0.000000
0.689946
1.384778
0.000000
0.000000
0.951718
0.000000
0.000000
0.000000
0.000000
1.865777
0.000000
0.000000
1.053829
0.000000
0.000000
0.000000
0.000000
0.585812
0.000000
0.000000
0.000000
0.000000
0.000000
0.000000
1.612203
0.000000
0.000000
0.000000
0.000000
1.314207
0.000000
0.000000
0.000000
0.000000
0.332792
0.675045
0.000000
0.000000
0.000000
0.000000
0.000000
0.000000
0.000000
0.000000
0.000000
0.000000
0.000000
0.000000
0.000000
0.000000
0.000000
0.000000
0.000000
0.000000
0.000000
0.000000
0.000000
0.000000
0.000000
0.000000
0.000000
1.888877
0.000000
0.432251
0.000000
0.000000
0.000000
0.000000
0.000000
1.713194
0.461239
0.000000
0.000000
0.000000
0.000000
0.000000
0.000000
0.000000
0.670496
0.000000
0.164897
0.000000
0.000000
0.000000
0.000000
0.000000
0.448747
0.505335
0.000000
0.000000
0.000000
0.248939
0.000000
0.375912
0.493234
0.000000
0.000000
0.000000
0.000000
0.019396
1.053678
0.000000
1.248892
1.564236
0.000000
0.000000
0.000000
0.000000
0.000000
0.000000
0.000000
0.000000
0.000000
2.603809
1.591778
0.000000
0.000000
0.000000
1.684046
0.000000
0.000000
0.000000
0.000000
0.000000
0.000000
0.000000
0.666903
0.000000
0.000000
0.000000
0.000000
0.000000
0.629331
0.000000
0.000000
0.000000
0.015985
0.000000
0.000000
0.000000
0.000000
0.000000
0.000000
0.000000
1.481804
0.000000
0.000000
0.205671
0.000000
0.000000
0.000000
0.000000
0.000000
0.000000
0.000000
0.000000
0.000000
1.216376
0.000000
0.000000
0.000000
0.000000
0.000000
0.000000
0.000000
0.000000
0.000000
1.322560
0.000000
0.000000
0.000000
0.000000
0.000000
0.000000
0.000000
2.065000
0.974840
0.000000
0.928312
0.000000
0.000000
0.000000
0.000000
0.000000
0.000000
1.514437
0.000000
0.000000
0.231697
0.000000
0.000000
0.000000
0.000000
0.000000
0.000000
0.489217
0.000000
0.000000
0.000000
0.000000
0.000000
0.000000
0.000000
0.000000
0.619927
0.000000
0.000000
0.000000
0.000000
0.000000
0.339118
0.000000
0.000000
0.000000
0.794787
0.966606
0.000000
0.389150
0.000000
0.000000
0.000000
0.000000
0.000000
0.000000
1.120708
0.000000
0.000000
0.000000
0.000000
0.000000
0.000000
0.455683
0.000000
0.000000
0.000000
0.000000
0.000000
0.000000
0.000000
0.000000
0.000000
0.000000
0.000000
0.000000
0.000000
0.000000
0.100859
0.000000
0.000000
0.000000
0.353328
0.335632
0.473372
0.000000
0.000000
0.000000
0.000000
0.322024
0.000000
0.000000
0.000000
0.431530
0.000000
0.792533
0.000000
2.288779
0.000000
0.000000
0.000000
0.000000
0.000000
4.331125
0.000000
0.000000
0.000000
0.000000
0.000000
0.000000
0.000000
2.725947
0.000000
0.000000
2.015589
0.000000
0.000000
0.000000
0.000000
1.921262
0.000000
0.000000
0.919533
0.000000
0.000000
0.000000
0.000000
0.000000
0.000000
0.000000
0.000000
0.000000
3.367589
0.000000
0.000000
0.087445
0.000000
0.000000
0.000000
0.000000
0.000000
2.172929
0.000000
0.000000
0.000000
0.000000
2.386720
0.000000
0.000000
2.071647
0.000000
0.000000
0.004514
0.000000
1.301346
0.554565
0.000000
0.000000
0.000000
0.000000
0.000000
0.000000
0.000000
0.000000
0.361792
0.000000
0.000000
0.000000
0.000000
0.000000
1.778960
0.000000
0.000000
0.000000
0.000000
0.000000
0.310265
0.000000
0.000000
0.000000
0.000000
0.484913
0.000000
0.000000
0.000000
0.000000
0.000000
0.000000
0.000000
0.000000
0.000000
0.000000
1.546319
0.000000
0.000000
0.000000
0.000000
0.363897
0.809708
0.000000
0.055057
0.000000
0.000000
0.000000
0.000000
0.000000
0.000000
1.785934
0.000000
0.649539
0.000000
0.000000
0.000000
0.000000
0.786148
1.475684
2.249537
0.741812
0.000000
0.000000
0.000000
0.000000
0.000000
0.000000
0.350457
0.000000
0.000000
0.000000
0.000000
0.000000
0.000000
0.000000
1.941225
0.000000
0.000000
0.000000
0.000000
0.000000
0.000000
0.000000
0.000000
0.000000
0.000000
0.000000
0.000000
0.000000
0.000000
0.000000
0.000000
0.000000
2.518747
1.450438
0.000000
0.000000
1.688424
0.000000
0.618454
0.000000
0.000000
0.848814
0.000000
1.025877
0.000000
0.000000
0.000000
1.293258
0.000000
0.000000
0.000000
0.000000
0.000000
0.000000
0.000000
0.000000
0.000000
2.600786
0.000000
0.000000
0.627039
0.000000
0.000000
0.000000
0.000000
0.000000
0.000000
0.000000
1.299727
0.000000
0.000000
0.000000
1.274118
0.000000
0.000000
0.000000
0.000000
0.687538
0.000000
0.557291
0.798321
0.000000
0.000000
0.000000
0.000000
0.716464
0.000000
0.000000
1.069291
0.000000
0.312811
0.000000
0.541959
0.000000
0.467680
0.000000
0.000000
1.498339
0.000000
0.000000
0.000000
0.000000
0.000000
0.000000
0.000000
0.000000
0.000000
1.388120
0.000000
0.000000
0.000000
0.000000
0.000000
0.000000
0.000000
0.000000
0.000000
0.000000
0.069252
0.000000
0.093367
1.142331
1.219659
0.000000
0.000000
0.303905
0.000000
0.000000
0.000000
0.000000
0.000000
2.746459
0.000000
0.000000
0.000000
0.000000
0.000000
0.000000
0.000000
1.922913
0.000000
0.000000
0.000000
0.000000
0.000000
0.000000
0.000000
0.802044
0.000000
3.899581
0.000000
0.976099
0.000000
0.000000
0.000000
0.000000
0.000000
0.000000
0.114233
0.000000
0.000000
0.000000
0.258938
0.483452
0.000000
0.000000
1.114508
0.000000
0.000000
0.000000
0.000000
0.000000
0.000000
0.000000
0.713904
0.000000
0.000000
0.000000
0.000000
0.000000
0.000000
0.000000
0.000000
0.000000
0.000000
0.000000
0.000000
0.000000
0.204604
0.000000
0.000000
0.000000
0.000000
0.000000
0.484064
0.000000
0.000000
1.009236
0.000000
0.440152
0.000000
0.000000
0.000000
0.000000
0.398535
0.000000
0.000000
0.000000
0.000000
0.000000
0.000000
0.000000
0.000000
0.000000
0.000000
0.000000
0.000000
0.000000
0.000000
0.000000
0.000000
0.253956
0.000000
1.370479
3.739936
0.000000
0.000000
0.000000
0.000000
0.000000
0.000000
1.153146
0.000000
0.000000
0.000000
0.000000
0.928808
0.000000
0.000000
0.000000
0.000000
0.000000
0.000000
0.000000
0.000000
0.326134
0.000000
0.000000
0.000000
1.132317
0.000000
2.127062
0.000000
0.000000
1.240891
0.000000
0.000000
0.000000
0.000000
0.000000
0.000000
0.000000
0.000000
0.000000
0.000000
0.951351
0.000000
0.000000
0.000000
0.000000
0.000000
0.000000
0.354215
0.000000
0.000000
1.324795
0.000000
0.000000
0.000000
0.000000
0.000000
0.000000
0.000000
0.000000
0.000000
0.000000
0.000000
0.000000
0.000000
0.000000
0.000000
0.000000
0.000000
0.000000
0.000000
0.000000
0.000000
0.000000
0.000000
0.000000
0.611948
0.072679
0.000000
0.000000
0.000000
0.000000
0.000000
0.179225
0.854726
0.000000
0.000000
0.000000
0.000000
0.000000
0.000000
0.251827
0.000000
0.000000
0.000000
0.000000
0.000000
0.000000
0.071023
0.000000
0.000000
0.000000
0.000000
2.315541
0.000000
0.362376
0.000000
2.309027
0.000000
0.279058
0.000000
0.000000
0.000000
0.000000
0.000000
2.042226
0.000000
0.324973
0.057179
0.000000
0.000000
1.350674
0.000000
0.000000
0.000000
0.000000
0.000000
1.946887
0.000000
0.658885
0.000000
0.000000
0.000000
0.000000
0.000000
1.729947
0.000000
0.000000
0.000000
1.818467
0.000000
0.229149
0.000000
0.564694
0.000000
0.000000
0.000000
0.000000
0.000000
0.000000
0.000000
0.000000
0.000000
0.000000
0.000000
2.768383
0.000000
0.000000
0.169034
0.000000
0.000000
0.000000
0.000000
0.228686
0.000000
0.000000
0.000000
0.000000
0.317438
0.000000
1.623496
0.000000
0.000000
0.000000
0.000000
0.000000
1.283517
0.000000
0.000000
0.000000
0.245865
0.000000
0.000000
0.413035
0.889347
0.112743
0.000000
0.000000
0.000000
0.000000
0.000000
0.000000
0.374044
0.757808
0.000000
0.000000
0.000000
0.000000
0.000000
0.000000
0.000000
0.916839
0.000000
0.000000
0.000000
0.000000
0.000000
0.000000
2.675548
0.000000
0.000000
0.608522
0.000000
0.394191
0.000000
0.000000
0.000000
0.000000
0.000000
0.000000
0.000000
0.000000
1.414687
2.504969
0.000000
0.000000
0.000000
0.000000
0.000000
0.000000
0.000000
0.000000
1.286876
0.000000
0.000000
0.000000
0.000000
0.000000
0.000000
0.000000
0.000000
3.090128
0.000000
0.000000
0.000000
0.633132
0.000000
0.000000
0.000000
0.000000
0.970497
0.000000
0.000000
0.000000
0.000000
0.000000
0.000000
0.000000
0.000000
0.000000
0.000000
0.000000
0.000000
0.000000
0.000000
0.000000
0.000000
0.000000
0.904229
0.000000
2.456619
0.000000
0.000000
0.000000
0.000000
0.000000
1.483603
0.000000
0.000000
0.000000
0.000000
0.000000
0.000000
0.000000
0.060418
0.000000
1.835081
0.000000
0.000000
0.000000
0.000000
0.000000
0.000000
0.000000
0.000000
0.000000
0.000000
0.000000
0.000000
1.856166
0.000000
0.000000
2.088267
0.000000
0.000000
0.000000
0.000000
0.000000
0.000000
0.000000
0.000000
0.000000
0.000000
0.000000
0.000000
0.000000
0.000000
0.000000
0.000000
0.000000
0.000000
0.000000
0.000000
0.000000
0.000000
0.000000
0.000000
0.000000
0.000000
0.000000
0.000000
0.000000
0.000000
0.835101
0.000000
0.000000
0.786896
0.000000
0.000000
0.000000
0.000000
4.009828
0.000000
0.000000
0.747127
0.000000
1.237357
0.000000
0.000000
0.000000
0.000000
0.000000
0.159210
0.284720
0.000000
0.000000
0.000000
0.000000
0.749121
0.000000
0.000000
0.000000
0.000000
0.000000
0.000000
0.000000
0.000000
0.000000
0.000000
1.554088
0.000000
0.000000
0.000000
0.000000
0.000000
0.000000
0.000000
0.000000
0.000000
0.000000
0.000000
0.000000
2.259183
0.000000
0.000000
0.000000
0.000000
0.000000
1.394866
0.000000
0.000000
0.810398
0.000000
0.000000
0.000000
0.109915
0.000000
0.000000
0.656852
0.000000
0.000000
0.000000
0.000000
0.000000
0.000000
1.126838
0.000000
1.340416
0.000000
0.191444
0.458733
0.000000
0.499476
0.000000
0.000000
0.000000
0.000000
0.000000
0.000000
0.000000
0.000000
0.000000
0.000000
0.000000
0.000000
0.000000
0.000000
0.000000
0.217105
0.000000
0.000000
0.000000
0.000000
0.000000
1.688527
0.000000
0.567773
0.483416
1.058217
0.713988
0.019422
0.000000
0.541333
0.681012
0.000000
0.000000
0.000000
0.000000
0.000000
2.588057
0.052609
0.000000
0.000000
0.000000
0.000000
0.000000
0.000000
0.000000
0.000000
1.972151
0.000000
0.000000
0.000000
0.000000
3.335158
0.000000
0.000000
0.000000
0.000000
0.000000
1.072515
0.000000
0.000000
0.000000
0.010320
0.000000
0.000000
0.000000
0.000000
0.000000
0.170370
0.000000
0.000000
0.000000
0.000000
0.000000
0.000000
0.000000
0.000000
0.000000
2.360451
0.000000
0.120616
0.000000
0.000000
0.000000
3.995078
0.337825
0.000000
0.000000
0.000000
0.000000
0.000000
0.000000
0.000000
0.000000
0.000000
0.000000
0.000000
0.000000
0.000000
0.000000
0.000000
0.000000
0.000000
0.000000
0.000000
5.316244
0.000000
0.000000
0.000000
0.392728
0.000000
0.000000
0.000000
0.000000
0.000000
0.000000
0.000000
0.000000
0.000000
0.000000
0.000000
0.000000
0.000000
0.000000
0.000000
0.000000
0.000000
0.000000
0.000000
1.298205
0.000000
0.000000
0.000000
0.000000
0.000000
0.000000
0.000000
0.000000
0.000000
0.000000
0.702797
0.000000
0.294754
0.000000
0.000000
0.000000
0.000000
0.000000
0.029482
0.000000
0.000000
0.000000
0.000000
0.000000
0.000000
0.000000
0.000000
1.059954
0.000000
0.519399
0.000000
0.000000
0.000000
0.000000
0.000000
0.000000
0.000000
0.000000
3.533788
0.000000
0.000000
0.000000
0.000000
0.000000
0.000000
0.000000
0.000000
0.000000
0.597934
0.000000
0.000000
0.000000
0.000000
0.000000
0.000000
0.000000
0.000000
0.000000
2.718165
0.000000
0.000000
0.066494
0.000000
0.000000
0.000000
0.677210
0.000000
0.000000
0.000000
0.000000
0.000000
0.000000
0.000000
0.000000
0.000000
0.000000
0.000000
0.000000
0.000000
1.057778
0.000000
0.000000
0.174865
0.000000
0.183833
0.000000
0.000000
0.000000
0.000000
0.000000
1.250250
0.000000
0.000000
0.000000
0.000000
0.000000
0.000000
0.465450
0.751048
0.328342
0.000000
0.000000
0.000000
0.000000
0.135739
0.000000
0.000000
0.000000
0.000000
0.000000
0.000000
1.820408
0.000000
0.000000
0.259682
0.000000
0.000000
0.000000
0.000000
1.078276
0.000000
0.000000
0.000000
0.000000
3.800234
0.000000
0.000000
0.000000
0.000000
0.000000
0.112656
0.000000
0.613957
0.107306
0.000000
0.000000
0.000000
0.000000
0.000000
0.504870
0.000000
0.000000
0.000000
0.000000
0.000000
0.000000
0.000000
0.000000
0.000000
0.000000
0.000000
0.000000
0.000000
0.000000
0.000000
0.000000
0.000000
0.000000
0.000000
0.000000
0.000000
0.000000
0.000000
0.000000
0.000000
0.000000
0.000000
0.000000
0.000000
1.633829
0.000000
2.712164
0.000000
1.186690
0.000000
0.000000
0.000000
0.000000
0.000000
0.000000
0.000000
0.000000
0.000000
0.000000
0.000000
0.000000
0.000000
1.389605
0.000000
0.000000
0.000000
1.724590
0.281011
0.265318
0.000000
0.000000
0.000000
0.000000
0.000000
0.000000
0.000000
0.000000
0.000000
0.000000
0.000000
0.000000
0.000000
0.000000
0.000000
0.000000
0.000000
0.588761
0.000000
0.000000
0.000000
0.000000
0.000000
0.000000
0.000000
0.000000
0.216693
1.739309
0.000000
1.716491
0.000000
0.000000
0.000000
0.000000
0.000000
0.000000
0.000000
2.365186
0.719902
0.000000
0.000000
0.000000
0.000000
0.000000
0.000000
0.000000
0.000000
0.000000
0.000000
0.000000
0.496868
1.505976
0.000000
0.000000
0.000000
0.000000
0.000000
0.000000
0.513791
0.000000
0.000000
0.000000
0.031542
1.439623
0.000000
0.000000
0.000000
0.000000
0.000000
0.000000
0.000000
0.000000
0.000000
0.000000
0.000000
0.000000
0.000000
0.000000
0.000000
2.179528
0.000000
0.000000
0.000000
0.000000
0.000000
0.000000
0.000000
0.000000
2.854905
0.000000
0.000000
0.000000
0.000000
0.000000
0.000000
0.636165
0.000000
0.018616
0.000000
3.239213
0.592355
0.000000
0.000000
0.000000
0.746079
0.000000
0.000000
1.418552
0.000000
0.000000
0.000000
0.000000
0.000000
0.000000
0.000000
0.375847
0.000000
0.000000
0.000000
0.000000
0.000000
0.000000
0.000000
0.000000
0.000000
0.000000
0.000000
0.170356
0.000000
0.569138
0.000000
0.013737
0.000000
0.000000
0.000000
0.236879
0.000000
0.430192
0.000000
0.000000
0.000000
3.408335
0.000000
0.000000
0.000000
0.000000
0.000000
0.000000
0.000000
0.000000
0.000000
0.000000
0.000000
0.000000
0.000000
0.391714
0.000000
0.000000
0.000000
0.000000
0.000000
0.000000
0.000000
0.000000
0.000000
0.000000
0.000000
0.000000
0.000000
0.000000
0.871235
0.000000
0.000000
0.000000
0.000000
0.000000
0.000000
0.000000
0.000000
0.000000
1.429660
0.000000
0.000000
0.000000
0.000000
0.000000
0.000000
0.000000
0.000000
0.000000
0.000000
1.172927
0.000000
1.219616
0.000000
0.000000
0.420286
0.000000
0.000000
0.000000
0.000000
0.000000
0.000000
0.824393
0.000000
0.000000
0.000000
0.491125
0.000000
0.000000
0.000000
0.000000
0.000000
0.000000
0.000000
0.000000
0.000000
0.000000
0.000000
0.000000
0.000000
0.000000
1.351027
0.000000
0.000000
0.000000
0.000000
0.000000
0.000000
0.000000
0.000000
1.743930
0.000000
0.000000
0.000000
0.000000
0.000000
0.000000
1.500560
0.000000
0.000000
0.000000
0.000000
0.000000
0.229853
0.000000
0.000000
0.000000
0.000000
0.000000
0.000000
0.000000
0.000000
0.000000
0.000000
0.000000
0.000000
0.000000
0.000000
0.000000
0.000000
0.000000
0.000000
0.000000
0.000000
0.318827
0.000000
0.000000
0.000000
0.000000
0.000000
0.000000
0.000000
0.000000
0.000000
0.000000
0.000000
0.000000
0.000000
0.000000
0.000000
0.000000
0.000000
0.290075
0.000000
1.405302
0.000000
0.718348
0.000000
0.000000
0.135638
0.000000
0.000000
0.000000
0.000000
0.000000
0.277805
0.000000
0.000000
0.000000
0.000000
0.000000
0.000000
0.000000
0.000000
0.000000
0.000000
0.000000
0.000000
0.000000
0.000000
0.000000
0.000000
1.248189
0.433344
0.000000
4.037158
0.000000
1.834975
0.000000
0.000000
0.000000
0.000000
0.000000
0.000000
0.000000
0.000000
0.000000
0.000000
0.000000
0.000000
0.000000
0.000000
0.000000
0.000000
0.000000
0.000000
0.000000
0.000000
0.000000
0.000000
0.000000
0.000000
0.861774
0.000000
0.000000
0.406306
0.000000
0.000000
0.000000
0.000000
0.000000
0.000000
0.000000
0.000000
0.000000
0.000000
0.000000
0.000000
0.000000
0.000000
0.000000
0.000000
0.000000
1.287521
0.000000
0.760451
2.131246
0.000000
0.000000
0.000000
0.000000
0.000000
0.000000
0.000000
0.000000
2.546226
0.000000
0.000000
0.000000
0.000000
0.000000
0.000000
0.000000
0.000000
0.000000
0.000000
0.000000
0.000000
1.084400
0.191596
1.041748
0.000000
0.000000
0.000000
0.000000
0.000000
0.000000
0.000000
0.000000
0.000000
1.587871
0.000000
0.000000
0.652011
0.000000
0.000000
0.284339
0.000000
0.000000
0.000000
0.539102
0.033429
0.000000
0.000000
0.000000
0.000000
0.000000
0.000000
0.000000
2.657772
0.000000
0.552231
0.000000
0.000000
0.000000
3.380825
0.000000
0.000000
0.000000
0.823978
0.000000
0.999249
0.000000
0.000000
0.000000
0.000000
0.000000
0.000000
1.854737
0.000000
0.000000
0.000000
0.000000
0.000000
0.000000
0.165554
0.000000
0.000000
0.000000
0.000000
0.000000
0.000000
0.000000
0.000000
0.000000
0.000000
3.022376
0.000000
0.000000
1.139705
0.000000
0.152796
0.000000
0.000000
0.000000
0.000000
0.345580
0.000000
0.000000
0.000000
0.000000
0.000000
0.000000
0.000000
1.477478
0.000000
0.000000
0.000000
0.000000
0.000000
0.141028
0.000000
0.000000
0.000000
0.270369
0.000000
0.240359
0.000000
0.533111
0.000000
2.649028
0.000000
0.000000
0.884317
0.000000
0.000000
0.000000
0.000000
0.000000
4.036652
0.000000
0.000000
0.000000
0.000000
0.000000
0.000000
0.000000
0.000000
1.804928
0.467397
0.000000
0.353497
0.000000
0.444566
0.000000
0.000000
0.000000
0.000000
0.357209
0.000000
0.000000
0.000000
0.000000
0.000000
0.000000
0.000000
0.000000
0.000000
2.523226
0.000000
0.000000
0.000000
0.054791
0.000000
0.000000
0.014803
0.000000
0.000000
0.000000
0.000000
0.000000
0.187394
0.619632
0.000000
0.000000
0.000000
0.000000
0.000000
0.000000
0.000000
0.000000
0.000000
0.000000
0.000000
0.001543
0.000000
0.000000
0.000000
0.000000
0.000000
0.045738
0.000000
0.000000
0.000000
0.864787
0.000000
3.716146
1.856122
0.000000
4.266191
0.612804
0.000000
1.919140
0.000000
0.000000
0.000000
0.000000
0.000000
0.000000
0.000000
0.000000
0.000000
0.000000
0.000000
0.000000
0.000000
0.000000
0.000000
0.000000
0.000000
0.000000
1.426903
0.000000
0.000000
0.000000
0.000000
0.000000
0.000000
0.000000
0.000000
0.000000
0.000000
0.000000
1.102372
0.000000
0.000000
0.000000
0.000000
0.000000
0.000000
0.000000
0.000000
0.000000
0.003401
0.000000
0.000000
0.000000
3.191436
0.000000
0.000000
0.000000
0.659827
0.000000
0.336843
0.000000
1.063930
0.921863
0.000000
0.000000
0.000000
3.111133
0.000000
0.000000
0.000000
2.071449
0.237404
0.000000
2.704104
0.000000
0.000000
0.000000
0.000000
0.000000
0.000000
0.466445
0.000000
0.000000
0.959055
0.000000
2.734433
0.000000
0.000000
0.321731
0.000000
0.000000
0.000000
0.363403
0.000000
0.000000
0.000000
0.000000
2.372194
0.151656
2.066804
0.000000
0.000000
0.000000
0.000000
0.000000
2.350019
0.000000
0.000000
0.000000
0.594100
0.000000
0.000000
0.000000
0.000000
2.363054
1.316990
0.000000
1.540056
0.000000
