0.000000
0.000000
0.000000
0.000000
0.000000
0.000000
0.000000
0.000000
0.000000
0.074917
0.000000
0.490987
0.720978
0.000000
0.000000
0.000000
0.000000
0.000000
0.000000
0.000000
0.000000
0.000000
0.000000
0.520879
0.000000
0.736638
0.000000
0.000000
0.000000
0.728809
0.474968
0.348820
0.000000
0.000000
0.000000
0.047262
0.000000
0.000000
0.000000
2.243304
1.011677
0.000000
0.000000
0.276146
0.000000
0.000000
2.323487
0.965060
0.000000
0.000000
0.000000
1.764776
0.000000
0.000000
0.000000
0.000000
0.000000
0.000000
0.000000
0.000000
0.000000
0.000000
0.574307
0.000000
1.070749
0.000000
0.000000
0.000000
0.000000
0.000000
0.000000
0.000000
0.234255
0.000000
0.000000
0.374369
0.000000
1.174808
0.000000
0.000000
0.000000
0.000000
0.000000
0.000000
0.000000
0.000000
0.000000
0.293124
0.000000
0.000000
0.036194
0.000000
0.000000
0.000000
0.000000
0.000000
0.000000
0.000000
0.000000
2.224864
0.000000
0.000000
0.000000
0.000000
0.000000
0.000000
0.000000
0.238891
0.000000
0.000000
0.525996
0.000000
0.000000
0.000000
0.000000
0.000000
0.000000
0.000000
0.000000
0.000000
0.000000
0.354274
0.006559
3.275917
0.000000
0.483811
0.000000
0.281178
0.000000
0.000000
0.181383
0.000000
0.000000
0.000000
0.431200
0.000000
1.077291
0.041959
0.000000
0.369116
0.484036
0.355964
0.000000
0.562613
0.000000
0.000000
0.000000
0.000000
0.000000
0.000000
0.000000
0.000000
0.000000
0.317540
0.000000
0.000000
0.000000
0.257958
0.057027
0.000000
0.000000
0.000000
0.000000
0.000000
0.536832
0.000000
0.000000
0.768046
0.000000
0.000000
0.000000
0.000000
0.000000
0.292775
0.000000
0.314255
0.000000
0.000000
0.000000
0.000000
0.880518
0.000000
0.000000
0.000000
0.000000
0.000000
0.000000
0.000000
0.094168
0.000000
0.220129
0.872939
0.000000
0.000000
0.000000
1.117595
0.000000
0.000000
0.000000
0.000000
0.000000
0.000000
0.975498
0.000000
0.000000
0.000000
0.000000
0.000000
0.000000
1.015697
0.600637
0.000000
0.000000
0.000000
0.000000
0.000000
0.352535
0.940673
0.786073
0.000000
0.000000
0.000000
0.000000
0.000000
1.376649
0.000000
0.000000
0.000000
0.000000
0.963128
0.172131
0.000000
0.173900
0.000000
0.995054
0.104735
0.000000
0.000000
0.000000
0.890841
0.000000
0.000000
0.535432
0.252590
0.094096
0.951181
0.000000
0.000000
1.420752
0.000000
0.000000
0.278687
0.568012
0.000000
0.000000
0.000000
0.000000
0.000000
0.000000
1.527192
0.000000
0.000000
0.375520
0.000000
0.377295
0.000000
0.000000
0.000000
0.460326
0.000000
0.141560
1.348989
0.000000
0.000000
0.000000
0.000000
0.000000
0.000000
0.000000
0.000000
0.651791
0.000000
3.022008
0.000000
2.073380
0.000000
0.000000
0.000000
0.000000
1.284345
0.781389
0.000000
0.000000
1.054453
0.000000
0.827107
0.000000
0.000000
1.195413
0.000000
0.000000
0.000000
1.332262
0.000000
0.000000
0.000000
1.015829
0.768900
0.000000
0.430692
0.144859
0.000000
0.000000
0.000000
0.000000
0.000000
0.000000
0.067470
0.000000
0.000000
0.000000
0.000000
0.000000
0.000000
0.037899
0.000000
0.000000
0.000000
0.000000
0.000000
0.000000
0.000000
0.000000
0.000000
0.000000
0.000000
0.000000
0.000000
0.000000
0.000000
0.000000
0.000000
0.000000
1.947485
0.000000
0.000000
0.000000
0.134076
0.000000
0.000000
0.000000
0.000000
0.000000
0.000000
0.000000
0.996931
0.000000
0.000000
0.367949
0.088133
0.000000
0.416303
0.257223
0.128896
0.000000
0.000000
0.000000
0.000000
0.050478
0.509131
0.000000
0.000000
0.000000
1.061385
1.060741
0.000000
0.000000
0.000000
0.925220
1.196270
0.000000
0.000000
0.000000
1.257803
0.785855
0.534419
0.000000
0.000000
1.221601
0.859197
0.390901
0.000000
1.129074
0.000000
0.000000
0.000000
0.546010
0.000000
0.000000
0.000000
0.000000
0.000000
0.000000
0.000000
0.000000
2.255932
0.741899
0.000000
0.000000
0.000000
0.000000
0.000000
0.000000
0.000000
0.000000
0.000000
0.000000
0.000000
0.172996
0.000000
0.000000
0.000000
0.000000
0.000000
0.000000
0.000000
0.000000
1.019199
0.000000
0.000000
0.000000
0.000000
0.000000
0.000000
0.000000
0.000000
0.000000
0.000000
0.000000
0.000000
0.000000
0.000000
1.139464
0.081347
0.000000
0.579304
0.000000
0.000000
0.000000
0.000000
0.000000
0.000000
1.342532
0.507934
0.000000
0.099565
0.264156
0.000000
0.744117
0.000000
0.000000
0.000000
0.000000
0.000000
0.060385
0.567473
1.828836
0.000000
0.000000
0.000000
0.000000
0.000000
0.000000
0.000000
0.171295
0.000000
0.000000
0.000000
0.000000
0.000000
0.000000
0.000000
0.066644
0.914082
0.000000
0.000000
0.000000
0.000000
0.000000
0.611148
0.000000
0.000000
0.000000
0.000000
1.591518
0.000000
0.000000
0.000000
0.000000
0.000000
0.000000
0.000000
0.000000
0.000000
0.000000
0.000000
0.027531
0.000000
0.000000
0.000000
0.000000
0.481078
1.128181
0.000000
0.020524
0.000000
0.773228
0.091866
0.000000
0.669323
0.000000
0.000000
0.000000
0.000000
0.000000
0.000000
0.000000
0.804915
0.000000
0.000000
0.259941
0.000000
0.000000
1.057478
0.000000
0.000000
1.561008
0.000000
0.163903
0.000000
0.000000
0.000000
0.000000
0.000000
0.000000
0.000000
0.388528
0.322802
0.000000
0.000000
0.781118
0.000000
0.051128
2.045355
0.245740
1.447826
0.823299
0.000000
0.000000
0.000000
0.105232
0.456937
0.000000
0.000000
0.000000
0.000000
0.000000
0.000000
0.000000
0.000000
0.000000
0.000000
0.000000
0.570114
1.636937
0.000000
1.052888
0.000000
0.000000
0.000000
0.000000
0.000000
1.049062
0.000000
0.000000
1.139393
0.000000
0.000000
0.000000
0.000000
0.000000
0.000000
0.000000
0.000000
0.453444
0.000000
0.000000
0.000000
0.000000
0.000000
0.000000
0.479756
0.000000
0.000000
0.000000
0.000000
0.035420
0.000000
0.374322
0.000000
0.000000
0.472131
0.000000
0.000000
0.000000
0.000000
0.563660
0.000000
0.000000
0.123233
0.000000
0.359128
0.543210
0.897428
0.000000
0.057733
0.000000
0.920088
0.000000
0.000000
0.337015
0.000000
0.000000
0.000000
0.000000
0.000000
0.534914
0.000000
0.346092
0.000000
0.000000
0.000000
1.162336
0.576176
0.000000
0.000000
0.000000
0.000000
0.134680
0.000000
0.000000
1.642119
0.000000
0.000000
0.000000
0.000000
0.000000
0.000000
0.000000
0.906372
0.000000
0.000000
0.000000
0.000000
0.000000
0.000000
0.000000
0.000000
0.000000
0.696920
0.000000
0.000000
0.000000
0.000000
0.000000
0.000000
0.316525
0.000000
0.607518
0.000000
0.000000
0.000000
2.062546
0.000000
0.000000
0.000000
0.000000
0.000000
1.212263
0.000000
0.603187
0.006916
0.000000
0.000000
0.059099
0.000000
0.000000
0.000000
0.000000
0.000000
0.000000
0.000000
0.000000
0.000000
0.000000
0.000000
0.000000
0.273221
0.000000
1.946401
0.000000
0.000000
0.000000
0.490886
0.000000
0.000000
0.000000
1.527888
1.104030
0.616983
0.000000
0.000000
0.000000
0.000000
0.000000
1.695004
0.000000
0.000000
0.000000
0.000000
0.000000
1.034192
0.576532
0.137008
0.000000
0.000000
0.000000
0.000000
0.000000
0.000000
0.000000
0.198693
0.253126
0.000000
0.000000
0.000000
0.000000
2.525023
0.000000
0.000000
0.000000
0.660827
0.000000
0.000000
0.000000
0.355670
0.000000
0.000000
0.000000
0.000000
0.000000
0.000000
0.006909
0.000000
0.000000
0.319349
1.070812
0.000000
0.000000
0.820173
0.000000
0.000000
1.018635
0.000000
0.000000
0.000000
0.000000
0.000000
0.000000
0.000000
0.000000
0.998657
0.000000
0.000000
0.000000
0.000000
0.000000
0.000000
0.000000
0.000000
0.000000
0.000000
0.000000
0.000000
0.000000
0.000000
0.000000
0.100918
0.000000
1.521121
0.000000
0.000000
0.000000
0.196544
0.000000
1.311018
0.000000
0.000000
0.000000
0.000000
0.000000
1.871333
0.000000
0.000000
0.592194
0.000000
1.455398
0.000000
0.000000
0.000000
2.189047
0.000000
0.000000
0.000000
0.000000
0.000000
0.000000
0.000000
0.000000
0.000000
0.000000
0.000000
1.322160
0.897341
0.000000
0.515682
0.000000
0.000000
1.093106
0.000000
1.865565
0.000000
0.759068
0.000000
0.000000
0.000000
0.000000
0.000000
0.000000
0.000000
0.000000
0.440603
0.000000
0.000000
0.000000
0.689047
0.285355
0.000000
0.000000
0.226454
0.000000
0.000000
0.000000
0.000000
0.000000
0.000000
0.000000
2.687090
0.000000
0.601028
0.000000
0.000000
0.778859
0.000000
0.000000
0.000000
1.546249
0.000000
0.000000
0.000000
0.182539
0.000000
0.000000
0.163371
0.000000
0.000000
0.208321
0.000000
0.000000
0.097482
0.000000
0.000000
0.000000
0.000000
0.000000
0.000000
0.000000
0.000000
0.046280
0.000000
0.000000
0.697816
0.000000
0.009930
0.000000
0.000000
0.031452
0.000000
1.218827
0.000000
0.443051
0.000000
0.526360
0.334382
0.000000
0.000000
2.081876
0.000000
0.825406
0.000000
0.758309
0.185526
0.000000
0.000000
0.000000
2.757993
0.000000
1.118635
0.000000
1.238631
0.699934
0.000000
0.000000
0.000000
0.000000
1.197350
1.431177
0.000000
0.000000
0.000000
0.000000
0.215459
0.000000
0.539925
0.000000
0.000000
0.000000
0.000000
1.931115
0.000000
0.000000
1.226423
0.000000
0.000000
1.041471
0.000000
0.000000
0.000000
0.000000
0.413356
0.000000
0.410025
1.518132
0.000000
0.000000
0.000000
0.000000
0.117958
0.000000
0.322548
0.000000
1.259046
0.000000
0.000000
0.000000
1.233426
1.064028
0.985211
0.741812
0.000000
0.000000
0.000000
0.000000
0.000000
0.000000
0.604985
0.000000
0.366969
0.537024
0.000000
0.000000
1.344414
0.000000
0.000000
0.000000
0.681777
0.000000
0.304042
0.000000
0.429502
1.791507
0.000000
0.000000
0.000000
0.000000
0.000000
0.000000
1.441774
0.000000
0.000000
0.392884
0.000000
1.618908
0.000000
2.319286
0.000000
0.000000
0.000000
0.000000
0.000000
0.000000
0.760442
0.000000
0.000000
0.000000
0.000000
0.000000
0.000000
0.000000
0.000000
0.000000
1.451944
0.332879
0.000000
0.000000
0.000000
0.000000
0.000000
0.952691
0.000000
0.000000
0.000000
0.124327
0.000000
2.619503
0.000000
0.000000
0.404177
0.000000
0.000000
0.000000
0.000000
0.000000
0.128910
0.000000
0.000000
0.000000
0.000000
0.000000
0.000000
0.000000
0.000000
0.000000
0.000000
0.000000
0.875361
0.000000
0.000000
0.000000
0.000000
0.448790
0.000000
0.229245
0.000000
0.490714
0.000000
0.000000
0.000000
0.000000
0.000000
0.000000
0.000000
0.000000
0.000000
0.000000
0.000000
0.000000
0.000000
0.000000
1.667349
0.000000
0.000000
1.137128
0.000000
0.000000
0.000000
0.000000
0.000000
0.000000
0.000000
0.000000
3.310592
0.000000
0.000000
0.221548
0.000000
0.000000
0.000000
0.000000
0.678770
0.000000
0.000000
0.000000
0.360465
0.000000
0.378176
0.982738
0.000000
0.380634
0.000000
0.238122
0.000000
0.000000
0.362832
0.000000
0.000000
0.496564
0.000000
2.452965
0.000000
0.000000
0.000000
0.000000
0.125968
0.124208
0.000000
0.000000
0.000000
0.000000
0.000000
0.000000
0.042778
0.000000
0.000000
0.000000
0.000000
0.065719
0.000000
0.000000
0.000000
1.746690
1.347116
0.000000
2.802978
0.000000
0.000000
0.000000
0.000000
0.000000
0.300116
0.000000
0.000000
0.000000
1.678056
0.709979
0.000000
0.000000
0.000000
0.000000
0.000000
0.015944
0.000000
0.000000
0.000000
1.251143
0.000000
0.727706
0.000000
1.031175
0.000000
0.000000
1.255334
0.450602
0.000000
1.374794
0.000000
0.000000
0.000000
0.000000
0.222859
0.000000
0.000000
0.000000
0.000000
0.000000
0.000000
0.000000
0.000000
1.262262
0.000000
0.000000
0.389681
0.000000
1.031337
0.000000
0.000000
0.000000
0.000000
0.000000
0.000000
0.000000
0.177741
0.000000
0.000000
0.000000
0.000000
0.000000
0.343026
0.000000
0.559756
0.000000
0.000000
0.000000
0.625211
0.157801
0.000000
0.000000
0.000000
0.000000
1.010598
0.000000
0.000000
0.000000
1.359577
1.062317
0.000000
0.000000
0.000000
0.000000
0.000000
0.039333
0.527712
0.000000
0.000000
0.570931
0.000000
0.000000
0.000000
0.000000
0.798305
0.000000
0.000000
0.138973
0.000000
0.937760
0.000000
0.000000
0.000000
0.000000
1.088468
0.000000
0.000000
0.000000
0.000000
0.000000
0.000000
0.000000
0.469996
0.000000
0.000000
0.000000
0.000000
0.000000
2.248944
0.000000
0.000000
0.070118
0.000000
0.000000
0.000000
1.128260
0.000000
0.200030
1.023272
0.000000
0.000000
0.000000
0.000000
0.000000
0.314724
0.000000
0.000000
0.230783
0.000000
1.029217
2.251613
0.000000
0.000000
0.000000
0.000000
0.961315
0.637744
0.000000
0.000000
0.934862
0.000000
0.000000
0.000000
0.000000
0.000000
0.000000
0.000000
0.000000
0.412442
0.000000
0.000000
0.000000
0.000000
0.000000
0.000000
0.949980
0.000000
0.000000
0.000000
0.000000
0.000000
0.000000
1.409225
0.305644
1.880087
0.308769
1.196395
1.651407
0.000000
0.668439
0.000000
0.000000
0.000000
0.000000
0.000000
0.000000
1.726229
0.000000
0.000000
0.000000
0.000000
0.000000
0.402016
0.041987
1.751136
1.651395
0.000000
0.000000
1.437093
0.051218
0.000000
0.000000
0.000000
0.000000
0.000000
0.000000
0.000000
0.000000
0.031416
0.000000
0.000000
1.864248
0.000000
0.869981
0.000000
0.977746
0.000000
0.000000
0.000000
1.283671
0.000000
0.588869
0.000000
1.035017
0.000000
0.000000
0.000000
0.000000
0.000000
0.000000
0.584843
0.000000
0.000000
0.000000
0.000000
0.000000
0.086129
0.066895
0.000000
0.000000
0.821092
0.000000
0.000000
0.000000
0.000000
0.000000
0.000000
0.900228
0.000000
0.000000
0.000000
0.000000
0.819789
0.000000
0.352709
2.111329
0.000000
0.408786
0.000000
0.000000
0.000000
0.000000
1.258515
0.000000
0.007908
0.126744
0.198631
0.000000
0.000000
0.000000
0.000000
0.000000
0.976495
0.000000
0.289383
0.624690
0.000000
0.000000
0.000000
0.000000
1.371597
0.000000
0.629825
0.000000
0.000000
0.000000
0.000000
0.000000
0.367367
0.583023
0.150684
0.451868
0.000000
1.677773
0.000000
0.000000
0.000000
0.000000
0.000000
0.000000
0.000000
0.145406
0.000000
0.000000
0.000000
0.000000
0.000000
0.000000
0.000000
0.000000
0.000000
0.000000
0.000000
0.000000
0.000000
0.000000
0.000000
0.000000
0.000000
0.000000
1.637635
0.000000
0.000000
0.084795
0.112800
0.046336
0.961792
0.000000
0.000000
0.000000
0.798207
1.508465
2.123573
0.000000
0.075022
0.337395
0.375587
0.000000
0.000000
0.000000
0.000000
0.000000
0.376310
0.000000
0.000000
0.000000
0.197691
0.654891
0.568978
0.000000
0.000000
0.000000
0.000000
0.000000
0.000000
0.000000
0.000000
0.000000
0.000000
0.000000
0.000000
0.000000
0.115768
0.000000
2.034627
2.175467
0.335116
0.000000
0.000000
0.000000
0.000000
0.000000
0.000000
0.659729
0.042672
0.000000
0.000000
0.000000
0.000000
0.000000
0.000000
0.000000
2.539331
0.967295
0.000000
0.328734
2.431489
1.539188
0.824136
0.000000
0.000000
0.000000
0.000000
0.000000
0.000000
1.290529
0.000000
0.000000
0.179598
0.000000
0.000000
0.270755
0.000000
0.000000
0.000000
0.000000
0.000000
0.000000
0.000000
0.000000
0.000000
0.000000
0.000000
0.000000
0.402935
0.000000
1.982659
0.000000
0.000000
0.000000
0.000000
0.000000
0.000000
0.000000
0.218659
0.000000
0.000000
0.000000
0.000000
0.000000
0.000000
0.000000
0.000000
0.000000
0.000000
0.000000
0.927823
0.126684
0.000000
0.000000
0.000000
0.000000
0.000000
2.244217
0.000000
0.000000
0.000000
0.000000
0.000000
0.000000
0.000000
0.000000
0.000000
0.000000
0.000000
0.380352
0.000000
1.761135
0.000000
1.656500
0.000000
0.249801
0.526129
0.000000
0.000000
0.000000
0.000000
0.000000
0.000000
0.756121
0.000000
1.049643
0.000000
0.000000
0.102160
0.000000
0.241381
0.000000
0.000000
0.000000
0.000000
0.000000
0.278387
0.000000
0.000000
0.000000
0.000000
0.313036
0.000000
0.000000
0.000000
0.000000
0.000000
0.065845
1.086719
0.000000
0.000000
1.221681
0.000000
0.073789
0.000000
0.000000
0.000000
0.000000
0.000000
0.716084
0.000000
0.000000
0.000000
0.000000
0.209105
0.000000
0.355876
0.000000
0.001120
0.000000
0.000000
0.000000
0.030941
0.000000
0.000000
0.816207
0.000000
0.000000
0.000000
0.000000
0.000000
0.000000
1.288366
1.126939
0.000000
0.000000
0.000000
0.000000
0.000000
0.144668
0.000000
0.000000
0.000000
0.000000
0.000000
0.000000
0.188866
0.262926
0.000000
0.000000
0.219355
0.000000
0.000000
0.000000
0.000000
0.000000
0.000000
0.000000
0.000000
0.000000
0.089997
0.000000
0.000000
0.000000
0.000000
0.000000
0.000000
0.000000
0.000000
0.000000
0.000000
0.000000
0.000000
0.000000
0.000000
0.000000
0.000000
0.000000
0.000000
0.000000
0.000000
0.000000
0.000000
0.000000
1.243109
0.000000
0.000000
0.327245
0.000000
0.000000
0.000000
0.230470
0.000000
0.000000
1.092891
0.000000
0.000000
0.433848
0.000000
0.000000
0.000000
0.000000
0.000000
0.000000
2.715131
0.000000
0.000000
0.000000
1.340849
0.000000
0.000000
0.000000
0.000000
0.000000
0.000000
0.000000
0.523513
0.000000
0.330729
1.266271
0.000000
0.000000
0.000000
0.000000
0.000000
0.000000
0.000000
1.156799
0.000000
0.000000
0.000000
0.000000
0.713862
0.851787
0.000000
0.000000
0.000000
0.000000
0.000000
0.504045
0.000000
0.000000
0.000000
0.000000
0.000000
0.000000
0.000000
0.000000
0.000000
0.000000
0.014870
0.000000
0.000000
0.000000
0.236961
0.000000
0.000000
0.000000
0.299240
0.495047
2.241537
0.546161
0.000000
0.000000
0.000000
0.000000
1.858458
0.000000
0.000000
1.226630
0.022419
0.850720
0.000000
0.000000
0.000000
0.000000
0.000000
0.000000
0.585650
0.000000
0.000000
0.003060
0.866797
0.229385
0.000000
0.000000
0.000000
0.747147
0.000000
0.000000
0.000000
0.000000
0.000000
0.000000
0.841776
0.000000
0.000000
0.000000
0.000000
0.000000
0.481397
0.000000
0.000000
0.000000
1.441842
0.000000
0.000000
0.199491
2.560553
0.000000
0.000000
0.000000
0.000000
0.000000
0.000000
1.802326
0.075952
0.000000
0.000000
0.000000
0.000000
0.000000
0.000000
1.466651
0.000000
0.029979
0.000000
0.000000
0.000000
0.753690
0.920951
0.000000
0.630698
0.000000
0.000000
0.000000
0.000000
0.624806
0.000000
0.000000
0.880541
0.000000
0.000000
0.000000
0.000000
0.000000
0.000000
1.095487
0.153108
0.000000
0.000000
0.000000
1.008339
0.000000
0.000000
0.000000
0.000000
0.000000
0.000000
0.000000
0.000000
0.000000
0.000000
0.000000
0.860857
1.204376
0.000000
0.088724
0.000000
1.488157
0.000000
0.000000
0.000000
0.000000
0.000000
0.000000
0.000000
0.640727
0.683547
0.417181
0.632205
0.000000
0.000000
0.000000
0.000000
0.000000
0.000000
0.000000
0.000000
0.000000
0.000000
0.000000
0.000000
0.000000
0.000000
0.000000
1.341179
0.000000
0.000000
0.000000
0.793170
0.000000
0.000000
0.000000
0.020424
0.000000
0.000000
0.000000
0.000000
0.000000
1.074938
0.000000
0.000000
0.344780
1.390328
0.661215
0.000000
0.000000
0.000000
0.000000
0.000000
0.000000
0.000000
0.000000
0.000000
0.084284
0.000000
0.215102
0.000000
0.092999
0.000000
0.000000
0.000000
0.000000
0.000000
0.000000
0.155045
0.094885
0.000000
0.000000
0.000000
0.875766
0.000000
0.000000
0.000000
0.577086
0.000000
0.000000
0.000000
0.406001
2.047837
0.000000
0.000000
0.000000
0.000000
0.000000
0.000000
0.000000
0.000000
0.000000
0.000000
0.000000
0.308453
0.000000
0.000000
0.000000
0.320255
0.000000
0.000000
0.777885
0.000000
0.000000
0.000000
0.000000
0.000000
1.070123
0.000000
0.000000
0.406202
0.000000
0.000000
0.000000
0.000000
0.000000
0.000000
0.000000
0.208077
0.000000
0.811731
0.000000
0.000000
0.000000
0.000000
0.000000
0.000000
0.000000
1.678480
0.000000
0.000000
0.965757
0.000000
0.000000
0.000000
0.000000
0.000000
0.000000
0.000000
0.000000
0.000000
0.000000
0.000000
0.000000
0.387727
0.000000
0.000000
0.000000
0.869713
0.000000
0.000000
0.000000
0.000000
0.000000
0.000000
0.000000
0.000000
0.055098
0.000000
0.000000
0.000000
0.000000
0.000000
0.000000
2.643623
0.000000
0.095296
0.450790
0.499385
1.117998
0.607863
0.000000
0.000000
0.000000
0.000000
0.000000
0.000000
0.000000
0.000000
0.000000
0.000000
0.000000
0.150999
0.204585
2.451903
0.000000
0.000000
0.000000
0.000000
0.000000
0.000000
0.000000
0.000000
0.000000
0.000000
0.430836
0.173415
0.000000
0.000000
0.000000
0.000000
0.000000
0.000000
0.000000
0.000000
0.000000
0.000000
0.000000
0.000000
0.000000
0.000000
0.000000
0.000000
0.000000
0.000000
0.000000
0.000000
0.000000
0.000000
0.000000
0.000000
0.000000
0.000000
0.000000
0.168099
0.000000
0.000000
0.000000
0.000000
0.000000
0.939113
0.000000
1.082006
1.417231
0.659704
0.000000
0.000000
0.000000
0.000000
0.000000
0.000000
0.000000
0.022478
0.000000
0.000000
0.000000
0.000000
0.000000
0.000000
0.024920
0.544111
0.000000
0.000000
0.000000
0.000000
0.000000
0.000000
0.000000
0.000000
0.000000
0.000000
1.129411
0.000000
0.678139
1.205547
0.000000
0.388681
0.000000
0.000000
0.000000
0.000000
0.000000
0.000000
0.000000
0.000000
0.000000
0.732896
0.000000
2.012856
0.172327
0.000000
0.000000
0.000000
0.000000
0.000000
0.000000
0.000000
0.000000
0.000000
0.412992
0.000000
0.000000
0.251564
0.000000
0.000000
0.000000
0.000000
0.000000
0.000000
0.000000
0.488652
0.040346
0.000000
0.000000
0.000000
0.000000
0.000000
0.000000
0.000000
0.000000
0.000000
0.325122
0.106707
1.671376
0.000000
0.652230
0.275636
0.000000
0.000000
0.000000
0.000000
0.317894
0.000000
0.000000
0.000000
0.000000
0.000000
0.000000
0.000000
0.000000
0.000000
0.000000
0.000000
0.000000
0.000000
0.429765
0.000000
0.000000
0.000000
0.000000
0.000000
0.323302
0.000000
0.000000
1.801789
0.000000
0.000000
1.906954
0.000000
0.000000
1.241523
0.000000
0.403853
0.000000
0.924268
0.000000
0.000000
0.000000
0.000000
0.000000
0.000000
0.000000
2.695984
0.000000
1.211942
0.000000
0.000000
0.000000
0.696634
0.000000
0.802455
0.538814
0.000000
0.000000
0.000000
0.000000
0.000000
0.000000
0.000000
0.000000
0.000000
0.631469
0.287948
0.533443
0.195043
0.000000
0.000000
0.354584
0.000000
0.000000
0.000000
0.155190
0.086079
0.000000
1.024826
0.000000
0.000000
0.000000
0.261801
0.056159
0.000000
0.000000
0.517025
0.000000
0.000000
0.000000
0.000000
0.000000
0.200996
0.000000
0.000000
0.983316
2.140044
0.000000
0.000000
0.000000
0.000000
0.508994
0.000000
0.000000
0.000000
0.000000
0.000000
0.000000
0.653048
0.000000
0.000000
0.000000
0.526419
0.095654
0.000000
1.262897
0.000000
0.000000
0.000000
0.000000
0.000000
1.629384
0.394297
0.000000
0.000000
0.912754
0.049636
0.523974
0.000000
0.000000
0.000000
0.000000
0.000000
0.000000
0.822645
0.677649
0.000000
0.000000
0.000000
0.000000
0.000000
0.000000
0.000000
0.000000
0.000000
0.000000
0.000000
2.189756
0.132326
0.000000
0.000000
0.000000
0.000000
0.000000
0.000000
3.672486
0.000000
0.000000
0.000000
0.000000
0.000000
0.000000
0.000000
1.950069
0.000000
0.000000
0.000000
0.000000
0.208836
0.376859
0.000000
0.000000
0.000000
0.000000
0.000000
0.000000
0.000000
0.000000
0.000000
0.000000
0.179034
0.225209
0.000000
1.677319
0.000000
0.000000
0.000000
0.000000
0.000000
0.000000
2.037232
0.463935
0.395728
0.000000
0.000000
0.000000
0.316291
0.000000
0.000000
0.092944
0.000000
0.000000
0.000000
0.069152
0.000000
0.129599
0.000000
0.000000
0.000000
0.000000
0.000000
0.000000
0.000000
1.022701
0.000000
0.132207
0.000000
0.000000
0.000000
0.000000
0.000000
0.000000
0.000000
0.000000
0.000000
0.000000
0.000000
0.694572
0.195677
0.000000
0.000000
0.000000
0.000000
0.340610
0.000000
0.000000
0.000000
0.000000
0.000000
0.000000
0.000000
0.000000
0.622987
0.000000
0.000000
0.360337
0.000000
0.000000
2.078783
0.802789
0.000000
0.000000
0.638212
0.000000
0.000000
0.000000
0.000000
0.144167
0.000000
0.000000
0.000000
0.000000
0.000000
0.000000
0.000000
0.000000
0.006383
0.000000
0.000000
0.000000
0.000000
1.355248
0.527078
0.000000
1.396785
0.000000
1.964201
0.651151
0.819120
0.000000
1.241745
0.000000
0.000000
0.071424
0.000000
0.000000
0.000000
0.000000
0.000000
0.549181
0.725226
0.000000
0.140727
0.000000
0.000000
0.000000
0.000000
0.000000
0.000000
0.875203
0.641456
0.000000
0.000000
0.000000
0.000000
0.592087
0.000000
0.346695
1.153241
0.000000
0.000000
0.000000
0.000000
0.000000
0.000000
0.000000
0.000000
0.485350
0.000000
0.000000
0.000000
0.000000
0.000000
0.000000
0.000000
0.000000
0.496503
0.000000
0.000000
0.459413
0.000000
0.000000
0.000000
0.000000
0.369689
0.134395
0.000000
0.000000
0.000000
0.000000
0.000000
0.752857
0.000000
0.000000
0.000000
0.000000
0.361144
0.000000
0.726540
0.000000
1.655918
0.000000
0.000000
0.000000
1.597611
0.000000
1.046235
0.000000
1.433116
0.000000
0.000000
0.000000
0.000000
0.000000
2.327184
0.000000
0.000000
0.000000
0.000000
0.000000
0.000000
0.000000
0.000000
0.000000
0.000000
0.000000
0.000000
0.000000
0.366435
0.153726
0.000000
0.043503
0.391219
0.000000
0.000000
0.000000
0.000000
0.000000
0.000000
0.000000
0.271335
0.934302
0.000000
2.095887
0.215884
0.000000
0.000000
0.131790
0.441221
0.000000
0.000000
0.000000
0.000000
0.000000
0.000000
0.060612
0.000000
0.000000
0.000000
0.000000
0.000000
0.000000
0.000000
0.000000
0.000000
0.000000
0.000000
0.000000
0.658302
0.000000
1.568693
0.000000
0.000000
0.000000
0.000000
0.000000
0.752452
1.516878
0.000000
0.000000
0.000000
0.000000
0.000000
0.000000
1.501022
0.000000
0.000000
0.855364
0.000000
0.000000
0.000000
1.401442
0.000000
0.000000
0.000000
0.000000
0.000000
0.399257
0.000000
0.000000
0.352605
0.000000
0.000000
0.000000
0.000000
0.595402
0.505152
0.000000
0.000000
0.000000
0.398935
0.000000
0.686320
0.000000
0.000000
0.000000
0.000000
0.000000
0.000000
0.000000
0.000000
0.000000
0.000000
1.340524
0.000000
0.000000
0.000000
0.000000
0.000000
0.113512
0.000000
0.000000
0.000000
0.000000
0.000000
0.632848
0.000000
0.000000
0.800190
0.000000
0.000000
0.081074
1.146657
0.000000
0.118546
0.000000
0.247959
0.000000
0.000000
0.185920
0.883082
0.000000
0.000000
0.000000
0.309483
0.000000
0.000000
0.128319
0.000000
0.000000
0.180546
0.507383
0.000000
0.000000
0.000000
0.000000
0.000000
0.000000
0.000000
0.000000
1.182400
0.000000
0.614704
1.029595
0.602172
0.000000
0.000000
0.000000
0.000000
0.000000
0.264478
0.291321
0.939744
0.446796
0.000000
0.000000
0.000000
0.000000
0.000000
0.359296
0.000000
0.000000
0.000000
0.000000
0.000000
0.000000
0.000000
0.000000
0.000000
0.000000
0.000000
0.000000
2.178952
0.000000
0.000000
0.000000
0.718493
0.000000
1.320867
0.906667
0.000000
0.000000
0.000000
0.000000
0.000000
0.000000
0.000000
0.547450
0.000000
0.000000
0.796806
0.000000
0.000000
0.000000
0.608532
0.000000
0.000000
0.318494
0.298384
0.000000
2.055498
0.384633
0.850941
0.461039
0.000000
0.000000
0.000000
0.000000
0.000000
0.000000
0.000000
0.000000
0.000000
0.317116
0.000000
0.000000
0.000000
0.237194
0.000000
0.000000
0.000000
0.000000
0.000000
0.801195
0.000000
0.000000
0.000000
0.000000
0.000000
0.000000
0.000000
1.026740
0.000000
0.727636
0.000000
0.070154
0.000000
0.000000
0.000000
0.000000
0.000000
0.000000
0.003550
1.847335
0.000000
0.000000
0.000000
1.311518
0.000000
0.000000
0.000000
0.000000
0.000000
0.000000
0.000000
0.000000
0.000000
0.927754
0.000000
0.000000
0.000000
0.000000
1.575971
0.000000
0.800321
0.000000
0.000000
0.000000
0.000000
0.738374
0.000000
0.189649
0.000000
0.000000
0.000000
0.000000
0.000000
0.378960
0.200335
0.200119
0.000000
0.000000
0.000000
0.000000
2.038880
0.136443
0.000000
0.754990
0.000000
0.000000
0.000000
0.000000
0.000000
0.363582
0.000000
0.000000
1.120357
0.000000
0.000000
0.000000
0.000000
0.000000
0.000000
0.000000
0.000000
0.601180
0.000000
0.000000
0.000000
0.000000
0.000000
0.000000
1.617769
0.000000
0.000000
0.556621
1.882864
0.000000
1.318458
1.329764
0.000000
0.000000
0.000000
0.000000
0.000000
0.000000
0.535374
0.000000
0.000000
0.000000
0.000000
0.000000
0.000000
0.000000
0.000000
0.088268
0.436453
0.000000
0.000000
0.000000
0.000000
0.000000
0.000000
0.172178
0.000000
1.276135
0.000000
0.000000
0.000000
0.000000
0.000000
0.000000
0.000000
0.000000
0.000000
0.000000
0.944128
0.740306
0.209769
0.000000
0.000000
0.000000
0.005969
0.073157
0.000000
0.000000
0.000000
0.000000
0.000000
0.000000
0.000000
0.000000
0.518517
0.000000
0.001760
0.000000
0.000000
0.000000
0.993403
0.172425
0.000000
0.000000
0.000000
0.000000
0.692363
0.340361
0.000000
0.000000
0.171197
0.000000
0.000000
0.000000
0.000000
0.000000
0.000000
0.000000
0.000000
0.000000
0.000000
0.252103
0.791728
0.000000
0.000000
0.352287
0.000000
0.000000
0.000000
1.654370
0.000000
0.000000
0.010584
0.510981
0.447734
0.000000
0.000000
0.000000
0.000000
0.000000
0.000000
0.000000
0.000000
0.437157
0.000000
0.000000
0.000000
0.000000
0.000000
0.270124
0.000000
0.841962
0.562849
0.000000
0.000000
0.000000
0.000000
0.000000
0.000000
2.059931
0.000000
2.289058
0.000000
0.000000
0.000000
0.959412
0.638035
0.000000
0.060515
0.000000
0.802441
0.000000
0.000000
0.000000
0.721915
0.019962
0.000000
0.000000
0.000000
0.443202
0.000000
0.000000
0.000000
0.000000
1.824951
0.000000
0.299527
0.000000
0.000000
1.185292
0.000000
0.796511
0.649010
0.612427
0.937552
0.002104
0.000000
0.000000
0.000000
0.000000
0.000000
0.000000
0.000000
0.000000
0.000000
0.000000
0.000000
0.412184
0.000000
0.000000
0.000000
0.496695
0.000000
0.000000
0.000000
0.000000
0.000000
0.317283
0.000000
1.412878
0.000000
0.000000
0.000000
0.000000
0.000000
0.000000
0.000000
0.000000
0.917919
0.000000
0.000000
0.000000
0.000000
0.000000
0.000000
0.000000
0.000000
0.000000
1.622012
0.000000
0.000000
1.805001
0.000000
0.000000
0.000000
0.000000
0.764162
0.000000
0.000000
0.000000
0.469678
0.000000
0.000000
0.000000
0.000000
1.696940
0.000000
0.000000
0.000000
0.000000
0.000000
0.000000
0.000000
0.000000
0.000000
0.195824
1.232147
0.000000
0.112313
0.000000
0.000000
0.756704
0.000000
0.000000
0.000000
0.000000
0.000000
0.000000
0.000000
0.000000
0.000000
0.000000
0.000000
0.256977
0.202130
0.000000
0.000000
0.000000
0.000000
0.000000
0.000000
1.806185
0.370937
0.281908
0.000000
0.000000
0.000000
0.000000
0.000000
0.000000
0.934162
0.240433
0.000000
0.000000
0.183887
0.000000
0.000000
0.355186
0.000000
0.000000
0.000000
0.000000
0.000000
0.000000
0.000000
0.000000
0.000000
0.000000
0.000000
0.000000
0.000000
0.000000
2.249038
0.000000
0.000000
0.450426
0.000000
0.000000
0.667437
0.000000
0.000000
0.000000
0.000000
0.000000
0.000000
0.000000
0.327286
0.000000
0.000000
3.276902
0.000000
0.761456
0.000000
0.000000
0.000000
0.000000
1.039896
0.000000
0.000000
0.000000
0.000000
0.000000
0.000000
0.000000
1.306266
0.000000
0.365097
0.000000
0.000000
1.453901
1.375824
0.887791
0.000000
0.000000
0.213337
0.000000
0.000000
0.000000
0.000000
0.000000
0.264842
0.000000
0.000000
1.511345
0.000000
0.000000
0.000000
1.791958
0.000000
0.000000
0.000000
0.000000
0.228520
1.010704
0.000000
0.000000
0.000000
0.000000
0.000000
0.000000
0.000000
0.000000
0.000000
0.000000
0.000000
0.000000
0.475473
0.000000
0.000000
0.000000
0.825916
0.000000
0.000000
0.606903
0.540229
0.000000
0.000000
0.516758
0.000000
0.000000
0.000000
0.000000
0.000000
0.000000
0.000000
0.709232
0.000000
0.000000
1.024799
0.000000
0.000000
0.000000
0.000000
0.000000
0.368258
0.000000
0.000000
0.000000
0.000000
0.000000
0.000000
1.199276
0.000000
0.000000
0.000000
0.409862
0.000000
0.000000
0.000000
0.056630
0.000000
0.000000
1.811797
0.000000
1.648394
0.000000
0.000000
0.558274
0.000000
0.000000
0.000000
0.000000
0.000000
0.000000
0.000000
1.074783
0.000000
0.000000
0.000000
0.436581
0.490156
0.000000
0.000000
0.000000
1.875267
0.000000
0.000000
0.509652
1.873495
0.000000
0.000000
0.560198
0.000000
0.000000
1.422539
0.000000
0.137380
0.000000
0.000000
0.000000
1.179319
1.083336
0.000000
0.000000
1.576437
0.000000
0.497280
0.000000
0.000000
0.000000
0.000000
0.000000
0.000000
0.000000
0.000000
0.000000
2.152093
0.000000
0.000000
0.000000
0.000000
0.000000
0.000000
0.000000
0.000000
0.000000
1.176621
0.000000
0.000000
0.000000
0.567388
1.574064
1.297353
0.000000
0.134902
0.000000
0.000000
0.000000
0.000000
0.000000
0.000000
0.419240
0.000000
1.087218
0.000000
0.000000
0.485337
0.000000
0.000000
0.000000
0.000000
0.000000
0.000000
0.000000
0.254903
0.000000
0.000000
0.000000
1.605922
0.000000
0.000000
0.000000
0.000000
0.000000
1.284575
0.000000
0.000000
0.000000
0.000000
0.082125
0.000000
0.000000
0.286957
0.000000
0.000000
0.000000
0.000000
0.000000
0.000000
0.706677
0.000000
0.000000
0.000000
0.000000
0.000000
0.000000
0.000000
0.000000
0.000000
0.000000
0.000000
0.000000
0.000000
0.000000
0.000000
0.000000
0.000000
0.000000
0.988791
0.000000
0.000000
0.000000
0.000000
0.000000
0.000000
0.000000
0.000000
0.000000
0.000000
0.000000
0.000000
0.000000
0.752311
0.000000
1.390401
1.656985
0.000000
0.000000
3.120488
0.000000
0.000000
0.000000
0.000000
0.000000
0.000000
0.000000
0.000000
0.789018
0.181132
1.429921
0.000000
0.000000
0.000000
0.000000
0.000000
0.000000
2.114427
1.497768
0.000000
0.538609
0.000000
2.493061
0.502410
0.000000
0.000000
0.000000
0.000000
0.000000
0.000000
0.599358
0.204022
0.000000
0.000000
0.000000
0.000000
0.000000
0.047401
0.000000
0.563161
0.000000
0.000000
0.238679
0.100686
0.551000
0.000000
0.000000
0.770556
0.000000
0.000000
0.000000
0.000000
0.000000
0.000000
0.000000
0.000000
0.000000
0.000000
0.000000
0.000000
1.929911
0.000000
0.000000
1.187227
0.000000
1.060618
0.000000
0.000000
0.000000
0.041737
0.000000
0.000000
0.000000
0.000000
0.000000
0.106376
0.000000
0.000000
0.291919
0.000000
0.000000
0.000000
0.000000
0.000000
0.000000
0.000000
0.243501
0.000000
0.000000
0.000000
0.000000
0.000000
0.000000
0.000000
0.000000
0.000000
0.000000
0.000000
0.000000
0.000000
0.825292
0.000000
0.000000
0.000000
0.000000
0.000000
0.000000
1.813592
0.000000
0.000000
0.000000
1.146972
0.000000
0.000000
0.000000
0.000000
0.000000
1.046501
0.000000
0.000000
0.460939
0.000000
0.568239
0.000000
0.000000
0.000000
0.000000
0.000000
0.000000
0.000000
0.000000
0.000000
0.000000
1.496095
0.000000
0.000000
2.787113
0.000000
0.325318
0.000000
0.000000
0.000000
0.000000
0.000000
0.000000
0.184077
0.000000
0.000000
0.000000
0.000000
0.000000
0.000000
0.000000
0.000000
0.000000
0.000000
0.000000
0.255350
1.903812
0.000000
0.000000
0.000000
2.213121
0.515749
0.000000
0.505091
0.000000
0.000000
0.000000
0.000000
0.000000
0.000000
0.000000
0.000000
0.000000
1.095608
0.000000
0.000000
0.367929
0.000000
0.000000
0.000000
0.187948
0.000000
0.000000
1.215264
1.218145
0.000000
0.000000
0.000000
0.000000
0.000000
0.000000
0.750289
1.389024
0.000000
0.000000
0.434109
0.000000
0.000000
0.873260
0.000000
0.000000
0.000000
0.000000
0.000000
0.000000
0.000000
0.834250
0.000000
0.000000
1.391086
0.000000
0.000000
1.025492
0.926324
0.000000
0.000000
0.000000
0.000000
0.000000
0.000000
0.000000
0.000000
0.000000
0.470865
0.845601
0.000000
0.000000
0.000000
1.014863
0.000000
0.000000
0.000000
1.143151
0.133400
0.851963
2.313218
0.000000
0.000000
0.000000
0.165401
0.000000
0.000000
0.000000
0.000000
0.000000
0.000000
0.000000
0.000000
0.000000
0.000000
0.000000
0.591612
0.000000
0.000000
0.000000
0.282821
0.000000
0.000000
0.000000
0.000000
0.000000
0.000000
0.000000
0.000000
0.000000
0.000000
0.000000
0.000000
0.000000
0.000000
0.000000
0.000000
0.000000
0.000000
0.000000
0.000000
0.000000
0.000000
0.000000
0.000000
0.000000
0.000000
0.446684
1.909665
0.000000
0.573546
0.000000
0.734788
1.047277
0.000000
1.607448
0.000000
0.000000
0.000000
0.645101
1.551842
0.000000
0.000000
0.000000
0.000000
0.000000
0.000000
0.000000
0.000000
2.238032
0.000000
0.000000
0.648950
0.000000
0.000000
0.000000
0.000000
0.000000
0.000000
0.000000
0.000000
1.339059
0.000000
0.000000
0.000000
0.000000
0.000000
0.000000
0.000000
0.000000
0.000000
0.000000
0.000000
0.000000
0.305608
0.447901
0.225530
0.000000
0.000000
0.203650
0.222375
0.000000
0.000000
0.000000
0.000000
0.742242
0.720993
0.682777
0.159488
0.549461
0.000000
0.000000
0.000000
0.645831
0.000000
0.493346
0.000000
0.397469
0.000000
0.000000
0.475866
0.168306
0.000000
0.000000
0.000000
0.000000
0.000000
0.000000
0.445142
0.099033
0.000000
0.000000
0.000000
0.000000
0.000000
0.000000
0.000000
0.000000
1.128204
0.000000
0.073617
0.000000
0.000000
0.000000
0.000000
0.034234
0.000000
0.000000
0.000000
0.000000
0.000000
0.000000
0.255741
0.000000
0.000000
0.000000
0.000000
0.000000
0.276253
0.000000
0.000000
0.000000
0.000000
0.000000
0.049582
0.155156
0.000000
0.000000
0.000000
0.000000
0.281450
0.000000
0.577533
0.000000
0.715633
0.000000
0.000000
0.000000
0.695359
0.000000
0.000000
0.000000
0.000000
0.512814
0.000000
0.000000
0.000000
0.000000
0.577863
0.000000
0.000000
0.000000
0.000000
0.062086
0.000000
0.000000
0.000000
0.000000
0.000000
0.000000
0.000000
1.470389
0.000000
0.695900
0.000000
0.000000
0.000000
0.000000
0.000000
0.004979
0.000000
0.000000
0.000000
0.000000
0.000000
0.000000
0.000000
0.625866
0.000000
0.063653
0.213337
0.000000
0.000000
0.000000
0.000000
0.125240
0.000000
0.000000
0.000000
0.000000
0.000000
0.000000
0.000000
0.000000
0.853807
0.000000
1.541991
1.123375
0.189745
0.000000
0.000000
0.000000
0.000000
1.671499
1.328968
0.151006
0.000000
0.000000
0.713835
2.518706
0.000000
2.309265
0.000000
0.000000
0.000000
3.019917
0.000000
0.000000
0.000000
0.000000
0.772092
0.940504
0.000000
0.530510
0.000000
0.000000
0.000000
0.000000
0.338906
0.000000
0.000000
0.000000
0.000000
0.000000
0.000000
0.199359
0.000000
0.000000
1.387151
0.283263
0.000000
0.000000
0.000000
0.000000
0.000000
0.000000
0.000000
0.021637
0.000000
0.000000
0.259857
0.000000
0.000000
0.000000
0.772174
0.000000
0.396222
0.000000
0.000000
0.000000
0.000000
1.737435
0.000000
0.000000
0.000000
0.000000
0.000000
0.492185
0.334377
0.000000
1.489751
2.918659
0.000000
0.000000
0.738227
0.000000
0.000000
0.000000
0.645475
0.617252
0.000000
0.000000
1.235757
0.000000
0.063415
0.000000
0.000000
0.000000
0.000000
0.000000
0.198500
0.000000
0.000000
0.244433
0.000000
0.000000
0.136314
0.000000
0.000000
0.000000
0.000000
0.033293
0.000000
0.000000
0.000000
0.067466
0.000000
0.000000
0.000000
1.051510
0.000000
0.496455
1.351402
0.526336
0.000000
0.000000
0.000000
0.000000
0.581701
0.000000
0.000000
0.000000
0.000000
0.380577
0.000000
0.000000
0.000000
