0.000000
0.000000
0.000000
0.000000
0.000000
0.000000
0.683760
0.000000
0.000000
0.000000
0.000000
0.000000
1.068479
0.000000
0.000000
0.000000
0.000000
0.357925
0.000000
0.000000
0.000000
0.000000
0.000000
0.542912
0.332527
0.000000
0.000000
0.000000
0.000000
0.857216
0.000000
0.000000
0.000000
0.000000
0.885482
0.000000
0.000000
0.000000
0.000000
0.000000
0.000000
0.000000
0.000000
0.000000
0.000000
0.000000
2.981098
0.000000
0.510008
0.000000
0.000000
0.000000
0.000000
0.000000
0.000000
0.000000
0.000000
0.000000
2.448572
0.000000
0.557390
0.000000
0.000000
0.000000
0.000000
0.000000
0.000000
0.000000
0.000000
0.000000
0.000000
0.000000
0.000000
0.000000
0.000000
0.000000
0.000000
0.436307
0.000000
0.000000
0.000000
0.000000
0.000000
0.000000
0.000000
0.251807
0.000000
1.827497
0.000000
0.000000
0.000000
0.147167
0.000000
0.000000
0.000000
0.000000
0.000000
0.000000
0.000000
0.000000
0.000000
0.000000
0.000000
0.000000
0.000000
0.000000
0.144294
0.000000
0.516042
0.000000
0.000000
0.000000
0.000000
0.000000
0.000000
0.000000
0.000000
0.000000
0.003198
0.000000
0.000000
0.000000
0.000000
3.702587
0.000000
0.000000
0.000000
0.000000
0.000000
0.000000
0.508721
0.000000
0.000000
0.000000
0.000000
0.000000
1.738023
0.000000
0.000000
0.000000
0.000000
0.000000
0.000000
0.000000
0.000000
0.000000
0.000000
2.073199
0.000000
0.000000
0.000000
0.000000
0.000000
0.163512
0.000000
0.278126
1.861998
0.292718
0.000000
0.000000
0.000000
0.707377
0.000000
0.809013
0.714640
0.000000
1.040790
2.524577
0.000000
1.316792
0.000000
0.000000
0.000000
0.000000
0.000000
0.128613
0.000000
0.000000
0.000000
0.000000
0.000000
0.000000
0.000000
0.000000
0.000000
0.000000
0.000000
0.000000
0.815577
0.000000
0.059426
0.000000
0.000000
0.000000
0.000000
0.000000
0.000000
0.000000
1.045343
0.000000
0.000000
0.000000
0.000000
0.000000
0.000000
0.000000
0.000000
2.674212
0.416610
0.000000
0.000000
0.000000
0.000000
0.000000
0.000000
0.000000
2.321620
0.000000
0.000000
0.000000
0.000000
0.367202
0.000000
0.000000
0.166131
0.866706
0.000000
0.000000
0.000000
0.000000
0.000000
1.042935
0.000000
0.000000
0.000000
0.000000
0.000000
0.000000
0.000000
0.000000
0.000000
0.000000
0.000000
0.000000
0.320167
2.852622
0.000000
0.000000
0.649433
0.000000
0.000000
0.308267
0.936408
0.000000
0.349642
0.000000
0.000000
0.000000
0.000000
0.064693
0.000000
0.177231
0.000000
0.000000
0.000000
0.000000
0.000000
2.403353
1.453790
0.000000
0.780466
0.000000
1.752338
0.000000
0.000000
0.000000
0.000000
0.000000
0.000000
0.000000
0.000000
0.000000
2.345171
0.000000
1.353300
0.000000
0.000000
0.000000
0.000000
0.000000
0.000000
0.000000
2.921419
0.000000
0.000000
0.000000
0.310466
0.362942
0.898802
0.000000
0.000000
0.000000
0.000000
0.000000
0.000000
0.000000
0.462809
0.326127
0.000000
0.046170
1.031186
0.000000
0.000000
1.372693
0.065179
0.929549
2.074872
0.000000
0.000000
0.000000
0.000000
0.000000
0.000000
0.000000
0.000000
0.000000
1.118030
0.000000
0.000000
0.000000
0.000000
0.000000
0.000000
0.000000
0.208931
0.000000
0.000000
0.000000
1.192715
0.000000
0.459309
0.000000
0.000000
0.022721
0.000000
0.000000
0.000000
0.000000
0.000000
0.000000
0.000000
0.000000
0.581944
0.553354
0.000000
0.000000
0.000000
0.000000
0.000000
0.814994
1.900308
0.000000
0.436046
0.000000
0.000000
0.000000
0.000000
0.000000
0.000000
0.000000
0.000000
0.000000
0.000000
0.000000
0.000000
0.000000
0.005179
0.000000
0.000000
1.068926
0.000000
0.000000
0.565304
0.000000
0.000000
0.087681
0.000000
0.000000
1.183442
0.000000
0.000000
0.000000
0.000000
0.000000
0.000000
0.000000
0.000000
0.026894
0.000000
0.000000
0.812569
0.000000
0.000000
0.000000
0.434458
0.819103
0.000000
0.000000
0.000000
0.258825
0.000000
0.000000
0.000000
0.000000
0.000000
0.000000
0.000000
0.000000
0.381862
0.000000
0.000000
0.316877
0.000000
0.000000
0.000000
0.000000
1.717067
0.000000
0.000000
0.000000
0.000000
0.221346
0.000000
0.000000
0.000000
0.000000
0.000000
0.000000
0.000000
0.000000
0.000000
0.000000
3.001639
0.000000
0.000000
0.000000
0.000000
0.000000
0.000000
0.000000
0.000000
0.000000
1.461543
0.061086
0.000000
0.652409
0.000000
0.823000
2.769003
0.000000
0.000000
0.000000
0.000000
0.000000
0.140407
0.396442
0.914716
0.000000
0.000000
0.000000
0.000000
0.000000
0.000000
0.000000
0.000000
0.000000
0.000000
0.000000
0.000000
0.000000
0.000000
0.000000
0.000000
0.000000
0.000000
0.000000
0.000000
0.772447
3.710064
0.000000
0.000000
0.000000
0.000000
0.000000
0.000000
0.000000
0.000000
0.000000
0.000000
1.219601
0.243488
0.000000
1.851612
0.000000
0.419182
0.000000
0.000000
0.000000
0.000000
0.000000
0.000000
2.074312
0.000000
0.046467
0.000000
0.000000
0.000000
0.000000
0.000000
0.000000
2.036981
0.000000
0.000000
0.000000
0.000000
0.000000
0.000000
0.000000
0.000000
0.000000
0.000000
0.494763
0.000000
0.000000
0.000000
0.000000
0.000000
1.767400
0.000000
0.000000
0.000000
0.000000
0.000000
0.000000
0.000000
0.000000
0.000000
2.496606
0.000000
0.777082
2.406122
2.400380
0.000000
0.000000
0.872597
0.209353
0.000000
0.000000
0.000000
0.000000
0.000000
0.476506
0.146528
0.000000
0.365431
0.000000
0.257582
0.000000
0.000000
1.856315
0.000000
0.322026
0.000000
3.829862
0.000000
0.000000
1.673506
0.813470
1.590235
0.000000
0.000000
0.000000
0.000000
1.053670
0.000000
0.000000
0.000000
0.000000
0.000000
0.524051
0.053788
0.000000
0.286224
0.715891
0.000000
0.000000
0.000000
0.000000
0.000000
0.000000
0.000000
1.547342
0.406301
0.000000
0.000000
0.000000
0.000000
0.000000
0.731462
0.000000
0.000000
0.000000
0.000000
0.000000
0.000000
0.000000
1.589187
0.000000
0.000000
0.000000
0.000000
0.000000
0.000000
2.360849
0.000000
0.000000
1.041667
1.364815
0.000000
0.000000
0.802279
0.000000
0.772267
1.173376
0.580368
0.000000
1.014721
0.000000
0.940285
0.000000
0.000000
0.000000
0.907709
0.000000
0.465720
0.000000
0.000000
0.000000
0.000000
0.060078
0.000000
0.359734
0.000000
0.000000
0.000000
0.000000
0.000000
0.000000
0.000000
0.000000
0.000000
0.000000
0.000000
0.000000
0.000000
0.000000
1.598199
0.000000
0.000000
4.560491
0.000000
0.627900
0.000000
0.000000
0.000000
0.000000
0.000000
0.000000
0.000000
0.000000
0.000000
0.000000
2.210058
0.000000
0.000000
0.000000
0.000000
0.000000
0.000000
0.000000
0.000000
3.085906
0.000000
0.000000
0.000000
0.000000
0.000000
0.000000
0.000000
0.000000
0.000000
0.000000
0.000000
0.199794
1.214725
0.000000
0.000000
0.269330
3.525540
1.874201
0.807780
0.000000
0.000000
0.000000
0.113283
0.000000
0.000000
0.000000
2.904920
0.000000
0.000000
0.000000
0.000000
0.000000
0.924680
0.250175
0.000000
0.000000
0.000000
0.000000
0.000000
0.489969
0.000000
0.000000
0.000000
0.000000
0.165440
0.000000
0.000000
0.000000
0.000000
0.000000
0.000000
1.626401
0.000000
1.768281
0.000000
0.000000
0.000000
0.000000
0.000000
0.000000
0.000000
0.000000
0.000000
0.000000
0.000000
0.000000
0.000000
0.000000
0.000000
0.000000
0.175619
0.000000
0.000000
0.000000
1.084883
0.000000
0.000000
0.951281
0.000000
0.308082
0.825982
0.000000
0.000000
0.000000
0.000000
0.000000
0.000000
0.000000
0.000000
0.000000
0.000000
0.000000
0.000000
0.000000
0.000000
0.000000
0.000000
0.000000
0.000000
0.000000
0.000000
0.000000
0.596945
0.000000
0.000000
0.000000
0.000000
0.000000
0.000000
0.000000
0.000000
1.002093
0.000000
2.138463
0.000000
0.000000
1.056666
0.305226
0.000000
0.000000
0.000000
0.000000
1.660552
0.000000
0.000000
0.000000
1.312246
0.489041
0.000000
0.009639
0.000000
0.000000
0.000000
0.000000
0.000000
0.000000
0.000000
0.000000
0.000000
0.000000
0.000000
1.399435
0.000000
1.136345
0.000000
0.763036
0.000000
1.157636
0.000000
0.000000
0.374623
0.000000
0.537788
0.000000
0.000000
0.000000
0.318368
0.000000
0.000000
0.833986
0.000000
0.000000
0.000000
0.000000
0.430684
0.000000
1.134967
0.583057
0.000000
0.000000
0.000000
0.000000
0.000000
0.000000
0.000000
3.059176
0.000000
1.957790
0.000000
0.000000
0.000000
0.000000
0.000000
0.000000
3.521789
0.000000
0.000000
0.000000
0.000000
0.000000
1.237267
1.200925
0.000000
2.529953
0.000000
0.890412
0.000000
0.000000
0.000000
0.000000
1.829968
0.000000
0.000000
0.662902
0.000000
0.000000
0.165436
0.000000
0.687929
0.000000
0.101157
0.000000
0.000000
0.000000
1.974896
0.000000
0.449438
0.000000
0.000000
0.000000
0.000000
0.111378
0.000000
0.000000
0.209556
0.000000
0.000000
0.000000
0.000000
0.631860
0.000000
0.000000
0.000000
0.000000
0.000000
0.000000
0.000000
0.331583
1.038357
0.424139
0.000000
0.000000
0.000000
2.339637
0.514067
0.000000
0.000000
0.317145
0.000000
0.000000
0.000000
1.671162
0.000000
0.000000
0.000000
0.000000
3.725606
0.000000
0.000000
0.000000
0.000000
0.000000
0.000000
0.000000
0.000000
0.000000
0.684381
0.000000
0.000000
0.000000
0.000000
0.000000
0.000000
0.000000
0.000000
0.000000
0.592239
0.289235
0.000000
0.000000
0.000000
0.000000
0.000000
0.000000
0.000000
0.000000
0.000000
0.000000
0.000000
0.000000
1.742840
0.000000
0.000000
0.000000
0.000000
0.000000
0.068364
0.000000
0.913260
0.000000
0.000000
0.000000
0.000000
0.000000
0.143614
1.333006
0.000000
2.866062
0.000000
0.000000
0.000000
0.000000
0.000000
0.000000
1.582513
0.000000
0.000000
0.000000
2.593556
0.000000
0.000000
0.000000
1.335905
0.000000
0.000000
0.000000
0.000000
0.000000
0.000000
1.251459
0.000000
1.263054
0.000000
0.000000
0.000000
0.000000
0.000000
0.169764
0.000000
1.897490
0.000000
0.000000
0.000000
0.000000
0.000000
0.000000
0.000000
0.000000
0.000000
0.000000
0.000000
0.000000
0.000000
0.000000
0.000000
2.289526
0.000000
0.000000
0.000000
0.000000
0.000000
1.629669
0.000000
0.000000
0.000000
0.000000
0.000000
0.530368
0.000000
0.000000
0.000000
0.000000
0.000000
2.330601
0.030657
0.000000
0.000000
0.000000
0.000000
0.000000
0.000000
0.000000
0.000000
0.000000
0.000000
0.000000
0.000000
1.175527
0.000000
0.000000
0.000000
0.060667
0.000000
0.000000
0.000000
0.000000
0.000000
0.000000
0.000000
0.000000
2.893393
0.000000
0.000000
0.000000
0.000000
1.199800
0.000000
0.000000
0.635862
0.902996
0.000000
0.000000
0.000000
0.000000
0.000000
0.000000
0.000000
0.000000
0.185310
0.000000
0.000000
0.000000
0.459768
0.000000
0.000000
0.000000
0.000000
0.000000
0.000000
0.000000
0.000000
0.000000
0.000000
0.000000
0.181826
0.533853
2.460622
0.000000
0.000000
0.000000
0.548778
0.000000
0.000000
0.000000
0.000000
0.000000
0.832116
0.000000
0.000000
0.000000
0.270139
0.000000
0.000000
0.000000
1.891093
0.000000
0.000000
0.000000
0.000000
0.000000
0.000000
0.000000
0.000000
0.000000
0.000000
0.000000
0.000000
1.415413
0.000000
0.000000
0.257311
0.000000
0.000000
1.078717
0.000000
0.000000
0.636457
0.000000
3.083732
0.000000
0.000000
1.143392
3.276715
0.000000
2.032066
0.289199
0.000000
0.000000
0.000000
0.000000
0.000000
0.000000
0.000000
0.000000
0.000000
0.000000
0.000000
0.000000
0.000556
0.000000
0.413416
0.000000
0.000000
0.000000
0.000000
0.000000
0.000000
0.000000
0.000000
0.000000
0.000000
4.098175
0.000000
0.000000
0.000000
0.000000
0.000000
0.000000
0.000000
0.000000
0.000000
0.000000
0.000000
0.000000
0.000000
0.738350
0.000000
0.000000
0.000000
0.000000
0.000000
2.389154
1.041327
0.000000
0.197721
0.000000
0.000000
0.841379
0.000000
0.000000
0.000000
0.000000
2.156985
0.000000
1.987312
0.000000
1.797567
0.000000
0.000000
0.818179
0.000000
0.000000
1.441364
0.000000
0.000000
0.000000
0.000000
0.910314
1.722162
0.000000
0.325959
0.218421
4.334302
0.000000
0.000000
0.000000
0.000000
0.507351
0.000000
0.000000
0.000000
0.597494
0.000000
0.000000
0.000000
0.900574
0.000000
0.024812
0.000000
0.627446
0.000000
1.091359
0.000000
0.000000
0.000000
0.985480
0.000000
0.000000
1.130537
0.000000
0.000000
0.000000
0.000000
0.000000
0.000000
0.000000
0.000000
0.000000
0.000000
1.453363
0.981916
0.000000
0.000000
0.000000
1.072165
0.000000
0.000000
0.000000
2.646515
2.072565
1.103774
0.000000
0.000000
0.000000
0.000000
0.000000
0.339769
0.000000
0.000000
0.702929
1.860148
3.185907
0.000000
0.000000
0.000000
0.000000
0.000000
0.000000
0.000000
0.000000
0.000000
0.000000
0.000000
0.000000
0.000000
0.612195
0.000000
0.000000
0.000000
0.000000
2.785630
0.014021
0.000000
0.000000
0.000000
0.000000
0.000000
0.000000
0.000000
0.790428
0.000000
0.000000
0.361818
0.000000
0.000000
0.000000
0.000000
1.912874
0.025847
0.000000
0.000000
0.917721
0.000000
0.000000
0.000000
0.000000
0.000000
0.000000
0.000000
0.000000
0.000000
0.000000
0.004432
0.000000
0.000000
0.000000
0.184801
0.000000
0.000000
0.000000
0.000000
0.000000
1.264726
0.000000
3.005614
0.000000
0.000000
0.000000
0.000000
0.000000
0.000000
0.000000
0.000000
0.461330
0.000000
0.000000
0.000000
0.000000
0.000000
0.000000
0.000000
0.000000
0.000000
0.000000
0.814869
0.000000
1.322477
0.295189
0.000000
0.000000
0.000000
1.483692
0.000000
0.000000
1.063641
0.364232
0.000000
0.308077
0.000000
0.000000
0.151407
0.000000
0.000000
1.074590
0.000000
0.925874
0.203602
0.000000
2.365044
0.000000
0.000000
0.000000
0.000000
0.112849
0.000000
0.000000
0.000000
0.000000
0.000000
0.000000
0.000000
0.000000
0.000000
0.067443
0.000000
0.000000
0.000000
0.139292
0.000000
0.000000
0.000000
0.159009
0.000000
0.173653
0.000000
0.000000
0.000000
0.000000
0.000000
0.000000
2.870556
0.000000
0.000000
0.000000
0.507020
0.000000
0.000000
0.000000
0.000000
0.000000
0.000000
0.000000
0.000000
0.000000
0.000000
0.000000
0.000000
0.000000
0.000000
0.000000
0.000000
0.054346
0.000000
0.000000
0.000000
0.000000
1.126634
0.068172
0.000000
0.445036
0.000000
0.000000
1.208128
0.000000
0.000000
0.504863
0.038628
0.186141
0.000000
0.000000
0.000000
0.000000
0.000000
0.000000
0.000000
0.000000
0.000000
0.000000
0.000000
1.107939
0.000000
0.000000
0.049949
2.133935
0.000000
0.000000
0.000000
0.000000
0.000000
0.485674
0.000000
0.000000
0.000000
0.000000
0.000000
0.733124
0.000000
0.615226
0.000000
0.000000
0.000000
0.000000
0.000000
0.000000
0.000000
0.000000
0.000000
0.000000
0.000000
0.000000
0.000000
0.906831
0.000000
0.000000
1.108015
3.048197
0.000000
0.000000
0.000000
0.000000
0.000000
3.840729
0.000000
0.000000
0.000000
0.000000
0.000000
0.000000
0.000000
0.000000
0.000000
0.000000
0.000000
0.000000
0.800713
0.000000
0.000000
0.000000
0.000000
0.000000
0.000000
1.319121
0.000000
0.074251
0.000000
0.000000
0.000000
3.225428
0.443011
0.000000
0.000000
0.000000
0.000000
0.000000
0.000000
0.000000
0.000000
0.000000
0.000000
1.204846
0.000000
0.000000
0.000000
0.654611
0.000000
0.000000
0.000000
0.000000
0.000000
0.000000
0.000000
0.000000
0.000000
0.000000
0.000000
1.056119
0.000000
0.000000
0.000000
0.000000
0.000000
0.000000
0.000000
0.000000
0.000000
0.000000
1.555521
1.146979
0.000000
0.000000
0.482484
0.498658
1.962347
0.000000
0.000000
0.000000
0.000000
0.000000
0.000000
0.000000
0.000000
0.000000
0.000000
0.000000
2.348277
0.852257
0.000000
0.305145
0.000000
0.000000
0.000000
0.058761
0.000000
0.000000
0.000000
0.812427
0.000000
0.000000
0.000000
0.000000
2.941267
0.000000
0.000000
0.000000
0.000000
0.000000
1.224368
0.000000
0.000000
0.000000
0.000000
0.000000
0.010404
0.000000
0.000000
0.694276
0.000000
0.000000
0.000000
0.000000
0.000000
0.818249
0.000000
0.000000
2.384663
0.000000
0.911246
0.011903
2.726306
0.000000
0.000000
0.000000
0.000000
0.064030
0.000000
0.926198
0.000000
0.000000
0.000000
1.544345
0.000000
2.906031
1.094187
0.000000
0.000000
0.000000
0.000000
0.000000
0.000000
0.000000
0.000000
0.000000
0.000000
0.000000
0.000000
0.000000
0.000000
0.000000
0.050287
0.000000
0.000000
0.000000
0.313588
2.919115
0.000000
0.000000
0.704005
0.000000
0.000000
0.718153
0.000000
0.000000
0.000000
0.000000
0.282605
0.000000
0.000000
0.000000
0.000000
0.000000
0.288138
0.000000
0.660917
0.000000
1.053756
2.933197
0.191109
0.000000
0.000000
0.000000
0.000000
0.163440
0.000000
0.000000
0.000000
0.000000
0.000000
0.000000
1.194258
0.694208
1.390861
0.000000
0.000000
0.000000
0.000000
0.000000
0.000000
0.000000
0.000000
0.095276
2.543386
0.000000
0.000000
1.008181
0.000000
0.000000
0.000000
0.000000
0.000000
0.000000
0.000000
0.000000
0.000000
0.000000
0.000000
0.000000
0.000000
0.000000
0.696760
0.000000
0.000000
0.000000
0.000000
0.000000
0.000000
0.000000
1.104512
0.000000
0.000000
0.000000
0.000000
0.000000
0.000000
0.085379
0.000000
0.000000
0.000000
0.915541
0.000000
0.000000
0.000000
0.000000
0.000000
0.000000
0.000000
0.000000
0.000000
0.000000
0.000000
0.000000
0.000000
0.000000
0.000000
1.132210
0.000000
0.000000
0.000000
0.000000
0.000000
0.000000
0.370382
0.000000
0.000000
0.000000
0.261485
1.350984
0.663238
0.000000
1.893011
0.000000
1.267220
0.000000
0.000000
0.000000
0.000000
0.000000
0.000000
1.670374
0.000000
0.745326
0.245254
0.000000
0.040025
1.114923
0.820443
0.000000
2.222775
0.000000
0.412029
0.000000
0.000000
0.546152
0.000000
0.000000
0.956788
0.000000
0.000000
0.000000
0.000000
0.432278
0.000000
0.000000
0.186552
0.148163
0.000000
0.000000
0.000000
3.263541
0.000000
0.000000
0.000000
0.000000
0.000000
0.000000
0.000000
0.039496
0.000000
0.000000
0.000000
0.000000
0.000000
0.000000
0.000000
0.000000
0.000000
0.000000
0.222359
0.000000
0.595160
0.000000
0.000000
2.234906
0.532953
0.000000
0.000000
0.000000
0.000000
0.000000
0.000000
0.000000
0.000000
0.908836
0.000000
0.000000
0.000000
0.000000
0.000000
0.451631
0.000000
2.656192
0.000000
1.964497
0.000000
0.000000
2.600115
0.000000
0.000000
0.000000
0.000000
0.000000
0.000000
0.000000
0.000000
2.617689
4.564194
0.000000
0.056961
0.000000
0.000000
0.000000
0.084299
0.000000
0.000000
0.000000
0.117615
0.354302
2.164192
0.000000
1.422442
0.172928
0.000000
0.523175
0.327218
0.000000
0.000000
0.000000
0.000000
0.000000
0.000000
0.000000
0.817603
0.000000
0.000000
0.000000
0.000000
3.059607
1.277159
0.000000
0.000000
0.000000
0.000000
0.000000
0.000000
0.000000
0.000000
1.264752
0.000000
0.000000
3.340146
0.000000
0.000000
0.000000
0.751416
0.000000
0.000000
0.000000
0.000000
0.210382
0.000000
1.274318
0.000000
1.578863
0.000000
0.000000
0.000000
1.414549
0.000000
0.000000
0.573221
0.000000
0.000000
0.000000
0.000000
0.000000
0.000000
0.000000
0.000000
0.000000
0.221647
0.000000
0.450662
0.000000
0.314171
0.000000
0.000000
0.000000
1.411245
0.000000
0.000000
0.000000
0.000000
0.000000
0.000000
0.000000
0.000000
1.203531
0.000000
0.984392
0.000000
0.353346
0.000000
0.000000
0.000000
0.766761
0.000000
2.140933
0.000000
0.487972
0.000000
0.000000
0.000000
0.000000
0.000000
0.000000
0.000000
0.000000
0.000000
0.366939
0.000000
0.000000
0.000000
0.000000
0.000000
0.000000
0.000000
0.814431
0.000000
0.000000
0.000000
0.000000
0.197293
0.000000
0.000000
0.450158
0.000000
0.000000
0.828803
0.000000
0.000000
1.186252
0.000000
0.308485
0.000000
0.000000
0.623237
0.000000
0.000000
0.000000
0.000000
0.000000
0.000000
0.000000
0.079761
1.091366
1.704134
0.000000
0.000000
0.633226
0.000000
0.000000
0.000000
0.000000
0.000000
0.000000
0.000000
0.000000
0.630568
0.000000
0.000000
0.000000
0.000000
3.384748
0.000000
1.550147
0.000000
1.917429
0.000000
0.000000
0.000000
0.000000
0.239092
0.296616
0.000000
0.000000
0.000000
0.110596
0.000000
0.000000
1.406778
0.295773
1.075155
0.000000
0.000000
0.000000
0.000000
0.000000
0.000000
0.000000
0.000000
0.000000
0.000000
0.000000
0.000000
1.447668
0.000000
0.000000
0.000000
0.000000
0.000000
0.000000
0.000000
0.956129
0.000000
0.000000
0.000000
0.468896
0.000000
0.000000
0.000000
0.000000
0.000000
0.000000
0.000000
0.000000
0.000000
0.000000
0.000000
0.849943
0.000000
1.445086
0.000000
0.137983
0.000000
0.000000
0.000000
0.000000
0.000000
0.215883
0.000000
0.000000
0.000000
0.000000
0.000000
0.495522
0.000000
0.000000
0.000000
1.115011
0.000000
0.165658
0.000000
0.000000
0.000000
0.000000
0.413305
0.137972
2.080486
0.000000
0.000000
0.000000
0.000000
0.000000
0.000000
0.000000
0.000000
0.000000
0.000000
0.000000
0.000000
0.000000
0.000000
0.000000
0.000000
0.000000
0.000000
0.000000
1.419994
2.607674
0.000000
0.000000
0.306207
0.000000
0.000000
0.000000
0.000000
0.000000
0.000000
0.000000
4.658448
0.000000
0.272999
1.383841
0.000000
0.000000
0.000000
0.000000
0.000000
0.000000
0.000000
0.000000
0.000000
0.000000
0.000000
0.000000
0.000000
0.000000
0.000000
0.000000
0.000000
0.000000
0.000000
0.635487
0.000000
0.000000
0.000000
0.000000
0.000000
0.000000
3.841230
0.000000
0.000000
0.000000
0.772479
0.000000
0.000000
0.000000
0.000000
0.000000
0.000000
0.000000
0.314599
0.602122
0.000000
0.000000
0.000000
0.000000
0.000000
0.886172
0.499442
0.246736
0.000000
0.000000
0.394539
0.000000
0.000000
0.000000
0.000000
0.000000
0.000000
0.000000
0.000000
0.000000
0.000000
0.000000
3.040334
0.000000
3.456760
0.943926
1.273972
0.000000
0.000000
0.000000
0.000000
0.000000
0.000000
0.000000
0.000000
0.000000
0.000000
3.358316
0.000000
4.073877
0.000000
0.000000
0.000000
0.000000
1.362128
0.000000
0.196811
0.000000
0.000000
0.000000
0.000000
1.606581
0.000000
1.113674
0.000000
0.000000
0.000000
0.000000
0.000000
0.000000
0.000000
0.000000
0.000000
0.000000
0.000000
0.000000
0.000000
0.859878
0.000000
0.000000
0.000000
0.000000
0.000000
0.294982
1.338512
0.000000
0.000000
0.000000
0.000000
0.000000
0.000000
0.000000
0.000000
0.000000
0.053468
0.205959
0.529504
0.352088
0.000000
0.000000
0.000000
0.000000
0.000000
1.214821
0.461936
0.607417
0.445165
0.000000
0.000000
0.000000
0.000000
0.000000
0.000000
0.000000
0.000000
0.000000
0.000000
0.000000
0.000000
0.000000
0.000000
0.000000
2.160856
0.000000
1.482427
0.000000
0.766382
0.000000
0.000000
0.000000
0.000000
0.000000
0.000000
0.000000
0.000000
0.000000
0.000000
0.000000
0.000000
0.000000
0.000000
0.753104
0.000000
0.000000
0.000000
0.000000
0.000000
1.322713
0.000000
2.981545
1.389984
0.000000
0.000000
0.000000
0.548119
0.000000
0.000000
0.000000
0.000000
0.000000
0.000000
0.000000
0.000000
0.000000
1.005121
0.000000
0.000000
0.000000
0.206252
0.000000
1.130204
0.000000
0.000000
0.000000
0.000000
1.083536
0.000000
0.000000
0.000000
0.000000
0.000000
0.000000
0.380108
0.000000
2.476350
0.000000
1.559756
0.000000
0.000000
0.560446
0.000000
0.000000
1.799417
0.000000
0.000000
0.000000
0.000000
0.000000
0.564716
0.000000
0.148300
0.000000
0.000000
0.000000
0.000000
0.000000
0.000000
0.000000
0.000000
0.213302
0.000000
0.000000
0.000000
1.960117
0.000000
0.000000
0.000000
0.000000
0.000000
0.000000
0.000000
2.300246
0.000000
0.000000
0.000000
0.000000
0.000000
0.000000
0.000000
0.039451
0.115284
0.000000
0.000000
0.000000
0.000000
0.684047
0.000000
0.000000
0.000000
0.783883
0.000000
0.000000
0.000000
0.000000
0.000000
0.000000
0.000000
0.000000
0.823510
0.000000
0.442446
0.573406
0.000000
0.193839
0.000000
0.000000
0.000000
0.000000
0.000000
0.107702
0.000000
0.000000
0.000000
0.000000
0.000000
2.226817
1.288667
2.301842
0.000000
0.000000
0.000000
0.000000
0.000000
0.000000
0.000000
1.399039
0.091010
0.000000
0.000000
0.000000
0.000000
0.000000
0.000000
0.000000
0.000000
0.000000
0.000000
0.000000
0.301781
0.000000
0.000000
0.000000
0.000000
0.889802
0.000000
0.000000
0.000000
0.000000
0.000000
0.000000
0.043794
0.000000
2.893853
2.642832
0.000000
0.000000
0.000000
0.000000
0.000000
0.000000
0.000000
0.000000
0.000000
0.000000
0.000000
0.000000
0.000000
0.000000
0.000000
0.000000
0.000000
0.835101
0.000000
0.163088
0.000000
0.000000
0.000000
1.669455
1.817455
0.000000
0.660401
0.000000
2.635131
0.000000
0.000000
0.000000
0.339603
1.292889
0.000000
0.000000
0.000000
0.000000
0.000000
1.749312
0.000000
0.000000
0.000000
0.000000
0.000000
1.686745
0.000000
1.340641
0.000000
0.000000
0.000000
0.000000
0.208276
0.000000
0.000000
0.074728
0.000000
1.446042
0.000000
0.672251
0.000000
1.959536
0.000000
1.686365
0.000000
0.000000
0.000000
0.000000
0.000000
0.000000
0.000000
0.000000
0.000000
0.000000
0.000000
0.000000
0.000000
0.000000
0.000000
0.000000
0.000000
0.000000
0.000000
0.000000
0.000000
0.000000
0.000000
0.334229
0.655228
0.000000
0.000000
0.000000
0.000000
0.149670
0.000000
0.000000
0.000000
0.000000
0.000000
0.000000
0.000000
1.315699
0.000000
0.000000
0.000000
0.986837
0.585200
0.000000
0.000000
0.000000
0.000000
0.000000
0.000000
0.000000
0.000000
0.000000
0.000000
0.000000
0.000000
0.000000
0.000000
0.000000
0.000000
1.137727
0.000000
0.000000
0.884563
1.014709
0.000000
0.000000
0.000000
0.000000
0.000000
0.227533
0.000000
0.754190
0.000000
0.233458
2.913085
0.000000
1.023221
0.000000
0.085745
0.000000
0.000000
0.903640
0.000000
0.000000
0.000000
0.493627
0.390821
0.000000
0.000000
0.315171
0.504802
0.000000
0.000000
0.000000
0.000000
0.000000
0.000000
0.000000
0.000000
0.000000
0.330052
0.000000
0.000000
0.000000
0.000000
0.000000
0.000000
0.000000
0.000000
0.000000
0.209412
0.000000
0.024978
0.000000
0.000000
0.623157
1.756324
0.000000
0.000000
1.351880
0.000000
1.359436
1.560557
0.000000
0.000000
0.646371
0.000000
0.000000
0.000000
0.000000
0.000000
0.000000
0.000000
2.742827
0.000000
0.000000
0.000000
0.100454
0.000000
0.000000
0.000000
0.153312
0.810209
0.000000
0.000000
0.000000
0.000000
0.000000
0.000000
0.000000
0.000000
0.000000
0.000000
0.000000
0.074439
0.594155
3.920550
0.000000
0.000000
0.000000
0.000000
0.000000
0.000000
0.000000
0.000000
2.821978
0.000000
0.445221
0.000000
0.000000
0.000000
0.424502
0.532248
2.380725
0.000000
0.000000
0.000000
0.000000
0.000000
0.000000
0.000000
0.000000
0.097053
0.000000
0.000000
0.000000
0.000000
0.000000
0.294016
0.000000
0.000000
2.251011
0.000000
0.000000
0.000000
0.152011
0.000000
0.000000
0.000000
0.000000
0.141720
0.000000
0.093873
0.000000
0.000000
0.000000
1.696259
0.000000
0.000000
0.030265
0.727092
0.226015
0.000000
1.341926
1.294644
0.000000
0.000000
0.000000
0.000000
0.000000
0.000000
0.000000
0.000000
0.000000
0.000000
0.000000
0.000000
0.245757
0.000000
0.888834
0.000000
0.000000
0.821084
0.000000
0.000000
0.000000
0.799198
0.000000
0.000000
0.000000
0.000000
3.065277
1.123055
0.065572
1.891220
0.000000
0.000000
0.000000
0.000000
0.000000
0.489579
0.000000
0.000000
0.000000
0.000000
0.000000
0.000000
0.000000
0.000000
1.608162
0.000000
0.000000
0.313258
0.000000
0.063374
0.000000
0.000000
1.824919
0.000000
0.000000
0.000000
0.000000
0.000000
0.000000
0.000000
0.000000
0.000000
0.000000
0.000000
0.000000
0.118144
0.000000
1.341513
0.000000
0.517898
0.000000
0.079408
0.000000
0.000000
0.000000
0.000000
1.654779
0.000000
0.054894
0.000000
0.000000
0.000000
1.074521
0.000000
0.796973
0.000000
0.000000
0.742477
0.000000
0.122522
0.000000
0.232672
0.053209
0.000000
0.000000
0.000000
0.000000
0.866645
0.000000
0.000000
0.258849
0.000000
0.000000
0.051796
0.000000
0.000000
0.000000
0.070721
0.000000
0.000000
0.000000
0.000000
0.264586
0.000000
0.458239
0.000000
0.000000
0.000000
1.753108
0.000000
0.000000
0.000000
0.000000
1.504336
0.000000
0.000000
0.000000
0.000000
0.000000
2.074045
0.097075
0.000000
0.000000
0.082841
0.000000
2.182431
0.000000
0.564776
0.000000
0.000000
0.000000
0.000000
0.000000
0.000000
0.000000
0.698694
0.000000
0.721017
0.000000
1.529805
0.000000
0.000000
0.000000
0.000000
0.482133
0.000000
0.569597
0.000000
0.000000
0.000000
0.000000
0.000000
0.000000
0.000000
0.000000
0.000000
0.000000
0.000000
0.179795
2.141247
0.450816
0.000000
0.388691
0.000000
0.000000
0.000000
0.000000
0.000000
0.000000
0.000000
0.000000
0.000000
0.486735
0.000000
0.000000
0.000000
1.554385
0.000000
0.286284
0.000000
0.000000
0.000000
1.651745
0.000000
0.000000
1.059642
0.000000
0.000000
0.000000
0.000000
0.000000
0.000000
0.000000
2.330490
0.000000
2.988231
0.000000
0.000000
0.227921
0.000000
0.116609
0.000000
0.000000
0.000000
0.000000
0.000000
0.000000
0.000000
0.000000
0.027439
0.000000
0.000000
0.000000
0.000000
0.000000
0.000000
0.000000
0.000000
0.047360
0.000000
0.000000
0.000000
0.596448
0.000000
0.000000
0.000000
0.000000
0.000000
0.000000
0.000000
0.000000
0.000000
0.000000
0.000000
0.000000
0.000000
0.000000
0.000000
0.000000
0.000000
0.000000
0.632960
0.000000
1.611584
1.191818
2.268950
0.821920
0.000000
0.000000
0.000000
0.000000
0.000000
0.000000
0.000000
0.000000
0.000000
0.000000
0.971946
0.000000
1.062739
0.000000
0.000000
0.000000
0.000000
0.000000
0.000000
0.000000
0.000000
0.000000
0.000000
0.000000
0.000000
0.000000
5.222791
0.669457
0.000000
0.000000
0.000000
0.000000
0.000000
0.000000
0.000000
0.780858
0.000000
0.000000
1.935604
4.325492
0.000000
1.363384
0.000000
0.000000
1.287520
1.624911
0.000000
1.935516
0.000000
0.000000
0.000000
0.913252
0.000000
0.000000
1.545893
0.000000
0.000000
0.466185
1.755275
1.624300
0.000000
0.651895
0.000000
1.131717
0.000000
0.000000
0.000000
0.000000
0.000000
0.000000
0.000000
0.000000
0.000000
0.448310
3.681166
0.000000
0.000000
0.000000
0.000000
1.345788
0.000000
0.000000
0.000000
0.000000
0.389507
0.000000
1.485570
0.000000
0.000000
0.705060
0.000000
0.000000
3.463066
0.000000
0.000000
0.000000
0.000000
0.000000
0.000000
0.000000
0.000000
0.000000
0.000000
0.000000
0.000000
0.791391
0.000000
0.000000
0.000000
0.000000
1.456289
0.000000
0.000000
0.000000
0.000000
0.000000
0.000000
0.453787
0.000000
2.630013
0.000000
0.000000
0.000000
0.000000
0.598188
0.000000
0.000000
0.000000
0.000000
0.000000
0.118879
0.000000
0.000000
0.000000
0.000000
0.000000
0.000000
0.000000
0.000000
0.528973
0.571116
0.322012
0.000000
0.907721
0.000000
0.000000
0.000000
0.000000
0.000000
0.000000
0.000000
0.000000
0.000000
0.351253
0.000000
0.000000
0.358341
0.000000
2.022881
0.000000
0.000000
0.000000
0.000000
0.000000
0.000000
0.000000
0.000000
0.000000
0.000000
0.000000
0.315854
0.000000
0.000000
0.000000
0.000000
0.000000
0.000000
0.000000
0.574455
0.000000
0.000000
0.330792
0.000000
0.254189
0.000000
2.234358
0.000000
0.000000
0.126240
0.000000
0.000000
0.000000
2.162458
0.000000
0.000000
0.000000
0.000000
0.000000
0.000000
0.000000
0.000000
0.716950
0.000000
0.000000
0.000000
0.797356
0.000000
0.000000
1.178553
1.210264
0.000000
0.000000
0.000000
0.000000
0.000000
0.000000
0.000000
0.000000
0.000000
1.454977
0.840111
1.950335
0.000000
0.000000
0.000000
1.360003
0.108002
0.000000
0.000000
0.000000
0.000000
0.000000
0.541187
0.000000
1.708804
0.000000
0.000000
0.000000
0.000000
0.000000
0.000000
0.000000
0.000000
0.000000
0.000000
0.029560
0.000000
0.000000
0.000000
0.000000
0.000000
0.364327
0.000000
0.000000
0.380869
0.403297
0.000000
0.000000
0.000000
0.000000
0.000000
0.000000
0.000000
1.391816
0.000000
0.000000
0.561988
0.000000
0.000000
0.000000
0.000000
0.000000
0.000000
0.000000
0.009810
0.000000
0.203578
0.000000
0.000000
1.005868
0.000000
0.000000
0.000000
0.000000
0.174294
0.000000
0.382600
0.610625
0.000000
0.000000
0.000000
0.000000
0.000000
1.868973
0.000000
0.000000
0.000000
0.000000
0.000000
0.000000
0.097123
0.000000
0.000000
1.144329
0.000000
0.000000
2.006092
2.723089
0.000000
0.000000
0.000000
0.787816
0.540367
0.000000
0.000000
3.423116
0.000000
0.000000
0.579050
0.000000
0.000000
0.000000
0.000000
0.000000
0.000000
0.439609
0.000000
0.000000
1.777039
1.512324
0.000000
0.000000
0.000000
0.000000
0.000000
0.000000
0.090896
0.000000
0.000000
0.000000
0.000000
0.626843
0.000000
0.000000
0.000000
0.000000
0.000000
0.000000
0.000000
0.000000
0.000000
0.000000
0.000000
0.000000
0.953709
0.000000
0.000000
0.000000
0.000000
0.000000
0.000000
0.000000
0.000000
0.000000
0.000000
0.000000
0.000000
0.000000
2.892821
0.000000
0.000000
0.000000
0.000000
0.000000
0.000000
0.000000
0.000000
0.000000
0.000000
1.026235
0.000000
0.000000
0.000000
0.000000
0.000000
0.000000
0.000000
0.000000
0.000000
0.000000
0.000000
0.000000
0.000000
0.000000
0.000000
0.000000
0.000000
0.000000
0.000000
0.000000
0.635774
0.000000
0.000000
0.000000
0.000000
1.809849
0.000000
0.039505
0.000000
1.757753
0.000000
0.996709
0.000000
0.000000
0.000000
0.000000
0.000000
0.000000
0.000000
0.000000
0.000000
0.000000
0.000000
0.000000
0.000000
0.088834
0.123894
0.000000
0.986037
0.000000
0.000000
0.087560
0.000000
0.268186
0.000000
0.000000
0.000000
0.000000
0.000000
0.000000
0.000000
2.181766
0.000000
0.000000
0.834375
0.000000
0.189677
0.000000
0.000000
0.000000
0.000000
0.000000
0.000000
0.000000
0.000000
0.066955
0.000000
0.756563
0.000000
0.000000
0.000000
0.000000
0.000000
0.000000
0.191274
0.000000
0.000000
0.000000
1.112014
0.094695
0.000000
0.000000
0.000000
3.198655
0.000000
0.000000
0.000000
0.000000
0.000000
0.804580
0.000000
0.000000
0.000000
0.000000
0.000000
0.000000
0.272701
0.000000
0.000000
0.000000
0.000000
0.000000
0.000000
0.236882
0.000000
0.000000
0.000000
0.000000
0.227574
0.000000
0.510646
0.228262
0.000000
0.476540
0.395612
0.000000
0.000000
0.000000
0.000000
0.000000
0.000000
0.000000
0.000000
0.000000
0.000000
1.989293
0.000000
0.000000
0.000000
0.000000
0.000000
0.000000
0.000000
0.000000
0.000000
4.139301
0.000000
0.000000
0.000000
0.000000
1.125505
0.000000
0.000000
0.000000
0.000000
0.000000
0.000000
0.000000
1.216362
0.000000
0.151783
0.000000
0.000000
4.069646
0.000000
0.000000
0.000000
0.000000
0.000000
1.567808
0.165921
2.240113
0.000000
0.000000
0.563187
0.651323
0.000000
0.000000
0.712138
0.000000
0.000000
0.000000
0.000000
0.000000
0.219579
0.000000
0.000000
0.000000
0.000000
0.000000
0.000000
0.000000
1.648999
0.000000
0.000000
0.000000
0.000000
0.000000
0.000000
0.000000
0.302661
0.253681
0.173928
0.000000
0.000000
0.000000
0.000000
0.000000
0.000000
0.000000
0.000000
0.000000
0.000000
1.289342
0.000000
0.000000
1.657188
0.000000
0.136148
0.000000
0.000000
0.000000
1.153303
0.000000
2.360533
0.000000
0.000000
0.867936
2.651048
0.000000
0.000000
2.075017
0.000000
0.000000
0.000000
0.000000
0.000000
0.000000
0.058542
0.000000
0.000000
0.000000
0.413895
1.094262
0.000000
0.000000
0.000000
2.328383
0.000000
0.901760
0.000000
0.000000
0.000000
0.000000
0.000000
0.039793
0.000000
0.000000
0.000000
0.000000
0.000000
0.000000
0.000000
0.000000
0.664286
0.000000
0.000000
0.000000
1.691286
0.000000
0.000000
0.722449
0.182742
0.947156
0.651481
0.000000
0.000000
0.000000
0.000000
0.000000
0.000000
0.000000
0.603960
0.000000
0.000000
0.000000
0.000000
0.000000
0.000000
0.000000
0.000000
0.000000
0.000000
0.000000
0.000000
0.000000
0.000000
0.000000
0.000000
0.000000
0.000000
0.000000
0.000000
0.000000
0.502711
0.000000
0.036841
0.000000
0.000000
0.000000
0.000000
0.000000
0.000000
0.000000
0.000000
0.000000
0.000000
0.000000
0.783360
0.258330
0.000000
0.028625
0.080340
0.000000
0.000000
0.121160
0.000000
0.000000
0.000000
0.000000
0.000000
0.000000
0.000000
0.000000
0.123370
1.254504
0.234609
0.000000
0.000000
0.000000
0.000000
0.598277
0.000000
0.130498
0.000000
0.000000
0.000000
0.000000
0.000000
1.532963
0.000000
0.000000
0.000000
0.000000
0.000000
0.000000
0.505080
0.000000
0.000000
0.000000
0.000000
1.581976
0.000000
0.115386
1.755451
0.789759
0.000000
0.000000
0.000000
0.000000
0.000000
2.235876
0.297615
0.000000
0.000000
0.000000
1.506445
0.000000
0.611876
0.000000
0.117481
0.468431
0.000000
0.000000
4.902002
0.000000
1.956477
0.000000
0.000000
0.000000
0.832544
0.000000
1.874683
0.000000
0.000000
0.000000
0.000000
0.000000
0.000000
0.000000
0.000000
0.000000
0.000000
0.000000
0.000000
0.000000
0.000000
0.000000
0.000000
0.000000
0.000000
0.000000
0.172899
0.360740
0.000000
0.000000
0.000000
0.000000
0.000000
0.000000
0.000000
0.000000
0.000000
0.000000
0.000000
0.365877
0.000000
0.376668
0.000000
0.000000
0.000000
0.000000
0.000000
0.000000
0.000000
0.566450
0.000000
0.084355
0.045162
0.050293
0.000000
0.000000
0.000000
0.000000
0.000000
0.000000
0.000000
1.370273
0.000000
0.000000
0.000000
0.000000
0.000000
0.350582
0.000000
0.000000
0.000000
0.000000
0.680797
0.000000
0.000000
0.000000
0.000000
0.326170
2.682240
0.000000
0.000000
0.000000
0.000000
0.319750
0.000000
0.000000
0.000000
0.000000
0.000000
0.000000
0.854876
0.000000
0.453028
0.000000
0.000000
0.000000
0.000000
0.000000
0.964196
0.000000
0.000000
0.000000
0.000000
0.000000
0.000000
0.000000
0.000000
0.000000
0.000000
2.002635
0.000000
0.000000
0.000000
0.000000
0.956453
0.000000
0.000000
0.000000
0.000000
0.000000
0.000000
0.082790
0.000000
0.050990
0.000000
3.160447
0.000000
1.175737
0.000000
0.659309
0.000000
0.000000
2.860121
0.016941
0.000000
0.000000
0.000000
0.432805
0.021684
1.629132
0.000000
0.000000
1.902600
0.538814
2.392839
0.000000
0.000000
0.000000
0.818168
0.000000
0.097373
0.000000
0.000000
0.000000
0.000000
0.494235
0.005705
1.207139
0.000000
0.000000
0.000000
0.000000
0.000000
0.000000
0.000000
0.000000
0.000000
0.000000
3.164408
0.000000
0.000000
0.000000
0.000000
0.000000
0.000000
0.000000
0.987776
0.000000
1.026576
0.000000
0.000000
0.000000
0.000000
1.345976
0.000000
0.000000
0.000000
0.000000
0.000000
0.000000
0.691546
0.000000
0.000000
0.595135
0.000000
0.000000
0.514230
1.149918
1.407837
0.000000
0.415307
0.000000
0.000000
0.000000
0.000000
0.000000
0.000000
0.613421
0.000000
0.000000
0.000000
0.134003
0.000000
0.000000
0.000000
0.000000
0.000000
0.305049
0.000000
0.000000
0.000000
0.000000
0.708134
0.000000
0.000000
0.000000
0.000000
0.000000
0.000000
0.000000
0.000000
1.531613
0.000000
0.000000
0.486582
0.000000
3.835721
0.000000
0.000000
1.176405
0.000000
0.017341
0.000000
0.000000
0.000000
0.000000
0.000000
0.566774
0.000000
0.000000
0.000000
0.000000
1.553669
0.000000
0.000000
0.000000
