0.000000
0.000000
0.000000
0.761350
0.000000
0.000000
0.000000
0.000000
0.000000
0.000000
0.000000
0.277996
0.258753
0.000000
0.000000
0.000000
0.000000
0.842373
0.000000
0.000000
0.000000
0.000000
0.000000
0.544571
0.000000
0.444307
0.291623
0.000000
0.000000
0.000000
0.000000
0.000000
0.000000
0.000000
0.000000
0.000000
0.092203
0.218299
0.599707
0.353818
0.000000
0.805782
0.000000
0.000000
0.000000
0.000000
1.394357
0.700429
0.000000
0.000000
0.010707
0.000000
0.000000
0.000000
0.000000
0.219643
0.000000
0.312553
0.000000
0.000000
2.438952
0.000000
0.000000
0.000000
0.055672
0.257633
0.000000
0.000000
0.000000
0.544011
0.000000
0.000000
0.000000
1.756683
0.000000
0.000000
0.000000
0.437733
0.000000
0.296865
0.000000
0.000000
1.117903
0.000000
0.391904
0.000000
0.000000
0.000000
0.119282
0.000000
0.374640
0.207268
0.000000
0.000000
0.000000
0.000000
0.000000
0.000000
0.000000
0.138175
0.000000
0.000000
1.439221
0.000000
0.000000
0.000000
0.000000
0.000000
0.000000
0.000000
0.000000
0.000000
0.000000
0.000000
0.000000
0.000000
0.468632
0.000000
0.000000
0.000000
0.244013
0.000000
0.000000
0.414934
0.000000
0.000000
0.000000
0.000000
0.000000
0.467976
0.488262
0.000000
0.354363
0.000000
0.002881
0.000000
0.257404
0.000000
0.000000
0.000000
0.000000
0.000000
0.578038
0.000000
0.232380
0.000000
0.000000
0.000000
0.000000
0.445341
0.000000
0.477459
0.000000
0.135678
0.000000
0.000000
0.000000
0.000000
0.000000
0.000000
0.000000
0.000000
0.000000
1.144507
0.718907
0.000000
0.313085
2.718882
1.205831
0.000000
0.000000
0.000000
0.416080
0.255462
0.000000
0.956075
0.191445
0.302944
0.000000
0.000000
0.431256
0.320643
0.000000
0.000000
0.000000
0.000000
0.049046
0.000000
0.000000
0.000000
0.000000
0.000000
0.000000
0.000000
0.000000
1.091645
0.000000
0.000000
0.031170
0.000000
0.000000
0.344334
0.000000
0.000000
0.000000
0.000000
0.505608
0.000000
0.000000
0.000000
0.392919
0.000000
0.000000
0.000000
0.000000
0.000000
0.302117
0.000000
0.000000
0.000000
0.000000
0.000000
0.000000
0.000000
0.712044
0.287889
0.026114
0.000000
0.000000
0.691139
0.000000
0.000000
1.162503
0.000000
0.000000
0.000000
0.000000
0.331495
0.000000
0.000000
0.000000
0.625452
0.000000
0.000000
0.068277
0.853485
0.000000
0.000000
0.021627
0.000000
0.000000
0.000000
0.000000
1.261945
0.331447
0.000000
0.000000
0.000000
0.000000
0.058578
0.000000
0.294067
0.000000
0.000000
0.174570
1.747253
0.000000
1.513689
0.000000
0.000000
0.000000
0.000000
0.000000
0.000000
0.000000
0.000000
0.000000
0.000000
0.000000
0.000000
0.000000
0.512307
1.452038
0.000000
0.000000
0.000000
0.000000
0.000000
0.000000
0.000000
0.000000
0.027697
0.337749
0.762977
0.000000
0.000000
0.551506
1.168735
0.000000
0.000000
0.000000
0.000000
0.000000
0.000000
0.368021
0.000000
0.161139
0.951867
0.172912
0.000000
1.395284
0.107907
0.000000
0.489388
0.000000
0.374299
0.000000
0.000000
0.000000
0.000000
0.000000
0.000000
0.988514
0.000000
0.000000
0.000000
0.000000
0.000000
0.000000
0.000000
1.075597
0.000000
0.000000
0.000000
0.360510
0.000000
0.000000
0.000000
1.250298
0.000000
0.000000
0.000000
0.000000
0.000000
0.000000
0.000000
0.679847
0.000000
0.000000
0.000000
0.000000
0.000000
0.102517
0.490171
1.206156
0.000000
0.000000
0.000000
0.000000
0.000000
0.404711
0.249859
0.000000
0.211817
0.000000
0.000000
0.489897
0.000000
0.000000
1.283681
0.000000
0.000000
0.000000
0.000000
0.808223
0.000000
0.250903
0.000000
0.000000
0.201078
0.000000
0.000000
0.179446
0.000000
0.000000
0.456479
0.000000
0.000000
0.112778
0.000000
0.000000
0.000000
0.000000
0.000000
0.000000
0.000000
1.151004
0.224242
1.799462
0.000000
0.166247
0.000000
0.000000
0.000000
0.000000
1.203629
0.000000
0.000000
0.000000
1.310129
1.399568
0.000000
0.000000
0.395806
0.000000
0.000000
0.000000
0.000000
0.201684
0.000000
0.000000
0.000000
0.000000
0.000000
0.000000
0.170211
0.185103
0.000000
0.000000
0.000000
0.000000
0.000000
0.000000
0.000000
0.000000
0.000000
0.000000
0.759852
0.000000
0.000000
0.000000
0.023144
0.723306
1.065655
0.000000
0.000000
0.000000
0.641979
0.000000
0.000000
0.189572
0.000000
0.000000
0.577850
0.000000
0.000000
1.235392
0.000000
2.413765
0.000000
0.000000
0.000000
0.767983
0.872380
0.636382
0.492197
0.000000
0.000000
0.006742
0.695366
0.000000
0.000000
0.000000
0.000000
0.000000
0.000000
0.330699
0.000000
0.000000
0.000000
0.184229
0.183850
0.000000
0.000000
0.000000
0.000000
1.568726
0.000000
1.262610
0.798114
0.229866
0.000000
0.033158
0.000000
0.000000
0.000000
0.000000
0.000000
0.000000
0.000000
0.000000
0.000000
0.646642
0.000000
0.000000
0.000000
0.346957
0.000000
0.000000
0.000000
0.000000
1.308758
0.355902
0.063611
0.000000
0.000000
0.000000
0.000000
0.000000
0.000000
0.000000
0.176003
0.000000
0.134726
0.000000
0.000000
0.473135
0.000000
0.000000
0.000000
0.192437
0.000000
0.000000
0.000000
0.000000
0.000000
0.462074
0.000000
0.668171
0.000000
0.709705
0.000000
0.000000
0.000000
0.460660
0.000000
0.335390
0.126502
0.000000
0.332306
1.466328
0.123441
0.000000
1.846748
0.000000
1.461736
0.000000
0.000000
0.112536
0.123037
0.000000
0.000000
0.000000
0.000000
0.000000
0.000000
0.014475
0.000000
0.000000
1.109194
0.000000
0.367463
0.109566
1.199389
0.000000
0.000000
0.047194
0.329449
0.000000
0.000000
0.000000
0.000000
0.870260
0.485642
0.000000
0.000000
0.000000
0.000000
0.271978
0.000000
0.000000
0.000000
0.000000
0.000000
0.000000
0.285391
0.000000
0.548386
0.000000
0.000000
0.881487
1.227125
0.238654
0.000000
0.809925
0.000000
0.000000
0.000000
0.962178
0.000000
0.000000
0.000000
0.000000
0.276729
0.000000
0.000000
0.041423
0.275975
0.000000
0.000000
0.000000
0.779945
0.324048
0.757138
0.000000
0.000000
0.000000
0.000000
0.000000
0.123343
0.869144
0.000000
0.423836
0.423661
0.286868
0.000000
1.315577
0.745008
0.000000
0.000000
0.000000
0.397516
0.735616
0.000000
0.000000
1.269323
0.000000
0.279403
0.738256
0.000000
0.000000
0.598919
0.099673
0.000000
0.000000
0.000000
0.000000
0.000000
0.000000
0.000000
0.000000
0.000000
0.000000
0.000000
0.000000
0.000000
0.724471
0.002260
0.000000
1.550211
0.000000
0.000000
0.000000
0.000000
0.000000
0.008334
0.000000
0.000000
0.000000
0.000000
0.770309
0.000000
0.752426
0.000000
0.000000
0.000000
0.000000
0.000000
0.000000
0.379326
0.860619
0.412689
0.000000
0.000000
0.174052
0.000000
0.000000
0.000000
0.000000
0.000000
0.000000
0.000000
0.000000
0.122053
0.381864
0.000000
0.000000
0.210741
0.441143
1.792359
0.218031
0.000000
0.000000
0.000000
0.000000
0.000000
0.000000
0.562757
1.617035
0.000000
0.025918
0.000000
0.000000
1.195078
1.189324
0.529207
0.000000
0.000000
0.000000
0.000000
0.000000
0.603198
0.000000
0.000000
0.000000
0.000000
0.957362
0.000000
0.000000
0.828574
0.000000
0.000000
0.349185
0.414250
1.048421
0.000000
0.000000
0.000000
0.000000
0.041765
0.000000
0.000000
0.000000
1.262568
0.000000
0.000000
0.000000
0.725394
0.000000
0.000000
0.000000
0.000000
0.000000
0.000000
0.000000
0.000000
0.000000
0.295898
0.321021
0.250108
0.783480
0.922312
1.483732
0.371649
0.000000
0.000000
0.000000
0.000000
0.000000
0.000000
0.000000
0.000000
0.000000
0.180127
0.000000
0.000000
0.000000
0.000000
0.418555
0.000000
0.000000
0.000000
0.000000
0.000000
0.040922
0.000000
0.000000
0.000000
0.485073
0.000000
1.617815
0.000000
0.443405
0.366250
0.000000
1.032407
0.000000
0.000000
0.000000
0.000000
0.000000
0.000000
0.000000
0.000000
0.000000
0.715899
0.000000
0.020852
0.035319
0.345763
0.071413
0.000000
0.000000
0.000000
0.000000
0.000000
0.447064
0.000000
0.000000
0.000000
0.109583
0.000000
0.000000
0.043244
0.000000
0.729105
0.000000
0.000000
0.000000
0.000000
0.000000
0.000000
0.243934
0.000000
0.476557
0.566791
0.000000
0.000000
0.000000
0.341810
0.526001
0.000000
0.083615
0.000000
0.000000
0.000000
0.551547
0.000000
0.072596
0.794030
0.000000
0.000000
0.000000
0.394585
0.000000
0.000000
0.000000
3.042284
0.000000
1.206505
0.000000
0.000000
0.000000
0.000000
0.169344
0.000000
0.454060
0.000000
0.000000
0.000000
0.000000
0.000000
0.787062
1.270026
0.020515
0.000000
0.000000
0.000000
0.000000
0.000000
0.000000
0.000000
0.000000
0.000000
0.000000
1.019903
0.336938
0.071770
0.000000
0.000000
0.000000
0.000000
0.000000
0.000000
0.000000
0.000000
1.905410
0.030411
0.000000
0.000000
0.000000
0.189972
0.000000
0.000000
0.000000
0.000000
0.996957
0.000000
0.292712
0.000000
0.607546
1.586045
0.000000
0.000000
0.265946
0.198207
0.000000
0.049789
0.000000
0.000000
0.000000
0.000000
0.000000
0.901025
0.000000
1.416430
1.433939
0.000000
0.000000
0.713496
0.000000
0.000000
0.000000
1.486449
0.000000
1.177184
0.000000
0.947139
1.208409
0.000000
0.000000
0.000000
0.000000
0.000000
0.000000
0.000000
0.000000
0.000000
0.000000
0.000000
0.000000
0.000000
0.000000
0.110840
0.000000
0.251475
0.000000
0.312221
2.053092
1.296277
0.000000
0.000000
1.218091
0.000000
0.000000
0.000000
0.000000
0.000000
0.000000
0.393208
0.000000
0.345883
0.528339
0.000000
0.348621
0.000000
0.195893
0.012636
0.000000
0.316673
0.000000
0.554037
0.832151
0.000000
0.000000
0.000000
0.000000
0.716648
0.504879
1.738740
0.381727
0.000000
0.118110
0.016996
0.000000
0.434497
1.317649
0.000000
0.000000
0.117642
0.000000
0.000000
0.642411
0.062139
1.095813
0.000000
0.137734
0.000000
0.223900
0.000000
0.000000
0.622976
0.000000
0.096879
0.000000
0.000000
0.000000
0.000000
0.439982
0.000000
0.000000
0.339451
0.000000
0.000000
0.000000
0.000000
0.000000
0.000000
1.834823
0.000000
0.000000
0.000000
0.000000
0.000000
0.425997
0.000000
0.000000
2.469668
0.000000
0.000000
0.583127
0.000000
0.000000
0.306727
0.000000
0.000000
0.000000
0.000000
0.000000
0.000000
0.000000
0.000000
0.000000
0.000000
0.000000
1.440348
0.834623
0.000000
0.000000
0.000000
0.000000
0.000000
0.004868
0.000000
0.000000
0.220147
0.000000
0.000000
0.000000
0.759556
0.000000
0.000000
0.000000
0.000000
0.000000
0.000000
0.000000
0.000000
0.162268
0.415749
0.249257
0.365594
0.000000
0.000000
0.005522
0.000000
0.000000
0.000000
0.000000
0.000000
0.152219
1.258223
0.813630
0.000000
0.038810
0.000000
0.000000
0.000000
0.000000
0.000000
0.323889
0.060739
0.000000
0.000000
0.000000
0.000000
0.000000
0.000000
0.000000
0.000000
0.000000
1.125204
1.279652
0.000000
0.000000
0.048782
0.402479
0.000000
0.000000
0.000000
0.000000
0.000000
0.000000
0.000000
0.000000
0.000000
0.000000
0.479450
1.340664
0.000000
0.000000
0.000000
0.000000
0.000000
0.000000
0.000000
0.000000
0.000000
0.000000
0.000000
0.000000
0.633090
0.000000
1.079800
0.077539
0.000000
0.000000
0.000000
0.133705
0.022594
0.000000
0.000000
1.413413
0.668132
0.000000
0.208344
0.619534
0.000000
0.000000
0.000000
2.431521
0.311622
0.000000
0.000000
0.529849
0.177417
0.413762
0.185394
1.069066
0.000000
0.000000
0.156417
0.004543
0.000000
0.127738
0.000000
0.000000
0.000000
0.000000
0.000000
1.103519
0.000000
0.000000
0.117713
0.000000
0.000000
0.000000
0.000000
0.000000
1.207118
0.000000
0.000000
0.000000
0.521027
0.028843
0.231170
0.000000
0.000000
0.927872
0.000000
0.000000
0.021671
0.000000
0.000000
0.000000
0.000000
0.858935
0.000000
0.000000
0.081551
0.000000
0.031921
0.000000
1.416255
0.162840
0.000000
0.000000
0.000000
0.000000
0.811596
0.000000
0.000000
0.000000
0.706490
0.507212
0.000000
0.676338
1.180418
1.569285
0.000000
0.000000
0.314032
0.000000
0.000000
0.000000
0.645967
0.000000
0.000000
0.000000
0.000000
0.550997
0.000000
0.073768
0.339563
1.874114
0.299572
0.495897
0.000000
0.000000
0.000000
0.000000
0.000000
0.000000
0.000000
0.000000
0.000000
0.116343
0.817464
0.000000
0.000000
0.130039
0.000000
0.000000
0.590765
0.000000
0.000000
0.000000
0.000000
0.000000
0.314831
0.293897
0.000000
0.000000
0.000000
0.000000
0.000000
0.000000
0.000000
0.482279
0.329914
0.206717
0.000000
0.000000
0.000000
1.430464
0.000000
0.000000
0.000000
0.000000
0.468454
0.463969
0.602861
0.921339
0.464471
0.000000
0.000000
0.000000
0.000000
0.000000
1.296567
0.000000
0.541665
0.158724
1.734731
0.000000
0.000000
0.000000
0.000000
0.154630
0.000000
0.518962
0.451888
0.000000
0.000000
0.000000
0.000000
0.000000
0.452242
0.000000
0.019615
0.000000
0.000000
1.611562
0.037516
0.000000
0.000000
0.000000
0.000000
0.000000
0.121161
0.000000
0.448241
0.000000
0.000000
0.000000
0.387694
0.000000
0.000000
0.290985
1.264438
0.000000
0.000000
0.000000
0.287847
0.000000
0.000000
0.053678
0.000000
0.000000
0.327300
0.000000
0.000000
0.758170
0.000000
0.161381
0.014199
0.677577
0.011821
0.000000
0.161085
0.172634
0.000000
0.000000
0.000000
0.058314
0.000000
1.799497
0.217821
0.000000
0.194333
0.000000
0.000000
0.000000
0.000000
0.000000
1.632649
0.000000
0.000000
0.000000
0.000000
0.107742
0.564624
0.000000
0.000000
0.000000
0.000000
1.082351
0.000000
0.000000
0.000000
0.000000
0.847961
0.000000
0.226133
0.000000
0.000000
0.000000
0.542939
0.000000
0.098055
0.000000
0.000000
0.117208
0.000000
0.000000
0.000000
0.000000
1.682485
0.000000
0.000000
0.603611
0.116634
0.000000
0.000000
0.000000
0.629778
0.000000
0.000000
0.000000
0.000000
0.000000
0.000000
0.000000
0.000000
0.000000
0.549494
0.000000
0.122154
0.000000
0.483132
0.000000
0.000000
0.000000
0.000000
1.051323
0.000000
0.105213
0.000000
0.000000
0.000000
0.000000
0.384692
0.828149
0.050270
0.000000
0.570336
0.271886
0.000000
0.000000
0.000000
0.000000
0.000000
0.000000
0.000000
0.006638
0.000000
1.519901
0.000000
0.000000
0.000000
0.008688
0.382901
0.000000
0.607702
0.980570
0.000000
0.000000
0.000000
0.000000
0.000000
0.000000
0.901545
0.069487
0.824393
0.957252
0.000000
0.000000
0.000000
1.129494
0.000000
0.351770
0.000000
0.000000
0.000000
0.625986
0.000000
0.062918
0.000000
0.000000
0.000000
0.186232
1.613829
0.000000
0.000000
0.000000
0.866309
0.296160
0.000000
0.000000
0.000000
0.000000
0.944322
0.000000
0.000000
0.000000
0.000000
0.199970
1.684142
0.479025
0.484548
0.000000
0.000000
0.802711
0.000000
0.000000
0.000000
0.000000
0.000000
0.130127
0.000000
0.000000
0.000000
0.000000
0.055514
0.000000
0.000000
0.000000
1.065601
0.348550
0.000000
0.000000
0.190446
0.000000
1.125768
0.000000
0.000000
0.000000
0.000000
0.000000
0.055666
0.000000
0.000000
0.000000
0.000000
0.000000
0.452144
0.934077
0.000000
0.000000
0.000000
0.000000
0.000000
0.007018
0.291267
0.000000
0.000000
0.000000
0.000000
0.000000
0.409688
0.000000
0.867027
0.000000
0.000000
1.380650
0.000000
0.247419
0.000000
0.000000
0.671239
0.000000
0.000000
0.000000
0.000000
0.000000
0.000000
0.000000
0.000000
0.461768
0.798602
0.000000
0.000000
0.000000
0.000000
0.000000
0.000000
0.043854
1.022141
0.291397
0.000000
0.000000
0.000000
0.000000
0.000000
0.262116
0.000000
0.306918
0.000000
0.000000
0.571767
0.000000
0.000000
1.912399
0.321338
0.151684
0.000000
0.000000
0.000000
0.000000
0.678871
0.694308
0.495175
0.000000
0.000000
1.729469
0.000000
0.000000
0.000000
0.000000
0.171838
0.000000
0.000000
0.000000
0.353323
0.000000
1.398320
0.000000
0.143218
0.000000
0.000000
0.000000
0.000000
2.138982
0.000000
0.000000
1.566118
0.000000
0.000000
0.000000
1.303934
0.000000
0.000000
0.000000
0.000000
0.000000
0.000000
0.000000
0.047804
0.000000
0.000000
0.000000
0.000000
0.000000
1.146233
0.000000
0.000000
0.255269
0.000000
0.342371
0.000000
1.424291
0.000000
0.781115
0.579430
0.000000
0.000000
0.000000
0.428090
0.000000
0.665435
0.000000
1.320470
0.000000
0.000000
0.889860
0.000000
0.567341
0.000000
0.000000
0.000000
0.000000
0.000000
0.000000
0.000000
0.000000
0.000000
0.000000
0.000000
0.850671
0.000000
0.000000
1.756526
0.000000
0.000000
0.000000
1.461625
0.388612
0.000000
0.562223
0.000000
0.000000
1.202542
0.000000
0.000000
0.000000
0.000000
0.295836
0.000000
0.000000
0.000000
0.000000
0.000000
0.089979
0.000000
0.000000
0.000000
0.000000
1.230593
0.241302
0.000000
0.000000
0.000000
0.000000
0.071496
0.523490
0.441110
0.000000
0.000000
0.185814
0.000000
0.000000
0.000000
1.202717
0.000000
0.286406
0.000000
0.000000
0.000000
0.000000
0.000000
0.000000
0.000000
0.215607
0.000000
0.977715
0.000000
0.176967
0.000000
0.180672
0.000000
0.000000
0.000000
0.361545
0.000000
0.000000
0.084324
0.000000
0.000000
0.120479
0.070948
0.000000
0.000000
0.000000
0.000000
0.513764
0.404002
0.000000
0.470345
0.000000
0.000000
0.000000
0.000000
0.153792
0.065733
0.000000
0.000000
0.000000
0.404011
0.079666
0.000000
0.000000
0.000000
0.000000
0.000000
0.000000
0.000000
0.291474
0.000000
0.183592
0.000000
0.000000
0.000000
0.000000
0.000000
0.000000
0.193450
0.000000
0.000000
0.000000
0.000000
0.000000
0.000000
0.638955
0.000000
0.000000
1.033634
0.000000
0.000000
0.662308
0.000000
0.000000
0.000000
0.371656
0.000000
0.000000
0.328478
0.000000
0.000000
0.000000
1.570465
0.101068
0.000000
1.367430
0.323424
0.096124
0.000000
0.000000
0.000000
2.593868
0.045781
0.500362
0.000000
0.000000
0.000000
0.000000
0.000000
0.000000
0.000000
0.000000
0.000000
0.000000
0.125492
0.000000
0.000000
1.325581
0.000000
0.000000
0.000000
0.610870
1.540222
0.000000
0.000000
0.000000
0.000000
0.000000
0.000000
1.222828
0.000000
0.000000
0.000000
0.000000
0.000000
0.000000
0.000000
0.000000
0.000000
0.000000
0.000000
0.000000
0.000000
0.000000
0.485925
0.000000
0.934345
0.000000
0.000000
1.102211
0.000000
0.000000
0.000000
0.000000
0.000000
1.139200
0.007561
0.000000
0.000000
0.000000
0.065306
0.000000
0.000000
0.082502
0.015608
0.423708
0.000000
0.000000
0.000000
0.256946
0.245407
0.000000
0.139459
0.054728
0.000000
0.000000
0.000000
0.331536
1.218666
2.896112
0.000000
0.707740
0.000000
0.000000
0.000000
0.085354
0.000000
0.321895
0.000000
0.000000
0.494306
0.237000
0.000000
0.000000
0.356268
0.000000
1.389217
0.277547
0.000000
0.000000
0.000000
0.000000
0.090623
0.000000
0.921812
0.000000
0.000000
0.000000
0.000000
0.000000
0.018531
0.827297
0.000000
0.000000
0.747768
0.000000
0.000000
0.000000
0.143997
0.000000
0.000000
0.000000
0.000000
0.869479
0.000000
0.000000
0.000000
0.000000
0.260101
0.000000
0.000000
0.000000
0.000000
0.417631
2.185208
0.000000
0.625377
0.000000
0.000000
0.245696
0.332073
0.000000
0.000000
1.283649
0.000000
0.000000
0.000000
0.000000
0.000000
0.000000
0.309983
0.000000
0.000000
0.000000
0.000000
0.836096
0.304655
1.053396
0.000000
0.000000
0.000000
1.296555
0.000000
0.000000
0.000000
0.000000
0.000000
0.000000
0.000000
0.000000
0.000000
0.000000
0.000000
0.120904
1.723126
0.099751
0.000000
0.000000
0.000000
0.000000
0.374842
0.000000
0.024801
0.000000
0.000000
0.000000
0.000000
0.000000
0.000000
0.379367
0.366603
0.044362
0.113309
0.480714
0.000000
0.000000
0.000000
0.000000
0.000000
0.240090
0.000000
0.000000
0.000000
0.000000
0.000000
0.000000
0.000000
0.101449
0.785430
0.000000
0.864521
0.854882
0.000000
0.478835
0.000000
0.000000
0.717967
0.000000
0.446912
0.000000
0.000000
0.000000
0.000000
0.091451
0.000000
0.006972
0.187268
0.778443
1.214158
0.000000
0.000000
0.000000
0.000000
0.000000
0.000000
0.000000
0.239324
0.000000
1.434364
0.000000
0.000000
0.000000
0.000000
0.000000
0.477323
0.000000
0.411754
0.856274
1.182933
0.000000
0.000000
0.000000
0.000000
2.171232
0.000000
0.000986
0.000000
0.000000
0.000000
0.000000
0.000000
0.347159
0.439971
0.792831
0.207745
0.000000
0.000000
0.166412
0.000000
0.000000
0.000000
0.000000
0.000000
0.000000
0.000000
0.000000
0.000000
0.000000
1.022173
1.191159
0.000000
0.000000
0.000000
0.000000
0.000000
0.432690
0.541064
0.000000
0.000000
0.000000
0.109694
0.000000
0.000000
0.000000
0.000000
0.000000
0.000000
0.000000
0.316400
0.000000
0.000000
0.041910
1.714758
1.442739
0.051436
0.000000
0.559197
0.000000
0.000000
0.000000
0.014098
0.000000
0.294858
0.302140
0.000000
0.993656
1.442892
0.000000
0.000000
0.000000
0.000000
0.000000
0.000000
0.035676
0.000000
0.000000
0.000000
0.000000
0.000000
0.143048
0.000000
0.422159
0.000000
0.000000
0.000000
0.244496
0.000000
0.000000
0.000000
0.000000
0.000000
0.000000
0.000000
0.068320
0.000000
0.276591
0.000000
0.000000
0.000000
0.000000
0.000000
0.000000
0.230734
0.231542
0.000000
0.798478
0.000000
0.000000
0.000000
0.000000
0.338918
0.000000
0.000000
0.000000
0.000000
0.000000
0.355355
0.000000
2.475285
0.000000
0.000000
0.000000
0.000000
0.323186
0.000000
0.055780
0.000000
0.000000
0.000000
0.325132
0.118562
0.000000
0.000000
0.171240
0.000000
0.467734
0.968612
0.308101
0.000000
0.000000
0.000000
0.000000
0.000000
0.937524
0.000000
1.193448
0.000000
0.344643
0.031090
0.000000
0.000000
0.424119
0.000000
0.000000
0.000000
0.333134
0.632227
0.480997
1.381792
0.000000
0.000000
0.000000
0.000000
0.686003
0.000000
0.000000
0.000000
0.000000
0.000000
0.000000
0.000000
0.000000
0.000000
0.000000
0.011893
0.000000
0.000000
0.000000
0.600164
0.000000
0.062450
2.129272
1.146310
1.679492
0.705679
0.000000
0.000000
0.004062
0.000000
0.000000
0.000000
1.265745
0.279676
0.000000
0.929923
0.000000
2.187092
0.000000
1.366908
0.000000
0.000000
0.305375
0.000000
0.000000
0.569315
0.000000
0.000000
0.000000
0.369949
0.000000
0.274454
2.059793
0.000000
0.399617
0.000000
0.000000
0.000000
0.000000
0.003108
0.000000
0.788489
0.641946
0.000000
0.000000
0.835373
0.125618
0.911191
0.016570
0.000000
0.000000
0.115675
0.000000
0.360238
0.000000
0.000000
0.000000
0.000000
0.699906
0.000000
0.000000
0.000000
0.000000
0.367514
0.617716
0.015841
0.000000
0.000000
0.000000
0.000000
0.000000
0.000000
0.059675
0.000000
0.000000
0.000000
0.207120
0.707950
0.000000
0.000000
0.000000
0.000000
0.575814
1.488288
0.000000
0.000000
0.000000
0.000000
0.024375
0.000000
1.868767
0.000000
0.701450
0.000000
1.424982
0.000000
0.942751
0.000000
0.419375
0.000000
0.000000
0.000000
0.000000
0.000000
0.503430
0.000000
0.556399
0.000000
0.000000
0.488332
0.000000
0.414978
0.560051
0.051342
0.000000
1.713837
0.149388
0.728761
1.364783
0.000000
0.000000
0.000000
0.114033
0.367298
0.000000
0.000000
0.000000
0.002802
0.000000
0.000000
0.000000
0.000000
0.682717
0.000000
0.000000
0.095267
0.000000
0.944470
0.938653
0.000000
0.000000
0.000000
0.409856
1.091269
0.000000
0.000000
0.000000
0.000000
0.000000
0.000000
0.176064
0.000000
1.084565
0.000000
1.278708
0.000000
0.622160
0.000000
0.000000
0.000000
1.961791
0.419778
0.000000
0.000000
0.002124
0.000000
0.675058
0.000000
0.133029
0.000000
0.000000
0.281811
0.000000
0.987915
0.000000
0.000000
0.640995
0.549098
0.000000
0.000000
0.000000
0.000000
0.302860
0.253271
0.000000
0.034557
0.446749
0.000000
0.000000
0.605438
0.000000
0.917482
0.421230
0.000000
0.000000
0.000000
0.000000
0.030279
0.000000
0.000000
0.000000
0.000000
0.000000
0.000000
0.000000
0.000000
0.000000
0.618373
0.000000
0.000000
0.000000
1.098743
0.000000
0.000000
0.000000
0.000000
0.165749
0.000000
0.000000
0.000000
0.000000
0.397807
0.000000
0.000000
0.969484
0.376812
0.000000
0.000000
0.000000
0.000000
0.841180
0.000000
0.000000
1.165172
0.002549
0.000000
0.000000
0.000000
0.000000
0.115385
0.000000
0.000000
0.000000
0.000000
0.000000
0.000000
0.818361
0.000000
0.000000
0.000000
0.400736
0.908474
0.000000
0.000000
0.000000
0.000000
0.000000
0.000000
0.000000
0.000000
0.000000
0.070140
0.524406
0.803993
0.000000
0.000000
0.000000
0.000000
0.000000
0.523145
0.000000
0.000000
0.000000
0.122198
0.375448
0.000000
1.922198
0.000000
0.344603
0.000000
0.000000
0.773329
0.000000
0.000000
0.087693
0.000000
0.000000
0.000000
0.000000
0.000000
0.000000
1.652767
0.000000
0.384823
0.118550
0.219315
0.176228
0.000000
0.000000
0.513891
0.367918
0.000000
0.000000
0.132204
0.000000
0.191590
0.000000
0.463976
0.000000
0.000000
0.000000
0.000000
0.000000
0.000000
0.000000
0.000000
0.000000
0.714406
0.000000
0.000000
0.000000
0.000000
0.000000
0.000000
0.000000
0.000000
0.000000
0.000000
0.200193
0.504141
0.000000
0.246391
0.052429
0.031719
0.000000
0.701528
0.000000
0.000000
0.000000
0.050877
0.000000
0.039551
0.190723
0.513207
0.406397
0.000000
0.000000
0.000000
0.247231
0.000000
0.000000
0.000000
0.000000
0.000000
0.000000
0.000000
0.000000
0.000000
0.000000
0.000000
0.059678
0.000000
0.000000
0.127210
0.000000
0.000000
0.042966
0.742571
0.000000
0.739630
1.773464
0.409511
0.955857
0.075597
0.000000
0.000000
0.000000
1.762124
0.000000
0.000000
0.000000
0.000000
0.000000
0.000000
0.000000
0.000000
0.000000
0.000000
0.000000
0.000000
0.000000
0.000000
0.000000
0.000000
0.075298
0.000000
0.540839
0.413046
0.831928
0.000000
0.000000
0.000000
0.000000
0.000000
0.000000
0.000000
0.000000
0.976275
0.000000
0.462231
1.965467
0.000000
0.503799
0.000000
1.281400
0.000000
0.000000
0.257847
0.000000
0.000000
0.237707
0.059023
0.000000
0.396349
0.616335
0.000000
1.355226
0.926374
0.883170
0.500690
0.000000
0.843314
0.000000
0.288654
0.136280
0.285074
0.000000
0.000000
0.080406
0.000000
0.000000
0.000000
0.133134
0.000000
0.000000
0.000000
0.000000
0.000000
0.218309
0.000000
0.000000
0.000000
0.000000
0.440761
0.000000
0.000000
0.000000
0.591266
0.000000
0.000000
0.000000
0.000000
0.000000
0.882867
0.000000
0.000000
0.000000
0.000000
0.000000
1.773534
0.271055
0.000000
1.836670
0.000000
0.410513
0.000000
0.000000
0.000000
0.077049
0.000000
0.425712
0.000000
0.000000
0.000000
0.000000
0.000000
0.000000
0.642757
0.000000
0.353992
0.189393
0.450913
0.196787
0.344335
0.000000
0.000000
0.832310
0.000000
0.000000
0.031387
0.570558
1.630965
0.000000
0.413489
0.000000
0.000000
0.159096
0.000000
0.325200
0.637208
0.559771
0.000000
0.000000
0.000000
0.000000
0.000000
0.000000
0.000000
0.000000
0.000000
0.000000
0.239251
0.086083
0.000000
0.000000
0.000000
0.000000
0.000000
0.253845
0.000000
0.000000
0.282273
0.000000
0.000000
0.000000
0.000000
0.000000
0.000000
0.000000
0.000000
0.000000
0.151623
0.860622
0.000000
0.000000
0.043732
1.356854
0.000000
0.000000
1.753598
0.884017
0.000000
0.000000
0.000000
0.000000
0.000000
1.357607
0.000000
0.885521
0.000000
0.000000
0.127126
0.090965
0.000000
0.000000
0.000000
0.000000
0.000000
1.074039
0.000000
0.000000
0.000000
0.000000
0.000000
0.000000
0.000000
0.279377
1.662868
0.000000
0.247544
0.623472
0.000000
0.777279
0.000000
0.538782
0.000000
0.000000
0.008745
0.000000
0.000000
0.000000
0.000000
0.000000
0.000000
0.000000
0.048516
0.634564
0.000000
0.000000
0.000000
0.323388
0.000000
0.000000
0.330709
0.000000
1.125834
0.509253
0.000000
0.000000
0.000000
0.000000
0.000000
0.000000
0.000000
0.000000
0.281763
0.072037
0.000000
0.225893
0.000000
1.859150
0.000000
0.000000
0.000000
0.000000
0.121748
0.000000
1.305245
0.000000
0.385099
0.000000
0.000000
0.000000
2.303481
0.000000
0.000000
0.000000
0.000000
0.000000
0.000000
0.000000
0.000000
0.000000
0.006197
0.063885
0.000000
0.000000
0.000000
0.000000
0.698041
0.000000
1.091201
0.000000
0.000000
0.077770
0.000000
0.139181
0.000000
0.000000
0.000000
1.717318
0.000000
0.496571
0.000000
0.063924
1.199101
0.000000
0.000000
0.000000
0.736981
0.000000
0.000000
1.382418
0.504446
0.553264
0.165469
0.000000
0.000000
0.000000
0.000000
1.800575
0.396623
0.000000
0.151023
0.842982
0.000000
1.372936
0.000000
0.000000
0.698302
0.000000
0.000000
0.000000
0.916004
0.982769
0.616067
0.542474
0.000000
0.307528
0.000000
0.378519
0.000000
0.000000
0.486610
0.000000
0.099936
0.000000
0.000000
0.000000
0.000000
0.440888
0.000000
0.070753
0.000000
0.000000
0.000000
1.319086
0.000000
0.000000
0.000000
0.413084
0.418014
0.000000
0.000000
0.433916
0.000000
0.000000
0.168077
0.000000
0.000000
0.000000
0.000000
0.000000
0.813687
0.000000
0.000000
0.220152
0.000000
0.378100
0.000000
0.000000
0.358171
0.358815
0.000000
0.000000
0.000000
0.619610
0.097246
0.000000
0.000000
0.000000
0.000000
0.105839
2.114527
1.301650
0.000000
1.110446
0.000000
0.000000
0.657906
0.000000
0.000000
0.000000
0.000000
0.000000
0.000000
0.000000
0.000000
0.000000
0.000000
0.000000
0.000000
0.201859
0.000000
0.000000
0.000000
0.000000
0.000000
0.000000
0.000000
0.000000
0.000000
0.545679
1.343812
0.000000
0.000000
0.000000
0.268974
0.000000
0.000000
0.071280
0.000000
0.215572
0.000000
0.000000
0.000000
0.000000
0.000000
0.000000
0.000000
0.054597
0.000000
0.532608
0.000000
0.006276
1.078995
0.000000
0.000000
0.000000
0.000000
0.438664
0.000000
0.037119
0.000000
1.225399
0.000000
0.175700
0.000000
0.000000
0.000000
0.000000
0.000000
0.000000
0.000000
0.000000
0.000000
0.000000
0.000000
0.000000
0.000000
0.000000
0.000000
0.507151
0.000000
1.546602
0.000000
0.346767
0.000000
0.310861
0.000000
0.000000
0.000000
0.000000
0.000000
0.850739
0.000000
0.000000
1.245985
0.094955
0.610968
0.000000
0.000000
0.911095
0.000000
0.000000
0.000000
0.000000
0.000000
0.000000
0.000000
0.000000
0.000000
0.477742
0.247826
0.000000
0.214534
0.000000
0.000000
0.391651
0.000000
0.000000
0.000000
0.000000
0.000000
0.000000
0.000000
0.000000
0.223030
0.262026
0.016750
0.000000
0.000000
1.875569
0.000000
0.000000
0.000000
0.000000
0.171912
0.000000
0.000000
1.895965
0.000000
0.257382
0.000000
0.000000
0.000000
0.022874
1.294489
0.454680
0.000000
0.223231
0.000000
0.000000
0.000000
0.000000
0.000000
0.000000
0.019425
0.144969
0.000000
0.000000
0.000000
0.000000
1.002404
0.000000
0.000000
0.979429
0.000000
0.308348
0.000000
0.000000
0.000000
0.434518
0.000000
0.000000
0.000000
0.018213
0.000000
0.486164
0.000000
0.000000
1.281637
0.756070
0.841615
0.000000
0.000000
0.000000
0.000000
2.000895
0.084353
0.776106
0.000000
0.000000
0.000000
0.707631
0.000000
0.000000
0.889497
0.000000
0.000000
0.000000
1.116574
0.000000
0.816237
0.727230
2.012071
0.000000
0.000000
0.000000
0.000000
0.000000
0.000000
0.000000
0.000000
0.417069
0.000000
0.636005
0.321883
0.287553
0.000000
1.002950
0.000000
0.000000
0.000000
0.000000
0.000000
0.000000
0.000000
0.000000
0.000000
0.000000
0.097982
0.288203
0.802780
0.158071
0.000000
0.276023
0.000000
0.147910
0.000000
0.239266
0.000000
0.000000
0.000000
0.000000
0.216269
0.000000
0.000000
0.000000
0.000000
2.345176
0.169648
0.099231
0.390885
0.531564
0.000000
0.000000
0.000000
0.000000
0.000000
0.090570
0.000000
0.279760
0.156003
0.000000
0.000000
0.000000
0.000000
0.000000
0.000000
0.857104
0.000000
0.000000
0.000000
0.000000
0.000000
0.000000
0.000000
0.000000
0.436455
1.690624
0.153800
0.000000
0.035751
1.076536
0.000000
0.000000
0.000000
0.000000
0.000000
0.000000
0.000000
2.073800
0.000000
0.000000
0.040413
0.000000
0.148703
0.000000
0.000000
0.936282
0.137333
0.000000
1.369932
0.000000
0.000000
0.408936
0.749749
0.000000
0.017360
0.000000
0.044979
0.000000
0.000000
0.000000
0.000000
0.040415
0.000000
0.000000
0.000000
0.000000
0.000000
0.000000
0.000000
0.275280
0.000000
0.000000
0.000000
0.000000
0.000000
0.047364
0.000000
0.000000
0.000000
0.000000
0.000000
0.738166
0.000000
0.000000
0.000000
0.000000
0.583501
0.000000
0.000000
0.064705
0.517041
0.234268
0.000000
0.000000
0.463782
0.000000
0.000000
0.000000
0.000000
0.000000
0.000000
0.000000
0.000000
0.000000
0.000000
0.293296
0.000000
0.000000
0.582564
0.000000
0.476952
0.000000
0.000000
0.000000
2.061994
0.000000
0.723210
0.000000
0.890295
0.000000
1.087044
0.000000
0.252645
0.000000
0.000000
0.000000
0.185354
0.606056
0.685773
0.041822
0.000000
0.334957
0.000000
0.045917
0.000000
0.000000
0.000000
0.000000
0.263592
0.336454
0.995121
0.000000
0.000000
0.000000
0.000000
0.000000
0.307046
0.622216
0.000000
0.000000
0.482139
0.000000
0.000000
0.000000
0.000000
0.000000
0.000000
0.000000
0.000000
0.000000
0.184038
0.000000
0.000000
0.000000
0.000000
0.140074
0.000000
0.258328
0.000000
0.000000
0.000000
0.845096
0.000000
0.117600
0.132816
0.000000
0.000000
0.000000
0.500054
0.000000
0.000000
0.000000
0.229294
0.941265
0.000000
0.177999
0.000000
0.000000
0.194142
0.000000
0.412409
0.000000
0.000000
0.000000
0.000000
0.000000
0.000000
0.983856
0.000000
0.000000
0.000000
0.000000
0.039430
0.000000
0.000000
0.000000
0.000000
0.002856
1.717259
0.000000
0.684452
0.000000
0.000000
0.000000
1.416245
0.000000
0.454654
0.012647
0.380264
0.000000
0.461159
0.000000
0.759694
0.000000
0.000000
0.000000
0.373649
0.000000
0.000000
0.080269
0.000000
0.012181
0.000000
0.000000
0.000000
0.000000
0.800963
0.200597
0.265692
0.000000
0.000000
0.000000
0.000000
0.064496
0.000000
0.000000
0.000000
1.805602
0.000000
0.000000
0.000000
0.000000
0.533742
0.000000
0.359973
0.000000
0.365278
0.000000
0.000000
0.000000
0.000000
0.000000
0.000000
0.000000
0.000000
0.551926
0.000000
0.000000
1.778704
0.000000
0.000000
0.377202
0.000000
0.000000
0.000000
0.000000
1.965088
0.000000
0.000000
0.037417
0.283357
0.909146
0.641565
0.000000
0.505507
0.000000
0.000000
0.000000
0.000000
0.553386
0.979623
0.000000
0.000000
0.000000
0.000000
0.000000
0.179163
0.000000
0.000000
0.621435
0.000000
0.000000
0.211530
0.000000
0.594357
1.358986
0.307218
0.063366
0.000000
0.000000
0.040924
1.553456
0.000000
0.000000
0.000000
0.133407
0.000000
0.000000
0.000000
0.000000
0.081582
1.243474
0.365374
0.000000
0.000000
0.000000
0.000000
0.177852
0.925544
0.000000
0.000000
0.000000
0.000000
0.586580
0.000000
0.000000
0.365467
0.000000
0.309785
0.000000
0.000000
0.832368
0.000000
0.000000
0.000000
0.000000
1.786334
0.000000
0.000000
0.000000
0.000000
0.000000
0.000000
0.576804
0.000000
0.000000
0.000000
0.301358
0.000000
0.000000
0.000000
0.000000
0.173673
1.063058
0.000000
0.000000
0.000000
0.805079
0.221030
0.000000
0.000000
0.000000
0.592722
0.004530
0.000000
0.000000
0.000000
0.000000
0.000000
0.000000
0.000000
0.000000
0.000000
0.000000
0.465992
0.000000
0.000000
0.000000
0.864587
0.206566
0.000000
0.000000
0.000000
0.368226
0.000000
0.000000
0.000000
0.000000
0.000000
0.000000
0.000000
0.000000
0.000000
0.000000
0.236079
0.000000
0.952460
0.990392
0.000000
0.000000
0.199795
0.000000
0.000000
0.000000
0.386867
1.314023
0.059330
0.000000
1.056502
0.000000
0.000000
0.570889
0.000000
0.101912
0.000000
0.157897
0.455729
0.000000
0.000000
0.000000
0.000000
0.000000
0.605743
0.000000
1.543596
0.000000
0.156305
0.829101
0.000000
0.000000
0.000000
0.000000
0.000000
0.517981
0.000000
0.000000
0.584071
0.000000
0.000000
0.000000
0.000000
1.636021
0.000000
0.309073
0.783052
1.051536
0.465523
0.453579
0.430836
0.000000
0.000000
0.000000
0.000000
0.000000
0.823848
0.000000
0.000000
1.405383
0.000000
0.082023
0.000000
0.000000
0.640030
0.000000
0.000000
0.610426
0.425343
0.000000
0.000000
0.197711
0.000000
0.594939
0.000000
0.000000
0.000000
0.122041
0.000000
0.137973
0.000000
0.000000
0.000000
0.000000
0.000000
0.000000
0.066823
0.000000
0.000000
0.000000
0.755200
0.000000
0.000000
0.000000
0.000000
0.000000
0.000000
0.000000
0.346489
1.126140
0.000000
0.000000
0.991238
0.000000
0.000000
0.000000
0.000000
0.000000
0.314768
0.000000
0.607040
0.000000
0.000000
0.158509
0.344538
0.037193
0.258561
0.000000
0.000000
0.857802
0.000000
0.000000
0.472959
0.000000
0.427636
0.000000
0.000000
0.297230
0.000000
0.000000
0.000000
0.000000
0.471663
0.034604
0.000000
0.000000
1.533068
0.000000
0.000000
0.944562
0.485439
0.000000
0.000000
0.273181
0.274308
0.000000
0.508384
0.000000
0.000000
0.955025
0.000000
0.216171
0.042147
0.381794
0.000000
1.361184
0.000000
0.000000
0.007592
1.239050
1.765182
0.000000
0.000000
0.339253
0.000000
0.314795
0.000000
0.000000
0.000000
0.479133
0.000000
0.000000
0.000000
0.000000
0.000000
0.000000
0.000000
0.000000
0.366699
0.000000
0.270213
0.000000
0.037094
0.007713
0.000000
0.000000
0.000000
1.016657
0.000000
0.000000
0.000000
0.000000
0.000000
0.122178
0.000000
0.873048
0.000000
0.191056
0.000000
0.666016
0.478994
0.000000
0.637198
0.128848
0.000000
0.000000
0.000000
0.000000
0.000000
0.000000
0.000000
0.410397
0.000000
0.000000
0.144592
0.122975
0.000000
0.000000
0.000000
0.000000
0.000000
0.000000
1.115400
0.000000
0.117702
0.831518
0.000000
0.000000
0.000000
0.505078
0.000000
0.000000
0.495357
1.222555
0.000000
0.000000
0.000000
0.307916
0.309447
1.215060
0.000000
0.000000
0.000000
0.000000
0.000000
0.000000
0.939026
0.000000
0.000000
0.000000
0.000000
1.089072
0.000000
0.855393
0.000000
0.000000
0.000000
0.000000
0.000000
0.341825
0.565888
0.000000
0.000000
0.000000
0.000000
0.000000
0.000000
0.000000
0.000000
0.000000
0.337721
0.000000
0.000000
0.000000
0.000000
0.000000
0.000000
0.593294
0.238068
0.000000
0.000000
0.000000
0.000000
0.000000
0.000000
0.779783
0.477865
0.218013
0.403795
0.000000
1.240325
0.000000
0.000000
0.223322
0.852927
0.000000
0.305784
0.000000
0.039434
1.390964
1.282275
0.000000
0.000000
1.195542
0.000000
1.880532
0.000000
0.000000
0.000000
0.000000
0.000000
0.879871
0.309721
0.000000
0.000000
0.000000
0.000000
0.000000
0.468476
0.000000
0.000000
0.000000
0.000000
0.000000
0.198923
0.000000
0.000000
0.000000
0.000000
0.000000
0.000000
0.000000
0.351477
0.390341
0.000000
0.000000
0.000000
0.000000
0.000000
1.730163
0.069277
0.000000
0.000000
0.000000
0.957843
0.141627
0.000000
0.255358
0.000000
0.000000
0.000000
0.000000
0.000000
0.000000
0.000000
1.512444
0.000000
0.207882
0.068462
0.000000
0.223308
0.276503
0.823916
0.000000
0.000000
0.000000
0.907410
0.825458
0.000000
0.000000
0.000000
0.000000
0.000000
0.000000
0.000000
0.000000
0.097917
0.000000
0.349008
1.026420
1.369898
0.000000
0.000000
0.661484
0.040888
0.000000
0.257938
0.000000
0.000000
0.312842
0.000000
0.000000
0.000000
0.000000
0.333983
0.000000
0.000000
0.140114
0.742345
0.000000
0.000000
0.000000
0.000000
0.334709
0.000000
0.000000
0.000000
0.000000
0.000000
0.000000
0.000000
0.000000
0.307272
0.587461
0.000000
0.000000
0.000000
