0.000000
0.000000
0.000000
0.754595
0.495973
0.000000
0.000000
0.000000
0.000000
0.000000
0.000000
0.000000
1.155460
0.000000
0.000000
0.000000
0.000000
1.577853
0.000000
0.000000
0.000000
0.000000
0.000000
0.781665
0.000000
0.000000
0.000000
0.000000
1.500452
0.000000
0.000000
0.000000
0.000000
0.000000
0.000000
0.000000
0.000000
0.145953
0.000000
0.000000
0.000000
0.000000
0.000000
0.000000
0.000000
0.000000
1.035234
0.000000
0.000000
0.865827
1.104137
0.000000
0.007480
0.000000
0.000000
0.000000
0.259412
0.000000
0.000000
0.000000
0.000000
0.000000
0.000000
0.000000
0.107700
0.000000
0.000000
0.000000
0.000000
0.000000
0.000000
0.000000
0.000000
0.333698
0.000000
0.000000
0.000000
0.000000
0.000000
1.250760
0.376658
0.000000
0.093281
0.109967
1.711341
0.000000
0.000000
0.000000
0.000000
0.000000
0.000000
0.000000
0.000000
0.000000
0.465133
0.000000
1.305324
0.000000
0.000000
0.000000
0.062091
2.515334
0.537625
0.000000
0.000000
0.000000
0.468190
0.000000
0.171656
0.000000
0.000000
0.000000
0.000000
0.000000
0.000000
0.000000
0.711030
0.000000
0.000000
0.000000
0.000000
0.016369
0.000000
0.000000
0.000000
0.235163
0.000000
0.204504
0.000000
0.581200
0.000000
0.000000
0.000000
0.000000
0.738352
0.000000
0.191471
0.000000
0.000000
1.057072
0.000000
0.000000
0.000000
0.000000
0.000000
0.000000
0.000000
0.000000
0.000000
0.000000
0.000000
0.000000
0.334046
0.000000
0.667404
0.000000
0.510181
0.352358
0.000000
0.000000
0.000000
0.000000
0.668506
0.000000
0.256351
0.000000
2.449193
1.502919
1.338773
0.000000
0.728508
0.000000
0.000000
0.000000
0.000000
0.508565
0.000000
0.000000
0.000000
0.000000
0.000000
0.000000
0.000000
0.000000
0.000000
0.000000
0.000000
0.084348
0.000000
0.000000
0.000000
0.000000
0.000000
0.000000
0.000000
0.000000
0.000000
0.000000
0.000000
0.000000
0.000000
0.000000
0.000000
0.031640
0.000000
0.000000
1.213437
0.612926
0.000000
0.000000
0.000000
0.000000
0.000000
0.500991
0.000000
0.382011
2.411334
0.000000
1.870680
0.000000
0.000000
0.000000
0.000000
0.000000
1.025624
0.000000
0.270324
0.000000
0.000000
0.000000
0.000000
0.000000
0.391797
0.000000
0.908409
0.000000
0.000000
1.695269
0.000000
0.225599
0.000000
0.739945
0.000000
0.000000
0.261332
0.000000
0.000000
0.000000
0.000000
0.316493
0.000000
0.000000
1.892033
0.365311
0.000000
0.722727
0.000000
0.000000
0.000000
0.893142
0.000000
0.000000
0.000000
0.000000
0.000000
0.420804
0.000000
0.000000
0.000000
0.000000
0.000000
0.000000
0.000000
0.000000
0.000000
1.351372
0.000000
0.000000
0.000000
0.000000
0.000000
0.000000
0.740788
0.000000
0.000000
0.000000
0.000000
0.000000
0.000000
0.000000
0.000000
0.000000
1.720632
0.349751
0.000000
0.703460
0.000000
0.000000
0.000000
0.000000
0.000000
0.000000
0.000000
0.000000
0.000000
0.000000
1.759751
0.614330
0.000000
2.337434
0.000000
0.000000
0.000000
1.447170
0.367899
0.000000
0.000000
0.000000
1.073917
0.000000
0.794966
0.000000
0.000000
0.000000
0.000000
0.000000
1.490896
0.000000
0.000000
0.000000
0.000000
0.000000
0.000000
0.000000
0.000000
0.157411
0.000000
0.415894
0.762898
0.000000
0.436573
0.000000
0.000000
0.000000
0.000000
0.000000
0.000000
0.000000
0.000000
0.000000
0.000000
0.644967
1.052115
0.000000
0.000000
0.603191
0.000000
0.000000
0.000000
0.769870
0.000000
0.000000
0.000000
0.000000
0.000000
0.000000
0.000000
0.581192
0.000000
0.000000
0.000000
3.005862
0.000000
0.000000
0.114998
0.000000
1.896681
0.178750
0.000000
0.000000
0.000000
1.959033
1.294770
0.000000
0.000000
0.000000
0.000000
0.971099
0.758519
0.000000
0.000000
0.000000
0.556388
0.000000
0.000000
0.000000
0.000000
0.000000
1.224225
0.000000
0.000000
0.000000
0.422671
0.283468
0.000000
0.000000
0.882981
0.000000
0.000000
0.000000
0.000000
1.021008
0.000000
0.337923
0.000000
0.000000
0.000000
0.315019
0.756345
0.000000
0.000000
0.477642
0.000000
1.297209
0.000000
0.583060
0.000000
0.059215
0.000000
0.000000
0.214239
0.000000
0.000000
0.000000
0.445193
0.000000
0.000000
0.420728
0.000000
0.000000
0.000000
0.000000
2.020463
1.985949
0.000000
0.000000
0.000000
1.992049
0.208734
0.000000
0.515146
0.000000
0.224641
0.638169
0.000000
0.205971
0.000000
2.681198
0.209769
0.000000
0.370436
0.663014
0.000000
0.841012
0.000000
2.328384
0.513121
0.000000
1.133455
0.000000
0.000000
0.000000
0.000000
0.619028
0.000000
0.000000
0.372168
0.173082
0.000000
0.000000
0.671069
0.096848
0.000000
1.030855
0.000000
0.000000
0.804931
0.000000
3.071544
0.793864
0.000000
0.228340
0.000000
0.000000
0.918855
0.000000
0.000000
0.623572
0.000000
0.000000
0.000000
0.000000
0.000000
0.000000
0.000000
0.000000
0.000000
0.000000
0.000000
0.000000
0.286706
2.142365
0.000000
0.799511
0.000000
0.093041
0.000000
0.000000
0.000000
0.000000
0.000000
0.041830
1.316830
0.000000
0.000000
0.580679
0.391019
0.000000
0.000000
0.000000
0.070719
0.000000
1.044953
0.000000
0.000000
0.405766
0.088856
0.000000
0.000000
0.000000
0.000000
0.000000
0.000000
0.000000
0.000000
0.000000
0.000000
0.000000
0.000000
0.813072
1.784850
0.000000
0.164647
0.000000
0.000000
0.000000
0.000000
0.000000
0.000000
0.000000
0.000000
0.000000
0.000000
0.000000
0.000000
0.000000
0.022665
0.335102
0.000000
0.359298
0.000000
0.000000
0.000000
0.000000
0.000000
0.000000
0.000000
0.297059
1.725205
0.000000
0.000000
0.000000
1.048597
1.411522
0.000000
0.000000
0.000000
0.000000
0.000000
0.890793
0.000000
0.000000
0.000000
1.826742
0.000000
0.109870
0.000000
0.937174
0.000000
0.000000
0.000000
0.484181
0.000000
0.000000
0.096206
0.000000
0.000000
0.000000
0.003239
0.000000
1.026840
1.086392
0.192291
1.876792
0.000000
0.000000
0.000000
0.000000
0.000000
0.000000
0.000000
0.000000
0.000000
1.067471
0.000000
0.000000
0.000000
0.000000
0.000000
0.000000
0.091095
2.536606
1.754480
0.864929
2.719925
0.000000
0.000000
2.031291
1.607492
0.013055
0.000000
0.000000
0.391624
0.000000
0.000000
2.288610
0.000000
0.000000
0.000000
0.000000
0.759859
0.000000
0.000000
0.805442
0.000000
0.015515
0.000000
0.000000
0.000000
0.692338
0.000000
0.000000
0.000000
1.083791
0.031489
0.000000
0.006385
0.000000
0.000000
1.005382
0.000000
0.000000
0.000000
1.085745
0.000000
0.105486
0.000000
0.000000
0.000000
0.000000
1.031317
0.802690
0.020090
0.000000
0.000000
0.000000
0.000000
0.000000
0.000000
2.052882
0.000000
0.706439
0.000000
0.000000
0.109583
0.000000
0.000000
0.100510
0.000000
0.000000
0.061870
0.000000
0.000000
0.336837
0.000000
0.000000
0.000000
0.232677
0.248024
0.000000
0.000000
0.180398
0.000000
0.000000
0.000000
0.000000
0.000000
2.014952
0.651505
0.726230
0.577256
0.000000
0.000000
0.000000
1.253004
0.000000
0.000000
0.000000
0.000000
0.000000
0.000000
0.000000
0.469559
0.000000
0.000000
0.000000
1.622558
0.000000
1.046468
0.000000
0.141894
0.717541
0.000000
0.738041
1.467764
1.205048
0.000000
0.000000
0.000000
0.000000
0.000000
0.000000
0.000000
2.171002
0.000000
0.000000
0.000000
0.646727
0.000000
0.000000
0.000000
0.000000
0.000000
0.000000
0.000000
0.000000
0.000000
0.794614
0.892242
0.000000
0.000000
0.000000
1.937313
0.000000
0.000000
0.000000
0.000000
0.000000
0.000000
0.164801
0.000000
1.102189
1.605931
0.000000
0.000000
0.000000
0.000000
0.000000
0.575641
0.000000
0.000000
0.604100
0.937882
0.000000
0.000000
0.000000
0.000000
0.000000
0.000000
0.071162
0.000000
0.000000
0.071026
0.441249
0.000000
1.149139
0.000000
0.000000
0.000000
1.122822
0.699471
0.000000
0.000000
0.000000
1.650539
0.000000
0.000000
0.000000
0.000000
0.555200
0.000000
0.000000
0.000000
0.000000
0.000000
0.000000
0.000000
0.000000
0.000000
0.000000
0.000000
0.000000
0.000000
0.000000
0.000000
0.000000
0.000000
0.000000
0.000000
0.000000
0.000000
0.000000
0.000000
0.000000
2.335921
0.403446
0.000000
0.000000
0.588450
0.000000
0.000000
0.000000
0.082850
1.580425
0.019373
0.000000
2.459613
0.000000
0.000000
0.625710
0.000000
0.000000
0.000000
1.255307
0.000000
0.000000
0.029845
2.914901
0.000000
0.000000
0.000000
0.402836
0.000000
0.186816
0.000000
0.000000
1.272806
0.000000
0.000000
0.000000
0.000000
0.974659
1.328137
5.237868
0.000000
0.000000
0.000000
1.132771
0.256589
0.000000
0.000000
0.544114
0.000000
0.000000
0.000000
1.540828
0.000000
0.000000
0.000000
0.000000
0.000000
0.000000
0.000000
0.000000
0.000000
0.000000
2.620633
0.000000
0.346429
0.000000
0.000000
0.000000
0.000000
0.000000
0.000000
0.000000
1.819228
0.000000
0.964781
0.000000
0.000000
1.065969
0.000000
0.000000
0.063819
0.000000
0.000000
0.000000
0.000000
0.463757
0.000000
0.000000
0.000000
0.000000
0.000000
0.831316
0.503163
0.228767
0.000000
1.007523
0.000000
0.000000
0.000000
0.862390
0.000000
0.000000
0.000000
0.000000
0.000000
0.042966
0.256382
0.375060
0.316329
0.000000
0.000000
0.000000
0.000000
0.000000
0.000000
0.000000
0.000000
0.000000
0.000000
0.464379
0.000000
0.720973
0.000000
0.000000
2.499104
0.000000
0.000000
0.231315
0.591968
0.169347
0.000000
1.395303
0.000000
0.568197
0.000000
0.254158
0.150681
0.000000
1.389632
0.000000
0.000000
0.000000
0.000000
0.304228
0.000000
0.000000
0.000000
1.879943
0.858176
0.989597
0.000000
0.000000
0.032623
0.190661
0.232982
1.757856
0.000000
0.000000
0.000000
0.000000
0.000000
0.000000
1.759227
0.000000
0.000000
0.000000
0.104161
0.000000
0.000000
0.000000
0.000000
0.000000
0.000000
0.000000
0.000000
0.000000
0.000000
0.000000
0.000000
1.131501
0.000000
0.000000
0.000000
0.000000
0.000000
0.000000
0.000000
0.429506
0.106401
0.122347
0.345354
0.883281
0.000000
0.857129
0.886413
0.000000
0.000000
0.000000
0.000000
0.000000
0.000000
0.000000
0.624726
1.400155
0.000000
0.000000
0.919290
0.000000
0.000000
0.685727
0.000000
0.000000
0.000000
0.000000
0.000000
0.000000
0.000000
0.000000
0.000000
0.000000
0.000000
0.664092
0.735641
0.000000
0.000000
0.000000
0.000000
0.000000
0.822396
0.141413
0.000000
0.750673
0.000000
1.139766
0.000000
0.849851
0.000000
0.000000
0.000000
0.000000
0.000000
0.000000
0.000000
0.000000
0.000000
0.000000
1.583792
0.000000
0.000000
0.000000
0.000000
0.000000
0.000000
0.000000
1.495579
1.184789
0.000000
1.894486
0.000000
0.000000
0.000000
0.000000
0.000000
0.000000
0.000000
0.000000
0.000000
0.000000
0.000000
0.000000
0.000000
0.000000
0.084706
0.000000
0.000000
0.000000
0.466592
0.000000
0.000000
0.000000
0.000000
0.000000
0.804410
0.688522
0.939328
0.000000
0.009365
0.000000
0.000000
0.000000
0.000000
0.000000
0.000000
0.756105
1.002959
0.000000
0.000000
1.617292
0.000000
0.000000
0.000000
0.000000
0.755990
0.000000
0.000000
0.736247
0.000000
0.000000
0.000000
0.401546
0.000000
0.000000
0.000000
0.000000
0.000000
0.868560
0.000000
0.000000
0.000000
0.000000
0.000000
0.000000
0.000000
0.000000
0.000000
0.000000
1.525615
0.077744
0.000000
0.554617
0.000000
0.000000
0.038524
1.643121
0.000000
0.966635
0.000000
0.000000
0.000000
0.000000
0.155447
0.000000
0.000000
0.000000
2.595260
0.000000
0.000000
0.000000
0.000000
0.000000
0.000000
0.000000
0.000000
0.000000
0.000000
0.000000
0.000000
0.218782
0.000000
1.741712
0.703068
0.000000
0.065393
0.000000
0.000000
0.000000
0.000000
0.000000
0.000000
0.518610
0.000000
0.000000
1.263583
0.000000
0.000000
0.000000
0.000000
0.000000
0.000000
0.000000
0.424472
0.000000
0.000000
0.000000
1.716251
0.000000
0.000000
0.000000
0.000000
0.000000
0.000000
1.736745
0.000000
0.000000
1.223808
0.000000
0.104525
0.000000
0.000000
0.000000
0.763132
0.000000
0.000000
0.000000
0.000000
2.818768
0.795332
0.000000
0.000000
0.000000
2.555685
0.086417
0.000000
0.000000
0.000000
0.000000
0.000000
0.000000
0.000000
0.000000
0.000000
0.000000
0.000000
0.000000
0.000000
0.000000
0.000000
1.432033
0.000000
0.000000
1.068186
0.659541
0.000000
0.000000
0.000000
0.000000
0.046045
0.000000
0.000000
0.000000
0.000000
0.000000
0.000000
0.000000
0.742506
0.000000
0.000000
0.000000
0.000000
0.000000
0.000000
1.869558
0.000000
0.000000
0.000000
0.538380
0.000000
0.430220
1.313056
0.000000
0.000000
0.000000
0.000000
0.000000
0.000000
0.000000
0.126981
0.000000
0.369249
1.123966
0.000000
0.000000
0.000000
0.000000
1.366050
0.000000
1.174299
0.000000
0.000000
0.000000
0.000000
0.000000
0.000000
0.618690
0.737067
0.000000
0.179861
0.000000
1.252088
0.647433
0.000000
0.000000
0.000000
0.000000
0.000000
0.599887
0.000000
2.173388
0.000000
0.000000
0.000000
0.000000
0.000000
0.000000
0.000000
0.000000
0.000000
0.215143
0.000000
0.541883
0.000000
0.000000
1.316454
0.000000
0.000000
1.919723
0.000000
0.000000
1.014574
0.029429
0.000000
0.000000
0.583790
0.000000
0.000000
0.986105
0.000000
1.970919
1.477859
0.000000
0.989065
0.000000
1.741341
0.000000
0.000000
0.000000
0.436116
0.000000
0.000000
0.000000
0.000000
0.246919
0.838491
0.000000
0.000000
0.000000
3.250112
0.716810
0.000000
0.000000
0.000000
0.000000
0.000000
0.000000
0.000000
0.000000
0.000000
0.000000
0.000000
0.469940
0.000000
0.000000
0.000000
0.374684
0.261823
0.000000
0.000000
0.577714
0.233158
0.000000
0.149166
1.016110
0.000000
1.467124
1.132397
0.000000
2.159539
0.000000
0.754820
0.000000
0.000000
0.642624
0.000000
0.236928
0.000000
0.000000
0.000000
0.000000
0.000000
0.000000
0.000000
0.000000
0.000000
0.255638
0.000000
0.305553
0.000000
0.000000
0.000000
0.000000
0.181909
0.000000
0.000000
0.000000
0.000000
0.349276
0.000000
0.906977
0.000000
0.000000
0.000000
0.000000
0.000000
0.000000
0.000000
0.000000
0.247253
0.000000
1.636089
0.000000
0.424029
1.029483
1.283057
0.000000
0.000000
0.000000
0.000000
0.000000
0.000000
0.000000
0.000000
0.000000
0.000000
0.683428
0.103250
0.859135
0.000000
0.000000
0.000000
0.000000
0.274056
0.000000
0.000000
0.000000
0.418978
0.000000
0.000000
0.437851
0.000000
0.000000
0.000000
0.000000
1.686888
0.000000
0.000000
0.246499
0.000000
0.000000
0.000000
0.000000
0.000000
0.252686
0.000000
0.000000
0.391175
0.000000
0.000000
1.121702
1.694732
0.000000
0.000000
0.000000
0.050962
0.416210
0.815509
1.168994
1.461818
0.000000
0.000000
0.000000
0.175187
0.000000
0.000000
0.000000
0.774637
0.000000
0.000000
0.000000
0.000000
0.000000
0.000000
0.000000
0.000000
0.579398
0.000000
0.000000
0.000000
1.025115
0.467489
1.119983
0.533879
0.000000
0.197570
0.161967
0.000000
1.687501
0.944389
0.000000
0.000000
0.000000
0.000000
0.000000
0.000370
0.000000
0.000000
0.000000
0.000000
0.000000
0.000000
0.000000
0.000000
0.000000
0.000000
1.042057
0.000000
1.459399
0.000000
0.549848
0.000000
0.000000
0.956865
0.000000
0.624652
0.347884
0.000000
0.000000
0.000000
0.000000
0.000000
0.000000
0.000000
0.506477
0.000000
0.000000
0.000000
0.241109
0.000000
0.049116
0.000000
0.000000
0.000000
0.000000
0.000000
0.000000
0.052382
0.000000
0.000000
0.896546
0.000000
0.000000
0.000000
0.000000
0.113956
0.000000
0.000000
0.000000
0.000000
0.000000
1.428879
0.000000
2.060402
0.000000
0.000000
0.000000
0.000000
0.000000
0.000000
0.000000
0.000000
0.000000
1.526887
0.000000
0.000000
0.000000
0.000000
0.038327
0.000000
0.000000
0.000000
1.877176
0.000000
1.765115
0.000000
0.725567
0.000000
0.000000
0.000000
0.000000
0.884527
0.000000
0.000000
0.755501
0.000000
0.000000
0.000000
0.000000
0.438497
0.000000
0.000000
0.525663
0.000000
0.000000
0.000000
0.000000
0.000000
0.000000
0.000000
0.277733
0.000000
0.341404
0.000000
0.000000
1.050529
0.000000
0.000000
0.000000
2.247038
0.000000
3.269810
0.000000
0.000000
0.112799
0.000000
0.000000
0.000000
0.000000
0.000000
2.716074
0.000000
0.000000
0.822576
0.000000
0.000000
0.000000
0.000000
0.000000
0.801735
0.000000
0.000000
0.000000
0.000000
0.000000
0.000000
0.177852
0.000000
0.005721
0.000000
0.171996
0.000000
0.000000
0.035682
0.000000
0.000000
0.000000
1.183294
0.000000
0.000000
0.000000
0.000000
0.000000
0.000000
0.869054
0.000000
0.324195
0.000000
0.000000
0.000000
0.000000
0.865399
1.346341
0.608529
0.000000
0.000000
0.982290
0.000000
0.000000
0.000000
0.580454
0.000000
1.186773
0.000000
0.000000
0.000000
0.224997
0.000000
0.000000
0.000000
1.148238
0.453608
0.000000
0.000000
0.000000
0.000000
0.047933
0.000000
0.000000
0.871741
0.000000
0.900077
0.000000
1.824352
0.000000
0.000000
0.155616
0.000000
0.000000
0.000000
0.000000
1.506820
0.000000
0.000000
0.000000
0.000000
0.000000
0.000000
0.000000
0.000000
0.000000
0.000000
0.000000
0.000000
0.000000
0.864831
0.000000
1.214973
0.000000
0.000000
0.000000
0.000000
0.000000
0.000000
2.232511
0.000000
0.000000
0.000000
0.679183
0.003844
0.000000
0.000000
0.000000
0.000000
0.000000
0.000000
0.000000
0.000000
0.000000
0.768190
0.000000
1.085124
0.000000
0.000000
0.000000
0.000000
0.000000
0.000000
0.000000
0.000000
0.303270
1.452080
0.000000
0.000000
0.681708
0.000000
0.000000
0.261087
0.000000
0.133397
0.000000
0.000000
0.000000
0.000000
1.275403
1.089418
0.044548
0.000000
2.147656
0.181137
0.000000
0.353499
0.000000
0.000000
0.863275
0.000000
0.000000
1.043212
0.000000
1.245579
0.000000
0.000000
0.000000
0.000000
0.000000
0.025060
0.000000
0.000000
0.000000
0.000000
1.806552
0.000000
0.000000
1.254133
0.741507
0.000000
0.000000
0.000000
2.283182
1.058327
0.557230
0.000000
0.000000
0.000000
0.000000
0.000000
0.000000
0.000000
0.000000
0.000000
0.000000
0.000000
0.000000
1.788484
0.000000
0.000000
0.000000
0.019369
0.000000
0.000000
0.000000
0.000000
0.000000
0.000000
0.000000
0.000000
0.042684
0.000000
0.000000
0.000000
0.000000
0.000000
0.000000
0.000000
0.337679
0.000000
0.049042
0.000000
0.000000
0.086622
1.935335
0.356830
0.000000
0.484016
0.580602
0.601372
0.000000
0.000000
0.360460
0.000000
0.000000
0.000000
0.000000
0.000000
1.787794
1.303293
1.832947
0.000000
0.000000
0.000000
0.000000
0.000000
0.000000
0.000000
0.000000
0.292740
0.427851
0.757921
0.000000
0.609947
0.000000
0.000000
0.000000
0.000000
0.000000
0.000000
0.000000
0.000000
0.000000
0.000000
1.068435
0.000000
0.000000
0.000000
0.101286
0.000000
0.620520
0.647147
0.000000
0.000000
0.000000
0.000000
0.000000
0.000000
1.640608
0.000000
0.000000
0.000000
0.000000
2.110814
0.000000
0.000000
0.000000
0.291056
0.000000
0.000000
0.000000
0.000000
0.193291
0.575181
0.979797
0.000000
0.123221
0.000000
0.000000
0.000000
0.000000
0.000000
0.000000
0.000000
0.000000
0.000000
0.000000
0.000000
0.000000
0.247738
0.000000
0.000000
0.499363
0.000000
0.000000
0.218202
0.002051
0.025458
0.000000
0.964891
0.000000
0.035808
0.000000
0.000000
0.170141
0.000000
0.000000
0.000000
0.000000
0.000000
0.000000
0.000000
0.301163
0.000000
0.093956
0.000000
0.000000
0.000000
0.152787
0.000000
1.898490
0.755341
0.000000
0.000000
0.000000
0.909933
0.000000
0.000000
0.290437
0.000000
0.614486
1.486660
0.000000
0.000000
0.000000
0.000000
0.000000
0.302326
1.283898
0.000000
0.000000
0.000000
0.000000
0.000000
0.000000
0.000000
0.000000
0.000000
0.000000
0.000000
0.000000
0.000000
0.000000
0.000000
0.000000
0.000000
1.630641
0.000000
0.000000
0.000000
0.000000
0.000000
0.094755
0.000000
0.000000
0.000000
0.000000
0.955107
0.000000
0.375187
0.919168
0.000000
0.000000
1.573218
0.000000
0.000000
0.000000
0.857709
2.272054
0.000000
0.000000
0.000000
0.000000
0.000000
0.000000
0.000000
0.869942
0.000000
0.347153
0.000000
0.000000
0.000000
0.000000
1.184268
0.000000
0.000000
0.000000
0.000000
1.610118
0.000000
0.000000
0.000000
0.000000
0.404529
0.053805
0.000000
0.000000
0.743896
0.000000
0.000000
0.252064
0.000000
0.000000
0.000000
0.187702
0.790227
0.000000
0.000000
0.490577
0.000000
0.000000
0.000000
0.000000
0.000000
0.000000
0.000000
0.000000
0.000000
0.197426
0.000000
2.750551
0.000000
0.000000
0.000000
0.000000
0.000000
0.000000
2.674142
0.000000
0.000000
0.000000
0.000000
1.075960
0.437150
0.000000
1.418053
0.000000
0.379882
0.000000
0.000000
0.000000
0.000000
0.000000
0.000000
0.000000
0.769212
2.361446
0.636259
0.000000
0.000000
0.000000
0.000000
0.087154
0.000000
0.104963
0.000000
0.000000
0.000000
0.000000
0.000000
0.000000
0.000000
0.000000
0.000000
0.000000
0.000000
0.000000
0.000000
0.000000
0.000000
0.000000
0.000000
0.053859
0.713352
0.936361
0.298255
0.165230
0.000000
0.000000
0.000000
0.000000
0.000000
1.261525
0.000000
0.000000
0.000000
0.000000
0.449119
0.000000
0.055561
0.971321
0.453999
0.000000
1.002734
0.124738
0.000000
0.046096
0.000000
0.000000
0.000000
0.000000
0.000000
0.000000
1.631539
0.229872
2.627066
1.689666
0.000000
0.000000
0.717588
0.363583
0.000000
0.000000
0.000000
0.000000
0.438485
0.975667
0.000000
0.000000
0.000000
0.000000
0.884866
0.793469
0.000000
0.000000
1.707147
0.000000
0.393453
0.000000
0.000000
0.000000
0.000000
2.161931
0.000000
0.531013
0.000000
2.374797
0.321687
0.000000
0.000000
0.000000
0.000000
0.713542
1.085209
1.273602
0.000000
0.000000
0.000000
0.000000
0.000000
0.000000
0.000000
0.000000
0.000000
1.147625
0.000000
0.000000
0.000000
0.000000
0.000000
1.031546
1.102600
0.415916
2.614558
0.000000
0.000000
0.313739
0.000000
0.000000
0.157166
0.000000
0.000000
0.000000
0.000000
1.412183
0.000000
0.000000
0.000000
0.000000
0.121910
0.000000
0.000000
0.000000
1.282831
0.484239
0.000000
0.000000
0.000000
0.435437
0.000000
2.353171
2.151752
0.000000
0.000000
0.110290
0.065356
0.000000
1.666075
0.923901
0.000000
0.000000
0.000000
0.000000
0.000000
0.000000
0.000000
0.000000
0.508921
0.000000
0.000000
0.585056
0.000000
0.000000
0.000000
0.596095
0.000000
0.018147
0.142421
0.000000
0.000000
0.414736
1.388429
1.681086
0.000000
3.179936
0.000000
0.000000
0.000000
0.000000
0.000000
1.435656
2.013472
0.000000
0.000000
0.000000
0.000000
0.000000
0.000000
0.963756
0.000000
0.000000
0.000000
0.000000
0.000000
0.000000
0.000000
0.000000
0.000000
0.000000
1.234018
0.000000
0.000000
0.000000
0.610352
0.000000
0.000000
0.000000
0.000000
0.000000
0.662546
0.000000
1.036232
0.000000
0.000000
0.000000
0.000000
0.000000
0.000000
1.233879
0.000000
0.000000
1.976078
0.391598
1.284179
2.857517
0.000000
2.230417
2.891342
0.000000
0.000000
0.000000
1.467254
0.540984
0.127984
0.000000
0.000000
0.000000
0.410050
0.000000
0.000000
0.000000
0.240672
0.000000
0.000000
1.167810
0.000000
0.000000
1.863775
0.278105
0.000000
0.000000
0.000000
2.217272
0.000000
0.000000
0.674192
0.000000
0.000000
0.000000
0.000000
0.000000
0.591907
0.000000
1.625819
0.000000
0.000000
0.000000
0.261711
1.558094
0.782653
0.000000
0.286544
0.000000
1.078918
1.289303
0.934883
0.000000
0.061955
0.000000
0.000000
0.000000
1.392374
0.421376
0.000000
0.000000
0.000000
0.000000
0.000000
0.000000
0.000000
0.000000
0.000000
0.000000
0.459754
0.000000
0.000000
0.000000
0.000000
0.453469
0.000000
0.000000
0.191390
0.000000
0.000000
0.000000
0.000000
1.975263
0.984720
0.000000
0.000000
0.000000
0.000000
0.000000
0.000000
0.000000
0.000000
0.000000
0.000000
0.000000
0.000000
0.000000
0.000000
0.102420
0.000000
0.000000
0.000000
0.000000
2.058172
0.000000
0.000000
1.841715
0.000000
0.000000
0.000000
0.094820
0.000000
0.000000
0.000000
0.000000
0.891871
0.000000
0.000000
1.283362
1.105789
0.000000
0.000000
0.000000
0.000000
0.000000
0.000000
0.000000
0.000000
0.804256
0.000000
0.000000
0.000000
0.000000
0.000000
0.884305
0.000000
0.000000
0.698499
0.000000
0.000000
0.000000
0.490449
0.000000
1.673248
0.000000
0.000000
0.000000
0.641264
0.251025
0.000000
0.009056
0.000000
0.000000
1.327456
0.665051
0.000000
0.475864
0.000000
0.000000
0.000000
0.000000
0.000000
0.000000
1.024539
0.619958
0.000000
0.253042
0.105122
0.000000
0.000000
0.000000
0.713759
0.000000
0.000000
0.000000
0.000000
0.000000
0.000000
0.209212
0.000000
0.766447
0.000000
0.000000
0.452383
0.549816
1.512013
0.000000
0.000000
0.000000
0.124809
0.730871
0.000000
0.791884
0.000000
0.102569
0.000000
0.000000
0.000000
0.000000
0.000000
0.000000
0.000000
2.116264
0.000000
0.510073
0.000000
0.000000
0.000000
0.846717
0.750668
0.199208
0.000000
0.248002
0.000000
0.310948
0.000000
1.260544
0.020927
1.115703
0.000000
1.295985
0.000000
0.000000
0.000000
0.000000
0.000000
0.000000
0.000000
0.813917
0.000000
0.000000
0.000000
0.000000
0.000000
0.000000
0.000000
0.741123
2.721989
0.000000
0.000000
0.273921
0.000000
0.000000
0.000000
0.000000
0.243430
0.000000
0.000000
0.000000
0.000000
1.198122
0.000000
0.019290
0.000000
1.320051
0.000000
0.000000
0.000000
0.105267
0.062972
0.000000
0.000000
0.000000
0.000000
0.000000
0.000000
0.033918
0.000000
0.000000
0.000000
0.000000
0.000000
0.000000
0.000000
0.000000
0.000000
0.000000
0.000000
0.000000
1.896454
0.000000
2.486244
0.191740
0.000000
0.000000
0.000000
0.000000
0.000000
0.000000
0.000000
0.000000
1.009097
0.618869
0.000000
0.000000
1.615895
0.000000
0.000000
0.000000
0.000000
0.000000
0.000000
0.000000
0.000000
0.000000
0.000000
0.000000
0.000000
0.992316
0.000000
0.000000
0.000000
0.057345
0.000000
0.000000
0.000000
0.134185
0.000000
0.000000
0.000000
1.364992
1.444808
1.115607
0.000000
0.000000
0.000000
0.000000
0.000000
0.000000
0.000000
0.000000
0.000000
0.000000
0.494911
0.000000
0.000000
0.000000
0.000000
0.000000
0.000000
0.000000
0.674593
0.949852
0.387325
0.000000
0.102602
0.000000
0.000000
0.000000
0.000000
0.000000
0.000000
1.051495
0.000000
1.198912
1.326210
0.000000
0.957483
0.000000
0.000000
0.000000
0.000000
1.242939
1.922802
0.000000
0.000000
0.000000
0.000000
1.049212
0.000000
1.041581
0.749083
0.000000
0.000000
0.000000
0.000000
0.400111
0.007125
0.000000
0.000000
0.000000
0.000000
0.000000
0.000000
0.000000
0.000000
0.972954
0.000000
0.000000
1.208003
0.440013
0.000000
0.000000
0.324121
3.853875
0.000000
0.000000
0.000000
0.744318
0.000000
0.000000
0.000000
0.000000
0.000000
0.535254
0.000000
0.000000
0.000000
0.000000
0.000000
1.065782
0.000000
0.008503
0.681486
2.405538
0.000000
0.000000
0.000000
0.000000
0.000000
0.000000
0.000000
0.000000
0.000000
0.000000
0.000000
0.000000
0.000000
0.764231
0.000000
0.000000
0.677963
0.000000
0.000000
0.722468
0.000000
0.000000
1.099853
0.326661
0.000000
0.000000
0.000000
0.000000
0.000000
0.000000
0.000000
0.432636
1.286897
0.000000
0.000000
1.238425
0.000000
0.000000
0.379504
0.000000
0.000000
0.597173
0.000000
0.000000
0.000000
0.000000
0.000000
1.373484
0.000000
0.923044
2.843253
0.000000
2.973214
0.000000
0.117464
3.214699
0.431858
0.084209
0.000000
0.000000
0.000000
0.000000
0.000000
0.000000
0.000000
0.971844
0.000000
0.290652
0.000000
0.000000
0.248043
0.000000
0.000000
0.728059
0.000000
0.000000
0.322322
0.000000
0.000000
0.000000
0.000000
0.000000
0.000000
0.000000
0.000000
1.933879
0.000000
0.000000
0.991463
0.000000
0.000000
0.000000
0.467088
0.000000
0.000000
0.000000
0.000000
1.571702
0.000000
0.000000
0.000000
0.000000
0.441498
1.718223
0.016764
0.000000
0.000000
0.000000
1.591085
0.000000
0.000000
0.000000
0.854905
0.000000
0.000000
0.000000
0.000000
0.000000
0.729089
0.486139
0.000000
4.224307
0.000000
0.341791
0.000000
0.000000
0.785727
0.000000
0.451770
0.000000
0.000000
0.261270
0.000000
0.000000
0.000000
1.244608
0.000000
0.000000
0.032908
2.279215
0.000000
0.000000
0.000000
0.000000
0.884302
0.251274
0.000000
0.000000
0.000000
0.000000
0.416165
0.286899
0.000000
0.191623
1.567702
0.000000
3.190488
0.414884
0.820885
0.000000
0.478986
0.000000
0.000000
0.000000
0.000000
0.000000
0.000000
0.000000
1.171473
0.000000
1.005142
0.000000
0.000000
0.250911
0.000000
0.311315
0.000000
0.000000
0.000000
0.000000
0.211626
0.000000
0.472070
0.000000
0.000000
0.000000
0.000000
0.000000
0.000000
0.329130
0.669103
1.103787
0.000000
0.000000
0.000000
0.000000
0.000000
0.000000
0.000000
0.000000
0.000000
0.000000
0.000000
0.000000
0.000000
0.000000
0.000000
0.229136
0.000000
0.000000
0.000000
0.000000
0.220378
0.551408
0.000000
0.000000
1.317270
0.104391
0.000000
0.000000
0.000000
1.025153
0.000000
0.979997
0.000000
0.000000
1.360190
0.000000
0.278300
0.000000
0.000000
0.000000
1.560500
0.000000
0.000000
0.000000
0.000000
0.000000
0.000000
0.000000
0.434695
0.797045
0.000000
0.000000
0.000000
0.000000
0.000000
0.000000
0.000000
0.000000
0.000000
0.000000
0.000000
0.000000
0.000000
0.000000
0.000000
0.000000
0.000000
0.000000
0.000000
0.000000
0.000000
1.205241
0.000000
0.133033
0.000000
0.000000
0.627143
0.861221
0.817833
0.000000
0.000000
0.001313
0.000000
0.000000
0.000000
0.000000
0.000000
0.000000
0.409891
0.221234
0.000000
0.038046
0.000000
0.899216
0.000000
0.000000
0.000000
0.000000
0.000000
0.000000
0.046057
0.000000
0.000000
0.000000
0.000000
0.000000
0.000000
0.000000
0.905328
0.000000
0.000000
0.000000
1.312652
0.000000
2.668267
0.750304
0.000000
0.000000
0.000000
0.000000
2.375575
0.000000
1.224608
0.000000
1.649049
1.606460
0.381995
0.302580
0.000000
0.000000
2.663796
0.638815
0.000000
0.000000
2.049802
0.000000
0.000000
0.225412
0.000000
0.000000
0.000000
0.000000
0.000000
0.000000
0.000000
0.000000
0.000000
0.938281
0.000000
0.000000
0.000000
0.457078
0.779525
0.000000
0.000000
0.000000
0.000000
0.171826
0.000000
0.439273
0.000000
0.000000
0.491575
0.000000
0.000000
1.362600
0.000000
0.000000
0.900194
0.000000
0.224569
0.000000
0.287007
0.000000
0.000000
0.000000
0.421740
0.419006
0.084166
0.000000
0.000000
0.000000
0.000000
0.000000
0.000000
0.000000
0.000000
0.000000
0.000000
0.000000
2.068652
1.300784
0.308492
0.000000
0.000000
0.000000
0.397867
0.000000
0.000000
0.000000
0.193941
0.000000
0.000000
0.000000
0.000000
1.389278
0.000000
0.000000
0.000000
0.000000
0.000000
0.000000
0.000000
0.000000
0.000000
0.371972
0.000000
0.000000
0.318454
0.000000
0.000000
0.000000
0.000000
0.000000
0.000000
0.000000
0.000000
0.000000
0.000000
0.848965
0.245153
0.000000
0.000000
0.597682
0.000000
0.000000
0.000000
0.000000
0.000000
0.322072
0.103723
0.000000
0.000000
0.000000
3.033613
0.000000
0.000000
0.000000
0.000000
0.000000
0.000000
0.000000
0.000000
0.000000
0.348279
0.000000
0.000000
0.412907
0.000000
0.000000
0.000000
0.000000
0.000000
0.000000
0.000000
0.000000
0.000000
0.686131
0.000000
0.000000
0.820561
0.000000
0.000000
0.000000
0.000000
0.000000
0.000000
0.000000
0.992254
0.000000
0.000000
0.000000
0.861817
0.000000
0.000000
0.000000
0.000000
0.000000
0.000000
0.000000
0.000000
0.000000
0.000000
0.000000
0.000000
0.000000
0.000000
0.000000
1.572573
0.000000
0.000000
0.000000
0.000000
0.000000
0.000000
0.000000
0.015112
0.582280
0.000000
0.000000
0.000000
1.329861
0.063957
0.000000
0.000000
0.000000
0.000000
0.000000
3.013984
0.000000
1.271630
0.000000
0.000000
0.000000
0.000000
0.000000
1.055496
0.000000
2.356653
0.000000
0.000000
1.053437
0.000000
0.261037
0.222051
0.000000
0.000000
0.000000
0.483231
0.000000
0.223495
0.006477
0.000000
0.000000
0.036488
0.000000
0.000000
0.000000
0.000000
0.000000
0.000000
0.000000
0.000000
0.000000
1.058774
0.000000
0.000000
0.000000
0.641419
0.000000
0.000000
0.000000
0.000000
0.000000
0.000000
0.095716
0.000000
0.000000
0.000000
0.000000
0.000000
0.427696
0.639389
2.456129
0.000000
0.000000
0.290113
0.000000
0.000000
0.000000
0.000000
0.000000
0.000000
0.000000
0.000000
0.000000
0.000000
0.238599
0.000000
0.000000
0.000000
0.000000
0.000000
0.535265
0.000000
0.000000
0.000000
2.162277
0.418500
2.299718
0.000000
2.019546
0.000000
0.683288
0.502234
0.500140
0.000000
0.000000
0.000000
0.000000
0.000000
2.271464
0.000000
0.000000
0.000000
0.000000
0.000000
0.000000
0.320069
0.000000
0.000000
2.837761
0.000000
0.000000
0.000000
0.000000
0.000000
0.000000
0.000000
0.000000
0.000000
0.000000
0.000000
0.000000
2.090418
0.000000
0.000000
0.000000
0.000000
0.210684
0.000000
0.000000
0.000000
0.000000
0.000000
0.000000
0.000000
0.000000
1.352428
0.878782
0.000000
0.000000
0.000000
0.320367
0.000000
0.000000
0.000000
0.000000
0.000000
0.000000
0.000000
1.986080
1.861210
0.000000
0.000000
0.000000
0.200804
0.000000
0.632928
0.000000
0.000000
0.000000
0.000000
0.204036
0.000000
0.000000
1.059157
0.000000
0.000000
0.000000
0.000000
0.000000
1.487486
0.000000
0.472045
0.000000
0.000000
0.000000
0.000000
0.000000
0.000000
0.000000
0.000000
0.000000
0.000000
0.000000
0.000000
1.732589
0.000000
0.510701
0.359241
0.000000
0.000000
0.030052
0.716427
0.000000
0.000000
0.000000
0.000000
0.000000
0.000000
0.000000
1.195994
0.000000
0.000000
0.000000
0.503427
0.319874
0.000000
1.064229
0.000000
0.000000
0.000000
0.000000
1.810529
0.000000
0.000000
0.000000
0.000000
0.000000
0.443820
0.000000
0.000000
0.000000
0.000000
0.000000
0.000000
0.000000
0.000000
0.000000
0.000000
0.000000
0.000000
0.000000
0.000000
0.250118
0.000000
0.000000
0.000000
0.000000
0.593045
0.000000
0.000000
0.865489
0.000000
0.000000
0.014950
0.000000
0.000000
0.766124
0.071368
0.467211
0.000000
0.000000
0.000000
0.000000
0.127581
0.000000
0.000000
0.051928
0.000000
0.000000
0.431213
0.000000
0.000000
0.000000
0.000000
0.000000
0.000000
0.264814
0.000000
3.401609
0.000000
0.000000
0.150183
0.000000
0.448813
0.000000
0.834964
0.000000
1.930243
0.000000
0.000000
0.000000
0.864074
0.000000
0.000000
0.000000
0.000000
1.745937
1.197409
0.662117
2.346233
0.000000
0.000000
0.000000
0.000000
0.221663
0.000000
0.000000
0.000000
0.245968
0.000000
0.000000
0.000000
2.114447
0.027385
0.000000
0.000000
0.000000
0.000000
0.207533
0.000000
0.160217
0.000000
0.000000
0.000000
0.000000
0.000000
0.195574
0.000000
0.131523
0.000000
0.000000
0.000000
0.000000
0.880159
0.000000
0.000000
0.000000
2.338073
0.000000
0.000000
0.000000
0.000000
0.000000
0.000000
0.000000
0.000000
0.514727
0.463344
0.000000
0.000000
0.000000
0.000000
0.000000
0.000000
0.083703
0.000000
0.621034
0.000000
0.024314
0.495524
0.000000
0.000000
0.000000
0.000000
0.000000
0.000000
0.000000
0.287025
0.351362
0.596972
0.764344
0.000000
0.000000
0.000000
0.213947
0.000000
0.180739
0.000000
0.000000
0.429259
0.000000
0.000000
0.000000
0.000000
0.000000
0.773744
0.000000
0.696314
0.000000
0.000000
0.000000
0.000000
0.000000
0.000000
0.650182
0.000000
0.000000
0.000000
1.290260
0.000000
0.000000
0.000000
0.000000
0.000000
0.000000
0.000000
1.891108
0.000000
0.000000
0.000000
1.067794
0.000000
0.000000
1.465060
1.621174
0.000000
0.000000
0.000000
0.000000
0.000000
0.000000
0.000000
0.000000
0.000000
0.000000
0.000000
0.468553
0.154811
0.000000
0.000000
0.000000
1.556499
0.000000
0.000000
0.000000
0.621638
0.000000
1.786833
0.894045
1.849543
0.000000
0.000000
0.000000
0.000000
0.000000
0.000000
0.000000
0.000000
0.000000
0.000000
0.000000
0.000000
0.000000
0.000000
0.000000
0.654049
0.705047
0.000000
0.000000
0.000000
0.000000
1.472328
0.000000
0.000000
0.000000
0.000000
0.000000
0.000000
0.000000
0.000000
0.000000
0.000000
0.000000
0.000000
0.000000
0.000000
0.000000
0.000000
0.000000
0.000000
0.000000
0.000000
0.000000
0.000000
0.000000
0.024772
0.443900
0.441726
0.000000
0.000000
0.233039
0.000000
0.000000
0.000000
0.000000
0.000000
0.349805
0.000000
1.003317
0.636773
0.000000
0.000000
0.000000
0.000000
0.488990
0.000000
0.637993
0.000000
0.000000
0.000000
1.621129
0.000000
1.949734
0.000000
0.422614
0.896966
0.000000
0.000000
1.067893
0.000000
0.000000
0.000000
0.662013
0.000000
0.000000
0.000000
0.000000
0.000000
1.094060
0.000000
0.000000
0.000000
0.178335
0.000000
0.464416
0.000000
0.000000
0.000000
0.000000
0.000000
2.881700
0.000000
0.000000
1.569866
0.000000
0.000000
0.000000
1.948723
0.000000
2.257112
1.054308
0.000000
0.983322
2.973280
0.000000
0.547288
0.000000
0.741727
0.000000
0.559772
0.000000
0.000000
0.000000
0.000000
0.000000
0.000000
0.073760
1.724985
0.472628
0.000000
0.000000
0.000000
0.000000
0.000000
0.566608
2.107597
0.000000
0.000000
0.075521
0.000000
0.000000
3.228376
0.000000
0.000000
0.000000
0.000000
0.000000
0.000000
0.660515
0.000000
0.084634
0.000000
0.000000
0.000000
0.811625
0.000000
0.000000
0.000000
0.000000
0.000000
0.000000
0.274388
0.231922
0.000000
0.000000
0.000000
0.000000
0.000000
0.000000
0.000000
2.375141
0.000000
0.000000
0.000000
0.000000
0.000000
0.000000
0.627496
0.000000
0.000000
0.928000
0.383594
0.000000
0.000000
0.000000
0.179183
0.000000
2.051724
0.000000
0.141346
0.609184
0.028085
2.331051
0.000000
0.000000
0.000000
0.726658
0.909006
0.529410
0.164505
0.000000
0.000000
0.000000
0.000000
0.299105
0.000000
0.560612
0.000000
0.000000
0.000000
0.000000
0.000000
0.000000
0.000000
0.000000
0.000000
0.000000
0.000000
0.769176
0.000000
0.000000
0.000000
0.000000
0.049939
0.000000
1.119866
1.734146
0.000000
0.000000
0.000000
0.041807
0.000000
0.000000
0.888054
1.746600
2.682832
1.280838
0.000000
0.234430
0.000000
0.720524
1.427374
1.395291
0.000000
0.000000
0.000000
0.565955
1.549460
3.606681
0.596110
0.202057
1.460279
0.436768
0.000000
1.109932
0.000000
0.000000
0.000000
0.000000
1.700927
0.000000
0.000000
0.000000
0.000000
0.000000
2.766989
0.000000
0.000000
0.000000
0.000000
0.000000
0.000000
0.000000
0.000000
0.000000
0.000000
0.000000
0.000000
0.000000
0.000000
0.000000
0.000000
0.000000
0.000000
0.000000
1.358617
0.000000
0.920414
0.000000
0.000000
0.000000
0.165413
0.000000
0.000000
0.000000
0.886344
0.000000
0.000000
1.396192
0.618164
0.000000
0.000000
0.635668
0.000000
0.541174
0.157005
1.468435
1.569628
0.000000
0.000000
0.000000
0.000000
0.721866
0.000000
1.478142
0.000000
0.380752
0.000000
0.276314
0.000000
0.000000
0.000000
0.000000
0.974745
0.021850
1.578997
0.527797
0.000000
0.239360
0.000000
0.000000
0.000000
0.000000
0.000000
0.022749
0.000000
1.762211
0.000000
0.646524
0.000000
0.949662
0.000000
0.000000
1.833368
0.000000
0.000000
0.000000
0.457081
0.000000
0.000000
0.213015
1.623058
0.000000
0.000000
1.278165
0.000000
0.000000
0.000000
0.000000
0.673312
0.000000
0.000000
0.000000
0.000000
0.000000
