0.000000
0.000000
0.000000
0.000000
0.000000
0.000000
0.000000
0.348088
0.000000
0.000000
0.000000
0.000000
0.138480
0.000000
0.000000
0.000000
0.000000
2.082723
0.000000
0.000000
0.000000
0.000000
0.000000
0.532674
1.581394
0.000000
0.955691
0.000000
0.000000
0.000000
0.000000
0.000000
0.000000
0.000000
0.000000
0.000000
0.000000
0.000000
0.000000
0.000000
0.000000
0.491639
0.000000
0.000000
0.000000
0.000000
0.000000
1.129544
0.000000
0.000000
0.000000
0.000000
0.000000
0.000000
0.000000
0.000000
0.000000
0.000000
0.000000
0.000000
1.921514
0.752015
0.000000
0.000000
0.000000
3.319638
0.000000
0.000000
0.000000
0.000000
2.315791
0.000000
0.060420
0.145353
0.000000
0.000000
0.000000
0.000000
0.000000
0.000000
0.102329
0.000000
0.000000
0.000000
0.000000
0.000000
0.000000
0.879070
0.000000
0.000000
0.000000
0.290912
0.000000
0.000000
0.000000
1.464395
0.000000
0.000000
0.000000
0.000000
0.000000
0.000000
0.336351
0.000000
0.000000
0.000000
0.000000
0.846628
0.000000
0.000000
0.000000
0.000000
0.000000
1.428065
0.000000
0.000000
0.000000
0.000000
0.000000
0.094648
0.000000
0.184904
0.000000
1.446957
0.000000
0.000000
0.000000
0.000000
0.000000
0.000000
0.000000
0.000000
2.090313
0.000000
0.000000
0.000000
0.000000
0.000000
0.000000
1.944308
0.000000
0.000000
1.786155
0.000000
0.000000
0.000000
0.000000
0.000000
0.000000
0.000000
0.000000
0.294990
0.000000
0.000000
0.753699
0.000000
0.000000
0.000000
0.400270
0.000000
0.000000
0.849938
0.000000
0.000000
0.000000
0.000000
0.000000
0.000000
0.000000
0.000000
0.000000
0.000000
0.000000
0.000000
0.000000
1.729765
0.000000
0.890037
0.822601
0.845386
0.000000
0.000000
0.000000
0.000000
0.000000
0.000000
0.000000
0.000000
0.000000
0.000000
0.000000
0.000000
0.000000
0.000000
0.000000
0.904898
0.008818
0.000000
0.120959
0.000000
0.000000
0.000000
0.000000
0.000000
0.000000
0.000000
0.000000
0.000000
0.000000
0.000000
0.691577
0.000000
0.000000
0.000000
0.000000
0.000000
0.000000
0.000000
0.000000
0.000000
0.020400
0.000000
0.000000
0.000000
0.000000
0.000000
0.000000
0.381157
0.950022
0.000000
0.000000
0.000000
0.000000
1.525277
0.000000
0.000000
0.000000
0.000000
0.000000
0.000000
0.000000
0.000000
0.000000
0.000000
0.173951
0.490501
0.000000
0.000000
0.000000
0.000000
0.000000
0.000000
0.833099
0.000000
0.000000
0.000000
0.000000
0.000000
0.882353
0.000000
0.000000
0.000000
1.518996
0.000000
0.000000
0.000000
2.467852
0.000000
0.000000
0.000000
0.191587
0.000000
0.000000
0.000000
0.000000
0.000000
0.000000
0.000000
0.233205
0.000000
0.000000
0.000000
2.771692
0.000000
0.000000
1.608327
0.000000
0.000000
0.000000
1.296661
0.000000
0.776212
0.000000
0.667861
0.000000
0.000000
0.000000
0.090703
1.623330
0.785247
1.141999
0.000000
0.000000
0.000000
0.000000
0.000000
0.000000
0.000000
0.000000
0.000000
0.000000
0.000000
0.000000
0.000000
0.000000
0.000000
0.000000
0.000000
0.000000
0.000000
0.000000
1.737395
0.000000
0.000000
0.000000
0.000000
0.000000
0.000000
0.000000
0.000000
0.079218
0.000000
0.000000
0.000000
0.000000
0.000000
0.000000
0.000000
0.000000
0.000000
3.722832
1.229052
0.000000
0.063820
2.229104
0.000000
1.983151
0.000000
0.000000
0.801284
0.000000
0.000000
0.000000
0.000000
0.000000
0.830077
0.322470
0.000000
0.000000
0.000000
0.000000
0.000000
0.000000
0.449237
0.000000
0.964726
0.000000
0.000000
0.000000
1.114422
0.000000
0.000000
0.000000
0.000000
2.591088
2.539617
0.000000
0.000000
0.981708
0.000000
0.000000
0.000000
0.000000
0.000000
0.000000
0.000000
3.074662
0.000000
0.000000
0.000000
0.343684
0.000000
0.000000
0.000000
0.000000
0.000000
0.000000
0.000000
0.000000
0.000000
0.607961
0.000000
0.000000
0.000000
0.000000
0.000000
0.000000
1.274648
0.000000
0.000000
0.000000
0.000000
1.452892
0.000000
0.000000
0.378155
0.000000
0.927092
0.000000
0.000000
0.000000
2.085228
0.370297
0.591441
0.636043
0.000000
0.000000
0.000000
1.641067
0.000000
0.000000
0.000000
0.000000
0.000000
0.000000
0.000000
0.000000
0.000000
0.711620
0.000000
0.000000
0.000000
0.000000
1.098194
0.000000
0.000000
0.000000
0.000000
0.000000
0.000000
0.000000
0.000000
1.158911
0.002463
0.000000
2.627805
0.000000
0.000000
0.200245
1.034714
0.000000
0.000000
0.000000
0.172628
0.000000
0.000000
2.631934
0.000000
0.000000
0.523234
0.000000
0.000000
0.000000
0.000000
0.000000
0.000000
0.000000
0.000000
0.000000
0.000000
0.000000
0.000000
0.000000
0.000000
0.035132
0.000000
2.350353
0.000000
1.830326
0.000000
0.000000
0.000000
0.000000
0.000000
0.000000
0.000000
0.830603
0.000000
0.000000
0.000000
0.475704
0.000000
0.000000
0.998518
0.000000
0.000000
0.000000
0.000000
1.154228
0.000000
0.437385
1.789990
0.000000
0.328565
0.000000
0.000000
1.055194
0.000000
0.000000
3.600924
0.000000
0.000000
0.000000
0.000000
0.000000
0.803289
0.000000
2.719996
0.000000
0.000000
0.000000
0.000000
0.000000
0.000000
0.000000
0.000000
0.000000
0.000000
0.000000
0.000000
0.000000
0.000000
0.000000
0.000000
0.000000
0.000000
0.000000
4.025147
0.000000
0.000000
4.048888
0.000000
0.000000
0.000000
0.000000
1.258922
0.000000
0.301129
0.000000
0.000000
0.000000
0.750993
0.000000
0.000000
0.000000
1.039709
0.000000
0.000000
2.836373
0.000000
0.000000
0.000000
0.000000
1.512266
0.000000
1.272945
0.104231
0.000000
0.000000
0.000000
0.000000
0.000000
0.000000
0.039656
0.000000
0.000000
0.000000
0.000000
0.000000
0.000000
0.000000
0.000000
2.041648
0.000000
0.000000
0.000000
0.000000
1.191621
0.000000
0.935430
0.000000
0.000000
0.521750
0.000000
0.000000
0.000000
0.000000
0.000000
0.000000
0.000000
0.000000
0.000000
0.000000
0.000000
0.000000
0.000000
0.000000
0.000000
0.000000
0.000000
0.000000
0.503498
0.000000
3.988025
0.000000
0.000000
0.000000
0.000000
0.000000
0.229282
0.000000
0.000000
0.000000
0.000000
0.000000
0.764467
0.000000
0.000000
0.000000
0.000000
0.000000
1.747438
0.000000
0.000000
0.000000
0.000000
0.000000
0.000000
0.000000
0.000000
0.719188
0.000000
0.752675
0.000000
0.000000
0.000000
0.000000
0.000000
0.230094
0.000000
0.000000
0.000000
0.000000
0.000000
0.000000
0.000000
2.327464
0.000000
0.000000
0.000000
0.000000
0.050643
0.000000
0.000000
0.000000
0.000000
0.000000
0.000000
0.000000
0.000000
0.904332
0.431539
0.129789
0.000000
0.000000
0.000000
0.000000
0.000000
0.000000
0.000000
0.000000
0.000000
0.000000
0.000000
0.000000
0.000000
0.000000
0.000000
0.000000
0.000000
0.000000
0.000000
0.000000
0.057799
0.000000
0.000000
1.786413
0.099079
0.000000
0.022542
0.000000
0.000000
0.000000
0.000000
0.158893
0.000000
0.000000
0.000000
1.341247
2.398847
1.325374
0.000000
0.000000
0.000000
1.863465
0.000000
0.000000
0.000000
1.945648
0.446017
0.000000
0.000000
0.000000
0.853238
0.000000
0.000000
0.000000
1.507709
0.000000
0.000000
0.000000
0.000000
0.000000
0.000000
0.000000
0.000000
0.000000
0.237640
0.000000
0.000000
0.000000
0.000000
1.400718
0.000000
0.000000
0.860632
0.000000
0.000000
0.000000
0.000000
0.000000
0.000000
0.000000
2.228028
0.000000
0.000000
4.057239
0.000000
2.354185
1.422888
0.000000
0.000000
2.367027
0.000000
0.000000
0.000000
0.000000
0.000000
0.000000
0.000000
0.000000
0.000000
0.000000
0.000000
0.000000
0.000000
0.724749
0.000000
0.000000
0.000000
0.000000
0.000000
0.000000
0.000000
0.546115
0.000000
0.000000
0.000000
0.000000
0.000000
0.755727
0.000000
0.000000
0.000000
0.000000
0.000000
0.000000
0.149054
0.000000
4.237836
0.561502
0.000000
0.000000
0.000000
1.519325
0.000000
0.000000
0.000000
0.000000
0.000000
0.000000
0.000000
0.043026
0.000000
0.081402
2.063839
0.000000
0.000000
0.449597
0.000000
0.000000
0.000000
0.000000
0.000000
0.000000
0.369608
0.000000
0.000000
0.000000
0.393072
1.069657
0.693630
0.000000
0.000000
0.000000
1.346580
0.000000
0.000000
0.000000
0.133987
0.000000
0.000000
0.000000
0.000000
0.000000
0.000000
0.506771
0.000000
0.000000
0.000000
0.000000
0.000000
0.000000
1.063322
0.000000
0.000000
0.000000
0.000000
0.000000
0.000000
0.000000
0.444090
0.740008
0.000000
0.000000
2.199519
0.000000
0.000000
0.000000
0.000000
0.329825
0.000000
0.000000
0.847322
0.000000
0.000000
0.000000
0.000000
0.817696
0.000000
0.000000
0.000000
0.000000
0.000000
0.000000
0.000000
0.000000
0.000000
4.521140
0.261483
0.000000
0.000000
0.000000
0.000000
0.000000
0.000000
1.104078
0.000000
0.400008
0.000000
0.000000
1.345988
0.000000
0.000000
0.000000
2.012771
0.000000
0.000000
0.000000
0.405180
0.973272
1.271576
0.127045
0.000000
1.727712
0.000000
0.675028
0.000000
0.000000
0.000000
0.000000
0.180733
0.000000
1.615142
0.000000
0.000000
0.228498
0.000000
0.000000
0.000000
0.000000
0.000000
0.000000
0.000000
0.000000
0.000000
0.292290
0.000000
0.141293
0.000000
0.000000
0.000000
0.000000
0.000000
0.000000
1.913668
0.000000
0.000000
0.000000
1.971313
0.009651
0.000000
0.000000
0.000000
0.272922
0.752877
0.000000
0.000000
0.028967
0.000000
0.000000
0.000000
0.000000
0.984661
0.000000
0.158739
0.000000
0.000000
0.000000
0.000000
0.172976
0.000000
0.000000
0.000000
0.000000
0.000000
0.000000
3.539745
0.000000
3.118913
0.000000
0.000000
0.000000
0.000000
0.000000
0.000000
0.000000
3.080330
0.000000
0.000000
1.819753
0.000000
0.000000
0.000000
0.000000
0.328100
0.000000
0.000000
0.000000
0.000000
0.000000
0.000000
0.000000
1.209478
0.000000
0.000000
0.000000
0.000000
1.016399
0.000000
0.000000
0.667970
0.849584
0.000000
0.000000
0.000000
0.000000
0.000000
0.000000
0.000000
1.695361
0.000000
0.000000
0.126123
0.000000
0.000000
0.000000
0.000000
0.784961
1.219217
0.595207
0.723073
0.000000
0.000000
0.000000
0.000000
0.000000
0.000000
0.000000
0.000000
0.000000
0.000000
0.000000
0.000000
0.653103
0.000000
0.000000
0.000000
0.057198
0.000000
0.000000
0.031143
0.000000
0.542355
0.000000
0.000000
0.642611
0.000000
0.551347
0.000000
0.000000
0.000000
0.024802
0.000000
0.187518
0.000000
0.000000
0.000000
0.000000
0.569235
0.000000
0.000000
0.000000
0.000000
0.000000
0.000000
0.000000
0.000000
0.000000
1.419441
0.000000
0.000000
0.539296
0.000000
0.000000
0.000000
0.000000
0.000000
0.000000
0.000000
0.000000
0.000000
0.000000
0.000000
0.000000
0.000000
0.000000
0.000000
0.000000
0.000000
0.000000
0.070547
0.000000
0.000000
0.000000
0.000000
0.994799
0.000000
2.380423
1.007965
0.000000
0.000000
0.000000
0.223798
0.000000
0.000000
0.000000
0.000000
0.000000
0.000000
0.000000
0.000000
0.000000
0.000000
0.000000
1.378924
0.000000
0.000000
1.160863
1.347678
0.000000
0.000000
0.000000
0.000000
0.000000
0.000000
0.000000
0.000000
0.000000
0.000000
0.000000
0.000000
0.000000
0.000000
0.000000
0.000000
0.000000
0.000000
0.000000
0.000000
0.000000
0.000000
0.000000
0.000000
0.000000
0.000000
0.000000
0.000000
0.370159
0.000000
0.531953
0.000000
0.000000
0.000000
0.000000
0.000000
0.000000
0.000000
0.106186
0.000000
0.000000
0.000000
0.000000
0.000000
0.000000
0.000000
0.108319
0.000000
0.000000
0.000000
2.056393
0.000000
0.000000
0.000000
0.000000
0.000000
0.000000
0.000000
0.000000
0.000000
1.070532
0.000000
0.000000
0.224554
0.000000
0.000000
0.000000
0.000000
0.000000
0.000000
0.000000
0.000000
0.000000
0.000000
0.000000
0.000000
0.000000
0.464659
0.000000
0.000000
0.000000
0.000000
0.000000
0.000000
0.000000
0.000000
0.064678
0.000000
0.000000
0.000000
0.000000
0.000000
0.000000
0.000000
1.130837
0.000000
0.615701
0.000000
0.000000
0.000000
0.000000
0.713687
0.000000
0.000000
0.000000
0.000000
0.106392
0.000000
0.000000
0.000000
1.732868
0.000000
0.000000
0.000000
0.000000
0.000000
0.000000
0.822305
0.000000
0.108050
0.000000
0.000000
0.000000
0.000000
2.409367
0.000000
0.000000
0.000000
0.000000
0.000000
4.516386
0.000000
0.000000
0.000000
0.643622
0.000000
0.000000
0.000000
0.000000
0.000000
0.000000
0.000000
0.517254
0.000000
0.000000
0.000000
0.000000
0.000000
0.000000
0.000000
0.000000
0.000000
0.000000
0.000000
0.344907
0.000000
0.000000
0.000000
0.000000
0.000000
1.811294
0.000000
0.000000
0.000000
0.000000
0.982087
0.000000
0.000000
0.000000
0.000000
0.000000
0.000000
0.000000
0.000000
0.000000
0.000000
0.000000
0.522119
0.000000
0.000000
0.000000
0.631957
0.000000
0.000000
0.000000
0.000000
0.000000
0.000000
0.000000
0.000000
1.540897
0.000000
0.000000
0.000000
0.000000
0.000000
0.000000
0.000000
0.000000
0.000000
0.000000
0.000000
0.000000
0.000000
0.000000
0.000000
0.000000
0.000000
0.000000
0.000000
0.299062
0.000000
0.000000
0.000000
0.000000
0.000000
0.000000
0.000000
0.000000
0.000000
0.000000
0.000000
0.000000
0.000000
1.038690
0.000000
0.000000
1.170488
0.000000
0.000000
1.839893
0.000000
0.000000
0.000000
0.000000
0.000000
0.000000
0.000000
2.043633
0.090290
0.000000
0.000000
1.349651
0.000000
0.000000
0.000000
0.000000
0.000000
2.027300
0.000000
0.000000
0.000000
0.000000
0.000000
0.000000
0.000000
0.000000
0.889956
0.000000
0.000000
0.319157
0.000000
0.000000
0.000000
0.000000
0.000000
0.000000
0.000000
0.000000
0.783501
2.708194
0.000000
0.324326
0.000000
0.000000
0.000000
0.000000
0.000000
0.000000
0.000000
0.000000
0.000000
0.000000
1.135233
0.000000
0.000000
0.000000
0.000000
0.000000
0.000000
0.000000
0.000000
0.000000
0.000000
0.000000
0.000000
0.000000
0.004710
0.000000
0.000000
0.000000
0.000000
0.000000
0.226628
0.000000
0.000000
0.000000
0.000000
0.000000
0.379322
1.402852
0.000000
0.000000
0.000000
1.987378
0.000000
0.000000
0.000000
0.000000
0.000000
0.000000
0.000000
0.000000
0.000000
0.000000
0.000000
0.000000
0.000000
0.000000
0.000000
0.000000
1.407790
0.000000
0.254574
1.084163
0.000000
0.000000
0.000000
0.000000
1.190220
0.000000
1.055013
0.000000
0.000000
0.196180
0.000000
1.745370
0.000000
0.000000
0.000000
0.000000
0.000000
0.000000
0.000000
1.572582
0.000000
0.000000
0.000000
0.000000
0.000000
0.000000
0.000000
0.000000
0.000000
0.000000
1.410424
0.000000
1.607593
0.000000
0.000000
0.000000
0.000000
0.000000
0.000000
0.000000
0.000000
0.000000
0.482309
1.204117
0.000000
0.000000
0.000000
0.383596
0.000000
0.000000
0.000000
0.000000
0.000000
0.000000
0.000000
0.000000
0.000000
0.000000
0.000000
0.000000
0.000000
0.000000
0.000000
0.000000
0.000000
0.000000
0.000000
0.005837
0.000000
0.000000
0.000000
0.000000
0.000000
0.000000
1.371739
0.041804
0.000000
0.000000
3.973489
0.000000
0.000000
3.110949
0.000000
0.000000
0.000000
0.894129
0.000000
0.000000
0.000000
0.000000
0.689808
0.000000
0.000000
0.000000
0.000000
0.000000
0.000000
0.000000
0.000000
0.000000
0.000000
0.000000
2.165193
0.000000
0.179356
0.000000
0.000000
0.000000
0.000000
0.000000
0.000000
0.000000
0.000000
0.045191
0.139318
0.000000
0.000000
0.000000
0.000000
0.000000
0.000000
0.591296
0.000000
0.000000
0.000000
0.741536
0.000000
0.000000
0.000000
0.000000
0.000000
0.000000
0.000000
0.000000
0.000000
0.094863
0.000000
0.000000
0.000000
0.000000
0.000000
0.000000
0.000000
0.000000
0.274423
0.000000
0.000000
0.000000
0.000000
0.076946
0.000000
0.000000
0.214180
0.670119
0.110547
0.000000
0.000000
0.000000
0.000000
0.000000
0.000000
0.000000
0.000000
0.000000
0.000000
0.000000
0.000000
0.000000
0.000000
0.000000
0.000000
0.000000
0.632196
0.000000
0.000000
0.000000
0.000000
0.000000
2.954335
0.000000
1.425961
0.000000
1.957696
0.000000
0.000000
0.000000
0.000000
0.000000
0.000000
0.000000
0.000000
0.000000
0.000000
0.000000
0.000000
0.000000
0.000000
0.000000
0.000000
0.044187
0.000000
0.000000
0.000000
0.000000
0.000000
0.000000
0.000000
0.000000
0.000000
0.000000
0.000000
0.000000
0.000000
0.000000
0.695017
0.000000
0.000000
0.000000
0.000000
0.466797
0.000000
1.416044
0.000000
0.000000
0.000000
0.000000
1.779370
0.000000
0.000000
0.000000
0.000000
0.000000
0.000000
2.873921
0.000000
0.000000
0.000000
0.000000
0.000000
0.000000
0.000000
0.000000
0.000000
0.435692
0.621700
0.052201
0.000000
0.000000
0.000000
0.000000
0.000000
0.668601
0.000000
0.000000
0.000000
0.000000
0.000000
0.000000
0.000000
0.000000
0.000000
0.000000
0.560692
0.000000
0.000000
0.000000
0.000000
0.036077
0.000000
0.000000
0.000000
0.000000
3.215778
0.000000
0.000000
0.000000
0.000000
2.222153
0.000000
0.000000
0.000000
0.470339
0.000000
0.000000
0.000000
0.000000
0.000000
0.000000
0.000000
0.000000
1.455394
0.000000
0.000000
0.000000
0.000000
0.000000
0.000000
0.000000
0.000000
2.652825
0.000000
0.000000
0.000000
1.811638
0.000000
0.000000
0.000000
0.000000
3.699110
0.000000
0.000000
0.000000
0.000000
0.000000
0.000000
0.000000
0.000000
0.000000
0.126779
0.000000
0.000000
0.000000
0.000000
0.000000
0.000000
0.000000
0.000000
0.000000
0.000000
0.000000
0.000000
0.000000
0.000000
0.000000
0.000000
0.000000
0.000000
0.000000
0.000000
0.000000
0.000000
0.588433
0.000000
3.133475
0.000000
0.000000
0.393103
1.138850
0.314104
0.000000
0.000000
0.000000
0.000000
0.000000
0.223712
0.000000
0.000000
0.000000
0.000000
0.000000
0.000000
0.000000
0.000000
0.980526
1.244708
0.000000
0.000000
0.000000
0.000000
0.000000
0.000000
4.352335
0.000000
0.000000
0.000000
0.000000
0.000000
0.000000
0.000000
0.000000
0.627555
0.000000
0.000000
0.000000
0.000000
0.000000
0.000000
0.000000
0.000000
0.000000
0.000000
1.969874
0.052945
0.000000
0.000000
0.000000
0.000000
0.000000
0.000000
0.000000
0.000000
2.312278
0.000000
0.000000
0.000000
0.000000
0.462008
0.000000
0.000000
0.000000
0.000000
0.000000
0.925323
0.000000
0.000000
0.500314
0.643213
0.000000
0.000000
0.000000
0.000000
0.000000
0.579016
1.218204
0.000000
0.989973
0.508299
1.593729
2.760425
0.000000
0.000000
0.000000
0.000000
0.000000
0.459216
0.162464
0.000000
0.000000
0.000000
0.000000
0.000000
2.406067
0.000000
0.603271
0.000000
0.000000
0.000000
0.000000
0.000000
0.000000
0.315467
0.000000
0.222086
0.000000
0.000000
1.437645
0.000000
0.000000
0.000000
0.000000
0.000000
0.000000
0.000000
0.000000
0.000000
0.000000
0.000000
3.864836
0.000000
0.000000
0.000000
0.000000
0.000000
0.000000
0.000000
0.000000
0.000000
0.000000
0.000000
0.000000
0.000000
0.000000
0.000000
0.000000
0.000000
0.000000
4.107257
1.251014
0.000000
0.493937
0.000000
0.000000
0.000000
0.000000
0.144658
0.000000
4.966838
0.000000
0.000000
2.136190
0.000000
0.000000
0.000000
0.000000
0.000000
0.000000
0.000000
0.000000
0.000000
0.000000
0.000000
0.000000
0.000000
0.000000
0.000000
0.000000
1.327360
0.000000
0.793603
0.000000
0.000000
0.000000
0.758029
0.000000
0.000000
0.000000
0.000000
0.000000
0.000000
0.000000
0.000000
0.000000
1.396417
0.000000
1.345522
0.000000
0.000000
0.000000
0.000000
0.000000
0.000000
0.000000
0.000000
0.000000
0.000000
0.000000
0.000000
0.000000
0.000000
0.000000
0.000000
0.000000
1.036271
0.000000
0.000000
0.255681
0.000000
0.000000
0.000000
0.000000
0.000000
0.076518
0.000000
0.000000
0.090919
0.000000
0.000000
0.000000
0.000000
1.459233
0.100385
0.000000
0.000000
0.000000
0.000000
0.000000
0.000000
0.000000
0.919205
1.647211
0.000000
0.000000
0.527406
0.000000
0.000000
0.000000
1.225201
0.000000
0.000000
0.000000
0.000000
0.000000
0.000000
0.000000
0.000000
0.000000
0.000000
0.000000
0.000000
0.000000
0.000000
0.000000
0.000000
0.000000
0.000000
0.000000
1.284881
0.000000
0.000000
0.058799
0.000000
0.000000
0.000000
1.046982
0.000000
0.000000
0.000000
0.000000
0.000000
0.000000
1.344995
0.000000
0.000000
0.000000
0.000000
0.567836
3.222443
0.000000
1.064634
0.000000
0.000000
0.000000
0.000000
0.000000
0.000000
0.000000
0.000000
0.000000
0.000000
1.194522
0.000000
0.000000
0.000000
0.000000
0.000000
0.000000
0.720163
0.234142
0.000000
0.000000
0.000000
0.000000
0.000000
0.544812
0.000000
0.000000
0.000000
0.000000
0.000000
0.000000
0.000000
0.000000
0.000000
0.000000
1.061092
0.000000
0.000000
0.000000
0.000000
0.000000
0.000000
0.000000
0.000000
0.000000
0.000000
0.000000
0.000000
0.000000
0.000000
0.000000
0.000000
0.000000
0.000000
0.000000
0.000000
0.000000
0.142139
0.000000
0.000000
0.000000
0.101327
0.000000
0.000000
0.053156
0.000000
0.000000
0.000000
0.000000
0.000000
0.000000
0.261147
0.000000
0.000000
0.000000
0.661090
0.000000
2.955971
0.000000
0.000000
0.669734
0.000000
0.000000
0.000000
1.883636
0.000000
0.000000
1.021168
0.000000
0.000000
0.000000
0.000000
0.000000
0.000000
0.000000
0.000000
0.000000
0.473721
0.000000
0.000000
0.000000
0.980599
0.000000
0.000000
0.000000
0.000000
0.000000
0.000000
0.000000
0.690403
0.000000
0.000000
0.000000
0.000000
0.000000
0.738590
0.000000
0.587780
0.000000
0.000000
0.000000
0.000000
0.000000
0.000000
0.000000
0.000000
0.000000
2.177160
0.000000
0.000000
0.639410
0.550659
0.000000
0.000000
0.000000
0.000000
0.000000
0.000000
0.000000
0.000000
0.000000
0.000000
0.000000
0.947451
1.466365
0.000000
0.185394
0.000000
0.000000
0.000000
0.000000
0.000000
0.000000
1.174653
0.000000
0.000000
0.000000
0.000000
0.000000
0.263625
0.000000
0.000000
2.367859
0.023615
0.000000
0.000000
0.000000
0.895700
2.457130
0.000000
0.000000
0.000000
0.000000
0.000000
0.000000
0.000000
0.000000
0.000000
0.000000
1.345289
0.000000
0.000000
0.000000
1.304383
0.686347
0.000000
0.000000
0.000000
0.000000
0.000000
2.598576
0.000000
0.000000
2.767880
0.683295
0.000000
0.000000
0.000000
0.000000
0.000000
0.000000
0.000000
0.000000
0.000000
0.000000
0.000000
0.000000
0.000000
1.105413
1.712658
0.000000
4.111919
0.000000
0.119486
1.033502
0.000000
0.621584
0.000000
0.000000
0.000000
0.000000
0.000000
0.000000
0.448384
0.000000
0.000000
0.000000
0.000000
0.000000
0.501069
0.000000
0.000000
0.000000
0.000000
0.000000
0.000000
0.000000
0.000000
0.000000
0.000000
0.000000
0.000000
0.000000
0.000000
0.150769
0.000000
0.000000
0.000000
0.000000
0.000000
0.417827
0.000000
0.950777
0.106083
1.970344
0.072937
2.847246
0.000000
1.547336
0.000000
0.000000
0.000000
0.000000
0.000000
0.000000
0.000000
0.000000
0.000000
0.000000
0.000000
0.000000
0.000000
0.000000
0.000000
0.000000
0.000000
0.000000
0.000000
0.853693
2.826957
0.000000
0.000000
0.000000
0.000000
0.000000
0.000000
0.915759
0.000000
0.000000
0.000000
0.000000
0.000000
0.000000
0.000000
1.159706
0.000000
0.000000
0.000000
0.000000
0.000000
0.186239
0.000000
0.000000
1.046076
0.000000
0.491345
0.000000
0.000000
0.866538
3.470862
0.000000
0.268785
0.000000
0.000000
0.000000
0.000000
1.934771
0.000000
0.000000
0.000000
0.000000
0.000000
0.000000
0.000000
0.000000
0.000000
0.000000
0.000000
0.251975
0.000000
0.190405
0.000000
0.000000
0.000000
0.000000
1.034137
0.000000
0.000000
0.000000
0.000000
0.000000
0.000000
0.000000
0.000000
0.000000
0.000000
0.639325
0.000000
1.702041
0.000000
0.000000
0.000000
0.000000
0.691506
0.000000
0.138414
0.000000
0.000000
0.000000
0.000000
0.000000
0.000000
0.000000
0.000000
0.000000
0.000000
0.000000
0.000000
0.000000
0.000000
0.000000
0.000000
3.698038
0.832751
0.000000
0.000000
0.000000
0.000000
1.666569
0.059696
4.583942
0.000000
0.000000
0.118382
0.959890
0.000000
1.940321
0.000000
0.000000
0.000000
0.000000
0.000000
0.000000
0.000000
0.000000
4.089262
0.000000
0.000000
0.000000
0.000000
0.000000
0.000000
0.000000
0.000000
0.000000
2.852158
0.000000
0.000000
0.000000
0.000000
0.000000
0.000000
0.000000
0.000000
0.000000
1.532462
0.000000
0.000000
0.000000
0.000000
0.000000
0.000000
0.000000
0.000000
0.000000
0.000000
0.000000
0.000000
0.000000
0.000000
0.000000
0.000000
0.000000
0.000000
0.000000
0.000000
0.142707
0.000000
0.336427
0.000000
0.000000
0.000000
0.000000
0.000000
0.000000
0.000000
0.000000
0.000000
1.104642
0.000000
0.000000
1.587722
0.000000
0.000000
0.000000
0.028254
0.000000
0.000000
0.000000
0.000000
0.000000
0.000000
0.000000
0.000000
0.000000
0.000000
0.124658
0.000000
0.000000
0.249887
0.000000
0.000000
0.000000
0.000000
0.000000
0.000000
0.000000
0.000000
0.000000
0.000000
0.000000
2.866619
0.000000
1.973008
0.000000
0.000000
0.000000
0.000000
0.000000
0.000000
0.000000
0.000000
0.000000
0.000000
0.000000
0.000000
0.000000
1.203843
0.000000
0.000000
0.000000
0.484606
0.000000
1.318422
0.000000
0.000000
0.000000
0.000000
0.000000
0.000000
0.530426
0.184920
0.000000
0.000000
0.000000
0.000000
0.000000
0.000000
0.000000
0.000000
0.000000
0.000000
1.462970
0.000000
0.224646
0.000000
0.000000
0.000000
0.000000
0.000000
0.000000
0.000000
0.000000
0.000000
0.000000
0.000000
0.000000
0.000000
0.000000
0.000000
0.000000
0.000000
0.000000
0.000000
0.000000
0.000000
0.796656
0.000000
0.000000
0.000000
3.697455
0.000000
0.000000
0.000000
0.000000
0.000000
0.000000
1.726304
0.000000
0.000000
0.000000
0.315051
1.216954
0.000000
0.000000
0.000000
0.893372
0.000000
0.000000
0.000000
0.000000
0.000000
1.277665
0.000000
0.140223
0.000000
0.838848
0.000000
0.000000
0.893336
0.000000
0.000000
0.543291
0.000000
0.000000
0.000000
0.000000
0.000000
2.258137
0.000000
0.000000
0.000000
0.000000
0.307672
0.000000
0.000000
0.000000
0.000000
0.000000
0.000000
0.000000
0.000000
0.000000
2.315173
0.000000
2.294902
0.000000
0.000000
0.000000
0.000000
0.000000
0.000000
0.000000
0.813546
0.000000
0.000000
0.000000
0.000000
0.000000
0.317520
0.000000
0.000000
0.000000
0.000000
0.000000
0.396327
0.000000
0.223528
0.000000
0.076502
0.000000
1.107389
0.000000
0.186514
0.000000
0.000000
0.000000
0.000000
0.000000
0.000000
0.285279
0.000000
0.000000
0.000000
0.000000
0.000000
0.000000
0.000000
0.000000
2.222909
0.000000
0.000000
0.000000
0.000000
0.000000
0.638922
0.000000
0.000000
0.000000
0.000000
0.000000
0.000000
0.000000
3.364162
0.000000
0.000000
0.000000
0.000000
0.267210
0.000000
1.493236
0.098958
0.186397
0.713117
0.000000
0.000000
0.000000
0.000000
0.000000
0.000000
0.000000
0.000000
0.000000
2.639001
0.000000
0.000000
0.000000
0.000000
0.000000
0.000000
0.000000
0.000000
2.441404
0.000000
0.000000
0.000000
0.000000
0.000000
0.000000
0.000000
0.000000
0.000000
0.000000
0.000000
0.000000
0.000000
0.000000
0.000000
0.000000
0.000000
1.722739
3.951592
0.000000
0.000000
0.000000
0.000000
0.000000
0.000000
0.000000
0.502801
0.000000
0.000000
0.000000
0.000000
0.000000
0.000000
0.000000
0.000000
0.000000
0.000000
0.000000
0.000000
0.000000
0.000000
1.157981
0.000000
0.000000
0.000000
0.000000
0.000000
0.000000
0.000000
0.000000
0.000000
0.000000
0.000000
0.000000
0.255522
0.030514
0.000000
0.520330
0.000000
0.417456
0.000000
0.000000
0.000000
0.000000
0.000000
0.000000
0.000000
0.000000
0.000000
0.000000
0.000000
0.000000
0.000000
0.000000
0.000000
0.411324
0.000000
0.000000
0.000000
0.000000
0.000000
0.000000
0.000000
0.000000
0.000000
0.000000
0.000000
0.000000
0.000000
0.000000
1.519125
0.000000
0.000000
0.132063
0.000000
0.000000
0.000000
0.000000
2.761806
2.305864
0.000000
0.000000
0.000000
0.000000
0.000000
0.000000
0.000000
0.166645
0.000000
0.000000
0.000000
0.000000
0.000000
0.000000
0.000000
0.000000
0.000000
0.000000
2.559275
0.000000
3.512657
0.000000
5.235149
0.000000
0.000000
0.000000
0.111648
0.000000
0.000000
0.000000
0.000000
0.000000
0.000000
2.592294
0.000000
0.000000
0.000000
3.208915
0.000000
0.000000
0.653456
0.000000
0.768158
0.000000
0.000000
0.000000
0.000000
0.000000
0.000000
0.000000
2.121422
0.000000
0.000000
0.925748
0.000000
0.000000
0.729627
0.000000
0.000000
0.000000
0.000000
4.620735
0.000000
0.000000
0.039641
0.000000
0.000000
0.000000
0.061093
0.000000
0.000000
0.000000
0.000000
0.000000
0.000000
1.815973
0.000000
0.000000
0.134984
0.000000
0.000000
0.000000
0.252024
0.000000
0.000000
4.861445
0.000000
0.000000
0.292682
0.000000
0.000000
0.000000
0.000000
0.000000
0.000000
0.000000
0.000000
0.613343
0.000000
0.000000
0.000000
0.000000
0.000000
0.000000
0.000000
0.000000
0.000000
0.000000
0.000000
1.495921
3.280241
0.000000
0.019159
0.146425
0.000000
0.000000
0.000000
0.883526
0.000000
0.000000
0.000000
0.000000
0.000000
0.000000
0.000000
0.614550
0.000000
1.850111
0.000000
0.000000
0.000000
0.000000
0.000000
0.000000
0.000000
0.000000
0.000000
0.000000
0.000000
0.000000
0.000000
0.000000
0.000000
0.000000
0.000000
0.000000
0.000000
0.000000
0.000000
0.000000
0.000000
0.000000
0.000000
0.000000
0.000000
2.585026
0.000000
0.000000
0.000000
0.000000
0.000000
0.000000
0.000000
0.000000
0.000000
0.000000
0.000000
0.000000
0.000000
0.000000
0.000000
1.416700
0.000000
0.000000
1.928895
0.000000
0.000000
0.000000
0.000000
0.000000
0.000000
0.000000
1.826583
0.698485
0.000000
0.000000
0.000000
0.000000
0.000000
0.000000
0.000000
0.496027
0.000000
0.000000
0.000000
0.218202
0.000000
0.000000
0.000000
0.000000
0.000000
0.000000
0.000000
0.000000
0.000000
0.163422
4.188576
0.000000
0.000000
0.000000
0.487711
0.000000
0.000000
0.000000
0.000000
0.000000
3.268305
0.000000
0.000000
0.000000
0.000000
1.367864
0.000000
1.733843
0.000000
0.000000
0.000000
0.000000
0.000000
0.000000
0.000000
0.000000
0.000000
0.000000
0.000000
0.000000
0.000000
0.000000
0.000000
0.194790
0.000000
0.000000
0.000000
0.000000
0.000000
0.000000
0.867237
0.000000
0.271302
0.000000
0.000000
1.754557
0.000000
0.000000
0.000000
0.000000
1.229773
0.000000
0.153893
0.000000
0.000000
0.000000
0.000000
0.000000
0.000000
0.000000
0.000000
0.000000
0.000000
1.983966
0.000000
0.000000
0.000000
0.000000
0.000000
0.000000
0.000000
0.000000
0.000000
0.000000
0.410279
0.000000
0.000000
0.000000
0.000000
0.000000
0.000000
1.767697
0.000000
0.386961
0.498808
0.000000
0.000000
0.000000
0.000000
0.000000
0.000000
0.000000
0.000000
0.000000
0.000000
2.006290
0.000000
0.000000
0.000000
0.000000
0.589985
0.000000
0.000000
0.000000
0.000000
0.000000
0.000000
0.000000
0.000000
0.000000
2.520115
0.000000
0.000000
0.000000
1.772470
0.000000
0.000000
0.000000
0.000000
0.000000
0.000000
0.000000
0.000000
0.000000
0.000000
0.000000
0.000000
0.000000
0.000000
0.000000
0.000000
0.000000
0.000000
0.000000
0.000000
0.000000
0.000000
0.000000
0.000000
0.000000
0.000000
0.000000
0.000000
0.000000
0.000000
0.321176
0.000000
0.000000
0.000000
0.122965
0.000000
0.000000
0.000000
2.348701
0.000000
0.943518
1.338690
0.000000
0.000000
0.364186
0.000000
0.000000
0.000000
1.103688
0.337913
0.000000
0.000000
0.000000
3.430573
0.000000
0.065399
0.000000
0.761181
0.000000
0.000000
0.000000
0.000000
0.000000
0.143152
0.000000
0.000000
0.000000
0.813207
0.000000
0.000000
0.000000
0.000000
0.000000
0.000000
0.000000
0.134053
0.000000
0.000000
0.000000
0.000000
0.000000
0.000000
0.000000
0.000000
0.000000
1.971484
0.000000
0.000000
0.000000
0.000000
1.706967
0.000000
0.000000
0.818010
0.000000
0.331138
0.000000
0.000000
0.000000
0.346241
0.000000
0.000000
0.000000
0.000000
0.000000
0.000000
0.000000
0.000000
0.303446
0.000000
0.000000
0.000000
0.000000
0.000000
0.011114
0.000000
0.000000
0.000000
0.443133
0.000000
0.000000
0.000000
2.134952
0.000000
0.000000
0.000000
0.000000
0.000000
0.000000
0.000000
0.000000
0.000000
0.000000
0.000000
0.000000
0.000000
0.000000
0.000000
0.000000
0.000000
1.329908
0.000000
0.000000
0.000000
0.000000
0.864526
0.000000
0.928925
0.000000
0.000000
0.000000
0.000000
0.440132
0.000000
0.000000
0.000000
0.000000
0.000000
0.478901
0.000000
0.000000
0.000000
0.000000
0.000000
0.000000
0.000000
0.000000
0.582280
0.000000
0.000000
0.537684
0.000000
0.000000
0.000000
0.763190
0.000000
0.000000
0.000000
0.000000
0.328377
4.175762
0.000000
0.000000
0.000000
0.000000
0.000000
0.000000
0.000000
1.022892
0.000000
0.000000
0.000000
0.000000
0.000000
3.016935
0.000000
0.000000
0.000000
0.000000
0.000000
0.478823
0.000000
0.000000
0.000000
0.000000
1.918361
0.000000
0.000000
0.000000
0.000000
0.000000
0.000000
0.000000
0.000000
0.000000
0.000000
0.000000
0.000000
0.041465
0.000000
0.000000
0.000000
0.000000
0.000000
0.000000
1.072720
0.000000
0.000000
0.000000
0.000000
0.000000
0.378628
0.000000
0.000000
0.000000
0.000000
3.258155
0.000000
0.000000
0.000000
0.000000
0.000000
0.000000
0.000000
0.252552
0.000000
0.000000
0.000000
0.000000
0.000000
1.849439
0.000000
1.695892
0.000000
0.000000
0.000000
0.000000
0.000000
0.000000
0.000000
0.000000
0.610822
0.000000
0.000000
0.000000
0.000000
0.000000
1.138258
0.000000
1.226895
0.000000
0.000000
0.000000
0.000000
0.000000
0.000000
0.000000
0.121386
0.000000
0.069157
0.000000
0.906382
0.000000
0.000000
0.000000
0.844359
0.000000
0.000000
0.000000
0.000000
0.000000
0.000000
0.000000
0.000000
0.294996
0.000000
0.376288
0.000000
1.251990
0.000000
0.000000
2.439349
0.000000
0.000000
0.000000
1.079038
0.000000
0.000000
0.000000
0.000000
0.000000
0.000000
0.000000
0.000000
0.000000
0.738450
0.000000
0.000000
2.171553
0.709311
0.000000
2.637957
0.938155
0.000000
0.000000
0.150881
0.000000
0.000000
0.000000
0.000000
1.542834
0.000000
0.000000
0.000000
0.432510
0.000000
0.000000
0.000000
0.000000
0.000000
0.000000
0.000000
0.000000
0.000000
0.000000
0.000000
0.000000
0.000000
1.316681
0.338175
0.000000
0.000000
2.221151
0.000000
0.000000
0.000000
0.909828
1.185871
0.000000
0.000000
0.000000
1.433935
0.000000
2.799387
0.000000
0.000000
0.000000
0.000000
0.000000
0.000000
0.000000
0.000000
0.000000
0.000000
0.000000
1.706232
0.000000
0.000000
0.000000
0.000000
0.000000
0.000000
0.000000
0.000000
0.000000
0.000000
0.352466
0.000000
0.065289
0.000000
0.000000
0.000000
0.000000
0.000000
0.000000
0.000000
0.518731
0.000000
0.000000
0.701067
0.000000
0.000000
0.000000
0.000000
0.000000
0.000000
1.917391
0.000000
0.000000
0.000000
0.000000
0.000000
0.000000
0.000000
0.289843
0.000000
0.000000
0.000000
0.000000
0.971047
0.000000
1.233739
0.095133
0.000000
0.000000
1.425162
0.000000
0.000000
0.000000
0.000000
0.000000
0.000000
0.000000
0.000000
0.000000
0.000000
0.000000
1.854862
0.000000
0.000000
0.718478
0.264385
0.000000
0.000000
1.716429
0.000000
0.000000
0.000000
0.000000
0.000000
0.000000
0.000000
0.000000
0.000000
0.000000
0.000000
0.000000
0.000000
2.671699
0.000000
0.000000
0.000000
0.000000
0.000000
0.000000
0.000000
0.000000
0.000000
1.976055
0.000000
0.000000
0.970982
0.000000
0.000000
0.000000
0.000000
0.000000
0.000000
0.000000
0.000000
0.000000
0.000000
0.000000
0.000000
0.000000
0.000000
0.000000
0.000000
0.000000
0.000000
2.720870
0.000000
0.000000
0.000000
0.000000
0.000000
0.880411
0.000000
1.488511
0.000000
0.000000
0.000000
0.000000
0.000000
1.757197
0.000000
0.000000
0.000000
0.000000
0.000000
0.000000
0.798757
0.000000
0.000000
0.000000
0.000000
0.000000
0.000000
0.000000
0.000000
2.218798
0.000000
0.000000
0.000000
0.000000
0.000000
3.005675
0.000000
0.000000
0.000000
0.000000
1.491147
0.000000
0.000000
0.000000
0.000000
0.000000
0.000000
0.000000
0.177456
0.000000
0.000000
0.000000
0.000000
0.000000
0.000000
0.000000
0.000000
0.000000
0.597996
0.000000
0.000000
0.000000
0.000000
0.000000
0.000000
0.000000
0.000000
1.649207
0.000000
0.000000
0.000000
0.000000
0.000000
0.000000
0.000000
0.359071
0.000000
0.000000
0.000000
0.000000
0.511818
0.000000
0.000000
0.000000
0.000000
0.000000
0.000000
0.000000
0.000000
0.000000
0.000000
0.000000
0.000000
0.000000
0.072799
0.000000
0.000000
0.000000
0.000000
0.000000
0.000000
2.097866
0.104317
0.000000
0.000000
0.884498
0.000000
0.000000
0.000000
0.000000
1.200671
0.000000
0.000000
0.000000
0.000000
0.000000
0.000000
0.000000
0.000000
0.000000
0.326213
0.000000
0.000000
0.000000
0.000000
0.000000
0.308887
0.000000
0.000000
3.392829
0.000000
0.031442
0.000000
0.000000
0.163182
0.000000
0.000000
0.000000
0.000000
0.000000
0.728381
1.625606
0.000000
0.000000
0.000000
0.000000
0.000000
0.000000
0.000000
0.000000
0.600980
0.000000
0.000000
1.043829
0.000000
0.000000
0.000000
0.000000
0.480413
0.000000
0.000000
0.000000
0.000000
0.000000
0.000000
0.000000
0.000000
0.288505
0.283325
0.000000
0.000000
0.000000
1.099241
0.416855
0.000000
0.000000
0.000000
0.000000
0.000000
0.000000
0.000000
0.071850
0.000000
0.000000
0.597373
0.000000
0.000000
0.000000
0.000000
0.000000
0.000000
0.000000
0.000000
0.000000
1.156518
0.000000
0.000000
0.000000
0.000000
0.000000
0.000000
0.000000
0.000000
0.000000
0.000000
0.000000
0.000000
0.000000
1.338673
0.000000
0.000000
1.201380
0.000000
0.054794
0.000000
0.000000
0.000000
0.000000
0.065783
0.000000
0.000000
0.000000
0.000000
0.000000
0.000000
0.000000
0.000000
0.000000
0.000000
0.000000
0.000000
0.000000
0.000000
0.000000
0.000000
0.000000
0.000000
0.000000
0.000000
0.459949
0.000000
0.000000
0.000000
0.000000
0.000000
0.000000
0.000000
0.717616
0.000000
0.000000
0.000000
0.000000
0.000000
0.000000
0.000000
0.000000
0.000000
0.000000
2.000150
0.000000
1.580068
0.000000
2.254130
0.000000
0.841240
0.000000
0.000000
0.000000
0.000000
0.000000
0.000000
0.000000
0.000000
0.000000
0.000000
1.831540
0.811593
0.000000
0.000000
0.000000
0.000000
0.000000
0.000000
0.000000
0.000000
0.000000
0.000000
0.000000
0.000000
0.000000
0.000000
0.000000
0.000000
0.000000
0.000000
0.460206
0.000000
0.000000
1.275286
0.000000
0.000000
0.000000
0.000000
1.386350
0.000000
0.025172
0.000000
0.000000
0.000000
0.832290
0.000000
0.000000
0.000000
0.736923
0.000000
0.000000
0.000000
0.000000
0.000000
0.000000
0.000000
0.000000
0.000000
0.000000
0.000000
0.963793
0.000000
0.000000
0.000000
0.698897
0.000000
0.883694
3.931778
0.000000
0.000000
0.000000
0.000000
0.000000
0.000000
0.000000
0.000000
0.000000
0.000000
0.000000
0.261567
0.000000
0.146428
0.603872
0.000000
0.000000
0.000000
0.000000
0.000000
0.000000
0.000000
0.353610
0.086766
0.000000
0.000000
0.002993
0.000000
0.000000
0.061223
0.000000
0.000000
0.458989
0.000000
0.000000
0.000000
0.000000
0.000000
0.000000
0.012182
3.456734
0.060853
0.000000
0.000000
0.000000
0.000000
0.000000
0.000000
1.879748
0.000000
0.000000
0.000000
1.458344
0.000000
