0.000000
0.000000
0.000000
0.023319
0.000000
0.000000
3.026398
0.897352
1.025898
0.000000
0.000000
0.000000
0.000000
0.000000
0.000000
0.000000
0.181159
0.000000
0.000000
0.000000
0.000000
0.000000
0.021585
0.000000
0.000000
0.000000
0.000000
0.000000
0.000000
0.000000
0.000000
0.618587
0.105144
0.000000
0.380840
1.376043
0.862628
0.000000
0.000000
0.000000
0.158624
0.000000
0.646378
0.000000
1.049062
0.000000
0.000000
3.051351
0.000000
0.000000
0.000000
0.276252
0.000000
0.000000
0.000000
0.091812
0.000000
0.000000
0.798307
0.000000
0.000000
0.347475
0.000000
0.000000
0.001914
0.000000
0.000000
0.000000
0.000000
0.000000
0.000000
0.315804
0.000000
0.000000
0.000000
0.386402
0.187899
0.123489
0.000000
0.000000
0.000000
0.000000
0.000000
0.000000
0.000000
0.518838
0.000000
0.000000
2.307709
0.000000
0.000000
0.197115
0.000000
0.000000
0.000000
0.000000
0.000000
0.000000
0.000000
0.524969
0.000000
0.000000
0.000000
0.000000
0.000000
0.093815
0.000000
0.000000
0.000000
0.000000
0.000000
0.000000
0.000000
0.000000
0.539103
1.586983
0.000000
0.000000
0.139850
1.689128
0.203388
0.000000
0.000000
0.000000
0.000000
0.563772
0.000000
0.000000
0.000000
0.064618
0.000000
2.030752
0.000000
0.000000
0.000000
0.000000
0.000000
1.244654
0.000000
0.000000
0.000000
0.000000
1.659629
0.000000
0.000000
0.000000
0.000000
2.123776
0.000000
0.511356
0.000000
0.000000
0.000000
0.000000
0.000000
0.000000
0.000000
0.984248
0.000000
0.970257
0.000000
0.000000
0.000000
0.000000
0.475791
0.000000
0.000000
0.000000
0.000000
0.000000
0.929001
0.000000
0.000000
0.420678
0.652969
0.000000
0.000000
0.442851
0.000000
0.000000
0.000000
0.000000
0.000000
0.000000
0.000000
0.000000
0.433895
0.000000
0.000000
0.000000
0.631992
0.000000
0.000000
0.000000
0.000000
0.000000
0.000000
0.586497
0.000000
0.000000
1.468076
0.000000
0.000000
0.000000
0.000000
0.000000
0.000000
0.000000
0.650594
0.000000
0.000000
0.000000
0.000000
0.000000
0.000000
0.000000
0.000000
0.205590
0.000000
0.000000
0.000000
0.000000
0.000000
0.000000
0.000000
0.000000
0.000000
0.930046
0.000000
0.334535
0.000000
0.000000
0.000000
1.620732
0.000000
0.000000
0.000000
0.000000
0.000000
0.000000
0.000000
0.000000
0.000000
0.000000
0.391395
0.000000
0.000000
0.000000
0.849991
0.000000
0.000000
0.990649
0.000000
0.000000
0.404213
0.000000
0.000000
0.000000
0.000000
0.000000
2.492359
0.600125
0.000000
0.000000
0.000000
0.000000
0.000000
0.000000
0.615212
0.000000
0.860851
0.000000
0.000000
0.347396
0.000000
0.000000
0.000000
0.000000
0.000000
0.000000
0.000000
0.000000
0.000000
0.000000
0.276704
0.080134
0.000000
0.000000
0.000000
0.000000
0.000000
2.217838
0.000000
0.000000
0.000000
0.000000
0.000000
0.000000
1.467407
0.000000
1.071905
1.521746
0.411380
0.000000
0.000000
0.000000
1.128169
0.000000
0.000000
0.000000
0.000000
0.000000
0.000000
0.000000
0.000000
0.000000
0.000000
0.000000
0.000000
0.000000
0.000000
1.167049
0.000000
0.000000
0.161371
0.000000
0.000000
0.000000
0.589757
0.000000
0.000000
0.000000
1.087000
0.000000
0.000000
0.000000
1.384176
1.225356
0.317553
0.000000
0.000000
0.458196
0.000000
0.000000
0.000000
0.000000
0.000000
0.000000
0.000000
0.000000
0.000000
0.373650
0.000000
0.000000
0.000000
0.000000
0.208074
0.000000
0.000000
0.000000
0.000000
0.000000
0.000000
0.000000
0.000000
3.071198
0.000000
0.000000
0.000000
0.195144
0.000000
0.000000
0.000000
0.000000
0.000000
0.000000
0.000000
0.000000
0.000000
1.305592
0.000000
0.000000
0.000000
0.000000
0.863160
0.142716
0.309682
0.354820
0.000000
0.000000
0.000000
0.000000
0.498135
0.000000
0.000000
0.000000
0.000000
0.000000
0.203899
0.000000
0.000000
0.000000
1.636901
0.000000
0.000000
0.000000
1.272043
0.000000
0.000000
0.000000
0.000000
0.000000
0.000000
0.213998
0.000000
0.164801
0.000000
0.000000
0.000000
0.000000
0.000000
0.000000
0.514800
0.000000
0.000000
0.000000
0.000000
0.000000
0.000000
0.000000
0.000000
1.156586
0.000000
0.000000
0.000000
0.425217
1.012277
0.000000
0.000000
0.332459
0.000000
0.000000
0.000000
0.000000
0.000000
0.000000
0.000000
0.000000
0.000000
0.000000
0.212799
0.313873
0.000000
0.000000
0.000000
0.624381
0.000000
0.000000
0.000000
0.000000
0.000000
0.093823
0.000000
0.000000
0.974519
0.000000
0.000000
1.470887
0.000000
0.103093
0.000000
0.000000
0.000000
0.000000
0.000000
0.000000
0.000000
0.852849
0.285329
0.124353
0.000000
0.000000
0.000000
0.000000
0.000000
0.000000
0.000000
0.483431
0.000000
0.000000
0.000000
0.000000
0.049417
0.000000
0.028238
0.228776
0.375794
0.000000
0.000000
0.000000
1.523833
0.000000
0.000000
0.000000
0.000000
0.597849
0.000000
0.000000
0.000000
0.000000
0.000000
0.000000
0.116986
0.000000
0.004132
0.000000
0.296347
0.000000
0.000000
0.000000
0.000000
0.000000
0.000000
0.000000
0.832978
0.910154
0.000000
0.154504
0.000000
0.000000
0.000000
1.316763
0.000000
0.959074
0.000000
0.000000
0.000000
0.284591
0.000000
0.000000
0.000000
1.481838
0.000000
0.000000
0.000000
0.855010
0.000000
0.000000
0.000000
0.000000
0.000000
0.000000
0.000000
0.000000
0.000000
0.000000
0.000000
0.000000
0.000000
0.000000
0.776821
0.000000
0.000000
0.000000
0.000000
0.000000
0.000000
0.000000
0.000000
0.000000
0.000000
0.000000
0.000000
0.000000
0.000000
0.000000
0.012486
0.000000
0.668312
0.000000
0.000000
0.301485
0.000000
0.000000
0.000000
0.000000
0.000000
0.000000
0.000000
0.000000
0.020615
0.000000
0.000000
0.000000
0.000000
0.000000
0.280176
0.000000
0.000000
1.035103
1.139533
0.000000
0.000000
0.000000
0.367287
0.755726
0.000000
0.000000
0.000000
0.000000
0.000000
0.527048
0.148071
0.000000
0.000000
0.568992
0.399521
0.000000
0.000000
0.000000
0.000000
0.365549
0.000000
0.000000
0.000000
0.000000
0.000000
0.000000
0.000000
0.000000
0.000000
0.000000
0.000000
0.000000
0.000000
0.000000
0.000000
0.000000
0.000000
0.000000
0.000000
0.000000
0.000000
0.000000
0.000000
0.000000
0.000000
0.000000
0.000000
0.000000
0.504401
0.000000
0.000000
0.000000
0.000000
0.654067
0.000000
0.000000
0.000000
0.000000
0.000000
0.000000
0.000000
0.000000
0.000000
0.000000
0.000000
0.000000
0.000000
0.000000
0.000000
0.685348
0.186956
1.147946
0.000000
0.000000
0.000000
0.000000
0.647615
0.000000
0.000000
0.539858
0.868957
0.000000
0.000000
0.000000
0.465219
0.000000
0.283079
0.000000
0.000000
0.000000
0.000000
0.000000
0.000000
0.021062
0.478837
0.000000
0.000000
0.000000
0.304014
0.000000
0.000000
0.106580
0.000000
0.000000
0.000000
0.366656
0.000000
0.000000
0.000000
0.297529
0.000000
0.496913
1.998703
0.000000
0.000000
0.000000
0.000000
0.000000
0.000000
0.000000
0.000000
0.000000
0.000000
2.139399
0.000000
0.000000
0.000000
0.372201
0.000000
0.000000
0.000000
0.212730
0.184384
0.000000
0.000000
1.352265
0.000000
0.000000
0.000000
0.000000
0.000000
0.000000
0.000000
0.000000
0.375993
0.000000
0.000000
0.000000
2.078918
0.000000
0.000000
0.000000
0.000000
0.189222
1.291279
0.000000
0.000000
0.000000
0.000000
0.000000
0.815402
0.649022
0.000000
1.183646
0.000000
0.000000
0.000000
1.635433
0.000000
0.000000
0.000000
0.000000
1.082546
0.000000
0.000000
0.000000
0.000000
0.000000
0.000000
0.000000
0.000000
0.000000
0.000000
0.000000
0.000000
0.000000
0.000000
0.000000
0.000000
0.000000
0.000000
0.000000
0.000000
0.000000
0.000000
0.000000
0.000000
0.000000
1.102318
0.710011
0.000000
0.771311
0.000000
0.000000
0.000000
0.000000
0.000000
0.000000
0.000000
0.000000
0.000000
0.000000
0.245943
0.000000
0.000000
0.000000
0.000000
0.586147
0.000000
0.479027
0.000000
0.000000
0.451640
0.000000
0.000000
0.000000
0.624988
0.000000
0.000000
0.000000
0.000000
1.189355
0.033426
0.000000
0.419333
0.000000
0.000000
0.904355
0.000000
0.000000
0.000000
0.006636
0.000000
0.000000
0.000000
0.000000
0.000000
0.000000
0.000000
0.000000
0.000000
0.000000
0.000000
0.000000
0.156272
0.000000
0.000000
0.000000
0.000000
0.000000
0.000000
0.000000
0.000000
0.000000
0.000000
0.000000
0.000000
0.000000
0.000000
1.901088
0.000000
0.000000
0.000000
0.233049
0.000000
0.313857
0.000000
0.000000
0.000000
0.000000
0.000000
0.000000
0.000000
2.264290
0.000000
0.000000
1.667180
1.220896
0.000000
0.000000
0.000000
0.000000
0.000000
0.000000
0.000000
0.988774
0.793126
0.513530
0.000000
0.000000
0.514793
0.000000
0.000000
0.000000
0.000000
0.000000
0.000000
0.000000
0.159278
0.165495
0.000000
0.000000
0.000000
0.150692
0.000000
0.000000
0.000000
0.000000
1.607003
0.000000
0.000000
0.349653
0.000000
0.000000
0.000000
0.000000
0.000000
0.041229
0.423986
0.498118
0.000000
0.000000
0.000000
0.000000
0.229011
0.000000
0.000000
0.000000
0.000000
0.000000
0.000000
0.000000
0.000000
0.000000
0.000000
0.000000
0.000000
0.000000
0.000000
1.077053
0.000000
0.000000
0.000000
0.000000
0.000000
0.000000
0.000000
0.000000
0.000000
0.000000
0.184499
0.000000
0.000000
0.000000
0.000000
0.000000
0.000000
0.000000
0.337471
0.000000
0.000000
0.747207
0.000000
0.000000
0.000000
0.000000
0.000000
0.000000
0.159256
0.000000
0.000000
0.000000
0.000000
0.313706
0.000000
0.757391
0.966855
0.000000
0.000000
0.000000
0.000000
0.000000
0.000000
0.000000
3.020478
0.000000
0.000000
0.000000
0.000000
0.000000
0.000000
0.000000
0.000000
0.000000
0.000000
0.000000
0.000000
0.000000
0.754239
0.000000
0.000000
0.000000
0.000000
0.000000
0.426711
0.000000
0.156079
0.000000
0.000000
1.045347
0.000000
0.356896
0.000000
0.474747
0.000000
0.000000
0.000000
0.000000
0.000000
0.000000
0.000000
0.000000
0.000000
0.000000
0.000000
0.000000
0.000000
1.269022
0.000000
0.000000
0.000000
1.179409
0.000000
0.000000
0.000000
0.000000
0.000000
0.000000
0.272703
0.000000
0.000000
0.000000
0.000000
0.000000
0.000000
0.891382
0.000000
0.000000
0.000000
0.000000
0.000000
0.000000
0.000000
0.809808
0.000000
0.000000
0.000000
0.000000
0.000000
0.000000
1.791119
0.000000
0.000000
0.023758
0.000000
0.000000
0.000000
0.000000
0.000000
0.000000
0.000000
0.000000
0.939996
0.000000
0.000000
0.000000
0.000000
0.000000
0.000000
0.000000
0.000000
0.000000
0.000000
0.000000
1.980697
0.000000
0.000000
0.000000
0.000000
0.000000
0.000000
0.000000
1.802710
0.000000
0.000000
0.000000
0.000000
0.806174
0.000000
0.000000
0.580977
0.000000
0.596136
0.000000
0.000000
0.000000
0.000000
1.988123
0.000000
0.000000
0.000000
0.000000
0.000000
0.000000
0.000000
0.000000
0.000000
0.000000
0.000000
0.000000
0.252892
0.000000
0.085026
0.000000
0.930646
0.000000
0.000000
0.000000
0.000000
0.000000
0.087110
0.000000
0.000000
0.000000
0.000000
0.000000
0.000000
0.000000
0.000000
0.000000
0.054480
0.000000
0.000000
0.000000
0.000000
0.000000
0.000000
0.000000
0.000000
0.000000
0.000000
0.000000
0.000000
0.871489
0.000000
0.000000
0.000000
0.000000
0.000000
0.211076
0.000000
0.032799
0.000000
0.000000
0.000000
0.000000
0.000000
0.000000
0.000000
0.000000
0.000000
0.000000
0.918903
0.000000
0.000000
0.000000
0.000000
0.000000
0.000000
0.000000
0.000000
0.000000
0.601262
0.000000
0.000000
0.000000
0.000000
0.000000
0.000000
0.000000
0.000000
0.000000
0.000000
0.000000
0.007144
0.000000
0.000000
0.000000
0.000000
0.000000
0.136996
0.000000
0.000000
0.000000
0.000000
0.000000
0.000000
0.000000
0.386228
0.000000
0.000000
0.000000
0.543949
0.000000
0.000000
0.000000
0.000000
0.000000
0.000000
0.000000
0.000000
0.416268
0.000000
0.000000
0.000000
0.527499
0.000000
1.965369
0.000000
0.474377
0.000000
0.000000
0.000000
0.000000
0.000000
1.291999
0.000000
0.000000
1.228794
0.000000
0.492675
0.792801
0.000000
0.000000
0.000000
0.000000
0.229085
0.033323
0.000000
0.000000
0.000000
0.000000
0.000000
0.349103
0.000000
0.000000
0.000000
0.000000
0.000000
0.000000
0.000000
0.000000
0.000000
0.000000
0.000000
0.615409
0.000000
0.000000
0.000000
0.203375
0.000000
0.845827
0.283183
0.000000
0.000000
0.000000
0.000000
0.000000
0.000000
0.371710
0.000000
0.000000
0.000000
0.000000
0.000000
1.109486
0.000000
0.000000
0.000000
0.000000
0.000000
0.000000
2.268168
0.000000
0.000000
0.000000
0.000000
0.000000
0.000000
0.000000
0.000000
1.596326
0.000000
0.000000
0.639977
0.000000
0.000000
0.000000
0.322888
0.000000
1.543495
0.000000
0.000000
0.000000
0.000000
0.000000
0.000000
0.639890
1.454685
0.000000
0.000000
0.000000
0.932957
0.000000
0.205116
0.000000
0.000000
0.000000
0.000000
0.000000
0.000000
0.024202
0.600121
0.000000
0.000000
0.000000
0.168316
0.000000
0.637148
0.066025
0.000000
0.180502
0.213772
0.000000
0.000000
0.000000
1.585858
0.000000
0.000000
0.000000
0.000000
0.000000
0.136280
0.716082
0.000000
0.000000
0.000000
0.000000
0.000000
0.000000
0.000000
0.000000
0.000000
1.584089
0.000000
0.000000
0.000000
0.000000
0.000000
0.020921
0.551580
0.000000
0.000000
0.000000
0.000000
0.000000
0.503416
0.000000
0.000000
0.000000
0.000000
0.746775
0.506289
0.000000
0.000000
0.247466
0.000000
0.000000
0.000000
0.000000
0.000000
0.000000
0.076663
0.566104
0.267833
0.000000
0.000000
0.253693
0.000000
0.000000
0.184018
0.444677
0.000000
0.000000
0.000000
0.000000
0.000000
0.000000
0.000000
0.000000
0.000000
0.000000
0.000000
0.031675
0.000000
0.000000
1.765683
0.000000
0.289940
0.000000
0.000000
0.512751
0.000000
0.000000
0.000000
1.037914
0.000000
0.000000
0.000000
0.959202
0.000000
0.000000
0.000000
0.000000
0.063169
0.000000
0.000000
0.000000
0.000000
0.000000
0.000000
0.000000
0.000000
0.000000
0.000000
0.000000
0.734697
0.000000
0.000000
0.586532
0.000000
0.000000
0.000000
0.987754
0.000000
0.000000
0.000000
0.000000
0.000000
0.000000
0.000000
0.000000
0.000000
0.000000
0.000000
0.000000
0.000000
0.284479
0.528322
2.867465
0.000000
0.000000
0.000000
0.000000
0.000000
0.000000
0.000000
0.000000
0.000000
0.000000
0.167134
0.000000
0.000000
0.000000
0.000000
0.000000
0.000000
0.000000
0.000000
1.423791
0.000000
0.890962
0.000000
0.090745
0.000000
0.000000
1.683781
0.000000
0.000000
0.000000
0.000000
0.000000
0.000000
0.000000
0.000000
0.000000
0.000000
0.000000
0.000000
2.447239
0.000000
1.473625
0.000000
0.000000
0.000000
0.000000
0.719002
0.000000
0.000000
0.000000
0.000000
0.000000
0.000000
0.137427
1.544914
0.000000
0.055197
0.000000
0.000000
0.251905
0.000000
0.000000
0.000000
0.000000
0.000000
0.461745
0.000000
0.000000
0.000000
0.442114
0.000000
1.379685
0.026359
0.000000
0.000000
0.000000
0.000000
0.000000
0.000000
0.000000
0.747252
0.000000
0.000000
0.000000
0.000000
0.041488
0.000000
1.229446
0.000000
0.000000
0.000000
0.000000
0.000000
0.000000
0.000000
0.670633
0.169659
0.000000
0.864751
0.000000
0.000000
0.000000
0.517576
0.000000
0.000000
0.000000
0.000000
0.000000
0.000000
0.000000
2.125354
0.000000
0.000000
0.058976
0.762545
0.090354
0.000000
0.000000
0.932567
0.000000
0.000000
0.000000
0.130583
0.190258
0.000000
0.000000
0.000000
0.000000
0.000000
0.418942
0.000000
1.396612
0.000000
0.886479
0.000000
0.669329
0.000000
0.652401
0.171265
0.000000
0.000000
0.000000
0.000000
1.801926
0.000000
0.000000
0.000000
0.285574
0.000000
0.000000
0.217757
0.000000
0.323569
0.000000
0.000000
0.000000
1.657987
0.031903
0.000000
0.216839
0.000000
0.000000
0.000000
0.000000
0.000000
0.000000
0.000000
0.000000
0.000000
0.632546
0.000000
0.427431
0.000000
0.000000
0.000000
1.534837
0.000000
0.000000
0.000000
0.000000
0.000000
0.000000
0.856271
0.000000
0.000000
0.000000
0.000000
0.000000
0.000000
0.000000
0.000000
0.000000
0.000000
0.000000
0.000000
0.000000
0.378364
0.579353
0.000000
0.000000
0.000000
0.000000
0.789499
0.734430
1.137394
0.000000
0.196873
0.028879
0.000000
0.544125
0.000000
0.000000
0.000000
0.000000
0.394582
0.000000
0.000000
0.000000
1.043755
0.000000
0.000000
0.000000
0.000000
0.304102
0.000000
1.005098
0.751653
0.000000
0.000000
0.000000
0.000000
0.000000
0.000000
0.000000
0.000000
0.000000
0.000000
0.759790
0.622775
0.000000
0.000000
0.000000
0.000000
0.000000
0.162823
0.000000
0.000000
0.000000
0.000000
0.000000
0.000000
0.000000
0.235963
0.000000
0.000000
1.567358
0.000000
0.000000
0.673187
0.000000
0.000000
1.030463
0.735251
0.000000
0.000000
0.150023
1.446528
0.000000
0.000000
0.000000
0.000000
0.322181
0.000000
0.000000
0.000000
0.000000
0.000000
0.361850
1.163225
0.000000
0.741749
0.000000
0.000000
2.479940
0.000000
0.290093
0.082654
0.000000
0.000000
0.462726
0.000000
0.000000
0.000000
0.000000
0.142880
0.000000
0.000000
0.000000
0.000000
0.000000
0.000000
0.000000
0.000000
0.360105
0.000000
0.304498
0.000000
0.000000
0.000000
0.536161
0.000000
0.000000
0.918316
0.000000
0.000000
0.000000
0.000000
0.340734
0.000000
0.000000
0.000000
0.000000
0.000000
0.000000
0.000000
0.000000
0.000000
0.000000
0.300991
0.000000
0.000000
0.000000
0.000000
0.209513
0.000000
0.721955
0.000000
0.000000
0.000000
0.000000
0.000000
0.000000
0.000000
0.000000
0.000000
0.000000
0.000000
0.000000
0.000000
2.000359
0.000000
0.000000
0.000000
0.000000
0.000000
0.000000
0.576434
1.776081
0.000000
0.000000
0.000000
0.000000
0.000000
0.000000
1.102181
0.000000
0.000000
0.138885
0.000000
0.506881
0.947956
0.000000
0.000000
0.000000
0.000000
0.000000
0.000000
0.000000
0.000000
0.000000
0.000000
1.317654
0.000000
0.000000
0.000000
0.000000
0.000000
0.000000
0.234831
0.249035
0.000000
0.916418
0.000000
0.000000
0.222396
0.000000
1.444310
0.000000
1.098262
0.000000
0.000000
0.000000
0.000000
0.000000
0.000000
0.000000
0.000000
0.000000
0.000000
0.000000
0.000000
0.392233
0.000000
0.000000
0.000000
0.000000
0.000000
0.000000
0.000000
0.000000
0.521408
0.000000
0.001868
0.000000
0.000000
0.000000
1.913597
0.680150
0.000000
0.000000
0.000000
0.193967
1.321043
0.000000
0.000000
1.077654
0.000000
1.043091
0.000000
0.000000
0.000000
0.000000
0.000000
0.000000
0.000000
0.000000
0.000000
0.000000
0.000000
0.000000
0.000000
0.000000
0.000000
0.000000
0.000000
0.000000
0.000000
0.306820
1.157354
0.000000
0.000000
0.000000
0.000000
0.000000
0.000000
0.000000
0.000000
1.990556
0.000000
0.000000
0.000000
0.000000
1.883809
0.000000
0.000000
0.000000
0.000000
0.000000
0.000000
0.000000
0.803218
0.000000
0.258996
0.000000
0.123501
0.000000
0.055174
0.000000
0.000000
0.000000
0.000000
0.000000
0.358740
0.000000
0.000000
0.729660
0.000000
0.000000
0.000000
0.000000
0.000000
0.000000
0.678344
0.408184
0.000000
1.134698
0.000000
0.000000
0.000000
0.000000
0.169791
0.000000
0.000000
1.819534
0.000000
0.000000
0.000000
0.000000
0.000000
0.573575
0.000000
0.000000
1.097180
0.000000
0.000000
0.270409
0.000000
0.363360
0.000000
0.000000
0.000000
0.000000
1.207401
0.219275
0.395990
0.000000
0.000000
0.000000
0.041041
0.000000
0.000000
1.316090
0.000000
0.000000
0.000000
0.000000
0.000000
0.000000
1.474257
0.000000
0.656585
0.000000
0.000000
0.000000
0.000000
1.493422
0.000000
0.066636
0.362505
0.000000
0.375888
0.000000
0.000000
0.287892
0.000000
0.000000
0.806255
0.000000
0.000000
2.717792
0.000000
0.000000
0.000000
0.000000
0.875003
0.000000
0.000000
0.000000
1.020870
0.000000
0.000000
0.000000
0.000000
0.000000
0.911715
0.367085
0.000000
0.000000
0.000000
0.000000
0.000000
0.000000
0.000000
0.000000
0.000000
0.000000
2.910067
0.071131
0.000000
0.000000
0.000000
0.000000
0.000000
0.000000
0.000000
1.859264
0.000000
0.000000
0.000000
0.000000
0.000000
0.000000
0.000000
0.000000
0.000000
0.000000
0.000000
0.000000
0.000000
0.000000
0.204831
0.372509
0.000000
0.000000
0.000000
0.000000
0.000000
0.000000
0.000000
0.000000
0.000000
0.000000
0.000000
0.000000
0.384170
0.343585
1.452685
0.551070
0.000000
0.000000
0.631213
0.000000
1.093179
0.606749
0.000000
0.000000
0.000000
0.000000
0.471027
0.000000
0.000000
1.221823
0.000000
0.000000
0.000000
0.000000
0.000000
1.382679
0.000000
0.000000
0.000000
0.545144
0.000000
0.000000
0.000000
0.000000
0.000000
0.000000
0.483810
1.277640
1.046626
0.000000
0.000000
1.327589
0.000000
0.581256
0.000000
0.430758
0.000000
0.000000
0.000000
0.000000
0.000000
0.000000
0.000000
0.000000
0.000000
0.000000
0.000000
0.000000
1.082319
0.000000
0.000000
0.000000
0.000000
0.000000
0.000000
1.129939
0.000000
0.000000
0.000000
0.208376
0.368334
1.170095
0.000000
0.000000
0.364908
0.191097
0.360761
0.000000
0.000000
0.402705
0.000000
0.000000
0.000000
0.000000
0.000000
0.000000
0.000000
0.000000
0.411121
0.000000
0.000000
0.000000
0.253407
0.000000
0.993199
0.000000
0.000000
0.000000
0.000000
0.000000
0.000000
2.542143
0.000000
0.000000
0.000000
0.000000
0.000000
1.188203
0.455633
0.000000
0.000000
0.000000
0.853306
3.788046
0.000000
0.000000
0.000000
0.283959
0.000000
0.000000
0.000000
0.000000
0.000000
0.074885
0.000000
0.166789
0.000000
0.000000
0.000000
0.000000
0.000000
0.000000
0.000000
0.000000
0.000000
0.000000
0.000000
0.000000
0.000000
0.000000
0.000000
0.000000
0.166460
0.000000
0.000000
0.000000
0.437616
0.000000
0.000000
0.000000
0.000000
0.000000
0.000000
0.000000
0.000000
0.000000
0.000000
0.000000
0.000000
0.000000
0.000000
1.304483
0.000000
0.000000
0.482181
0.000000
0.000000
0.000000
0.000000
1.885747
0.000000
0.000000
0.000000
0.577559
0.000000
0.000000
1.576834
0.000000
1.274169
0.099697
0.505825
0.000000
0.000000
0.000000
0.000000
0.000000
0.000000
0.000000
0.000000
0.000000
0.000000
0.000000
0.000000
0.000000
0.000000
0.000000
0.000000
0.000000
0.000000
0.866217
0.525678
0.000000
1.004563
0.347755
0.339690
0.000000
0.000000
0.000000
0.000000
0.000000
0.000000
0.000000
0.641264
0.000000
0.398834
0.000000
2.537048
0.000000
0.000000
1.410465
0.000000
0.000000
0.000000
0.000000
0.000000
0.000000
0.000000
0.000000
0.000000
0.000000
0.208379
0.000000
0.000000
0.000000
0.000000
0.911474
0.726663
0.000000
0.000000
0.000000
0.000000
0.000000
0.000000
0.858839
0.000000
0.000000
0.000000
0.966066
0.000000
0.000000
0.000000
0.658217
0.497112
0.000000
0.000000
0.000000
0.000000
0.359127
0.000000
0.000000
0.000000
0.000000
0.000000
0.000000
0.000000
0.000000
0.000000
0.000000
0.000000
0.000000
0.000000
0.019420
1.512610
0.000000
0.000000
0.000000
1.278691
0.000000
0.000000
0.000000
0.000000
0.000000
0.000000
0.000000
0.000000
0.177072
0.000000
0.000000
0.000000
0.000000
0.071176
0.691499
0.000000
0.000000
0.716130
0.000000
0.000000
0.000000
1.041476
0.000000
0.406551
0.000000
0.900883
0.000000
0.231440
0.000000
0.000000
0.000000
0.000000
0.000000
0.827918
0.000000
0.000000
0.000000
1.740292
0.000000
0.000000
0.000000
0.000000
0.000000
0.000000
0.000000
0.000000
0.000000
0.000000
0.000000
0.418303
0.000000
0.289247
0.000000
0.000000
1.024843
0.000000
0.000000
0.000000
0.216578
0.507376
0.000000
3.980128
0.819354
0.000000
0.000000
0.156452
1.081236
0.000000
0.399508
0.000000
0.000000
0.705010
0.000000
0.000000
0.000000
0.883606
0.000000
0.000000
0.000000
0.000000
0.000000
0.189834
0.000000
0.000000
0.000000
0.000000
0.000000
0.000000
0.000000
0.000000
0.000000
0.000000
0.259719
0.237502
0.012012
1.322024
0.000000
0.000000
0.000000
0.000000
0.000000
0.000000
0.000000
0.000000
0.000000
0.000000
0.000000
0.000000
0.267879
0.000000
0.226694
0.000000
1.480579
0.327148
0.000000
0.450589
0.000000
0.000000
0.000000
0.000000
0.000000
0.000000
0.470216
0.000000
0.000000
0.000000
0.000000
2.070700
0.193240
0.751824
0.000000
0.000000
0.000000
0.000000
0.000000
0.000000
0.000000
0.000000
0.000000
0.000000
0.000000
0.000000
0.000000
0.000000
0.479123
1.395478
0.706913
0.075348
0.000000
0.000000
0.000000
0.000000
0.000000
0.000000
0.000000
0.000000
0.000000
0.000000
0.000000
0.000000
0.000000
0.000000
0.000000
0.316505
0.937673
0.104819
0.000000
0.000000
0.108023
0.000000
0.000000
0.000000
2.061361
0.000000
0.000000
0.000000
0.000000
0.000000
0.000000
0.047342
0.000000
0.000000
0.000000
0.685543
0.000000
0.000000
0.000000
0.000000
0.066954
0.000000
0.072932
0.000000
0.000000
0.914398
0.000000
0.000000
0.199660
1.349045
0.000000
0.000000
0.000000
0.000000
0.000000
0.000000
0.000000
0.000000
0.000000
0.000000
0.008850
0.000000
0.000000
0.000000
0.000000
0.000000
0.000000
0.943698
0.101295
0.000000
0.320258
0.000000
0.000000
0.000000
0.000000
0.000000
0.000000
0.000000
0.000000
0.000000
0.000000
0.000000
0.000000
0.000000
0.000000
0.000000
0.000000
0.000000
0.000000
0.000000
0.000000
0.000000
0.000000
0.000000
0.000000
0.000000
0.000000
0.000000
0.539125
0.000000
0.000000
2.473196
0.397442
0.000000
0.000000
0.000000
0.000000
0.000000
0.000000
0.000000
0.000000
0.706534
0.000000
0.000000
0.000000
0.641275
0.000000
0.000000
0.000000
1.701005
0.000000
0.000000
0.000000
0.000000
0.000000
0.000000
1.587603
0.000000
2.438222
0.000000
0.000000
0.000000
0.000000
0.000000
0.499266
0.000000
3.345694
0.000000
0.000000
0.000000
0.106102
0.000000
0.519236
0.000000
0.000000
0.220665
0.000000
0.000000
0.000000
0.000000
0.000000
0.000000
0.000000
0.155404
0.000000
0.000000
0.000000
0.000000
0.000000
0.000000
0.000000
0.000000
0.000000
0.000000
0.000000
0.385733
0.000000
0.000000
0.000000
0.000000
0.000000
0.000000
0.737354
0.212081
0.000000
0.650921
0.000000
0.000000
0.000000
0.000000
0.000000
0.000000
0.487461
0.000000
0.000000
0.610101
0.000000
0.000000
0.000000
0.000000
1.193845
0.963374
0.000000
0.000000
0.000000
0.596614
0.000000
0.000000
1.233173
0.000000
1.008217
0.000000
1.062479
0.000000
0.706796
0.000000
0.000000
0.516271
2.691386
0.000000
0.000000
0.889664
0.000000
0.262960
0.000000
0.000000
1.339219
0.000000
0.142245
0.000000
0.030889
0.057018
0.000000
0.243694
0.671626
0.219137
0.676599
0.000000
0.803463
1.714250
0.000000
0.520212
0.000000
0.000000
0.000000
0.000000
0.000000
0.592508
0.000000
0.000000
0.551348
0.000000
0.000000
0.000000
0.000000
0.851171
0.000000
0.000000
0.000000
0.000000
0.000000
0.000000
0.000000
0.000000
0.000000
0.000000
0.796667
0.000000
0.000000
1.796268
0.000000
0.000000
0.000000
0.000000
0.000000
0.000000
0.000000
0.314354
0.000000
0.000000
0.000000
0.000000
0.000000
0.469666
0.764487
0.000000
0.000000
0.199647
0.000000
0.484981
0.000000
0.000000
0.000000
0.000000
0.955920
0.000000
0.000000
0.000000
0.000000
0.000000
0.000000
0.679611
0.000000
1.095111
0.000000
0.985559
0.000000
0.380111
0.000000
0.673205
0.589936
0.000000
0.000000
0.000000
0.000000
1.210195
0.000000
0.000000
0.000000
0.000000
0.000000
0.000000
0.000000
0.942940
0.000000
0.000000
0.000000
0.000000
0.000000
0.000000
0.000000
0.000000
0.000000
0.000000
0.261419
0.000000
0.000000
0.000000
0.000000
0.812575
0.000000
0.000000
0.462578
0.000000
0.000000
0.000000
0.000000
1.252470
0.000000
0.000000
0.000000
0.000000
0.433436
0.000000
0.000000
0.000000
0.000000
1.275962
0.000000
0.000000
1.203383
0.000000
0.794253
0.000000
0.000000
0.000000
0.000000
0.000000
0.000000
0.000000
0.000000
0.896041
0.514382
0.000000
0.000000
0.000000
0.221989
0.000000
0.000000
0.906639
0.000000
0.000000
0.000000
0.000000
0.000000
0.000000
0.000000
0.000000
0.000000
1.165781
0.000000
0.213762
0.000000
0.000000
0.000000
0.000000
0.000000
0.000000
0.000000
0.000000
0.660569
0.000000
0.000000
0.000000
0.000000
0.656451
0.000000
0.000000
0.000000
0.000000
0.000000
0.000000
0.065951
0.000000
0.000000
0.000000
0.123512
0.000000
0.000000
0.000000
0.000000
0.000000
0.000000
0.000000
0.000000
0.000000
0.000000
0.000000
0.000000
1.769212
0.499086
0.000000
0.000000
0.000000
0.685344
0.000000
1.466944
0.903558
0.000000
0.318649
0.000000
0.000000
0.000000
0.000000
0.988334
0.000000
0.000000
0.000000
0.000000
0.000000
0.000000
0.000000
0.000000
0.000000
0.000000
0.095008
0.029813
0.891158
0.000000
0.000000
0.000000
0.000000
0.000000
0.000000
0.000000
0.630903
0.000000
0.000000
0.000000
0.000000
1.029715
1.017473
0.000000
0.000000
0.337387
0.000000
0.000000
1.575383
0.000000
0.000000
0.000000
0.000000
0.000000
0.000000
0.000000
0.555989
0.000000
0.636914
0.000000
0.000000
0.000000
0.000000
0.821913
0.000000
0.000000
0.896791
0.173330
2.901428
0.060255
0.000000
0.000000
0.000000
0.000000
0.000000
0.000000
0.000000
0.738558
0.000000
1.617203
0.000000
1.136111
0.907943
0.000000
0.000000
0.000000
0.000000
0.552684
0.069776
0.000000
1.412358
0.000000
0.000000
0.000000
0.682911
0.000000
1.015123
0.430660
0.000000
0.000000
0.532926
0.000000
0.000000
0.000000
0.000000
0.000000
0.000000
0.000000
0.000000
0.700764
0.000000
0.000000
0.000000
0.000000
0.000000
0.158636
0.000000
0.000000
0.000000
0.000000
0.000000
0.947187
0.000000
0.000000
0.000000
0.000000
0.000000
0.000000
0.914798
0.322120
0.000000
0.000000
0.000000
0.000000
0.000000
0.000000
0.179543
0.000000
0.000000
0.000000
0.994029
0.002408
0.000000
0.180100
0.000000
0.000000
0.035933
0.929340
0.000000
0.000000
0.000000
0.000000
0.000000
0.000000
0.000000
0.187928
0.000000
0.028801
0.000000
0.000000
0.000000
0.000000
0.000000
0.000000
0.000000
0.000000
1.776973
0.000000
0.000000
0.000000
0.000000
0.000000
0.000000
0.346280
0.000000
0.000000
0.000000
0.000000
0.175038
0.000000
0.000000
0.000000
0.000000
0.000000
0.776008
0.000000
0.000000
0.000000
0.462828
0.000000
0.000000
0.000000
0.000000
0.000000
1.144839
0.000000
0.843096
0.242288
0.000000
0.000000
0.000000
0.000000
0.000000
0.000000
0.000000
0.000000
0.000000
0.000000
0.000000
0.000000
0.000000
0.650005
0.000000
0.000000
0.000000
0.000000
0.000000
0.289963
0.068587
0.000000
0.000000
0.000000
0.000000
0.000000
0.000000
0.355315
0.000000
0.248978
1.398993
0.000000
0.000000
0.320862
0.000000
0.526238
0.286396
0.000000
0.000000
0.000000
0.000000
0.000000
0.000000
0.523239
0.000000
0.000000
0.203207
0.000000
0.000000
0.000000
0.000000
0.519148
0.000000
0.000000
0.000000
0.000000
0.000000
0.797694
0.000000
0.053320
0.000000
0.000000
0.000000
0.000000
0.000000
0.000000
0.000000
0.000000
0.000000
0.000000
0.000000
0.000000
0.000000
1.203812
0.000000
2.149565
0.000000
0.325812
0.085570
0.145461
0.000000
0.000000
0.000000
0.000000
0.000000
0.000000
0.000000
0.352048
1.082401
0.000000
0.000000
0.000000
0.000000
0.000000
0.000000
0.000000
0.000000
0.000000
1.317377
0.000000
0.996651
0.000000
0.000000
0.000000
0.000000
0.000000
0.000000
0.000000
0.000000
0.000000
0.000000
0.000000
0.000000
0.000000
0.000000
0.000000
0.130811
0.000000
0.000000
1.432495
0.021568
0.000000
0.000000
0.009891
1.070194
0.489417
0.000000
0.448589
0.238434
1.465984
0.000000
0.000000
0.998225
0.000000
0.731245
0.000000
0.000000
0.098947
0.000000
0.000000
0.000000
0.000000
0.000000
0.000000
0.000000
0.000000
0.000000
0.466670
0.000000
0.000000
0.000000
0.000000
0.000000
0.471456
0.214935
0.000000
0.000000
0.806282
0.306942
0.000000
0.000000
0.259035
0.000000
0.000000
0.000000
0.000000
0.000000
0.000000
0.000000
0.000000
1.449427
0.000000
0.000000
0.243060
0.000000
0.000000
0.051603
0.000000
0.000000
0.000000
0.480430
0.000000
0.884502
0.000000
0.000000
0.000000
0.017635
0.000000
0.035287
0.000000
0.000000
0.000000
0.000000
2.269355
0.000000
0.000000
0.000000
1.136790
0.000000
0.000000
0.115153
0.000000
2.187212
0.549714
0.000000
0.000000
0.000000
0.000000
0.000000
0.000000
0.000000
0.000000
2.210354
0.000000
0.000000
0.000000
0.000000
0.797705
0.867405
0.000000
0.000000
0.221305
0.000000
0.000000
1.212021
0.000000
0.702849
0.000000
0.070661
0.000000
0.000000
0.000000
0.000000
0.000000
0.000000
0.000000
0.240161
0.000000
0.000000
0.437130
0.000000
2.242199
0.000000
0.000000
0.120974
0.000000
1.770804
0.957945
0.000000
0.000000
0.000000
0.000000
0.000000
0.000000
0.384314
0.000000
0.194457
0.000000
0.536136
2.823086
0.000000
0.000000
0.000000
0.000000
0.000000
0.000000
0.000000
0.000000
0.000000
0.000000
0.000000
0.000000
0.000000
0.000000
0.485535
0.000000
0.000000
0.000000
0.000000
0.000000
0.000000
0.000000
0.000000
0.000000
0.193049
0.000000
0.000000
0.000000
0.031972
0.000000
0.000000
0.000000
0.000000
0.000000
0.000000
0.139487
0.558831
0.000000
0.000000
0.000000
0.000000
0.640107
0.000000
0.000000
0.000000
0.000000
0.305094
0.000000
0.000000
0.734395
0.000000
0.000000
0.000000
0.000000
0.000000
0.300882
0.000000
0.000000
0.000000
0.000000
0.000000
0.000000
0.000000
0.000000
0.000000
0.000000
0.000000
0.000000
0.000000
0.000000
0.000000
0.505962
0.000000
0.000000
0.000000
0.000000
0.000000
0.000000
0.127370
0.000000
0.000000
0.000000
0.000000
0.000000
0.000000
0.000000
0.000000
0.598408
0.000000
0.000000
0.000000
0.000000
0.000000
0.000000
0.388553
0.000000
0.000000
0.000000
0.000000
0.430801
0.000000
0.000000
0.000000
0.000000
0.000000
0.000000
0.000000
0.042887
0.000000
0.000000
0.000000
0.000000
0.000000
0.306595
0.000000
0.000000
0.000000
0.000000
0.000000
0.000000
0.000000
0.000000
0.000000
0.000000
0.000000
0.000000
0.629582
0.046632
0.000000
0.000000
1.086411
0.000000
0.413592
0.000000
0.000000
0.000000
0.000000
1.118078
0.000000
0.000000
0.000000
0.000000
0.000000
0.404592
0.000000
0.000000
0.000000
0.000000
0.000000
0.000000
0.380194
0.456225
0.000000
0.000000
0.000000
0.000000
0.000000
0.000000
0.000000
0.000000
0.000000
0.000000
0.000000
0.000000
0.000000
0.000000
0.000000
0.000000
0.000000
0.000000
0.531502
0.000000
0.051336
0.000000
0.000000
0.035853
0.000000
0.000000
0.924804
0.306116
0.000000
0.000000
0.109717
0.000000
0.167028
0.000000
0.000000
0.000000
0.096196
0.000000
0.000000
0.000000
0.000000
0.000000
0.000000
0.000000
0.000000
0.000000
0.000000
1.757234
0.000000
0.000000
0.763164
0.000000
0.000000
0.137986
0.000000
0.707196
0.000000
0.000000
0.000000
1.395321
0.000000
0.000000
0.000000
0.156938
0.000000
0.000000
0.000000
0.000000
0.000000
0.000000
0.000000
0.000000
0.000000
0.027657
0.000000
0.000000
0.397765
0.000000
0.552581
0.000000
0.000000
0.000000
1.111238
0.000000
0.000000
0.000000
0.000000
0.000000
0.074391
0.169763
0.000000
0.000000
0.000000
0.181522
0.325174
0.000000
2.039198
0.000000
0.000000
0.377511
0.000000
0.000000
1.796307
0.000000
0.000000
0.000000
0.000000
0.000000
0.521165
0.000000
0.000000
0.000000
0.000000
0.000000
0.864499
1.200901
0.000000
0.000000
0.000000
0.000000
0.000000
0.000000
0.000000
0.000000
0.000000
0.664233
0.124326
1.372499
0.000000
0.000000
0.000000
0.000000
0.000000
2.749336
0.000000
0.000000
0.000000
0.000000
0.000000
0.000000
0.092352
0.000000
0.000000
0.000000
0.000000
0.000000
0.000000
0.000000
0.000000
0.000000
0.000000
0.872488
0.000000
0.000000
0.000000
0.573459
0.000000
0.000000
0.000000
0.000000
0.000000
0.000000
0.000000
0.000000
0.142051
0.000000
0.421332
0.000000
0.000000
0.000000
0.000000
0.000000
0.000000
0.844123
0.000000
0.000000
1.102392
0.000000
0.000000
0.117514
0.000000
0.571496
0.000000
0.000000
0.000000
0.000000
0.000000
0.000000
0.000000
0.000000
0.397090
0.459666
1.425495
0.000000
0.147366
0.310542
0.000000
0.000000
0.000000
0.000000
0.000000
0.076091
0.000000
0.000000
0.564151
0.000000
0.000000
1.166675
0.000000
0.000000
0.000000
0.000000
0.989997
0.000000
0.000000
2.275851
0.000000
0.113848
1.155109
0.000000
0.000000
0.346448
0.000000
0.000000
0.000000
0.755426
0.000000
0.000000
0.000000
0.000000
0.000000
0.000000
0.000000
0.000000
0.000000
1.786819
0.000000
0.000000
0.000000
0.000000
0.000000
0.000000
0.000000
0.226682
0.161173
0.000000
0.000000
0.000000
0.000000
0.566800
0.000000
0.000000
0.507952
0.474929
0.000000
0.000000
0.000000
0.396650
0.000000
0.636161
0.144699
0.000000
0.000000
0.000000
0.000000
0.000000
0.000000
0.000000
0.607409
0.000000
0.000000
0.000000
0.380542
0.000000
0.000000
0.000000
0.000000
0.000000
0.000000
0.236649
0.000000
0.000000
0.000000
0.000000
0.000000
0.000000
0.000000
0.000000
0.000000
0.000000
0.000000
0.000000
1.345003
0.431438
0.000000
0.000000
0.000000
1.454159
0.000000
0.000000
0.000000
0.000000
0.000000
0.799833
0.000000
0.638531
0.000000
0.678229
0.000000
0.000000
0.000000
0.000000
0.000000
0.000000
0.000000
0.360253
0.000000
0.000000
0.000000
0.000000
0.727433
0.000000
0.000000
0.000000
0.693584
0.041192
0.000000
0.000000
0.000000
0.000000
0.000000
0.000000
2.013352
0.000000
0.000000
0.000000
0.000000
0.000000
0.543916
2.566047
0.000000
0.000000
0.000000
0.000000
0.000000
1.335144
0.902144
0.000000
0.000000
0.000000
0.000000
0.000000
0.000000
0.000000
0.000000
0.000000
0.000000
0.000000
0.000000
0.000000
0.000000
0.000000
0.000000
0.000000
0.373344
0.000000
0.316651
0.000000
0.000000
0.000000
0.993170
0.000000
0.512561
0.000000
0.000000
0.000000
0.000000
0.000000
0.859065
0.627194
0.000000
0.000000
0.000000
0.000000
0.000000
0.000000
0.000000
0.000000
0.000000
0.000000
0.013339
3.187702
0.000000
0.000000
1.376143
0.000000
0.000000
0.000000
0.000000
0.000000
0.000000
0.000000
0.524153
0.000000
0.000000
0.000000
0.000000
0.000000
0.000000
0.568300
0.000000
0.000000
0.000000
0.000000
0.000000
0.000000
0.316814
0.546016
0.000000
0.229330
0.000000
0.000000
0.000000
0.000000
0.000000
0.208488
0.000000
0.000000
0.000000
1.074326
0.000000
0.000000
0.000000
0.000000
0.000000
0.000000
0.000000
0.000000
0.087378
0.000000
0.888903
0.000000
0.000000
0.727248
0.228861
0.574317
0.000000
0.000000
0.000000
0.000000
0.000000
1.125597
0.000000
0.000000
0.000000
0.000000
0.000000
0.346458
0.000000
0.124353
0.000000
0.000000
0.000000
0.000000
0.159170
0.000000
0.219416
0.000000
0.000000
0.000000
0.769755
0.243510
0.000000
0.000000
0.000000
0.669208
0.000000
0.000000
0.000000
0.000000
0.000000
0.000000
0.000000
1.735988
0.000000
0.000000
0.000000
0.000000
0.000000
0.000000
0.000000
0.000000
0.000000
0.147340
0.000000
0.000000
0.000000
0.649486
0.000000
0.000000
0.000000
0.000000
0.000000
0.000000
0.000000
0.000000
0.000000
0.000000
0.000000
0.000000
0.000000
0.892183
0.000000
1.607239
0.000000
0.000000
0.000000
0.000000
0.000000
0.000000
0.000000
0.000000
0.000000
0.000000
0.000000
0.000000
0.000000
0.000000
