0.000000
0.000000
0.000000
0.496863
0.000000
0.000000
0.000000
0.000000
0.096409
0.000000
0.000000
0.591572
0.000000
0.000000
0.000000
0.000000
0.000000
1.683570
0.000000
0.000000
0.000000
0.000000
0.000000
0.000000
0.000000
0.000000
0.046240
0.000000
0.000000
0.000000
0.000000
0.000000
0.000000
0.000000
0.000000
0.000000
0.000000
0.000000
0.000000
0.000000
0.000000
0.000000
0.000000
0.000000
0.000000
0.000000
0.000000
1.334104
0.000000
0.000000
0.000000
0.735386
0.000000
0.000000
0.000000
0.000000
0.000000
0.000000
0.000000
0.000000
1.443138
0.000000
0.000000
0.000000
0.000000
1.142005
0.000000
0.000000
0.000000
0.000000
0.108355
0.000000
1.961962
0.771015
0.000000
0.000000
0.000000
0.000000
0.000000
0.000000
0.208265
0.000000
0.000000
0.000000
0.000000
2.211408
0.000000
0.000000
0.593209
0.000000
0.000000
0.000000
0.000000
0.000000
1.259917
0.088543
0.000000
0.279899
0.000000
0.000000
0.000000
0.000000
2.604623
0.000000
0.000000
0.000000
0.000000
0.041884
0.000000
0.000000
0.000000
0.000000
0.000000
0.000000
0.000000
0.000000
0.000000
0.000000
0.000000
0.000000
0.000000
2.926981
0.306527
0.510785
0.000000
0.000000
0.000000
0.000000
0.000000
0.000000
0.000000
0.000000
0.005669
0.000000
0.000000
0.000000
0.000000
0.000000
0.000000
1.635991
0.000000
0.000000
0.208913
0.000000
0.000000
0.000000
0.000000
0.000000
0.000000
0.000000
0.000000
0.000000
0.000000
0.000000
1.099940
0.000000
0.000000
0.000000
0.000000
0.000000
0.000000
1.281932
0.000000
0.000000
0.394076
0.000000
0.000000
0.000000
0.000000
0.000000
0.000000
0.000000
0.000000
0.000000
0.000000
0.000000
0.272321
0.000000
0.221788
0.000000
1.587173
0.723052
0.000000
0.000000
0.000000
0.000000
0.000000
0.167774
0.000000
0.000000
0.000000
0.000000
0.000000
0.000000
0.000000
0.000000
2.053540
0.936361
3.014697
0.000000
0.000000
0.000000
0.000000
0.000000
0.000000
0.484605
0.000000
0.000000
0.000000
0.000000
0.000000
0.000000
0.000000
0.000000
0.000000
0.000000
0.000000
0.000000
0.000000
0.000000
0.000000
0.000000
0.634054
0.000000
1.098178
0.000000
0.000000
0.154451
2.926799
0.000000
0.000000
0.000000
0.000000
2.292483
0.000000
0.000000
0.000000
0.000000
0.000000
0.000000
0.000000
0.000000
0.000000
0.000000
0.198915
0.000000
0.000000
0.000000
0.000000
0.000000
0.000000
0.000000
0.324406
0.000000
0.000000
0.000000
0.000000
0.000000
0.000000
0.000000
0.000000
0.000000
0.000000
0.000000
0.000000
1.074499
0.000000
0.000000
0.000000
0.000000
1.622385
0.000000
0.000000
0.000000
0.000000
0.000000
0.000000
0.000000
0.000000
0.000000
0.000000
0.000000
0.000000
0.000000
0.000000
0.621563
0.000000
0.000000
0.000000
3.236233
0.000000
0.000000
0.000000
0.000000
0.000000
0.000000
0.000000
0.000000
0.000000
0.000000
1.906492
0.000000
0.000000
0.802050
0.000000
0.000000
0.318268
0.395374
0.000000
0.000000
0.000000
0.000000
0.000000
0.491671
2.449734
0.000000
0.000000
0.000000
1.735410
0.000000
0.000000
0.000000
0.000000
0.000000
0.000000
0.000000
0.000000
0.000000
0.000000
0.000000
0.875950
0.000000
0.000000
0.000000
0.140523
0.163779
0.000000
0.000000
0.000000
0.000000
0.455384
0.000000
0.000000
0.000000
0.000000
0.000000
3.094724
0.000000
0.000000
0.000000
0.000000
0.000000
0.000000
0.000000
0.000000
0.000000
0.000000
0.000000
0.000000
0.000000
0.000000
0.000000
1.432537
0.664535
0.000000
0.000000
0.000000
0.000000
0.000000
0.108129
0.000000
1.129390
0.000000
0.000000
0.556805
0.000000
0.000000
0.000000
0.000000
0.640844
0.000000
0.000000
0.000000
0.000000
0.000000
1.318577
0.000000
0.000000
0.000000
0.000000
0.000000
0.000000
0.000000
0.000000
0.000000
0.000000
0.000000
0.000000
0.000000
0.000000
0.000000
0.000000
0.000000
0.000000
0.000000
0.000000
0.000000
3.134163
0.000000
0.000000
0.000000
0.000000
3.380952
0.143443
0.000000
0.000000
0.000000
0.000000
0.813298
0.000000
0.000000
0.000000
0.804418
0.000000
0.000000
0.000000
0.000000
0.000000
2.793983
0.000000
0.000000
0.000000
0.000000
0.000000
0.000000
0.000000
0.000000
0.985665
0.833044
0.000000
0.000000
0.000000
0.000000
2.688657
0.000000
0.676034
0.000000
0.000000
0.000000
0.000000
0.000000
0.000000
0.423263
0.000000
0.000000
0.000000
0.000000
0.000000
0.000000
2.135653
0.000000
0.000000
0.000000
2.464468
0.360468
0.000000
0.000000
0.000000
0.720678
0.000000
0.000000
0.000000
0.000000
0.000000
0.000000
0.000000
0.000000
0.000000
0.000000
1.189595
0.000000
0.000000
0.000000
0.000000
0.000000
0.000000
0.199868
1.189449
1.998406
0.000000
0.000000
0.000000
0.000000
0.000000
0.000000
0.000000
1.068046
0.000000
0.000000
0.000000
0.000000
0.000000
0.000000
0.000000
0.000000
0.000000
0.886324
0.000000
0.000000
0.000000
1.346059
0.000000
0.000000
0.227352
0.000000
0.000000
0.000000
0.000000
0.000000
0.646568
0.097808
0.000000
0.000000
0.000000
0.032554
0.051487
0.000000
0.000000
0.000000
0.000000
0.000000
0.796107
0.000000
0.000000
0.257795
0.000000
0.000000
0.000000
0.000000
0.000000
0.415079
0.000000
0.000000
0.000000
0.000000
0.000000
0.000000
3.980932
0.000000
0.000000
1.739943
0.000000
0.000000
0.000000
0.000000
0.853681
0.000000
0.000000
0.000000
0.000000
0.000000
0.000000
0.000000
0.000000
0.000000
0.486190
0.000000
0.000000
0.000000
0.000000
0.000000
0.000000
0.000000
0.000000
0.000000
0.000000
1.292673
0.000000
0.000000
0.000000
0.000000
0.000000
0.000000
0.000000
0.000000
0.000000
0.000000
0.000000
0.000000
0.000000
0.000000
0.000000
2.895941
0.000000
0.000000
0.000000
0.000000
1.296347
0.149263
0.000000
0.000000
0.000000
0.000000
0.000000
0.000000
0.000000
0.000000
0.000000
0.000000
0.000000
0.000000
0.000000
0.000000
0.318866
0.000000
0.000000
0.000000
0.000000
0.000000
0.000000
0.000000
0.000000
0.000000
1.275746
0.000000
0.000000
0.000000
0.000000
0.000000
0.096195
0.000000
0.477099
0.000000
0.000000
0.000000
0.000000
0.000000
0.181632
0.000000
0.000000
0.000000
0.000000
0.000000
0.000000
0.000000
0.000000
0.000000
0.000000
0.000000
0.000000
3.473984
0.000000
0.000000
0.000000
0.000000
0.000000
0.000000
0.000000
0.100197
0.000000
0.000000
0.000000
0.000000
0.000000
0.000000
0.000000
0.000000
0.000000
0.000000
0.000000
0.000000
0.000000
0.000000
0.000000
0.000000
0.000000
0.000000
0.000000
0.000000
0.000000
0.271183
0.305005
0.000000
0.000000
0.000000
0.000000
0.000000
0.000000
0.000000
0.000000
0.919380
0.041569
0.000000
0.000000
0.000000
0.000000
0.000000
0.000000
0.000000
0.000000
0.000000
2.932956
0.000000
0.305600
0.000000
0.000000
0.000000
0.516263
0.000000
0.000000
0.000000
2.513378
0.000000
0.000000
0.000000
0.000000
0.000000
0.000000
0.000000
0.000000
0.605732
0.000000
0.000000
0.000000
0.391168
0.000000
0.000000
0.000000
0.000000
0.776005
0.000000
0.000000
0.000000
1.941630
0.000000
0.000000
1.181327
0.000000
0.000000
0.000000
0.000000
0.000000
0.000000
0.000000
0.000000
0.000000
0.000000
0.000000
0.000000
0.000000
0.369857
0.000000
3.674484
0.000000
0.789099
0.000000
0.000000
0.000000
0.000000
0.000000
0.000000
0.000000
0.000000
2.107051
0.000000
0.000000
0.851797
0.000000
0.899086
1.248916
0.712267
0.000000
1.497044
0.000000
0.000000
0.000000
0.000000
0.000000
0.374383
0.559303
0.000000
0.000000
0.000000
0.000000
0.000000
0.000000
1.083931
0.000000
0.310370
0.000000
0.000000
1.979631
0.000000
0.000000
0.000000
0.000000
0.000000
0.000000
0.000000
0.000000
3.305852
0.000000
0.000000
0.000000
0.000000
0.408094
0.000000
0.113407
0.000000
0.809423
0.000000
0.000000
0.000000
0.000000
0.000000
1.024233
0.000000
0.665057
0.000000
0.000000
0.000000
0.000000
0.000000
0.000000
0.000000
0.000000
0.000000
0.000000
0.000000
0.000000
0.000000
0.000000
0.000000
0.000000
0.000000
0.000000
0.000000
0.000000
0.000000
0.000000
0.000000
0.000000
0.021289
0.000000
0.000000
0.000000
0.000000
0.000000
0.000000
0.000000
0.000000
0.000000
1.106277
0.000000
0.000000
0.000000
1.746167
1.054446
0.000000
0.000000
0.000000
0.000000
0.000000
0.000000
0.000000
0.125299
0.000000
0.000000
0.000000
0.000000
0.000000
0.000000
0.000000
0.000000
0.000000
0.000000
0.000000
0.000000
0.000000
0.000000
0.000000
0.000000
0.000000
0.000000
0.000000
0.000000
0.000000
0.000000
0.000000
0.000000
0.066719
0.000000
0.000000
0.000000
0.000000
0.000000
0.000000
0.000000
3.298001
0.000000
0.000000
0.000000
0.000000
0.000000
0.000000
0.000000
0.000000
0.000000
0.000000
0.000000
0.000000
0.000000
0.000000
0.000000
0.000000
1.891771
0.000000
0.000000
0.000000
0.994782
0.000000
0.876456
0.361002
0.000000
3.463188
0.000000
0.994112
0.000000
0.000000
0.000000
0.000000
0.000000
0.000000
1.583172
0.000000
0.000000
0.000000
0.000000
0.000000
0.000000
0.000000
0.000000
0.000000
0.000000
0.000000
0.377064
0.000000
0.000000
0.000000
0.000000
0.000000
0.000000
0.000000
0.000000
0.000000
0.319800
0.000000
0.000000
0.000000
0.000000
0.000000
0.000000
0.000000
0.000000
0.000000
0.000000
0.000000
0.000000
0.000000
0.000000
0.000000
0.000000
0.000000
0.000000
0.000000
2.012954
0.000000
0.000000
1.534435
0.000000
0.478835
0.000000
0.000000
0.000000
0.000000
0.000000
0.000000
0.783590
0.000000
0.000000
0.000000
0.000000
0.000000
0.000000
0.000000
0.000000
0.000000
1.353590
0.000000
0.000000
0.000000
0.000000
0.000000
0.000000
0.000000
0.215766
0.000000
0.000000
0.000000
0.000000
0.000000
0.000000
0.000000
0.000000
0.000000
0.000000
0.000000
0.000000
1.317147
0.000000
0.000000
0.000000
0.643469
0.000000
0.000000
0.000000
0.000000
0.000000
0.000000
0.000000
1.646469
0.000000
0.000000
0.000000
0.000000
0.000000
0.000000
0.000000
0.000000
0.000000
0.000000
0.694877
0.000000
0.000000
0.000000
0.000000
0.000000
0.000000
0.000000
0.000000
0.000000
0.000000
0.000000
0.000000
0.000000
0.000000
0.000000
0.000000
0.570966
0.000000
0.000000
0.000000
0.000000
0.000000
0.228010
0.000000
1.160141
0.000000
0.000000
0.000000
0.000000
0.000000
0.000000
0.000000
0.000000
0.000000
0.000000
0.000000
0.000000
3.370892
0.000000
0.000000
0.000000
0.000000
0.000000
0.000000
0.000000
0.000000
0.000000
0.000000
0.000000
0.000000
0.000000
0.000000
0.000000
0.000000
0.000000
0.000000
0.000000
0.000000
0.000000
0.000000
0.000000
0.000000
0.000000
0.000000
0.000000
0.863878
0.000000
0.000000
0.000000
0.374471
0.000000
0.000000
0.000000
0.000000
0.000000
0.000000
1.500030
1.509921
0.000000
0.390577
0.021669
1.838934
0.000000
0.000000
0.000000
0.000000
0.000000
0.000000
0.000000
0.000000
0.000000
0.000000
0.000000
1.467239
0.000000
0.000000
0.000000
0.000000
0.000000
0.000000
0.000000
0.000000
0.000000
0.000000
0.000000
0.000000
0.000000
1.310349
0.000000
0.000000
2.876617
0.000000
0.000000
0.000000
0.000000
0.000000
0.000000
0.000000
0.000000
0.000000
0.000000
0.000000
0.000000
0.000000
0.000000
0.000000
1.171086
0.000000
0.774814
0.000000
0.000000
0.000000
0.000000
0.000000
0.000000
0.917033
0.000000
0.000000
0.000000
0.000000
0.000000
0.000000
0.477303
0.000000
1.244752
0.000000
0.000000
0.000000
1.413525
0.000000
0.000000
0.000000
1.485796
0.000000
0.000000
0.299822
0.000000
0.000000
0.000000
0.000000
0.000000
0.000000
0.000000
0.000000
0.448543
0.000000
0.000000
0.000000
0.000000
0.000000
0.000000
0.163656
0.000000
0.000000
0.000000
1.854271
0.000000
0.000000
0.000000
0.000000
0.000000
0.000000
0.000000
0.000000
0.000000
0.000000
0.000000
1.249948
0.000000
0.000000
0.000000
0.000000
0.320662
0.000000
0.000000
0.000000
0.000000
0.000000
0.000000
0.490201
0.000000
0.000000
0.000000
0.000000
0.000000
0.287668
0.000000
0.103592
0.000000
0.000000
0.331994
0.000000
0.000000
0.000000
0.000000
0.000000
0.000000
0.300026
0.000000
0.000000
0.000000
0.000000
0.000000
0.000000
0.000000
0.000000
0.000000
0.000000
3.258940
0.000000
0.000000
0.315445
0.000000
0.000000
0.000000
0.000000
0.000000
0.160978
0.000000
0.000000
0.000000
0.000000
0.000000
0.000000
0.000000
0.209501
0.000000
0.000000
0.000000
0.000000
0.000000
0.000000
0.000000
0.000000
0.000000
0.000000
0.000000
0.000000
0.931473
0.000000
0.000000
0.000000
0.000000
0.810745
0.000000
0.000000
0.000000
0.000000
0.000000
0.913877
0.000000
0.000000
0.000000
0.000000
0.000000
0.813965
0.000000
0.000000
0.000000
1.699850
0.000000
0.000000
0.000000
0.000000
0.000000
0.000000
0.000000
0.000000
0.000000
0.000000
0.000000
0.008572
0.000000
0.000000
0.000000
0.000000
0.000000
0.000000
0.000000
0.000000
0.000000
0.000000
0.000000
0.000000
0.000000
0.000000
0.000000
0.000000
0.000000
0.000000
0.000000
0.000000
0.000000
0.000000
0.000000
0.000000
0.000000
0.000000
0.000000
0.000000
0.000000
0.000000
0.000000
0.000000
0.000000
0.000000
0.000000
0.000000
0.000000
0.000000
0.000000
2.384126
0.000000
0.000000
0.000000
0.000000
0.000000
0.000000
0.000000
0.000000
0.000000
0.000000
0.000000
0.000000
0.000000
0.000000
0.000000
0.000000
0.000000
0.000000
0.000000
0.000000
0.000000
0.000000
0.000000
0.971644
0.000000
0.000000
0.847301
0.000000
0.000000
0.000000
0.000000
0.000000
0.000000
0.000000
0.000000
0.000000
0.000000
0.000000
0.000000
0.000000
0.000000
0.000000
0.000000
0.000000
0.000000
0.000000
0.033830
0.000000
0.000000
0.000000
0.000000
0.000000
0.000000
0.000000
0.000000
0.000000
0.000000
0.000000
0.000000
0.000000
1.124760
0.000000
0.000000
0.000000
0.000000
0.000000
0.000000
0.000000
0.000000
0.000000
0.582486
0.000000
0.000000
0.000000
0.000000
0.845892
3.390841
0.000000
0.000000
0.000000
0.548293
0.000000
0.000000
0.000000
0.000000
0.000000
0.000000
0.000000
0.000000
0.000000
2.107169
0.000000
0.738052
0.000000
0.000000
0.000000
0.000000
0.000000
0.000000
0.000000
0.000000
0.000000
0.000000
0.000000
0.000000
0.522654
0.000000
0.000000
0.166138
0.000000
1.117161
0.000000
0.000000
0.000000
0.000000
0.000000
0.000000
0.000000
0.000000
0.000000
0.401494
0.000000
0.000000
0.000000
0.000000
0.000000
0.000000
0.000000
0.000000
0.000000
0.000000
0.581007
0.020338
0.000000
1.279561
0.000000
0.000000
0.000000
0.000000
0.000000
0.000000
0.000000
0.000000
0.000000
0.191871
0.000000
0.000000
0.000000
0.000000
0.000000
0.000000
0.000000
0.000000
0.000000
0.000000
0.000000
0.000000
0.058674
0.000000
0.000000
0.000000
0.000000
0.000000
0.000000
0.054754
0.000000
0.000000
0.000000
1.398716
0.000000
0.000000
0.000000
0.000000
0.000000
0.000000
2.687817
0.000000
0.000000
0.000000
0.382413
1.530072
0.000000
2.319130
2.904980
0.000000
0.000000
0.000000
0.000000
0.000000
0.000000
0.000000
0.857715
0.000000
0.409591
0.000000
0.000000
0.000000
0.187763
0.000000
0.000000
0.000000
0.000000
0.000000
0.194380
0.000000
0.272407
0.000000
0.000000
0.000000
0.000000
0.000000
0.000000
0.000000
0.000000
0.000000
0.000000
0.000000
0.000000
0.000000
0.000000
0.000000
0.000000
0.000000
0.000000
0.000000
0.000000
0.192090
0.254471
0.000000
0.000000
0.000000
0.000000
0.000000
0.000000
0.000000
0.000000
0.000000
0.000000
0.000000
0.000000
0.501437
0.000000
0.000000
0.000000
0.000000
3.267139
0.000000
0.000000
0.000000
0.000000
0.000000
0.000000
0.000000
0.000000
0.000000
0.458141
0.000000
0.000000
0.000000
0.000000
0.000000
0.550858
1.485541
0.000000
0.000000
0.000000
0.000000
0.000000
0.000000
0.000000
0.000000
0.000000
0.000000
0.000000
0.000000
0.000000
0.000000
0.000000
0.000000
2.847724
0.843162
1.180371
0.000000
0.000000
0.000000
0.000000
0.000000
0.000000
0.000000
0.000000
0.000000
0.000000
0.000000
0.000000
0.000000
0.000000
0.000000
0.000000
0.000000
0.000000
1.933528
0.000000
0.000000
1.010826
0.000000
0.000000
0.000000
0.000000
0.427001
0.000000
1.285867
0.000000
0.000000
0.000000
1.027200
0.000000
0.119904
0.000000
0.000000
0.533120
0.000000
0.583501
0.000000
0.000000
0.000000
0.000000
0.000000
0.000000
0.000000
0.366301
0.000000
0.000000
0.000000
0.000000
0.903734
0.000000
0.000000
0.000000
0.000000
0.000000
0.000000
0.000000
0.000000
0.000000
0.000000
0.000000
0.000000
0.000000
0.000000
0.000000
0.000000
0.000000
0.000000
0.000000
0.757889
0.000000
0.000000
0.000000
0.000000
0.313011
0.000000
3.257337
0.000000
0.000000
1.127937
0.000000
0.000000
1.570928
0.000000
0.000000
0.000000
0.000000
0.000000
0.000000
0.000000
0.000000
0.000000
0.000000
0.642743
0.000000
0.000000
0.000000
0.000000
0.000000
0.000000
0.000000
0.000000
3.911824
0.000000
1.057916
0.000000
0.713445
0.000000
0.000000
0.000000
0.000000
0.000000
0.000000
0.000000
0.382971
0.000000
0.000000
1.553024
0.000000
1.617131
0.000000
0.000000
0.077388
0.000000
0.000000
0.000000
0.000000
0.000000
0.000000
0.000000
0.000000
0.000000
0.000000
0.000000
0.000000
0.000000
0.000000
0.000000
0.000000
0.000000
0.000000
0.000000
0.000000
0.000000
0.000000
0.000000
0.000000
0.000000
0.000000
0.000000
0.000000
0.000000
0.000000
0.000000
0.000000
0.000000
0.729723
0.000000
0.000000
0.000000
0.000000
0.000000
0.000000
0.000000
1.732383
0.000000
0.232968
0.000000
0.000000
0.000000
0.000000
0.000000
0.000000
0.000000
0.000000
0.000000
0.000000
0.000000
0.000000
0.000000
0.454526
0.795087
0.000000
0.000000
0.000000
0.000000
0.000000
1.670642
0.000000
0.000000
0.000000
0.000000
0.092843
0.000000
0.000000
0.000000
0.000000
0.000000
0.000000
0.000000
0.000000
0.000000
0.000000
0.000000
0.000000
0.000000
0.000000
0.892800
0.000000
0.000000
0.000000
0.274381
0.000000
0.000000
0.000000
0.000000
0.000000
0.000000
0.000000
0.000000
0.000000
0.000000
1.943307
0.000000
0.000000
0.000000
0.000000
0.000000
0.935541
0.000000
0.000000
0.000000
3.313697
0.000000
0.000000
0.000000
0.000000
0.000000
0.821176
2.465520
0.000000
0.000000
0.000000
0.286330
1.252444
0.000000
0.000000
0.000000
0.000000
0.000000
2.331369
2.728276
0.000000
0.000000
0.000000
0.000000
0.000000
0.383623
0.000000
0.000000
0.000000
0.000000
0.000000
0.000000
0.000000
0.000000
0.000000
0.000000
0.000000
0.000000
0.000000
0.841390
0.000000
0.000000
0.000000
1.121134
0.000000
0.351013
0.000000
0.000000
0.397201
0.000000
0.000000
2.269834
0.000000
0.000000
0.000000
0.000000
0.000000
0.000000
0.123136
0.000000
0.707297
0.000000
0.000000
0.000000
0.000000
0.000000
0.000000
2.569372
0.000000
0.000000
0.000000
0.000000
0.000000
0.000000
0.000000
0.000000
0.000000
0.000000
0.000000
0.000000
0.000000
0.471738
0.000000
0.811347
0.000000
0.000000
0.000000
0.000000
0.000000
0.000000
0.000000
1.094981
0.000000
0.000000
0.000000
0.000000
0.000000
0.000000
0.000000
0.000000
0.000000
0.904411
0.000000
0.000000
0.000000
0.000000
0.000000
0.314756
0.000000
0.000000
0.191437
0.000000
0.961260
0.000000
0.000000
0.000000
0.000000
0.000000
1.840796
0.000000
0.000000
0.000000
0.000000
0.000000
0.000000
0.000000
0.900054
0.000000
0.000000
0.000000
0.000000
0.000000
0.000000
0.000000
0.000000
0.000000
0.000000
0.000000
0.000000
1.407431
0.000000
0.000000
0.000000
0.000000
0.000000
0.000000
0.000000
0.000000
0.000000
0.000000
0.000000
0.000000
0.000000
1.670377
0.000000
0.000000
0.000000
0.000000
0.000000
0.000000
0.000000
0.000000
1.249417
0.316691
0.000000
0.000000
0.000000
0.203185
0.000000
0.000000
4.767072
0.000000
0.000000
0.000000
0.000000
0.000000
0.000000
0.000000
0.000000
0.000000
0.000000
0.000000
0.000000
0.000000
0.000000
0.000000
0.830872
0.000000
0.000000
0.000000
0.073090
0.000000
0.000000
1.099802
0.000000
0.000000
0.000000
3.744548
0.000000
0.000000
0.000000
0.000000
0.000000
0.000000
1.411882
0.000000
0.000000
0.000000
0.000000
0.821298
0.903982
0.000000
0.000000
0.416719
0.000000
0.000000
0.000000
0.000000
0.000000
0.000000
0.000000
0.000000
0.000000
0.000000
0.000000
1.565363
0.000000
0.000000
0.000000
0.000000
0.000000
0.000000
0.000000
0.000000
1.643423
0.000000
0.000000
1.670540
0.000000
0.000000
0.000000
0.000000
0.000000
0.000000
0.000000
0.000000
0.000000
0.000000
0.810002
0.000000
0.000000
0.000000
0.000000
0.000000
0.000000
0.000000
0.000000
0.000000
0.000000
0.000000
0.000000
0.000000
0.000000
0.000000
0.000000
0.000000
0.000000
0.000000
0.000000
0.000000
0.000000
0.000000
2.153479
0.863732
0.000000
1.422413
0.000000
0.000000
0.000000
0.000000
0.000000
0.000000
0.000000
0.000000
0.000000
0.000000
0.000000
0.000000
0.391751
0.000000
0.855903
0.000000
0.000000
0.000000
0.000000
0.000000
0.000000
1.586623
0.690403
0.000000
0.000000
0.000000
0.000000
0.133771
0.000000
0.000000
0.000000
0.000000
0.000000
0.000000
0.292437
0.000000
0.000000
0.000000
0.868930
0.000000
0.000000
0.000000
0.000000
0.000000
0.000000
0.000000
1.786361
0.000000
0.000000
0.000000
0.000000
0.000000
0.000000
0.000000
0.000000
0.000000
0.000000
0.000000
0.000000
0.000000
0.000000
0.462466
0.113792
0.000000
0.000000
0.890000
0.000000
0.000000
0.000000
0.000000
0.000000
0.000000
0.000000
0.000000
0.000000
0.000000
0.000000
0.000000
0.000000
0.000000
0.000000
0.000000
0.000000
0.000000
0.000000
0.000000
0.000000
0.000000
0.000000
0.000000
4.037757
0.000000
0.000000
0.424641
0.000000
0.000000
0.000000
0.000000
0.000000
0.702949
0.000000
0.000000
0.000000
0.000000
0.000000
0.000000
0.536553
0.000000
0.000000
0.000000
0.000000
0.000000
0.000000
0.000000
0.000000
0.000000
0.000000
0.000000
0.000000
0.000000
0.000000
0.000000
0.000000
0.000000
0.000000
0.000000
0.523956
0.163627
0.000000
0.000000
0.000000
0.000000
0.000000
0.000000
0.000000
0.000000
0.000000
0.621704
0.000000
0.000000
0.000000
0.485178
0.000000
0.000000
0.000000
3.049345
3.542572
0.413355
0.720708
0.000000
0.029005
0.000000
0.000000
0.000000
0.000000
0.000000
0.000000
0.000000
0.000000
0.000000
0.000000
0.000000
0.000000
0.000000
0.000000
0.000000
0.000000
0.000000
0.000000
0.000000
0.000000
0.000000
0.000000
0.000000
0.000000
0.494120
0.000000
0.000000
0.113163
0.000000
0.000000
0.000000
0.000000
0.000000
0.000000
0.000000
0.000000
0.000000
0.000000
0.000000
0.000000
1.871021
0.000000
1.025226
0.000000
2.390000
0.000000
0.000000
0.000000
0.809987
0.000000
0.000000
0.000000
0.000000
0.000000
0.000000
0.000000
0.000000
0.000000
0.000000
0.000000
0.000000
0.000000
0.000000
0.000000
0.000000
0.000000
0.000000
0.000000
0.000000
0.000000
0.000000
0.000000
0.000000
0.000000
0.000000
0.137141
0.000000
0.243109
0.000000
0.000000
0.000000
0.000000
0.000000
0.000000
0.000000
0.000000
0.000000
0.000000
0.000000
0.000000
0.000000
0.373175
0.000000
0.000000
0.000000
0.583343
0.000000
1.181275
0.000000
0.000000
0.000000
0.000000
0.000000
0.000000
0.000000
0.000000
0.000000
0.000000
0.000000
0.695202
0.000000
0.000000
0.000000
0.000000
0.000000
0.000000
0.265895
0.000000
0.000000
0.000000
0.000000
0.378592
0.000000
0.000000
1.585841
0.000000
0.000000
0.000000
0.000000
0.000000
0.000000
0.000000
1.107441
0.000000
0.000000
0.000000
0.000000
0.000000
0.000000
0.000000
0.000000
0.175370
0.000000
0.000000
0.000000
0.000000
0.000000
0.000000
0.000000
0.000000
0.000000
0.000000
0.000000
0.000000
0.000000
0.000000
0.000000
0.000000
0.000000
0.000000
0.000000
0.521895
0.000000
0.000000
1.145345
1.661442
0.000000
0.000000
0.000000
0.294378
1.301251
0.000000
0.000000
0.000000
0.000000
0.348092
0.000000
0.000000
0.000000
0.000000
0.000000
2.559025
0.000000
0.000000
0.000000
0.178154
0.000000
0.000000
0.000000
0.000000
0.000000
0.000000
0.000000
0.000000
0.019803
0.000000
0.000000
0.000000
1.421772
0.000000
0.000000
1.142006
0.000000
0.000000
0.000000
0.000000
0.000000
0.000000
0.000000
0.000000
0.000000
0.000000
0.000000
0.000000
0.000000
0.000000
0.000000
0.000000
0.000000
0.000000
0.000000
0.000000
0.000000
0.000000
0.000000
0.000000
0.000000
0.000000
0.000000
0.000000
0.000000
0.000000
0.000000
0.000000
0.000000
0.000000
0.000000
0.000000
0.000000
0.000000
0.000000
0.000000
0.000000
0.000000
0.002093
0.000000
0.000000
0.000000
1.279343
0.000000
0.000000
0.000000
0.059178
0.000000
0.000000
0.000000
0.000000
0.000000
0.000000
0.000000
0.000000
0.000000
0.000000
0.000000
0.000000
0.000000
0.000000
0.532689
0.000000
0.087743
0.000000
0.000000
0.000000
1.689144
0.000000
0.000000
0.000000
0.425459
0.000000
0.000000
0.000000
0.265472
0.000000
0.438611
0.000000
0.000000
0.000000
0.000000
0.000000
0.485636
0.000000
0.267970
0.000000
0.000000
0.000000
0.000000
0.000000
0.000000
0.000000
0.000000
0.000000
0.000000
0.000000
0.000000
0.000000
0.000000
0.000000
0.000000
1.494079
0.216505
0.000000
0.000000
0.000000
0.000000
0.000000
0.000000
0.000000
0.000000
0.000000
0.456986
0.000000
0.000000
0.000000
0.000000
0.000000
0.000000
0.000000
0.000000
0.000000
0.000000
0.000000
0.000000
2.345198
0.000000
1.307271
0.000000
1.500513
0.000000
0.000000
0.000000
0.000000
0.000000
0.207808
1.608040
0.000000
0.000000
1.573277
0.000000
0.805098
0.000000
0.000000
0.000000
0.000000
0.000000
0.000000
0.696123
0.000000
0.351133
0.000000
0.000000
0.000000
0.000000
0.069694
0.000000
0.000000
0.000000
0.000000
0.000000
0.000000
0.000000
0.000000
0.000000
0.000000
0.000000
0.391636
0.000000
0.000000
0.000000
0.000000
0.000000
0.000000
0.000000
0.000000
0.000000
0.000000
0.025308
0.000000
0.000000
0.000000
1.504760
0.441094
1.717212
0.000000
0.000000
0.076683
0.000000
0.199193
0.000000
0.000000
0.000000
0.000000
0.000000
0.000000
0.000000
0.000000
0.000000
0.000000
0.000000
0.042347
0.000000
0.000000
0.000000
0.000000
0.000000
0.000000
0.000000
0.000000
0.000000
0.000000
0.000000
0.000000
0.000000
1.594608
0.000000
0.000000
0.000000
0.000000
0.000000
0.000000
0.000000
0.000000
0.000000
0.000000
0.000000
0.000000
2.344904
0.000000
0.000000
0.000000
0.000000
0.000000
0.000000
0.067450
0.000000
0.000000
0.335691
0.000000
0.000000
0.000000
0.771594
0.000000
0.000000
0.000000
0.000000
0.164908
0.000000
1.330538
0.000000
0.000000
3.906815
0.000000
0.000000
0.000000
0.037530
0.000000
0.000000
0.000000
0.000000
0.000000
0.666310
0.000000
0.000000
0.000000
0.000000
0.000000
0.000000
0.000000
0.000000
1.389758
0.000000
0.000000
0.000000
0.000000
0.000000
0.000000
0.000000
0.000000
0.000000
0.000000
0.000000
0.000000
0.000000
0.914414
0.000000
0.681238
0.000000
0.000000
0.861143
0.000000
0.000000
0.000000
0.000000
0.000000
0.000000
0.000000
0.531679
0.000000
0.000000
0.000000
0.000000
0.127276
0.000000
0.000000
0.000000
0.000000
0.000000
0.000000
0.000000
0.000000
0.036758
0.000000
0.000000
0.000000
0.000000
0.000000
0.000000
0.000000
0.000000
0.000000
0.000000
0.000000
0.000000
0.000000
0.000000
2.250817
0.000000
0.000000
0.000000
0.000000
0.000000
0.000000
0.000000
0.000000
0.000000
0.000000
0.000000
0.000000
0.000000
0.000000
0.000000
0.000000
0.000000
0.000000
0.000000
0.987292
0.000000
0.306519
0.000000
0.000000
0.000000
0.000000
0.000000
0.000000
0.000000
0.000000
0.000000
0.000000
0.000000
0.000000
2.054945
0.000000
0.000000
2.175005
0.000000
0.000000
0.000000
0.000000
0.000000
0.536730
0.905052
0.000000
0.000000
0.000000
0.000000
0.000000
0.000000
1.524551
0.000000
0.000000
0.000000
0.000000
0.000000
0.000000
0.000000
0.000000
0.000000
0.000000
1.353898
0.000000
1.419824
1.073049
1.922890
0.000000
0.000000
0.000000
0.000000
0.000000
0.000000
2.489446
0.000000
0.000000
0.000000
0.000000
0.000000
0.000000
0.000000
0.000000
0.000000
0.000000
0.000000
0.000000
1.504565
0.000000
0.000000
0.000000
0.000000
0.000000
0.000000
0.000000
0.854777
0.000000
0.000000
0.000000
0.000000
0.553786
2.429692
0.000000
0.000000
0.000000
0.000000
3.563447
0.000000
0.000000
0.257879
0.380279
0.000000
0.462829
0.000000
0.000000
0.000000
0.000000
0.000000
0.000000
0.000000
0.079025
0.000000
0.000000
0.000000
0.384084
0.000000
0.000000
0.841426
0.000000
0.000000
1.708860
0.000000
0.000000
0.008401
0.000000
0.000000
0.000000
0.000000
0.357628
0.000000
0.000000
0.000000
0.000000
0.000000
0.000000
0.000000
0.000000
0.000000
0.000000
0.000000
0.000000
0.898685
0.000000
0.000000
0.000000
2.317656
0.000000
0.000000
0.000000
0.000000
0.000000
0.000000
0.000000
0.000000
0.000000
0.000000
0.000000
0.000000
0.000000
0.000000
0.000000
0.000000
3.059271
0.000000
0.000000
0.000000
0.000000
0.000000
0.000000
0.000000
0.000000
2.867324
0.000000
0.000000
0.000000
0.000000
0.000000
0.000000
0.020729
0.000000
0.000000
0.000000
0.333243
0.000000
0.000000
0.000000
0.000000
0.000000
0.000000
0.000000
1.048566
0.000000
0.000000
0.000000
0.000000
0.000000
0.000000
0.000000
0.000000
0.000000
0.000000
0.000000
0.000000
0.000000
0.005517
0.000000
0.047451
0.000000
1.169178
0.877257
0.000000
0.000000
0.000000
0.000000
1.481676
0.000000
0.000000
0.302299
0.000000
0.000000
0.000000
2.045617
0.000000
0.894381
0.000000
0.000000
0.000000
0.000000
0.000000
0.000000
0.112631
0.000000
0.000000
0.000000
0.000000
0.000000
0.000000
2.021752
0.000000
0.000000
0.387211
0.000000
0.000000
0.000000
0.000000
0.000000
0.000000
0.000000
0.000000
0.000000
0.000000
0.000000
0.000000
0.425715
0.000000
0.000000
0.000000
0.000000
0.000000
0.000000
0.411450
0.000000
0.000000
0.000000
0.000000
0.000000
0.000000
0.000000
0.000000
0.000000
0.000000
0.000000
0.000000
0.000000
0.064885
0.535636
0.000000
0.000000
0.000000
0.000000
0.000000
0.000000
0.000000
1.870302
0.000000
0.000000
0.000000
0.087158
0.000000
0.000000
0.000000
0.000000
0.000000
0.870817
0.000000
0.000000
0.000000
0.000000
0.000000
0.000000
0.000000
0.000000
1.150355
0.000000
0.536573
0.000000
0.069998
0.000000
0.000000
0.000000
0.000000
1.275236
0.000000
0.000000
0.000000
0.000000
0.000000
2.236132
0.000000
0.000000
0.000000
0.000000
0.184032
0.000000
0.000000
0.000000
0.000000
0.000000
0.000000
0.000000
0.000000
0.000000
0.000000
0.000000
0.000000
0.000000
1.467470
0.000000
0.000000
0.000000
0.000000
0.000000
0.000000
0.000000
0.000000
0.000000
0.139281
0.000000
0.000000
0.000000
0.000000
0.000000
0.000000
0.000000
0.000000
0.000000
0.000000
0.000000
0.000000
0.000000
0.000000
0.000000
0.000000
0.024124
0.000000
0.000000
0.000000
0.000000
0.137252
0.000000
0.000000
0.000000
1.175673
0.000000
0.000000
0.000000
0.000000
0.000000
0.634485
0.000000
0.000000
0.000000
0.000000
0.000000
0.000000
0.000000
0.425909
0.000000
0.000000
0.000000
0.000000
0.000000
0.000000
0.000000
3.645474
0.000000
0.031472
0.000000
0.000000
0.000000
0.054693
0.000000
0.000000
0.000000
1.943813
0.000000
0.000000
0.000000
0.000000
0.000000
0.000000
1.206485
0.000000
0.206976
0.000000
0.000000
0.000000
0.000000
0.099020
0.000000
0.000000
0.000000
0.000000
0.000000
0.000000
0.089638
0.000000
2.035812
0.000000
0.000000
0.000000
0.000000
0.000000
0.000000
0.000000
0.000000
0.000000
0.000000
0.000000
0.000000
0.000000
0.354055
0.000000
0.000000
0.000000
0.000000
1.244470
0.000000
0.000000
0.000000
0.000000
0.000000
0.000000
0.000000
0.146510
0.231474
0.000000
0.000000
0.000000
0.384051
0.000000
0.000000
0.000000
0.000000
0.000000
0.000000
0.000000
0.000000
0.000000
0.000000
0.036494
0.000000
0.000000
0.000000
1.006832
0.000000
0.000000
0.000000
0.460613
0.000000
0.000000
0.000000
0.000000
0.000000
0.000000
0.000000
0.000000
0.000000
0.000000
0.000000
0.000000
0.000000
0.000000
0.000000
1.789456
0.317342
0.000000
0.000000
0.000000
0.000000
0.000000
0.000000
0.000000
0.703994
0.000000
0.000000
0.000000
0.325898
1.310882
0.000000
0.000000
0.000000
0.000000
0.000000
0.000000
0.000000
0.000000
0.000000
0.000000
0.000000
0.000000
0.330004
0.000000
0.000000
0.000000
0.000000
1.335559
0.000000
0.000000
0.142090
0.000000
0.000000
0.000000
0.000000
0.000000
0.000000
0.420830
0.000000
0.000000
0.000000
0.000000
0.000000
0.000000
0.000000
0.000000
0.000000
0.000000
0.000000
0.000000
0.000000
0.000000
0.000000
0.000000
0.000000
0.000000
0.000000
0.000000
0.000000
0.000000
0.000000
0.000000
2.328181
0.000000
0.000000
0.000000
0.000000
0.000000
0.000000
0.000000
0.000000
0.000000
0.000000
0.000000
0.000000
0.000000
0.000000
0.000000
0.042976
0.000000
0.000000
0.245675
0.000000
0.000000
0.000000
0.000000
0.000000
0.000000
0.192351
0.000000
0.000000
0.000000
0.000000
3.064162
0.000000
0.000000
0.000000
0.000000
0.000000
0.000000
0.000000
0.076088
0.000000
0.000000
0.000000
0.064111
0.000000
4.072628
0.288277
1.714826
0.000000
0.000000
0.000000
0.000000
0.000000
0.000000
0.000000
0.302924
1.562983
0.000000
0.000000
0.000000
0.353869
0.000000
1.232613
0.000000
0.875285
0.000000
0.000000
0.000000
0.000000
0.000000
0.511090
0.000000
0.000000
0.000000
0.000000
0.000000
0.000000
0.000000
0.000000
0.000000
0.000000
0.000000
0.000000
0.172728
0.000000
0.000000
0.081155
0.000000
0.000000
0.000000
0.000000
0.000000
0.000000
0.000000
0.000000
0.000000
0.000000
0.000000
0.000000
0.000000
0.000000
0.000000
0.000000
0.000000
0.000000
0.000000
0.000000
0.000000
0.000000
0.000000
0.000000
0.000000
0.000000
0.000000
0.000000
0.000000
3.416135
0.000000
0.000000
0.000000
0.000000
0.000000
0.000000
0.000000
0.000000
0.000000
0.000000
0.000000
0.000000
0.366608
0.000000
0.000000
0.000000
0.000000
0.000000
0.000000
0.000000
0.000000
0.000000
0.000000
0.000000
0.000000
0.000000
2.304775
0.857363
0.000000
0.000000
1.657976
0.000000
0.000000
0.000000
1.309343
0.000000
0.000000
0.000000
0.000000
0.775278
0.000000
0.000000
0.467175
0.000000
0.000000
0.000000
0.000000
0.000000
0.897131
0.000000
0.000000
0.000000
0.000000
1.864243
0.000000
0.000000
0.000000
0.000000
0.000000
0.000000
0.000000
0.000000
0.000000
0.000000
0.504627
0.000000
0.000000
0.541453
0.000000
0.173399
0.000000
0.000000
0.000000
0.000000
0.000000
0.000000
0.000000
0.000000
0.000000
0.215395
0.618483
0.000000
0.000000
0.000000
0.000000
0.000000
0.000000
0.142359
0.000000
0.000000
0.000000
0.000000
0.000000
0.000000
0.052359
0.000000
0.000000
3.589979
0.000000
0.000000
0.000000
0.000000
0.000000
0.078501
0.000000
0.000000
0.000000
0.000000
0.000000
0.000000
0.280017
0.000000
0.000000
0.000000
0.000000
0.000000
0.000000
0.000000
0.000000
0.000000
0.000000
0.000000
0.027557
0.000000
0.000000
0.000000
0.000000
0.000000
0.000000
0.000000
0.959222
1.782707
0.000000
0.000000
0.000000
0.000000
0.000000
0.000000
0.000000
0.000000
0.000000
0.000000
0.000000
0.000000
0.000000
0.000000
0.000000
0.000000
0.000000
0.000000
0.000000
0.000000
0.000000
0.917403
0.000000
0.000000
0.000000
0.000000
0.000000
0.000000
0.000000
0.000000
0.000000
0.000000
0.000000
0.000000
0.000000
0.074642
2.039335
0.000000
0.000000
0.000000
0.000000
0.000000
0.073081
0.000000
0.000000
0.000000
0.000000
0.000000
0.000000
0.000000
0.316566
0.000000
0.000000
0.000000
0.000000
0.000000
0.000000
0.000000
0.000000
0.000000
0.000000
0.000000
0.000000
0.000000
0.000000
0.000000
0.000000
0.000000
0.000000
0.000000
0.000000
0.000000
1.607488
0.000000
0.206574
0.000000
0.000000
1.227788
0.000000
0.000000
1.369343
0.000000
0.000000
1.081462
0.000000
0.000000
0.000000
0.020174
0.000000
0.000000
0.000000
0.000000
0.000000
0.000000
0.000000
0.739036
0.000000
1.342757
3.510229
0.000000
0.000000
1.370215
0.000000
0.000000
0.000000
0.000000
0.000000
0.000000
0.000000
0.000000
0.000000
0.000000
1.384754
0.000000
0.000000
0.000000
0.000000
0.000000
0.000000
0.000000
0.000000
2.641411
0.000000
0.000000
0.000000
0.000000
0.000000
0.000000
1.451243
0.000000
0.000000
0.717731
0.000000
0.000000
0.000000
0.000000
0.000000
0.000000
0.688304
0.000000
0.000000
0.000000
2.185121
0.000000
0.000000
0.000000
0.000000
0.868035
1.224419
0.000000
0.000000
0.000000
0.000000
0.000000
0.000000
0.000000
0.000000
0.583884
0.598940
0.000000
0.046240
0.000000
0.605470
0.000000
0.000000
0.000000
0.000000
0.000000
0.000000
0.000000
0.000000
0.000000
0.004370
0.000000
0.000000
0.000000
0.000000
0.000000
0.000000
0.676343
0.000000
0.000000
0.000000
0.000000
0.000000
0.000000
0.000000
1.005715
0.000000
0.000000
0.000000
0.000000
0.000000
0.000000
0.000000
0.000000
0.000000
0.000000
0.000000
0.000000
0.000000
0.000000
0.000000
0.000000
0.420112
0.000000
0.000000
0.000000
0.000000
0.000000
0.000000
0.000000
0.000000
0.000000
0.000000
0.000000
0.000000
0.000000
0.000000
0.171262
0.000000
0.600351
0.000000
0.000000
0.000000
0.000000
0.000000
0.000000
0.000000
0.000000
0.000000
0.803975
0.000000
0.000000
0.000000
0.000000
1.003840
0.000000
0.000000
0.000000
0.000000
0.000000
0.000000
1.195298
0.000000
0.523419
0.000000
0.000000
0.000000
0.000000
0.000000
0.000000
0.000000
0.000000
0.000000
1.785427
0.000000
0.000000
0.000000
2.388676
0.000000
0.000000
0.000000
0.000000
0.000000
0.000000
0.000000
0.000000
0.000000
0.000000
0.000000
0.000000
0.000000
0.000000
2.735626
0.000000
0.000000
0.000000
0.000000
0.000000
0.070911
0.000000
0.000000
0.000000
0.000000
0.000000
1.104221
0.236788
0.000000
0.000000
0.000000
0.000000
0.000000
0.000000
0.000000
2.234398
0.000000
0.757520
0.000000
0.606056
0.000000
0.000000
0.000000
0.000000
0.000000
0.436396
0.000000
0.000000
0.000000
0.000000
0.000000
0.000000
0.000000
0.000000
0.000000
0.000000
0.000000
0.000000
0.000000
0.000000
0.000000
0.000000
0.000000
0.000000
0.000000
0.000000
0.000000
0.000000
0.000000
0.000000
0.000000
0.000000
0.000000
0.000000
0.000000
0.000000
0.000000
0.000000
0.000000
1.145370
0.000000
0.000000
0.000000
0.000000
0.000000
0.190399
0.429037
0.000000
0.000000
0.000000
2.233887
0.000000
0.000000
0.000000
0.000000
0.000000
0.000000
0.000000
0.000000
0.000000
0.000000
0.000000
0.000000
0.000000
0.000000
0.000000
1.180810
0.000000
0.000000
1.524639
0.000000
0.000000
0.000000
0.000000
0.000000
0.000000
0.000000
0.000000
0.000000
0.000000
0.000000
0.000000
0.000000
1.186915
2.527831
0.000000
0.000000
0.000000
0.000000
0.000000
0.000000
0.000000
0.000000
0.000000
0.000000
0.000000
0.000000
0.000000
0.000000
0.000000
0.000000
0.000000
0.000000
0.000000
0.000000
0.000000
0.895251
0.000000
0.000000
0.000000
4.500922
3.269215
0.000000
0.000000
0.000000
0.000000
0.083755
0.000000
0.729440
0.000000
0.000000
0.000000
1.350802
0.000000
