0.000000
0.000000
0.000000
0.000000
0.000000
0.000000
0.000000
0.000000
0.000000
0.000000
0.000000
0.538186
0.989587
0.000000
0.000000
0.000000
0.000000
0.600989
0.000000
0.000000
0.000000
0.000000
0.000000
0.711829
0.000000
0.000000
0.000000
0.000000
0.000000
0.000000
0.000000
0.000000
0.000000
0.000000
0.000000
0.000000
0.000000
1.385705
0.000000
0.000000
0.000000
0.000000
0.000000
1.158902
0.000000
0.000000
0.000000
1.842325
0.000000
0.000000
0.000000
3.199729
0.000000
0.000000
0.000000
0.000000
0.000000
0.000000
0.000000
0.000000
0.000000
0.000000
0.000000
0.000000
0.000000
0.000000
0.000000
0.000000
0.000000
0.000000
0.000000
0.000000
0.000000
0.000000
0.000000
0.000000
0.000000
0.000000
0.000000
0.000000
0.000000
0.000000
0.137215
0.000000
0.549335
0.000000
0.316823
2.037580
1.605110
0.033765
0.000000
0.255486
0.000000
0.000000
1.036664
0.000000
0.000000
0.000000
0.000000
0.000000
0.000000
1.974688
2.508961
0.000000
0.000000
0.000000
0.444933
0.000000
0.000000
0.000000
0.000000
0.000000
0.000000
0.000000
0.000000
0.000000
0.000000
0.000000
0.000000
0.000000
0.000000
0.845752
0.000000
1.269817
0.000000
0.306884
0.000000
0.000000
1.197181
0.000000
0.000000
0.000000
0.000000
0.000000
0.000000
0.000000
1.405661
0.000000
0.000000
0.000000
0.000000
0.000000
0.000000
0.000000
0.000000
0.000000
0.000000
0.000000
0.000000
0.000000
0.000000
0.000000
0.000000
0.000000
0.870004
0.000000
0.000000
0.947113
0.732182
0.000000
0.000000
0.229210
0.000000
0.000000
0.000000
0.000000
0.000000
2.015841
0.000000
0.409578
0.000000
0.000000
0.000000
0.000000
0.000000
0.285527
0.000000
0.194417
0.000000
0.000000
0.000000
0.000000
0.000000
0.000000
0.000000
0.000000
0.000000
0.000000
0.000000
0.000000
0.000000
0.754534
0.000000
0.000000
0.000000
0.855456
1.658543
0.000000
0.000000
0.000000
0.000000
0.000000
0.000000
0.000000
0.000000
0.000000
0.000000
0.000000
0.000000
0.000000
1.025459
0.000000
0.000000
0.000000
0.000000
0.000000
0.000000
0.000000
0.000000
0.000000
0.000000
0.000000
0.586009
0.000000
1.509001
0.000000
0.000000
0.668342
0.000000
0.000000
0.000000
0.000000
0.000000
0.000000
0.000000
0.000000
0.000000
0.000000
0.000000
0.169847
0.000000
0.000000
0.000000
0.000000
0.213747
0.000000
0.000000
0.000000
0.000000
0.000000
0.803954
0.340274
0.000000
0.000000
0.000000
0.000000
0.000000
0.000000
0.000000
0.697557
0.000000
0.000000
2.124372
0.000000
2.124552
0.000000
0.000000
0.000000
0.000000
0.503108
0.065330
0.000000
0.000000
0.032443
0.000000
0.000000
0.000000
0.000000
0.000000
0.000000
0.000000
0.000000
0.642258
0.000000
0.830239
0.000000
0.000000
0.000000
0.000000
0.517176
1.982457
0.020161
1.448494
1.588132
0.000000
0.000000
0.499471
0.000000
0.920710
0.000000
0.000000
0.000000
0.000000
0.000000
0.000000
0.000000
0.508213
0.000000
0.000000
0.000000
2.732586
0.000000
0.000000
0.000000
0.298269
0.000000
0.000000
0.000000
0.000000
0.000000
0.000000
0.000000
0.000000
0.000000
0.000000
0.000000
0.186568
0.185514
0.000000
0.000000
0.000000
0.000000
0.000000
0.000000
0.000000
0.000000
0.000000
0.439784
0.000000
0.000000
0.000000
0.000000
0.000000
0.000000
0.000000
0.000000
0.000000
0.000000
0.000000
0.000000
0.000000
0.391455
0.000000
0.000000
0.000000
0.000000
0.000000
0.000000
0.000000
0.000000
0.000000
0.000000
0.000000
0.000000
0.000000
0.000000
0.000000
0.118609
0.000000
0.000000
0.000000
0.000000
0.000000
0.000000
0.859228
0.000000
0.000000
0.000000
0.000000
0.313456
0.000000
0.000000
0.356307
0.000000
0.984793
2.046344
1.334351
0.000000
0.000000
0.000000
0.348876
0.000000
0.000000
0.000000
0.000000
0.000000
0.000000
0.170411
0.000000
0.000000
0.000000
0.000000
0.390329
0.000000
0.000000
0.000000
0.428275
0.314550
0.000000
0.000000
0.000000
0.000000
0.000000
0.416291
0.000000
1.973314
0.000000
0.655056
0.000000
0.000000
0.000000
0.329336
0.000000
0.185411
0.000000
0.000000
0.000000
2.095250
0.000000
0.000000
0.000000
0.886702
0.000000
0.000000
0.000000
0.000000
0.000000
0.000000
0.000000
0.000000
0.000000
0.000000
0.000000
1.248051
0.000000
0.837991
0.000000
0.000000
0.000000
0.000000
0.000000
0.000000
1.992232
0.156090
0.000000
0.000000
0.000000
0.000000
0.000000
0.000000
0.000000
0.000000
0.967803
2.041652
0.000000
0.000000
2.525905
0.000000
0.000000
0.000000
0.000000
0.000000
0.000000
0.000000
0.000000
0.000000
0.000000
0.000000
0.000000
0.000000
0.000000
0.000000
0.000000
0.000000
0.000000
0.000000
0.000000
1.808257
3.458704
0.896085
0.000000
0.000000
0.000000
0.000000
0.092500
0.000000
1.216936
0.000000
0.000000
0.000000
0.000000
0.000000
0.000000
0.000000
1.375029
0.000000
0.000000
0.850233
0.000000
0.371366
0.705937
1.229272
0.000000
0.000000
0.000000
0.000000
0.000000
0.000000
0.000000
1.620268
0.000000
0.000000
1.154028
0.347568
0.000000
0.245316
1.073754
0.000000
0.000000
0.000000
0.000000
0.576975
0.000000
0.000000
0.000000
0.345151
0.000000
0.000000
0.000000
0.000000
0.000000
1.101342
0.000000
0.000000
1.463008
0.000000
0.519139
3.293675
0.000000
0.000000
1.138254
0.818833
0.000000
0.000000
0.000000
0.000000
0.105297
0.000000
0.000000
0.000000
1.441760
0.000000
0.000000
0.000000
0.000000
0.762122
0.000000
0.000000
0.000000
0.000000
0.000000
0.000000
0.000000
2.113113
0.000000
0.000000
0.224877
0.000000
0.000000
0.000000
0.074837
0.000000
0.320177
0.000000
0.000000
0.000000
0.000000
1.119878
0.000000
0.000000
0.000000
0.000000
0.529370
0.624518
0.168251
0.000000
0.000000
0.894624
0.000000
0.559858
0.000000
0.000000
1.031086
0.000000
0.000000
0.000000
0.000000
0.000000
0.000000
0.000000
0.000000
0.000000
0.000000
0.000000
0.000000
0.000000
0.170982
0.000000
0.000000
0.199116
0.000000
0.963118
0.259825
1.397602
0.000000
0.000000
0.000000
0.000000
0.000000
0.112569
0.000000
0.000000
0.000000
0.000000
0.000000
0.000000
0.000000
0.000000
1.446548
0.000000
0.124411
0.784876
0.093999
0.000000
0.000000
1.018291
0.000000
0.000000
0.000000
0.000000
0.058497
0.000000
0.000000
0.000000
0.000000
0.000000
0.000000
0.000000
0.000000
2.419935
0.000000
0.000000
0.000000
0.000000
0.679906
0.000000
0.604185
0.000000
0.000000
0.000000
0.000000
0.000000
0.000000
0.338711
0.000000
0.000000
0.686981
0.000000
0.000000
0.000000
0.000000
0.017329
0.000000
0.000000
0.000000
0.000000
0.000000
0.000000
0.000000
0.000000
0.532990
0.252370
0.000000
0.000000
0.000000
0.000000
0.000000
0.000000
0.000000
0.000000
0.000000
0.215267
0.000000
0.229063
0.000000
0.000000
0.000000
0.175549
0.000000
0.000000
0.000000
0.000000
0.000000
0.000000
0.000000
0.000000
0.000000
0.000000
0.000000
0.000000
0.000000
0.000000
0.000000
0.000000
0.000000
1.615372
0.000000
0.000000
0.000000
0.299111
0.000000
0.000000
0.000000
0.000000
0.000000
0.000000
0.000000
0.000000
0.000000
0.000000
0.000000
0.000000
0.000000
0.000000
0.235600
0.352009
0.000000
0.000000
0.000000
0.000000
0.000000
0.000000
0.000000
0.000000
0.000000
0.000000
0.000000
0.000000
0.000000
0.000000
0.000000
0.000000
0.000000
0.000000
0.000000
0.000000
0.184810
0.000000
0.000000
1.332431
0.000000
0.000000
1.514440
0.000000
0.000000
0.000000
0.000000
0.000000
0.000000
0.000000
0.000000
0.000000
0.000000
0.000000
1.044366
0.000000
0.000000
0.000000
1.553300
0.000000
0.000000
0.000000
0.000000
0.000000
1.498817
0.000000
0.000000
0.000000
0.000000
0.000000
0.666517
0.082687
0.000000
0.000000
0.000000
3.048789
0.000000
0.000000
0.000000
3.364555
1.017226
0.000000
0.000000
0.000000
0.371012
0.000000
0.000000
0.000000
0.251693
0.573800
0.000000
0.000000
0.000000
0.000000
0.000000
0.364977
0.321119
0.000000
0.000000
0.000000
0.000000
0.000000
0.000000
0.000000
0.000000
0.000000
0.000000
0.000000
0.098121
0.603803
1.614294
0.000000
0.000000
0.000000
0.000000
0.000000
0.000000
0.000000
0.000000
0.000000
0.000000
0.000000
0.000000
0.000000
0.000000
0.000000
2.378419
0.000000
0.766650
0.000000
0.000000
0.000000
0.000000
0.185401
0.000000
0.000000
0.000000
0.000000
0.000000
0.000000
0.000000
0.000000
0.000000
0.000000
0.000000
0.000000
0.000000
0.000000
0.000000
0.000000
0.000000
0.534579
0.194007
0.000000
0.000000
0.000000
0.648457
0.000000
0.000000
0.000000
0.000000
0.657326
0.000000
0.024415
0.000000
0.000000
0.000000
0.000000
4.797424
0.000000
0.000000
0.000000
0.000000
0.000000
0.000000
0.000000
0.000000
0.000000
0.000000
0.000000
0.000000
1.606706
0.000000
0.000000
0.000000
0.000000
0.751741
0.000000
0.000000
0.314886
0.000000
0.000000
0.000000
0.000000
0.764288
0.000000
0.000000
0.000000
0.000000
0.461315
0.000000
0.000000
0.000000
0.000000
0.000000
0.000000
0.000000
0.000000
0.000000
0.000000
0.000000
0.000000
0.000000
0.360772
0.000000
0.000000
0.249870
0.000000
0.000000
1.389494
0.000000
0.000000
0.000000
0.877834
0.000000
0.848541
0.448183
0.000000
0.000000
0.895550
0.000000
0.000000
0.000000
0.082046
0.000000
1.678614
0.000000
0.000000
0.185566
0.000000
0.000000
0.000000
0.000000
0.000000
0.000000
0.488360
0.000000
0.000000
2.534796
0.000000
0.054560
0.191313
0.000000
0.000000
0.000000
0.000000
0.000000
1.455973
0.000000
0.000000
0.000000
0.000000
0.367804
0.000000
0.000000
0.000000
0.000000
0.875498
0.000000
0.526906
0.000000
0.509470
0.000000
0.000000
0.000000
0.000000
0.000000
0.000000
0.000000
0.000000
0.000000
0.026037
0.000000
1.570277
0.362857
0.000000
0.000000
0.000000
0.000000
0.000000
0.000000
1.472359
0.000000
0.000000
0.000000
0.000000
0.000000
0.000000
0.000000
0.000000
0.000000
0.000000
0.140973
0.490735
0.000000
0.000000
0.000000
0.000000
0.350147
0.000000
0.000000
0.306465
0.000000
0.000000
0.000000
0.000000
0.879174
0.000000
0.000000
0.000000
0.068085
0.000000
0.000000
0.949222
1.089875
0.000000
0.000000
0.000000
0.000000
0.000000
0.000000
0.000000
0.000000
0.000000
0.000000
0.243657
1.467018
0.000000
0.000000
0.179017
0.000000
0.000000
0.652927
0.000000
0.000000
0.000000
0.000000
0.000000
0.000000
3.790371
0.698837
0.000000
0.000000
0.000000
0.913312
0.000000
0.000000
0.000000
0.000000
1.155831
0.000000
0.000000
0.764831
0.000000
0.000000
0.000000
0.000000
0.000000
0.000000
0.000000
0.000000
0.000000
0.000000
0.000000
0.496666
0.000000
0.000000
0.000000
0.000000
1.536846
0.000000
0.000000
0.000000
0.000000
0.000000
0.000000
4.951542
0.000000
0.000000
0.000000
0.000000
0.000000
0.000000
0.353915
0.000000
0.000000
0.000000
0.000000
0.000000
0.000000
0.000000
0.000000
0.000000
0.000000
0.000000
0.000000
0.284457
0.000000
0.000000
0.000000
0.000000
0.819983
0.686790
0.000000
0.000000
0.000000
0.000000
0.000000
0.000000
0.000000
1.267171
0.000000
0.000000
0.000000
0.000000
0.000000
0.000000
0.000000
0.000000
0.000000
0.000000
0.000000
0.000000
0.000000
1.324393
0.000000
0.000000
0.000000
0.957949
0.000000
0.000000
0.000000
0.000000
0.154412
0.000000
0.000000
0.000000
0.000000
0.000000
0.000000
0.725511
0.000000
0.000000
0.000000
0.665475
0.000000
1.745657
0.426273
0.000000
0.000000
0.235236
0.000000
0.598978
0.000000
0.064407
0.450147
0.000000
0.000000
0.000000
0.000000
0.000000
0.000000
0.000000
1.060532
0.659923
0.000000
0.130671
0.000000
0.000000
0.000000
0.000000
0.000000
0.000000
0.000000
0.000000
0.000000
0.000000
0.054639
0.000000
0.000000
0.000000
0.000000
1.129283
0.000000
0.000000
0.000000
0.000000
0.880612
0.000000
2.253930
0.000000
0.000000
0.737719
0.330995
2.654280
0.000000
0.288176
0.000000
0.000000
0.000000
0.000000
0.509048
0.000000
0.000000
0.000000
0.000000
0.000000
0.776216
0.000000
0.000000
0.000000
0.000000
0.356993
0.000000
0.884222
0.000000
0.000000
0.000000
0.000000
2.428706
0.000000
0.000000
0.000000
0.000000
0.000000
0.000000
0.000000
0.000000
0.000000
0.190478
1.916357
1.403548
0.000000
2.214575
0.643537
0.000000
0.000000
0.000000
0.000000
0.000000
0.000000
0.000000
0.000000
0.297530
0.461135
0.000000
0.000000
0.000000
0.000000
0.000000
0.246850
0.000000
0.000000
0.000000
0.000000
0.000000
0.000000
0.636257
0.000000
0.000000
2.256984
0.000000
0.000000
0.000000
1.397857
2.337667
0.000000
0.000000
0.000000
0.000000
0.657391
0.000000
0.000000
0.000000
0.000000
0.000000
0.000000
1.381952
0.000000
0.000000
0.000000
0.000000
0.000000
0.000000
0.741742
0.000000
0.000000
0.986288
0.000000
0.000000
2.047266
0.000000
0.000000
0.000000
0.000000
0.000000
0.000000
0.000000
0.000000
0.000000
0.000000
0.073653
0.000000
0.000000
0.000000
0.000000
0.000000
0.000000
0.000000
0.000000
0.255960
0.000000
0.000000
0.000000
0.000000
0.000000
0.000000
0.000000
0.000000
0.000000
0.000000
0.000000
0.130950
0.000000
0.000000
0.000000
0.000000
0.000000
0.242970
0.370876
1.485212
0.000000
0.000000
1.813817
0.000000
0.000000
0.000000
0.000000
1.210159
0.000000
1.294825
0.000000
0.000000
0.000000
0.000000
1.149905
0.305369
1.872766
0.000000
0.000000
0.000000
0.000000
0.000000
0.000000
0.000000
0.000000
0.000000
0.000000
1.419255
1.158742
0.000000
0.000000
0.000000
0.000000
0.000000
0.000000
0.000000
0.210615
0.000000
0.000000
0.557373
0.000000
0.236418
0.000000
0.000000
4.059429
0.015778
1.683246
0.000000
0.625809
0.318280
0.682075
0.000000
0.000000
0.000000
0.372801
0.000000
0.000000
0.000000
0.000000
0.000000
0.031362
0.000000
0.000000
0.349822
1.341881
0.000000
0.273253
0.000000
0.000000
0.000000
0.000000
0.000000
0.112288
1.677890
0.000000
0.000000
0.000000
0.000000
0.000000
2.632880
0.000000
0.000000
0.000000
0.268389
0.000000
0.000000
0.000000
0.000000
0.000000
0.000000
0.000000
0.000000
0.000000
0.000000
0.000000
0.000000
0.000000
0.000000
0.000000
0.000000
0.525165
0.000000
0.000000
0.000000
0.000000
0.000000
0.000000
0.000000
1.027002
0.124459
0.000000
0.000000
0.000000
0.951528
0.000000
0.000000
0.000000
0.607231
0.000000
1.283733
0.000000
0.173190
0.000000
0.000000
0.000000
0.000000
0.220213
0.085865
0.000000
0.000000
0.000000
0.000000
0.000000
0.000000
0.983385
0.000000
0.850009
2.013535
0.000000
0.000000
0.454763
0.000000
1.417767
0.000000
0.725656
0.000000
0.387628
1.444588
1.089484
0.000000
0.000000
0.000000
0.000000
0.000000
0.000000
0.000000
0.000000
0.178309
0.000000
0.000000
0.000000
0.000000
0.000000
0.000000
0.000000
0.767906
0.000000
0.000000
0.000000
0.000000
0.000000
0.000000
0.000000
0.000000
0.000000
0.000000
0.749176
0.000000
1.684329
0.000000
0.000000
0.000000
3.802593
0.000000
0.000000
0.000000
0.000000
0.000000
0.000000
0.000000
0.000000
0.761683
0.000000
0.000000
0.358231
0.000000
0.000000
0.000000
1.306239
0.000000
0.000000
0.000000
0.000000
0.382258
0.000000
0.000000
0.049160
0.000000
0.000000
0.000000
0.000000
0.000000
0.000000
0.000000
0.000000
0.000000
0.211895
0.196643
0.000000
0.000000
0.000000
0.000000
0.000000
0.000000
0.000000
0.000000
0.000000
0.000000
0.000000
0.000000
0.729238
0.000000
0.000000
1.253141
0.000000
0.000000
0.000000
0.000000
0.000000
0.000000
0.000000
0.000000
0.000000
0.000000
0.000000
0.000000
0.000000
0.000000
0.381568
0.000000
0.000000
0.000000
0.000000
0.000000
0.000000
1.124045
0.000000
0.000000
0.176298
0.000000
0.000000
0.000000
0.000000
0.000000
1.539560
0.000000
0.000000
0.000000
0.000000
0.000000
0.000000
0.751841
0.000000
0.535380
0.000000
0.000000
0.013918
0.000000
0.000000
0.000000
0.000000
0.000000
1.446580
0.000000
0.802810
0.000000
0.018827
0.000000
0.000000
0.000000
0.000000
0.000000
0.000000
0.000000
0.000000
0.000000
0.278851
0.000000
0.548309
2.374963
0.000000
0.393305
0.000000
0.000000
0.000000
0.000000
0.000000
0.000000
0.000000
0.000000
0.000000
0.872419
0.082015
3.360817
0.000000
0.000000
0.000000
0.603469
0.000000
1.786957
0.000000
0.000000
0.104264
0.000000
0.000000
0.000000
0.000000
0.000000
0.000000
0.000000
0.862644
0.000000
0.000000
0.178620
0.000000
0.000000
0.875619
0.000000
0.000000
0.000000
2.936566
0.000000
0.000000
0.000000
0.000000
0.000000
0.000000
0.000000
0.000000
0.357308
0.000000
0.000000
0.000000
0.000000
0.000000
0.882711
0.000000
0.962751
0.000000
0.000000
0.000000
0.733786
0.000000
0.000000
0.000000
0.000000
1.022980
0.000000
0.000000
0.532536
0.324825
0.000000
1.290897
0.000000
0.000000
0.000000
0.166227
1.770965
0.000000
0.000000
0.000000
0.000000
0.000000
0.000000
1.300184
0.000000
0.000000
0.000000
0.000000
0.000000
0.000000
0.000000
0.000000
0.000000
0.000000
0.000000
0.000000
0.000000
0.000000
0.000000
0.000000
0.000000
0.682203
0.000000
0.000000
0.000000
0.000000
1.032308
0.000000
0.000000
0.000000
0.000000
0.372004
0.000000
3.789621
0.000000
0.000000
0.000000
0.000000
0.000000
0.000000
0.000000
0.000000
0.000000
0.000000
0.687507
0.000000
0.000000
0.000000
0.000000
0.000000
0.000000
0.000000
0.000000
0.000000
0.000000
0.000000
0.000000
0.000000
0.000000
1.869576
0.000000
0.000000
0.000000
0.000000
0.000000
0.000000
0.000000
0.000000
0.000000
1.026189
0.000000
0.092386
0.000000
0.000000
0.000000
0.000000
0.000000
0.688405
0.439089
0.000000
0.000000
0.000000
0.119554
2.845724
0.059803
0.000000
0.206927
1.204025
0.800591
0.000000
0.000000
0.000000
0.000000
0.000000
0.767443
0.000000
0.000000
0.943569
0.000000
0.000000
0.000000
0.000000
0.000000
0.035883
0.000000
0.347484
0.000000
0.000000
0.000000
0.000000
0.000000
0.000000
0.000000
0.000000
0.000000
0.000000
0.000000
0.000000
0.150473
0.000000
0.000000
0.000000
0.000000
0.000000
0.000000
0.000000
0.000000
0.000000
0.691065
0.000000
0.000000
0.000000
0.000000
0.250897
0.000000
0.513141
0.000000
0.000000
0.000000
0.000000
0.489287
0.893352
0.000000
0.000000
0.000000
0.020830
1.786018
0.000000
0.000000
2.766391
0.000000
1.190657
0.000000
0.000000
0.000000
0.000000
0.000000
0.768721
0.000000
0.144693
0.000000
0.000000
0.000000
0.000000
0.161055
0.000000
1.184015
0.000000
0.000000
0.000000
0.000000
0.000000
0.913826
0.000000
0.000000
0.000000
0.000000
0.368996
0.000000
0.066987
0.000000
0.180242
0.000000
0.000000
0.000000
0.000000
0.000000
0.000000
0.000000
0.589125
0.000000
0.000000
0.000000
0.000000
0.000000
1.135947
0.000000
0.000000
0.000000
0.000000
0.000000
0.000000
0.000000
0.204565
0.000000
0.000000
0.040363
0.000000
0.000000
0.257097
0.000000
0.000000
1.183028
0.000000
0.000000
0.000000
0.000000
0.092194
0.000000
0.000000
0.000000
0.000000
0.000000
0.000000
0.000000
0.000000
0.000000
0.000000
0.000000
0.000000
0.000000
0.000000
0.000000
0.000000
0.000000
0.000000
0.000000
0.000000
0.000000
0.000000
1.132724
0.000000
0.000000
0.214487
1.374092
0.000000
0.000000
0.000000
0.143864
3.179917
0.000000
0.689756
0.000000
0.944340
0.000000
0.000000
0.000000
0.708041
0.000000
0.000000
0.000000
0.000000
0.000000
0.000000
0.000000
0.000000
0.000000
0.000000
0.450349
0.000000
0.000000
0.000000
0.000000
0.000000
0.000000
0.000000
0.000000
0.000000
0.000000
0.000000
0.000000
0.000000
0.000000
0.000000
0.000000
1.346609
0.629637
0.000000
0.000000
0.143826
0.000000
0.000000
0.000000
0.000000
0.000000
0.000000
0.000000
0.000000
0.000000
0.000000
0.000000
1.134720
0.084816
0.000000
0.000000
0.000000
0.000000
0.000000
0.000000
1.103037
0.000000
0.000000
0.000000
0.000000
0.000000
0.000000
0.000000
0.000000
0.000000
0.000000
0.000000
0.000000
1.277456
0.000000
0.314698
1.255091
0.743882
0.000000
0.000000
0.519127
0.000000
1.289364
0.115069
0.000000
0.000000
0.000000
1.639126
0.000000
0.000000
0.000000
0.000000
0.000000
0.000000
1.610226
0.000000
0.000000
0.000000
0.000000
0.737528
0.000000
0.000000
1.318516
0.000000
0.000000
0.000000
0.000000
0.000000
0.000000
0.000000
0.000000
0.000000
0.000000
0.000000
0.424743
0.000000
0.000000
0.000000
0.000000
0.000000
0.000000
0.000000
0.000000
0.000000
0.726329
0.000000
0.000000
0.936035
0.000000
0.000000
0.000000
0.000000
0.000000
0.000000
0.000000
0.000000
0.000000
0.000000
1.011077
0.000000
0.389170
0.231952
0.532815
0.000000
0.000000
0.994397
0.062358
0.000000
0.307328
0.000000
0.000000
0.418539
0.000000
0.000000
0.000000
0.000000
1.298664
0.000000
1.672186
0.000000
0.871755
0.000000
0.000000
0.000000
0.000000
0.384639
0.000000
0.000000
0.000000
0.000000
0.000000
0.000000
0.000000
0.000000
0.581458
0.000000
0.000000
0.000000
1.400409
0.939826
1.020974
1.045735
1.614678
0.000000
0.000000
0.000000
0.000000
0.632093
1.548113
0.000000
0.000000
0.000000
0.000000
0.000000
0.000000
0.000000
0.000000
0.000000
0.000000
0.000000
0.000000
0.000000
0.000000
0.000000
0.000000
0.000000
0.000000
3.091558
0.000000
0.000000
0.000000
0.000000
0.581273
0.000000
0.288651
0.000000
0.000000
0.000000
0.000000
0.000000
0.000000
0.000000
0.000000
0.000000
0.000000
0.000000
0.000000
0.000000
0.453199
0.000000
2.356148
0.027733
0.000000
0.000000
0.704455
0.000000
0.000000
0.000000
0.000000
0.000000
0.000000
0.000000
0.000000
0.000000
0.000000
0.000000
0.000000
0.295772
0.000000
0.000000
0.000000
0.000000
0.000000
0.000000
0.000000
0.000000
2.925656
0.000000
0.000000
0.419500
0.155252
0.000000
0.000000
0.000000
0.000000
1.219121
0.000000
0.000000
0.000000
0.521404
0.000000
0.000000
2.383371
0.000000
0.000000
0.000000
0.000000
0.000000
0.000000
0.000000
0.000000
0.000000
2.261067
0.000000
0.000000
0.000000
0.000000
0.000000
0.000000
0.000000
0.133622
0.000000
0.000000
1.396550
0.000000
0.000000
0.000000
0.301029
0.000000
0.000000
0.000000
0.000000
0.000000
0.000000
0.000000
0.000000
0.000000
0.000000
0.000000
1.902913
0.000000
0.720067
0.805043
0.000000
0.470385
0.000000
0.446353
1.233628
0.000000
0.000000
0.320916
0.000000
0.000000
0.000000
0.000000
0.000000
0.000000
0.000000
0.000000
0.883444
0.526600
0.000000
0.000000
0.000000
0.000000
0.000000
0.000000
0.000000
0.000000
0.000000
0.000000
0.000000
0.000000
0.000000
1.235678
0.000000
0.000000
0.334286
0.000000
0.000000
0.000000
0.132025
0.000000
0.086198
0.000000
2.303743
0.000000
0.000000
0.328593
0.428455
0.000000
0.703722
0.000000
0.000000
0.000000
0.000000
0.000000
0.000000
0.000000
0.000000
0.000000
0.000000
0.000000
0.000000
0.475099
0.000000
0.000000
0.000000
0.000000
0.000000
0.000000
0.000000
0.000000
0.000000
0.000000
0.256455
0.000000
0.000000
0.000000
0.000000
0.000000
0.000000
0.000000
0.000000
0.000000
0.000000
0.000000
1.612771
0.000000
0.000000
0.000000
0.000000
0.000000
0.000000
0.000000
0.450173
2.038602
0.000000
0.990746
0.000000
0.000000
0.000000
0.123585
0.000000
0.000000
0.798241
0.000000
2.075886
0.000000
0.656121
1.478276
0.000000
0.000000
0.000000
0.000000
1.162092
0.000000
0.000000
0.000000
0.000000
1.316358
0.288325
0.000000
0.188467
0.000000
0.000000
0.000000
0.000000
0.000000
0.532966
0.000000
1.352936
0.000000
0.000000
0.000000
0.000000
0.000000
2.339603
0.000000
0.056035
0.000000
0.674033
0.000000
0.000000
0.000000
0.000000
0.000000
0.000000
0.005437
0.099836
0.000000
0.000000
0.000000
0.000000
0.000000
0.000000
0.000000
0.000000
0.000000
0.000000
0.000000
0.000000
0.000000
0.000000
0.000000
0.040648
0.000000
0.000000
0.000000
0.000000
0.000000
3.700168
1.466864
1.595546
0.000000
0.000000
0.000000
0.653964
0.000000
0.000000
0.000000
0.000000
0.000000
0.000000
0.500919
0.000000
0.000000
0.000000
1.450754
0.000000
0.000000
0.000000
0.000000
0.000000
0.000000
0.000000
0.071767
0.000000
1.471005
0.000000
0.000000
0.000000
0.000000
0.000000
1.667272
0.000000
0.000000
0.000000
0.000000
0.000000
0.000000
0.000000
0.000000
0.000000
0.000000
0.000000
0.000000
1.746390
0.315247
0.000000
0.000000
0.000000
0.000000
0.000000
0.000000
0.000000
0.000000
0.000000
0.000000
0.000000
0.000000
2.489489
0.000000
0.000000
0.000000
0.000000
0.238854
0.000000
0.000000
0.000000
0.000000
1.186063
0.000000
0.000000
0.000000
0.000000
0.000000
0.000000
0.222846
0.151128
0.000000
0.000000
0.000000
0.000000
0.000000
0.938345
0.000000
0.000000
0.000000
0.065979
0.000000
0.000000
0.000000
0.650024
0.000000
0.000000
0.000000
0.000000
0.000000
0.178716
0.000000
0.000000
0.000000
0.000000
0.821203
0.000000
0.277063
0.000000
0.000000
0.000000
0.000000
0.000000
0.000000
0.000000
0.750423
0.000000
0.000000
0.000000
0.083207
0.000000
0.510459
0.000000
0.000000
0.000000
0.000000
0.000000
2.487797
0.000000
0.000000
0.000000
0.000000
0.000000
0.000000
0.000000
0.000000
0.000000
0.000000
0.000000
0.000000
0.000000
0.000000
0.000000
0.000000
0.000000
0.000000
1.222816
0.165012
0.000000
0.000000
0.000000
0.000000
0.000000
0.000000
0.000000
4.574014
0.000000
0.000000
0.000000
0.000000
0.000000
0.000000
0.000000
0.000000
0.000000
0.000000
0.000000
0.000000
0.000000
0.000000
2.735703
0.000000
0.000000
0.000000
1.217238
1.917134
0.000000
0.000000
0.000000
0.000000
0.497273
0.000000
0.000000
0.000000
0.000000
0.000000
0.000000
0.000000
0.000000
0.000000
0.000000
0.000000
0.000000
3.060863
0.000000
1.765906
0.447130
0.000000
0.000000
0.000000
0.000000
0.000000
0.000000
1.077249
0.000000
0.000000
0.000000
0.000000
0.000000
0.000000
0.000000
0.000000
0.000000
0.000000
0.000000
0.086164
0.000000
0.000000
1.112418
0.000000
0.000000
0.000000
0.000000
0.000000
0.000000
0.000000
0.000000
0.000000
1.067435
0.000000
1.504294
0.000000
0.000000
0.000000
0.010862
0.000000
0.000000
0.887598
0.000000
0.000000
0.000000
0.000000
0.000000
0.690372
0.000000
0.000000
0.000000
0.000000
0.000000
0.000000
0.000000
0.000000
0.255621
0.000000
0.000000
1.229447
0.000000
0.959274
0.000000
0.000000
0.000000
0.000000
0.000000
0.000000
0.000000
0.000000
0.000000
0.098371
0.000000
0.036267
0.000000
0.000000
0.000000
0.748741
0.000000
0.000000
0.000000
0.000000
0.000000
1.608126
0.571131
0.000000
0.385579
0.000000
0.000000
0.215983
0.000000
2.348936
0.396868
0.000000
0.000000
0.000000
0.086032
0.000000
2.468083
0.000000
0.000000
2.770845
0.000000
0.000000
0.000000
0.000000
0.000000
0.000000
0.000000
0.000000
0.000000
0.000000
0.000000
0.000000
1.719994
0.000000
0.000000
0.000000
0.464405
0.000000
0.211129
0.000000
0.000000
0.000000
0.000000
0.000000
0.000000
0.000000
0.000000
0.000000
0.000000
0.000000
0.000000
0.000000
0.000000
0.000000
0.566963
0.967293
0.000000
1.342017
0.000000
0.000000
0.000000
0.000000
0.000000
0.000000
0.000000
0.000000
0.000000
0.000000
0.000000
0.000000
1.221029
0.000000
0.000000
1.862452
0.000000
0.000000
0.000000
0.000000
0.000000
2.289864
0.363154
0.000000
0.000000
0.000000
0.000000
0.000000
0.000000
0.000000
0.000000
0.000000
0.000000
0.000000
0.000000
0.002703
3.020121
0.000000
0.511816
0.000000
0.020053
0.000000
0.000000
0.000000
0.000000
0.000000
0.000000
0.655298
0.444699
0.000000
0.000000
0.000000
0.000000
0.000000
0.000000
0.000000
0.033902
0.000000
0.000000
0.000000
0.000000
1.640681
0.000000
0.000000
0.000000
0.956252
0.000000
0.000000
0.000000
0.000000
0.000000
0.000000
0.000000
0.000000
1.290992
0.000000
0.000000
1.682555
0.000000
0.000000
0.000000
0.000000
0.000000
0.000000
0.000000
0.000000
0.714010
0.000000
0.000000
0.000000
0.000000
0.000000
0.000000
0.000000
0.000000
0.000000
1.122129
0.000000
0.000000
0.459123
0.251896
1.650110
0.000000
3.702054
0.000000
0.000000
0.000000
0.000000
0.000000
0.000000
1.217813
0.000000
0.000000
0.000000
0.000000
0.000000
0.000000
0.517339
0.000000
0.000000
0.000000
0.356340
0.000000
0.000000
0.000000
0.748522
0.000000
0.000000
0.000000
0.000000
0.099604
2.043911
0.000000
0.000000
0.000000
0.000000
0.000000
1.784212
0.000000
0.000000
0.000000
0.000000
2.527101
0.000000
0.409296
0.000000
0.000000
0.000000
0.000000
0.461421
0.000000
0.000000
0.000000
0.000000
0.000000
0.000000
0.000000
0.849421
0.000000
0.000000
0.000000
0.060759
1.502215
0.359623
0.000000
0.000000
0.000000
0.000000
0.000000
0.007981
0.000000
0.000000
0.000000
0.133482
0.000000
0.000000
0.013247
0.000000
0.593365
0.000000
0.000000
0.000000
2.317220
0.000000
3.388996
0.000000
0.000000
0.805238
0.979994
0.000000
0.113526
2.370572
0.000000
0.000000
0.000000
0.000000
0.000000
0.000000
0.000000
0.000000
0.000000
0.000000
0.000000
0.771270
0.000000
0.000000
0.000381
0.000000
2.398444
0.000000
0.000000
0.097838
1.312172
0.000000
0.000000
0.000000
0.580836
0.000000
0.000000
0.000000
0.000000
0.058727
0.000000
0.000000
0.000000
0.000000
0.000000
0.000000
0.000000
0.839515
0.000000
0.000000
0.000000
0.000000
0.000000
0.000000
3.580083
0.389866
0.000000
0.000000
0.000000
0.000000
0.795316
0.000000
0.000000
0.000000
0.000000
0.000000
0.000437
0.000000
0.000000
0.605718
0.882237
0.000000
0.431845
0.000000
0.000000
0.000000
0.000000
0.000000
0.000000
0.000000
0.000000
3.336054
1.111280
0.000000
0.000000
0.000000
0.000000
0.000000
2.643609
1.644905
1.394682
0.000000
0.000000
0.000000
0.000000
0.000000
0.000000
0.000000
0.000000
0.000000
0.000000
0.000000
0.000000
0.000000
1.007451
2.466413
0.076343
0.141666
0.000000
0.000000
0.000000
0.000000
0.000000
0.545921
0.391112
0.000000
0.000000
0.000000
0.000000
0.000000
1.829278
0.000000
0.000000
0.373928
0.000000
0.000000
0.000000
0.000000
0.000000
0.000000
0.000000
0.000000
0.000000
0.000000
0.000000
0.000000
0.180774
0.000000
0.000000
0.000000
0.000000
0.603139
0.000000
0.000000
0.000000
1.077112
0.000000
1.064758
0.008746
0.000000
0.055800
0.000000
0.000000
0.151291
0.000000
1.105539
0.000000
0.000000
0.000000
0.000000
2.242923
0.000000
0.000000
0.000000
0.000000
0.000000
0.000000
0.000000
0.000000
0.000000
0.000000
0.084187
0.000000
0.000000
0.000000
0.000000
0.000000
0.785726
0.000000
2.177621
0.000000
1.668428
0.000000
0.000000
0.000000
0.000000
3.437460
0.000000
1.895360
0.000000
0.000000
0.000000
0.000000
0.000000
0.000000
0.000000
0.373531
0.000000
0.000000
0.000000
1.299075
0.000000
1.654835
0.000000
0.000000
0.000000
0.000000
0.000000
0.000000
0.000000
0.000000
0.000000
0.000000
0.000000
0.000000
0.000000
0.000000
0.000000
0.000000
0.000000
0.000000
0.204239
0.000000
0.000000
0.000000
0.000000
0.000000
0.000000
0.000000
0.000000
0.000000
0.000000
0.000000
0.000000
0.000000
0.000000
0.000000
0.000000
0.000000
0.000000
0.000000
0.912054
0.731028
0.000000
0.000000
0.000000
0.000000
0.000000
0.000000
0.000000
1.344846
0.000000
0.000000
0.000000
0.000000
0.000000
0.000000
0.000000
1.302289
0.000000
0.000000
0.132466
0.000000
0.000000
0.000000
0.000000
0.000000
0.000000
0.662648
0.000000
0.000000
0.000000
0.000000
0.909668
0.000000
0.949963
0.000000
0.107555
0.000000
0.000000
0.000000
0.000000
0.000000
0.000000
0.000000
1.427567
0.000000
0.000000
0.202428
0.000000
0.000000
0.000000
0.000000
0.000000
0.000000
0.000000
0.000000
0.817020
1.709075
0.000000
0.000000
0.000000
0.000000
0.000000
0.000000
0.777331
0.000000
0.000000
0.000000
0.000000
0.172996
0.000000
0.000000
0.000000
0.000000
0.851301
0.000000
0.000000
1.455727
0.068665
0.000000
0.393587
0.000000
0.000000
0.000000
0.000000
0.000000
0.000000
0.000000
0.000000
0.115244
0.000000
0.000000
0.000000
0.059243
0.000000
0.000000
0.000000
0.000000
0.000000
0.000000
0.000000
2.210499
0.000000
0.861502
0.000000
0.000000
0.000000
0.000000
0.000000
0.000000
0.000000
0.000000
0.000000
0.000000
1.252622
1.072616
0.000000
0.000000
2.037353
0.000000
0.000000
0.000000
0.000000
0.000000
0.000000
0.000000
1.526395
0.000000
0.775190
0.000000
0.694379
2.815032
0.000000
0.000000
0.436771
0.000000
0.000000
0.000000
0.000000
0.000000
0.000000
0.000000
0.000000
0.920101
0.000000
0.000000
1.018089
0.000000
0.000000
1.230857
0.000000
0.000000
0.000000
0.033395
0.000000
0.000000
0.000000
0.000000
0.161329
0.935232
0.000000
0.019620
0.000000
0.000000
0.000000
0.000000
0.322134
0.000000
0.000000
0.000000
0.000000
0.000000
0.000000
0.000000
0.000000
0.000000
0.000000
0.000000
0.000000
0.000000
0.000000
1.839926
0.000000
0.000000
0.000000
0.000000
0.000000
0.000000
0.000000
0.000000
0.000000
0.000000
0.000000
0.000000
0.000000
0.000000
0.000000
0.194039
0.000000
1.475865
0.000000
0.000000
0.000000
0.532251
0.863440
0.000000
0.000000
0.000000
0.000000
0.000000
0.000000
0.000000
0.000000
0.000000
0.000000
1.467747
0.000000
0.000000
0.000000
0.000000
0.000000
0.000000
0.000000
0.000000
0.000000
0.000000
0.000000
0.635582
0.000000
1.843577
0.000000
0.000000
0.000000
0.091190
0.000000
0.000000
0.000000
0.000000
0.000000
0.000000
0.000000
0.000000
0.000000
0.000000
0.000000
0.000000
1.051111
0.000000
0.029869
0.439785
0.000000
0.000000
0.000000
0.000000
0.000000
0.000000
0.000000
0.000000
0.000000
0.000000
0.000000
0.000000
0.000000
0.000000
0.000000
0.000000
0.000000
0.000000
0.000000
0.000000
0.382063
0.000000
0.000000
0.000000
0.000000
0.000000
0.000000
1.006767
0.000000
0.000000
0.644954
0.000000
0.000000
0.000000
0.814724
0.000000
0.000000
0.000000
0.000000
0.000000
1.135325
0.000000
0.000000
0.000000
0.603022
0.000000
0.000000
0.000000
1.518340
0.000000
1.824537
0.000000
0.205274
0.000000
0.045279
0.000000
0.000000
0.000000
2.191723
0.170307
0.000000
0.000000
0.000000
2.159495
0.000000
2.080034
0.000000
0.000000
0.000000
0.000000
0.000000
0.000000
1.327972
0.685395
0.000000
0.000000
0.000000
0.000000
0.709042
0.000000
0.000000
0.000000
0.000000
0.000000
0.000000
2.197671
0.000000
0.000000
0.000000
0.000000
0.000000
0.000000
0.973529
0.000000
0.000000
0.000000
0.000000
0.000000
1.437218
1.376266
0.000000
0.000000
0.000000
0.913500
0.000000
0.000000
0.000000
0.000000
0.493548
1.052620
0.013355
0.000000
0.000000
0.000000
1.490199
2.933073
0.000000
0.000000
1.757830
0.000000
1.894822
0.000000
0.000000
0.000000
0.000000
0.000000
0.000000
0.000000
0.000000
0.000000
0.000000
0.086979
0.000000
0.000000
0.000000
0.000000
0.000000
0.090949
0.000000
0.000000
0.000000
0.000000
0.000000
0.000000
0.000000
0.000000
0.000000
0.000000
1.591916
0.000000
0.000000
0.000000
0.000000
0.000000
0.000000
0.000000
0.000000
0.000000
0.000000
0.000000
0.000000
0.395669
0.000000
0.000000
0.000000
0.000000
0.000000
0.000000
0.000000
0.531581
0.000000
0.000000
0.000000
0.000000
0.000000
0.000000
0.000000
0.000000
0.770461
0.000000
0.000000
1.623624
0.000000
0.000000
0.000000
0.000000
0.000000
0.383071
0.000000
0.000000
0.000000
0.000000
0.000000
0.000000
1.112921
0.000000
0.000000
0.380286
0.000000
0.000000
0.000000
0.000000
0.000000
0.433070
0.000000
0.000000
1.633818
0.644916
0.193220
0.000000
0.000000
0.000000
0.000000
0.000000
0.000000
0.093186
0.915768
0.000000
0.000000
2.312716
0.000000
0.000000
0.000000
0.000000
0.000000
0.000000
0.000000
0.000000
0.000000
0.000000
0.000000
0.000000
0.000000
3.587029
0.000000
0.000000
0.000000
0.000000
0.000000
0.000000
0.975824
0.000000
0.000000
0.000000
0.272293
0.000000
0.000000
0.000000
0.000000
0.000000
0.000000
0.000000
0.000000
0.000000
0.000000
0.724826
0.391227
0.000000
0.142978
1.266713
3.006816
0.000000
0.000000
0.000000
0.000000
0.000000
0.000000
0.000000
0.000000
0.000000
0.000000
0.000000
0.075538
0.000000
0.000000
0.000000
0.000000
0.280261
0.840975
0.000000
3.170151
2.438139
0.000000
0.000000
0.000000
0.000000
0.000000
0.598417
0.753124
0.794770
0.000000
0.000000
0.000000
0.036382
0.000000
2.078259
0.000000
0.000000
0.000000
0.000000
0.000000
0.000000
0.000000
0.000000
0.000000
0.000000
0.484711
0.000000
0.000000
0.000000
0.000000
0.729356
0.000000
0.000000
0.429435
0.000000
0.000000
0.618559
0.000000
0.000000
0.000000
0.253070
0.079877
0.000000
0.000000
0.000000
0.000000
0.000000
0.000000
0.000000
0.000000
0.000000
0.000000
0.000000
0.000000
0.000000
0.174846
0.000000
0.000000
0.999601
0.582019
0.000000
1.457735
0.000000
0.000000
1.383294
2.679560
0.000000
0.000000
2.844649
1.397980
0.000000
0.000000
0.000000
0.000000
0.000000
0.000000
0.239980
0.000000
0.000000
0.000000
0.000000
0.000000
0.000000
0.340785
0.000000
0.000000
0.000000
0.000000
0.000000
2.463945
0.260134
0.000000
0.000000
0.000000
0.000000
0.000000
0.000000
0.000000
0.000000
0.000000
0.000000
0.000000
0.000000
0.000000
0.000000
0.000000
0.000000
0.000000
0.000000
0.000000
0.000000
0.000000
0.000000
0.000000
0.000000
0.000000
0.000000
0.000000
0.000000
0.000000
0.000000
0.000000
0.000000
0.475275
0.000000
0.000000
0.000000
0.000000
0.000000
0.430790
0.000000
0.305181
0.000000
1.421314
0.000000
0.000000
0.000000
0.000000
0.000000
0.000000
0.000000
0.000000
0.000000
0.000000
0.000000
1.284369
0.366682
0.000000
2.310455
0.000000
0.000000
0.000000
0.000000
0.274135
0.000000
0.000000
0.000000
2.195492
0.000000
0.000000
0.031504
0.000000
0.000000
0.000000
0.000000
0.000000
2.312492
0.000000
1.475829
0.000000
0.000000
0.000000
0.000000
0.000000
0.000000
0.000000
0.000000
0.000000
0.000000
0.000000
0.000000
0.000000
0.000000
0.000000
0.000000
0.000000
0.000000
0.000000
0.000000
0.000000
0.000000
0.000000
0.000000
0.000000
0.000000
0.395603
0.000000
1.416908
0.000000
0.000000
0.000000
0.000000
0.000000
0.000000
0.282773
0.000000
0.000000
0.529765
0.415653
0.717377
0.000000
0.000000
0.000000
0.000000
2.051306
4.209551
0.000000
0.000000
0.000000
0.000000
0.000000
0.000000
0.000000
0.000000
0.000000
0.000000
0.000000
0.000000
0.000000
0.000000
0.000000
0.000000
0.000000
0.194352
0.000000
0.000000
0.000000
1.481233
0.000000
0.000000
0.000000
0.000000
0.000000
0.083669
0.000000
0.000000
0.053185
0.000000
0.804288
0.000000
0.000000
0.000000
1.999796
0.000000
0.000000
0.262507
0.000000
0.252125
0.000000
0.000000
0.886712
0.000000
0.000000
0.000000
0.000000
0.000000
0.230914
1.726531
1.372054
0.000000
0.000000
0.000000
0.000000
0.000000
0.000000
0.000000
0.000000
0.000000
0.000000
0.000000
1.554012
0.000000
0.000000
0.763725
0.000000
0.000000
1.869344
0.000000
0.000000
0.000000
0.000000
0.000000
0.000000
0.000000
0.000000
0.782655
0.000000
0.683536
0.000000
0.000000
0.000000
0.000000
0.000000
0.000000
0.000000
0.000000
0.295723
0.000000
1.407639
0.000000
0.016820
0.282980
0.723163
0.000000
0.000000
0.000000
0.000000
0.000000
0.000000
0.000000
0.000000
0.000000
1.852688
0.000000
1.376214
0.000000
