0.000000
0.120009
0.000000
0.000000
0.000000
0.000000
0.000000
0.000000
0.000000
0.000000
0.111762
0.315410
0.222065
0.000000
0.000000
0.000000
0.000000
0.795926
0.000000
0.008283
0.000000
0.000000
0.000000
0.308061
0.189847
0.000000
0.000000
0.000000
0.000000
1.176721
0.000000
0.423149
0.000000
0.000000
0.000000
0.000000
0.000000
0.000000
0.000000
0.164709
0.000000
0.000000
0.000000
0.000000
0.000000
0.000000
0.000000
2.240867
0.000000
0.000000
0.000000
0.735833
0.119257
0.942564
0.000000
0.000000
0.917065
0.000000
0.572441
0.000000
0.000000
0.000000
0.000000
0.000000
0.499811
0.000000
0.000000
0.000000
0.000000
0.000000
0.000000
0.000000
0.000000
0.000000
0.000000
0.000000
0.000000
0.000000
0.000000
0.000000
0.000000
0.000000
0.528562
0.000000
0.649748
0.000000
0.000000
0.000000
0.000000
0.000000
0.000000
0.050280
0.000000
0.000000
0.504807
0.000000
0.000000
0.000000
0.000000
0.000000
0.099285
0.000000
0.000000
0.000000
0.000000
0.000000
0.000000
0.000000
0.000000
0.000000
0.000000
0.000000
0.000000
1.669357
0.000000
0.000000
0.000000
0.000000
0.000000
0.000000
0.000000
0.007810
1.231160
0.087337
0.000000
0.000000
0.000000
0.000000
0.000000
0.000000
2.049922
0.000000
0.192001
0.000000
0.000000
0.000000
0.000000
0.129567
0.000000
0.210459
1.492797
0.000000
2.501264
0.000000
0.000000
0.179411
0.000000
0.000000
0.000000
0.040218
0.000000
0.697071
0.000000
0.000000
1.923132
0.049785
0.000000
0.000000
0.000000
0.000000
0.000000
0.714231
0.000000
0.000000
0.401533
0.000000
0.000000
1.511311
0.000000
0.000000
0.422981
0.070309
0.000000
0.000000
0.000000
0.672649
0.000000
0.194602
0.384082
0.505447
0.000000
0.000000
0.000000
0.000000
0.000000
0.000000
0.000000
0.000000
0.000000
0.000000
0.000000
0.000000
0.000000
0.000000
0.000000
0.608137
0.530593
0.000000
1.311683
0.000000
0.000000
0.000000
0.000000
0.000000
0.000000
0.000000
0.000000
0.000000
0.000000
0.552849
0.000000
0.000000
0.000000
0.000000
0.000000
0.000000
0.000000
0.000000
0.000000
0.000000
0.000000
0.000000
0.000000
0.000000
0.713659
0.000000
0.000000
0.549652
0.000000
0.000000
0.000000
0.192887
0.000000
1.552263
0.000000
0.338978
0.000000
0.000000
0.000000
0.000000
0.000000
0.000000
0.000000
0.008001
0.012865
0.857670
0.000000
0.000000
0.898398
0.000000
0.000000
0.000000
1.703722
0.409525
1.462267
0.000000
0.000000
0.000000
0.000000
0.114797
0.896052
0.000000
0.000000
0.000000
1.406566
0.000000
0.177637
0.000000
0.000000
0.000000
0.907358
0.000000
0.000000
0.000000
0.000000
0.000000
0.000000
0.000000
0.000000
0.000000
0.000000
0.000000
3.325941
0.000000
0.344903
1.820474
0.373564
0.000000
0.000000
0.000000
0.000000
0.478433
0.000000
1.565424
0.000000
0.555820
0.000000
0.867880
0.849662
0.407719
0.000000
0.765351
0.000000
0.000000
0.000000
0.000000
0.000000
0.022835
0.000000
0.000000
0.000000
0.000000
0.000000
0.000000
0.000000
0.000000
0.000000
0.000000
0.640012
0.000000
0.000000
0.000000
0.107649
0.000000
0.584070
0.000000
0.000000
0.000000
0.000000
0.000000
0.029915
0.000000
0.000000
0.000000
0.000000
0.000000
0.000000
0.406932
0.000000
0.000000
1.166755
0.000000
0.000000
0.612597
0.000000
0.000000
0.000000
0.000000
0.000000
0.877137
0.000000
0.000000
0.000000
0.000000
0.000000
0.519797
0.678484
0.000000
0.000000
0.189578
0.000000
0.000000
1.401717
0.846750
0.253321
0.000000
0.249017
0.000000
0.000000
1.643972
0.000000
0.659957
0.000000
0.000000
1.859008
1.100975
0.000000
0.000000
0.000000
0.765247
0.000000
0.000000
0.000000
1.837578
0.301766
0.000000
0.574767
0.000000
0.305863
0.125785
0.917987
0.000000
0.000000
0.057417
0.000000
0.000000
0.000000
0.000000
0.544434
0.000000
0.000000
0.000000
0.000000
0.724591
0.000000
0.000000
0.000000
0.000000
0.000000
0.000000
0.000000
0.000000
0.000000
0.207035
0.000000
1.034190
0.000000
0.684948
0.333728
0.000000
0.000000
0.509439
0.136802
0.037674
0.458563
0.000000
0.701066
0.000000
0.418578
0.000000
0.000000
0.103686
0.000000
0.000000
0.000000
0.000000
0.000000
0.456700
0.000000
0.000000
0.000000
0.000000
0.590120
0.000000
1.031257
0.000000
0.000000
0.000000
0.000000
0.000000
0.000000
0.000000
0.083962
0.566966
0.000000
1.108454
0.287108
0.000000
1.443556
0.000000
0.000000
0.000000
0.000000
0.418543
0.000000
0.000000
0.000000
0.000000
0.000000
0.000000
0.000000
0.000000
0.000000
0.000000
0.000000
0.000000
0.000000
0.000000
0.000000
0.000000
0.000000
0.000000
0.000000
0.000000
0.000000
0.000000
1.060848
0.489659
0.517486
0.522685
0.000000
0.000000
0.000000
0.000000
0.000000
0.000000
0.790170
0.000000
0.000000
0.000000
0.327549
0.000000
0.000000
0.447312
0.000000
0.837330
0.000000
0.674411
0.000000
0.000000
0.013855
0.225773
0.000000
0.000000
0.000000
0.000000
0.000000
0.081933
0.000000
0.421816
0.000000
0.000000
0.000000
0.000000
0.166797
0.000000
0.000000
0.000000
0.000000
0.000000
0.000000
0.510564
0.000000
0.000000
0.692738
0.000000
0.261828
0.222064
0.000000
0.000000
0.000000
0.058515
0.642327
0.000000
0.000000
0.000000
0.000000
1.710946
0.009846
0.000000
2.003042
0.052447
0.000000
0.672550
0.000000
0.122990
0.000000
0.000000
0.290042
0.955952
0.000000
0.633632
0.000000
0.000000
0.000000
1.492260
0.000000
0.000000
0.002637
0.000000
0.000000
0.928236
0.000000
0.568345
0.000000
0.820289
1.573449
0.000000
0.000000
0.000000
0.000000
0.000000
0.000000
0.000000
0.000000
0.000000
0.000000
0.000000
0.173199
0.032119
0.000000
0.000000
1.431528
0.000000
0.000000
0.000000
0.000000
1.126996
0.000000
0.469826
0.000000
0.000000
0.000000
0.000000
0.005562
0.000000
0.000000
0.000000
0.734809
0.000000
0.000000
0.000000
0.000000
0.000000
0.000000
0.000000
0.302344
0.000000
0.000000
0.000000
0.000000
0.000000
0.000000
1.685972
1.161069
0.000000
0.000000
0.000000
0.000000
0.591279
0.000000
0.000000
0.000000
0.000000
0.000000
0.000000
0.000000
0.328200
0.000000
0.260208
0.000000
0.000000
1.357824
0.000000
0.000000
0.000000
0.000000
0.000000
1.117363
0.000000
0.000000
0.000000
0.000000
0.000000
0.149741
0.000000
0.000000
0.000000
0.148522
1.399786
0.000000
0.000000
0.000000
0.000000
0.000000
0.000000
0.000000
0.056669
0.000000
1.029244
0.000000
0.000000
0.000000
0.000000
0.000000
0.000000
0.000000
0.000000
0.000000
0.000000
0.000000
0.799727
0.000000
0.000000
0.000000
0.000000
0.003398
0.000000
0.000000
0.000000
0.809738
1.209319
0.000000
0.000000
0.000000
0.000000
0.000000
0.000000
0.000000
0.000000
0.000000
0.979168
0.000000
0.011037
0.000000
0.248356
1.462072
0.167697
0.000000
0.887725
0.000000
0.000000
0.000000
0.000000
0.000000
0.000000
0.849611
0.098961
1.600149
0.000000
0.000000
0.000000
0.000000
0.000000
0.238643
0.000000
0.000000
0.000000
1.187897
0.000000
0.000000
0.000000
0.000000
1.888064
0.000000
0.010971
0.000000
0.563406
0.000000
0.000000
0.000000
0.000000
0.000000
0.215484
0.000000
0.000000
0.000000
1.342278
0.000000
0.000000
0.611109
0.000000
1.222521
0.000000
0.000000
0.000000
0.000000
0.000000
0.000000
0.000000
0.109075
0.000000
0.000000
0.761055
0.000000
0.665709
2.683275
0.000000
1.379613
0.962047
0.050830
0.000000
2.467290
0.000000
0.000000
0.000000
0.000000
0.000000
0.000000
0.000000
0.000000
0.000000
0.000000
0.000000
0.000000
0.000000
0.000000
0.000000
0.000000
0.000000
0.000000
0.000000
0.000000
0.000000
0.040712
0.000000
0.000000
0.000000
1.357040
0.000000
0.250025
0.000000
0.000000
0.000000
0.000000
0.615495
0.000000
0.000000
0.000000
0.359384
0.000000
0.000000
0.188886
0.000000
0.000000
0.361190
0.000000
1.031304
0.000000
0.000000
0.000000
0.309771
0.000000
0.000000
0.000000
1.618123
0.000000
0.000000
0.152685
0.000000
0.784549
0.000000
0.000000
0.314147
0.000000
0.754181
0.000000
0.175983
0.000000
0.000000
1.444022
0.077983
0.000000
0.000000
0.000000
0.000000
0.000000
0.019233
0.000000
0.000000
0.000000
0.000000
0.000000
0.000000
0.000000
0.000000
1.324530
0.000000
0.307254
0.000000
0.000000
0.104209
0.000000
0.265238
0.000000
0.000000
0.182354
1.095516
0.000000
0.966069
0.000000
0.000000
0.934036
0.000000
0.000000
0.000000
0.000000
0.000000
0.000000
0.000000
0.000000
0.189668
0.000000
0.492792
0.000000
0.178625
0.000000
0.000000
0.000000
0.000000
0.317072
0.000000
0.000000
0.000000
0.000000
0.311694
0.000000
0.000000
1.434735
0.450984
0.000000
0.000000
0.000000
0.000000
0.000000
0.000000
1.539227
0.000000
0.382200
0.000000
0.000000
0.000000
0.002595
0.000000
0.473333
0.000000
2.497130
0.000000
0.000000
0.000000
0.148361
0.417229
0.000000
0.000000
0.000000
0.000000
0.060542
0.000000
0.000000
0.000000
0.000000
0.000000
0.000000
2.754033
0.000000
0.000000
1.620515
0.163442
0.000000
0.000000
0.000000
0.799792
0.000000
0.435917
0.000000
0.000000
0.000000
0.000000
1.158364
0.000000
0.000000
0.000000
0.303431
0.000000
0.000000
0.000000
0.000000
0.000000
0.000000
0.000000
0.000000
0.000000
0.000000
0.000000
0.000000
0.000000
0.000000
0.766626
0.000000
0.166142
0.000000
0.000000
0.074374
0.000000
0.000000
0.000000
0.000000
0.000000
0.000000
0.000000
0.000000
0.000000
0.128678
0.000000
0.000000
0.000000
0.000000
0.000000
0.844792
1.362619
0.985103
0.000000
0.000000
0.000000
0.000000
0.000000
0.000000
3.110810
0.000000
0.073803
1.816790
0.000000
0.000000
0.000000
0.000000
1.305772
0.000000
0.000000
0.000000
0.000000
0.000000
0.000000
0.038772
0.000000
2.566207
0.000000
0.195545
1.048187
0.000000
0.000000
0.170376
0.001562
0.000000
0.000000
0.000000
0.000000
0.000000
0.000000
1.193692
0.000000
0.000000
0.000000
0.000000
0.000000
0.000000
0.000000
0.000000
0.000000
0.765375
0.176916
0.154643
0.000000
0.000000
0.072762
0.000000
0.000000
0.000000
0.381604
0.000000
0.000000
0.000000
0.000000
0.000000
1.593095
0.000000
0.000000
0.000000
0.000000
0.000000
0.000000
0.000000
0.000000
0.000000
0.000000
0.000000
0.182153
0.932355
0.000000
1.698337
0.000000
0.075401
0.039966
1.109757
1.155770
1.262730
0.000000
0.000000
0.000000
0.000000
0.000000
0.000000
0.000000
0.312728
0.134405
0.000000
0.002303
0.000000
0.000000
0.668245
0.610770
0.000000
0.348861
1.323311
0.000000
0.597828
0.000000
0.000000
1.908171
0.000000
0.000000
0.184295
0.961048
0.000000
0.000000
0.159981
0.000000
0.000000
0.000000
0.000000
0.000000
0.000000
1.361043
0.000000
0.000000
0.000000
0.000000
0.000000
0.000000
1.753672
0.491225
0.000000
0.411374
0.000000
0.000000
0.000000
0.000000
0.000000
0.000000
0.097051
0.000000
0.000000
0.000000
0.000000
0.000000
0.000000
0.000000
0.053049
0.581167
0.000000
0.000000
0.000000
0.000000
0.000000
0.000000
0.000000
0.000000
0.000000
0.000000
0.000000
0.190383
0.609190
0.948238
0.000000
1.505574
0.000000
0.000000
0.000000
0.187979
0.000000
0.000000
0.254892
0.000000
0.000000
0.000000
0.000000
0.811292
0.000000
0.000000
1.541609
0.000000
1.076432
0.000000
0.000000
0.000000
0.000000
0.000000
0.407137
0.565382
0.000000
0.000000
0.000000
0.000000
0.000000
0.000000
1.337152
0.000000
0.256228
0.000000
0.000000
0.000000
2.102452
0.000000
0.000000
0.000000
0.000000
0.000000
0.000000
0.000000
0.543700
0.000000
0.000000
0.000000
0.000000
0.000000
0.000000
0.133820
0.000000
0.000000
0.000000
0.486613
0.000000
0.000000
0.000000
0.000000
0.000000
0.000000
0.000000
0.000000
0.000000
0.000000
1.518619
0.000000
0.000000
0.000000
0.000000
0.000000
0.000000
0.000000
0.000000
1.342741
0.000000
0.000000
0.000000
0.000000
0.000000
0.000000
0.626917
0.000000
0.000000
0.000000
0.000000
0.309962
0.000000
0.544039
0.580786
0.000000
0.000000
0.000000
0.221028
0.000000
0.588719
0.000000
0.006905
0.000000
0.000000
0.000000
0.000000
0.999360
0.000000
0.000000
0.000000
0.000000
0.000000
0.718074
1.032043
0.000000
0.000000
0.000000
0.000000
0.055057
1.301967
1.433901
0.000000
0.000000
0.000000
0.000000
0.000000
0.000000
0.000000
0.000000
0.000000
0.000000
0.000000
0.183814
0.000000
0.000000
0.000000
0.000000
0.000000
0.535660
0.839409
0.000000
0.000000
0.000000
0.000000
0.131301
0.000000
0.000000
0.000000
0.000000
0.810716
0.000000
0.000000
0.000000
0.000000
0.371493
0.000000
0.000000
0.000000
0.000000
0.000000
0.000000
0.000000
0.659354
0.000000
0.304773
0.000000
2.738699
0.000000
0.000000
0.000000
0.167671
0.000000
0.000000
0.244677
0.000000
0.000000
0.000000
0.000000
0.000000
0.577527
0.000000
0.000000
0.000000
0.000000
0.000000
0.000000
0.000000
0.701226
0.000000
0.000000
0.000000
0.000000
0.000000
0.000000
0.000000
0.000000
0.000000
0.000000
0.438341
0.011653
0.000000
0.000000
0.000000
0.450427
0.000000
0.000000
0.000000
0.000000
0.000000
0.000000
0.033485
0.000000
0.000000
0.421412
0.000000
0.000000
0.000000
0.559144
0.000000
1.255677
0.000000
0.000000
0.000000
0.000000
0.000000
0.000000
0.000000
0.050253
0.000000
0.000000
0.000000
0.946989
0.000000
0.000000
0.000000
0.000000
0.000000
0.238895
0.065324
0.000000
1.492522
0.000000
0.585921
0.000000
0.000000
0.000000
1.021733
0.000000
0.000000
0.054652
0.000000
0.000000
0.000000
0.000000
0.000000
1.103256
0.000000
0.350675
0.759590
0.873558
0.347337
0.090042
0.742501
0.000000
0.042227
0.000000
0.000000
0.000000
0.000000
0.964282
0.000000
0.000000
0.000000
0.000000
0.000000
0.000000
0.000000
0.302071
0.266805
0.000000
0.018904
0.000000
0.000000
0.000000
0.825805
0.000000
0.000000
0.000000
0.000000
0.000000
0.000000
0.000000
0.258316
1.492467
0.202407
0.000000
0.000000
0.000000
0.000000
1.548866
0.000000
0.000000
0.000000
0.460795
0.943885
0.000000
0.000000
0.000000
0.000000
0.000000
0.000000
0.000000
0.000000
0.000000
0.000000
0.000000
0.000000
0.000000
0.000000
0.000000
0.000000
0.000000
1.584594
0.000000
0.000000
0.000000
0.000000
0.000000
0.000000
0.000000
0.000000
0.000000
0.000000
0.000000
0.000000
0.723161
0.000000
0.000000
0.000000
0.000000
0.543170
0.649137
0.000000
0.110692
0.000000
0.000000
0.258841
0.000000
0.000000
0.000000
0.261098
0.000000
0.000000
0.000000
1.048841
0.000000
0.850430
0.000000
0.000000
0.000000
0.000000
0.000000
0.000000
0.000000
0.000000
0.000000
1.576472
0.000000
0.000000
0.000000
0.000000
0.000000
0.000000
0.000000
0.000000
0.000000
0.000000
0.341017
0.409118
0.000000
0.504193
0.000000
0.000000
0.000000
0.000000
0.000000
0.000000
0.411496
0.000000
0.000000
0.000000
0.000000
0.000000
0.000000
0.000000
0.000000
0.000000
0.000000
0.000000
0.477550
0.411576
0.000000
1.473746
0.000000
0.083184
0.021607
0.000000
0.000000
0.000000
0.000000
0.000000
0.740698
0.000000
0.000000
0.359723
0.000000
0.000000
0.000000
0.428842
0.000000
0.000000
0.000000
0.000000
0.000000
0.000000
0.000000
1.797210
0.000000
0.001895
0.000000
0.142867
0.000000
0.000000
0.647416
0.700539
0.000000
0.655939
0.000000
0.000000
0.000000
0.719500
0.934441
0.000000
0.000000
0.000000
0.000000
0.000000
0.000000
0.000000
0.915049
0.000000
0.000000
0.000000
0.000000
0.000000
0.000000
0.000000
0.000000
0.000000
0.259425
0.000000
0.741169
0.507181
0.000000
0.000000
0.000000
0.000000
0.000000
0.000000
1.049025
0.000000
0.000000
0.000000
0.000000
0.000000
0.000000
0.000000
0.000000
0.168281
0.000000
0.000000
0.000000
0.000000
0.000000
0.000000
0.000000
0.552119
0.000000
0.000000
0.000000
0.000000
0.658712
0.000000
0.350167
0.000000
0.000000
0.000000
0.000000
0.000000
0.728710
0.000000
0.000000
0.614225
1.193138
1.741031
0.000000
1.759030
0.000000
0.000000
0.150374
0.000000
0.000000
0.000000
0.000000
1.154384
0.000000
0.033574
0.001769
0.647608
1.793797
0.000000
0.000000
0.000000
0.166585
0.000000
0.000000
0.180941
0.000000
0.000000
0.000000
0.000000
0.000000
0.059127
0.281785
0.523696
0.000000
0.000000
0.000000
0.827465
0.000000
0.000000
0.000000
0.000000
1.264538
0.000000
0.452481
0.000000
0.000000
2.080635
0.406049
0.000000
0.000000
0.000000
0.000000
0.000000
0.024932
0.305982
0.000000
0.000000
0.000000
0.000000
0.000000
0.000000
0.260922
0.000000
0.000000
0.000000
0.000000
0.000000
0.000000
0.000000
0.000000
0.000000
0.000000
0.000000
0.192815
0.000000
0.000000
0.000000
0.000000
0.000000
0.000000
0.052396
0.000000
0.000000
0.335920
1.212977
0.000000
0.000000
0.000000
0.000000
0.889396
0.000000
0.022505
1.102073
0.000000
0.184852
1.043541
0.000000
0.000000
0.000000
1.135052
0.000000
0.000000
0.462402
0.632060
0.000000
0.000000
0.298997
0.000000
1.295714
0.000000
0.000000
0.000000
0.000000
0.000000
0.000000
0.000000
0.987124
1.699750
0.111722
0.000000
0.000000
0.946795
0.000000
0.851542
0.000000
2.916896
0.000000
0.000000
0.000000
0.000000
1.240199
0.000000
0.000000
0.000000
0.066791
0.000000
0.000000
0.000000
0.000000
0.000000
1.155300
0.000000
0.000000
0.000000
0.406509
0.000000
1.205878
0.000000
0.000000
0.000000
0.000000
0.000000
0.000000
0.000000
0.000000
0.000000
0.000000
0.000000
0.325227
0.770371
0.000000
0.000000
0.000000
0.000000
0.000000
0.093238
0.000000
0.436703
0.000000
1.066775
0.435038
0.000000
0.333100
0.986755
0.000000
0.000000
0.000000
0.764308
0.412577
0.000000
0.000000
0.000000
0.292093
0.000000
0.000000
0.000000
0.361457
0.000000
0.000000
0.000000
0.000000
0.000000
0.000000
0.961313
0.000000
0.000000
0.000000
0.000000
0.172730
0.176506
0.547099
0.000000
0.000000
0.000000
1.242205
0.237754
1.238400
0.000000
0.024608
0.000000
0.000000
0.000000
0.000000
0.000000
0.054772
0.000000
0.000000
0.000000
0.000000
0.000000
0.000000
0.160310
0.000000
0.707836
0.000000
0.000000
0.000000
0.000000
0.149512
0.580710
0.000000
0.000000
0.000000
0.000000
0.992322
0.000000
0.000000
1.381663
0.000000
0.000000
0.000000
0.000000
0.000000
0.000000
0.679178
1.439168
0.453245
1.220977
0.366442
0.000000
0.000000
0.000000
0.000000
0.000000
0.000000
0.000000
0.000000
0.000000
0.000000
0.000000
0.000000
0.436974
1.549747
1.048366
0.000000
1.335137
0.000000
0.133933
0.000000
0.000000
0.000000
0.000000
0.000000
0.000000
0.000000
0.000000
0.000000
0.000000
1.843578
0.000000
0.000000
0.000000
0.000000
0.000000
0.319913
0.000000
1.038568
0.000000
0.000000
0.739318
0.000000
0.853990
0.000000
0.000000
1.283488
0.805873
0.000000
0.000000
0.487266
0.000000
0.000000
0.000000
0.000000
0.000000
0.000000
0.000000
0.294280
0.000000
1.656140
2.544392
0.000000
0.639580
0.000000
0.000000
0.396327
0.000000
0.389735
0.000000
0.500997
0.810774
0.000000
1.369060
0.000000
0.000000
0.000000
0.000000
0.000000
0.000000
0.000000
0.000000
1.087938
0.000000
0.246044
0.211899
0.000000
1.209864
0.000000
0.000000
0.000000
0.000000
0.000000
0.000000
0.000000
0.000000
0.000000
0.000000
0.000000
0.004901
0.385645
0.132195
0.531893
0.584484
0.000000
0.658015
0.000000
0.000000
1.951816
0.367792
0.000000
0.000000
0.000000
0.000000
0.000000
0.000000
0.000000
0.000000
0.000000
0.000000
0.000000
0.000000
0.000000
0.000000
0.000000
0.347251
0.000000
0.094592
0.000000
0.242459
0.000000
0.000000
0.000000
0.000000
0.000000
0.000000
2.225365
0.165151
0.666941
0.000000
0.000000
0.458004
0.000000
0.687056
0.788626
0.041630
0.756832
0.910573
0.000000
0.075277
0.000000
0.000000
0.000000
0.000000
0.340522
1.331802
1.337317
0.000000
0.000000
0.000000
0.896581
0.000000
0.000000
0.000000
0.241104
1.028789
0.000000
0.000000
0.000000
0.000000
0.000000
0.000000
0.000000
0.000000
0.000000
0.000000
0.000000
0.253026
0.000000
0.267684
0.940052
0.000000
2.217696
0.000000
0.000000
0.314484
1.267659
0.331098
0.000000
0.000000
0.466262
0.000000
0.000000
0.000000
0.000000
0.000000
1.641861
0.000000
0.000000
0.097529
1.233390
0.000000
0.102679
0.659503
0.000000
0.000000
0.000000
0.000000
0.000000
0.000000
0.000000
0.000000
0.000000
0.000000
0.000000
0.000000
0.000000
0.086981
0.000000
0.000000
0.793048
0.179806
0.000000
0.000000
0.000000
0.000000
0.218071
0.003467
0.000000
0.000000
0.000000
0.000000
0.000000
0.198143
0.490449
0.000000
0.000000
0.000000
0.464621
0.000000
0.045587
0.000000
0.362373
0.204298
0.752518
0.038254
0.000000
0.000000
0.439646
0.000000
0.000000
1.539468
0.233698
0.000000
0.000000
0.000000
0.000000
0.000000
0.710722
0.000000
0.000000
0.000000
0.000000
0.000000
0.614478
0.000000
0.000000
0.000000
0.000000
0.000000
0.000000
0.000000
0.000000
0.000000
0.000000
0.000000
0.000000
0.000000
0.647802
0.000000
1.204536
0.000000
0.013018
0.000000
0.000000
0.844831
0.000000
0.000000
0.000000
0.000000
0.000000
0.000000
0.000000
0.000000
0.000000
0.000000
0.307179
1.468904
0.000000
0.000000
0.000000
0.000000
0.000000
0.311521
0.000000
0.000000
0.000000
0.268408
0.000000
0.637022
0.000000
0.000000
0.000000
0.000000
0.000000
0.000000
0.000000
0.000000
1.393391
0.000000
0.000000
0.000000
0.000000
0.000000
0.000000
0.000000
0.000000
0.096897
0.000000
0.326104
1.011178
0.239226
0.332099
0.000000
0.194006
0.000000
0.000000
0.000000
0.000000
0.000000
0.710446
0.000000
0.000000
0.000000
0.000000
0.000000
0.000000
0.451350
0.000000
0.440115
0.000000
0.000000
0.000000
0.000000
0.000000
0.000000
0.000000
0.000000
0.000000
0.000000
0.000000
0.000000
0.566867
0.000000
0.000000
0.000000
0.119831
0.150773
0.000000
0.000000
0.000000
0.000000
0.000000
0.000000
0.170092
0.208317
0.000000
0.103990
0.000000
0.000000
0.000000
0.771478
2.519413
0.000000
0.000000
0.000000
0.000000
0.000000
0.000000
0.000000
0.201456
0.000000
0.786815
0.000000
0.000000
0.000000
1.108606
0.000000
0.133342
0.000000
0.266865
0.000000
0.000000
0.000000
0.000000
0.000000
0.071378
0.000000
0.000000
0.000000
0.000000
0.542911
1.859089
0.806882
0.000000
0.000000
0.132647
0.154127
0.000000
0.163275
0.000000
0.000000
0.000000
0.000000
0.042109
0.000000
0.851006
0.000000
0.000000
0.000000
0.897058
0.000000
0.000000
0.000000
0.000000
0.000000
0.000000
0.000000
0.000000
1.043247
0.000000
0.000000
0.000000
0.000000
0.256778
0.000000
0.057933
1.584429
1.133230
0.000000
0.000000
0.000000
1.170524
0.000000
0.000000
0.000000
0.628304
0.000000
0.108836
0.278891
0.000000
0.360617
0.000000
0.000000
0.000000
0.000000
0.000000
0.000000
0.000000
0.000000
0.000000
0.000000
0.000000
0.000000
0.000000
0.000000
0.000000
0.000000
0.000000
0.211775
0.000000
0.147719
1.786056
0.000000
1.508300
0.000000
0.000000
0.000000
0.000000
0.000000
0.000000
0.000000
0.000000
0.000000
0.000000
0.000000
0.000000
0.191092
0.000000
0.000000
0.000000
0.000000
0.000000
1.799890
0.000000
0.019184
0.000000
0.000000
0.133652
0.197477
0.000000
0.761764
0.000000
0.000000
0.845014
0.000000
0.701175
0.000000
0.000000
0.610093
0.000000
0.000000
0.000000
0.000000
0.000000
2.236293
1.468528
0.348584
0.000000
0.000000
1.277306
0.000000
0.165182
0.095358
0.000000
0.000000
0.000000
0.000000
0.000000
0.357933
0.000000
0.090903
0.000000
0.000000
0.150553
0.000000
0.000000
0.000000
0.571411
1.921507
0.000000
0.313858
0.000000
0.000000
0.000000
0.000000
0.263568
0.755147
0.015720
0.000000
0.000000
0.000000
0.902432
0.000000
0.000000
0.125682
0.000000
0.083697
0.000000
0.000000
0.000000
0.213003
0.000000
0.000000
0.000000
0.000000
1.525617
0.000000
0.000000
0.035213
0.000000
0.000000
0.012541
1.732661
0.689893
0.000000
0.282756
1.112715
0.631536
0.027286
0.100660
0.000000
0.000000
0.000000
0.000000
0.000000
0.000000
0.000000
1.726162
0.000000
0.703830
0.000000
0.000000
0.000000
0.000000
0.000000
0.062318
0.000000
0.886813
0.000000
0.000000
0.788965
0.000000
0.000000
0.000000
0.081988
0.000000
0.000000
0.009191
0.000000
0.000000
0.000000
0.000000
0.000000
0.000000
0.000000
0.000000
0.000000
0.000000
0.000000
0.000000
0.000000
0.971361
0.000000
0.000000
1.514585
0.460066
0.265755
0.000000
0.278268
0.000000
1.703562
0.000000
0.000000
0.000000
0.000000
0.190593
0.000000
1.113614
0.000000
0.000000
0.147486
0.000000
0.000000
0.000000
0.000000
0.181302
0.000000
0.000000
1.095213
0.000000
0.234275
0.000000
0.000000
0.000000
0.620589
0.000000
0.000000
0.000000
0.092936
0.000000
0.000000
0.415118
0.000000
0.000000
0.000000
0.000000
0.191582
0.000000
0.000000
0.000000
0.000000
0.000000
0.000000
0.031928
0.000000
0.849115
0.000000
0.000000
0.000000
0.263239
0.000000
0.000000
0.000000
0.907906
0.000000
0.128924
0.000000
0.664558
0.000000
0.786954
0.000000
0.000000
0.000000
0.000000
0.000000
1.724512
0.000000
0.000000
0.810722
0.000000
0.000000
0.000000
0.000000
1.103290
0.000000
0.000000
0.000000
0.067850
0.000000
0.000000
0.000000
0.000000
0.000000
0.000000
1.341078
0.796833
0.582605
0.000000
0.856056
0.000000
0.000000
0.097615
0.000000
0.000000
0.000000
0.000000
0.000000
0.000000
0.000000
0.000000
0.000000
0.000000
0.000000
0.000000
0.000000
0.000000
0.000000
1.155839
0.897024
0.000000
0.000000
0.000000
0.000000
0.054538
0.000000
0.000000
0.000000
0.000000
0.000000
0.000000
0.000000
0.000000
0.000000
0.000000
0.000000
0.587352
0.000000
0.000000
0.256488
0.000000
0.000000
0.000000
0.000000
0.517631
1.668428
0.000000
0.000000
0.000000
0.000000
0.000000
0.000000
0.769479
0.000000
0.000000
0.000000
0.000000
0.000000
0.000000
0.000000
0.000000
0.192654
0.000000
0.000000
0.000000
0.000000
0.746549
0.000000
0.000000
0.000000
0.000000
0.000000
1.225728
0.000000
0.000000
0.000000
0.202337
1.022629
0.000000
0.000000
0.000000
0.000000
0.000000
0.191374
0.000000
0.000000
0.000000
0.000000
0.000000
0.125218
0.116013
0.000000
0.127313
0.326832
0.000000
0.000000
0.303988
0.000000
0.000000
0.000000
0.984364
0.000000
0.000000
0.230922
1.590149
0.000000
1.498024
0.000000
0.000000
0.000000
0.000000
0.000000
0.000000
0.299463
0.000000
0.000000
0.000000
0.081084
0.430519
0.000000
0.000000
0.000000
0.000000
0.000000
0.000000
0.000000
0.000000
0.000000
0.252448
0.477684
0.112132
0.000000
0.848708
0.000000
0.000000
0.000000
1.364402
0.883778
0.000000
0.000000
0.000000
0.000000
0.000000
0.000000
0.594704
0.000000
0.364662
0.000000
0.109378
0.000000
0.000000
0.000000
0.526410
0.000000
0.000000
0.000000
1.222250
0.206712
0.000000
0.000000
0.000000
0.000000
0.632938
0.000000
0.000000
0.000000
0.280511
0.000000
0.224173
0.000000
0.000000
0.000000
0.000000
0.000000
0.000000
0.000000
0.000000
0.000000
0.000000
0.000000
0.000000
0.000000
0.000416
0.000000
0.604269
0.014519
0.222828
0.000000
0.000000
1.376316
0.440111
0.000000
0.712967
0.000000
0.000000
0.000000
0.466037
0.000000
0.000000
0.000000
0.000000
0.000000
0.000000
0.000000
0.000000
0.000000
0.000000
0.000000
0.000000
0.000000
0.000000
0.000000
0.000000
0.416892
0.000000
0.000000
0.000000
0.000000
0.000000
0.000000
1.504002
0.527327
0.000000
0.714426
0.000000
0.796107
0.000000
0.000000
0.000000
0.000000
0.000000
0.000000
1.374049
0.000000
0.000000
0.000000
0.000000
0.871384
1.978154
0.000000
0.000000
0.720911
0.000000
1.083602
0.000000
0.000000
1.150093
0.000000
0.000000
0.115638
0.523682
0.485988
0.000000
0.985060
0.000000
0.000000
0.044671
0.000000
0.000000
0.000000
0.000000
0.000000
0.000000
0.000000
0.357648
0.401289
0.000000
0.406647
1.068790
0.000000
0.000000
0.000000
0.000000
0.000000
0.072652
0.000000
0.000000
0.000000
0.151921
0.000000
0.000000
0.000000
0.000000
0.000000
1.252985
0.000000
2.211737
0.148389
1.170712
0.000000
0.000000
0.000000
0.000000
0.270565
0.000000
0.570599
0.000000
0.000000
0.000000
1.408252
0.000000
0.000000
0.000000
0.088130
0.000000
0.000000
1.053077
0.000000
0.517160
0.459570
0.147813
0.000000
0.000000
0.000000
0.000000
0.000000
0.261818
0.000000
0.000000
0.000000
0.000000
0.590425
1.620672
0.000000
0.000000
0.000000
0.000000
2.085178
0.000000
0.425508
0.000000
0.000000
0.000000
0.000000
0.000000
0.000000
0.000000
0.000000
0.000000
0.000000
0.000000
0.000000
0.271186
0.000000
0.000000
0.358402
0.000000
0.230276
0.000000
0.000000
0.000000
1.125316
0.000000
0.000000
0.000000
0.264734
0.000000
0.000000
0.000000
1.115714
0.000000
0.000000
0.295953
0.321557
0.000000
0.000000
0.000000
0.000000
0.188568
0.108170
0.000000
0.000000
0.632934
0.000000
0.000000
0.000000
1.266712
0.000000
0.000000
0.000000
0.000000
0.000000
0.000000
0.000000
0.000000
0.000000
0.190158
0.000000
0.596247
0.000000
0.000000
1.334690
0.000000
0.776139
0.000000
0.000000
0.000000
0.000000
0.000000
0.000000
0.000000
0.000000
0.000000
0.000000
0.000000
0.000000
0.000000
0.000000
0.000000
0.000000
0.000000
0.436709
0.000000
0.000000
0.013150
0.000000
0.000000
0.000000
0.503499
0.000000
0.000000
1.821965
0.000000
0.496904
0.000000
0.000000
0.000000
1.070342
0.000000
0.000000
0.000000
0.000000
0.000000
0.036062
0.000000
0.174285
0.000000
1.132097
0.000000
0.000000
0.000000
1.181755
0.300635
0.000000
0.000000
0.602730
0.000000
0.000000
0.834559
0.607794
0.000000
0.000000
0.069192
0.000000
0.189003
0.178007
1.085132
0.082993
0.000000
0.000000
0.000000
0.000000
0.000000
0.375580
0.000000
0.000000
1.097170
0.000000
1.857287
0.380372
0.000000
0.000000
1.383971
0.000000
0.590658
0.000000
0.000000
0.000000
0.000000
0.000000
0.000000
0.480230
0.677060
0.000000
0.413750
0.000000
0.083720
0.000000
0.000000
0.000000
0.434787
0.000000
0.000000
0.000000
0.336666
0.000000
0.000000
0.803044
0.000000
0.000000
0.000000
0.000000
0.000000
0.000000
0.000000
0.017030
0.000000
0.000000
0.000000
0.000000
0.000000
0.000000
0.695922
0.000000
0.000000
0.000000
0.000000
1.734955
0.000000
0.000000
0.000000
0.862881
1.023830
0.000000
0.999886
0.000000
0.000000
0.000000
0.000000
0.000000
0.008486
0.000000
0.000000
0.000000
0.000000
0.000000
0.000000
0.000000
0.000000
0.000000
0.000000
0.208153
0.128845
0.000000
0.000000
0.000000
0.564567
0.000000
0.000000
0.000000
0.000000
0.000000
0.249015
1.770970
0.000000
0.000000
0.058209
0.000000
0.000000
0.000000
0.000000
0.132999
0.798606
0.000000
1.155148
0.000000
0.000000
0.081382
0.000000
0.000000
0.000000
0.000000
0.000000
1.678208
0.000000
0.000000
0.000000
0.000000
0.000000
0.000000
0.000000
0.000000
0.889793
0.000000
0.666624
0.000000
0.000000
0.000000
0.000000
0.000000
0.041291
0.000000
0.000000
0.000000
0.699140
0.000000
0.000000
0.000000
0.000000
0.000000
0.000000
0.000000
0.000000
0.000000
0.000000
0.000000
0.000000
0.000000
0.000000
0.888762
0.000000
0.000000
0.000000
0.000000
0.506763
0.000000
0.000000
0.000000
0.976389
0.000000
0.667787
0.000000
0.000000
0.000000
0.000000
1.709262
0.000000
0.000000
0.607247
0.000000
0.000000
0.000000
0.000000
0.000000
0.000000
1.118718
0.000000
0.885325
0.000000
0.068548
1.189415
0.000000
0.814472
0.000000
0.000000
0.000000
0.016737
0.000000
0.000000
0.000000
0.149818
0.860433
0.358945
0.000000
0.000000
0.000000
0.000000
0.000000
0.000000
0.521439
0.000000
0.000000
0.000000
0.000000
0.225643
1.344638
2.153411
0.000000
0.000000
0.000000
0.000000
0.000000
0.227802
0.000000
0.000000
0.000000
0.000000
0.944341
0.000000
0.000000
0.125631
0.000000
0.000000
0.805226
0.271701
0.674183
0.319481
0.000000
0.000000
0.405859
0.000000
0.000000
0.000000
0.000000
0.000000
0.132771
0.000000
0.000000
0.000000
0.000000
0.000000
0.085049
0.000000
0.000000
0.000000
0.000000
0.000000
0.000000
0.000000
0.168388
0.000000
0.529987
0.000000
0.000000
0.000000
0.000000
0.000000
0.000000
0.000000
0.000000
0.000000
0.000000
0.000000
0.146184
0.000000
0.151758
0.000000
0.000000
0.000000
0.000000
0.884118
0.000000
0.000000
0.000000
0.295538
0.000000
1.244085
0.000000
0.341058
0.146150
0.000000
0.000000
0.095386
0.000000
0.000000
0.341960
0.376826
0.000000
0.136369
0.000000
0.686304
0.880676
0.000000
0.000000
0.292685
0.000000
0.000000
0.114301
0.000000
0.000000
0.445084
0.048303
0.000000
0.000000
0.000000
0.000000
1.401278
0.000000
0.000000
0.000000
0.000000
0.000000
0.000000
0.000000
0.000000
0.000000
0.000000
0.000000
0.000000
0.131249
0.000000
0.000000
0.000000
0.000000
0.639715
0.000000
0.000000
0.000000
0.559059
0.496471
0.000000
0.000000
0.251859
0.201305
0.309766
0.000000
0.000000
0.000000
0.445731
0.261873
1.048426
0.000000
0.000000
0.000000
0.000000
0.671911
0.000000
0.000000
0.342055
0.000000
0.423828
0.513445
1.523880
0.000000
0.512801
0.000000
0.000000
0.000000
1.149778
0.036345
0.000000
0.000000
0.000000
0.048681
0.000000
0.000000
0.268003
0.000000
0.000000
0.475140
0.000000
0.348966
0.000000
0.000000
0.000000
0.000000
0.000000
0.372529
0.000000
0.765747
0.284325
0.000000
0.000000
0.009763
0.000000
0.000000
0.000000
0.000000
0.663415
0.000000
0.000000
0.093077
0.000000
0.000000
1.142622
0.000000
0.495836
0.000000
0.000000
0.000000
0.000000
0.000000
0.000000
0.000000
0.267130
0.000000
0.000000
0.000000
0.546138
0.276801
0.000000
0.000000
0.000000
0.000000
0.000000
0.104911
0.000000
0.040804
1.303399
0.000000
0.719449
0.085190
0.000000
0.233774
0.000000
1.073942
0.000000
0.000000
1.355504
0.000000
0.000000
0.000000
0.000000
0.000000
0.626009
0.000000
0.000000
0.000000
0.475280
0.000000
0.000000
0.000000
0.000000
0.000000
0.000000
0.000000
0.000000
0.000000
1.971094
0.277133
0.969324
0.000000
0.000000
0.000000
0.000000
0.000000
1.032639
0.374253
1.035903
0.000000
0.000000
0.097272
0.000000
0.000000
0.000000
0.000000
0.000000
0.000000
0.000000
0.000000
0.491122
0.000000
0.000000
0.000000
0.000000
0.254082
0.151960
0.000000
0.000000
1.019316
0.000000
0.000000
0.000000
0.000000
0.000000
0.000000
0.000000
0.000000
0.572278
0.000000
0.000000
0.000000
0.307474
0.000000
0.000000
0.181615
0.000000
0.376056
0.000000
0.000000
0.064699
0.000000
1.363491
0.468841
0.000000
0.620335
0.000000
1.465987
0.000000
0.000000
0.000000
0.000000
0.000000
0.000000
0.000000
0.000000
0.000000
0.000000
0.000000
0.000000
0.000000
0.606453
0.000000
0.000000
0.000000
0.000000
0.000000
0.000000
0.000000
0.000000
0.000000
0.000000
0.000000
0.000000
0.307297
0.000000
0.000000
0.335600
0.000000
0.000000
0.000000
0.000000
0.000000
0.560380
0.000000
0.000000
0.528815
0.000000
0.000000
0.000000
0.000000
0.000000
0.173062
0.170545
0.000000
0.000000
0.000000
0.000000
0.000000
0.000000
0.000000
0.000000
0.000000
0.000000
1.601903
0.000000
0.000000
0.000000
0.000000
0.000000
0.000000
0.000000
0.000000
0.442876
0.000000
0.000000
0.000000
0.000000
0.000000
0.000000
0.000000
0.015443
0.000000
0.000000
0.506254
0.626755
0.000000
0.337592
0.000000
0.224642
0.000000
0.000000
0.000000
0.000000
0.000000
0.000000
0.000000
0.109213
0.730730
0.553752
0.231597
0.000000
0.000000
0.000000
0.193801
0.000000
0.955235
0.000000
1.095933
0.000000
0.000000
0.000000
0.000000
0.806734
0.000000
0.597187
0.000000
0.803099
0.884979
0.000000
0.000000
0.000000
0.000000
0.026364
0.000000
0.000000
0.000000
0.000000
0.000000
0.000000
0.000000
0.897611
0.000000
0.174728
0.000000
0.000000
2.490473
1.664282
0.725493
0.000000
0.000000
0.000000
0.000000
0.000000
0.000000
0.000000
0.000000
0.000000
0.000000
0.000000
1.130246
0.000000
0.000000
0.000000
0.357289
0.000000
0.000000
0.000000
0.549984
0.000000
0.000000
0.000000
0.000000
0.000000
0.703087
0.000000
0.000000
0.000000
0.000000
0.841424
0.000000
0.366645
0.000000
0.000000
0.107210
0.943263
0.000000
0.455823
0.000000
1.210910
0.000000
0.028401
0.888409
0.397082
0.232647
1.959578
0.000000
0.000000
1.063247
0.000000
0.000000
0.000000
0.000000
1.068873
0.427686
0.000000
0.000000
0.000000
0.000000
0.000000
0.000000
0.000000
0.000000
0.000000
0.507613
0.000000
0.000000
0.587781
0.000000
0.000000
0.000000
0.000000
0.465555
0.000000
0.000000
0.000000
0.000000
0.300674
0.000000
0.000000
0.282182
0.077510
0.000000
0.629510
0.000000
0.000000
0.000000
0.000000
0.950873
1.121582
0.000000
0.000000
0.465613
0.000000
0.000000
0.000000
0.000000
1.318577
0.000000
0.149417
0.000000
0.000000
0.000000
0.000000
0.048428
0.916111
0.869190
1.377637
0.161120
0.794733
0.000000
0.000000
0.000000
0.122061
0.000000
0.229719
0.000000
0.000000
0.545376
0.000000
0.000000
0.000000
0.000000
0.000000
0.270208
0.000000
0.000000
0.000000
0.000000
0.000000
1.175836
0.000000
0.000000
0.899072
0.000000
0.000000
0.642718
0.000000
0.000000
0.000000
0.000000
0.000000
0.903060
0.072147
0.000000
0.439674
0.000000
0.000000
0.735810
0.000000
0.000000
0.000000
0.000000
0.000000
0.000000
0.000000
0.000000
0.000000
1.100480
0.012557
0.000000
1.522607
0.178982
0.000000
0.000000
0.000000
0.726241
0.000000
0.000000
0.000000
0.000000
0.000000
0.810016
0.017709
0.000000
0.015976
0.000000
0.000000
0.000000
0.000000
0.000000
0.678876
0.000000
0.000000
0.000000
0.000000
0.000000
0.000000
0.000000
0.087928
0.000000
0.016013
0.000000
0.859963
0.000000
0.000000
0.000000
0.000000
0.000000
0.828341
0.000000
0.000000
0.000000
0.000000
0.000000
0.000000
0.000000
0.000000
0.000000
0.000000
0.000000
0.000000
0.400486
0.000000
0.000000
1.574195
0.000000
1.035490
0.454229
0.000000
0.000000
0.000000
0.000000
0.794491
0.000000
0.068110
0.000000
0.000000
0.000000
0.000000
0.000000
0.000000
0.000000
0.000000
0.802800
0.572934
0.974984
0.000000
1.408998
0.000000
0.000000
0.000000
0.842513
0.000000
0.000000
0.000000
0.000000
0.298607
0.000000
0.000000
0.000000
0.212786
0.000000
0.266954
1.944490
0.000000
0.000000
0.000000
0.000000
0.000000
0.000000
0.000000
0.000000
0.000000
0.000000
0.000000
0.000000
0.000000
0.000000
0.000000
0.000000
0.000000
0.000000
0.003871
0.000000
0.000000
0.000000
0.000000
0.000000
0.000000
0.000000
0.508498
0.000000
0.000000
0.000000
0.000000
0.000000
0.503764
0.000000
1.191204
0.000000
0.602910
0.031749
0.000000
0.395679
0.000000
0.000000
0.000000
0.342753
0.228430
0.000000
0.000000
0.000000
0.000000
0.000000
0.031071
0.000000
1.031492
1.852974
0.000000
0.000000
0.000000
0.000000
0.000000
0.000000
0.000000
0.000000
0.000000
0.000000
0.000000
0.000000
0.000000
0.864967
0.000000
0.118437
1.067916
0.000000
0.000000
0.077435
0.000000
0.000000
0.378013
0.000000
0.000000
0.011881
0.000000
1.874060
0.000000
0.000000
0.000000
0.569087
0.000000
0.168724
0.541441
0.000000
0.000000
1.310832
0.000000
0.000000
0.000000
0.000000
1.283919
0.000000
0.000000
0.000000
0.000000
0.000000
0.000000
0.000000
0.000000
0.000000
0.893650
0.000000
0.000000
0.000000
