0.385514
0.000000
0.000000
0.000000
0.000000
0.000000
2.096630
0.525431
0.000000
0.000000
0.000000
0.000000
1.295248
0.000000
0.000000
0.000000
0.104853
0.775069
0.000000
0.000000
0.000000
0.000000
0.000000
1.003358
0.000000
0.000000
0.000000
0.860416
0.000000
0.000000
0.000000
1.043144
0.000000
0.672746
0.000000
3.860664
0.000000
0.255048
0.000000
0.000000
0.000000
0.000000
0.000000
0.000000
0.692066
0.000000
0.000000
0.169087
0.000000
0.000000
0.000000
0.000000
0.000000
0.000000
0.000000
2.253235
0.000000
0.000000
0.000000
0.000000
0.000000
0.000000
0.000000
0.000000
0.000000
0.000000
0.000000
0.000000
0.000000
0.000000
0.000000
0.000000
0.000000
0.025677
0.000000
0.000000
0.000000
0.000000
0.000000
2.247183
0.000000
0.000000
0.000000
0.000000
0.000000
0.000000
0.000000
0.000000
0.000000
0.930803
0.000000
0.000000
0.000000
0.000000
0.000000
0.000000
0.000000
0.000000
0.000000
0.368532
0.000000
0.000000
0.000000
0.000000
0.057179
0.000000
0.000000
0.000000
0.000000
0.388283
0.365061
0.000000
0.000000
0.000000
0.000000
0.000000
0.000000
0.000000
0.010853
0.000000
0.000000
0.487257
0.000000
0.623480
0.000000
0.953953
0.000000
0.000000
0.000000
0.775056
0.000000
0.595367
0.000000
0.000000
0.000000
0.000000
0.000000
1.640696
0.000000
0.000000
0.000000
0.000000
0.000000
0.000000
0.000000
0.000000
0.000000
0.526496
0.000000
0.000000
0.000000
0.000000
0.000000
0.000000
0.000000
0.072232
0.000000
0.000000
1.280912
0.000000
0.000000
0.000000
0.000000
0.000000
0.000000
0.000000
1.713215
0.000000
0.000000
0.944804
0.000000
0.000000
0.000000
0.000000
2.284655
0.000000
0.597998
0.000000
0.000000
0.000000
0.000000
0.000000
0.000000
0.992538
0.000000
0.000000
0.000000
1.374524
0.000000
0.000000
0.000000
0.000000
0.000000
0.000000
0.000000
0.000000
0.000000
0.000000
0.000000
0.000000
0.000000
0.294022
1.045545
0.000000
0.000000
0.000000
0.702080
3.763901
0.000000
0.000000
0.000000
0.000000
0.000000
0.000000
0.000000
0.000000
0.000000
0.000000
0.268256
0.000000
0.000000
0.000000
4.209960
0.000000
0.000000
0.268026
0.000000
0.000000
0.098922
2.051348
0.000000
0.000000
0.973789
0.847991
0.000000
0.000000
0.000000
0.000000
0.111914
0.000000
0.340203
0.000000
0.000000
0.000000
0.267920
0.000000
0.565254
0.000000
0.964231
0.000000
0.000000
0.000000
0.000000
0.000000
0.000000
0.000000
0.000000
0.000000
0.000000
0.000000
2.522156
0.000000
0.000000
0.000000
0.000000
0.000000
0.000000
0.000000
0.000000
1.570426
1.241470
0.000000
0.581776
0.000000
0.000000
0.000000
1.624463
0.000000
0.000000
0.000000
0.000000
0.000000
0.000000
0.000000
0.000000
0.329225
0.000000
0.000000
0.000000
0.000000
0.000000
0.000000
0.587819
0.000000
0.000000
0.000000
0.000000
0.521894
0.000000
0.000000
0.000000
0.000000
0.000000
0.000000
0.000000
2.533429
0.527289
0.422788
0.000000
0.000000
0.119709
0.000000
0.000000
0.511981
0.000000
0.000000
0.000000
0.000000
0.000000
0.000000
0.000000
0.000000
0.000000
0.000000
0.000000
0.000000
0.000000
0.000000
0.000000
0.000000
0.000000
0.000000
0.000000
0.000000
0.000000
0.000000
0.000000
0.000000
0.000000
0.000000
0.000000
0.000000
0.000000
0.000000
0.000000
0.000000
0.000000
0.000000
0.000000
0.000000
0.000000
0.000000
0.000000
0.000000
0.000000
0.000000
0.000000
0.000000
0.000000
0.000000
0.000000
0.000000
0.000000
0.000000
0.000000
3.909580
0.000000
0.663987
0.125794
0.000000
0.460544
0.000000
0.000000
0.000000
0.000000
0.000000
0.144751
0.000000
0.000000
0.000000
0.000000
0.000000
0.000000
0.000000
0.000000
0.014000
1.346990
0.000000
0.000000
0.000000
0.179894
0.000000
0.000000
0.000000
0.000000
0.000000
0.000000
0.000000
0.000000
0.000000
0.000000
0.000000
0.100337
0.000000
0.000000
0.000000
0.029236
0.000000
0.000000
0.000000
0.000000
0.000000
0.000000
0.000000
0.000000
0.000000
0.000000
0.000000
0.270326
0.000000
0.000000
0.000000
0.000000
0.000000
0.000000
0.525768
0.000000
0.000169
0.000000
0.000000
0.000000
0.000000
0.625301
0.000000
0.000000
0.000000
0.131012
0.000000
0.088222
0.906947
0.000000
0.000000
0.000000
0.000000
0.000000
1.170625
0.000000
0.000000
0.000000
0.687749
0.580476
0.290395
0.186233
0.000000
0.000000
1.749727
0.000000
0.000000
0.000000
0.000000
0.000000
1.534143
0.000000
0.000000
1.217969
0.000000
0.000000
0.000000
0.000000
1.166892
0.000000
0.000000
0.000000
0.000000
0.783430
0.000000
0.000000
0.000000
0.000000
1.954213
0.000000
0.000000
0.000000
0.000000
1.300981
0.000000
0.630506
0.337353
0.227519
0.612727
0.000000
0.000000
0.000000
0.000000
0.477510
0.000000
0.000000
0.000000
0.000000
0.000000
0.727505
0.000000
0.000000
0.000000
0.000000
1.383880
0.000000
0.000000
0.000000
0.000000
0.000000
0.000000
0.000000
0.000000
0.000000
0.000000
0.389736
0.000000
0.000000
0.000000
0.038586
0.000000
0.000000
0.000000
0.000000
0.000000
0.000000
0.000000
0.000000
0.031880
0.000000
0.000000
0.626351
0.000000
0.000000
0.000000
0.000000
0.000000
0.000000
0.000000
0.000000
0.514974
0.000000
0.000000
0.000000
0.000000
0.000000
0.000000
0.000000
0.496259
0.000000
1.932199
0.000000
0.000000
0.000000
0.621773
0.000000
0.000000
0.000000
0.000000
0.000000
0.000000
0.000000
0.741866
0.000000
0.000000
0.000000
0.000000
0.000000
0.000000
0.000000
0.000000
0.000000
0.032729
0.184238
0.000000
0.000000
1.082418
0.584047
0.000000
0.000000
0.000000
0.000000
1.070414
0.170859
0.000000
0.000000
0.000000
0.000000
0.000000
0.000000
0.000000
0.000000
0.000000
0.000000
1.068190
0.000000
0.000000
0.000000
0.000000
0.000000
0.000000
0.635801
0.000000
0.000000
0.000000
0.000000
0.322104
0.000000
0.000000
0.000000
0.259893
0.000000
0.000000
0.000000
0.000000
0.000000
0.000000
0.000000
0.000000
0.000000
2.116906
0.000000
1.134753
0.000000
2.504668
0.000000
0.000000
0.000000
0.000000
0.000000
0.956216
1.023519
0.000000
0.000000
0.000000
0.539424
0.002921
0.810549
0.000000
0.636321
0.000000
0.000000
0.000000
0.000000
1.379690
0.000000
0.266188
0.000000
0.310912
0.000000
0.000000
0.000000
0.000000
0.000000
1.074837
0.000000
0.000000
0.000000
0.000000
0.000000
0.000000
0.000000
0.000000
0.301733
0.000000
0.000000
0.000000
0.115098
0.000000
0.000000
1.025900
0.000000
0.000000
0.000000
1.058731
0.000000
0.395286
0.000000
0.000000
0.000000
0.004189
0.000000
0.000000
0.000000
0.000000
0.000000
0.000000
0.408019
0.000000
0.000000
0.000000
0.000000
0.000000
0.398069
1.336796
0.691440
0.000000
0.000000
0.000000
0.949281
0.000000
0.000000
0.000000
2.448323
0.000000
0.000000
0.223721
0.000000
0.000000
0.000000
0.000000
0.000000
0.000000
2.764243
0.000000
0.000000
0.000000
0.000000
0.575040
0.000000
0.000000
0.000000
0.623243
0.672954
1.334553
0.000000
0.000000
0.000000
0.000000
0.885938
0.000000
0.000000
0.000000
0.000000
0.000000
0.000000
1.074680
0.000000
0.000000
0.000000
0.288049
0.456553
0.000000
0.000000
0.595560
0.820731
0.000000
0.000000
0.000000
0.000000
0.586543
0.000000
1.936100
0.000000
0.000000
0.022432
0.000000
0.000000
0.000000
0.000000
0.000000
0.606287
1.303459
0.000000
1.604287
0.153607
0.000000
0.000000
0.659452
0.000000
0.000000
0.000000
0.870120
1.375444
0.000000
0.074025
0.000000
0.000000
0.000000
0.000000
0.000000
0.000000
0.000000
0.000000
0.000000
2.517197
0.000000
0.000000
0.000000
0.000000
0.779910
0.000000
0.000000
0.000000
0.000000
0.000000
0.000000
0.000000
0.000000
0.000000
0.000000
0.000000
0.000000
0.000000
0.000000
0.000000
0.000000
0.000000
0.000000
0.000000
0.000000
0.000000
0.000000
0.000000
0.000000
0.000000
0.000000
0.240400
0.000000
0.000000
0.000000
0.000000
1.472914
0.000000
0.000000
0.000000
0.000000
0.000000
0.841769
0.000000
0.000000
0.124338
0.000000
0.000000
0.000000
0.000000
0.000000
0.801762
0.000000
0.000000
0.000000
2.572568
0.000000
1.113399
0.000000
0.000000
0.559024
0.000000
0.000000
0.000000
0.000000
1.032067
0.000000
0.000000
0.000000
0.000000
0.000000
1.719631
0.000000
0.042651
0.000000
0.978194
0.000000
0.000000
0.000000
0.000000
0.000000
0.000000
0.000000
0.000000
0.000000
0.000000
0.000000
0.000000
0.000000
0.000000
0.000000
0.000000
0.000000
0.000000
0.237064
0.000000
1.243389
0.145007
0.008436
0.000000
1.241831
1.723004
0.000000
0.000000
0.000000
0.121181
0.000000
0.000000
0.000000
0.974932
0.000000
1.468864
0.192872
0.000000
0.000000
0.404587
0.000000
0.000000
0.000000
0.000000
0.000000
1.190972
0.000000
1.759621
1.463280
0.123481
0.000000
0.000000
3.736488
0.000000
0.000000
0.000000
0.000000
0.000000
0.000000
0.440314
0.000000
0.289988
0.000000
0.662366
0.000000
0.000000
2.362939
0.000000
0.000000
0.000000
0.000000
0.000000
0.000000
0.000000
0.797737
0.000000
0.000000
0.000000
0.245005
0.000000
0.000000
0.654059
0.000000
0.000000
0.000000
0.000000
0.000000
0.000000
2.107603
0.000000
0.000000
0.000000
1.046708
0.000000
0.000000
1.015941
0.000000
0.000000
0.000000
0.000000
0.000000
0.000000
0.043880
0.000000
0.000000
0.000000
0.000000
0.000000
0.000000
0.000000
0.000000
0.000000
0.786675
0.000000
0.000000
0.000000
0.000000
0.000000
0.000000
0.000000
0.000000
0.000000
0.000000
0.000000
0.189663
0.000000
0.000000
0.000000
0.000000
0.000000
0.432592
0.000000
0.000000
0.000000
0.000000
0.000000
0.000000
0.000000
0.000000
0.000000
0.000000
0.000000
0.000000
3.793667
0.000000
0.000000
0.000000
2.452734
0.000000
0.000000
1.563447
0.000000
0.000000
0.000000
0.000000
0.000000
0.000000
0.000000
0.299991
0.000000
0.000000
0.000000
0.000000
0.000000
0.000000
0.000000
0.000000
0.000000
0.000000
0.000000
0.000000
0.000000
1.011916
0.371123
0.000000
0.000000
0.000000
0.000000
0.000000
0.186785
0.000000
0.000000
0.000000
0.000000
0.000000
0.439581
0.000000
0.000000
0.000000
0.000000
0.000000
0.000000
0.000000
0.000000
0.888574
0.000000
0.000000
0.000000
0.000000
0.000000
0.000000
0.000000
0.000000
0.000000
0.000000
0.000000
0.954416
0.000000
0.000000
0.000000
0.000000
0.000000
0.000000
0.000000
0.000000
0.000000
0.000000
0.000000
0.000000
0.000000
0.000000
0.439756
0.420441
0.000000
0.000000
0.000000
0.000000
0.000000
0.000000
0.000000
0.000000
0.585947
0.000000
2.626749
0.000000
0.000000
0.000000
0.000000
0.000000
0.000000
0.000000
0.000000
0.000000
0.105105
0.000000
1.884267
0.000000
0.000000
0.000000
0.000000
0.000000
0.000000
0.000000
0.677051
0.000000
0.000000
0.000000
0.000000
0.000000
0.000000
0.000000
0.000000
0.000000
0.000000
1.021570
0.000000
1.489114
0.000000
0.000000
0.000000
0.000000
0.000000
0.000000
0.216322
0.000000
1.170632
0.000000
1.340332
0.000000
0.489918
0.100483
0.000000
0.000000
0.000000
0.000000
0.000000
0.000000
1.095795
0.747886
0.000000
0.000000
0.000000
0.000000
0.000000
0.000000
0.295893
0.221521
0.000000
0.000000
0.000000
0.000000
0.000000
0.000000
0.000000
0.000000
1.897949
0.000000
0.753475
0.000000
0.000000
0.000000
0.000000
0.000000
0.000000
0.000000
0.000000
1.365552
0.000000
0.000000
0.000000
0.000000
0.000000
0.000000
0.000000
0.000000
0.000000
0.000000
0.456995
0.000000
0.000000
0.000000
0.000000
0.000000
0.000000
1.159344
0.412168
0.000000
0.955083
0.000000
0.000000
0.000000
0.000000
0.000000
0.000000
0.181082
0.000000
0.000000
1.465037
1.287517
0.000000
0.620119
0.000000
0.000000
0.000000
0.000000
0.000000
0.000000
1.451527
0.000000
0.000000
0.402844
0.000000
0.000000
0.000000
0.000000
0.000000
0.000000
0.000000
0.208824
0.000000
0.000000
0.426503
0.000000
0.000000
0.000000
0.000000
0.000000
0.184681
0.877256
0.000000
0.000000
0.000000
0.000000
0.000000
0.000000
0.000000
2.040518
0.000000
0.000000
0.191816
0.000000
0.000000
0.000000
0.000000
0.000000
1.744607
0.225750
0.000000
0.000000
0.000000
0.000000
0.000000
0.300756
0.000000
0.000000
0.000000
0.000000
0.000000
0.000000
0.000000
0.000000
0.000000
0.000000
0.000000
0.751500
0.000000
0.608564
0.683219
0.000000
0.000000
0.000000
0.000000
0.000000
0.000000
0.000000
0.000000
0.000000
0.000000
0.000000
0.694883
0.000000
0.000000
0.000000
0.000000
0.762987
0.000000
0.000000
0.995308
0.000000
0.249543
0.000000
0.604805
0.000000
0.000000
0.000000
0.000000
0.000000
0.000000
0.000000
0.053977
2.587937
0.003607
0.000000
1.081311
0.000000
0.000000
0.000000
2.736888
0.000000
0.977501
0.000000
0.000000
0.545316
0.000000
0.000000
1.292156
0.000000
0.000000
0.000000
0.000000
0.000000
0.000000
0.000000
0.000000
0.000000
0.000000
0.000000
0.000000
0.000000
0.000000
0.000000
0.000000
0.000000
0.000000
0.458621
0.720127
0.000000
1.481218
1.309938
0.000000
0.000000
0.000000
0.000000
0.000000
0.842997
0.000000
0.000000
0.000000
0.000000
0.000000
0.000000
0.000000
0.000000
0.000000
0.000000
0.000000
0.803272
0.000000
1.766906
0.000000
0.793982
0.000000
1.750848
0.171220
0.000000
0.000000
1.719271
0.000000
0.000000
1.234858
0.319791
0.000000
0.000000
0.000000
0.111536
0.000000
0.000000
0.000000
0.000000
1.606047
0.000000
0.000000
0.000000
0.000000
0.447244
0.000000
0.000000
0.000000
0.000000
0.000000
0.000000
1.502155
0.000000
0.000000
1.737124
0.000000
0.000000
0.000000
0.000000
0.091647
0.000000
0.000000
0.102625
0.000000
0.000000
0.311175
0.000000
0.000000
0.000000
0.000000
0.000000
0.000000
0.000000
0.000000
0.000000
0.000000
0.000000
0.000000
0.000000
0.000000
0.000000
0.000000
0.000000
0.000000
0.000000
0.090608
0.000000
0.000000
0.000000
0.000000
0.000000
0.000000
0.599993
0.000000
0.000000
0.000000
0.164617
0.000000
0.000000
1.562057
0.000000
0.000000
0.782796
0.000000
0.000000
0.000000
0.000000
0.000000
0.749118
0.000000
0.000000
0.000000
0.000000
0.000000
1.569931
0.000000
0.000000
0.000000
0.000000
0.159765
0.000000
0.000000
0.000000
0.000000
0.000000
0.000000
0.000000
1.351971
2.445662
0.000000
0.000000
0.000000
0.000000
0.107391
0.000000
0.000000
0.000000
0.000000
0.000000
0.000000
0.000000
0.693228
0.000000
0.000000
1.201871
1.388819
0.007878
0.000000
0.568769
0.000000
1.689702
0.000000
0.000000
0.000000
0.000000
0.000000
0.000000
0.000000
0.380956
0.000000
0.000000
0.000000
0.000000
0.000000
0.000000
0.000000
3.375886
0.000000
0.000000
0.000000
2.049108
0.000000
0.000000
0.000000
0.000000
0.000000
0.000000
0.302830
0.000000
0.000000
0.660258
0.000000
2.237475
0.177318
0.000000
0.000000
1.037190
0.000000
0.773982
0.030481
0.000000
0.000000
0.000000
0.000000
0.000000
0.312278
0.000000
1.202827
0.937566
0.000000
0.000000
0.381187
0.000000
0.000000
0.000000
2.102439
0.000000
0.000000
1.801552
0.000000
0.000000
0.000000
0.000000
0.000000
0.000000
0.000000
1.419350
0.000000
0.000000
0.258323
0.000000
0.000000
0.000000
0.713585
0.000000
0.000000
0.000000
0.000000
0.000000
0.010972
0.000000
0.000000
0.000000
0.000000
0.000000
0.642864
0.000000
0.000000
0.000000
0.000000
0.000000
0.000000
0.000000
0.000000
0.713438
0.000000
0.000000
0.000000
0.250195
0.000000
0.000000
0.000000
0.757728
0.259658
0.000000
1.676107
0.000000
0.000000
0.939817
0.000000
0.000000
0.000000
0.000000
0.000000
0.000000
0.000000
0.000000
0.000000
0.000000
0.113153
0.000000
0.140507
0.000000
0.000000
0.092205
2.153769
0.194292
0.000000
0.000000
0.882878
0.000000
0.000000
0.000000
0.000000
0.000000
0.000000
2.281415
0.000000
0.681060
0.000000
0.000000
0.000000
0.000000
0.000000
0.000000
0.000000
0.000000
0.000000
0.027436
0.078470
3.852854
0.000000
0.000000
0.385071
0.000000
0.000000
0.000000
0.000000
0.000000
0.000000
0.000000
0.265136
0.000000
0.000000
0.865336
0.000000
0.000000
0.000000
0.000000
0.000000
0.000000
0.000000
0.000000
0.000000
0.000000
0.036937
0.000000
0.000000
0.245994
0.000000
0.000000
1.665526
0.576088
0.000000
0.000000
0.000000
0.000000
0.000000
0.000000
0.349563
0.318717
0.000000
0.151318
0.000000
0.000000
0.000000
0.000000
0.000000
0.000000
0.000000
0.000000
0.000000
2.087897
0.000000
0.000000
2.368627
0.014443
0.000000
0.000000
0.000000
0.000000
0.000000
0.000000
0.000000
0.000000
0.000000
0.000000
1.724982
0.000000
0.000000
0.000000
0.000000
0.000000
1.418721
0.069366
0.000000
0.000000
0.000000
0.000000
0.000000
0.000000
0.000000
2.726538
1.479396
0.000000
0.000000
0.000000
0.000000
0.000000
0.000000
0.000000
0.000000
0.000000
0.000000
3.753634
0.000000
0.000000
0.000000
0.000000
0.000000
0.000000
0.000000
0.000000
0.060851
0.000000
0.000000
0.151427
0.000000
0.465347
0.000000
0.000000
0.000000
0.000000
0.000000
0.000000
0.000000
0.000000
0.000000
0.000000
0.000000
1.194173
0.000000
0.000000
0.191581
0.778582
0.000000
0.000000
0.000000
0.000000
0.000000
0.000000
0.000000
0.000000
0.000000
0.000000
0.000000
0.000000
0.000000
0.000000
0.000000
0.000000
0.000000
0.000000
0.000000
0.000000
0.000000
0.618699
0.000000
0.000000
0.000000
0.000000
0.000000
0.000000
0.000000
0.000000
0.000000
0.000000
0.000000
0.475000
0.000000
0.000000
0.000000
0.000000
0.000000
0.000000
0.000000
0.000000
0.000000
1.191092
0.253832
0.774962
0.000000
0.000000
0.000000
0.000000
0.000000
0.322788
0.000000
0.439191
0.000000
0.000000
0.000000
0.000000
0.070363
0.000000
1.336750
0.184013
0.000000
0.909506
0.000000
1.217116
0.000000
0.000000
0.000000
0.072042
0.735180
0.000000
0.000000
0.000000
0.000000
0.000000
1.134124
0.039194
0.000000
0.000000
0.000000
0.000000
0.000000
0.000000
0.000000
0.000000
0.000000
0.000000
0.000000
0.172494
0.000000
0.000000
0.143624
0.788498
0.000000
0.000000
0.000000
0.000000
0.000000
0.000000
0.000000
0.205900
0.000000
0.000000
0.000000
0.000000
0.000000
0.218869
0.000000
0.000000
0.000000
0.000000
0.262125
0.000000
0.000000
0.144839
0.741222
0.000000
0.000000
0.787607
0.000000
0.291682
0.000000
0.000000
1.119333
1.512068
0.000000
0.000000
0.323588
0.000000
0.000000
0.000000
0.000000
0.000000
0.000000
0.000000
0.837646
0.000000
0.000000
0.000000
0.000000
0.000000
0.000000
0.000000
0.000000
0.000000
0.000000
0.000000
0.000000
0.000000
0.000000
0.000000
0.000000
0.000000
0.352879
0.000000
0.000000
0.000000
0.000000
0.000000
0.000000
0.000000
0.000000
0.000000
0.000000
0.000000
0.000000
0.000000
0.000000
0.000000
0.000000
0.000000
0.000000
0.000000
0.000000
0.000000
0.000000
0.000000
0.000000
2.029981
0.957369
0.000000
0.529955
0.000000
0.000000
0.000000
0.008524
0.000000
0.000000
0.000000
0.000000
0.000000
0.000000
0.000000
0.000000
1.678135
0.540010
0.000000
0.167779
0.882504
0.000000
0.000000
1.756913
0.000000
0.000000
0.000000
0.000000
0.000000
0.000000
1.001441
0.000000
2.362783
1.143206
0.000000
3.153466
0.000000
0.000000
0.000000
2.506126
0.000000
0.000000
0.000000
0.000000
1.061619
0.000000
0.000000
0.000000
0.000000
0.000000
0.310691
0.000000
0.000000
0.000000
0.000000
0.000000
0.000000
0.000000
1.907976
0.615721
0.000000
0.147577
2.728059
0.000000
0.000000
0.000000
0.975353
0.000000
0.000000
0.000000
0.000000
0.000000
1.003600
0.394328
0.659120
0.000000
0.000000
0.804785
0.000000
1.841909
0.000000
0.000000
0.000000
0.000000
0.250262
0.354841
0.000000
0.000000
0.882348
0.000000
0.000000
0.517772
0.000000
0.000000
2.641566
1.138322
0.000000
0.000000
0.000000
0.000000
0.000000
0.000000
0.000000
0.000000
0.000000
0.218198
0.360944
0.045645
0.000000
0.000000
0.064230
0.000000
0.000000
0.000000
0.000000
0.000000
0.000000
0.305650
0.000000
0.000000
0.000000
0.000000
0.000000
0.000000
0.657064
0.000000
0.000000
0.000000
0.000000
0.000000
0.000000
0.486857
0.000000
0.000000
0.000000
0.000000
0.000000
0.000000
0.000000
0.000000
0.000000
0.000000
0.000000
0.000000
0.000000
0.000000
0.000000
0.000000
0.000000
1.400371
0.000000
0.000000
0.000000
0.000000
0.000000
0.000000
0.000000
0.000000
0.000000
0.000000
0.000000
0.000000
0.700990
0.000000
0.000000
0.000000
0.000000
0.000000
0.000000
0.000000
0.000000
0.000000
0.000000
0.000000
0.000000
0.000000
0.483714
0.671392
0.000000
1.150117
0.000000
0.000000
0.733429
0.000000
0.000000
0.908916
0.000000
0.000000
0.000000
0.000000
0.000000
0.000000
0.000000
0.000000
0.000000
0.559388
0.000000
0.000000
0.000000
0.000000
1.025859
0.000000
0.000000
1.322534
0.000000
0.000000
0.000000
0.000000
0.000000
0.000000
0.000000
0.000000
0.000000
0.000000
0.000000
0.000000
0.000000
0.938793
0.115403
0.000000
0.000000
0.000000
0.110685
0.000000
0.278476
0.000000
0.019587
0.377461
0.000000
0.000000
0.000000
0.000000
0.000000
0.000000
0.000000
0.000000
0.000000
0.000000
0.000000
0.000000
0.000000
0.000000
0.000000
0.000000
0.000000
0.197245
0.000000
0.000000
0.000000
0.000000
0.000000
0.000000
0.000000
0.000000
0.000000
0.000000
0.000000
0.000000
0.000000
0.000000
1.136861
0.000000
0.000000
0.000000
0.463762
0.000000
0.000000
0.164313
0.000000
0.000000
0.000000
0.000000
0.000000
0.000000
0.000000
0.000000
0.000000
0.000000
0.000000
0.000000
0.287749
0.000000
2.810505
0.909781
0.000000
0.000000
0.063198
0.000000
0.000000
0.000000
0.000000
0.000000
0.000000
0.000000
0.000000
0.000000
0.000000
0.000000
0.000000
0.792985
0.000000
0.413375
0.000000
0.000000
0.000000
0.000000
0.000000
0.000000
0.000000
0.000000
0.000000
0.000000
1.447125
0.077481
0.591506
0.000000
0.049816
0.000000
0.000000
0.315557
0.000000
0.121828
0.000000
0.259294
0.000000
0.000000
0.000000
0.000000
1.524836
1.201416
0.000000
0.000000
0.000000
0.000000
0.000000
0.000000
0.000000
1.721185
0.000000
0.000000
0.000000
0.000000
0.000000
0.000000
0.000000
1.338173
1.361441
0.000000
0.000000
0.000000
0.000000
2.616333
0.787962
0.000000
0.000000
0.000000
0.000000
0.000000
0.000000
2.882064
0.381576
0.000000
0.000000
0.000000
0.000000
0.000000
1.025304
0.000000
0.000000
0.000000
0.000000
1.511050
0.000000
2.578018
0.000000
0.678652
0.000000
0.000000
0.189190
0.000000
0.000000
0.710705
0.000000
0.000000
0.000000
0.000000
0.000000
0.000000
0.000000
0.000000
0.871559
0.000000
0.000000
0.000000
1.357681
0.000000
0.000000
0.000000
0.000000
0.000000
1.156325
0.000000
0.000000
0.000000
0.000000
0.000000
0.000000
1.380414
1.725882
0.000000
0.000000
0.000000
0.657722
0.000000
2.388335
1.532845
0.000000
0.000000
0.000000
0.000000
0.000000
0.000000
0.000000
0.073346
0.142599
0.832177
0.000000
0.000000
0.000000
0.647812
0.000000
0.000000
0.445081
0.000000
1.723961
3.072059
0.000000
0.000000
0.052799
0.000000
1.647777
1.059934
0.000000
0.000000
0.225458
0.000000
0.000000
0.000000
1.509067
0.000000
0.000000
1.027729
0.000000
0.000000
0.000000
0.000000
0.211084
1.383106
0.000000
0.000000
0.000000
0.092096
0.000000
0.000000
0.000000
0.000000
0.258627
0.216977
0.000000
0.000000
0.000000
0.000000
0.000000
0.000000
0.000000
0.702652
0.000000
0.000000
0.000000
0.000000
0.000000
1.317114
0.000000
0.000000
0.000000
0.000000
0.202640
0.000000
1.798888
0.000000
0.000000
0.583793
0.000000
0.000000
0.000000
0.000000
0.000000
0.000000
0.000000
0.000000
1.665369
0.000000
0.000000
0.371976
0.000000
0.000000
0.000000
0.000000
0.000000
0.000000
0.000000
0.000000
0.000000
0.264811
0.296396
0.000000
0.112725
0.000000
0.753336
0.000000
0.000000
0.000000
0.000000
0.000000
1.041336
0.000000
0.000000
0.763117
0.000000
0.477849
0.000000
0.000000
0.000000
0.000000
0.000000
0.000000
0.000000
0.000000
0.419552
0.000000
0.000000
0.000000
0.000000
0.000000
0.000000
0.237909
0.223335
0.000000
0.000000
0.000000
0.000000
0.000000
0.000000
0.546401
0.000000
1.151724
0.000000
0.000000
0.000000
0.120807
0.000000
0.000000
1.311777
0.235113
0.000000
0.000000
2.049450
0.000000
0.000000
0.000000
0.000000
0.000000
0.901265
0.000000
0.000000
0.000000
0.000000
0.000000
1.057338
0.180647
0.566585
0.000000
0.000000
0.000000
0.000000
0.260024
0.000000
0.000000
0.000000
0.000000
0.000000
0.000000
0.000000
0.000000
0.000000
0.411257
0.000000
0.000000
0.000000
0.000000
0.000000
0.000000
2.528509
0.000000
2.732431
0.000000
0.000000
0.000000
0.000000
0.000000
0.000000
0.000000
0.000000
0.000000
0.000000
0.000000
0.000000
0.000000
0.000000
0.000000
0.000000
0.000000
2.706229
0.000000
0.000000
4.269343
0.000000
0.000000
0.000000
0.000000
0.000000
1.478740
0.000000
1.302066
0.000000
0.000000
0.000000
0.000000
0.000000
0.345023
0.000000
0.000000
0.000000
0.165098
0.000000
0.000000
0.000000
0.000000
0.973181
0.000000
0.000000
0.000000
1.728107
0.000000
0.000000
0.000000
0.000000
0.000000
0.000000
0.000000
1.142923
0.000000
0.000000
0.000000
0.000000
0.000000
0.263884
0.000000
0.000000
0.473661
0.000000
0.000000
0.000000
0.000000
0.579399
0.000000
0.000000
0.000000
0.000000
0.000000
0.000000
0.000000
0.892415
0.000000
0.037567
0.000000
0.000000
0.000000
0.000000
0.013847
0.000000
0.000000
0.000000
0.000000
1.781131
0.000000
0.000000
0.580102
0.000000
0.000000
0.000000
0.768754
0.000000
0.000000
0.000000
0.746700
0.000000
0.000000
1.384056
0.000000
0.000000
0.999998
0.000000
0.000000
0.000000
0.000000
0.000000
0.000000
0.000000
0.000000
0.000000
0.000000
0.734326
0.000000
0.000000
0.000000
0.000000
0.000000
0.050445
0.000000
0.000000
0.000000
0.000000
0.000000
0.000000
0.230770
0.000000
0.000000
0.000000
0.000000
0.000000
0.000000
0.491456
0.000000
0.000000
0.000000
0.000000
0.000000
0.000000
0.000000
0.000000
0.000000
0.000000
0.000000
0.000000
0.000000
0.000000
0.308469
0.000000
0.000000
1.701873
0.000000
0.000000
0.000000
0.140875
0.000000
0.000000
0.000000
0.000000
0.000000
0.000000
0.000000
1.340918
0.000000
0.000000
0.673050
0.000000
0.000000
0.003998
0.000000
0.000000
0.000000
0.000000
0.000000
0.176504
0.565335
0.890765
0.000000
0.000000
0.000000
0.000000
0.000000
0.000000
0.000000
0.000000
0.000000
0.000000
0.000000
1.091208
0.000000
0.000000
0.000000
1.365775
0.000000
0.000000
0.000000
0.000000
0.000000
0.000000
0.000000
0.000000
0.000000
0.000000
0.000000
0.000000
0.000000
0.000000
0.000000
0.000000
0.000000
0.000000
0.000000
1.295602
0.000000
0.000000
0.117421
0.000000
0.000000
0.000000
1.785109
0.000000
0.000000
0.000000
0.000000
0.000000
0.000000
1.219762
1.715010
0.000000
0.000000
0.000000
0.933323
0.000000
0.000000
0.000000
1.341541
0.989015
0.249681
0.000000
0.545001
0.000000
0.000000
0.000000
0.000000
0.000000
0.000000
1.330552
0.000000
0.000000
0.000000
0.000000
0.000000
0.000000
0.000000
0.000000
0.000000
0.000000
0.609162
0.000000
0.000000
0.000000
2.241541
0.935971
0.000000
0.000000
0.644937
0.000000
1.140880
0.000000
0.000000
0.000000
0.000000
0.818842
0.000000
0.000000
0.481212
0.000000
1.494084
0.000000
0.060460
0.000000
0.000000
0.000000
0.000000
0.000000
0.142222
0.000000
0.000000
0.000000
0.000000
0.000000
0.000000
0.000000
0.000000
0.000000
0.000000
0.740725
0.165034
0.000000
0.185871
0.000000
0.000000
0.000000
0.000000
0.000000
0.608443
0.000000
0.000000
0.000000
0.585563
0.000000
1.073710
1.198552
0.000000
0.000000
0.000000
0.000000
0.000000
0.000000
0.000000
0.000000
0.000000
1.527702
0.000000
0.000000
0.000000
0.000000
0.000000
0.128793
0.000000
0.000000
0.016059
0.000000
0.000000
0.000000
0.991884
0.000000
0.000000
0.000000
1.803497
0.000000
1.079848
0.000000
0.000000
0.000000
0.763816
0.000000
0.232253
1.619974
0.000000
0.000000
0.000000
0.000000
1.700990
3.658208
0.270359
0.671230
0.000000
0.462733
0.000000
0.000000
0.000000
0.000000
0.000000
0.000000
0.000000
0.000000
0.000000
0.000000
0.000000
0.000000
0.948831
0.000000
0.000000
0.000000
0.000000
1.304552
0.000000
0.000000
0.000000
0.640621
0.000000
0.000000
0.000000
0.000000
0.000000
0.000000
0.000000
0.000000
0.000000
0.000000
0.000000
0.000000
0.000000
0.274967
0.000000
0.096050
0.000000
0.540077
0.270012
0.000000
0.000000
1.949927
0.000000
0.000000
0.000000
0.000000
0.000000
0.000000
0.000000
0.000000
0.000000
0.000000
0.000000
0.000000
0.000000
0.000000
3.439313
0.000000
0.000000
0.000000
0.000000
0.000000
0.000000
0.541019
0.000000
0.000000
0.000000
0.000000
0.000000
0.907115
0.000000
0.000000
0.996755
0.000000
0.939277
0.000000
0.000000
0.000000
0.000000
0.000000
0.000000
0.521201
0.000000
0.000000
2.173513
0.000000
1.765206
1.008281
0.000000
0.200474
0.000000
0.000000
0.000000
0.000000
0.000000
0.000000
0.356045
0.000000
0.000000
0.000000
0.000000
0.000000
0.000000
0.000000
0.186646
0.000000
0.000000
0.000000
0.000000
0.000000
0.000000
0.000000
0.000000
0.000000
0.000000
0.000000
0.000000
0.000000
0.001785
0.166443
0.000000
0.000000
0.000000
0.000000
0.000000
0.726266
0.000000
0.000000
0.000000
0.000000
0.000000
0.000000
0.000000
0.000000
0.000000
0.000000
0.000000
0.064072
0.000000
0.000000
0.000000
0.000000
0.000000
0.000000
1.246127
0.539155
0.000000
0.000000
0.000000
0.000000
1.058594
0.000000
0.000000
0.000000
0.000000
0.000000
0.000000
0.000000
0.000000
0.853495
1.443299
0.000000
0.000000
0.000000
0.000000
0.000000
0.000000
0.000000
0.000000
0.000000
0.000000
0.000000
0.000000
0.000000
0.000000
0.000000
0.231896
0.000000
0.737772
0.000000
0.000000
0.000000
0.112983
0.000000
0.000000
0.493299
0.000000
0.000000
0.000000
0.000000
0.000000
0.000000
0.000000
0.000000
0.000000
0.000000
0.000000
0.000000
0.000000
1.376971
0.000000
0.000000
0.000000
0.000000
0.000000
0.585280
1.360263
0.000000
0.379298
0.763379
0.000000
0.000000
1.426996
0.000000
0.000000
0.610934
0.000000
0.000000
1.940401
0.000000
0.000000
0.134325
0.000000
0.000000
0.000000
0.000000
0.002475
0.000000
0.196675
1.222486
0.000000
0.000000
0.000000
0.000000
0.000000
0.000000
0.268247
0.000000
0.000000
0.000000
0.000000
0.000000
0.000000
0.000000
0.000000
0.000000
0.125421
0.000000
0.000000
0.000000
0.000000
0.000000
0.000000
0.000000
0.771956
0.000000
0.000000
0.000000
2.366553
0.000000
0.103647
0.596117
0.000000
0.000000
0.000000
0.000000
0.393730
0.000000
0.000000
0.594709
0.000000
0.000000
0.000000
0.000000
0.304779
0.000000
0.000000
0.000000
0.000000
0.000000
0.000000
0.000000
0.000000
0.000000
0.000000
0.000000
0.000000
0.000000
0.000000
0.000000
0.000000
0.000000
2.361526
0.000000
0.000000
0.000000
0.000000
0.000000
0.000000
0.000000
0.000000
0.653929
0.000000
0.000000
1.154674
0.708605
0.328776
0.000000
0.000000
0.000000
0.000000
0.000000
0.222326
0.000000
0.000000
0.000000
0.000000
0.000000
0.000000
0.000000
0.000000
0.000000
0.000000
0.000000
0.005006
0.000000
0.372168
0.000000
0.000000
0.000000
0.000000
0.000000
0.000000
0.000000
0.000000
0.000000
0.000000
0.000000
0.000000
0.000000
0.000000
0.000000
0.000000
0.000000
0.000000
0.000000
1.541673
0.000000
0.000000
0.000000
0.424609
0.223656
0.000000
0.045554
0.000000
0.000000
0.000000
2.462588
0.000000
0.000000
0.549090
0.306424
0.000000
0.000000
0.000000
0.000000
0.000000
0.000000
0.000000
0.000000
0.000000
0.000000
2.083278
0.041659
0.000000
0.000000
0.000000
0.000000
0.180403
0.000000
0.000000
0.000000
0.000000
0.000000
0.000000
0.000000
0.000000
0.000000
0.000000
0.196861
0.201281
0.000000
0.000000
0.000000
0.000000
0.000000
0.000000
0.000000
0.316334
0.000000
0.000000
0.522360
0.000000
0.000000
0.000000
0.000000
0.000000
0.000000
0.065826
0.000000
0.000000
0.000000
0.000000
0.000000
0.032351
0.000000
0.000000
0.000000
0.000000
0.000000
0.542314
0.000000
0.000000
0.000000
0.000000
0.000000
0.000000
0.000000
0.000000
0.000000
0.773831
0.816389
0.000000
0.000000
0.000000
0.000000
0.000000
0.000000
0.000000
0.000000
0.316186
0.000000
0.000000
0.000000
0.000000
0.000000
1.537526
0.000000
0.000000
0.000000
0.000000
0.000000
0.521105
0.000000
0.000000
0.000000
0.000000
0.000000
0.000000
0.000000
0.000000
0.000000
0.000000
0.000000
0.000000
0.000000
0.000000
0.000000
0.000000
0.000000
0.092247
0.000000
0.154143
0.000000
0.000000
0.000000
0.000000
0.000000
0.000000
0.360783
0.000000
0.000000
0.513696
0.000000
0.000000
0.022603
0.000000
2.195881
0.000000
0.000000
0.000000
0.000000
0.000000
0.000000
0.000000
0.000000
0.000000
0.000000
0.000000
0.000000
0.000000
0.000000
0.175792
0.000000
0.000000
0.000000
1.916056
0.000000
0.000000
0.000000
1.503116
0.000000
1.371051
0.000000
0.466884
0.000000
1.776258
0.000000
0.000000
0.000000
0.754997
0.000000
0.000000
0.000000
0.000000
0.000000
0.000000
0.000000
0.530524
0.000000
0.000000
0.000000
0.000000
0.000000
0.000000
0.000000
0.000000
0.000000
0.000000
1.310807
0.000000
0.000000
0.000000
0.027757
0.000000
0.000000
0.000000
0.000000
0.000000
0.000000
0.000000
2.493073
0.000000
1.006986
0.000000
0.000000
2.268676
0.000000
0.000000
1.409848
0.000000
0.000000
0.000000
0.000000
0.000000
0.000000
0.000000
0.000000
0.000000
0.000000
0.000000
0.000000
0.000000
0.000000
0.000000
0.000000
0.000000
0.000000
0.000000
0.000000
0.000000
0.000000
0.000000
1.555662
0.000000
0.000000
0.000000
0.956631
0.000000
0.000000
0.991837
0.000000
0.000000
0.000000
0.000000
0.000000
0.000000
0.000000
0.000000
0.000000
0.126580
0.000000
0.576454
1.962454
0.000000
0.000000
0.000000
0.175729
0.000000
0.000000
0.000000
0.000000
0.000000
0.000000
0.000000
0.000000
0.000000
0.000000
0.000000
0.000000
0.000000
0.000000
0.000000
0.000000
0.000000
0.000000
0.000000
1.374799
0.000000
2.258081
0.000000
0.000000
0.000000
0.000000
0.000000
0.745136
0.000000
0.000000
0.000000
0.906022
0.000000
0.000000
0.000000
0.000000
0.000000
0.000000
0.000000
0.000000
0.000000
0.000000
1.453407
0.000000
0.000000
0.240447
0.000000
0.000000
0.000000
0.000000
0.000000
0.000000
0.000000
0.086555
0.000000
0.000000
0.000000
0.000000
0.000000
1.658241
0.000000
0.000000
0.000000
0.130858
0.019851
0.000000
0.000000
0.000000
0.000000
0.000000
0.000000
0.000000
0.000000
0.000000
0.000000
0.000000
0.000000
0.000000
0.000000
0.000000
0.000000
0.000000
0.000000
0.000000
0.000000
0.000000
0.000000
0.000000
0.000000
0.778078
1.821347
0.398922
0.000000
0.000000
0.000000
0.000000
0.000000
0.000000
0.000000
0.000000
1.302940
0.000000
0.000000
0.958303
0.000000
0.363363
0.000000
0.000000
0.000000
0.000000
0.000000
0.000000
0.000000
0.000000
0.000000
0.000000
0.000000
0.600863
0.000000
0.000000
0.090945
0.000000
0.000000
0.000000
0.000000
0.000000
0.000000
0.000000
0.000000
0.431771
0.000000
1.070274
0.000000
0.893099
0.000000
0.000000
0.000000
0.000000
0.831135
0.000000
0.000000
0.000000
0.000000
0.000000
0.000000
0.000000
1.080345
0.000000
0.000000
0.085638
0.000000
0.000000
0.000000
0.000000
0.000000
0.000000
1.343105
2.568422
0.000000
0.000000
0.014321
0.000000
1.572471
0.000000
0.000000
0.184935
0.000000
0.000000
0.000000
0.000000
0.000000
0.233616
0.000000
0.000000
0.000000
0.000000
0.000000
0.156750
0.000000
0.000000
0.000000
0.000000
0.262131
1.077234
0.000000
0.000000
0.000000
0.000000
0.662031
0.000000
0.000000
0.000000
0.000000
0.000000
0.000000
0.272353
0.318924
1.008856
1.108233
0.000000
0.000000
0.093508
0.000000
0.163154
0.000000
0.000000
0.000000
0.000000
0.147710
0.000000
0.000000
1.129021
0.000000
1.053944
0.472105
0.000000
0.000000
0.000000
0.328841
0.000000
0.000000
0.000000
0.720893
0.000000
0.000000
0.000000
0.775352
0.000000
0.000000
1.722945
0.000000
0.000000
0.000000
0.000000
0.000000
0.000000
0.000000
0.000000
0.000000
0.000000
0.000000
0.000000
0.000000
0.000000
0.000000
0.000000
0.000000
0.000000
0.000000
0.000000
0.000000
0.000000
0.000000
0.000000
0.000000
1.140526
0.000000
0.000000
0.000000
0.000000
0.000000
0.000000
0.000000
0.000000
1.195103
0.000000
0.271555
0.000000
0.945261
0.355436
0.000000
0.000000
0.000000
0.907450
0.000000
1.095889
0.000000
0.000000
0.000000
0.000000
0.000000
0.682228
0.000000
0.000000
0.000000
0.000000
0.000000
0.000000
0.000000
0.133956
0.000000
0.000000
0.000000
0.802267
0.000000
0.000000
0.000000
0.000000
0.000000
0.000000
0.000000
0.000000
0.000000
0.000000
0.000000
0.000000
0.000000
0.000000
0.467787
0.000000
0.000000
0.000000
0.000000
0.000000
0.000000
0.000000
1.335079
0.835514
0.000000
0.000000
0.000000
0.000000
0.000000
0.000000
0.000000
0.000000
0.000000
0.000000
0.000000
0.000000
0.000000
0.000000
0.000000
0.000000
0.000000
0.000000
0.000000
0.000000
0.000000
0.000000
0.000000
0.306056
0.000000
0.000000
0.000000
2.472652
0.000000
0.000000
0.000000
0.000000
0.895234
0.000000
0.000000
0.000000
0.686320
0.000000
0.000000
0.316764
0.304781
0.000000
0.000000
0.000000
0.000000
0.000000
0.000000
0.000000
0.000000
0.000000
0.000000
0.000000
0.733735
0.147895
0.000000
0.000000
2.288179
0.000000
0.000000
0.133830
0.000000
0.000000
0.000000
0.000000
0.000000
0.000000
0.696652
0.156493
0.000000
0.000000
0.000000
0.000000
0.000000
0.000000
0.000000
0.000000
0.000000
0.000000
0.000000
0.000000
0.000000
0.000000
0.000000
0.108486
0.565955
0.000000
0.000000
0.165211
0.000000
0.584611
0.000000
0.000000
1.184594
0.000000
1.891956
0.000000
0.000000
0.000000
0.000000
0.000000
0.000000
0.000000
0.000000
0.000000
0.000000
0.000000
0.000000
0.000000
0.000000
0.000000
0.000000
0.000000
0.000000
0.000000
0.000000
0.000000
0.000000
0.000000
0.000000
0.000000
0.000000
0.000000
0.000000
0.491070
0.000000
0.000000
0.000000
0.800561
0.000000
1.500123
0.000000
0.000000
0.000000
0.000000
0.000000
0.000000
0.000000
0.000000
0.000000
0.344479
0.000000
0.000000
0.480809
0.224652
0.248010
0.000000
0.714368
0.000000
0.000000
0.000000
0.000000
0.000000
0.000000
0.000000
0.000000
0.000000
0.630670
0.000000
0.287383
0.000000
0.000000
0.009842
0.426989
0.000000
0.654514
1.431732
0.073403
0.000000
0.000000
0.000000
0.000000
0.000000
0.000000
0.000000
0.000000
0.000000
0.000000
0.000000
0.000000
0.000000
0.000000
0.000000
0.000000
0.000000
0.061331
0.000000
0.000000
0.000000
0.000000
0.428743
0.339681
0.000000
0.000000
1.599867
0.000000
0.000000
0.000000
0.105142
0.474924
0.000000
0.000000
0.000000
0.000000
0.000000
0.000000
0.000000
0.000000
0.000000
0.000000
0.000000
0.000000
0.983509
0.000000
0.000000
0.000000
0.000000
0.000000
0.000000
0.000000
0.000000
0.836140
0.000000
0.000000
0.000000
0.000000
0.941846
0.000000
0.000000
0.000000
0.000000
0.333482
0.000000
0.000000
0.590978
0.000000
0.000000
0.000000
0.000000
0.000000
0.000000
0.000000
0.000000
