0.000000
0.000000
0.000000
0.000000
0.000000
0.000000
0.000000
0.448693
0.000000
0.000000
0.000000
1.152819
0.000000
0.000000
0.000000
0.000000
0.000000
1.050564
0.000000
0.000000
0.000000
0.000000
0.000000
0.168050
0.328263
0.000000
0.000000
0.000000
0.000000
0.000000
0.000000
0.000000
0.000000
0.000000
0.000000
0.000000
0.000000
0.000000
0.000000
0.000000
0.000000
0.000000
1.682609
0.999931
0.000000
0.000000
0.000000
0.668157
0.000000
0.000000
0.000000
2.636658
0.000000
0.000000
0.000000
0.000000
0.000000
0.000000
0.000000
0.000000
0.000000
0.000000
0.000000
0.000000
0.230502
0.000000
0.000000
0.000000
0.000000
0.000000
0.721294
0.000000
0.000000
0.309829
0.000000
0.144447
0.000000
0.000000
0.000000
0.000000
0.000000
0.000000
0.000000
0.000000
0.304005
0.381440
0.000000
0.000000
2.424823
0.000000
0.000000
0.132722
0.000000
0.000000
0.794648
0.094682
0.000000
0.000000
0.000000
0.000000
0.000000
0.000000
0.812542
0.000000
0.000000
0.000000
0.000000
0.788371
0.277576
0.000000
0.000000
0.000000
0.000000
0.000000
0.000000
0.000000
0.000000
0.000000
0.000000
0.000000
0.000000
2.827224
1.533644
0.288833
0.000000
0.000000
0.000000
0.000000
0.000000
0.000000
0.000000
0.000000
0.000000
0.000000
0.000000
0.000000
0.469730
0.000000
0.000000
0.079330
0.000000
0.000000
1.256259
0.000000
0.000000
0.000000
0.000000
0.000000
0.000000
0.000000
0.000000
0.000000
0.000000
0.000000
3.849248
0.000000
0.000000
1.999776
0.000000
0.000000
0.000000
0.976532
0.000000
0.000000
0.737897
0.000000
0.000000
0.000000
0.000000
0.397234
0.000000
0.000000
0.000000
0.000000
0.624274
0.456332
0.000000
0.000000
0.977747
0.000000
0.000000
0.000000
0.000000
0.000000
0.000000
0.000000
0.000000
0.000000
0.000000
0.000000
0.000000
0.107981
0.000000
0.000000
0.000000
0.000000
1.584597
0.175450
1.041758
0.000000
0.000000
0.000000
0.000000
0.000000
0.000000
0.000000
0.000000
0.000000
0.000000
0.000000
0.686154
0.000000
0.000000
0.000000
0.000000
0.000000
0.365108
0.000000
0.000000
0.000000
0.000000
0.000000
0.996223
0.000000
1.305594
0.000000
0.000000
0.722079
0.000000
0.000000
0.000000
0.500004
0.000000
4.101226
0.000000
0.000000
0.000000
0.000000
0.000000
0.000000
0.000000
0.000000
0.000000
0.000000
0.377057
0.000000
0.000000
0.000000
0.188746
0.000000
0.000000
1.016430
0.000000
1.602878
0.000000
0.000000
0.000000
0.000000
0.000000
0.000000
0.000000
0.000000
1.360993
0.000000
0.000000
0.000000
0.000000
0.000000
0.000000
0.000000
2.562644
0.000000
0.000000
0.000000
0.000000
0.000000
0.000000
0.000000
0.000000
0.000000
0.000000
0.000000
0.000000
0.000000
0.038410
0.000000
0.000000
0.000000
0.000000
0.829774
1.848181
0.000000
0.000000
1.577111
0.000000
0.000000
0.000000
0.000000
1.650824
0.000000
2.473043
0.000000
0.000000
0.000000
0.000000
0.000000
0.000000
0.000000
0.000000
0.000000
0.000000
0.000000
0.000000
0.923970
2.369048
0.000000
0.000000
0.998449
0.000000
0.000000
0.000000
0.511854
0.000000
0.000000
0.000000
0.000000
0.000000
0.000000
0.000000
0.000000
0.000000
0.000000
0.000000
0.000000
0.000000
1.092059
1.831935
1.809783
0.000000
0.000000
0.000000
0.000000
0.000000
0.000000
0.000000
0.000000
0.616272
0.000000
0.000000
0.000000
0.000000
1.104449
0.000000
0.000000
0.000000
0.000000
0.000000
0.000000
0.000000
0.000000
0.000000
0.000000
0.000000
0.000000
0.000000
0.385860
0.000000
0.000000
0.000000
0.000000
0.000000
1.320570
0.000000
0.000000
2.189129
0.000000
0.000000
0.000000
0.000000
1.698967
0.000000
0.000000
0.000000
0.000000
0.000000
1.883938
0.753098
0.000000
0.000000
0.000000
0.000000
0.000000
0.000000
1.372956
0.000000
0.000000
0.000000
0.000000
0.000000
0.000000
0.000000
0.000000
0.000000
0.000000
0.000000
0.000000
0.000000
0.000000
0.000000
0.000000
0.000000
0.000000
0.376619
0.000000
0.000000
1.569653
0.000000
0.000000
0.000000
0.000000
0.000000
0.278842
0.177170
0.000000
0.000000
0.000000
0.000000
0.000000
0.791816
0.000000
0.000000
0.000000
0.000000
0.000000
0.000000
0.000000
0.000000
0.000000
0.062090
0.000000
0.000000
0.000000
0.657564
0.809873
0.000000
1.460181
0.000000
0.000000
0.000000
0.000000
0.000000
0.000000
0.220902
0.000000
0.000000
0.000000
0.000000
0.000000
0.000000
0.193896
0.000000
0.000000
0.000000
1.183806
0.000000
0.000000
0.000000
0.000000
0.000000
0.000000
0.000000
0.000000
0.000000
0.000000
0.000000
0.000000
0.000000
0.000000
0.000000
0.000000
0.000000
0.000000
0.000000
0.000000
0.000000
0.000000
0.000000
3.953025
2.021253
0.000000
0.000000
0.000000
0.000000
0.000000
0.000000
0.000000
1.258597
0.000000
0.000000
0.000000
0.000000
0.000000
0.000000
0.000000
1.850684
0.000000
0.000000
0.000000
0.000000
0.000000
0.511421
0.000000
0.000000
0.000000
0.000000
0.000000
0.000000
0.000000
0.000000
2.373517
0.046588
0.000000
0.000000
0.000000
0.310058
0.000000
0.000000
0.000000
0.000000
0.000000
0.000000
1.993201
0.000000
0.000000
0.400004
0.000000
0.000000
0.000000
0.000000
0.000000
0.000000
0.265352
0.000000
0.088779
0.000000
0.000000
0.000000
3.883159
0.297730
0.000000
1.656011
0.000000
0.000000
0.000000
0.000000
0.058587
0.000000
0.000000
0.000000
0.000000
0.611930
0.000000
0.124929
0.000000
0.000000
0.000000
0.000000
0.000000
0.000000
0.000000
0.000000
0.000000
0.000000
1.445640
0.000000
0.000000
1.690061
0.000000
0.000000
0.000000
0.000000
0.000000
0.000000
0.000000
0.000000
0.000000
0.000000
0.000000
0.000000
0.000000
0.000000
0.000000
2.234514
0.000000
0.000000
0.000000
0.000000
0.000000
0.000000
0.000000
0.000000
0.000000
0.000000
0.000000
0.000000
0.000000
0.000000
0.000000
0.094315
0.000000
0.000000
0.000000
0.000000
0.000000
0.000000
0.000000
0.166360
0.000000
0.000000
0.000000
0.000000
0.000000
0.000000
1.385851
0.000000
0.000000
0.000000
0.000000
0.000000
1.199150
0.000000
0.000000
0.000000
0.000000
0.000000
0.000000
0.000000
0.000000
0.000000
0.000000
0.000000
0.562465
0.000000
0.000000
0.000000
0.000000
0.000000
0.000000
0.000000
0.000000
0.916127
0.000000
0.000000
0.000000
0.000000
0.000000
0.000000
0.000000
0.000000
1.275232
0.000000
0.000000
0.000000
0.000000
0.000000
0.000000
0.561342
0.000000
0.000000
0.000000
0.000000
0.558733
0.000000
1.150396
0.000000
0.000000
0.000000
0.000000
0.000000
0.000000
0.000000
0.000000
0.000000
0.000000
0.000000
0.000000
0.000000
0.000000
0.000000
0.000000
1.354748
1.876777
0.000000
0.000000
0.000000
0.000000
0.000000
0.000000
0.000000
0.000000
0.000000
0.000000
0.000000
0.392738
0.000000
0.380301
0.000000
0.169162
0.000000
0.000000
0.000000
0.000000
0.000000
0.000000
0.472888
0.000000
0.000000
0.000000
0.000000
0.000000
0.000000
0.000000
1.248711
0.000000
0.000000
0.000000
0.000000
0.280377
0.000000
0.000000
0.000000
0.000000
0.000000
1.429715
0.000000
0.000000
0.000000
0.000000
0.000000
0.000000
0.000000
0.000000
0.000000
0.000000
0.000000
0.567663
1.063460
0.000000
0.000000
0.000000
0.006466
0.000000
0.000000
0.000000
0.401540
0.738058
0.000000
0.000000
0.000000
0.000000
0.000000
0.000000
0.000000
0.054129
0.000000
0.466332
1.776137
0.000000
0.000000
1.326573
0.000000
0.000000
0.997376
0.000000
0.000000
0.000000
0.000000
0.000000
0.000000
0.000000
0.000000
0.000000
0.000000
0.000000
0.000000
0.000000
0.000000
0.000000
0.000000
0.000000
0.000000
0.000000
0.000000
0.000000
0.177263
0.000000
0.000000
0.000000
0.000000
0.000000
2.301061
0.000000
0.000000
0.000000
0.024742
0.673467
0.000000
0.000000
0.000000
1.690407
0.000000
0.000000
0.000000
0.000000
0.344256
0.000000
0.408300
0.000000
0.000000
0.000000
0.000000
0.000000
0.000000
0.000000
0.000000
0.000000
0.000000
0.000000
0.000000
0.000000
0.000000
0.000000
0.000000
0.000000
0.000000
0.000000
0.000000
0.000000
0.000000
0.000000
0.725205
0.000000
0.000000
0.000000
0.000000
0.000000
0.000000
0.000000
0.000000
0.000000
0.000000
0.000000
0.000000
0.000000
0.000000
0.000000
1.245111
0.000000
0.000000
0.000000
0.000000
0.000000
0.000000
0.000000
0.000000
0.000000
0.000000
0.000000
0.000000
0.000000
0.000000
0.000000
0.292412
0.000000
0.000000
0.593524
0.000000
0.000000
0.000000
0.000000
0.000000
0.345308
0.000000
0.000000
0.000000
0.000000
0.000000
0.329852
0.317319
0.000000
0.000000
0.000000
0.000000
0.000000
0.000000
0.000000
0.000000
0.000000
5.193463
0.210956
0.000000
0.000000
0.000000
0.000000
0.000000
0.000000
0.000000
0.000000
1.701363
0.000000
0.000000
0.000000
0.000000
0.000000
0.000000
2.321715
0.000000
0.000000
0.000000
0.000000
0.000000
1.886532
0.653984
0.000000
1.208279
0.000000
0.000000
0.000000
0.000000
0.000000
0.000000
0.000000
0.000000
0.198531
0.000000
0.000000
0.000000
0.000000
0.000000
0.000000
0.000000
0.000000
0.000000
0.000000
0.000000
0.000000
0.030192
0.000000
0.000000
0.527922
0.000000
0.000000
0.000000
0.000000
0.000000
0.155528
0.000000
0.000000
0.000000
0.000000
0.000000
0.000000
0.000000
0.000000
0.215421
0.714701
0.000000
0.000000
0.534789
0.000000
0.000000
0.000000
0.000000
0.000000
0.000000
0.849487
0.000000
0.000000
2.285315
0.000000
0.223970
0.000000
0.000000
0.000000
0.000000
0.000000
0.000000
0.829606
0.000000
0.000000
0.000000
0.000000
0.000000
0.000000
0.000000
0.000000
0.231501
0.507288
0.000000
0.365026
0.000000
0.000000
0.000000
0.000000
0.000000
0.000000
0.000000
0.000000
0.000000
0.000000
0.000000
0.000000
0.000000
0.000000
1.401573
0.000000
1.419379
0.000000
0.000000
0.000000
0.000000
0.000000
0.045137
0.039532
0.000000
0.000000
0.000000
0.000000
0.000000
0.000000
0.411656
0.000000
0.000000
0.000000
0.000000
0.000000
0.000000
0.000000
0.000000
1.668340
0.000000
0.000000
0.000000
0.000000
0.000000
0.000000
0.000000
0.000000
0.000000
0.000000
0.000000
0.000000
0.000000
0.935411
0.000000
0.000000
0.000000
0.000000
0.000000
0.000000
0.000000
0.000000
0.000000
0.000000
0.422592
0.000000
0.000000
0.000000
0.000000
0.000000
0.000000
0.000000
1.286792
0.000000
2.421708
0.000000
0.000000
0.000000
0.000000
3.333485
0.412222
0.000000
0.000000
0.000000
0.000000
0.000000
0.000000
0.000000
0.000000
1.730537
0.000000
0.000000
1.725661
0.000000
0.168406
0.000000
0.000000
0.000000
0.000000
0.000000
0.000000
0.000000
0.000000
0.000000
0.000000
0.000000
0.000000
0.000000
0.000000
1.070547
0.000000
0.000000
0.000000
0.000000
0.590324
0.000000
3.842616
0.000000
1.802642
0.255949
0.000000
0.000000
0.133528
0.989508
0.000000
0.000000
0.000000
0.000000
0.000000
0.000000
0.000000
0.000000
0.000000
0.000000
0.000000
0.000000
0.000000
0.000000
0.000000
0.000000
0.000000
0.000000
0.000000
0.000000
0.000000
0.000000
1.432631
0.000000
0.000000
0.000000
1.278870
0.000000
0.196254
0.000000
0.000000
0.000000
0.000000
0.000000
0.000000
0.000000
0.000000
0.000000
0.000000
0.000000
1.003658
0.000000
0.000000
0.000000
0.000000
0.000000
0.000000
0.000000
0.000000
0.000000
0.000000
0.000000
0.000000
0.626228
0.000000
0.000000
0.374879
0.000000
0.000000
0.000000
0.944852
0.000000
0.343797
0.000000
0.000000
0.000000
1.099940
0.000000
0.000000
0.000000
0.000000
0.000000
0.000000
0.038059
0.000000
0.000000
0.000000
0.000000
0.000000
0.062740
0.000000
0.000000
0.114842
0.000000
0.000000
0.000000
0.000000
0.000000
0.000000
0.000000
0.000000
0.000000
0.000000
2.009804
0.000000
0.000000
0.491617
0.000000
0.000000
0.000000
0.000000
0.000000
0.000000
0.721460
0.000000
2.423353
0.000000
0.000000
0.000000
0.000000
1.472782
0.000000
0.000000
0.000000
0.000000
0.057107
0.000000
0.563904
0.000000
0.000000
0.327406
0.000000
0.000000
0.000000
0.000000
0.000000
0.000000
0.000000
0.149909
0.000000
0.000000
0.000000
0.000000
0.184693
0.000000
1.625122
0.000000
0.000000
0.000000
1.609612
1.113088
0.000000
0.000000
0.000000
0.000000
0.868553
1.728166
0.000000
0.000000
0.000000
0.000000
0.000000
0.000000
0.000000
0.000000
0.000000
0.000000
0.000000
0.000000
0.000000
0.000000
0.000000
0.000000
0.000000
0.000000
0.000000
0.099936
0.000000
0.000000
0.000000
0.000000
0.994785
0.000000
0.000000
0.000000
0.000000
2.303339
0.000000
0.000000
0.000000
0.000000
0.000000
0.000000
0.000000
0.000000
0.000000
0.000000
0.000000
0.000000
0.000000
0.000000
0.000000
0.000000
1.826087
0.000000
0.000000
0.000000
0.552996
0.000000
0.000000
0.000000
0.000000
0.000000
0.000000
0.000000
0.000000
0.202962
0.000000
0.000000
0.000000
0.000000
0.000000
0.000000
0.000000
0.000000
0.000000
0.000000
0.000000
0.000000
0.000000
0.000000
0.000000
0.000000
0.000000
0.000000
0.000000
0.000000
0.000000
0.000000
0.000000
0.000000
0.000000
0.000000
0.000000
0.000000
0.000000
0.000000
0.000000
0.000000
0.000000
0.000000
0.000000
0.000000
0.000000
0.000000
1.109362
0.000000
0.000000
0.000000
0.205139
0.000000
0.000000
0.000000
0.000000
0.000000
0.000000
0.000000
0.113008
1.366698
0.000000
0.000000
0.000000
0.000000
1.412771
0.420315
0.000000
0.000000
0.000000
0.000000
0.000000
0.000000
0.000000
0.000000
0.350033
2.506880
0.000000
0.013606
0.000000
0.000000
0.000000
0.000000
0.527328
1.068855
0.012407
0.000000
0.000000
0.000000
1.718041
0.291563
0.000000
0.000000
0.111438
0.000000
0.000000
0.000000
0.000000
0.000000
0.021173
0.000000
0.000000
0.000000
0.000000
0.000000
0.000000
0.000000
0.000000
0.000000
0.000000
0.000000
0.000000
0.145103
0.000000
0.000000
0.050522
0.000000
0.000000
0.000000
0.000000
0.000000
0.000000
0.148213
0.000000
0.000000
0.000000
0.000000
0.315119
1.613502
0.000000
0.000000
0.000000
0.000000
0.000000
0.000000
0.000000
0.000000
0.000000
0.000000
0.000000
0.000000
0.000000
0.000000
0.000000
0.000000
0.000000
0.000000
0.000000
0.000000
0.000000
1.045236
0.483279
0.000000
0.000000
0.000000
0.000000
0.000000
0.000000
0.000000
0.000000
0.021174
0.000000
0.000000
0.000000
0.000000
0.000000
0.000000
0.000000
0.000000
0.000000
0.000000
0.000000
0.855708
0.000000
0.000000
0.000000
1.137258
0.000000
0.000000
0.000000
0.000000
0.000000
0.000000
0.449467
0.483028
0.000000
2.496474
0.000000
0.000000
0.000000
0.000000
0.000000
0.000000
0.000000
0.000000
0.005698
0.601823
0.000000
0.000000
0.000000
0.000000
0.000000
0.000000
0.000000
0.000000
0.000000
1.117412
0.000000
0.000000
0.000000
0.000000
0.000000
0.000000
0.000000
1.162264
0.000000
0.000000
0.000000
0.000000
0.000000
0.000000
0.000000
0.000000
0.000000
0.000000
0.773678
0.000000
2.109264
0.286225
0.000000
0.000000
4.707470
0.726198
0.000000
0.000000
2.420434
0.000000
0.000000
0.000000
0.000000
0.000000
0.000000
0.000000
0.000000
0.279482
0.000000
0.000000
0.000000
0.257092
0.000000
0.000000
0.000000
0.000000
0.000000
0.000000
0.348084
0.000000
0.000000
0.000000
0.163235
0.000000
0.000000
0.000000
0.000000
0.000000
0.000000
0.000000
0.000000
0.000000
0.000000
0.000000
0.000000
0.000000
0.000000
0.000000
0.000000
0.000000
0.000000
2.472744
0.000000
0.000000
0.000000
0.000000
0.000000
0.000000
0.000000
0.000000
0.000000
0.000000
0.000000
0.000000
0.000000
0.000000
0.000000
0.000000
0.000000
0.000000
0.001420
0.000000
0.000000
0.000000
0.000000
0.000000
0.000000
0.000000
0.000000
0.000000
0.190300
0.000000
0.000000
0.000000
0.000000
0.000000
0.000000
0.000000
0.000000
0.000000
0.000000
0.000000
0.000000
0.000000
0.000000
0.792419
0.000000
0.000000
0.075727
0.000000
0.000000
0.000000
0.000000
0.000000
2.000460
0.223882
2.164654
0.000000
0.640523
0.000000
0.000000
0.000000
0.000000
0.354506
0.000000
0.000000
0.000000
0.000000
0.063504
0.000000
0.000000
1.249317
0.000000
0.000000
0.000000
0.000000
0.000000
0.000000
0.000000
0.000000
0.000000
0.000000
0.000000
2.666366
0.000000
1.038368
0.000000
0.000000
0.000000
2.945059
0.000000
0.000000
0.000000
0.000000
0.453573
0.000000
0.000000
0.000000
0.000000
0.000000
0.000000
0.000000
0.126505
0.000000
0.000000
0.000000
0.000000
0.000000
0.254332
0.000000
0.000000
0.000000
0.000000
0.000000
0.000000
0.000000
0.000000
0.000000
0.000000
0.000000
0.000000
0.000000
0.000000
0.000000
0.000000
0.000000
0.000000
0.000000
0.000000
0.000000
0.000000
0.000000
0.000000
0.000000
0.000000
0.000000
0.297104
0.000000
0.000000
0.000000
0.000000
0.000000
0.000000
0.000000
0.420078
0.000000
0.000000
0.000000
0.263383
0.000000
0.000000
0.000000
0.000000
0.235809
0.000000
0.000000
0.000000
0.000000
0.000000
0.000000
0.000000
0.000000
2.026389
0.000000
0.000000
0.000000
0.000000
0.000000
0.000000
0.000000
0.000000
0.000000
0.000000
0.000000
1.944489
0.000000
0.000000
0.145160
0.000000
3.478395
0.551544
0.000000
0.000000
0.000000
0.940732
0.000000
1.908016
0.000000
0.000000
0.000000
0.000000
0.000000
0.000000
0.000000
0.000000
0.000000
0.000000
0.000000
0.000000
0.000000
0.000000
0.000000
0.000000
0.000000
0.000000
0.000000
0.000000
0.000000
0.000000
0.000000
0.000000
0.000000
0.156396
0.000000
0.000000
0.000000
0.000000
0.882570
0.000000
0.000000
0.000000
0.000000
0.000000
0.000000
0.000000
0.000000
0.000000
0.000000
0.000000
0.195113
0.000000
0.000000
0.000000
0.000000
0.000000
0.000000
0.000000
0.000000
0.611463
0.000000
0.000000
0.000000
0.000000
0.000000
0.000000
0.000000
0.000000
1.050582
0.000000
0.000000
0.655729
0.000000
0.000000
0.000000
0.000000
0.000000
0.000000
0.000000
0.000000
0.000000
0.000000
0.000000
0.000000
0.000000
0.000000
0.000000
0.000000
0.944656
0.061485
0.000000
0.000000
0.000000
0.000000
0.000000
0.000000
0.000000
0.000000
1.213597
0.000000
0.000000
0.000000
0.000000
0.000000
0.000000
0.000000
0.000000
0.000000
0.000000
0.000000
0.000000
0.000000
0.000000
2.191113
0.000000
0.446956
0.000000
0.000000
0.000000
1.085754
2.797611
0.000000
0.000000
0.000000
0.000000
1.734035
0.000000
0.000000
0.000000
0.000000
0.000000
0.000000
0.000000
0.000000
0.000000
0.000000
0.000000
0.000000
0.702669
0.000000
0.430411
0.000000
0.000000
0.000000
0.000000
0.000000
0.077736
0.829760
0.000000
0.000000
0.000000
0.000000
0.000000
0.000000
0.632927
0.000000
0.323423
0.000000
0.000000
0.000000
0.000000
0.000000
0.000000
0.000000
0.821582
0.000000
0.000000
0.000000
0.000000
0.331558
0.000000
0.000000
0.000000
0.000000
0.000000
0.000000
0.000000
0.000000
0.000000
0.000000
1.060152
0.000000
0.000000
0.821246
0.000000
0.000000
0.175148
0.000000
0.000000
0.000000
0.000000
0.000000
0.000000
0.000000
0.000000
0.000000
1.243182
0.000000
0.000000
0.000000
0.000000
0.000000
0.000000
0.000000
0.526628
0.000000
0.000000
0.000000
0.000000
0.000000
0.000000
0.000000
0.000000
0.201079
0.152003
0.000000
0.000000
0.000000
2.990597
0.000000
0.000000
0.000000
0.000000
1.240368
0.000000
0.247626
0.000000
0.000000
1.170866
0.000000
0.000000
0.681125
0.000000
0.000000
0.000000
0.129713
0.000000
0.000000
0.000000
1.586377
0.000000
0.000000
0.000000
0.000000
0.000000
0.000000
0.000000
0.000000
0.667602
0.000000
0.000000
0.000000
0.809340
0.000000
0.000000
0.000000
0.000000
0.000000
0.000000
1.636316
0.000000
0.000000
0.000000
0.444790
0.000000
0.000000
1.981947
0.000000
0.000000
0.000000
0.000000
0.000000
0.000000
0.530361
0.000000
1.363706
1.087517
0.000000
0.000000
0.000000
0.000000
0.000000
0.000000
3.380408
0.000000
0.000000
0.000000
0.000000
0.000000
0.000000
0.000000
0.000000
0.000000
0.000000
0.000000
0.000000
0.000000
0.000000
0.863847
1.970045
0.739076
0.000000
0.000000
0.000000
0.000000
0.000000
0.000000
0.000000
0.357115
0.000000
2.861921
0.000000
0.000000
0.000000
0.000000
0.000000
0.000000
0.014856
0.000000
0.000000
0.000000
0.000000
0.000000
0.356238
0.000000
1.203539
0.000000
0.000000
0.000000
0.000000
0.000000
0.000000
0.000000
0.000000
0.000000
0.000000
0.000000
0.000000
0.000000
0.000000
0.000000
0.000000
0.000000
0.270674
0.000000
0.000000
0.000000
0.000000
0.000000
0.000000
2.781332
0.000000
0.000000
0.000000
0.000000
0.000000
0.000000
0.000000
0.000000
0.000000
0.000000
0.000000
0.000000
0.000000
0.000000
0.000000
0.000000
0.000000
0.211627
0.000000
0.000000
0.000000
0.000000
0.000000
1.175010
0.000000
0.000000
0.000000
0.000000
0.282533
0.000000
0.000000
0.000000
0.000000
0.000000
0.000000
0.000000
0.000000
0.260646
0.000000
0.000000
0.000000
0.000000
0.000000
0.000000
0.000000
0.000000
0.000000
0.000000
1.296064
0.000000
2.990099
0.000000
0.527614
0.000000
1.111702
0.000000
0.000000
0.000000
0.000000
1.767616
0.000000
0.000000
0.000000
0.000000
0.000000
0.000000
0.000000
0.000000
0.000000
0.000000
0.000000
0.000000
0.000000
0.000000
0.000000
0.000000
0.000000
0.000000
0.000000
1.303219
0.000000
0.000000
0.000000
0.000000
0.259077
0.000000
0.000000
0.000000
0.000000
0.000000
0.000000
0.000000
0.000000
0.000000
0.000000
0.000000
0.000000
0.000000
0.000000
0.000000
0.000000
0.000000
1.777168
0.000000
0.000000
0.000000
0.000000
0.000000
0.000000
0.000000
0.000000
0.000000
0.000000
0.000000
0.000000
0.000000
0.000000
0.000000
0.000000
0.000000
0.000000
0.000000
0.000000
0.000000
0.000000
0.889186
0.000000
0.000000
2.950298
0.000000
0.000000
0.059099
0.000000
0.000000
0.000000
0.000000
0.000000
1.692134
0.000000
0.000000
0.000000
0.000000
0.000000
0.000000
1.371492
0.000000
0.000000
0.000000
0.000000
0.000000
0.000000
0.000000
0.000000
0.000000
0.187055
0.000000
0.000000
0.000000
0.000000
0.000000
0.000000
0.000000
0.000000
0.000000
0.000000
0.000000
0.000000
0.000000
0.000000
0.000000
0.000000
0.000000
0.000000
0.000000
0.000000
0.000000
0.000000
0.000000
0.000000
0.000000
0.000000
1.035431
0.000000
1.855835
0.000000
0.000000
0.000000
0.000000
0.250292
0.502549
0.000000
0.000000
0.000000
0.000000
0.000000
0.000000
0.000000
0.000000
0.000000
0.000000
0.000000
0.000000
0.000000
0.000000
0.000000
0.000000
0.000000
0.000000
0.000000
0.000000
0.000000
0.000000
0.000000
1.292329
0.000000
0.000000
1.413410
0.000000
0.000000
0.000000
0.145404
0.000000
0.000000
0.000000
0.000000
0.000000
0.000000
0.612832
0.000000
0.000000
0.000000
0.000000
0.000000
0.000000
0.000000
0.000000
0.000000
0.000000
0.000000
0.000000
0.000000
0.000000
0.000000
0.000000
0.000000
0.000000
0.000000
0.000000
0.000000
0.000000
0.000000
1.557557
0.000000
0.000000
0.000000
0.610618
0.000000
0.000000
0.000000
0.000000
0.000000
0.252961
0.000000
0.000000
0.000000
0.000000
0.000000
0.000000
0.000000
0.114471
0.000000
0.000000
0.000000
0.000000
0.000000
0.000000
0.000000
0.000000
0.000000
0.000000
0.000000
0.000000
0.000000
0.000000
0.000000
0.000000
0.000000
0.000000
0.000000
0.642269
0.000000
0.000000
0.464597
0.000000
0.000000
0.000000
0.000000
0.000000
0.000000
0.000000
0.000000
0.000000
1.508296
0.000000
0.000000
0.189425
0.000000
0.000000
0.000000
0.000000
0.000000
2.068147
0.000000
1.044964
0.000000
0.000000
0.000000
0.000000
0.000000
0.000000
0.000000
0.511392
0.000000
0.000000
0.000000
0.000000
0.000000
0.000000
0.000000
0.000000
0.255370
0.187286
0.000000
0.000000
0.000000
0.000000
0.000000
0.000000
0.000000
0.000000
0.000000
0.000000
0.000000
0.000000
0.000000
0.000000
0.000000
0.000000
0.000000
0.000000
0.686247
0.000000
0.000000
0.630096
0.219704
0.000000
0.000000
0.000000
0.427721
0.000000
0.000000
0.000000
0.380572
0.000000
0.974700
0.000000
0.429983
0.000000
0.000000
0.000000
3.008016
0.000000
0.048947
0.000000
0.000000
0.000000
0.000000
0.000000
0.000000
0.000000
2.452314
0.000000
0.000000
0.000000
0.000000
0.000000
0.000000
0.000000
0.000000
1.425876
0.256341
0.000000
0.000000
0.000000
0.000000
0.000000
0.000000
0.000000
0.000000
0.000000
0.000000
0.000000
0.151593
0.000000
0.000000
0.000000
0.000000
0.000000
0.000000
0.000000
0.000000
0.000000
0.000000
0.000000
0.000000
0.000000
0.000000
0.000000
0.000000
0.000000
0.000000
0.000000
0.000000
0.000000
0.000000
0.000000
1.799577
0.000000
0.000000
0.000000
0.000000
0.000000
0.000000
0.000000
0.000000
0.000000
0.000000
1.619076
0.000000
0.000000
0.000000
0.116358
0.000000
0.000000
0.000000
0.271710
0.000000
0.000000
0.000000
0.000000
0.000000
0.000000
0.000000
0.000000
0.000000
0.000000
0.637736
0.000000
0.000000
0.000000
0.370116
0.000000
0.034382
0.000000
0.000000
0.000000
0.000000
0.000000
0.000000
0.000000
0.739368
0.000000
1.185145
0.000000
0.000000
0.000000
0.000000
0.000000
0.817931
0.000000
0.000000
0.000000
0.000000
0.000000
0.000000
0.736401
0.000000
0.000000
0.000000
0.000000
0.000000
0.000000
0.000000
0.000000
0.000000
0.000000
0.000000
0.000000
0.000000
0.000000
0.000000
0.000000
0.000000
0.000000
0.000000
0.000000
1.936816
0.000000
0.000000
0.000000
0.000000
1.490801
0.000000
0.000000
0.000000
0.000000
0.000000
0.126321
0.000000
0.000000
0.000000
0.741027
0.000000
0.000000
0.000000
1.004181
0.656665
0.000000
0.000000
0.000000
0.000000
0.445841
0.792804
0.000000
0.000000
0.539376
0.424230
0.000000
1.514407
0.000000
0.000000
0.000000
0.287598
0.000000
0.909699
0.000000
0.733963
0.450663
0.000000
0.000000
0.000000
0.000000
0.000000
0.000000
0.270625
0.000000
0.000000
0.000000
0.000000
0.000000
0.000000
0.000000
0.680111
0.489727
0.000000
0.000000
0.000000
0.000000
0.000000
0.000000
0.000000
0.000000
0.000000
0.000000
0.890503
0.000000
0.000000
0.000000
0.000000
0.144882
0.000000
0.000000
0.000000
0.155122
0.000000
0.430228
0.000000
0.000000
1.229964
0.000000
0.000000
0.000000
0.000000
0.004429
0.493304
0.000000
0.000000
0.000000
0.000000
0.000000
0.000000
0.000000
0.000000
0.000000
0.000000
0.000000
0.000000
0.000000
0.000000
0.000000
0.000000
0.000000
0.000000
0.000000
0.000000
0.000000
0.000000
0.000000
0.000000
0.000000
0.000000
0.000000
0.000000
0.000000
0.567599
0.000000
0.000000
0.000000
0.000000
1.500751
0.000000
1.598032
0.000000
0.641803
0.000000
0.000000
0.000000
0.000000
1.175143
0.000000
0.000000
0.000000
0.000000
0.000000
0.000000
1.163564
0.508081
0.000000
3.529909
0.000000
0.000000
0.000000
0.126840
0.000000
0.000000
0.000000
0.000000
0.000000
0.000000
0.000000
0.000000
0.000000
1.893414
0.000000
0.000000
0.000000
0.000000
0.000000
0.000000
0.000000
0.000000
0.000000
0.000000
0.000000
0.000000
0.000000
0.000000
0.000000
0.000000
0.000000
0.000000
0.000000
0.000000
0.000000
0.376780
0.000000
0.605860
0.000000
0.000000
0.000000
0.053059
0.000000
0.000000
0.000000
0.000000
0.000000
0.000000
0.000000
0.000000
0.000000
0.000000
0.000000
1.546420
0.000000
0.000000
0.000000
0.000000
0.000000
1.440807
0.000000
0.000000
0.000000
0.000000
0.000000
0.000000
0.000000
0.000000
0.000000
0.000000
0.000000
0.000000
0.000000
0.755766
2.349429
0.000000
0.000000
0.000000
0.000000
0.014087
0.000000
0.000000
0.000000
0.000000
0.000000
0.000000
0.000000
0.000000
0.000000
0.000000
0.000000
0.000000
0.000000
0.000000
0.000000
0.000000
0.000000
0.000000
0.000000
1.553847
0.000000
0.000000
0.000000
0.000000
0.000000
0.000000
0.000000
0.000000
0.000000
1.117677
0.000000
0.000000
1.082773
0.000000
0.000000
0.056026
0.000000
0.000000
0.000000
0.000000
0.000000
1.230688
0.000000
0.000000
0.000000
0.000000
0.000000
0.000000
0.000000
0.000000
0.008023
0.000000
0.000000
0.000000
0.321505
0.000000
0.000000
0.000000
0.000000
0.000000
0.000000
1.414192
0.000000
0.000000
0.000000
0.000000
0.000000
0.000000
2.362873
0.000000
0.319037
0.000000
0.000000
0.000000
0.000000
0.000000
0.000000
0.000000
0.000000
2.407134
0.000000
0.000000
0.000000
0.000000
0.000000
0.000000
0.000000
0.000000
0.000000
2.118268
0.000000
0.000000
0.688452
0.000000
0.000000
0.000000
0.000000
0.000000
0.000000
0.000000
3.031095
0.000000
0.000000
0.000000
0.000000
0.000000
0.396138
1.736473
0.306340
0.000000
0.000000
0.000000
0.000000
0.000000
0.000000
1.062845
0.000000
0.000000
0.000000
0.000000
0.000000
0.755780
0.000000
0.000000
0.000000
0.000000
0.000000
0.000000
0.000000
0.000000
0.000000
0.676937
0.000000
0.000000
0.222369
0.000000
0.276864
0.000000
0.000000
0.000000
0.000000
0.000000
0.286980
0.000000
0.000000
1.298625
0.000000
0.000000
0.419768
1.982286
0.000000
0.792088
0.000000
0.000000
0.000000
0.000000
2.021024
0.000000
0.000000
0.000000
0.000000
0.000000
0.000000
0.000000
0.000000
0.000000
2.138323
0.000000
0.000000
0.934629
0.000000
0.000000
0.000000
0.000000
0.000000
1.477093
0.000000
0.000000
0.000000
0.000000
0.000000
0.454058
0.000000
0.000000
0.000000
0.000000
0.000000
0.507960
0.000000
0.000000
0.000000
0.000000
0.000000
0.000000
4.073381
0.000000
1.192909
0.000000
0.000000
0.000000
0.000000
0.000000
0.000000
0.000000
0.000000
0.000000
0.152803
0.000000
0.000000
0.000000
0.333226
0.000000
0.000000
0.000000
0.000000
0.000000
0.000000
0.000000
0.000000
0.000000
0.000000
2.456293
0.000000
0.000000
0.000000
1.411167
0.000000
0.000000
0.131984
0.000000
0.000000
0.000000
0.000000
0.000000
0.095784
0.000000
0.000000
0.000000
0.000000
0.000000
0.000000
1.985910
0.000000
0.000000
0.000000
0.376291
0.000000
0.000000
0.000000
0.000000
0.000000
0.000000
0.000000
0.000000
0.000000
0.000000
0.000000
0.512003
0.000000
0.000000
0.711959
0.000000
0.000000
0.000000
0.000000
0.000000
0.000000
0.000000
1.542572
0.000000
0.000000
0.000000
0.000000
0.000000
0.037115
0.000000
0.000000
0.000000
0.000000
0.000000
0.000000
0.000000
0.473518
0.000000
0.000000
0.000000
0.000000
1.592579
0.000000
0.000000
0.000000
0.000000
0.000000
0.250911
0.000000
0.000000
0.000000
0.000000
0.000000
0.000000
0.000000
0.000000
0.000000
0.000000
0.000000
0.000000
0.000000
0.000000
1.191030
0.000000
0.000000
0.201961
0.000000
0.000000
0.000000
0.000000
0.000000
0.000000
0.000000
0.657966
0.000000
0.000000
0.000000
0.000000
0.000000
0.000000
1.408686
0.000000
0.708557
0.000000
0.000000
0.000000
0.000000
0.000000
0.000000
0.000000
0.000000
0.000000
0.741970
0.000000
0.000000
0.000000
0.000000
0.000000
0.000000
0.000000
0.000000
0.000000
0.000000
0.000000
0.000000
0.000000
0.000000
0.000000
0.000000
0.000000
0.000000
0.000000
0.000000
0.000000
0.000000
0.000000
0.000000
0.000000
0.000000
0.000000
0.000000
0.369948
0.000000
0.000000
0.000000
0.000000
0.801935
0.000000
0.000000
0.000000
0.000000
0.000000
0.000000
0.000000
0.000000
0.055525
0.000000
0.000000
0.000000
0.000000
0.000000
0.000000
0.000000
0.000000
0.209313
0.000000
0.000000
0.000000
0.000000
0.000000
0.000000
0.000000
1.698347
0.000000
0.000000
0.000000
0.000000
0.000000
0.827984
0.000000
0.000000
0.000000
1.761527
0.000000
0.000000
0.000000
0.000000
0.000000
0.000000
1.347003
0.000000
2.336195
0.467669
0.000000
0.000000
0.000000
0.479958
0.000000
0.000000
0.435432
0.000000
0.357803
0.000000
0.000000
0.000000
1.701363
0.000000
0.000000
0.000000
0.000000
0.000000
0.000000
0.000000
0.000000
0.000000
0.000000
0.000000
0.000000
0.000000
1.909542
0.000000
0.000000
0.000000
0.000000
0.000000
0.000000
0.000000
0.000000
0.000000
0.119087
0.000000
0.000000
0.000000
0.000000
0.000000
0.000000
0.000000
0.000000
0.000000
0.000000
0.000000
0.000000
0.710194
0.000000
0.000000
0.000000
0.000000
0.000000
0.151787
0.000000
0.000000
0.000000
0.046883
0.000000
0.000000
0.000000
0.143564
0.000000
0.000000
0.000000
0.000000
0.000000
0.000000
0.000000
0.000000
0.000000
0.000000
0.000000
0.000000
0.469648
0.000000
0.000000
1.225885
0.766199
0.545593
0.000000
0.000000
0.000000
0.000000
0.000000
0.000000
0.000000
0.000000
0.000000
0.000000
2.154101
0.796068
0.000000
0.000000
0.000000
0.000000
0.000000
0.000000
0.000000
0.000000
0.000000
0.000000
0.000000
0.000000
0.000000
0.000000
0.000000
0.000000
0.000000
0.000000
0.000000
0.000000
0.000000
0.000000
0.000000
0.000000
0.000000
0.000000
0.000000
0.000000
0.000000
0.000000
0.000000
0.000000
0.000000
0.000000
0.000000
0.000000
0.000000
0.000000
0.000000
0.000000
0.000000
0.000000
0.000000
0.000000
0.000000
0.000000
0.000000
0.000000
0.000000
0.000000
0.000000
0.000000
0.000000
0.000000
0.000000
0.000000
0.000000
0.000000
0.000000
0.009911
0.000000
0.000000
0.000000
0.000000
0.000000
0.000000
0.000000
0.248759
0.000000
0.000000
0.000000
1.246744
0.348366
0.000000
0.000000
0.000000
0.000000
0.000000
0.000000
0.000000
0.000000
0.000000
0.139279
1.184413
0.000000
0.000000
0.000000
0.000000
0.000000
0.000000
0.000000
0.000000
0.000000
0.000000
0.000000
1.085738
0.000000
0.755529
0.082367
0.000000
0.000000
0.000000
0.000000
0.000000
0.000000
0.000000
0.000000
0.000000
1.907148
0.000000
0.000000
0.000000
0.000000
0.000000
0.000000
0.000000
1.397666
0.000000
0.000000
0.000000
0.000000
0.000000
0.000000
0.000000
0.000000
0.000000
0.000000
0.000000
0.000000
0.000000
0.000000
0.000000
0.000000
0.000000
0.000000
0.270727
0.000000
0.000000
0.000000
0.000000
0.000000
0.000000
0.000000
0.000000
0.000000
0.358466
0.000000
0.000000
1.844087
0.000000
0.000000
0.000000
0.000000
0.000000
0.000000
0.000000
0.000000
0.000000
0.259796
0.000000
0.000000
0.000000
0.000000
0.000000
0.000000
0.000000
1.192841
0.000000
0.421375
0.000000
0.000000
0.000000
0.000000
0.000000
0.000000
0.000000
1.132391
2.379048
0.000000
0.000000
0.000000
0.000000
0.863691
0.275887
0.000000
0.000000
0.000000
0.000000
1.385352
0.000000
0.094550
0.000000
0.000000
0.000000
0.000000
0.000000
0.767880
0.000000
0.000000
0.000000
0.000000
0.000000
0.000000
2.358669
0.322830
0.000000
0.000000
0.000000
0.350650
0.000000
0.000000
0.000000
0.000000
0.000000
0.000000
0.000000
0.000000
0.000000
0.000000
0.000000
0.000000
0.000000
0.087165
0.000000
0.000000
0.000000
0.000000
1.317536
0.000000
0.000000
0.000000
0.000000
0.000000
2.302474
0.000000
0.000000
0.000000
0.000000
0.000000
0.000000
0.000000
0.000000
0.000000
0.000000
0.000000
0.000000
0.559105
0.000000
0.000000
0.141099
0.000000
0.000000
1.388967
0.000000
0.000000
0.000000
0.000000
0.000000
0.000000
0.000000
0.000000
1.154834
0.000000
0.131979
0.000000
0.000000
2.361614
0.000000
0.000000
0.000000
0.000000
0.000000
0.000000
0.000000
0.000000
0.000000
0.000000
0.000000
0.000000
0.984291
0.000000
0.000000
0.000000
0.000000
0.000000
0.001886
0.000000
0.138789
0.000000
0.000000
0.000000
0.000000
0.000000
0.000000
0.000000
0.000000
0.000000
0.000000
0.000000
0.573291
0.000000
0.000000
0.231325
0.000000
0.000000
0.000000
0.000000
0.000000
0.000000
0.000000
0.000000
0.000000
0.000000
0.000000
0.000000
0.000000
0.000000
0.000000
0.000000
0.000000
0.000000
0.000000
1.073315
0.000000
0.138835
0.334338
0.000000
0.000000
0.000000
0.000000
0.000000
0.000000
0.000000
0.987081
0.321674
0.000000
0.000000
0.000000
0.000000
0.000000
0.000000
0.000000
0.000000
0.000000
0.000000
0.000000
0.000000
0.000000
0.000000
0.000000
0.000000
1.966701
0.000000
0.000000
0.000000
0.000000
0.000000
0.000000
0.513676
0.000000
0.000000
0.000000
0.416023
0.000000
0.000000
0.000000
0.000000
0.000000
0.000000
0.000000
0.000000
0.000000
0.000000
0.831628
0.750952
0.000000
0.000000
0.000000
0.000000
0.000000
0.000000
0.752234
0.000000
0.000000
0.000000
0.000000
0.000000
0.000000
0.000000
0.000000
0.000000
0.000000
0.000000
0.000000
0.000000
0.000000
0.000000
0.000000
2.821050
2.567941
0.000000
0.000000
0.859670
0.000000
0.000000
0.631313
0.000000
0.000000
0.000000
0.000000
0.000000
0.000000
0.000000
0.724752
0.000000
0.000000
0.000000
0.000000
0.000000
0.000000
0.000000
0.000000
0.000000
0.000000
0.000000
0.000000
0.000000
0.000000
0.000000
0.000000
0.000000
0.000000
0.000000
0.304607
0.000000
0.000000
0.062251
0.000000
0.000000
0.000000
0.105138
0.000000
0.000000
1.769933
0.000000
0.000000
0.000000
0.000000
0.000000
0.000000
0.000000
0.000000
0.056080
0.000000
0.950709
0.000000
0.000000
0.000000
1.128386
2.266347
0.000000
0.000000
0.000000
0.000000
2.303083
0.000000
0.000000
1.608900
0.000000
0.000000
0.000000
0.000000
0.000000
0.028434
0.000000
0.501015
0.000000
0.000000
0.000000
0.000000
0.000000
0.000000
0.316249
0.000000
0.000000
1.084830
0.000000
0.000000
0.716711
0.470540
0.000000
0.000000
0.000000
0.000000
0.000000
0.000000
0.000000
0.000000
0.000000
0.000000
0.000000
0.456119
0.000000
0.793428
0.000000
0.000000
0.000000
0.180972
0.000000
0.000000
0.000000
0.000000
0.000000
0.000000
0.000000
0.000000
0.000000
0.000000
0.000000
0.000000
0.000000
0.000000
0.564221
0.557318
0.000000
0.000000
0.000000
0.000000
0.000000
0.000000
0.000000
0.000000
2.113379
0.000000
0.000000
0.000000
0.000000
0.000000
0.000000
0.000000
0.000000
0.000000
0.000000
0.000000
1.310060
0.000000
0.000000
0.000000
0.000000
0.000000
0.000000
0.000000
0.000000
0.397944
0.000000
0.000000
1.511838
0.000000
0.000000
1.114839
0.000000
0.000000
0.000000
0.000000
0.000000
0.000000
0.000000
0.000000
0.000000
0.000000
0.000000
0.000000
0.000000
0.000000
0.474869
0.518529
0.000000
0.527751
0.000000
0.000000
0.000000
0.000000
0.000000
0.000000
0.000000
0.000000
0.000000
0.000000
0.000000
0.000000
0.000000
0.000000
0.000000
0.000000
0.000000
0.000000
0.000000
0.000000
0.000000
0.000000
0.670658
0.000000
0.000000
0.000000
0.000000
0.000000
0.000000
0.565506
0.000000
0.000000
0.000000
0.000000
0.000000
0.000000
1.652933
0.000000
0.000000
0.812240
0.000000
0.000000
0.000000
0.000000
0.000000
0.000000
0.000000
0.000000
0.000000
0.000000
0.000000
0.000000
0.000000
0.000000
0.000000
0.000000
0.000000
0.000000
0.052163
0.000000
0.000000
0.000000
0.160533
0.206690
0.000000
0.000000
0.000000
0.000000
0.842622
0.000000
0.000000
0.000000
0.000000
1.458714
0.000000
0.000000
0.200588
0.000000
0.000000
0.000000
0.000000
0.000000
0.000000
0.000000
0.000000
0.000000
0.000000
0.000000
0.000000
1.091832
0.000000
0.000000
0.249055
0.000000
0.000000
0.000000
0.000000
0.000000
0.501060
0.000000
0.000000
0.000000
0.000000
0.000000
0.006604
0.000000
0.966056
0.417774
0.000000
0.000000
0.000000
0.000000
0.000000
1.025256
0.000000
0.000000
0.316370
0.000000
0.000000
0.000000
0.000000
0.000000
0.000000
0.000000
0.000000
0.000000
0.000000
0.823816
0.000000
1.641158
0.000000
0.000000
0.838881
3.909526
2.583062
0.000000
0.000000
0.000000
0.000000
0.220420
0.000000
0.000000
0.000000
0.000000
0.000000
1.052588
0.000000
