0.000000
0.000000
0.000000
0.000000
0.000000
0.000000
0.000000
0.000000
0.000000
0.000000
0.000000
0.000000
0.000000
0.000000
0.000000
0.510717
0.000000
1.294431
0.000000
0.000000
0.000000
0.000000
0.000000
0.181897
0.000000
0.000000
0.673431
0.000000
0.000000
0.000000
0.000000
0.000000
0.000000
0.000000
0.000000
0.000000
0.000000
0.505981
0.000000
0.000000
0.000000
0.000000
0.539181
0.000000
0.000000
0.000000
0.000000
0.000000
0.000000
0.000000
0.000000
1.494511
0.000000
0.000000
0.000000
0.000000
0.000000
0.000000
0.000000
0.000000
0.000000
0.000000
0.000000
0.000000
0.000000
0.000000
0.000000
0.000000
0.000000
0.000000
0.000000
0.000000
0.000000
0.000000
0.000000
0.000000
0.000000
0.000000
0.000000
0.000000
0.614525
0.000000
0.000000
0.000000
0.090159
1.096516
0.000000
0.000000
0.354576
0.000000
0.000000
0.034670
0.000000
0.000000
0.000000
0.572032
0.000000
0.000000
0.000000
0.000000
0.000000
0.000000
1.028639
0.000000
0.000000
0.000000
0.000000
0.094803
0.000000
0.000000
0.000000
0.000000
0.000000
0.320236
0.000000
0.000000
0.000000
0.000000
0.000000
0.000000
0.000000
1.182528
0.185284
1.344573
0.000000
0.000000
0.000000
0.000000
0.000000
0.000000
0.000000
0.000000
0.000000
0.000000
0.000000
0.000000
0.000000
0.000000
0.000000
1.009120
0.000000
0.000000
0.267117
0.000000
0.000000
0.000000
0.000000
0.000000
0.000000
0.000000
0.000000
0.000000
0.000000
0.000000
0.000000
0.000000
0.000000
0.000000
0.000000
0.000000
0.000000
0.577182
0.000000
0.000000
0.000000
0.000000
0.000000
0.000000
0.000000
0.000000
0.000000
0.000000
0.000000
0.000000
0.834597
0.271496
0.000000
0.000000
1.474241
0.000000
0.000000
0.000000
0.000000
0.000000
0.000000
0.000000
0.000000
0.000000
0.000000
0.000000
0.000000
0.000000
0.000000
0.000000
0.000000
0.071185
1.673668
0.000000
1.318186
0.000000
0.000000
0.000000
0.000000
0.000000
0.000000
0.000000
0.000000
0.000000
0.000000
0.000000
0.000000
0.000000
0.000000
0.000000
0.000000
0.000000
0.000000
0.000000
0.000000
0.000000
0.000000
0.000000
0.929905
0.000000
0.000000
0.000000
0.000000
0.478653
0.446412
0.000000
0.000000
0.000000
0.000000
1.248075
0.000000
0.000000
0.000000
0.938718
0.000000
0.000000
0.000000
0.000000
0.000000
0.000000
0.397166
0.000000
0.000000
0.000000
0.000000
0.000000
0.119936
0.760012
0.000000
0.100828
0.000000
0.000000
0.000000
0.145397
0.000000
0.000000
0.000000
0.000000
0.495523
0.000000
0.000000
0.000000
0.000000
0.000000
0.000000
0.000000
1.596809
0.000000
0.000000
0.000000
0.000000
0.000000
0.000000
0.000000
0.000000
0.000000
0.000000
0.000000
0.713714
0.000000
0.000000
0.000000
0.000000
0.000000
0.000000
0.584406
0.635503
0.000000
0.000000
0.000000
0.000000
0.000000
0.120801
0.000000
2.979950
0.000000
1.500978
0.000000
0.000000
0.000000
0.000000
0.000000
0.817148
0.000000
0.000000
0.140306
0.000000
0.000000
0.000000
0.988164
2.969813
0.000000
0.000000
0.499862
0.517142
0.000000
0.000000
0.695266
0.000000
0.000000
0.000000
0.000000
0.000000
0.000000
0.000000
0.000000
0.320985
0.000000
0.000000
0.000000
0.000000
1.748514
0.058982
0.704263
0.000000
0.000000
1.273294
0.000000
0.000000
0.639246
0.000000
0.000000
2.168348
0.000000
0.000000
0.000000
0.000000
0.000000
0.000000
0.000000
0.000000
0.000000
0.000000
0.112486
0.000000
0.000000
0.000000
0.000000
0.000000
0.400609
0.000000
0.670032
0.000000
0.000000
0.180834
0.000000
0.000000
0.030746
0.000000
0.000000
1.690111
0.000000
0.000000
0.000000
0.000000
0.481474
0.000000
0.000000
0.000000
0.000000
0.000000
0.800020
2.225806
0.000000
0.000000
0.000000
0.000000
0.000000
0.000000
0.000000
0.000000
0.000000
0.000000
0.000000
0.000000
0.000000
0.000000
0.000000
0.000000
0.000000
0.000000
0.000000
0.000000
1.858175
0.000000
0.000000
0.000000
0.000000
0.723072
0.000000
0.000000
0.000000
0.000000
0.000000
0.000000
0.000000
0.000000
0.446970
1.207942
0.000000
0.000000
0.000000
0.000000
0.000000
0.627470
0.000000
0.000000
0.000000
0.000000
0.000000
0.000000
0.000000
0.000000
0.690240
0.000000
0.000000
0.000000
0.000000
0.000000
0.324939
0.000000
0.000000
0.000000
0.000000
0.000000
0.000000
0.000000
0.000000
0.521276
0.000000
0.000000
0.000000
0.522837
0.076939
0.000000
1.939866
0.000000
0.000000
0.000000
3.112270
0.000000
0.000000
1.422072
0.000000
0.000000
0.000000
0.000000
0.000000
0.000000
0.000000
0.000000
0.000000
0.000000
0.000000
0.000000
1.938115
0.000000
0.000000
0.000000
0.632385
0.000000
0.000000
0.090256
2.498131
0.000000
0.000000
0.000000
0.000000
0.000000
0.286345
0.000000
0.000000
0.000000
0.000000
0.000000
0.000000
0.000000
0.000000
0.000000
0.000000
0.084832
0.000000
0.000000
0.444535
0.000000
0.000000
0.000000
0.000000
0.000000
0.000000
0.000000
0.000000
0.000000
0.000000
0.000000
0.716899
0.000000
0.000000
0.000000
0.000000
0.000000
0.000000
0.000000
0.000000
0.000000
0.000000
0.000000
1.243148
0.000000
0.000000
0.000000
0.000000
0.000000
0.000000
0.000000
0.000000
0.909967
0.000000
0.000000
0.000000
0.000000
0.000000
0.000000
2.957469
0.000000
0.000000
1.983164
1.426937
0.000000
0.000000
0.000000
0.518455
0.000000
0.000000
0.000000
0.000000
0.213809
0.265538
0.000000
0.000000
0.000000
0.000000
0.000000
0.000000
0.000000
0.000000
0.000000
0.000000
0.000000
0.814753
0.000000
0.000000
1.422117
0.000000
0.000000
0.000000
0.000000
0.000000
0.000000
0.789019
0.000000
0.000000
0.000000
0.000000
0.000000
0.000000
0.000000
0.000000
2.389306
0.000000
0.000000
0.000000
0.000000
0.101119
0.000000
0.778405
0.000000
0.000000
0.000000
0.000000
0.000000
0.000000
0.000000
0.000000
0.000000
0.000000
0.000000
0.000000
0.000000
0.000000
0.000000
0.000000
0.000000
0.000000
0.000000
0.000000
0.000000
0.000000
0.000000
3.210125
0.000000
0.000000
0.000000
0.000000
0.000000
0.922061
1.174557
0.307102
0.000000
0.000000
0.000000
0.000000
0.000000
0.000000
0.000000
0.000000
0.000000
0.000000
0.000000
0.000000
0.000000
0.000000
0.000000
0.000000
0.000000
0.000000
0.581161
0.000000
0.000000
0.000000
0.000000
0.000000
0.000000
0.000000
0.000000
0.000000
0.000000
0.000000
0.000000
0.000000
0.000000
0.000000
1.563942
0.000000
0.000000
0.000000
0.000000
0.000000
0.000000
0.000000
0.000000
0.000000
0.000000
0.000000
0.000000
0.000000
0.000000
0.000000
0.000000
0.000000
0.000000
0.000000
0.000000
0.000000
0.000000
0.000000
0.589262
0.000000
0.000000
0.000000
0.000000
0.000000
0.000000
0.000000
0.000000
0.000000
0.000000
0.798781
0.000000
0.410061
0.000000
0.000000
0.811648
0.105615
0.000000
0.000000
0.000000
0.000000
0.000000
0.000000
0.000000
0.000000
0.000000
0.000000
0.742065
0.606268
0.000000
0.000000
0.000000
0.000000
0.030936
0.000000
0.000000
0.000000
0.317349
0.000000
0.000000
0.000000
0.000000
0.000000
0.000000
0.000000
0.913829
0.000000
0.000000
0.000000
0.000000
0.000000
0.000000
0.000000
0.000000
0.000000
0.000000
0.000000
0.000000
0.000000
0.000000
0.000000
1.128781
0.000000
0.407968
0.000000
0.000000
0.000000
0.000000
0.000000
0.000000
0.000000
0.000000
0.000000
0.000000
0.000000
2.582723
0.000000
0.000000
0.628942
0.000000
0.000000
2.359673
0.000000
0.000000
0.000000
0.000000
0.000000
0.129849
0.000000
0.000000
0.000000
0.000000
0.000000
0.000000
0.000000
0.000000
0.000000
0.000000
0.000000
0.000000
0.000000
0.000000
0.000000
1.388985
0.000000
0.000000
0.000000
0.000000
0.000000
1.915526
0.000000
0.000000
0.000000
0.000000
0.000000
0.000000
0.000000
0.000000
3.226524
0.000000
0.000000
0.000000
0.000000
0.344677
0.000000
1.417218
0.459815
0.000000
0.000000
0.000000
0.000000
0.000000
0.000000
0.000000
0.000000
0.000000
0.000000
0.000000
0.000000
0.000000
0.000000
0.000000
2.077917
0.000000
0.000000
0.000000
0.000000
0.000000
0.000000
0.000000
0.000000
0.000000
0.000000
0.000000
0.000000
0.000000
0.000000
0.000000
0.000000
0.000000
0.000000
0.000000
0.000000
0.000000
0.000000
1.368569
0.261098
0.000000
0.000000
0.000000
0.000000
0.000000
1.280420
0.000000
0.000000
0.000000
0.000000
0.000000
0.000000
0.000000
0.000000
0.061610
0.000000
0.000000
0.000000
0.000000
0.000000
0.000000
0.000000
0.000000
0.000000
0.000000
0.000000
0.000000
0.000000
0.000000
0.163181
0.000000
0.000000
0.000000
0.000000
0.000000
0.000000
0.000000
0.000000
0.000000
0.000000
3.578874
0.000000
0.000000
0.000000
0.000000
0.000000
0.000000
0.000000
0.000000
0.000000
0.000000
0.000000
0.000000
0.000000
0.000000
0.000000
0.000000
3.032160
0.000000
0.066501
0.000000
0.000000
0.000000
0.241990
0.000000
0.000000
1.794852
0.000000
0.000000
0.000000
0.000000
0.000000
0.000000
0.000000
0.000000
0.543638
0.000000
0.000000
0.000000
0.000000
0.000000
0.000000
0.000000
0.000000
0.000000
0.000000
0.000000
0.000000
0.000000
0.000000
0.000000
0.726169
0.000000
0.000000
0.000000
0.000000
0.000000
1.169123
0.000000
0.000000
0.000000
0.000000
0.000000
0.000000
0.000000
0.458509
0.512691
0.000000
0.000000
0.000000
0.000000
0.000000
0.000000
0.000000
0.000000
0.000000
0.000000
1.084161
0.000000
0.000000
1.949005
0.000000
0.552883
0.000000
0.000000
0.000000
0.000000
0.000000
0.000000
0.000000
0.000000
0.000000
0.000000
0.000000
0.000000
0.000000
0.000000
0.000000
0.000000
1.218825
0.000000
0.000000
0.000000
0.000000
0.000000
0.000000
0.000000
0.000000
0.000000
0.000000
0.000000
0.000000
0.000000
0.000000
0.000000
0.000000
0.000000
0.000000
0.000000
0.000000
1.552230
0.000000
0.000000
0.000000
0.288457
0.000000
0.000000
0.000000
0.000000
0.000000
0.000000
0.000000
1.952978
0.177014
0.000000
0.000000
0.000000
0.000000
0.000000
0.000000
0.000000
0.301592
0.721992
0.563168
0.000000
0.000000
0.000000
0.308613
0.000000
0.000000
0.000000
0.000000
0.000000
0.000000
0.000000
0.000000
0.000000
0.000000
0.000000
0.000000
0.000000
0.000000
0.000000
0.000000
0.000000
0.100606
0.000000
0.000000
0.162476
0.000000
0.000000
0.000000
0.000000
0.000000
0.018357
0.000000
0.406215
0.000000
0.000000
0.000000
0.000000
1.020702
0.000000
0.000000
0.000000
0.000000
0.000000
0.000000
0.000000
0.000000
0.000000
0.000000
0.000000
0.000000
1.893808
0.000000
0.000000
0.000000
0.000000
0.000000
0.000000
0.000000
0.000000
0.000000
0.000000
0.000000
0.000000
0.000000
0.000000
0.244793
0.000000
0.266009
0.000000
0.000000
0.000000
0.000000
0.000000
0.000000
1.914294
0.000000
0.000000
0.003527
0.000000
0.000000
0.000000
1.358226
0.000000
0.000000
0.000000
0.123356
0.000000
0.000000
0.000000
0.000000
0.000000
0.000000
0.000000
0.000000
0.000000
0.000000
0.000000
0.000000
0.000000
0.000000
0.852071
0.000000
0.000000
0.000000
0.000000
0.000000
0.000000
0.026301
1.381414
0.000000
0.000000
0.000000
0.000000
0.000000
0.000000
0.000000
0.000000
0.000000
0.000000
0.000000
0.000000
0.000000
0.000000
0.000000
0.000000
0.000000
0.000000
0.000000
0.000000
0.000000
0.000000
0.000000
0.206786
0.000000
0.000000
0.000000
0.000000
0.000000
0.492186
0.000000
0.000000
0.000000
0.314080
0.000000
0.557275
0.000000
0.000000
0.000000
0.000000
0.000000
0.000000
0.000000
0.000000
0.000000
0.000000
1.257351
0.000000
0.000000
0.000000
0.000000
0.000000
0.000000
0.938377
0.000000
0.508328
0.000000
0.000000
0.000000
0.000000
0.000000
0.000000
0.000000
0.000000
0.000000
0.000000
0.263696
0.000000
0.000000
0.000000
0.000000
0.000000
0.000000
0.000000
0.000000
0.000000
0.499205
0.000000
0.750521
0.000000
0.000000
0.000000
0.000000
1.474999
0.000000
0.000000
0.000000
0.000000
0.000000
0.000000
0.546800
0.000000
0.000000
1.136298
0.000000
0.138028
0.000000
0.000000
0.000000
0.000000
0.000000
0.328670
0.000000
0.000000
0.000000
0.000000
0.000000
0.000000
0.861658
0.000000
0.000000
0.000000
0.872912
1.598304
0.000000
0.000000
0.000000
0.000000
1.095245
0.644362
0.000000
0.000000
0.000000
0.000000
0.000000
0.000000
0.000000
0.000000
1.058943
0.000000
0.204219
0.000000
0.000000
0.664591
0.000000
0.000000
0.000000
0.000000
0.000000
0.542316
0.000000
0.000000
0.000000
0.876950
0.000000
0.000000
0.000000
0.000000
0.000000
0.747233
0.000000
0.000000
0.000000
0.000000
1.478796
0.000000
0.000000
0.000000
0.000000
1.453462
0.000000
0.000000
0.000000
0.000000
0.000000
0.000000
1.000434
0.000000
0.000000
0.692631
0.234511
0.000000
0.000000
0.000000
0.000000
0.000000
0.000000
0.000000
0.000000
0.000000
0.000000
0.000000
0.000000
0.000000
0.000000
0.000000
0.000000
0.000000
0.000000
0.000000
0.000000
0.000000
0.000000
0.000000
0.000000
0.000000
0.000000
0.000000
0.000000
0.000000
0.000000
0.000000
0.000000
0.000000
0.000000
0.000000
0.000000
0.000000
0.000000
0.000000
0.000000
0.000000
0.000000
0.000000
0.000000
0.000000
0.000000
0.000000
0.000000
0.571511
0.000000
0.000000
0.146300
0.000000
0.000000
0.000000
0.000000
0.000000
0.000000
0.000000
1.325982
0.000000
0.000000
0.000000
0.000000
0.000000
0.000000
0.000000
0.000000
0.000000
0.000000
0.000000
0.000000
0.000000
0.000000
0.000000
0.231326
1.866170
0.000000
0.793548
0.000000
0.000000
0.000000
0.000000
0.000000
0.000702
0.000000
0.000000
0.000000
0.000000
0.000000
0.000000
0.000000
0.000000
0.000000
0.000000
0.000000
0.000000
0.000000
0.000000
0.000000
0.000000
0.000000
0.000000
0.179117
0.000000
0.000000
0.000000
0.000000
0.000000
0.000000
0.000000
0.000000
0.444761
0.000000
0.000000
0.757397
0.000000
0.000000
0.000000
0.000000
0.000000
0.000000
0.000000
0.000000
0.000000
0.000000
0.000000
1.835602
2.982262
0.000000
0.000000
0.000000
0.000000
0.000000
0.000000
0.000000
0.000000
0.000000
0.000000
0.000000
0.000000
0.000000
1.535816
0.000000
0.000000
0.000000
0.389095
0.000000
0.000000
0.000000
0.000000
0.000000
0.000000
0.000000
0.000000
0.000000
0.000000
0.000000
0.000000
0.000000
0.000000
0.000000
0.547382
0.000000
0.000000
0.000000
0.021891
0.000000
0.000000
0.000000
0.000000
0.000000
1.254013
0.000000
0.000000
0.000000
0.591144
0.000000
0.000000
0.000000
0.000000
0.000000
0.000000
0.687928
0.498091
0.397067
0.706624
0.000000
0.000000
0.000000
0.000000
0.172264
0.000000
0.000000
0.000000
0.000000
1.839945
0.000000
0.000000
0.000000
0.000000
0.000000
0.000000
0.000000
0.000000
0.000000
0.305145
0.000000
0.000000
0.000000
0.000000
0.000000
0.000000
0.000000
0.000000
0.000000
0.000000
0.000000
0.000000
0.000000
0.000000
0.000000
0.000000
0.000000
0.000000
0.000000
0.000000
1.554829
0.000000
0.000000
0.000000
2.444463
0.980992
0.000000
0.264605
2.045503
0.000000
0.000000
0.000000
0.000000
0.000000
0.000000
0.000000
2.273341
0.538538
0.748650
0.000000
0.000000
0.000000
0.000000
0.000000
0.000000
0.000000
0.000000
0.000000
0.000000
0.000000
0.000000
0.000000
0.000000
0.000000
0.934159
0.000000
0.000000
0.000000
0.000000
0.000000
0.000000
0.000000
0.000000
0.000000
0.000000
0.000000
0.000000
0.000000
0.000000
0.000000
0.000000
1.223758
1.853682
0.000000
0.000000
0.000000
0.000000
0.000000
0.000000
0.000000
0.000000
0.000000
0.000000
0.000000
0.000000
0.000000
0.000000
0.000000
0.000000
0.000000
1.028417
0.000000
0.000000
0.000000
0.000000
0.000000
0.000000
0.000000
0.259575
0.867229
0.373567
0.000000
0.000000
0.000000
0.000000
0.000000
0.000000
0.000000
0.000000
0.000000
0.000000
0.000000
0.000000
0.000000
0.000000
0.235349
0.000000
0.000000
0.000000
0.000000
0.000000
0.000000
0.000000
0.000000
0.481089
0.000000
0.415906
0.000000
0.000000
0.000000
0.000000
0.000000
0.000000
0.000000
0.000000
0.000000
0.000000
0.000000
0.000000
0.000000
0.000000
0.847007
0.000000
0.000000
0.000000
0.000000
0.000000
0.000000
0.000000
0.000000
0.392875
0.000000
0.000000
1.360543
0.000000
0.257628
0.000000
0.000000
0.000000
0.271003
0.000000
0.000000
0.000000
0.000000
0.691015
0.000000
0.000000
0.000000
0.000000
0.000000
0.000000
0.000000
0.000000
0.000000
0.568850
0.000000
0.000000
0.000000
0.225754
0.000000
0.000000
0.000000
0.000000
0.000000
0.000000
0.000000
0.000000
0.000000
0.000000
0.000000
0.000000
0.000000
0.000000
0.000000
0.000000
0.000000
0.000000
0.000000
0.000000
2.025427
0.000000
0.000000
0.000000
0.000000
0.705667
0.000000
0.960297
0.000000
0.000000
0.000000
0.000000
0.000000
1.446668
0.000000
0.000000
0.000000
0.000000
0.000000
0.332270
0.000000
0.000000
0.000000
0.000000
0.722971
0.000000
0.000000
0.000000
0.108387
0.000000
0.000000
0.000000
0.000000
1.288045
0.000000
0.000000
0.000000
0.000000
0.000000
0.000000
0.000000
0.000000
0.000000
0.131359
0.000000
0.000000
0.437628
0.000000
0.000000
0.000000
2.840375
0.000000
0.000000
0.000000
0.000000
0.000000
0.000000
1.826201
0.000000
0.062709
0.000000
0.000000
0.478083
0.000000
0.000000
0.038726
0.000000
0.000000
0.000000
0.000000
0.000000
0.000000
0.000000
0.000000
0.000000
0.000000
0.000000
0.000000
0.000000
0.000000
0.000000
0.000000
0.000000
0.000000
0.000000
0.000000
0.000000
0.000000
0.000000
0.000000
0.000000
0.000000
0.000000
0.000000
0.000000
0.461969
0.000000
0.213260
0.000000
0.000000
0.000000
0.000000
0.000000
0.137173
0.000000
0.000000
0.000000
0.000000
0.000000
0.000000
0.000000
0.000000
0.000000
0.000000
0.000000
0.000000
0.060374
0.000000
2.066033
0.000000
0.000000
0.537052
0.000000
0.000000
0.000000
0.000000
0.000000
0.000000
0.000000
0.000000
0.000000
0.000000
0.000000
0.000000
0.000000
0.000000
0.000000
0.000000
0.000000
0.075699
0.000000
0.000000
0.000000
0.000000
0.000000
0.000000
0.000000
0.000000
0.000000
0.000000
0.000000
0.000000
0.000000
0.416336
0.000000
0.000000
0.000000
0.000000
0.000000
0.000000
0.000000
0.000000
0.000000
1.106373
0.000000
0.168679
0.000000
0.000000
0.000000
0.938038
2.108842
0.000000
0.000000
0.927055
0.000000
1.504745
0.346498
0.000000
0.000000
0.000000
0.000000
0.285201
0.000000
0.000000
0.000000
0.000000
0.000000
0.000000
2.291162
0.000000
0.539897
0.000000
0.000000
0.000000
0.000000
0.000000
0.000000
0.000000
0.000000
0.000000
0.000000
0.000000
0.873043
0.000000
0.293380
0.024957
0.000000
0.000000
0.000000
0.000000
0.000000
0.000000
0.000000
0.000000
0.399923
0.000000
0.000000
0.277829
0.000000
0.000000
0.000000
0.000000
0.000000
1.694928
0.000000
0.000000
0.000000
0.000000
0.000000
0.000000
0.073645
0.000000
0.000000
2.931540
0.000000
0.000000
0.000000
0.000000
0.000000
0.000000
0.000000
0.000000
0.000000
0.000000
0.185471
0.000000
2.076039
0.000000
0.000000
0.000000
0.000000
0.000000
0.000000
0.000000
1.261010
0.000000
0.000000
0.000000
0.000000
0.000000
0.000000
0.000000
0.000000
1.322536
0.000000
0.000000
0.000000
0.000000
0.000000
0.581267
0.729734
0.000000
0.000000
0.000000
0.000000
0.000000
0.000000
1.249077
0.000000
0.000000
0.000000
1.264665
0.000000
0.000000
0.000000
0.481214
0.000000
0.000000
0.000000
0.935566
0.000000
0.000000
0.000000
0.000000
0.000000
0.000000
0.000000
0.000000
0.000000
0.139958
0.000000
0.000000
0.366966
0.000000
0.000000
0.000000
0.000000
0.000000
0.000000
1.066388
0.579998
0.000000
0.000000
0.000000
0.000000
0.000000
0.826820
0.000000
0.000000
0.000000
0.000000
0.000000
0.000000
0.000000
0.000000
0.372905
0.000000
0.000000
0.000000
0.000000
0.000000
0.000000
0.000000
0.350934
0.000000
0.000000
0.000000
0.000000
0.000000
0.000000
0.270566
0.000000
0.000000
0.000000
0.000000
0.000000
0.337116
0.000000
1.216981
0.490782
0.000000
0.000000
0.000000
0.000000
0.000000
0.000000
0.000000
0.000000
0.000000
0.000000
2.801673
0.000000
0.000000
0.000000
0.000000
0.000000
0.000000
1.817362
0.000000
0.000000
0.000000
0.000000
1.074815
1.376345
0.000000
0.000000
0.000000
0.000000
0.000000
0.000000
0.000000
0.000000
0.000000
0.000000
0.000000
0.000000
0.000000
0.000000
0.000000
0.000000
0.000000
0.000000
0.000000
0.000000
0.524006
0.000000
0.000000
1.391008
0.000000
0.000000
1.082192
0.000000
0.190994
0.000000
0.000000
0.000000
0.000000
0.000000
0.000000
0.000000
0.000000
0.503429
0.000000
0.000000
0.000000
0.117749
0.000000
0.000000
0.932271
0.000000
0.000000
0.000000
0.000000
0.000000
0.000000
0.000000
0.000000
0.000000
0.000000
0.000000
0.000000
0.405063
0.000000
0.000000
0.000000
0.000000
0.000000
0.000000
0.000000
0.000000
0.151664
0.000000
0.000000
0.000000
0.000000
0.000000
0.000000
0.000000
0.000000
0.000000
0.000000
0.130302
0.000000
1.562743
0.000000
0.000000
0.000000
0.000000
0.000000
0.000000
1.803416
0.000000
0.000000
0.000000
0.000000
0.000000
0.000000
0.000000
0.000000
0.000000
0.000000
0.000000
0.000000
1.132547
0.000000
0.000000
0.000000
0.000000
0.000000
0.000000
0.106703
0.000000
0.000000
0.000000
0.000000
0.000000
0.000000
0.000000
0.000000
0.000000
0.000000
0.000000
0.000000
0.000000
0.000000
0.000000
0.000000
0.000000
0.000000
0.000000
1.151129
0.000000
0.499957
0.808095
0.000000
0.000000
0.000000
0.000000
0.000000
0.000000
0.000000
0.000000
0.000000
0.000000
0.000000
0.000000
0.000000
0.000000
0.000000
0.000000
0.912046
0.000000
0.000000
0.000000
0.000000
0.000000
0.000000
0.000000
0.000000
1.655998
0.000000
0.000000
0.000000
0.000000
0.000000
0.000000
0.000000
0.000000
2.041552
0.000000
0.000000
0.000000
0.000000
0.000000
0.000000
1.089137
0.000000
0.000000
0.000000
0.000000
0.000000
0.000000
0.000000
0.000000
0.000000
1.709934
0.000000
0.000000
0.000000
0.000000
0.000000
0.000000
0.000000
0.000000
0.000000
0.000000
0.421470
0.000000
0.000000
0.000000
0.000000
0.000000
0.000000
0.000000
0.000000
0.000000
0.000000
0.000000
0.000000
0.000000
0.000000
0.000000
0.310145
0.000000
0.803234
0.371811
0.000000
0.677780
0.000000
0.000000
0.000000
0.000000
0.000000
0.000000
0.000000
0.000000
0.000000
0.000000
0.000000
0.000000
0.000000
0.000000
0.000000
0.000000
0.000000
0.000000
0.000000
0.000000
0.000000
0.000000
0.000000
0.000000
0.000000
0.000000
0.776767
0.000000
0.000000
1.007224
0.000000
0.000000
0.000000
0.000000
0.000000
0.000000
0.000000
0.000000
0.000000
0.000000
1.579279
0.000000
2.153774
0.000000
0.000000
0.000000
0.000000
0.000000
0.000000
0.000000
0.000000
0.000000
0.000000
0.000000
0.000000
0.000000
0.000000
0.000000
0.000000
0.517622
0.000000
0.000000
0.000000
0.000000
0.468436
0.000000
0.000000
0.000000
0.000000
0.000000
0.000000
0.000000
0.000000
0.000000
0.000000
0.000000
0.000000
0.000000
0.000000
0.000000
0.000000
0.000000
0.596495
0.000000
0.000000
0.000000
0.000000
0.000000
0.000000
0.000000
0.000000
0.000000
0.000000
0.000000
0.000000
0.000000
0.000000
0.225105
0.000000
0.000000
0.350372
0.000000
0.650697
0.000000
0.000000
1.300972
0.000000
0.000000
0.000000
0.000000
0.000000
0.000000
0.000000
0.000000
0.000000
0.000000
0.000000
0.000000
0.347381
0.000000
0.000000
0.000000
0.000000
0.751894
1.112010
0.000000
0.000000
0.000000
0.000000
0.000000
0.000000
0.000000
0.000000
0.000000
1.869321
0.000000
0.000000
0.000000
0.000000
0.000000
0.000000
0.357520
0.000000
0.050959
0.000000
0.000000
0.000000
0.000000
0.000000
0.000000
0.000000
0.827709
0.211555
0.000000
0.000000
0.000000
0.000000
0.000000
0.000000
0.000000
0.000000
0.000000
0.000000
0.000000
0.000000
0.000000
1.894898
3.011188
1.169697
0.000000
0.000000
0.000000
1.482479
0.000000
0.000000
0.000000
0.000000
2.329862
0.000000
0.463807
0.000000
0.000000
0.000000
2.269946
0.000000
0.000000
0.000000
0.057032
0.000000
0.046817
0.000000
0.000000
0.000000
2.046923
0.000000
0.000000
0.000000
0.000000
0.000000
0.000000
0.000000
0.000000
0.000000
0.686650
0.000000
0.000000
0.000000
0.000000
0.000000
0.000000
0.000000
0.000000
0.000000
0.000000
0.000000
0.000000
0.000000
0.000000
0.000000
0.000000
0.000000
0.000000
0.000000
0.000000
0.236081
0.000000
0.000000
0.000000
0.422554
0.000000
0.000000
0.000000
0.000000
0.000000
0.000000
0.000000
0.000000
0.000000
0.000000
0.976806
0.000000
0.000000
0.000000
0.342163
0.270857
0.000000
0.000000
0.000000
0.000000
0.000000
0.877467
0.000000
0.000000
0.000000
0.081655
0.000000
0.000000
0.000000
0.000000
0.000000
0.000000
0.000000
0.000000
0.000000
0.000000
0.000000
0.000000
0.000000
0.000000
0.750737
0.000000
0.000000
0.000000
0.000000
0.000000
0.508327
0.000000
0.000000
0.000000
0.000000
0.000000
0.000000
0.000000
0.851005
0.000000
2.739448
0.000000
0.000000
0.000000
0.000000
0.000000
1.723268
0.000000
0.000000
0.000000
0.000000
0.000000
0.000000
2.239769
0.000000
0.000000
0.000000
0.000000
0.000000
0.000000
0.000000
0.000000
0.000000
0.000000
0.000000
0.000000
0.000000
0.000000
0.000000
0.000000
0.000000
0.000000
0.000000
0.000000
0.000000
0.000000
0.000000
0.000000
0.000000
0.000000
0.000000
0.000000
0.000000
0.000000
0.000000
0.000000
0.000000
0.000000
0.000000
3.382452
0.000000
0.000000
0.000000
2.018536
0.000000
0.000000
0.000000
0.000000
0.000000
0.211525
0.872099
0.000000
0.000000
0.599344
0.000000
1.033778
0.000000
0.000000
0.000000
0.000000
0.000000
0.000000
0.901881
0.000000
0.000000
0.000000
0.000000
1.047748
0.000000
0.000000
0.000000
0.000000
0.161953
0.000000
0.000000
0.000000
0.000000
0.000000
0.000000
0.000000
0.000000
1.225134
0.000000
0.000000
0.000000
0.000000
0.000000
0.095523
0.354068
0.000000
0.000000
0.000000
1.648583
0.000000
0.000000
0.428566
0.000000
0.000000
0.920274
0.000000
0.000000
0.000000
0.000000
0.043830
0.000000
0.000000
0.429856
0.000000
0.000000
0.000000
0.000000
1.177004
2.015277
0.000000
0.000000
0.000000
0.000000
0.000000
0.000000
0.000000
0.000000
0.014464
0.000000
0.000000
0.000000
0.000000
0.000000
0.000000
0.000000
0.000000
0.000000
0.000000
0.000000
0.000000
0.000000
0.000000
0.000000
0.000000
0.000000
0.000000
0.000000
0.000000
0.464090
0.000000
0.000000
0.000000
0.000000
0.000000
0.000000
0.410090
0.000000
0.363760
0.000000
0.000000
0.000000
0.000000
0.595933
0.000000
0.000000
0.000000
0.000000
0.000000
0.000000
0.142822
0.000000
0.000000
1.817403
0.000000
0.000000
0.000000
0.000000
0.000000
0.000000
0.000000
0.000000
0.000000
1.425484
0.000000
0.000000
0.000000
1.036464
0.000000
0.000000
0.000000
0.000000
0.668042
0.000000
0.000000
0.000000
0.000000
0.000000
0.000000
0.000000
0.034015
0.000000
0.000000
0.000000
0.000000
0.000000
0.000000
0.000000
0.000000
0.000000
0.000000
1.812677
0.000000
0.000000
0.000000
0.000000
0.000000
0.000000
0.000000
0.206086
0.000000
0.000000
0.000000
0.000000
0.000000
0.000000
0.000000
0.762919
0.000000
0.000000
0.000000
0.000000
0.000000
0.000000
0.175289
0.000000
0.000000
0.000000
0.000000
0.000000
0.000000
0.000000
0.088368
0.000000
0.000000
0.000000
0.000000
0.060328
1.651562
0.000000
0.000000
0.000000
0.000000
0.000000
0.000000
0.062881
0.000000
0.000000
0.000000
0.000000
1.094784
0.000000
0.000000
0.000000
0.000000
0.196460
0.000000
1.096206
0.000000
0.000000
0.000000
0.000000
0.000000
0.564172
0.000000
0.074041
0.000000
0.000000
0.000000
0.000000
0.000000
0.000000
0.000000
2.060472
0.000000
0.000000
0.923066
0.000000
0.000000
0.000000
0.000000
0.000000
0.000000
0.000000
0.000000
0.948209
0.000000
0.000000
0.000000
0.000000
0.778830
0.000000
0.000000
0.000000
0.000000
0.000000
0.000000
0.000000
0.000000
0.000000
0.000000
0.000000
0.563185
1.511529
0.000000
1.184109
0.000000
0.000000
0.000000
0.000000
0.644829
0.000000
3.704910
0.000000
0.000000
0.000000
0.494063
0.000000
0.000000
0.000000
0.000000
0.000000
0.000000
1.248029
0.000000
0.000000
0.000000
0.000000
0.000000
0.000000
0.000000
0.000000
0.000000
1.305340
0.000000
0.000000
0.456528
0.000000
0.000000
0.232654
0.000000
0.000000
0.000000
0.000000
1.753927
0.000000
0.000000
0.000000
0.000000
0.465212
0.000000
0.000000
0.000000
0.000000
0.000000
0.000000
0.000000
0.000000
0.000000
0.641566
0.000000
0.000000
0.000000
0.000000
1.108609
0.336099
0.000000
0.000000
0.751798
0.000000
0.000000
0.170462
0.000000
0.000000
0.000000
0.728676
0.000000
0.000000
0.138531
0.000000
0.184846
0.000000
0.000000
0.000000
0.696278
0.000000
0.000000
0.000000
0.000000
1.100235
0.000000
0.000000
0.000000
1.671100
0.000000
0.000000
0.000000
0.000000
0.000000
0.950273
0.000000
0.000000
0.000000
0.000000
0.000000
0.000000
0.000000
0.000000
0.012063
0.000000
1.477044
0.000000
0.000000
0.000000
0.660840
0.000000
0.000000
0.000000
0.000000
0.954051
0.000000
0.000000
0.000000
0.000000
0.000000
0.000000
0.000000
0.000000
0.000000
0.000000
0.000000
0.000000
0.000000
0.000000
0.000000
0.696228
0.000000
0.000000
2.102567
0.000000
0.000000
0.000000
0.000000
0.000000
0.000000
0.000000
0.000000
0.000000
0.000000
0.000000
0.187352
0.000000
0.000000
0.000000
2.293615
0.000000
0.275200
0.000000
0.000000
0.000000
0.000000
0.000000
0.000000
0.000000
0.000000
1.382773
0.307842
0.000000
0.000000
0.000000
0.000000
0.000000
0.157887
0.000000
0.000000
0.000000
0.000000
0.000000
0.000000
0.000000
0.000000
0.000000
0.000000
0.000000
0.000000
1.159322
0.000000
0.000000
0.000000
2.217275
0.000000
0.926168
0.000000
0.000000
0.000000
0.000000
0.000000
0.000000
0.000000
0.458782
0.000000
0.000000
0.000000
0.000000
0.000000
0.000000
0.000000
0.000000
0.000000
0.000000
0.000000
0.000000
0.000000
0.000000
0.000000
0.000000
0.000000
0.000000
0.000000
0.000000
0.000000
0.000000
0.000000
0.000000
0.000000
0.000000
0.000000
0.000000
0.000000
0.000000
0.000000
1.362713
0.000000
0.000000
0.000000
0.000000
0.000000
0.000000
0.000000
0.081568
0.000000
0.000000
0.000000
0.000000
0.000000
0.000000
0.000000
0.000000
0.000000
0.000000
0.340261
0.000000
0.000000
0.000000
0.305590
0.000000
0.000000
0.000000
0.000000
0.258251
0.000000
0.000000
0.000000
0.766399
0.000000
1.099305
0.000000
0.000000
0.000000
0.000000
0.524628
0.000000
0.649007
0.000000
0.000000
0.000000
0.000000
0.000000
0.000000
0.000000
0.000000
0.000000
0.000000
0.000000
1.858357
0.000000
0.000000
0.000000
0.000000
0.000000
0.000000
0.000000
0.000000
0.000000
0.438887
0.000000
0.000000
0.000000
0.000000
0.000000
0.000000
0.000000
0.000000
0.032427
0.000000
0.000000
0.000000
0.000000
0.000000
0.000000
0.000000
0.000000
0.000000
0.000000
0.000000
0.000000
0.132047
0.000000
0.000000
0.000000
0.000000
0.000000
0.000000
0.000000
0.000000
0.000000
0.000000
0.000000
0.000000
0.000000
0.000000
0.000000
0.000000
0.000000
0.000000
0.000000
0.000000
0.000000
0.000000
0.000000
0.000000
0.000000
0.132067
0.000000
0.000000
0.000000
0.000000
0.000000
0.303797
0.000000
0.000000
0.000000
0.455087
0.000000
0.000000
0.000000
0.000000
0.139048
0.000000
0.490732
0.000000
2.984096
0.000000
0.000000
0.000000
0.000000
0.000000
0.000000
0.000000
0.690195
0.000000
0.901226
0.000000
0.000000
0.000000
1.197060
0.000000
0.000000
0.000000
0.000000
0.000000
0.147564
0.000000
0.000000
0.000000
0.000000
0.000000
0.000000
0.000000
0.805296
0.000000
0.000000
0.000000
0.000000
0.000000
0.000000
0.000000
0.000000
0.000000
0.775112
0.000000
0.000000
0.000000
0.000000
0.000000
0.000000
0.000000
0.737802
0.000000
0.000000
0.000000
0.000000
0.336242
0.000000
0.000000
0.000000
0.000000
0.000000
0.000000
0.000000
0.000000
0.000000
0.530598
0.000000
0.000000
0.000000
0.000000
0.000000
0.000000
0.000000
0.000000
0.000000
0.000000
0.000000
0.000000
0.000000
0.000000
0.000000
0.000000
0.000000
0.000000
0.000000
0.763343
0.214919
2.050071
0.000000
0.000000
0.000000
0.000000
0.000000
0.000000
0.000000
0.000000
0.000000
0.000000
1.454320
2.831164
0.000000
0.000000
0.000000
0.000000
0.000000
0.000000
0.000000
0.000000
0.000000
0.233507
0.000000
0.000000
0.000000
0.000000
0.007194
0.000000
0.000000
1.599983
0.000000
0.000000
0.000000
0.000000
0.000000
0.000000
0.000000
0.000000
0.000000
0.066047
0.000000
0.000000
0.000000
0.274054
0.000000
0.000000
0.000000
0.000000
0.000000
0.000000
0.000000
0.000000
0.000000
0.000000
0.000000
0.073199
0.000000
0.000000
0.000000
0.000000
0.000000
0.062755
0.000000
0.000000
0.000000
0.000000
0.000000
0.000000
0.000000
0.000000
0.000000
0.000000
0.000000
0.000000
0.000000
0.000000
0.000000
0.000000
0.000000
0.000000
0.000000
0.000000
0.000000
0.000000
0.000000
0.000000
0.000000
0.000000
0.000000
0.000000
0.000000
0.000000
0.000000
0.000000
0.113455
2.236006
0.000000
0.000000
0.000000
0.000000
0.000000
0.000000
0.000000
0.000000
0.000000
0.000000
0.000000
0.307179
0.000000
1.267264
0.331336
0.935843
0.000000
0.000000
0.000000
0.000000
0.000000
0.000000
0.000000
0.000000
1.511045
0.000000
0.000000
0.000000
0.000000
0.000000
0.000000
0.000000
0.000000
0.000000
0.000000
0.000000
0.000000
0.000000
0.000000
0.000000
0.000000
0.000000
0.000000
0.000000
0.540179
0.000000
0.000000
0.000000
0.000000
0.000000
0.000000
0.000000
0.000000
0.000000
0.000000
0.000000
0.000000
0.000000
0.000000
0.000000
0.000000
0.000000
0.000000
0.000000
0.000000
0.000000
0.000000
0.000000
0.000000
0.000000
0.000000
0.000000
0.000000
0.000000
0.000000
0.000000
0.000000
0.000000
0.000000
0.000000
0.000000
0.000000
0.000000
0.329537
2.721006
0.000000
0.000000
0.000000
0.148932
0.000000
0.000000
0.000000
0.020731
1.998748
0.105883
0.000000
0.000000
0.361933
0.333113
2.430302
0.000000
0.000000
0.000000
0.000000
0.571314
0.000000
0.000000
0.000000
0.000000
0.000000
0.000000
1.144143
0.530125
0.000000
0.000000
1.199793
0.000000
0.000000
0.000000
1.443049
0.000000
0.000000
0.000000
0.000000
0.967461
0.000000
0.552642
0.000000
0.000000
0.000000
0.000000
0.000000
0.000000
0.000000
0.000000
0.336898
0.000000
0.000000
0.000000
0.000000
0.000000
0.000000
0.000000
2.010594
0.000000
0.000000
0.000000
0.000000
0.000000
0.000000
0.000000
0.000000
0.527199
0.000000
0.000000
0.000000
0.000000
0.000000
0.225119
0.000000
0.000000
0.000000
1.397520
0.000000
0.000000
0.761801
0.000000
0.000000
1.240601
0.000000
0.000000
0.000000
0.000000
0.000000
0.000000
0.000000
0.000000
1.249941
0.000000
0.000000
0.000000
0.000000
2.403284
0.000000
0.000000
0.000000
0.000000
0.000000
0.000000
0.000000
0.000000
0.000000
0.000000
0.000000
0.000000
0.000000
0.000000
0.000000
0.000000
0.000000
0.647538
0.000000
0.000000
0.000000
0.000000
0.000000
0.000000
0.000000
0.000000
0.245182
0.000000
0.000000
0.000000
0.000000
0.000000
0.085930
0.183979
0.000000
0.000000
0.000000
0.000000
0.860621
0.000000
0.000000
0.000000
0.000000
0.000000
0.000000
0.000000
0.000000
0.000000
0.266538
0.000000
0.000000
0.240056
0.942605
0.000000
0.000000
0.100952
0.386555
0.000000
0.014835
0.378432
0.000000
0.000000
0.000000
0.000000
0.000000
0.000000
0.000000
0.000000
0.000000
0.000000
2.169296
0.000000
0.000000
0.000000
0.000000
0.000000
0.000000
0.000000
0.000000
0.000000
0.000000
0.000000
0.000000
0.000000
1.384679
0.000000
0.236080
0.000000
0.000000
0.000000
0.000000
1.173226
0.000000
0.000000
0.000000
0.092180
0.000000
0.000000
0.000000
0.000000
0.080376
0.000000
1.429368
0.000000
0.000000
0.000000
2.888939
0.000000
0.000000
0.000000
0.000000
1.431540
0.000000
0.000000
1.429137
0.000000
0.000000
1.116245
0.000000
0.000000
0.000000
0.000000
0.000000
0.000000
0.000000
0.000000
0.000000
0.000000
0.000000
0.000000
0.000000
2.304955
2.142029
0.000000
0.000000
0.693193
0.000000
0.000000
0.000000
0.000000
0.000000
0.000000
0.000000
0.000000
0.000000
0.000000
0.197345
0.000000
0.000000
0.000000
0.000000
0.000000
0.000000
0.000000
0.028866
0.000000
0.000000
0.000000
0.000000
0.000000
0.000000
0.000000
0.000000
0.000000
0.000000
0.000000
0.000000
0.000000
0.000000
0.000000
0.000000
0.000000
1.018786
0.466425
0.000000
0.000000
0.687868
0.000000
0.000000
0.000000
0.000000
0.000000
0.000000
0.000000
0.000000
0.112755
0.000000
0.000000
0.000000
0.000000
0.000000
0.047979
0.877770
0.000000
0.000000
0.000000
0.000000
2.208798
0.000000
0.000000
0.909315
0.000000
0.000000
0.310200
0.000000
0.030250
0.000000
0.000000
0.000000
0.000000
0.000000
0.000000
0.000000
0.301199
0.000000
0.000000
0.000000
0.000000
0.727377
0.000000
0.000000
1.143975
0.000000
0.000000
0.000000
0.164599
0.000000
0.000000
0.000000
0.000000
0.000000
0.000000
0.000000
0.059310
0.000000
0.000000
0.000000
0.000000
0.000000
0.000000
0.000000
0.000000
0.000000
0.000000
0.000000
0.000000
0.000000
0.000000
0.000000
0.000000
0.000000
0.000000
0.000000
0.000000
0.000000
0.606577
0.000000
0.000000
0.000000
0.000000
0.000000
0.000000
0.000000
0.000000
0.000000
0.558710
0.000000
0.000000
0.000000
0.000000
0.005246
0.000000
0.000000
0.000000
0.000000
0.000000
0.000000
0.382668
0.000000
0.000000
1.741912
0.000000
0.000000
0.000000
0.000000
0.000000
0.000000
0.000000
0.000000
1.144370
0.000000
0.000000
0.159805
0.000000
0.000000
0.000000
0.000000
0.000000
0.000000
0.000000
0.000000
0.000000
0.000000
0.000000
0.000000
0.000000
0.000000
0.000000
0.000000
0.000000
0.000000
0.000000
0.000000
0.000000
0.000000
0.000000
0.000000
0.000000
0.000000
0.000000
0.000000
0.000000
0.000000
0.000000
0.000000
0.000000
0.000000
0.000000
0.000000
1.004528
0.000000
0.927493
0.000000
0.656866
0.000000
0.000000
0.000000
0.000000
0.000000
0.000000
1.667597
0.000000
0.000000
0.000000
0.000000
0.000000
0.000000
1.128116
0.000000
0.000000
0.000000
0.000000
0.000000
0.000000
0.000000
0.000000
0.000000
0.000000
0.000000
0.000000
0.000000
0.000000
0.000000
0.000000
0.000000
0.000000
0.000000
0.000000
0.000000
0.000000
0.000000
0.000000
0.000000
0.000000
0.367803
0.000000
0.000000
0.000000
0.000000
0.000000
0.218981
0.000000
0.000000
0.000000
0.325533
0.000000
0.000000
0.000000
0.000000
0.000000
0.000000
0.174692
0.000000
0.000000
0.000000
0.000000
0.000000
0.000000
0.000000
0.000000
0.231924
0.000000
0.000000
1.084259
0.000000
0.000000
0.000000
0.000000
0.000000
0.040408
0.000000
0.000000
0.000000
0.000000
0.000000
0.000000
0.000000
0.487795
0.000000
0.000000
0.000000
0.000000
0.000000
0.000000
0.192812
0.000000
0.000000
0.000000
0.000000
0.000000
0.000000
0.000000
0.000000
1.960156
0.000000
1.046079
0.000000
0.000000
0.546897
0.000000
1.456169
0.000000
0.000000
1.469261
1.649775
2.485440
0.000000
0.000000
1.354278
0.000000
0.000000
0.000000
0.000000
0.000000
2.115277
0.000000
0.650485
0.000000
