0.000000
0.000000
0.000000
0.000000
0.000000
0.000000
0.000000
0.000000
0.000000
0.000000
0.000000
0.885562
0.000000
0.000000
0.000000
0.035702
0.000000
0.672948
0.000000
0.895701
0.000000
0.000000
0.000000
0.000000
0.392863
0.000000
0.487768
0.000000
0.000000
0.000000
0.000000
0.000000
0.000000
0.000000
0.000000
0.000000
0.048067
0.000000
0.000000
0.000000
0.000000
0.000000
0.000000
0.000000
0.000000
0.000000
0.000000
2.011761
0.000000
0.000000
0.000000
2.154425
0.000000
0.000000
0.000000
0.000000
2.459903
0.000000
0.000000
0.000000
0.000000
0.000000
0.000000
0.000000
0.000000
2.006563
0.000000
0.166922
0.000000
0.000000
0.000000
0.000000
1.248158
3.016780
0.000000
0.000000
0.000000
0.000000
0.000000
0.000000
4.275790
0.000000
0.000000
0.000000
2.561948
1.751191
0.000000
0.000000
0.000000
0.000000
0.000000
0.000000
0.000000
0.000000
1.124676
0.000000
0.000000
0.000000
0.000000
0.000000
0.000000
0.000000
1.289883
0.000000
0.000000
0.000000
0.241600
1.199245
0.000000
0.000000
0.000000
0.546520
0.000000
0.705737
0.000000
0.000000
0.000000
0.000000
0.000000
0.000000
0.000000
1.570157
0.000000
1.377755
0.000000
0.000000
0.000000
0.000000
0.000000
0.000000
0.000000
0.000000
0.098352
0.000000
0.000000
0.292673
0.000000
0.000000
0.000000
2.347416
0.913245
0.000000
0.352922
0.000000
0.000000
0.000000
0.000000
0.000000
0.000000
0.000000
0.000000
0.239046
0.000000
0.000000
1.794393
0.000000
0.000000
0.000000
0.000000
0.000000
0.000000
0.378716
0.000000
0.000000
0.000000
0.000000
0.000000
0.000000
0.000000
0.000000
0.000000
0.000000
0.000000
0.000000
0.000000
0.381150
0.521979
1.344174
0.042451
0.000000
0.000000
0.000000
0.000000
0.000000
0.000000
0.000000
0.000000
0.000000
0.000000
0.179566
0.000000
0.000000
0.000000
0.000000
0.000000
0.012192
1.735799
0.000000
0.000000
0.000000
0.000000
0.000000
0.000000
0.000000
0.000000
0.000000
0.000000
0.000000
0.000000
0.630246
0.334089
0.000000
0.000000
0.000000
0.000000
0.000000
0.101909
0.000000
0.000000
0.000000
0.000000
0.000000
2.417275
0.000000
0.180227
0.000000
0.000000
0.000000
1.165785
0.000000
0.000000
0.000000
0.000000
3.294029
0.000000
0.000000
0.000000
0.000000
0.000000
0.000000
0.000000
0.000000
0.000000
0.000000
0.217397
1.875557
0.000000
0.000000
0.000000
0.000000
0.000000
0.000000
2.122742
0.605603
0.000000
0.000000
0.000000
0.000000
0.000000
0.000000
0.000000
0.000000
0.000000
0.000000
0.000000
0.819710
0.000000
0.000000
0.000000
0.300840
0.883835
0.000000
0.000000
0.000000
0.000000
0.000000
0.305246
0.000000
0.000000
0.000000
0.000000
0.000000
0.503557
0.000000
0.177424
1.172151
0.000000
0.000000
0.000000
4.721822
1.415089
0.627436
0.000000
0.000000
0.000000
0.000000
0.000000
0.000000
0.552086
0.000000
2.843983
0.000000
0.000000
1.195413
0.000000
0.000000
0.250494
0.789420
0.000000
1.915501
0.000000
0.000000
0.000000
0.000000
3.039670
0.000000
0.000000
0.000000
1.928160
0.000000
0.000000
0.000000
0.000000
0.000000
0.000000
0.000000
0.000000
0.000000
0.000000
0.000000
0.000000
0.000000
0.000000
0.000000
0.738837
0.851021
0.132323
0.000000
0.000000
0.000000
0.767151
0.000000
0.000000
1.366891
0.000000
0.000000
4.187205
0.000000
0.000000
0.000000
0.000000
0.000000
0.000000
0.000000
0.000000
0.000000
0.000000
0.000000
0.000000
0.000000
0.000000
0.000000
0.000000
1.153481
0.000000
0.000000
0.000000
0.000000
0.000000
0.000000
0.000000
1.344151
0.000000
0.000000
3.184623
0.186764
0.000000
0.000000
0.000000
0.428490
0.000000
0.000000
0.000000
0.000000
0.000000
0.000000
2.716352
0.000000
0.000000
0.000000
0.000000
0.000000
0.000000
0.000000
0.000000
0.000000
0.000000
0.000000
0.000000
0.000000
0.000000
0.000000
0.000000
0.000000
0.000000
0.000000
0.000000
2.140263
0.000000
0.000000
0.000000
0.000000
1.477385
0.190918
0.000000
0.000000
0.000000
0.000000
0.346574
0.000000
0.000000
0.000000
0.000000
0.000000
0.000000
0.000000
0.000000
0.000000
2.825664
0.000000
0.000000
0.000000
0.000000
0.000000
0.000000
0.000000
0.000000
1.222161
0.311093
0.000000
0.000000
0.000000
0.000000
0.088031
0.000000
1.037120
0.000000
0.000000
0.000000
0.000000
0.000000
0.000000
0.000000
0.008003
0.000000
0.000000
0.000000
0.000000
0.000000
2.175379
0.000000
0.000000
0.000000
1.963913
0.000000
0.000000
0.000000
0.000000
0.718327
0.000000
0.000000
0.000000
0.000000
0.000000
0.000000
0.000000
0.000000
0.000000
0.000000
1.820726
0.000000
0.000000
0.000000
0.193882
0.000000
0.000000
0.000000
3.105793
2.440582
0.000000
0.000000
0.000000
0.000000
0.000000
0.000000
0.000000
1.916690
0.000000
0.000000
0.000000
0.000000
0.000000
1.176009
0.000000
0.000000
0.000000
1.509821
0.713105
0.000000
0.000000
0.551272
0.012465
0.000000
0.000000
0.000000
0.647363
0.006175
0.000000
0.000000
1.176821
0.286533
0.000000
0.000000
0.000000
0.255696
0.277807
0.000000
0.000000
0.000000
0.000000
0.000000
0.641773
0.000000
0.000000
0.301364
0.000000
0.000000
0.000000
0.000000
0.000000
0.000000
0.000000
0.000000
0.000000
0.000000
0.000000
0.000000
4.390836
0.000000
0.000000
3.304799
0.338795
0.000000
0.000000
0.000000
0.954484
0.000000
0.000000
0.000000
0.813777
0.000000
0.000000
0.000000
0.000000
0.000000
0.000000
0.000000
0.000000
0.411820
0.000000
0.000000
0.000000
0.000000
0.000000
0.000000
0.000000
2.007324
0.000000
0.149667
0.000000
0.000000
0.000000
0.000000
0.000000
0.000000
0.000000
0.000000
0.000000
0.000000
0.000000
0.000000
0.000000
2.971996
0.000000
0.000000
0.000000
0.000000
0.989755
0.000000
0.000000
0.000000
0.000000
0.000000
1.925345
0.000000
0.000000
0.000000
0.000000
0.392869
0.000000
0.000000
0.000000
0.417310
0.652488
0.000000
0.000000
0.000000
0.000000
0.000000
0.000000
0.000000
0.000000
2.550917
2.154305
1.323334
0.000000
0.000000
0.000000
0.000000
1.324907
0.000000
0.347212
0.000000
0.000000
0.000000
0.000000
0.000000
0.258224
0.000000
0.000000
0.000000
0.000000
0.000000
0.000000
0.000000
0.000000
0.000000
0.000000
0.000000
0.000000
1.671994
0.000000
0.000000
0.000000
0.000000
0.000000
0.000000
0.000000
3.212190
0.000000
0.000000
0.000000
0.000000
0.000000
0.000000
0.000000
0.000000
0.000000
0.000000
0.000000
0.000000
0.000000
0.000000
0.000000
0.000000
0.000000
0.000000
0.000000
0.000000
0.000000
1.325226
0.341018
0.000000
0.000000
0.000000
0.000000
0.000000
0.000000
0.000000
0.000000
0.760139
0.000000
0.000000
0.000000
0.000000
0.397110
0.000000
0.000000
0.000000
0.000000
0.000000
3.149488
0.000000
0.483867
0.000000
0.000000
1.021734
0.071586
0.000000
0.000000
0.000000
2.113340
0.000000
0.000000
0.312256
0.000000
0.000000
0.000000
0.000000
2.399818
0.839346
0.000000
0.000000
0.000000
2.807693
0.000000
0.000000
0.291714
0.617002
0.939405
0.000000
0.000000
0.000000
1.532590
0.000000
0.000000
1.514303
0.000000
0.000000
0.000000
0.000000
0.000000
0.000000
0.000000
0.000000
0.000000
0.000000
0.000000
0.000000
0.000000
0.000000
0.000000
4.257532
0.000000
1.872328
0.364189
0.000000
0.000000
0.000000
0.000000
0.000000
0.000000
0.000000
2.605806
0.000000
0.000000
2.319136
0.000000
0.917580
1.367172
0.000000
0.000000
2.804983
0.000000
0.000000
0.000000
0.000000
0.000000
0.000000
0.750988
0.000000
0.000000
0.000000
0.000000
0.000000
0.000000
0.000000
0.000000
0.000000
0.000000
0.000000
0.000000
0.650097
0.000000
0.000000
0.000000
0.000000
0.000000
0.000000
0.000000
2.841208
0.000000
0.000000
0.000000
0.000000
0.000000
0.000000
0.000000
0.000000
0.100338
0.000000
0.000000
0.000000
0.000000
0.000000
1.426333
0.880618
0.000000
0.000000
0.000000
0.000000
0.000000
0.000000
0.000000
0.000000
1.510077
0.000000
0.161109
0.000000
0.000000
0.000000
0.000000
0.000000
1.444492
0.000000
0.000000
0.000000
0.000000
0.000000
0.000000
0.000000
0.746456
0.329576
0.000000
0.000000
0.472817
0.000000
0.000000
0.000000
0.000000
0.000000
0.000000
0.000000
0.000000
0.000000
0.000000
1.024764
2.740471
0.000000
0.000000
0.415513
0.000000
0.000000
0.000000
0.000000
0.000000
0.000000
0.000000
0.000000
0.000000
0.000000
0.000000
0.036678
0.000000
0.000000
0.000000
0.000000
0.000000
0.000000
0.000000
0.000000
0.201715
0.000000
2.354905
0.000000
0.000000
0.000000
0.000000
0.000000
0.000000
2.027249
0.000000
0.000000
0.000000
0.000000
0.000000
0.000000
0.000000
2.138809
0.000000
0.000000
0.000000
0.000000
0.000000
0.000000
0.000000
0.127478
0.000000
0.000000
0.000000
0.000000
0.000000
0.000000
0.000000
0.000000
1.208081
0.000000
0.000000
0.000000
0.000000
0.000000
2.684965
1.148295
0.000000
2.657525
0.000000
0.305272
0.000000
0.000000
0.000000
0.000000
0.000000
0.000000
2.168500
1.670388
0.000000
0.000000
0.000000
0.000000
0.048914
0.000000
0.000000
0.000000
0.000000
0.000000
0.000000
0.000000
0.000000
0.000000
0.000000
0.000000
0.000000
0.000000
0.000000
0.000000
0.000000
0.014880
0.000000
0.000000
0.000000
0.595479
0.000000
0.000000
0.000000
0.000000
0.000000
0.000000
0.000000
0.000000
0.000000
0.000000
0.000000
1.225038
0.000000
0.000000
3.810385
0.000000
0.000000
0.166197
0.000000
0.775415
0.000000
0.000000
0.000000
0.000000
0.000000
0.000000
0.000000
0.000000
0.990189
0.000000
0.000000
0.000000
0.000000
0.000000
0.000000
0.000000
1.843919
0.000000
0.000000
1.311766
0.000000
0.000000
0.000000
0.000000
0.859742
0.000000
0.000000
0.000000
0.000000
0.000000
0.000000
0.306460
0.000000
0.000000
0.000000
0.000000
0.442679
0.276823
0.161154
0.000000
0.000000
0.000000
0.000000
0.000000
0.000000
0.000000
0.467700
0.000000
0.000000
0.854866
0.000000
0.000000
0.000000
0.000000
0.000000
0.000000
0.552742
0.000000
0.893435
0.000000
0.000000
0.000000
0.000000
0.000000
0.000000
0.000000
0.000000
0.000000
0.000000
0.000000
0.000000
0.000000
0.000000
0.000000
0.000000
0.000000
0.000000
0.490845
0.000000
0.000000
0.209161
0.000000
2.282369
1.281390
0.000000
0.919994
0.000000
1.084167
0.050815
0.000000
0.000000
0.065287
0.746709
0.188231
0.000000
0.000000
0.000000
0.000000
0.414716
0.000000
0.000000
0.000000
0.000000
0.000000
0.000000
0.000000
0.000000
0.000000
0.000000
0.000000
0.000000
2.047419
0.000000
0.000000
0.000000
0.000000
0.000000
0.000000
0.000000
0.327112
0.000000
0.000000
0.000000
0.000000
0.000000
0.000000
0.332971
0.000000
0.000000
0.000000
0.391355
0.000000
0.000000
0.000000
0.000000
0.000000
0.000000
0.375049
0.535839
0.000000
0.000000
0.000000
0.928296
0.000000
0.000000
0.000000
0.000000
0.000000
0.000000
0.000000
0.000000
0.000000
0.000000
0.000000
0.000000
0.000000
1.002995
0.000000
1.075367
0.000000
0.000000
0.000000
0.000000
0.000000
0.000000
0.000000
0.000000
0.000000
1.481154
0.000000
0.000000
1.482563
0.000000
0.000000
0.000000
0.000000
0.809471
0.000000
0.000000
0.362917
0.000000
0.000000
0.000000
0.000000
0.000000
0.000000
0.000000
0.000000
0.000000
0.000000
0.000000
0.000000
0.000000
0.000000
0.083606
0.000000
1.738488
0.679370
0.000000
1.521138
0.000000
0.000000
0.000000
0.000000
0.000000
0.000000
0.000000
0.000000
0.000000
1.177010
0.000000
0.000000
0.000000
0.000000
0.000000
0.000000
0.000000
0.000000
0.000000
0.000000
0.000000
0.000000
0.000000
0.108839
0.000000
2.462789
0.000000
1.318329
0.000000
1.258526
0.000000
0.000000
0.000000
0.000000
0.000000
0.000000
0.527353
0.000000
0.221225
0.000000
0.000000
0.000000
0.000000
0.000000
0.000000
0.000000
1.173868
0.000000
0.000000
0.000000
0.000000
0.000000
0.000000
0.000000
0.000000
0.000000
0.000000
0.000000
0.000000
0.000000
0.422222
0.000000
0.000000
0.862984
0.000000
0.000000
0.000000
0.000000
0.000000
0.000000
0.000000
0.618860
0.000000
0.000000
0.000000
1.360031
0.000000
0.000000
0.092641
0.000000
0.000000
0.000000
0.000000
0.000000
0.000000
0.000000
0.000000
0.000000
0.663902
2.531101
0.000000
0.000000
0.000000
0.000000
0.000000
0.000000
0.000000
0.000000
1.487975
0.000000
0.000000
0.000000
0.391648
0.000000
0.000000
0.000000
0.000000
0.000000
0.000000
0.225947
0.000000
0.000000
0.000000
0.424491
0.566859
0.000000
0.000000
0.000000
0.000000
0.000000
0.000000
0.000000
0.000000
0.000000
1.055649
0.000000
0.000000
0.000000
0.000000
0.000000
0.000000
0.000000
0.000000
0.000000
0.466080
0.000000
1.503715
0.000000
0.000000
0.000000
1.870694
0.000000
0.000000
0.000000
0.000000
0.000000
0.000000
0.000000
0.000000
0.000000
0.000000
0.000000
0.000000
0.000000
0.000000
0.000000
0.000000
0.000000
0.000000
0.000000
0.000000
0.000000
0.000000
0.000000
0.000000
0.000000
0.000000
0.000000
0.000000
0.000000
0.000000
0.000000
0.000000
0.000000
0.000000
0.000000
0.000000
0.000000
0.000000
0.000000
0.000000
0.000000
0.000000
0.000000
0.000000
0.000000
0.000000
0.000000
0.000000
1.721381
0.000000
0.000000
0.000000
0.433097
0.000000
0.000000
0.000000
0.000000
0.000000
0.471743
1.369433
0.745123
0.000000
0.000000
0.000000
0.477363
0.000000
0.000000
0.000000
0.000000
0.000000
0.000000
0.000000
0.000000
0.000000
0.000000
0.565564
0.000000
0.000000
1.268541
0.000000
0.000000
0.000000
0.000000
0.000000
0.000000
0.000000
0.000000
0.000000
0.000000
0.373531
0.030461
0.000000
0.000000
0.000000
0.000000
0.000000
0.000000
0.000000
0.080189
0.000000
0.000000
0.000000
0.000000
0.034456
0.000000
0.000000
0.000000
0.000000
0.000000
0.000000
0.000000
0.000000
0.000000
0.000000
0.000000
0.000000
0.830906
0.000000
0.000000
0.000000
0.000000
0.000000
0.734601
0.000000
0.000000
0.076261
0.000000
2.337838
3.077631
0.000000
0.000000
0.000000
0.000000
0.723084
0.000000
0.000000
0.000000
0.000000
0.000000
0.000000
0.000000
0.000000
0.881867
0.000000
0.793148
0.000000
0.000000
0.000000
0.000000
0.188413
0.000000
0.000000
0.000000
0.000000
0.000000
0.250293
0.000000
0.169925
0.000000
0.000000
0.000000
0.000000
1.986918
0.000000
0.000000
0.000000
0.000000
0.000000
0.000000
1.405322
0.000000
0.000000
0.091760
0.000000
0.000000
0.000000
0.601548
0.000000
0.000000
0.000000
0.000000
0.000000
0.000000
1.046509
0.425862
0.687346
0.918248
0.000000
0.000000
0.000000
0.000000
0.000000
0.000000
0.000000
0.000000
0.000000
0.243916
0.000000
0.000000
0.000000
0.000000
0.000000
0.000000
0.000000
0.000000
0.000000
0.000000
0.000000
0.000000
0.000000
0.000000
0.000000
0.000000
0.000000
0.000000
0.000000
0.000000
0.000000
0.000000
0.000000
0.000000
0.000000
0.000000
0.000000
0.000000
0.000000
0.000000
0.645848
2.168897
0.000000
0.000000
2.084651
0.646549
1.793692
0.101960
1.051287
0.000000
0.000000
1.522289
0.000000
0.000000
0.000000
0.000000
0.932282
0.000000
0.583406
0.476224
0.000000
0.000000
0.000000
0.000000
0.000000
0.850696
0.000000
0.000000
2.070386
0.000000
0.034987
0.000000
0.177384
0.000000
0.000000
0.000000
0.000000
0.000000
0.000000
0.344933
0.000000
0.000000
0.000000
0.000000
0.000000
0.000000
0.000000
0.316136
0.000000
0.000000
0.000000
2.420485
1.557009
0.000000
0.000000
0.000000
0.000000
0.000000
0.000000
0.000000
0.000000
0.000000
1.067408
0.000000
0.000000
0.000000
0.000000
0.000000
0.000000
0.000000
2.015425
0.000000
0.000000
0.000000
0.000000
0.000000
0.000000
0.000000
0.000000
0.000000
0.000000
0.000000
0.000000
0.000000
0.000000
0.000000
0.000000
0.000000
0.000000
0.000000
0.000000
0.000000
0.000000
0.000000
0.000000
0.000000
0.000000
0.000000
0.000000
0.000000
0.000000
0.000000
0.000000
0.000000
2.338363
0.000000
2.715508
0.000000
0.000000
0.000000
0.000000
0.000000
0.000000
0.000000
0.000000
0.000000
0.000000
0.000000
0.866269
0.000000
0.709141
1.173533
0.000000
0.000000
0.000000
0.000000
0.000000
0.000000
1.485876
0.000000
0.000000
0.000000
0.000000
1.529100
0.000000
0.000000
0.000000
0.262454
0.000000
1.806476
0.000000
0.000000
0.000000
0.000000
0.721196
0.128812
0.000000
0.000000
0.000000
0.000000
0.000000
0.000000
0.000000
0.000000
0.000000
0.000000
0.000000
0.000000
0.000000
0.000000
0.000000
0.838788
0.000000
0.000000
0.000000
2.451522
0.000000
0.000000
0.000000
0.000000
0.000000
0.000000
0.000000
0.000000
0.000000
0.000000
0.000000
0.000000
0.000000
1.112596
0.000000
0.000000
0.000000
0.000000
1.731200
0.000000
2.353078
0.000000
0.000000
0.000000
0.000000
0.000000
1.430266
0.000000
0.000000
0.000000
0.000000
0.000000
1.587704
0.000000
0.000000
0.000000
0.000000
2.120860
0.000000
0.000000
0.000000
0.000000
0.000000
0.000000
0.000000
0.000000
4.297945
0.000000
0.000000
0.000000
0.000000
0.000000
0.000000
0.000000
0.000000
0.000000
0.000000
0.000000
0.000000
0.089176
0.000000
0.530023
0.000000
2.059865
0.571241
0.000000
0.000000
0.000000
0.000000
0.000000
0.000000
0.000000
0.661251
0.000000
0.000000
0.000000
0.000000
0.000000
0.000000
0.000000
0.000000
0.000000
0.000000
0.000000
0.000000
0.000000
0.000000
0.000000
0.000000
0.000000
0.000000
0.000000
0.000000
0.000000
0.000000
0.000000
0.201511
0.000000
0.000000
0.000000
0.000000
0.121501
0.000000
0.000000
0.000000
0.000000
0.000000
0.000000
0.285514
0.000000
0.000000
0.000000
0.000000
0.000000
0.000000
0.000000
0.000000
0.000000
0.000000
0.000000
0.000000
0.000000
0.710427
0.000000
0.000000
0.000000
0.000000
0.000000
0.000000
0.000000
1.112081
2.254985
0.000000
0.000000
0.465762
0.000000
0.000000
0.000000
0.000000
0.000000
0.000000
0.000000
0.000000
0.000000
0.000000
0.000000
0.000000
0.000000
0.000000
0.000000
0.000000
1.434074
0.000000
0.000000
0.000000
0.000000
0.000000
0.000000
0.000000
0.000000
0.000000
0.202980
0.000000
0.000000
0.000000
0.000000
2.077939
0.000000
0.000000
0.000000
0.000000
0.000000
1.357397
0.000000
0.000000
0.000000
3.472273
0.000000
0.000000
0.000000
0.000000
0.000000
2.227924
3.996477
0.000000
0.000000
0.396623
0.091128
1.237916
0.000000
0.000000
0.000000
0.000000
0.000000
1.053862
0.000000
0.000000
0.000000
0.000000
0.000000
0.000000
1.470330
0.000000
0.000000
0.000000
0.000000
0.000000
0.000000
0.000000
0.000000
0.000000
0.000000
0.000000
0.000000
0.000000
0.000000
0.000000
0.076906
0.000000
0.000000
0.000000
0.000000
0.000000
0.000000
0.000000
0.000000
0.000000
0.996091
0.000000
0.000000
0.000000
0.000000
0.000000
0.000000
0.000000
0.000000
2.397650
0.000000
0.000000
0.000000
0.000000
0.000000
0.000000
0.789802
0.000000
0.000000
1.600132
0.000000
0.000000
0.000000
0.000000
0.000000
0.000000
0.000000
0.000000
0.000000
0.000000
0.000000
0.000000
2.871693
0.000000
0.000000
0.000000
0.000000
0.000000
0.000000
0.000000
0.222041
0.000000
0.000000
0.000000
0.000000
1.361776
0.000000
0.000000
0.000000
1.482885
0.000000
0.000000
0.000000
0.000000
0.374950
0.000000
0.000000
0.000000
0.000000
0.215515
0.000000
0.000000
0.000000
0.000000
0.883234
0.000000
0.000000
2.736529
0.000000
0.000000
0.000000
0.918916
0.000000
0.000000
0.000000
1.151411
0.000000
0.000000
0.000000
0.000000
0.000000
0.000000
0.000000
0.000000
0.000000
1.663028
0.000000
0.000000
0.776138
0.000000
0.000000
0.000000
0.346614
0.000000
0.000000
0.000000
1.838564
0.000000
0.000000
0.000000
0.000000
0.000000
3.416353
0.000000
0.000000
0.000000
0.000000
0.000000
0.000000
0.000000
0.000000
1.229935
0.000000
0.000000
0.000000
0.000000
0.000000
0.000000
0.000000
3.498141
0.000000
0.000000
0.000000
0.000000
0.000000
0.000000
0.292819
0.000000
0.000000
0.000000
0.000000
0.000000
0.000000
0.000000
0.000000
0.000000
0.000000
0.000000
0.406337
0.000000
0.000000
0.372163
1.591964
0.000000
0.000000
0.000000
4.326723
0.000000
0.000000
0.000000
0.000000
0.000000
0.000000
1.372456
0.000000
0.000000
0.000000
0.000000
0.395145
0.340610
0.000000
0.000000
0.461168
0.000000
0.000000
0.000000
0.000000
0.000000
0.000000
0.000000
0.000000
0.000000
0.000000
0.000000
0.000000
0.000000
0.000000
0.000000
0.000000
0.000000
0.000000
0.000000
0.000000
0.000000
0.000000
0.000000
0.000000
0.000000
0.000000
0.000000
0.000000
0.000000
1.264932
0.000000
0.000000
0.000000
0.000000
0.000000
0.000000
0.000000
0.000000
0.000000
0.000000
0.000000
0.000000
0.000000
0.000000
0.000000
0.000000
0.000000
0.000000
0.000000
0.000000
0.000000
0.000000
0.000000
0.000000
0.196811
0.000000
0.000000
0.000000
0.390867
0.049636
0.000000
1.009039
0.000000
0.000000
0.000000
0.000000
0.000000
0.000000
0.000000
0.000000
0.000000
0.000000
0.000000
0.000000
0.634855
0.000000
2.995122
0.000000
0.000000
0.000000
0.000000
0.000000
0.000000
1.740946
0.000000
0.000000
0.000000
0.000000
0.000000
0.000000
0.000000
0.000000
0.000000
0.000000
0.000000
0.000000
1.122427
0.000000
0.000000
0.000000
0.000000
0.000000
0.000000
0.000000
0.000000
0.747045
0.000000
0.000000
1.707464
0.000000
0.000000
0.000000
0.000000
0.000000
0.000000
0.000000
0.000000
0.060169
0.000000
0.000000
0.000000
0.000000
0.000000
0.193227
0.000000
0.562288
1.313597
0.000000
0.000000
0.000000
0.000000
0.000000
0.000000
0.000000
0.000000
0.000000
0.212272
0.000000
0.000000
0.000000
0.000000
0.000000
0.000000
0.000000
0.000000
0.000000
0.000000
0.000000
0.000000
0.000000
0.326806
0.000000
3.269058
0.000000
0.000000
0.000000
0.000000
0.000000
0.000000
0.000000
0.000000
0.767663
0.192817
0.000000
0.000000
0.000000
0.000000
0.000000
0.000000
0.000000
0.000000
0.000000
0.000000
0.859247
0.000000
0.000000
0.000000
0.000000
0.000000
0.000000
0.000000
0.000000
0.000000
0.000000
0.000000
0.000000
0.000000
0.000000
1.091362
0.169088
0.000000
0.000000
1.443328
1.096356
0.000000
0.000000
0.000000
0.000000
0.000000
0.653121
0.000000
0.439014
0.000000
0.000000
0.000000
0.000000
0.000000
3.838736
3.866609
1.207149
0.000000
0.000000
0.000000
0.000000
0.000000
0.000000
0.000000
0.000000
0.000000
0.000000
0.000000
0.061927
1.140837
0.000000
0.750073
0.000000
0.000000
0.000000
0.000000
0.000000
0.000000
0.000000
0.000000
0.000000
0.000000
0.000000
0.000000
2.135250
0.000000
0.000000
0.000000
0.000000
0.000000
0.000000
0.131396
0.000000
0.000000
0.000000
0.793242
0.000000
0.000000
0.403888
0.484738
0.526273
0.000000
2.191036
0.000000
0.000000
0.000000
0.000000
0.000000
1.434673
0.000000
0.000000
0.000000
0.000000
0.000000
0.000000
0.000000
0.000000
0.000000
0.000000
0.000000
0.000000
0.000000
0.236351
0.000000
0.024365
0.729695
0.762302
0.000000
0.000000
0.000000
0.000000
0.000000
0.000000
0.000000
0.000000
0.000000
0.000000
0.000000
0.000000
0.000000
0.126131
0.000000
0.000000
0.000000
0.000000
0.000000
0.000000
0.000000
0.000000
0.000000
0.000000
0.000000
0.000000
0.000000
0.000000
0.083557
0.000000
0.000000
0.000000
0.000000
0.938839
0.000000
0.534701
1.113360
0.000000
0.000000
0.000000
0.000000
0.000000
0.755061
0.000000
0.000000
0.000000
0.000000
0.000000
0.000000
0.166790
0.000000
0.000000
0.000000
0.000000
0.000000
0.031033
0.000000
3.411919
0.000000
0.000000
0.000000
0.000000
0.000000
0.000000
0.000000
1.781775
0.000000
0.000000
0.000000
0.000000
0.000000
0.000000
0.000000
0.000000
0.154657
0.000000
0.000000
0.000000
0.000000
0.000000
0.000000
0.000000
0.000000
0.000000
0.000000
0.000000
0.000000
0.000000
0.000000
0.000000
0.000000
0.000000
0.000000
0.000000
1.625462
0.000000
0.000000
1.582509
0.000000
0.000000
0.000000
0.000000
0.966984
1.973856
2.304775
0.000000
0.000000
0.000000
0.041027
0.000000
0.000000
0.000000
0.000000
0.000000
1.767418
0.000000
0.000000
0.000000
0.136571
0.000000
0.000000
0.000000
0.839837
0.000000
0.000000
0.000000
0.000000
0.000000
0.000000
0.000000
0.000000
1.096817
0.000000
0.000000
1.678674
0.000000
0.000000
0.000000
0.000000
0.000000
0.000000
0.000000
0.471632
0.000000
0.000000
0.000000
0.000000
0.000000
0.000000
0.000000
0.000000
0.000000
0.000000
0.000000
0.000000
0.000000
0.000000
0.000000
0.000000
0.000000
0.000000
0.000000
0.000000
0.000000
0.000000
0.239326
0.000000
0.000000
0.000000
0.000000
0.000000
0.000000
0.000000
0.000000
0.000000
0.000000
0.000000
0.000000
0.000000
0.000000
1.304864
2.301725
0.000000
0.000000
0.000000
0.000000
0.000000
0.000000
0.000000
0.000000
0.000000
0.000000
0.000000
0.000000
0.000000
0.000000
0.000000
0.000000
0.000000
0.000000
0.297531
0.177671
0.563344
0.000000
0.000000
0.000000
0.572716
0.000000
0.000000
0.000000
1.325550
0.000000
0.000000
0.000000
1.855730
0.000000
1.341105
0.000000
0.000000
0.000000
0.000000
0.000000
2.150075
0.000000
0.000000
0.958262
0.000000
0.000000
0.000000
1.775030
0.000000
0.000000
0.168176
0.000000
0.000000
0.000000
0.000000
0.000000
0.000000
0.000000
0.000000
1.974493
0.051538
0.000000
0.000000
0.000000
0.000000
0.000000
0.000000
0.000000
0.000000
0.000000
0.000000
0.000000
0.000000
0.000000
0.000000
0.000000
0.000000
0.000000
0.000000
1.476176
0.000000
0.000000
0.000000
2.415169
0.000000
0.225326
0.000000
2.349717
0.000000
0.000000
0.283281
0.000000
0.000000
0.458688
0.215084
0.000000
0.000000
0.000000
0.000000
0.480536
1.547614
0.000000
0.000000
0.000000
0.000000
0.000000
0.381917
0.000000
0.147168
0.000000
0.000000
0.000000
0.000000
0.000000
0.000000
0.000000
0.076803
0.000000
0.000000
0.000000
0.000000
0.000000
0.000000
0.000000
0.000000
0.000000
0.718427
0.000000
0.000000
0.000000
1.127676
0.114946
1.267310
0.000000
0.000000
0.000000
3.341542
0.000000
0.000000
0.000000
2.715809
0.000000
3.462999
0.000000
0.000000
0.000000
0.000000
0.415334
0.000000
0.000000
0.000000
0.000000
0.000000
0.000000
0.000000
0.000000
1.944135
0.000000
0.000000
0.000000
0.000000
0.000000
0.000000
0.000000
2.286165
1.440958
0.000000
0.000000
0.148549
0.000000
0.000000
0.000000
0.000000
0.948563
0.000000
0.000000
0.000000
0.000000
0.000000
0.000000
0.000000
0.000000
0.000000
0.000000
0.000000
0.000000
1.996534
0.000000
0.000000
0.000000
0.000000
0.000000
0.000000
0.000000
0.000000
0.000000
0.000000
0.000000
0.000000
0.000000
0.000000
0.000000
0.000000
0.000000
0.000000
0.567720
0.000000
0.000000
0.000000
0.305373
1.260040
0.000000
0.000000
0.000000
1.276212
0.000000
0.000000
0.000000
0.000000
0.000000
2.382178
0.000000
0.000000
0.000000
0.643827
0.000000
0.000000
0.000000
0.000000
1.748220
0.000000
0.000000
0.000000
0.000000
0.000000
0.000000
0.000000
0.000000
0.000000
0.000000
0.000000
0.000000
0.000000
2.788497
0.000000
0.000000
0.000000
1.026709
2.274722
0.000000
0.000000
0.000000
0.000000
0.000000
0.000000
0.000000
0.047034
0.000000
0.000000
0.000000
0.000000
0.000000
0.000000
0.000000
0.000000
0.000000
0.000000
0.000000
0.000000
0.000000
0.315915
0.000000
0.000000
0.000000
0.000000
0.000000
0.000000
0.000000
0.000000
0.000000
0.000000
0.180149
0.000000
0.000000
1.114061
2.418464
0.000000
0.000000
0.000000
0.000000
0.000000
0.000000
0.574946
0.000000
0.000000
0.000000
0.000000
0.000000
0.000000
0.000000
0.000000
0.437233
0.414049
0.000000
0.648429
0.935462
0.000000
1.259770
0.000000
0.000000
0.461613
0.000000
0.000000
0.000000
0.000000
0.000000
0.000000
0.000000
0.347359
0.000000
3.391683
0.000000
0.000000
0.754601
0.000000
0.000000
0.000000
0.000000
0.000000
1.454954
0.000000
0.000000
0.332856
0.000000
0.000000
0.000000
0.000000
1.347427
0.000000
0.000000
0.000000
0.000000
0.000000
0.000000
0.000000
0.000000
0.000000
0.000000
0.902508
0.000000
1.437685
0.000000
1.264929
0.000000
0.000000
0.000000
0.000000
0.934109
0.000000
1.587740
0.000000
0.225726
0.000000
1.592857
0.000000
0.000000
0.000000
0.000000
0.000000
0.000000
0.000000
0.000000
1.884227
0.000000
0.000000
0.000000
0.000000
0.000000
0.000000
0.000000
1.402297
0.000000
0.127574
0.000000
0.000000
0.111344
3.345240
0.000000
0.076637
0.000000
0.000000
2.836966
0.000000
0.000000
0.000000
0.000000
0.000000
0.723449
0.000000
0.000000
0.000000
0.000000
0.000000
0.000000
0.000000
1.361341
0.000000
0.000000
0.000000
1.236946
0.000000
0.000000
2.525424
0.000000
0.000000
4.485205
0.000000
0.000000
0.063560
0.000000
0.000000
0.000000
0.000000
0.000000
0.000000
2.035894
0.000000
0.000000
0.000000
0.000000
0.000000
0.000000
0.000000
0.000000
0.000000
0.000000
2.430485
0.000000
0.761468
0.000000
1.494990
0.000000
0.000000
0.000000
0.000000
0.000000
0.000000
0.000000
0.000000
0.000000
0.000000
0.000000
0.000000
0.000000
0.000000
0.000000
0.000000
0.238788
0.000000
0.000000
0.000000
0.000000
0.000000
0.000000
0.000000
0.000000
2.134514
0.000000
0.000000
0.000000
0.000000
0.000000
0.000000
0.000000
0.000000
0.000000
0.000000
0.000000
0.000000
0.000000
0.000000
0.000000
0.000000
0.000000
0.000000
2.429831
0.000000
0.000000
0.000000
0.000000
0.000000
0.000000
0.000000
0.000000
0.000000
0.000000
0.000000
0.000000
0.726754
0.328025
0.000000
1.368971
0.000000
0.000000
0.889512
0.000000
0.000000
0.000000
0.000000
1.473100
0.000000
0.000000
0.000000
0.000000
0.000000
0.000000
0.948700
0.000000
0.782820
0.000000
0.000000
0.000000
0.000000
0.000000
0.000000
0.000000
0.000000
0.000000
0.000000
0.000000
0.000000
0.000000
0.854036
0.000000
0.000000
0.620764
2.976865
0.000000
0.000000
0.000000
0.148381
0.000000
0.000000
0.000000
0.000000
0.000000
0.501268
0.000000
2.019684
0.000000
0.000000
0.368183
0.000000
0.000000
0.000000
0.000000
0.000000
0.000000
0.048299
0.586069
0.000000
0.000000
0.000000
0.000000
0.200932
0.000000
0.000000
0.000000
0.000000
2.344431
0.000000
0.000000
0.000000
0.000000
0.000000
0.000000
0.000000
0.000000
3.009431
0.000000
0.000000
0.031458
0.000000
0.000000
0.562515
0.171908
1.126583
0.000000
0.982210
0.000000
0.000000
0.000000
0.000000
0.000000
0.000000
0.000000
0.000000
2.328194
0.000000
0.000000
0.000000
1.016437
0.000000
0.000000
0.000000
0.000000
0.000000
0.000000
0.000000
0.000000
0.000000
0.000000
0.556721
0.000000
0.000000
0.000000
0.396795
0.301809
0.000000
0.000000
0.000000
0.000000
0.000000
0.000000
0.000000
0.000000
0.000000
0.000000
0.000000
0.140790
0.000000
2.083998
0.199335
0.000000
0.000000
0.000000
0.000000
0.000000
0.000000
0.000000
0.000000
0.000000
0.000000
0.000000
0.000000
0.000000
0.160291
0.000000
0.000000
0.000000
0.000000
0.000000
0.000000
0.000000
0.000000
0.000000
0.000000
0.000000
0.000000
0.000000
0.000000
0.264257
0.000000
0.943810
0.000000
0.000000
0.000000
0.788792
0.000000
0.000000
0.000000
0.000000
0.000000
0.000000
0.000000
0.000000
0.000000
0.000000
0.000000
0.019285
0.000000
0.000000
0.000000
0.000000
0.000000
0.000000
0.000000
0.000000
0.000000
2.813125
0.000000
0.517890
0.271739
0.000000
0.000000
0.000000
0.000000
0.000000
0.000000
1.050304
0.000000
0.000000
0.000000
0.000000
2.409204
0.000000
1.065283
0.000000
2.759007
0.000000
0.000000
0.000000
0.000000
1.693614
0.000000
0.000000
0.000000
0.520549
0.000000
0.000000
0.000000
0.000000
1.959209
0.000000
0.000000
0.000000
0.000000
0.000000
0.000000
0.000000
0.000000
0.000000
0.000000
0.000000
0.000000
0.000000
0.000000
0.000000
0.000000
0.848003
0.000000
0.000000
0.000000
0.000000
0.000000
0.000000
0.000000
0.000000
0.000000
0.000000
0.000000
0.000000
0.000000
0.000000
1.514866
0.000000
0.000000
0.000000
0.000000
0.000000
0.000000
0.000000
0.000000
0.000000
0.000000
0.000000
0.000000
0.000000
0.000000
0.000000
0.000000
0.000000
0.000000
0.396346
0.000000
0.000000
0.000000
0.000000
0.000000
0.000000
0.000000
0.000000
0.000000
0.000000
0.000000
0.000000
0.000000
0.000000
0.000000
0.551991
2.605956
0.000000
0.000000
0.000000
0.000000
0.000000
0.000000
0.000000
0.642524
0.000000
0.000000
0.000000
0.275304
0.203052
0.000000
0.000000
0.000000
0.000000
0.000000
0.000000
0.000000
0.000000
0.700186
0.000000
0.000000
0.000000
0.000000
0.000000
1.898621
0.051669
0.000000
4.163819
0.655842
0.000000
0.000000
0.000000
0.000000
0.000000
0.000000
0.000000
0.000000
2.143407
0.000000
0.000000
0.000000
0.000000
0.000000
0.000000
0.000000
0.000000
0.000000
0.000000
0.000000
0.000000
0.000000
0.000000
0.000000
0.000000
0.000000
0.000000
0.000000
0.065277
0.000000
0.008164
0.000000
0.000000
1.375730
0.000000
0.000000
0.000000
0.000000
0.000000
0.000000
0.000000
0.000000
0.000000
0.000000
0.000000
0.000000
0.000000
0.000000
0.000000
0.000000
0.000000
0.000000
0.000000
0.000000
0.844842
0.000000
0.000000
0.000000
0.000000
0.000000
0.000000
0.000000
0.000000
0.000000
1.205902
0.000000
0.000000
0.000000
0.000000
0.000000
0.000000
0.000000
0.305036
0.000000
0.000000
0.000000
1.424622
0.000000
4.220082
0.000000
0.752089
0.000000
0.000000
0.000000
0.000000
0.000000
0.000000
0.000000
0.000000
2.818725
0.000000
0.000000
0.000000
0.000000
0.000000
1.511701
0.000000
0.088056
0.000000
0.000000
0.000000
0.000000
0.000000
0.000000
0.000000
0.000000
0.000000
0.000000
0.000000
2.155193
0.000000
0.000000
0.000000
0.000000
0.073527
0.000000
0.789092
0.000000
0.000000
0.000000
0.000000
0.000000
0.000000
0.000000
0.000000
0.000000
0.795761
0.000000
0.000000
1.259023
0.000000
0.000000
0.000000
0.000000
0.000000
0.000000
0.000000
0.000000
0.000000
0.000000
0.000000
0.000000
0.000000
0.000000
0.000000
0.000000
0.297175
0.000000
0.000000
2.016427
0.000000
0.000000
0.000000
0.000000
0.000000
0.000000
0.000000
0.016235
0.440761
2.028928
0.000000
0.000000
0.000000
0.000000
0.996256
0.000000
0.000000
0.000000
0.000000
0.238666
0.000000
0.000000
0.000000
0.000000
0.000000
0.000000
1.594682
0.719220
0.000000
0.000000
0.930253
0.000000
0.000000
0.000000
0.996897
0.000000
0.000000
0.000000
0.000000
3.101144
0.000000
1.199907
0.000000
0.000000
0.000000
0.000000
0.000000
0.000000
0.975604
0.000000
0.000000
0.000000
0.000000
2.189012
0.000000
0.404912
1.371715
0.000000
0.000000
0.000000
0.000000
0.000000
0.000000
0.000000
0.000000
0.000000
0.000000
0.000000
0.000000
0.000000
0.000000
0.000000
0.000000
0.000000
0.000000
0.000000
0.000000
0.000000
0.000000
0.000000
0.000000
0.000000
0.000000
0.000000
0.049765
0.000000
0.000000
0.000000
0.000000
0.000000
0.000000
0.000000
1.531143
0.000000
0.000000
0.000000
0.000000
2.373460
0.510813
0.000000
0.000000
0.000000
0.000000
0.000000
0.000000
0.000000
0.000000
0.000000
0.000000
0.000000
0.000000
0.000000
0.000000
0.000000
0.000000
1.018224
0.000000
0.000000
0.000000
0.000000
0.000000
0.000000
0.000000
0.000000
0.000000
0.000000
0.565867
0.000000
0.000000
0.000000
0.000000
1.280946
0.000000
0.861038
0.000000
0.000000
2.419923
0.000000
0.000000
0.000000
0.000000
0.000000
0.000000
0.000000
0.000000
0.000000
0.000000
0.000000
0.000000
0.000000
0.000000
0.000000
0.000000
1.012215
0.000000
0.000000
0.000000
0.365671
0.000000
0.000000
0.000000
0.000000
0.000000
0.000000
1.578400
0.000000
1.041031
1.298450
1.562473
0.000000
0.000000
0.000000
0.000000
0.000000
2.550169
0.000000
0.000000
0.000000
0.000000
0.000000
0.000000
0.000000
0.000000
0.000000
0.000000
0.000000
0.000000
0.373834
0.000000
0.000000
0.000000
0.000000
0.000000
0.000000
0.000000
0.000000
0.000000
0.000000
0.000000
0.000000
2.937847
0.000000
0.000000
0.000000
1.050994
0.000000
0.000000
0.000000
0.000000
1.177938
0.000000
0.000000
1.779281
0.000000
0.000000
1.388097
0.000000
0.000000
0.000000
0.428940
0.000000
0.000000
0.000000
0.000000
0.000000
0.000000
0.294312
0.588127
0.000000
1.751357
3.546793
0.000000
0.000000
1.150448
0.000000
0.000000
0.000000
0.000000
0.000000
0.000000
0.000000
0.000000
0.000000
0.000000
0.000000
0.000000
0.000000
0.000000
0.000000
0.000000
0.000000
0.000000
0.000000
0.028870
0.000000
0.000000
0.000000
0.000000
0.000000
0.000000
0.075952
0.000000
0.000000
0.000000
0.000000
0.000000
0.000000
0.000000
0.000000
0.000000
0.000000
0.000000
0.000000
0.000000
2.554301
0.000000
0.000000
0.000000
0.000000
1.548962
0.000000
0.000000
0.000000
0.147683
0.000000
0.000000
0.000000
0.000000
0.000000
0.000000
0.000000
0.000000
0.000000
0.000000
1.250423
0.000000
0.000000
0.000000
1.043824
0.000000
0.000000
0.000000
0.000000
0.000000
0.641299
0.000000
0.000000
0.000000
0.000000
0.000000
0.000000
1.079994
0.000000
0.000000
0.000000
0.000000
0.905549
0.000000
0.000000
1.410933
0.000000
0.000000
0.000000
0.000000
0.000000
0.000000
0.000000
0.000000
0.000000
0.000000
0.000000
0.000000
0.534439
0.000000
0.000000
0.000000
0.000000
0.000000
0.000000
0.000000
0.000000
0.000000
0.000000
0.000000
0.687341
0.297521
0.000000
0.000000
0.000000
0.000000
0.000000
0.000000
0.000000
0.485540
0.000000
0.000000
0.000000
0.000000
0.000000
0.000000
0.000000
0.000000
0.000000
2.120751
0.000000
0.000000
0.000000
0.000000
0.122025
0.000000
0.000000
0.000000
0.000000
0.000000
0.000000
1.108866
0.000000
0.363805
0.000000
0.000000
0.000000
0.000000
0.000000
0.000000
0.000000
0.000000
0.000000
1.142668
0.000000
0.000000
0.000000
0.953525
0.000000
0.000000
0.000000
0.000000
0.000000
0.000000
0.000000
0.000000
0.000000
0.000000
0.000000
0.000000
0.000000
0.000000
0.931161
0.000000
0.727827
0.000000
0.000000
0.000000
0.000000
0.000000
0.000000
1.711330
0.387386
0.000000
0.299207
0.000000
0.000000
0.000000
0.000000
0.000000
0.000000
0.000000
0.000000
2.138446
0.000000
0.509110
0.000000
0.247410
0.000000
2.758508
0.000000
0.000000
0.000000
0.000000
0.851667
0.000000
0.000000
0.000000
0.000000
0.000000
0.000000
0.691380
0.000000
0.000000
0.000000
0.000000
0.000000
0.000000
0.000000
0.000000
0.000000
0.000000
0.000000
0.000000
0.000000
0.000000
0.000000
0.000000
0.000000
0.020681
0.000000
0.000000
0.000000
0.000000
0.000000
0.000000
0.000000
0.000000
0.393158
0.000000
0.000000
0.106241
0.000000
2.501387
0.607726
0.000000
0.624178
0.000000
1.193378
0.000000
0.000000
0.000000
0.000000
0.000000
0.000000
0.450835
0.632420
0.000000
0.000000
0.000000
0.000000
0.000000
0.000000
0.000000
0.000000
0.000000
0.000000
3.218595
0.000000
0.000000
0.000000
0.000000
0.000000
0.326329
0.000000
0.000000
0.000000
0.000000
0.000000
0.000000
0.000000
1.316137
2.329691
0.000000
0.000000
1.431476
0.000000
0.000000
0.485239
0.000000
0.000000
0.000000
0.000000
0.000000
0.000000
0.000000
0.000000
0.000000
0.000000
0.000000
0.000000
0.463743
0.000000
0.000000
0.734115
0.000000
0.000000
0.000000
1.834290
2.658573
0.000000
0.000000
0.571399
0.000000
0.000000
0.000000
0.000000
0.000000
0.000000
0.000000
0.000000
0.000000
