0.000000
0.000000
0.000000
0.000000
0.000000
0.000000
0.000000
0.000000
0.000000
0.000000
0.000000
0.479466
0.000000
0.000000
0.000000
1.200068
0.000000
2.260064
0.000000
0.000000
0.000000
0.000000
0.000000
0.000000
0.191857
0.000000
0.000000
0.000000
0.000000
0.000000
0.000000
0.000000
0.000000
0.000000
0.000000
0.000000
0.000000
0.000000
0.000000
0.000000
0.000000
0.000000
0.763440
0.000000
0.000000
0.000000
0.444891
2.107575
0.000000
0.000000
0.000000
2.253963
0.000000
0.000000
0.000000
0.000000
0.048450
0.000000
0.000000
0.000000
0.205744
0.000000
0.000000
0.000000
0.000000
0.000000
0.000000
0.000000
0.000000
0.000000
0.000000
0.000000
0.073298
0.458595
0.000000
0.000000
0.000000
0.000000
0.000000
0.000000
0.473523
0.000000
0.000000
0.000000
1.066575
1.245727
0.000000
0.000000
0.000000
0.000000
0.000000
0.168959
0.000000
0.000000
1.528651
0.000000
0.000000
0.000000
0.000000
0.000000
1.062063
0.000000
2.475268
0.000000
0.000000
0.000000
0.000000
0.000000
0.000000
0.000000
0.000000
0.370386
0.000000
0.166302
0.000000
0.000000
0.000000
0.000000
0.000000
0.000000
0.000000
1.207668
0.095775
0.769948
0.000000
0.000000
0.000000
0.000000
0.000000
0.000000
0.000000
0.000000
0.470912
0.000000
0.000000
0.150402
0.000000
0.000000
0.000000
0.331395
0.120627
0.000000
1.645352
0.000000
0.000000
0.000000
0.000000
0.000000
0.000000
0.000000
0.127078
0.853054
0.000000
0.000000
0.734401
0.000000
0.000000
0.000000
0.000000
0.000000
0.000000
1.402082
0.000000
0.340828
0.083731
0.000000
0.000000
0.972046
0.000000
0.000000
0.000000
0.000000
0.000000
0.000000
0.000000
0.000000
0.000000
1.308846
0.783856
0.000000
0.000000
0.001392
0.000000
0.000000
0.000000
0.000000
0.000000
0.000000
0.000000
0.000000
0.000000
0.000000
0.000000
0.000000
0.000000
0.000000
1.194886
0.000000
1.184908
0.000000
0.000000
0.000000
0.000000
0.000000
0.000000
0.000000
0.000000
0.000000
0.000000
0.881294
0.655521
0.000000
0.000000
0.000000
0.000000
0.000000
0.000000
0.000000
0.000000
0.000000
0.000000
0.000000
0.553849
0.000000
2.473403
0.000000
0.000000
0.035127
0.000000
0.000000
0.000000
0.000000
0.000000
2.050394
0.000000
0.000000
1.317851
0.887944
0.000000
0.000000
0.000000
0.000000
0.000000
0.483834
0.080222
1.693333
0.000000
0.000000
0.000000
0.000000
0.000000
0.000000
0.129684
0.697084
0.000000
0.000000
0.000000
0.000000
0.000000
0.000000
0.000000
0.000000
0.528252
0.000000
0.000000
0.000000
0.000000
0.000000
0.000000
0.000000
1.888932
0.000000
0.000000
0.000000
0.000000
0.000000
0.000000
0.000000
0.000000
0.000000
0.000000
0.000000
1.512579
0.000000
0.000000
0.895837
0.000000
0.000000
0.000000
2.644221
1.556409
0.303976
0.534946
0.656962
0.000000
0.000000
0.000000
0.313547
1.409534
0.000000
1.167126
0.000000
0.000000
0.000000
0.010041
0.000000
0.353840
0.114217
0.000000
0.527122
1.258906
0.000000
0.000000
0.000000
0.000000
0.000000
0.000000
0.054736
0.490647
0.000000
0.000000
0.189741
0.000000
0.000000
0.000000
0.000000
0.000000
0.000000
0.000000
0.000000
0.621176
0.000000
0.000000
0.000000
0.000000
0.000000
0.000000
0.000000
0.000000
0.000000
0.000000
0.000000
0.000000
0.000000
0.000000
0.000000
0.299059
0.000000
0.000000
0.000000
0.000000
0.000000
0.000000
0.000000
0.000000
0.000000
0.000000
0.258122
0.000000
0.000000
0.000000
0.000000
0.000000
0.000000
0.000000
0.000000
0.000000
0.000000
0.050436
0.172384
0.000000
0.143454
0.000000
0.000000
1.208906
0.000000
0.000000
0.000000
0.000000
0.506271
0.000000
0.000000
0.000000
0.000000
0.000000
0.000000
1.249603
0.000000
0.000000
0.000000
0.000000
0.000000
0.000000
0.203353
0.000000
0.000000
0.000000
0.000000
0.000000
0.000000
0.499626
0.000000
0.000000
0.000000
0.000000
0.000000
0.000000
1.056740
0.000000
0.000000
0.000000
0.000000
0.682342
0.216520
0.000000
0.302946
0.000000
0.183584
0.000000
0.000000
0.000000
1.204681
0.119015
0.000000
0.000000
0.000000
0.000000
0.000000
0.963737
0.000000
0.000000
0.207255
0.000000
0.000000
0.000000
0.000000
0.000000
0.298047
0.000000
0.000000
0.000000
0.000000
0.000000
0.734742
0.000000
0.000000
0.000000
0.000000
0.000000
0.000000
0.000000
0.000000
0.342212
0.000000
0.000000
0.000000
0.087354
0.000000
0.126278
0.000000
0.000000
0.000000
0.732874
2.098425
0.093811
0.000000
0.481028
0.000000
0.000000
0.000000
0.000000
0.000000
0.000000
0.000000
0.000000
0.000000
0.000000
0.000000
0.000000
1.254168
0.000000
0.089109
0.000000
0.103782
0.000000
0.000000
0.505460
1.508582
1.050926
0.000000
0.000000
0.000000
0.000000
0.000000
0.000000
0.000000
0.797917
0.000000
0.000000
0.000000
0.000000
0.000000
0.000000
0.000000
0.000000
0.000000
0.000000
0.770173
0.000000
0.000000
1.689481
0.000000
0.000000
0.035353
0.000000
0.000000
0.000000
0.000000
0.000000
0.358495
0.891094
0.897001
0.000000
0.000000
0.487717
0.000000
0.000000
0.000000
0.000000
0.000000
0.000000
0.112102
0.000000
0.000000
0.000000
0.000000
0.000000
0.000000
0.000000
0.000000
0.000000
0.000000
0.000000
0.000000
0.000000
0.000000
0.000000
2.620745
0.000000
0.000000
1.815867
1.398114
0.000000
0.000000
0.447957
0.457914
0.000000
0.000000
0.450633
0.000000
0.992383
1.190977
0.000000
0.000000
0.000000
0.441089
0.000000
0.000000
0.000000
0.000000
0.000000
0.000000
0.000000
1.103760
0.000000
0.000000
2.126889
0.000000
0.000000
0.000000
0.000000
0.000000
0.000000
0.000000
0.000000
0.601171
0.000000
0.000000
0.000000
0.000000
0.000000
0.000000
1.273700
0.000000
0.000000
0.000000
0.000000
0.645724
0.000000
0.157570
0.000000
0.926225
0.000000
0.000000
0.000000
0.000000
0.000000
0.000000
0.598654
0.000000
0.000000
0.000000
0.000000
0.226284
0.000000
0.000000
0.000000
0.000000
0.000000
0.000000
0.000000
0.000000
1.504130
1.013948
0.311460
0.000000
0.000000
0.000000
0.000000
0.928988
0.000000
0.440956
0.000000
0.466161
0.000000
0.000000
0.000000
0.021196
0.000000
0.000000
0.000000
0.000000
0.125696
0.000000
0.000000
0.000000
0.000000
0.000000
0.000000
0.000000
2.321754
0.000000
0.611147
0.000000
0.000000
0.000000
0.000000
0.000000
0.000000
0.591872
0.000000
0.000000
0.000000
0.000000
0.000000
0.000000
0.000000
0.000000
0.000000
0.516500
0.000000
0.000000
0.000000
0.000000
0.000000
0.000000
0.000000
0.000000
0.000000
0.000000
0.575596
0.208086
0.000000
0.000000
0.000000
0.000000
0.000000
0.000000
0.000000
0.000000
1.442555
0.621055
0.000000
0.000000
0.000000
0.000000
0.000000
0.000000
0.000000
0.000000
0.000000
1.162310
0.000000
0.365011
0.000000
0.508415
0.697339
0.117712
0.000000
1.478023
0.000000
0.677976
0.000000
0.000000
0.000000
0.000000
0.000000
0.000000
0.221088
0.550481
0.000000
0.000000
0.000000
0.000000
2.133493
0.000000
0.012770
0.000000
0.000000
0.000000
0.000000
0.000000
0.000000
0.044071
0.000000
0.000000
1.217384
0.270377
0.000000
0.000000
0.000000
0.000000
0.000000
0.000000
0.000000
0.000000
0.000000
0.393114
0.000000
0.000000
0.222991
0.000000
0.915024
0.000000
0.320164
0.105173
0.000000
0.000000
0.000000
0.000000
0.000000
0.000000
0.000000
0.000000
0.000000
0.000000
0.873734
0.000000
0.413626
1.299574
0.000000
0.000000
2.695046
0.000000
0.000000
0.000000
0.000000
0.000000
0.000000
0.000000
0.000000
0.000000
0.000000
0.000000
0.000000
0.000000
0.000000
0.000000
0.000000
0.000000
0.000000
0.000000
0.000000
0.000000
0.478609
0.000000
0.000000
0.000000
0.000000
0.000000
1.891009
0.000000
0.000000
0.000000
0.000000
1.249342
0.000000
0.000000
0.000000
1.282798
0.000000
0.000000
0.000000
0.000000
0.000000
1.133004
0.000000
0.652495
0.000000
0.309119
0.000000
0.000000
0.000000
0.000000
0.000000
0.247203
0.806990
0.000000
0.000000
0.000000
0.000000
0.000000
0.000000
1.300786
0.000000
0.000000
0.000000
0.000000
0.000000
0.000000
0.997721
0.000000
0.000000
0.000000
0.000000
0.000000
0.000000
0.000000
0.000000
0.000000
0.000000
0.000000
0.000000
0.000000
0.000000
0.000000
2.606670
0.834239
0.092308
0.000000
0.000000
0.000000
0.000000
0.000000
0.000000
0.000000
0.000000
0.000000
0.000000
0.000000
0.000000
0.309433
0.171701
0.388025
0.000000
0.000000
0.000000
0.000000
0.000000
0.000000
0.000000
0.000000
0.000000
2.103368
0.000000
0.000000
0.000000
0.000000
0.000000
0.000000
0.000000
0.000000
0.000000
0.000000
0.000000
0.438030
0.000000
0.000000
2.193827
0.000000
0.000000
0.000000
0.000000
0.000000
0.000000
0.000000
0.000000
0.000000
0.083160
0.000000
0.000000
0.360174
0.000000
0.000000
0.000000
0.419211
1.512327
0.000000
0.000000
0.000000
0.000000
1.106235
0.000000
0.000000
0.357926
0.000000
1.035312
0.000000
0.000000
0.353508
0.000000
0.000000
0.000000
2.239118
0.000000
0.000000
1.525489
0.000000
0.000000
0.000000
0.000000
0.000000
0.000000
0.000000
0.000000
0.000000
0.384903
0.000000
0.000000
0.000000
0.000000
0.000000
0.000000
0.000000
0.000000
0.000000
0.000000
0.000000
0.000000
0.000000
0.000000
0.000000
0.000000
0.000000
0.000000
0.000000
0.000000
0.000000
0.370610
0.000000
0.000000
0.000000
0.360949
0.000000
0.000000
0.709831
0.000000
0.000000
0.187379
0.000000
0.304592
0.000000
0.000000
0.000000
0.147047
0.000000
0.000000
0.000000
0.000000
0.000000
0.000000
0.000000
0.000000
0.000000
0.000000
0.000000
0.000000
2.075986
0.000000
1.168706
1.224282
0.000000
0.000000
0.000000
0.000000
0.000000
0.000000
0.000000
0.000000
0.000000
0.000000
0.000000
0.283692
0.000000
0.860125
0.000000
0.000000
0.000000
0.425799
0.000000
0.159249
0.000000
0.000000
0.000000
0.000000
0.000000
0.000000
0.000000
0.000000
0.000000
0.000000
0.162448
0.000000
0.000000
0.000000
0.000000
0.000000
0.000000
0.447814
0.933653
0.211721
0.790529
0.000000
0.000000
0.000000
0.000000
0.000000
1.068278
0.000000
0.000000
0.000000
0.000000
0.000000
0.000000
0.000000
0.000000
0.000000
0.000000
0.000000
0.000000
0.000000
0.000000
0.000000
0.131579
0.000000
0.000000
1.621842
0.000000
0.000000
0.333643
0.000000
0.000000
0.744352
0.095114
0.197581
0.000000
0.000000
0.000000
0.000000
1.394693
0.000000
0.000000
0.000000
0.000000
0.000000
0.000000
0.000000
0.000000
0.000000
0.000000
0.000000
0.000000
1.879012
0.000000
0.000000
0.000000
0.000000
0.000000
0.000000
0.000000
0.008659
0.199233
0.000000
0.000000
0.000000
0.000000
0.000000
0.000000
0.000000
0.000000
0.000000
0.283134
0.000000
0.000000
0.000000
0.000000
0.000000
0.000000
1.226700
0.443677
0.000000
1.015210
0.000000
0.105294
0.000000
0.000000
0.000000
0.000000
0.000000
0.000000
0.560862
0.000000
0.000000
0.000000
0.000000
0.000000
0.000000
0.012340
0.173354
0.000000
0.000000
0.000000
0.000000
0.000000
0.000000
0.000000
0.000000
0.000000
0.000000
0.375279
0.491292
0.000000
0.000000
0.000000
0.000000
0.000000
0.000000
0.000000
0.000000
0.000000
0.000000
0.000000
0.000000
0.000000
0.054465
0.000000
0.000000
0.000000
0.181129
0.000000
1.014677
0.000000
0.000000
0.000000
0.000000
0.000000
0.000000
0.000000
0.579424
0.000000
0.253623
0.000000
0.000000
0.000000
0.683073
0.000000
0.000000
0.000000
0.106583
0.371647
1.089707
0.000000
0.108165
0.000000
0.000000
0.192050
0.000000
0.000000
0.000000
0.000000
0.000000
0.000000
0.000000
0.000000
0.000000
0.000000
2.275665
0.000000
0.000000
0.000000
0.000000
0.000000
0.000000
0.000000
0.000000
0.000000
0.000000
0.000000
0.000000
1.543762
1.237428
0.000000
0.000000
0.000000
0.000000
0.000000
0.000000
1.047333
0.000000
2.073032
0.000000
0.000000
0.000000
0.000000
1.072718
0.000000
0.318314
0.000000
0.000000
0.000000
0.000000
0.420171
0.000000
0.000000
0.359868
0.000000
0.000000
0.318100
0.000000
0.000000
0.000000
0.000000
0.794443
0.000000
0.000000
0.000000
0.000000
0.000000
0.000000
0.772128
0.000000
0.000000
0.000000
0.000000
0.000000
0.000000
0.000000
0.027580
0.000000
0.000000
2.504625
0.000000
0.000000
0.101819
0.000000
0.000000
0.000000
0.000000
0.000000
0.000000
0.000000
0.000000
0.015403
0.938106
0.000000
0.000000
0.000000
0.199056
0.000000
0.000000
1.163825
0.000000
0.000000
0.000000
0.953480
0.000000
0.000000
0.000000
0.000000
0.000000
0.399016
0.000000
0.000000
0.000000
0.000000
1.340408
0.000000
0.000000
0.714596
0.000000
0.000000
0.000000
0.000000
0.000000
0.000000
0.000000
0.000000
2.145069
0.000000
0.000000
0.000000
0.428472
0.000000
0.000000
0.000000
0.000000
0.000000
0.000000
0.000000
0.000000
0.534579
0.000000
0.000000
0.000000
0.000000
0.000000
0.000000
0.000000
0.000000
0.000000
0.000000
0.000000
0.000000
0.000000
0.000000
0.000000
0.000000
0.000000
0.000000
0.589119
0.000000
0.000000
0.000000
0.000000
0.000000
0.000000
0.000000
0.000000
0.000000
0.000000
0.000000
0.000000
0.000000
0.000000
0.000000
0.000000
0.000000
0.491491
0.000000
0.502945
1.862383
0.000000
0.000000
0.000000
0.018515
0.000000
0.000000
0.000000
0.495889
0.000000
0.000000
0.674209
0.000000
0.000000
0.000000
0.000000
0.402149
0.000000
0.000000
0.000000
0.000000
0.000000
0.000000
0.000000
0.000000
0.000000
0.000000
0.749212
0.836496
0.000000
0.000000
0.000000
0.000000
0.000000
0.000000
0.000000
0.000000
0.460572
0.000000
0.000000
0.000000
0.000000
0.059094
0.000000
0.000000
0.000000
0.000000
0.000000
0.000000
0.000000
0.365068
0.077105
0.670617
0.000000
0.000000
0.000000
0.000000
0.000000
0.000000
0.330426
0.669787
0.000000
0.000000
0.000000
0.219351
0.000000
0.000000
0.280047
0.000000
0.662870
0.000000
0.000000
0.000000
0.000000
0.499930
0.000000
0.000000
0.000000
0.000000
0.436513
3.722038
0.000000
0.000000
0.000000
0.457792
0.815491
0.000000
0.000000
0.000000
0.000000
0.000000
0.000000
0.000000
0.000000
1.011058
0.000000
0.000000
0.000000
0.000000
0.000000
0.000000
0.000000
0.000000
0.000000
0.000000
0.000000
0.000000
0.000000
0.000000
0.553889
0.000000
0.000000
0.354381
0.000000
1.881243
0.000000
0.000000
0.000000
0.730648
0.000000
0.000000
0.000000
0.000000
0.000000
0.161173
0.000000
0.000000
0.000000
0.279897
0.000000
0.000000
0.000000
0.000000
0.000000
0.000000
1.353957
0.248994
0.317094
1.386969
0.000000
0.000000
0.000000
0.000000
0.000000
0.000000
0.000000
0.000000
1.132012
0.658980
0.000000
0.000000
0.000000
0.000000
0.000000
0.000000
0.000000
0.000000
0.000000
0.437786
0.000000
0.000000
0.000000
0.000000
0.000000
0.000000
0.000000
0.000000
0.000000
0.000000
0.000000
0.000000
0.000000
0.806527
0.000000
0.000000
0.000000
0.000000
0.000000
0.000000
0.523757
0.000000
0.000000
0.000000
2.374439
0.000000
0.499334
0.936158
0.000000
0.000000
0.000000
0.000000
0.000000
0.901486
0.000000
0.000000
0.175599
0.000000
1.338915
0.000000
0.601293
0.000000
0.000000
0.000000
0.000000
0.000000
0.000000
0.000000
0.788535
0.000000
0.465809
0.000000
0.000000
0.000000
0.000000
0.028714
0.000000
0.000000
0.000000
0.000000
0.000000
0.000000
0.000000
0.113450
0.000000
0.000000
0.000000
0.000000
0.000000
0.000000
0.000000
0.011753
0.569817
0.000000
0.000000
0.693716
0.000000
0.000000
0.000000
0.000000
0.000000
0.000000
0.000000
0.000000
0.000000
0.008007
0.000000
0.000000
0.000000
0.000000
0.266699
0.529191
0.000000
0.000000
0.000000
0.734489
0.000000
0.000000
0.000000
0.000000
0.330786
0.000000
0.000000
0.000000
0.000000
0.000000
0.682259
0.172837
0.000000
0.000000
0.000000
0.000000
0.000000
0.393486
0.000000
0.000000
0.000000
0.000000
0.648195
0.000000
0.000000
0.000000
0.000000
0.000000
1.111047
0.000000
1.116956
0.000000
0.000000
0.000000
0.000000
0.000000
0.000000
0.000000
0.000000
0.000000
0.000000
0.481820
0.688092
0.000000
0.125562
0.991451
0.000000
0.000000
0.000000
0.000000
0.000000
0.000000
0.000000
0.000000
0.000000
0.000000
0.000000
0.744295
0.356215
0.180001
0.000000
0.000000
0.000000
0.941357
0.000000
0.567713
0.000000
0.000000
0.000000
0.000000
0.000000
0.000000
0.000000
0.000000
0.000000
0.000000
0.000000
0.000000
0.000000
0.000000
0.000000
0.000000
0.000000
0.092215
0.000000
0.527249
0.000000
0.000000
0.000000
0.651072
0.000000
0.000000
0.000000
0.000000
0.000000
0.000000
0.000000
0.000000
0.000000
0.000000
0.000000
0.000000
0.000000
0.834322
0.000000
0.000000
0.000000
0.000000
0.763962
0.000000
1.306302
0.000000
0.874843
0.000000
0.000000
0.000000
1.186088
0.000000
0.672539
0.000000
0.000000
0.000000
0.000000
0.232494
0.000000
0.000000
0.000000
0.909854
0.000000
0.000000
0.263459
0.000000
0.000000
0.000000
0.000000
0.000000
1.435078
0.000000
0.000000
0.000000
0.000000
0.000000
0.000000
0.000000
0.000000
0.000000
0.000000
0.000000
0.000000
0.000000
0.000000
0.457729
0.000000
2.231761
1.195589
0.000000
0.000000
0.000000
0.000000
0.000000
0.107067
0.000000
1.103181
0.000000
0.000000
0.000000
0.000000
0.000000
0.000000
0.000000
0.000000
0.000000
0.000000
0.000000
0.000000
0.000000
0.114578
0.000000
0.000000
0.000000
0.000000
0.000000
0.000000
0.000000
0.000000
0.557425
0.000000
0.000000
0.000000
0.000000
0.525821
0.000000
0.000000
0.000000
0.000000
0.000000
0.000000
0.000000
0.124825
0.000000
0.710648
0.000000
0.000000
0.000000
0.000000
0.000000
0.078744
0.000000
0.000000
0.000000
0.000000
0.213503
0.000000
0.000000
0.284369
0.000000
0.000000
0.000000
0.000000
0.000000
0.177243
0.906003
0.000000
0.000000
0.000000
0.000000
0.518993
0.000000
0.000000
0.000000
0.000000
0.000000
0.087992
0.000000
0.261692
0.000000
0.000000
0.000000
0.000000
0.000000
0.000000
0.150534
0.028494
0.000000
0.000000
0.000000
0.000000
0.000000
0.000000
0.000000
0.000000
0.000000
0.000000
0.190376
0.000000
0.000000
0.608197
0.000000
0.000000
0.000000
0.000000
0.000000
1.398697
0.000000
0.000000
0.000000
1.809587
0.329300
0.078243
0.000000
0.000000
0.000000
1.641797
1.840901
0.000000
0.000000
0.769423
0.000000
0.245513
0.000000
0.000000
0.000000
0.000000
0.000000
0.756964
0.908251
0.000000
0.000000
0.000000
0.233534
1.222479
1.379936
0.000000
0.044696
0.000000
0.000000
0.000000
0.000000
0.000000
0.082477
0.000000
0.000000
0.000000
0.000000
0.000000
0.000000
0.217704
0.097599
0.219911
0.000000
0.000000
0.000000
0.000000
0.000000
0.000000
0.000000
0.000000
0.000000
0.000000
0.000000
0.000000
0.000000
0.000000
0.000000
0.000000
0.000000
1.955220
0.000000
0.000000
0.000000
0.000000
0.000000
0.000000
0.114492
0.058333
0.000000
1.641866
0.540660
0.000000
0.000000
0.000000
0.000000
0.000000
0.000000
0.514097
0.000000
0.000000
1.496468
0.000000
1.671840
0.000000
0.000000
0.000000
0.000000
0.000000
0.000000
0.000000
0.512255
0.000000
0.000000
0.000000
0.000000
0.014657
0.000000
0.000000
0.000000
1.063416
0.000000
0.000000
0.000000
0.000000
0.000000
0.531470
0.000000
0.000000
0.000000
0.488602
0.000000
0.483560
0.000000
1.324924
0.072021
0.000000
0.000000
1.150430
0.000000
0.000000
0.000000
0.989266
0.000000
0.000000
0.000000
0.149375
0.000000
0.000000
0.000000
0.000000
0.000000
0.000000
0.000000
0.091358
0.000000
0.000000
0.000000
0.000000
2.130461
0.000000
0.000000
0.000000
0.000000
0.000000
0.000000
0.453657
0.000000
0.000000
0.000000
0.000000
0.000000
0.000000
1.297585
0.157009
0.000000
0.000000
0.000000
0.000000
0.000000
0.000000
0.000000
0.058106
0.000000
0.000000
0.000000
0.000000
0.735802
0.122221
0.000000
1.096033
0.000000
0.000000
0.000000
0.000000
0.000000
0.000000
0.000000
0.000000
0.000000
0.000000
0.000000
0.000000
0.000000
0.000000
0.000000
0.138678
0.000000
0.000000
0.000000
1.081084
0.000000
0.000000
0.996909
0.467879
0.000000
0.000000
2.887153
0.000000
0.000000
0.000000
0.000000
0.000000
0.000000
0.495913
0.000000
0.000000
0.000000
0.000000
1.865599
0.703564
0.000000
1.085558
0.425487
0.000000
0.000000
0.000000
0.000000
0.000000
0.000000
0.000000
0.000000
0.000000
0.082712
0.000000
0.000000
0.000000
0.000000
0.000000
0.000000
0.000000
0.000000
0.000000
0.000000
0.285103
0.000000
0.716921
0.694577
0.000000
0.000000
0.000000
0.000000
0.000000
0.000000
0.145408
0.000000
0.000000
0.000000
1.752692
0.000000
0.000000
0.000000
1.013663
0.000000
0.000000
1.213087
0.000000
0.000000
0.054013
0.000000
0.068787
0.000000
0.687253
0.000000
0.000000
0.000000
0.000000
0.000000
0.980886
0.000000
0.000000
0.000000
0.000000
0.000000
0.000000
1.314945
0.000000
0.000000
0.000000
0.000000
0.000000
0.000000
0.000000
0.000000
0.000000
0.000000
0.000000
0.000000
0.910325
0.000000
0.447126
0.000000
0.000000
0.000000
0.000000
0.000000
0.000000
0.631259
0.583346
0.000000
0.000000
0.000000
0.000000
0.000000
0.000000
0.000000
0.000000
0.000000
0.000000
0.000000
0.000000
0.000000
0.000000
0.000000
0.000000
0.000000
0.000000
0.000000
0.000000
0.000000
0.000000
0.000000
0.015318
0.019851
0.000000
0.000000
0.000000
0.000000
0.000000
0.000000
0.000000
0.497483
0.160453
0.000000
0.000000
0.000000
0.000000
0.000000
0.000000
1.142448
0.069299
0.595185
0.000000
0.350340
0.000000
0.000000
0.000000
0.000000
0.000000
0.000000
0.343768
0.000000
0.000000
0.000000
0.000000
0.000000
0.000000
0.000000
0.000000
0.000000
0.000000
0.000000
0.000000
0.000000
0.000000
0.000000
2.428375
0.000000
0.000000
1.315325
0.274907
0.000000
0.000000
0.000000
0.000000
0.389471
0.059537
0.000000
0.000000
0.000000
0.000000
0.000000
0.293295
0.000000
0.088643
0.000000
0.000000
0.509583
0.000000
0.000000
0.000000
0.000000
2.395890
0.000000
0.000000
0.000000
1.298516
0.000000
0.000000
0.000000
0.063206
0.000000
0.011866
0.172272
0.000000
0.000000
0.137332
0.952364
0.000000
0.000000
0.000000
0.000000
0.000000
0.000000
0.000000
0.000000
0.000000
0.000000
0.000000
0.496694
0.000000
2.118667
3.069890
1.533820
0.000000
0.000000
0.041300
0.589467
0.000000
0.000000
0.000000
0.000000
0.000000
0.000000
0.000000
0.000000
0.000000
0.000000
0.000000
0.000000
0.000000
0.000000
0.000000
0.000000
0.000000
0.000000
0.000000
0.000000
0.000000
0.000000
0.000000
1.103501
0.000000
0.000000
0.651804
0.000000
0.000000
0.000000
0.000000
0.000000
0.000000
0.000000
0.000000
0.000000
0.000000
2.329811
0.000000
0.864555
0.000000
0.777477
0.000000
1.090411
0.122204
0.000000
0.000000
0.569500
0.000000
0.000000
0.000000
0.000000
0.000000
0.000000
0.000000
0.000000
0.176343
0.000000
0.190833
0.000000
0.000000
0.666738
0.000000
0.000000
2.523661
0.000000
0.250534
0.000000
0.000000
0.000000
0.000000
0.000000
0.000000
0.000000
0.000000
0.000000
0.000000
0.000000
0.000000
1.109207
0.000000
0.000000
0.000000
0.000000
0.000000
0.456057
0.000000
0.952720
0.868550
0.000000
0.378119
0.000000
0.000000
0.000000
0.187484
0.000000
0.000000
0.000000
0.000000
0.000000
0.000000
0.000000
0.000000
0.000000
0.000000
0.000000
0.000000
0.348959
0.200462
0.000000
0.000000
0.000000
0.000000
0.000000
0.000000
0.261374
0.000000
0.000000
0.000000
0.000000
1.020774
0.578639
0.000000
0.608192
0.000000
0.000000
0.000000
0.000000
0.000000
0.000000
0.000000
1.535574
0.000000
0.112285
0.000000
0.000000
0.000000
0.000000
0.000000
0.000000
0.263637
0.000000
0.000000
0.000000
0.000000
0.000000
0.000000
0.000000
0.532446
0.594259
0.000000
0.000000
0.000000
0.000000
0.000000
0.000000
0.000000
0.000000
0.389759
0.000000
0.000000
0.000000
0.000000
2.690420
1.539319
1.613462
0.000000
0.000000
0.776948
1.337128
0.000000
0.000000
0.094056
0.000000
1.152254
0.000000
0.000000
0.000000
0.000000
0.000000
2.439780
0.000000
0.000000
0.000000
0.000000
0.000000
0.000000
0.000000
0.880695
0.000000
0.000000
0.000000
0.000000
0.000000
0.000000
0.000000
0.032233
1.567301
0.000000
0.000000
0.077933
0.000000
0.000000
0.000000
0.000000
0.000000
0.000000
0.000000
0.162944
0.000000
0.000000
0.000000
0.000000
0.000000
0.000000
0.000000
0.000000
0.000000
0.000000
0.000000
0.000000
0.000000
0.000000
0.000000
0.000000
0.000000
0.000000
0.000000
0.912218
0.109276
0.000000
0.000000
0.000000
0.000000
0.000000
0.000000
0.000000
0.000000
0.000000
0.000000
0.000000
0.452329
0.000000
0.230958
0.000000
0.000000
0.248045
0.648120
0.000000
0.000000
0.000000
0.130521
0.000000
0.000000
0.000000
0.391447
0.000000
0.000000
0.000000
0.000000
0.000000
0.000000
0.000000
0.000000
0.313728
0.000000
1.937500
0.000000
0.099661
0.000000
0.000000
0.000000
0.086460
0.000000
0.000000
0.000000
0.000000
0.000000
0.000000
0.000000
2.064974
0.000000
1.679771
0.000000
0.000000
0.000000
0.000000
0.000000
2.053766
0.000000
0.000000
0.050171
0.000000
0.000000
0.000000
1.631990
0.000000
0.000000
0.000000
0.000000
0.000000
0.000000
0.000000
0.000000
0.000000
0.000000
0.000000
1.713340
1.231460
0.000000
0.000000
0.000000
0.000000
0.000000
0.000000
0.000000
0.000000
0.000000
0.839262
0.000000
0.000000
0.000000
0.000000
0.000000
0.000000
0.000000
0.000000
0.000000
0.000000
0.032266
0.000000
2.494299
0.000000
0.000000
0.000000
0.329554
0.000000
0.000000
0.000000
0.000000
0.000000
0.262910
0.958989
0.445836
0.406290
1.253467
0.000000
0.000000
0.100481
0.000000
0.000000
0.000000
0.329914
0.000000
1.652845
0.000000
0.525081
1.079815
0.000000
0.000000
0.000000
0.000000
0.000000
0.000000
0.413900
0.000000
0.000000
0.000000
0.000000
0.407900
0.000000
0.000000
0.000000
2.235964
0.000000
0.000000
0.116775
0.000000
0.000000
0.000000
0.016796
0.000000
0.000000
0.392001
1.468457
0.000000
0.000000
0.000000
0.304919
1.318782
0.303680
0.000000
0.000000
0.000000
0.000000
0.000000
0.000000
0.000000
0.000000
0.000000
0.000000
0.000000
0.000000
0.000000
1.759335
0.000000
0.000000
0.000000
0.000000
0.000000
0.000000
0.000000
1.587876
0.000000
0.000000
0.000000
0.200645
0.000000
0.000000
0.000000
0.000000
0.408530
0.000000
0.000000
0.000000
0.000000
0.000000
0.297271
0.000000
0.000000
0.000000
0.000000
0.000000
0.000000
0.558365
0.000000
0.000000
0.000000
0.000000
0.000000
0.345631
0.318175
0.000000
0.000000
1.178921
0.000000
0.579687
0.000000
2.340443
0.000000
0.044863
0.000000
0.000000
0.000000
0.000000
0.685297
0.183494
0.864143
1.354450
0.000000
0.000000
0.000000
0.171369
0.000000
0.000000
0.000000
0.000000
0.000000
0.987643
0.000000
0.000000
0.000000
1.262058
0.000000
0.000000
0.000000
0.000000
1.525843
0.000000
0.000000
0.000000
0.000000
0.000000
0.000000
0.000000
0.000000
0.000000
0.000000
0.000000
0.000000
0.000000
0.119776
0.000000
0.714245
0.164513
0.283218
2.265953
0.000000
0.000000
0.000000
0.000000
0.000000
0.000000
0.220967
0.000000
0.000000
0.000000
0.000000
0.000000
0.000000
0.000000
0.000000
1.069204
0.000000
0.000000
0.000000
0.000000
0.000000
0.364250
0.673099
0.000000
0.000000
0.000000
0.000000
0.000000
0.000000
0.000000
0.000000
0.000000
0.000000
0.000000
0.000000
1.624666
2.230789
0.000000
0.000000
0.000000
0.000000
0.000000
0.000000
0.082810
0.000000
0.000000
0.000000
0.246032
0.000000
0.000000
0.000000
0.000000
0.000000
1.397439
0.000000
0.000000
0.754872
0.000000
0.000000
0.000000
0.000000
0.000000
0.000000
0.000000
0.000000
0.000000
0.000000
0.000000
0.000000
0.000000
0.000000
1.930254
0.000000
0.000000
1.011393
0.000000
0.000000
0.000000
0.000000
0.044774
0.000000
0.000000
0.000000
1.162169
0.117941
0.000000
0.000000
0.000000
0.183840
0.000000
0.000000
0.000000
0.000000
0.036785
0.000000
0.000000
0.000000
0.000000
0.000000
1.092559
0.000000
1.693816
0.000000
0.000000
0.000000
0.000000
0.000000
0.000000
0.000000
0.000000
1.785065
0.000000
0.000000
0.000000
1.071939
0.000000
0.000000
0.000000
0.000000
0.000000
0.000000
1.231556
0.000000
0.000000
0.000000
1.454497
0.000000
0.000000
0.000000
0.000000
0.000000
1.158066
0.000000
0.000000
0.000000
0.000000
0.853243
1.349890
0.000000
0.628879
0.000000
0.000000
3.128309
0.000000
0.407208
0.000000
0.000000
0.000000
0.000000
0.000000
0.000000
0.000000
0.000000
0.000000
0.000000
0.000000
0.000000
0.558288
0.000000
0.000000
0.456023
0.000000
0.424189
0.783321
0.000000
0.007615
1.720008
0.000000
0.000000
0.000000
0.000000
0.000000
0.000000
0.000000
0.999484
0.000000
0.000000
0.000000
0.448036
0.000000
0.000000
0.000000
0.194429
0.000000
0.103779
0.000000
0.000000
1.588709
0.000000
0.000000
0.082165
2.288074
0.000000
0.000000
0.000000
0.094457
0.000000
0.000000
0.000000
0.000000
0.000000
0.000000
0.000000
0.000000
0.000000
0.000000
0.000000
0.000000
1.683907
0.000000
0.000000
0.000000
0.185300
0.000000
0.000000
0.000000
0.000000
0.000000
0.000000
0.000000
0.000000
0.000000
0.000000
0.000000
0.000000
0.000000
0.000000
0.000000
0.000000
0.132719
0.000000
0.000000
0.000000
0.000000
0.000000
0.000000
3.497396
0.000000
0.000000
0.000000
0.000000
0.000000
0.842897
0.000000
0.000000
0.000000
0.000000
0.000000
0.000000
0.000000
0.204515
0.000000
0.943439
0.000000
0.989511
0.698100
0.000000
0.000000
0.000000
0.000000
0.000000
0.000000
0.000000
0.690439
0.719533
0.000000
0.000000
0.585286
0.000000
0.000000
0.000000
0.000000
0.000000
0.000000
0.000000
0.000000
0.000000
0.000000
0.000000
0.000000
0.000000
0.000000
0.000000
0.237066
0.000000
0.000000
0.000000
2.035039
0.000000
0.333634
0.000000
0.000000
0.000000
0.000000
0.000000
0.000000
0.000000
0.483869
0.000000
1.098917
0.000000
0.000000
0.000000
0.000000
0.000000
0.000000
0.000000
0.000000
0.000000
0.000000
0.000000
0.000000
0.174458
0.000000
0.000000
0.000000
0.000000
0.000000
0.000000
0.000000
1.117988
0.595696
0.000000
0.000000
0.000000
0.000000
0.000000
0.000000
0.000000
0.204039
0.000000
0.000000
0.916243
0.000000
0.000000
0.022115
0.000000
0.735971
0.000000
0.032251
0.000000
0.000000
0.000000
0.000000
0.000000
0.000000
0.000000
0.000000
0.426032
0.000000
0.000000
0.000000
0.000000
0.000000
0.000000
0.000000
0.000000
0.767565
0.000000
0.000000
0.000000
0.278457
0.000000
1.549476
0.000000
0.000000
0.000000
0.000000
0.643812
0.000000
0.000000
0.000000
0.000000
0.000000
0.000000
0.000000
0.000000
0.000000
0.000000
0.000000
0.080771
0.000000
1.963474
0.000000
0.000000
0.000000
0.000000
0.000000
1.304722
0.000000
0.000000
0.000000
0.000000
0.000000
0.000000
0.000000
0.000000
0.047652
0.000000
0.000000
0.000000
0.000000
0.000000
0.000000
0.000000
0.000000
0.000000
0.000000
0.000000
0.079575
0.000000
0.000000
0.000000
0.000000
0.000000
0.000000
0.000000
0.000000
0.000000
0.000000
0.000000
0.000000
0.000000
0.000000
0.000000
0.000000
0.000000
0.000000
0.000000
0.000000
0.000000
0.000000
0.411224
0.146058
0.000000
0.000000
0.000000
0.000000
0.000000
0.000000
2.104550
0.000000
0.000000
0.000000
0.000000
0.000000
0.000000
0.000000
0.000000
0.000000
1.505848
0.000000
0.000000
0.603404
0.062293
1.737311
0.000000
0.381527
0.000000
1.288423
0.000000
0.000000
0.000000
0.000000
0.000000
0.000000
0.000000
0.039683
0.000000
0.000000
0.000000
0.000000
0.000000
0.000000
0.000000
0.000000
0.000000
0.000000
0.000000
0.000000
1.776733
0.176268
0.000000
0.000000
0.000000
0.000000
0.000000
0.000000
0.000000
0.000000
0.000000
0.000000
1.257195
0.000000
0.000000
0.000000
0.000000
0.104779
0.000000
0.000000
0.000000
0.142032
0.000000
0.000000
0.000000
0.000000
0.000000
0.000000
0.000000
0.000000
0.000000
0.000000
0.000000
0.000000
0.000000
0.000000
0.000000
0.000000
0.000000
0.000000
0.777313
0.000000
0.000000
0.000000
0.037047
0.000000
0.000000
0.000000
0.000000
0.000000
0.000000
0.000000
0.000000
0.000000
0.000000
0.000000
0.000000
0.000000
0.000000
0.000000
0.829143
1.015836
0.000000
0.000000
0.000000
1.110664
0.000000
0.000000
0.000000
0.808923
0.000000
0.004071
0.000000
0.000000
0.601904
0.000000
0.000000
0.000000
0.000000
0.000000
0.000000
0.000000
0.000000
0.746000
0.000000
0.000000
0.000000
0.000000
0.000000
1.797319
0.184858
0.240596
2.207503
0.000000
0.000000
1.078369
0.000000
0.000000
0.000000
0.000000
0.000000
0.000000
0.369836
0.000000
0.000000
0.000000
0.000000
0.000000
0.000000
0.000000
0.000000
0.000000
0.000000
0.000000
0.023368
0.000000
0.000000
0.000000
0.000000
0.000000
0.000000
0.000000
0.256534
0.000000
1.168109
0.000000
0.000000
0.428467
0.000000
0.000000
0.000000
0.000000
0.000000
0.000000
0.000000
0.000000
0.000000
0.000000
0.000000
0.000000
0.000000
0.000000
0.323931
0.273744
0.000000
0.363645
0.000000
1.650720
0.000000
0.385761
0.000000
0.000000
0.000000
1.023611
0.000000
0.000000
0.000000
0.000000
1.561323
0.000000
0.000000
0.000000
0.000000
0.000000
0.000000
0.000000
0.000000
0.000000
0.000000
0.000000
0.000000
0.000000
2.445215
0.000000
1.829032
0.000000
0.000000
0.000000
0.000000
0.000000
0.000000
0.000000
0.000000
2.486053
0.000000
0.000000
0.000000
0.000000
0.000000
1.088240
0.000000
0.000000
0.000000
0.000000
0.000000
0.000000
0.000000
0.000000
0.000000
0.000000
0.000000
0.000000
0.847068
0.000000
0.000000
0.000000
0.000000
0.000000
0.000000
0.000000
0.000000
0.000000
0.487233
0.512792
0.000000
0.000000
0.000000
0.000000
0.000000
0.000000
0.680730
0.000000
0.000000
0.217201
0.000000
0.000000
0.000000
0.738238
0.000000
0.197375
0.000000
0.000000
0.000000
0.000000
0.000000
0.000000
0.000000
0.000000
0.000000
0.000000
0.421246
0.220820
0.624076
2.974739
0.000000
0.000000
0.000000
0.000000
0.000000
0.000000
0.000000
1.341668
0.410977
0.358750
0.000000
0.000000
1.684987
0.000000
1.848160
0.000000
0.000000
0.000000
0.000000
0.003213
0.000000
0.000000
0.000000
0.000000
0.000000
0.000000
1.861928
0.568194
0.000000
0.000000
1.085752
0.000000
0.000000
0.000000
0.000000
0.000000
0.000000
0.000000
0.000000
0.354921
0.000000
0.208749
0.000000
0.000000
0.000000
0.000000
0.000000
0.000000
2.149483
0.000000
0.000000
0.000000
0.000000
1.579324
0.000000
0.134228
0.838425
0.000000
0.000000
0.000000
0.000000
0.000000
0.000000
0.000000
0.000000
0.000000
0.000000
0.636234
0.000000
0.197601
0.000000
0.000000
0.000000
0.385194
0.000000
0.000000
0.000000
1.194430
0.000000
0.000000
0.000000
0.000000
0.000000
0.000000
0.000000
0.000000
0.000000
0.000312
0.000000
0.000000
0.000000
0.000000
1.161507
0.000000
0.000000
0.000000
0.000000
1.966894
0.000000
0.000000
0.000000
0.000000
0.000000
0.000000
0.000000
0.000000
0.000000
0.000000
0.000000
0.000000
0.039279
0.000000
0.000000
0.000000
0.000000
0.000000
0.000000
0.000000
0.000000
0.000000
0.000000
0.000000
0.000000
0.000000
0.000000
0.000000
0.000000
0.000000
0.000000
0.000000
0.052816
0.114605
0.000000
0.000000
0.000000
0.000000
2.152656
0.000000
0.000000
0.000000
0.000000
0.000000
0.000000
0.000000
0.000000
0.000000
0.000000
0.000000
0.000000
0.000000
0.115415
0.000000
0.261684
0.000000
0.000000
0.000000
1.103162
0.425305
0.000000
0.000000
0.000000
0.000000
0.000000
0.000000
0.000000
0.000000
0.000000
0.000000
3.370534
0.000000
0.000000
0.000000
0.000000
0.000000
0.000000
0.000000
0.000000
0.000000
0.000000
0.000000
0.000000
0.000000
0.379724
0.000000
0.000000
0.401249
0.000000
0.997710
0.875144
1.325269
0.000000
0.000000
0.000000
0.000000
0.000000
0.000000
0.000000
0.000000
0.000000
0.000000
1.287150
0.333465
0.000000
0.000000
0.000000
0.352936
0.000000
0.000000
0.000000
0.864743
0.000000
0.000000
0.526840
0.000000
0.000000
1.295047
0.000000
0.000000
0.000000
0.000000
0.000000
0.000000
0.000000
0.000000
0.000000
0.000000
0.000000
1.141519
0.000000
2.609405
2.187705
0.000000
0.000000
0.624690
0.000000
0.000000
0.316800
0.000000
0.000000
0.000000
0.000000
0.000000
0.000000
0.000000
1.147600
0.000000
0.000000
0.000000
0.000000
0.000000
0.000000
0.000000
0.247959
0.000000
0.000000
0.000000
0.000000
0.000000
0.000000
0.000000
0.000000
0.000000
0.000000
1.683812
0.000000
0.000000
0.864412
0.000000
0.000000
0.000000
0.000000
0.134214
0.000000
0.000000
1.516834
0.000000
0.000000
0.000000
0.000000
0.637527
1.440242
0.000000
0.000000
0.717592
0.000000
0.291398
0.000000
0.000000
0.041984
0.000000
0.721625
0.000000
0.000000
0.000000
1.178694
0.413210
0.000000
0.000000
1.255724
0.000000
0.000000
0.000000
0.000000
0.000000
0.000000
0.000000
0.000000
0.000000
0.000000
0.000000
0.000000
0.109130
0.000000
0.000000
0.000000
0.000000
0.000000
0.000000
0.000000
1.832443
0.000000
0.000000
0.000000
0.000000
0.000000
0.000000
0.000000
0.000000
0.000000
0.000000
0.000000
0.000000
0.000000
0.000000
0.302639
0.000000
0.000000
0.000000
0.000000
0.000000
0.000000
0.000000
0.000000
0.000000
0.000000
0.000000
0.000000
0.000000
0.000000
0.071314
0.000000
0.000000
0.000000
0.305304
0.000000
0.000000
0.000000
0.000000
0.000000
0.000000
0.000000
0.000000
0.000000
0.401893
0.000000
0.000000
0.000000
0.000000
0.000000
0.000000
0.000000
0.000000
0.000000
0.000000
0.000000
1.290562
0.000000
1.726087
0.348584
0.000000
0.000000
0.000000
0.000000
0.097328
0.000000
0.000000
0.000000
0.256409
0.000000
0.000000
0.901307
0.000000
0.000000
0.000000
0.000000
0.000000
0.000000
0.000000
0.000000
0.000000
0.000000
0.000000
0.000000
0.000000
0.000000
0.000000
0.000000
0.432850
0.000000
0.000000
0.000000
0.000000
0.333318
0.000000
0.000000
0.000000
0.595490
0.000000
0.000000
0.157484
0.000000
0.000000
0.000000
0.000000
0.000000
0.676768
0.000000
1.391329
0.000000
0.000000
0.000000
0.000000
0.000000
0.960901
0.000000
0.000000
0.000000
0.000000
0.361222
0.000000
0.000000
0.000000
0.000000
0.000000
2.244297
1.386899
0.000000
0.000000
0.000000
0.000000
0.000000
0.000000
0.000000
0.000000
0.000000
0.000000
0.000000
0.000000
0.000000
0.000000
0.000000
0.000000
0.000000
0.000000
0.000000
0.000000
0.000000
0.000000
0.000000
0.000000
0.000000
0.000000
0.482632
0.000000
0.000000
0.000000
0.000000
0.000000
1.935205
0.000000
0.000000
0.000000
0.000000
0.982977
0.000000
0.000000
0.000000
0.000000
0.119923
0.115522
0.759225
0.000000
0.000000
0.000000
0.027281
0.000000
0.240455
0.441737
0.000000
0.554951
0.000000
0.059799
0.000000
0.000000
0.000000
0.000000
0.000000
0.000000
0.000000
0.000000
0.000000
0.000000
0.000000
1.367540
0.000000
0.416405
0.569314
0.000000
0.000000
0.109984
0.000000
0.000000
0.177744
0.000000
0.000000
0.211200
0.000000
0.000000
0.000000
0.000000
0.000000
0.000000
0.000000
0.000000
0.000000
0.000000
0.145728
0.000000
0.713007
0.000000
0.000000
0.000000
1.427100
1.418098
0.000000
0.000000
0.194363
0.000000
0.000000
0.000000
0.000000
0.000000
1.769585
0.000000
0.188674
0.000000
