0.000000
0.000000
0.000000
0.000000
2.932048
0.000000
0.000000
0.869575
0.000000
0.000000
0.000000
0.000000
0.859287
0.000000
0.000000
0.000000
0.000000
0.000000
0.000000
0.199777
0.000000
0.000000
0.000000
0.000000
2.587520
0.000000
0.000000
0.000000
0.000000
0.000000
0.000000
0.000000
0.314651
0.000000
0.000000
0.000000
0.000000
0.000000
0.000000
0.000000
0.000000
0.000000
0.000000
0.000000
0.000000
0.990507
0.000000
0.000000
0.000000
0.000000
0.000000
0.000000
0.000000
0.268782
0.000000
0.000000
0.000000
0.000000
0.000000
0.000000
5.449975
4.888365
0.000000
0.000000
0.000000
0.000000
0.000000
0.000000
0.000000
0.000000
0.389781
0.000000
0.000000
0.291625
0.000000
0.000000
0.000000
0.000000
0.000000
0.000000
0.000000
0.000000
0.000000
0.000000
0.000000
0.000000
0.000000
0.000000
0.000000
0.000000
0.000000
0.903983
0.000000
0.000000
2.114828
0.000000
0.000000
0.000000
1.798103
0.000000
0.666400
0.000000
1.724925
0.000000
0.000000
0.000000
0.000000
0.000000
0.000000
0.000000
0.000000
0.000000
0.000000
0.351654
1.873317
0.000000
0.000000
0.000000
0.000000
0.000000
0.000000
0.000000
0.000000
0.000000
0.000000
0.000000
3.199041
0.000000
0.000000
0.000000
0.000000
0.000000
0.000000
0.000000
0.000000
0.000000
0.000000
0.000000
0.000000
0.000000
0.000000
0.000000
0.833599
0.000000
0.000000
0.000000
0.000000
0.000000
0.000000
0.000000
0.000000
0.000000
0.000000
0.000000
0.000000
0.000000
0.000000
0.000000
0.000000
0.000000
0.000000
0.000000
0.000000
0.000000
0.000000
0.000000
0.000000
0.000000
0.190921
0.000000
0.000000
0.000000
0.000000
0.000000
0.000000
1.051111
0.000000
0.000000
0.000000
0.000000
0.000000
0.000000
3.792293
0.000000
0.000000
0.000000
0.000000
0.000000
0.000000
0.000000
0.000000
0.000000
0.000000
0.000000
0.000000
0.000000
0.000000
0.000000
0.000000
0.000000
0.000000
1.714449
0.000000
1.168497
0.000000
1.006535
0.000000
0.000000
0.000000
2.482727
0.000000
0.000000
0.000000
0.000000
0.000000
0.000000
0.000000
0.000000
0.000000
1.775899
0.000000
0.000000
0.000000
0.000000
0.000000
0.000000
0.000000
0.547942
0.000000
0.000000
0.000000
0.000000
0.000000
0.000000
0.000000
0.000000
0.000000
0.933398
0.000000
0.000000
0.000000
0.004845
0.000000
0.000000
0.152353
0.000000
0.000000
0.078406
0.000000
0.000000
0.000000
0.000000
1.175943
0.768091
0.000000
0.000000
0.000000
5.133456
0.000000
0.000000
0.000000
0.000000
0.157368
0.000000
0.000000
1.104391
0.000000
0.000000
0.000000
0.000000
0.000000
0.000000
0.000000
0.000000
0.000000
0.000000
0.000000
0.000000
0.000000
0.000000
0.000000
0.000000
0.000000
0.000000
0.000000
3.606079
0.000000
0.000000
0.000000
0.000000
0.000000
0.000000
0.000000
0.000000
0.000000
0.000000
0.000000
0.000000
2.468919
1.883922
2.305967
0.000000
0.000000
0.000000
0.000000
0.000000
2.672209
0.000000
0.000000
0.000000
0.000000
0.000000
0.000000
0.000000
0.000000
0.000000
0.000000
0.000000
0.000000
1.249181
0.000000
0.000000
0.000000
0.000000
0.595757
0.000000
0.000000
0.000000
0.000000
1.038185
0.000000
3.928795
0.000000
0.907748
1.416060
0.000000
0.000000
0.000000
0.244514
0.000000
1.529947
0.178555
4.392338
0.000000
2.149841
0.000000
4.499433
0.000000
0.000000
0.000000
0.000000
0.000000
0.000000
0.000000
0.992707
0.000000
0.000000
0.000000
0.000000
0.000000
0.000000
0.000000
0.000000
0.000000
0.000000
4.789854
0.000000
0.000000
0.000000
0.000000
0.000000
0.000000
0.000000
0.000000
0.000000
0.000000
0.000000
0.000000
0.000000
0.000000
0.000000
0.000000
0.000000
0.000000
0.000000
0.000000
0.000000
0.000000
0.000000
0.000000
0.000000
0.000000
0.000000
0.000000
0.000000
0.000000
0.000000
0.000000
0.000000
0.000000
0.000000
0.000000
0.738904
0.000000
0.240130
0.000000
0.000000
2.040195
0.000000
0.000000
0.000000
0.000000
0.062332
0.000000
0.000000
0.237931
0.000000
0.000000
1.716480
0.000000
0.517658
0.000000
0.536823
0.000000
1.112303
0.000000
0.000000
0.000000
0.000000
0.000000
0.000000
0.674074
2.291185
0.720705
0.000000
0.000000
1.015305
0.000000
0.000000
0.000000
0.000000
0.000000
0.000000
0.000000
0.000000
0.000000
0.000000
0.000000
0.000000
0.000000
0.000000
0.000000
0.134278
0.000000
0.000000
0.000000
0.000000
1.947084
0.000000
0.000000
0.000000
1.263530
2.284413
0.000000
0.000000
0.000000
2.268478
0.000000
0.000000
0.227847
0.000000
0.000000
0.000000
0.000000
0.000000
0.000000
0.000000
0.000000
0.000000
0.000000
0.000000
0.000000
0.000000
0.000000
0.000000
3.695504
0.000000
0.000000
0.000000
1.406889
0.000000
0.000000
0.000000
2.548389
2.132357
0.000000
0.000000
0.000000
0.000000
0.000000
0.058858
0.000000
0.000000
1.548438
0.000000
0.414170
0.772845
0.000000
1.882391
0.000000
0.000000
0.000000
0.000000
0.000000
0.000000
0.228880
0.000000
0.000000
0.000000
0.000000
0.000000
0.000000
0.000000
0.000000
0.000000
0.000000
0.000000
0.000000
0.000000
0.000000
0.000000
0.000000
2.831785
0.000000
0.000000
0.000000
0.000000
0.000000
0.000000
0.000000
0.000000
0.000000
0.000000
0.000000
0.000000
1.155300
0.000000
0.000000
0.000000
0.000000
1.620238
0.000000
0.000000
0.000000
0.000000
0.000000
0.000000
0.000000
0.000000
0.000000
0.000000
0.000000
0.000000
0.000000
0.407492
0.000000
0.000000
0.000000
0.000000
0.000000
0.000000
0.000000
0.000000
0.000000
0.000000
4.204772
0.000000
0.000000
0.000000
0.000000
0.000000
0.000000
0.000000
4.553629
0.000000
0.000000
0.000000
0.000000
0.937236
0.000000
0.000000
0.000000
5.045808
0.000000
0.000000
0.000000
0.533360
0.000000
0.000000
0.000000
0.000000
0.000000
0.000000
4.611125
0.000000
0.000000
0.516539
0.000000
0.000000
0.000000
0.000000
0.000000
0.000000
0.000000
0.000000
0.000000
0.000000
0.000000
5.621871
0.000000
0.000000
0.000000
0.000000
1.454540
0.000000
0.000000
0.000000
0.000000
0.313649
0.000000
0.000000
0.309157
0.000000
0.000000
2.234669
1.287122
0.000000
0.000000
0.000000
1.628199
0.000000
0.484861
0.000000
0.000000
0.000000
0.000000
0.000000
0.000000
0.000000
0.000000
0.000000
0.000000
0.000000
0.486654
1.184244
0.000000
0.000000
0.000000
0.000000
0.000000
0.000000
0.000000
0.000000
0.000000
0.000000
0.000000
0.000000
0.000000
0.000000
0.000000
0.000000
0.000000
2.937619
0.000000
0.549472
0.000000
0.000000
0.000000
0.000000
0.000000
0.000000
1.662503
0.000000
0.000000
0.000000
0.147919
1.520402
0.000000
0.000000
0.000000
0.000000
0.000000
0.000000
0.000000
0.000000
0.000000
1.224155
0.000000
0.000000
0.000000
0.000000
0.000000
0.000000
0.674555
0.000000
0.000000
1.247268
0.000000
0.000000
1.264192
0.000000
0.000000
0.000000
0.000000
0.000000
0.000000
0.000000
0.000000
0.436683
0.000000
2.381554
0.000000
1.216521
0.000000
0.454399
0.000000
0.000000
0.000000
2.099162
0.000000
0.000000
0.000000
0.000000
0.000000
0.000000
0.000000
0.000000
0.433152
0.000000
0.000000
0.000000
0.000000
0.000000
0.000000
0.000000
0.000000
0.000000
0.000000
0.216272
0.000000
0.000000
0.000000
0.000000
0.000000
0.000000
0.000000
0.000000
0.000000
0.000000
0.000000
0.000000
0.000000
0.000000
1.800530
0.000000
0.000000
0.000000
0.000000
0.000000
0.000000
0.000000
0.000000
2.023203
0.000000
0.000000
0.000000
0.000000
0.000000
0.000000
0.000000
0.000000
0.000000
0.000000
0.000000
0.000000
0.000000
0.783488
0.000000
0.000000
0.000000
0.000000
0.000000
0.000000
0.000000
0.337544
0.000000
0.000000
0.000000
1.989933
0.000000
0.000000
0.000000
0.000000
0.000000
0.741081
0.000000
0.000000
0.000000
0.000000
1.100536
0.000000
0.000000
0.000000
0.000000
0.000000
0.000000
0.867615
0.733176
0.000000
0.000000
0.000000
0.000000
0.000000
0.000000
3.475418
0.000000
0.000000
0.000000
0.061474
0.000000
0.000000
0.000000
0.000000
0.000000
0.000000
0.000000
0.000000
0.000000
0.000000
0.000000
0.000000
0.000000
0.000000
0.000000
0.000000
3.139804
0.000000
0.000000
0.000000
0.000000
0.000000
0.000000
0.000000
0.000000
0.000000
0.000000
0.776837
0.000000
0.000000
0.000000
0.000000
0.000000
0.000000
4.183934
0.000000
0.064131
0.000000
0.000000
0.000000
0.000000
0.000000
0.000000
0.982611
0.000000
0.000000
2.023942
0.000000
0.000000
0.881957
5.720245
0.000000
0.000000
0.000000
0.000000
0.000000
0.204314
0.000000
0.000000
0.000000
0.000000
0.000000
0.000000
0.000000
0.000000
0.000000
0.000000
0.000000
0.000000
0.000000
0.000000
0.000000
0.000000
0.000000
0.000000
0.000000
0.000000
0.000000
0.000000
0.000000
0.000000
0.000000
0.000000
0.000000
0.000000
0.000000
0.000000
0.000000
1.884300
0.000000
0.000000
0.000000
0.000000
0.000000
0.000000
0.000000
0.000000
0.000000
0.000000
0.000000
0.000000
0.000000
0.000000
0.717222
1.272298
0.000000
0.000000
0.474610
0.000000
0.000000
0.000000
0.000000
0.000000
0.000000
0.000000
0.000000
0.000000
0.000000
0.000000
0.000000
0.000000
0.000000
0.000000
0.431159
0.000000
0.000000
0.000000
0.000000
0.000000
0.000000
0.000000
0.000000
0.000000
0.000000
0.000000
0.000000
0.000000
0.000000
0.000000
0.000000
0.000000
2.197168
0.000000
0.000000
0.000000
0.000000
0.000000
0.000000
0.000000
0.000000
0.000000
0.444275
0.000000
0.000000
0.000000
0.000000
0.000000
0.000000
0.000000
0.000000
0.000000
0.000000
0.000000
0.000000
0.000000
0.000000
0.000000
0.000000
2.749873
0.000000
0.000000
0.000000
0.000000
0.000000
0.000000
0.000000
2.060283
0.000000
0.000000
0.000000
0.000000
0.000000
0.000000
0.000000
0.000000
0.000000
0.000000
0.000000
0.000000
0.667853
0.000000
0.000000
0.000000
0.000000
0.000000
0.000000
0.000000
0.000000
0.694757
0.000000
0.000000
1.275036
0.000000
0.000000
0.000000
0.000000
0.000000
0.000000
0.000000
0.000000
0.583262
0.000000
0.000000
0.000000
0.000000
0.000000
0.000000
0.000000
0.000000
1.024701
0.000000
0.000000
0.786726
0.000000
0.000000
0.000000
0.000000
0.000000
0.000000
0.000000
0.000000
0.000000
0.000000
0.000000
0.000000
0.000000
0.000000
0.000000
0.000000
0.000000
0.000000
0.000000
0.000000
0.000000
0.000000
0.000000
0.000000
0.000000
0.000000
0.000000
0.000000
0.000000
1.835751
0.000000
0.000000
0.000000
0.000000
0.000000
0.000000
0.000000
0.220659
0.000000
0.000000
0.655608
0.000000
0.000000
0.000000
0.705212
0.000000
0.000000
0.000000
0.000000
0.000000
0.000000
0.000000
0.000000
0.000000
1.995151
0.000000
0.000000
0.000000
0.000000
0.000000
0.000000
0.000000
0.502149
0.000000
0.000000
0.000000
0.000000
4.563658
0.000000
0.000000
0.000000
0.000000
0.000000
0.000000
0.000000
0.000000
0.000000
0.000000
0.000000
0.000000
0.000000
0.000000
0.000000
0.000000
0.000000
0.000000
0.000000
0.000000
0.000000
0.639664
0.000000
0.000000
0.000000
0.000000
0.446495
0.000000
0.000000
0.000000
0.000000
0.000000
0.000000
0.000000
2.403416
0.000000
0.000000
0.000000
2.373227
0.000000
0.000000
0.000000
0.000000
0.000000
0.000000
0.359896
0.000000
0.000000
0.000000
0.000000
0.000000
0.000000
0.000000
1.106322
0.716739
0.000000
0.000000
0.000000
0.000000
0.000000
0.722545
0.000000
0.000000
0.000000
0.000000
0.885618
0.000000
0.000000
0.000000
0.000000
0.000000
0.000000
0.000000
0.000000
0.000000
0.007404
0.000000
3.250401
0.000000
0.000000
0.000000
0.000000
0.000000
0.000000
0.000000
0.000000
0.000000
0.000000
0.000000
1.053698
0.000000
0.000000
0.000000
0.776680
0.000000
0.000000
0.000000
0.000000
0.000000
0.000000
0.000000
4.680835
0.000000
0.000000
0.281197
0.489757
0.000000
0.000000
0.000000
0.000000
0.000000
0.000000
0.000000
0.000000
0.000000
0.000000
0.000000
0.000000
0.000000
0.000000
0.152596
0.459038
0.000000
1.229673
0.000000
0.000000
6.476014
0.000000
0.000000
0.000000
0.000000
0.000000
0.810142
0.000000
0.000000
0.000000
0.000000
0.000000
2.741030
0.000000
0.000000
0.681189
0.000000
1.741660
4.288762
0.000000
0.562788
0.000000
0.000000
0.000000
0.000000
0.000000
0.000000
0.000000
0.000000
0.000000
0.000000
0.000000
0.000000
0.000000
0.000000
0.000000
0.000000
0.000000
0.000000
0.000000
0.000000
0.000000
0.000000
0.000000
0.000000
0.000000
0.000000
0.000000
1.000845
0.000000
0.000000
0.000000
0.000000
0.000000
0.653948
0.000000
0.000000
0.000000
0.000000
0.000000
0.000000
0.000000
0.000000
0.000000
0.000000
1.498214
0.583235
0.169542
0.000000
0.000000
0.000000
0.066819
0.000000
0.000000
0.551548
0.000000
0.000000
0.000000
0.000000
0.000000
0.000000
0.000000
0.000000
0.000000
0.000000
0.000000
0.000000
0.000000
0.000000
0.000000
0.000000
0.000000
0.000000
0.000000
0.000000
0.000000
0.000000
0.000000
0.000000
0.000000
0.000000
0.000000
0.000000
0.000000
0.000000
0.000000
0.000000
0.000000
0.000000
0.000000
0.000000
0.000000
0.000000
0.000000
0.000000
0.000000
0.000000
0.000000
1.470089
0.000000
0.000000
2.624974
0.000000
0.000000
0.572292
0.000000
0.000000
0.000000
0.000000
0.000000
0.000000
0.000000
0.000000
3.673706
0.000000
0.000000
0.000000
0.000000
0.000000
0.000000
0.000000
0.000000
0.000000
0.000000
0.000000
0.000000
0.000000
0.000000
0.000000
0.000000
0.000000
0.540279
0.000000
1.379242
0.000000
0.000000
0.000000
0.000000
1.552029
1.479146
0.000000
0.000000
0.000000
0.000000
0.000000
0.000000
0.000000
0.000000
0.000000
0.000000
0.000000
0.000000
0.861163
0.000000
0.000000
0.734256
2.350597
0.000000
0.000000
1.834579
0.000000
1.421876
0.000000
0.000000
0.000000
0.000000
0.000000
0.000000
0.000000
0.000000
2.166574
3.652437
0.000000
0.000000
0.000000
0.000000
0.000000
0.000000
0.000000
0.000000
0.000000
0.000000
0.000000
0.000000
0.387947
0.000000
0.000000
0.000000
0.000000
0.000000
0.000000
0.000000
0.000000
0.000000
0.000000
0.000000
0.000000
0.000000
0.000000
0.000000
0.000000
0.000000
0.000000
0.000000
0.000000
0.419436
1.263822
0.874560
0.000000
0.000000
0.000000
0.000000
0.000000
0.799584
0.000000
0.000000
1.244674
0.000000
0.397717
0.000000
0.000000
0.000000
0.000000
0.000000
0.000000
0.000000
0.000000
0.000000
2.874888
0.000000
0.000000
0.000000
0.000000
0.000000
0.000000
0.000000
0.000000
0.000000
0.000000
0.000000
0.787153
0.577024
0.000000
0.000000
0.000000
0.000000
0.000000
0.000000
0.000000
0.000000
0.000000
0.481668
0.478904
0.000000
0.000000
0.000000
0.000000
0.000000
0.000000
0.000000
0.000000
0.000000
0.000000
0.000000
0.000000
0.000000
0.705858
0.000000
0.000000
0.000000
0.000000
0.000000
0.000000
0.000000
0.012612
0.000000
0.000000
0.000000
0.000000
0.000000
0.000000
0.000000
0.199807
0.000000
0.000000
0.000000
0.000000
1.632209
0.000000
0.000000
0.000000
0.000000
0.000000
0.000000
3.163827
0.000000
0.000000
0.000000
0.000000
0.254774
0.000000
0.000000
0.000000
0.000000
0.000000
0.000000
0.000000
0.000000
0.000000
0.000000
0.000000
1.293347
0.000000
0.000000
0.000000
0.000000
1.965177
0.000000
0.000000
0.000000
0.000000
0.000000
0.000000
0.000000
0.000000
0.000000
0.000000
0.000000
0.000000
0.000000
0.000000
0.000000
0.000000
0.000000
1.596805
0.000000
0.392940
0.000000
0.000000
0.000000
0.000000
0.000000
0.000000
0.000000
3.256254
0.000000
0.000000
0.000000
0.000000
0.000000
0.000000
0.000000
0.000000
1.809185
2.374202
0.000000
0.000000
0.000000
0.000000
0.000000
0.000000
0.114304
0.000000
0.389583
0.000000
0.000000
0.000000
0.000000
0.000000
0.000000
0.000000
0.000000
0.000000
0.000000
0.000000
0.887323
1.180435
0.000000
0.000000
0.000000
0.179125
0.000000
2.512543
0.000000
0.000000
0.000000
0.000000
0.000000
0.121394
0.000000
0.000000
0.000000
0.000000
0.000000
0.000000
0.000000
0.000000
0.000000
0.000000
2.450090
0.000000
0.000000
0.000000
0.000000
0.000000
0.000000
0.000000
0.000000
0.000000
0.000000
0.466097
0.000000
0.000000
0.000000
0.000000
0.000000
0.000000
0.000000
0.000000
0.000000
0.000000
0.000000
1.816772
0.000000
0.000000
0.000000
0.000000
0.000000
0.000000
0.000000
0.000000
0.000000
1.169500
0.000000
0.000000
0.000000
3.933934
0.000000
0.000000
0.000000
0.000000
0.000000
0.000000
0.000000
2.859423
0.000000
0.000000
0.000000
0.000000
0.000000
0.000000
0.000000
0.000000
0.000000
0.000000
0.000000
0.000000
0.000000
2.299635
0.410259
0.000000
0.000000
0.925215
0.000000
2.336482
0.000000
0.000000
0.000000
2.941708
0.000000
0.000000
0.000000
0.000000
0.000000
0.480717
0.000000
0.000000
0.000000
0.000000
0.000000
0.000000
4.072628
0.000000
0.000000
0.117432
0.000000
1.175397
0.000000
0.000000
0.000000
0.000000
0.000000
0.000000
0.000000
0.000000
0.000000
0.000000
0.000000
0.000000
2.142066
0.000000
0.000000
0.000000
0.000000
0.000000
3.925133
0.000000
0.000000
0.958493
0.341171
0.000000
0.000000
0.000000
0.000000
0.000000
0.000000
0.000000
0.000000
0.000000
0.000000
0.000000
0.000000
0.000000
0.000000
1.727437
0.000000
0.000000
0.000000
0.000000
3.691315
0.000000
0.000000
0.000000
0.000000
0.000000
0.000000
1.174230
0.010302
0.000000
0.000000
0.000000
0.421910
0.000000
0.000000
0.000000
0.000000
0.000000
0.000000
1.702407
0.000000
0.000000
0.000000
1.406455
0.000000
0.000000
0.000000
0.000000
0.347152
0.000000
0.904124
0.000000
0.000000
0.000000
0.000000
0.000000
0.000000
0.000000
0.000000
0.000000
0.000000
0.000000
0.000000
0.000000
0.000000
0.000000
0.000000
2.347836
2.081463
0.000000
0.000000
1.497105
0.000000
0.000000
0.000000
0.000000
0.000000
0.479615
0.000000
0.000000
0.000000
0.000000
0.000000
0.000000
1.057598
0.000000
0.000000
0.000000
0.416853
0.000000
0.000000
0.000000
0.171490
0.000000
3.313381
0.328421
0.000000
0.000000
0.000000
0.528230
0.000000
0.554476
0.000000
0.424969
0.129451
0.000000
0.000000
0.513777
0.000000
0.000000
0.000000
0.000000
0.000000
0.000000
0.792695
2.365411
0.000000
0.000000
0.000000
0.000000
0.000000
0.000000
0.638684
0.000000
0.000000
0.000000
0.000000
0.558026
3.790681
0.000000
0.000000
0.000000
2.616195
0.000000
0.000000
0.000000
0.000000
0.000000
0.000000
3.393391
0.000000
0.874928
0.000000
0.000000
0.000000
0.000000
0.000000
0.000000
0.868188
0.000000
2.114604
0.000000
0.000000
0.000000
0.000000
0.511967
0.000000
0.000000
0.000000
0.000000
0.000000
0.000000
0.000000
0.000000
0.000000
0.000000
3.396534
0.538583
0.000000
0.000000
5.944215
0.000000
3.208454
0.000000
5.451836
0.000000
0.000000
0.000000
0.868640
0.000000
0.000000
0.000000
0.000000
0.000000
0.000000
0.000000
5.183833
4.100105
0.000000
0.000000
0.000000
0.000000
0.000000
4.166973
2.549718
0.000000
2.177590
0.000000
0.000000
2.689516
0.000000
0.000000
0.000000
0.000000
1.010185
0.000000
0.329341
4.535605
0.000000
0.000000
0.000000
0.000000
0.000000
0.000000
0.000000
0.000000
2.173845
0.000000
0.000000
0.000000
0.000000
0.000000
0.000000
0.000000
0.000000
0.000000
0.000000
0.000000
0.000000
0.000000
0.000000
0.000000
2.279891
0.000000
0.000000
0.000000
0.000000
0.000000
0.000000
0.000000
0.000000
0.000000
1.304610
0.305549
0.000000
0.000000
0.000000
0.000000
0.000000
0.000000
0.000000
0.000000
0.000000
4.525192
0.000000
0.270324
0.000000
0.000000
3.338673
0.000000
0.000000
0.000000
1.236140
0.000000
0.000000
0.000000
0.000000
0.000000
0.000000
0.622071
0.000000
0.000000
0.000000
0.000000
0.000000
0.000000
0.000000
0.000000
0.000000
0.000000
0.000000
0.000000
0.000000
0.000000
0.000000
0.000000
0.000000
0.000000
0.000000
0.000000
0.000000
0.000000
0.000000
2.228426
0.000000
0.195857
0.000000
0.000000
0.000000
0.000000
0.000000
5.863132
0.000000
1.926468
0.000000
1.275948
0.037418
0.000000
0.000000
0.000000
0.000000
0.000000
0.000000
1.782296
0.000000
0.000000
0.000000
0.000000
0.000000
0.000000
0.000000
0.000000
0.729776
0.000000
0.000000
1.835140
0.077801
0.177959
0.000000
0.000000
0.000000
0.000000
0.000000
0.000000
0.000000
0.000000
2.409100
0.000000
0.000000
0.000000
0.000000
0.000000
0.000000
0.353044
0.000000
0.000000
0.000000
0.000000
0.000000
0.000000
0.000000
0.000000
0.000000
0.000000
0.000000
0.000000
0.000000
0.000000
0.000000
0.000000
0.000000
0.000000
0.000000
0.000000
0.000000
0.000000
0.000000
0.000000
0.000000
0.000000
0.000000
0.000000
0.000000
0.000000
0.000000
0.000000
0.000000
0.000000
0.000000
0.000000
0.000000
0.000000
0.000000
0.000000
0.000000
0.000000
0.000000
0.000000
0.030648
2.160282
0.549163
0.000000
0.000000
0.000000
1.415052
0.000000
0.000000
0.000000
0.000000
0.000000
0.000000
0.000000
0.000000
0.000000
1.284285
0.000000
0.000000
0.000000
0.000000
0.000000
0.000000
0.000000
0.271764
1.088492
0.000000
0.000000
0.000000
0.434627
0.000000
1.157990
0.000000
0.000000
0.000000
0.000000
0.000000
0.000000
0.857450
1.397102
0.902499
0.000000
0.000000
0.000000
0.000000
0.000000
0.000000
0.000000
0.000000
0.000000
0.000000
0.000000
0.000000
0.882619
0.000000
0.000000
0.000000
0.000000
0.501389
0.521562
0.000000
0.000000
0.000000
0.000000
0.000000
2.219521
0.903110
0.000000
3.944402
0.000000
0.000000
0.000000
0.000000
0.000000
0.000000
1.464454
0.000000
0.000000
0.000000
0.306685
0.000000
0.000000
0.000000
0.000000
0.000000
4.761900
0.000000
0.000000
0.000000
0.000000
0.000000
0.000000
0.000000
0.000000
0.000000
0.000000
0.000000
1.735376
0.000000
0.000000
0.000000
1.738433
0.000000
2.963870
0.000000
0.000000
0.000000
0.000000
0.000000
1.368059
0.000000
2.530766
0.000000
0.000000
0.000000
0.000000
0.000000
0.000000
0.000000
0.000000
1.459423
0.000000
0.000000
0.000000
0.000000
0.000000
0.000000
0.000000
0.000000
0.000000
0.000000
0.000000
0.000000
0.000000
0.000000
0.000000
0.000000
0.000000
0.000000
0.000000
0.602102
0.000000
0.000000
0.000000
0.000000
0.000000
0.000000
2.310148
0.000000
0.000000
0.000000
0.000000
0.000000
0.000000
0.000000
0.000000
0.000000
0.000000
0.000000
0.046755
0.000000
0.000000
0.000000
0.000000
0.414191
0.000000
0.000000
0.000000
0.000000
0.000000
0.000000
0.000000
0.000000
0.000000
0.000000
0.000000
0.000000
0.000000
0.000000
0.000000
0.000000
0.000000
0.000000
0.000000
0.000000
0.000000
0.000000
0.000000
0.000000
0.000000
0.000000
0.000000
0.000000
0.000000
0.000000
0.601912
0.000000
0.000000
0.000000
0.000000
0.000000
0.000000
0.743650
0.000000
0.000000
0.000000
0.000000
0.000000
0.000000
1.956061
0.000000
0.000000
1.429130
0.000000
0.000000
0.000000
0.000000
2.925866
0.000000
0.089318
0.000000
0.888463
0.000000
0.000000
0.000000
0.000000
0.000000
0.000000
0.000000
0.000000
0.000000
5.932288
0.000000
0.000000
0.000000
0.000000
0.072764
0.000000
0.000000
0.000000
0.000000
2.199484
0.000000
0.000000
0.000000
0.000000
1.191371
0.000000
0.000000
3.042471
0.000000
0.000000
0.000000
0.000000
0.639915
0.000000
0.000000
0.000000
0.000000
0.000000
0.000000
0.000000
0.000000
0.000000
0.000000
0.000000
0.000000
0.000000
0.000000
0.000000
0.000000
0.160645
0.000000
0.004004
0.000000
0.000000
0.000000
2.006736
0.000000
0.000000
0.007225
1.133862
1.828716
0.000000
0.000000
0.000000
0.000000
0.000000
0.000000
0.022863
0.000000
0.000000
0.000000
0.000000
0.000000
0.000000
0.636266
0.000000
0.000000
0.000000
0.000000
0.000000
0.000000
0.000000
0.000000
1.245308
0.000000
0.000000
0.000000
0.000000
0.926713
0.000000
0.000000
0.000000
0.000000
0.000000
0.000000
0.000000
0.000000
0.000000
0.000000
2.159433
0.000000
0.000000
0.000000
1.382984
0.000000
0.000000
0.000000
1.183522
0.000000
0.000000
2.320586
0.000000
0.000000
0.000000
1.028060
0.000000
1.655012
0.000000
0.000000
0.000000
0.844894
0.000000
0.000000
0.000000
3.984478
0.000000
0.000000
0.000000
0.000000
0.000000
0.000000
0.000000
0.000000
0.000000
0.756257
1.094923
0.000000
1.299156
0.000000
0.000000
0.000000
0.723852
0.000000
0.000000
0.000000
0.304406
3.352616
1.122205
0.000000
0.000000
0.000000
0.000000
0.000000
0.000000
0.000000
0.994899
0.000000
0.000000
0.000000
0.956811
1.809852
0.000000
0.000000
0.000000
0.000000
0.000000
0.000000
0.000000
0.000000
0.000000
2.582463
0.000000
0.000000
0.000000
0.000000
1.530116
0.000000
0.000000
0.000000
0.000000
0.000000
0.000000
0.413451
0.000000
0.000000
0.000000
4.083552
0.000000
0.000000
0.000000
0.000000
0.000000
0.000000
0.000000
0.000000
0.000000
0.000000
0.000000
1.409067
0.000000
0.000000
0.000000
0.000000
0.000000
0.000000
0.000000
0.000000
0.000000
0.000000
0.000000
0.000000
0.000000
0.000000
0.000000
0.000000
0.000000
1.121902
0.000000
0.064693
0.000000
0.000000
0.000000
0.000000
0.000000
0.000000
0.000000
0.000000
0.000000
0.000000
0.477915
2.883230
0.000000
0.000000
0.000000
0.000000
0.000000
0.393021
0.000000
0.000000
0.000000
0.000000
3.780513
0.000000
0.000000
0.000000
0.877636
0.000000
0.000000
0.000000
0.000000
0.000000
0.000000
0.000000
0.000000
0.000000
0.000000
0.000000
0.646022
0.000000
1.951514
2.982717
0.358001
0.000000
0.000000
0.000000
2.785232
0.000000
0.000000
1.309781
6.233884
0.000000
0.000000
0.000000
0.000000
0.000000
0.082144
0.000000
0.000000
2.659204
0.636331
0.000000
3.497202
2.181846
0.000000
0.000000
0.000000
0.000000
0.000000
1.085975
0.000000
0.000000
0.117601
0.000000
0.000000
0.000000
2.818152
0.000000
0.000000
0.000000
0.000000
0.000000
0.000000
0.000000
0.000000
0.000000
0.000000
0.701191
1.261127
0.000000
0.000000
0.000000
0.000000
0.000000
0.000000
0.000000
0.000000
0.000000
0.000000
0.000000
0.000000
0.000000
0.000000
3.842829
0.000000
0.000000
0.000000
0.000000
0.000000
0.000000
0.000000
0.418589
0.000000
1.835358
0.000000
0.000000
0.000000
0.000000
2.867628
0.000000
0.000000
0.000000
0.048365
0.704771
0.000000
0.000000
0.572879
0.000000
0.000000
0.000000
0.000000
1.086616
0.000000
0.000000
0.000000
0.000000
0.000000
0.000000
0.000000
0.000000
2.486376
0.000000
0.000000
0.000000
0.000000
0.000000
0.000000
4.723242
0.000000
0.000000
0.000000
0.000000
0.000000
0.000000
0.000000
0.000000
0.000000
0.000000
0.000000
0.000000
0.000000
0.000000
0.000000
2.193303
0.000000
0.000000
0.000000
0.433860
0.000000
0.000000
0.604645
0.000000
0.000000
0.441543
0.000000
0.000000
0.000000
0.000000
0.000000
0.000000
0.000000
0.000000
0.000000
0.000000
0.000000
0.000000
0.000000
0.000000
0.000000
0.000000
0.000000
0.000000
0.000000
0.000000
0.000000
0.000000
0.000000
0.000000
0.000000
0.000000
0.000000
2.520156
1.717378
0.000000
0.000000
0.000000
0.000000
0.000000
0.000000
0.000000
3.781591
3.776563
0.000000
0.000000
0.000000
0.000000
2.062763
0.296022
0.000000
2.679783
0.000000
0.000000
0.000000
0.000000
0.000000
0.000000
2.244248
1.344211
0.000000
0.000000
1.947670
0.000000
0.000000
0.000000
0.000000
0.000000
0.000000
0.000000
0.000000
0.000000
0.000000
4.246668
0.290685
0.000000
0.000000
0.000000
0.000000
0.000000
0.000000
0.000000
0.000000
0.000000
0.000000
0.000000
0.000000
0.821333
0.000000
0.000000
0.000000
0.000000
1.979886
0.000000
0.000000
0.000000
0.000000
2.340415
0.000000
0.000000
0.000000
0.000000
1.070398
0.000000
0.000000
0.000000
0.000000
0.000000
0.000000
0.000000
0.000000
0.000000
0.000000
0.613169
0.000000
2.259099
0.000000
0.000000
0.000000
0.000000
0.000000
0.000000
0.000000
0.000000
0.000000
0.000000
0.000000
0.000000
0.000000
0.000000
0.000000
0.464990
0.000000
0.000000
0.000000
0.000000
0.000000
0.000000
0.000000
0.000000
0.000000
0.000000
0.000000
0.000000
0.000000
0.000000
0.000000
0.000000
0.000000
0.000000
0.000000
0.000000
1.125981
0.197698
0.000000
0.000000
0.000000
0.000000
1.474446
1.322959
0.000000
0.000000
0.000000
0.000000
0.000000
5.742786
2.905917
0.000000
0.000000
0.000000
0.610117
0.000000
0.000000
0.000000
0.000000
0.000000
0.000000
0.000000
0.000000
0.000000
0.000000
0.000000
0.000000
0.000000
0.000000
0.000000
0.000000
0.000000
0.000000
0.000000
0.000000
0.000000
3.925587
0.000000
0.000000
0.000000
1.255852
0.000000
0.000000
0.000000
0.000000
0.570098
0.000000
0.000000
0.000000
0.000000
0.000000
0.000000
0.000000
0.000000
5.010418
0.000000
0.000000
0.237263
0.722734
0.000000
0.000000
1.970865
0.000000
0.045060
0.000000
0.000000
0.000000
0.000000
0.000000
0.000000
0.000000
0.000000
0.000000
0.000000
0.000000
0.000000
0.000000
0.000000
1.395014
0.000000
0.000000
0.000000
0.655652
2.511423
0.000000
0.000000
0.000000
0.000000
0.000000
0.000000
0.206163
0.000000
0.000000
0.000000
1.042428
0.000000
0.000000
0.000000
0.000000
1.859501
0.000000
0.000000
0.000000
0.000000
0.000000
0.000000
0.000000
0.000000
0.000000
0.000000
0.635417
0.000000
0.000000
0.000000
0.000000
0.000000
0.720731
0.000000
2.357373
0.000000
0.000000
0.000000
0.000000
0.000000
0.000000
0.000000
0.000000
0.000000
0.000000
0.000000
0.000000
0.000000
0.000000
0.000000
0.000000
0.000000
1.240803
0.000000
1.637000
0.000000
2.495923
0.000000
0.000000
0.000000
0.000000
0.000000
0.000000
0.000000
1.279369
0.000000
0.000000
0.000000
0.000000
0.000000
0.000000
2.534250
0.000000
0.000000
0.000000
0.000000
0.000000
0.000000
0.000000
0.000000
0.000000
0.000000
0.000000
0.634209
0.000000
0.000000
0.000000
0.000000
0.000000
0.000000
0.000000
0.000000
0.000000
1.196272
0.000000
0.000000
0.000000
0.000000
0.000000
0.000000
0.000000
0.000000
0.930013
0.000000
0.000000
0.000000
0.000000
0.000000
0.000000
0.000000
0.000000
0.000000
0.000000
0.000000
0.000000
0.000000
0.000000
0.000000
0.000000
0.000000
0.000000
0.000000
0.000000
0.014551
0.000000
0.000000
0.000000
0.000000
0.000000
0.000000
0.000000
0.020666
0.000000
0.000000
0.000000
0.000000
0.000000
0.000000
0.000000
0.000000
0.000000
0.000000
0.000000
0.000000
0.000000
0.000000
0.000000
0.000000
0.000000
0.000000
0.000000
0.411567
0.000000
0.000000
4.142765
0.000000
0.000000
0.000000
0.000000
0.190063
0.000000
0.000000
0.000000
0.000000
0.000000
0.000000
0.000000
0.000000
0.000000
0.000000
0.000000
0.126351
0.000000
0.000000
1.071788
3.045417
0.000000
0.000000
0.000000
0.000000
0.000000
0.000000
0.000000
0.000000
0.479407
0.000000
0.000000
0.000000
0.000000
0.000000
0.000000
3.933370
0.000000
0.000000
0.000000
0.000000
0.000000
0.000000
0.000000
0.361620
0.000000
0.744026
0.000000
0.000000
0.000000
0.533691
0.000000
0.000000
0.000000
0.000000
0.000000
0.000000
0.000000
0.000000
0.000000
0.000000
0.758784
0.000000
0.000000
0.000000
0.000000
1.758188
0.000000
0.513803
0.000000
0.000000
0.000000
0.000000
0.000000
0.000000
0.000000
0.000000
0.000000
0.000000
0.000000
0.000000
0.000000
1.417555
0.000000
0.170103
0.000000
0.000000
0.000000
0.000000
0.000000
0.000000
0.883060
0.000000
0.042941
0.000000
0.000000
0.000000
0.000000
0.000000
0.000000
0.897410
0.000000
0.000000
0.000000
0.000000
1.347308
0.000000
0.000000
1.261907
0.000000
1.654044
0.000000
0.000000
5.149191
1.101868
0.000000
0.169769
1.372759
7.260067
0.000000
0.000000
0.000000
0.000000
0.000000
0.000000
0.000000
0.000000
0.000000
0.000000
0.000000
0.000000
0.000000
0.000000
0.000000
0.000000
0.000000
3.577484
0.000000
0.000000
0.000000
0.000000
0.000000
0.000000
0.000000
0.000000
0.000000
0.000000
0.000000
0.000000
0.000000
0.000000
0.000000
0.000000
0.000000
0.000000
0.000000
0.623325
0.000000
0.000000
2.533680
0.000000
0.000000
0.000000
0.000000
0.000000
0.075948
0.000000
0.000000
0.000000
1.699875
0.000000
0.000000
0.000000
0.000000
0.000000
0.000000
1.016162
0.000000
0.000000
0.000000
0.000000
0.000000
0.000000
0.000000
0.000000
0.000000
0.000000
0.000000
0.000000
0.000000
0.000000
1.050959
0.000000
0.000000
0.000000
0.000000
0.000000
0.000000
2.289084
0.000000
0.000000
0.000000
0.000000
0.119230
0.000000
0.000000
0.000000
0.000000
0.000000
0.000000
0.000000
0.000000
0.000000
0.000000
1.036713
0.000000
0.000000
0.000000
0.000000
0.000000
0.000000
0.000000
0.000000
0.000000
0.000000
0.009863
0.000000
0.295939
0.000000
0.000000
0.000000
0.163064
0.000000
0.000000
0.000000
0.000000
0.000000
0.000000
0.000000
0.000000
0.000000
0.000000
1.017353
0.537658
0.000000
2.931010
0.000000
0.000000
0.000000
0.000000
0.000000
0.000000
0.000000
0.000000
0.000000
4.990220
2.514989
0.000000
0.000000
0.000000
0.000000
0.000000
0.000000
0.000000
0.000000
0.000000
1.067524
0.000000
0.000000
0.000000
0.000000
0.000000
0.000000
0.000000
0.104297
0.000000
2.867969
0.000000
0.000000
0.000000
0.000000
0.000000
0.000000
0.000000
0.000000
0.000000
0.000000
0.000000
2.194103
0.000000
2.655092
0.000000
0.000000
0.000000
0.000000
0.000000
0.000000
0.000000
0.000000
3.188964
0.000000
0.000000
0.000000
0.000000
0.000000
0.000000
0.000000
2.605689
0.000000
2.235027
0.000000
0.000000
0.000000
0.000000
0.000000
0.000000
0.000000
0.000000
0.000000
0.000000
0.000000
0.000000
0.000000
0.000000
1.170012
0.000000
0.000000
0.000000
0.000000
0.000000
0.000000
0.000000
0.000000
0.000000
0.000000
0.000000
0.000000
0.000000
0.000000
0.208220
0.000000
0.615557
0.000000
0.000000
0.000000
0.000000
0.000000
0.000000
0.000000
0.000000
0.000000
0.000000
0.000000
0.000000
0.519691
0.000000
1.635756
0.000000
0.000000
0.000000
0.000000
0.000000
0.000000
0.000000
0.000000
0.000000
0.000000
0.000000
0.000000
0.000000
0.000000
2.438346
1.099689
0.000000
0.000000
0.000000
0.000000
0.000000
0.000000
0.000000
0.000000
6.454395
0.000000
0.000000
0.000000
0.000000
2.640289
0.000000
0.406751
0.000000
0.000000
2.909482
0.108315
0.206966
0.000000
0.000000
0.000000
0.000000
0.000000
1.085646
0.038624
0.000000
0.000000
0.507592
0.000000
0.000000
0.000000
0.000000
0.000000
0.000000
0.449539
0.000000
1.875433
0.000000
0.803220
0.000000
0.000000
0.000000
0.000000
0.000000
0.000000
0.000000
0.211267
0.000000
0.435262
0.000000
0.000000
0.000000
0.000000
0.000000
0.000000
0.000000
0.000000
0.000000
0.293725
0.000000
0.000000
0.000000
0.000000
0.000000
0.000000
0.000000
0.000000
0.000000
0.000000
0.830662
0.534892
0.000000
0.000000
0.000000
0.432631
0.000000
0.000000
0.000000
4.848289
0.000000
0.000000
3.190707
0.000000
0.000000
0.000000
0.000000
0.000000
0.000000
0.000000
0.000000
0.000000
0.000000
0.000000
0.000000
0.000000
0.000000
0.000000
0.000000
0.000000
0.000000
0.000000
0.000000
0.000000
0.000000
0.000000
0.000000
0.000000
0.000000
0.000000
0.000000
0.000000
0.000000
0.000000
0.273827
0.000000
0.000000
3.001484
0.000000
0.000000
3.853854
0.000000
0.000000
0.000000
0.000000
0.000000
0.000000
0.000000
0.000000
0.510262
0.000000
0.668423
0.000000
0.000000
0.637599
0.000000
0.000000
4.806456
0.000000
0.000000
0.000000
0.000000
0.000000
0.000000
2.430195
0.000000
0.000000
0.000000
0.000000
0.000000
0.000000
0.000000
0.000000
0.000000
1.863899
0.000000
0.000000
0.000000
0.000000
0.000000
0.000000
0.000000
0.000000
0.000000
0.000000
0.000000
4.188352
0.000000
0.000000
0.000000
0.000000
0.000000
0.000000
0.000000
0.000000
0.000000
0.000000
0.000000
0.000000
0.000000
1.040087
0.000000
0.000000
0.000000
0.000000
0.000000
0.000000
0.000000
0.982949
0.000000
0.351595
0.000000
0.000000
0.000000
0.000000
1.922017
3.890083
0.000000
3.439691
0.000000
0.000000
0.000000
0.677964
0.000000
0.000000
0.000000
0.000000
0.000000
0.497238
4.881349
0.000000
0.000000
0.000000
0.590218
0.338628
0.000000
0.000000
0.000000
0.000000
0.000000
0.000000
0.000000
0.000000
0.000000
0.000000
0.000000
0.000000
0.000000
0.000000
0.000000
0.000000
1.979741
0.000000
0.000000
0.000000
0.000000
0.000000
0.000000
0.000000
0.000000
0.000000
0.000000
0.000000
0.000000
0.000000
0.000000
0.000000
0.000000
0.000000
0.000000
0.000000
2.664336
0.000000
0.000000
0.000000
1.362232
0.000000
0.000000
0.000000
0.000000
0.000000
0.000000
0.000000
0.000000
0.000000
0.000000
0.000000
0.000000
0.000000
0.000000
0.000000
0.000000
1.544046
0.000000
0.000000
0.000000
0.000000
0.000000
0.000000
0.000000
0.000000
0.000000
0.000000
0.000000
1.373076
2.698803
0.000000
0.000000
0.000000
0.000000
0.000000
0.459414
0.000000
0.054437
0.000000
0.000000
0.000000
0.000000
0.000000
0.000000
0.000000
0.000000
0.000000
0.000000
0.000000
0.000000
0.000000
0.000000
0.000000
0.000000
0.000000
0.000000
0.000000
0.000000
0.000000
0.000000
0.000000
0.000000
0.000000
0.000000
0.000000
0.000000
0.000000
0.000000
0.000000
0.000000
0.000000
0.000000
0.000000
4.132777
0.000000
0.000000
0.000000
0.000000
0.000000
0.817050
0.000000
0.000000
0.000000
0.000000
0.000000
0.000000
0.000000
0.000000
0.000000
0.000000
0.000000
0.000000
0.000000
0.000000
0.000000
0.342089
0.000000
0.000000
0.000000
0.425530
0.000000
0.000000
0.000000
0.050784
0.000000
0.000000
0.000000
0.000000
0.000000
0.000000
0.000000
0.000000
0.784332
0.000000
0.000000
0.000000
0.210203
0.000000
0.000000
0.000000
0.000000
0.000000
2.286514
0.000000
0.000000
0.000000
0.000000
0.000000
0.000000
0.000000
0.000000
0.000000
0.000000
0.000000
0.000000
3.645654
0.000000
0.000000
0.000000
0.000000
0.000000
0.000000
0.000000
0.582644
4.581896
6.128556
0.000000
0.000000
0.000000
0.000000
0.000000
0.000000
0.000000
0.000000
0.000000
0.000000
0.000000
0.000000
0.000000
0.000000
0.325659
0.000000
0.000000
0.000000
0.000000
0.000000
1.177365
0.000000
0.000000
0.000000
0.000000
0.000000
1.521312
0.000000
0.000000
0.000000
0.000000
0.000000
0.000000
0.000000
0.000000
0.000000
0.000000
0.000000
0.000000
0.000000
1.732127
1.920726
0.000000
1.029632
0.000000
0.000000
0.000000
0.000000
0.000000
0.000000
0.000000
0.000000
0.000000
0.000000
0.164567
0.000000
0.000000
0.000000
0.000000
1.323192
0.000000
0.000000
0.000000
0.000000
0.000000
0.000000
0.000000
0.000000
0.000000
0.000000
0.000000
0.000000
0.000000
1.885631
0.000000
0.000000
1.078459
0.000000
0.000000
0.000000
0.000000
0.000000
0.000000
0.000000
0.000000
0.827955
0.281718
0.000000
0.000000
0.000000
0.000000
0.000000
0.000000
0.000000
0.000000
0.000000
0.000000
0.808353
0.000000
0.000000
0.000000
0.000000
0.000000
0.000000
0.000000
0.000000
0.000000
0.000000
0.000000
0.000000
0.000000
0.000000
0.000000
0.000000
0.000000
0.000000
0.000000
0.000000
0.000000
0.000000
0.913055
0.000000
0.044000
0.000000
1.883156
0.000000
0.000000
3.022281
0.000000
1.018519
0.760922
0.000000
0.000000
0.000000
0.614001
0.000000
0.000000
4.783133
0.000000
0.000000
0.000000
0.000000
0.295206
0.000000
0.000000
0.000000
0.000000
0.000000
0.000000
0.000000
0.000000
0.000000
