0.000000
0.000000
0.000000
0.000000
1.832937
0.000000
0.000000
2.394918
0.000000
0.000000
0.000000
0.000000
2.326703
0.000000
0.000000
0.000000
0.000000
0.000000
0.000000
0.000000
0.000000
0.000000
1.328703
0.029712
0.951301
0.000000
0.000000
0.000000
0.000000
0.000000
0.000000
0.000000
0.000000
0.000000
0.000000
0.000000
0.000000
0.000000
0.000000
0.705521
0.000000
0.000000
0.000000
0.000000
0.000000
0.088326
0.000000
0.000000
0.000000
0.000000
0.000000
0.000000
0.000000
0.000000
0.000000
0.000000
0.000000
0.000000
0.000000
0.000000
4.334992
2.654574
0.000000
0.000000
0.000000
0.000000
0.000000
0.000000
0.000000
0.000000
2.786662
0.000000
0.000000
2.215838
0.000000
0.614400
0.000000
0.000000
0.000000
0.000000
0.000000
0.000000
0.000000
0.000000
0.000000
0.000000
0.000000
0.000000
0.000000
0.000000
0.000000
1.139114
1.803418
0.000000
0.488275
0.000000
0.000000
0.000000
0.000000
0.000000
0.500322
0.000000
0.279175
0.000000
0.000000
0.000000
0.000000
0.445393
0.000000
0.000000
0.000000
0.000000
0.000000
0.000000
1.063806
0.000000
0.000000
0.000000
0.000000
0.000000
0.000000
0.000000
0.000000
0.000000
0.000000
0.000000
3.481382
0.000000
1.463182
0.000000
0.000000
0.000000
0.000000
0.000000
0.000000
0.000000
0.000000
0.000000
0.000000
0.000000
0.000000
0.000000
0.752697
0.000000
0.000000
0.000000
0.000000
0.000000
0.000000
0.000000
0.000000
0.000000
0.000000
0.000000
1.414894
0.000000
0.000000
0.000000
0.000000
0.000000
0.000000
0.000000
0.000000
0.000000
0.000000
0.000000
0.000000
0.000000
0.777544
0.000000
0.000000
0.000000
0.000000
0.000000
0.000000
2.765640
0.000000
0.000000
0.000000
0.678940
0.000000
0.000000
2.533283
0.000000
0.000000
0.000000
0.000000
0.000000
0.000000
0.000000
0.000000
0.000000
0.000000
0.000000
0.000000
0.000000
0.000000
0.000000
0.000000
0.000000
0.000000
2.846738
0.000000
0.000000
0.000000
1.225189
0.000000
0.000000
0.000000
1.904330
0.000000
0.000000
0.000000
0.000000
0.000000
0.000000
0.000000
0.000000
0.000000
0.000000
0.000000
0.000000
0.000000
0.000000
0.000000
0.000000
0.000000
0.296329
0.000000
0.000000
0.000000
0.000000
0.000000
0.694156
0.000000
0.000000
0.000000
0.687655
0.000000
0.000000
0.000000
0.000000
0.000000
0.000000
0.331495
0.000000
0.000000
0.000000
0.000000
0.000000
0.000000
0.000000
2.179781
1.879763
0.000000
0.000000
0.000000
2.510829
0.000000
0.000000
0.000000
0.616358
0.435097
0.000000
0.000000
0.972198
0.000000
0.000000
0.000000
0.000000
0.000000
0.000000
0.000000
0.000000
0.000000
0.000000
0.000000
0.000000
0.201623
0.000000
0.763173
0.000000
0.316267
0.000000
0.000000
3.333812
0.000000
0.000000
1.121927
0.000000
0.000000
0.000000
0.000000
0.000000
0.000000
0.000000
0.000000
0.000000
3.561507
1.322233
3.766287
0.000000
0.000000
0.000000
0.000000
0.000000
2.406554
0.000000
0.000000
0.000000
0.000000
0.000000
0.000000
0.000000
0.000000
0.000000
0.000000
0.000000
0.000000
0.867438
0.000000
0.000000
0.000000
0.000000
0.132819
0.000000
0.000000
0.000000
0.000000
0.000000
0.000000
1.752857
0.000000
1.374232
1.572440
0.000000
0.000000
0.137976
1.683092
0.000000
0.000000
0.000000
3.630632
0.000000
1.911970
0.000000
3.796905
0.000000
0.000000
0.000000
0.000000
0.000000
0.000000
1.249273
0.000000
0.000000
0.000000
0.000000
0.000000
0.000000
0.000000
0.000000
0.000000
0.000000
0.000000
2.080079
0.000000
0.000000
0.000000
0.000000
0.000000
0.000000
0.000000
0.000000
0.000000
0.698358
0.000000
0.000000
0.000000
0.000000
0.000000
0.000000
0.000000
0.000000
0.161355
0.000000
0.000000
0.000000
0.000000
0.000000
0.000000
0.000000
0.000000
0.000000
0.000000
0.000000
0.000000
0.000000
0.000000
0.000000
0.000000
0.000000
0.256125
0.000000
0.634283
0.000000
0.000000
2.447955
0.000000
0.000000
0.000000
0.000000
0.000000
0.000000
0.000000
0.424012
0.000000
0.579734
2.270762
0.000000
0.601434
0.000000
0.000000
0.000000
1.525318
0.000000
0.000000
0.000000
0.000000
0.000000
0.000000
0.000000
2.597995
0.000000
0.000000
0.000000
0.959093
0.000000
0.000000
0.000000
0.000000
0.000000
0.000000
0.000000
0.000000
0.000000
0.000000
0.000000
0.000000
0.000000
0.000000
0.000000
0.000000
0.442881
0.000000
0.000000
0.000000
1.476545
0.000000
0.000000
0.000000
1.666493
2.669024
0.000000
0.000000
0.000000
2.700902
0.000000
0.000000
0.000000
0.000000
0.000000
0.000000
0.000000
0.000000
0.000000
1.030761
0.000000
0.000000
0.000000
0.000000
0.000000
0.000000
0.000000
0.268088
3.718345
0.000000
0.000000
0.000000
0.392649
0.000000
0.000000
0.000000
3.668530
1.718919
0.000000
0.000000
0.000000
0.000000
0.000000
0.000000
0.000000
0.000000
0.738990
0.000000
0.000000
0.000000
0.000000
1.336270
0.000000
0.000000
0.000000
0.000000
0.154337
0.000000
0.000000
0.000000
0.000000
0.000000
0.000000
0.000000
0.000000
0.000000
0.000000
0.000000
0.000000
0.000000
0.000000
0.000000
0.000000
0.000000
0.000000
2.263674
0.000000
0.000000
0.000000
0.000000
0.000000
0.000000
0.000000
0.000000
0.000000
0.000000
0.000000
0.000000
0.411073
0.000000
0.000000
0.000000
0.000000
1.229133
0.000000
0.000000
0.000000
0.000000
0.000000
0.000000
0.475299
0.000000
0.000000
0.000000
0.000000
0.000000
0.000000
0.000000
0.000000
0.000000
0.000000
0.000000
0.000000
0.000000
0.000000
0.000000
0.000000
0.000000
1.034481
0.000000
0.000000
0.000000
0.000000
0.000000
0.000000
0.000000
5.164690
0.000000
0.000000
1.178269
0.000000
0.599446
0.000000
0.000000
0.000000
2.964352
0.000000
0.000000
0.000000
0.745627
0.288083
0.000000
0.000000
0.000000
0.000000
0.000000
1.649110
0.000000
0.000000
2.249001
0.000000
0.000000
0.000000
0.000000
0.000000
0.000000
0.000000
0.000000
0.000000
0.000000
0.000000
4.461137
0.000000
0.021124
0.020805
0.000000
1.500932
0.000000
0.000000
0.000000
0.000000
2.572389
0.000000
0.000000
0.810556
0.000000
0.000000
1.230393
3.663468
0.000000
0.000000
0.000000
2.790396
0.000000
0.391726
0.000000
0.000000
0.000000
0.000000
0.000000
0.000000
0.000000
0.224943
0.000000
0.000000
0.000000
0.000000
2.236672
0.000000
0.000000
0.000000
0.082473
0.000000
0.000000
0.000000
0.000000
0.000000
1.771837
0.000000
0.000000
0.000000
0.000000
0.000000
0.000000
0.000000
0.150955
0.000000
0.000000
0.000000
0.000000
0.000000
0.000000
0.000000
0.000000
1.227696
0.000000
0.000000
0.000000
0.000000
0.928561
0.000000
0.000000
0.000000
0.000000
0.000000
0.000000
0.000000
0.244958
0.000000
1.235419
0.000000
0.000000
0.000000
0.000000
0.000000
0.000000
0.540086
0.000000
0.263377
1.900609
0.000000
0.000000
1.140474
0.000000
0.000000
0.000000
0.000000
0.000000
0.000000
0.360908
0.000000
0.000000
0.000000
2.622286
0.000000
0.198097
0.000000
0.000000
0.000000
0.000000
0.000000
0.000000
0.000000
0.000000
0.000000
0.000000
0.000000
0.000000
0.000000
0.000000
0.953733
0.000000
1.072676
0.000000
0.000000
0.000000
0.000000
0.000000
0.000000
0.000000
0.000000
0.000000
0.000000
0.000000
0.000000
0.000000
0.000000
0.000000
0.000000
0.000000
0.000000
0.000000
0.000000
0.000000
0.000000
0.000000
0.000000
0.000000
0.000000
0.000000
0.000000
0.000000
0.000000
0.000000
0.000000
2.555241
0.000000
0.000000
0.000000
0.000000
0.000000
0.000000
0.000000
0.000000
0.000000
0.000000
0.000000
0.000000
0.000000
0.746061
0.000000
0.000000
0.000000
0.000000
0.000000
0.628531
0.000000
0.812609
0.000000
0.000000
0.000000
3.192103
0.000000
0.000000
0.000000
0.000000
0.000000
0.202403
0.000000
0.000000
0.000000
0.000000
2.622356
0.000000
0.000000
0.000000
0.000000
0.000000
0.000000
0.000000
0.701949
0.000000
0.000000
0.000000
0.000000
0.000000
0.000000
2.694314
0.000000
0.000000
0.000000
0.000000
0.000000
0.000000
0.000000
0.000000
0.000000
0.000000
0.000000
0.000000
0.000000
0.000000
0.000000
0.000000
0.099719
0.000000
0.000000
0.000000
5.424622
0.000000
0.000000
0.000000
0.000000
0.000000
0.000000
0.000000
0.000000
0.000000
0.000000
0.000000
0.000000
0.000000
0.000000
0.000000
0.000000
0.000000
4.480716
0.000000
0.000000
0.000000
0.000000
0.000000
0.000000
0.000000
0.000000
0.000000
0.000000
0.000000
2.430491
0.000000
0.000000
2.161139
5.670648
0.069317
0.000000
0.000000
0.000000
0.000000
0.000000
0.000000
0.000000
0.000000
0.000000
0.000000
0.000000
0.000000
0.000000
0.000000
0.000000
0.000000
0.000000
0.000000
0.000000
0.000000
0.000000
0.000000
0.000000
0.000000
0.000000
0.844415
1.907393
0.000000
0.000000
0.000000
0.000000
0.000000
0.000000
0.000000
0.000000
0.000000
1.573164
0.000000
0.000000
0.258786
0.000000
0.000000
0.000000
0.000000
0.000000
0.000000
0.000000
0.000000
0.000000
0.000000
0.000000
1.702658
0.000000
0.000000
0.000000
0.004931
2.024946
0.000000
0.000000
0.000000
0.000000
0.000000
0.000000
0.000000
0.000000
0.000000
0.000000
0.000000
0.000000
0.000000
0.000000
0.467889
0.000000
0.000000
0.000000
0.000000
0.000000
0.000000
0.000000
0.000000
0.000000
0.000000
0.000000
0.000000
0.000000
0.000000
0.000000
0.000000
0.000000
0.428681
0.000000
0.665941
0.000000
0.000000
0.000000
0.000000
0.000000
0.000000
0.000000
0.340240
0.000000
0.000000
0.000000
0.381206
0.000000
0.000000
0.000000
0.000000
0.000000
0.000000
0.000000
0.000000
0.000000
0.000000
0.000000
0.000000
2.069111
0.000000
0.000000
0.000000
0.000000
0.000000
0.000000
0.000000
2.705453
0.000000
0.000000
0.000000
0.000000
0.000000
0.000000
0.000000
0.000000
0.000000
0.000000
0.696991
0.000000
2.641896
0.000000
0.000000
0.000000
0.000000
0.000000
0.000000
0.000000
0.000000
0.000000
0.000000
0.000000
0.000000
0.000000
0.000000
0.849505
0.000000
0.000000
0.000000
0.000000
0.000000
2.318935
0.000000
0.000000
0.000000
0.000000
0.000000
0.000000
0.726801
0.000000
0.000000
0.281850
0.000000
0.000000
0.000000
0.000000
0.745914
0.000000
0.725160
0.067420
0.000000
0.000000
0.000000
0.000000
0.000000
0.000000
0.000000
0.000000
0.000000
0.000000
0.000000
0.000000
0.000000
0.000000
0.000000
0.000000
0.239774
0.000000
0.000000
0.000000
0.000000
0.000000
0.000000
3.754250
0.000000
0.000000
0.000000
0.000000
0.000000
0.000000
0.000000
0.000000
0.000000
0.000000
0.000000
0.000000
0.000000
0.000000
0.000000
0.000000
0.000000
0.000000
0.000000
0.000000
0.000000
0.000000
0.000000
0.000000
1.753464
0.000000
0.000000
0.000000
0.000000
0.000000
0.000000
0.000000
0.225074
0.000000
0.000000
0.000000
0.000000
3.244046
0.000000
0.000000
0.105389
0.000000
0.000000
0.047257
0.180740
0.000000
0.000000
0.000000
0.000000
0.000000
0.000000
0.000000
0.000000
0.000000
0.000000
0.000000
0.000000
0.000000
0.000000
0.293828
0.000000
0.161185
0.000000
0.000000
0.000000
0.000000
0.000000
0.000000
0.000000
0.000000
0.000000
0.000000
1.854109
0.000000
0.000000
0.000000
2.465228
0.000000
0.000000
0.000000
0.000000
0.000000
0.574845
1.155693
0.000000
0.000000
0.000000
0.000000
0.000000
0.000000
0.000000
1.730269
0.000000
0.000000
0.000000
0.000000
0.000000
0.000000
0.000000
0.000000
0.000000
0.000000
0.000000
0.000000
0.000000
0.000000
0.000000
0.000000
1.066864
0.000000
0.000000
0.000000
0.000000
0.000000
0.000000
2.472162
0.000000
0.000000
0.405754
0.000000
0.000000
0.000000
0.000000
0.000000
0.000000
1.473291
0.000000
0.000000
0.000000
0.000000
0.000000
0.000000
0.000000
0.000000
0.000000
0.000000
0.000000
0.000000
0.000000
5.315188
0.000000
0.000000
1.164683
0.000000
0.000000
0.000000
0.000000
0.000000
0.000000
0.000000
0.000000
0.000000
0.299965
0.000000
0.000000
0.000000
0.000000
0.000000
1.101813
0.537066
0.000000
1.468676
0.255031
0.000000
4.689902
0.000000
0.000000
0.000000
0.636925
0.000000
0.472396
0.000000
0.000000
0.000000
0.000000
0.000000
2.123500
0.000000
0.000000
0.000000
0.000000
2.512659
2.224941
0.000000
0.421557
0.000000
0.000000
0.000000
0.000000
0.000000
0.551274
0.000000
0.631625
0.000000
0.000000
0.000000
0.000000
0.000000
0.000000
0.000000
0.000000
0.000000
0.000000
0.000000
0.000000
0.000000
0.000000
0.000000
0.000000
0.000000
0.000000
0.000000
1.699048
0.000000
0.000000
0.000000
0.000000
0.000000
1.152255
0.000000
0.000000
0.000000
0.000000
0.000000
1.144153
0.000000
0.000000
0.655749
0.000000
2.971615
0.000000
0.000000
0.000000
0.000000
0.000000
0.000000
0.000000
0.000000
1.774632
0.000000
0.000000
0.000000
0.000000
0.000000
0.000000
1.195679
0.000000
0.000000
0.000000
0.000000
0.000000
0.000000
0.000000
0.166500
0.000000
0.000000
0.000000
0.000000
0.000000
0.000000
0.000000
0.000000
0.000000
0.000000
0.000000
0.000000
0.000000
0.000000
0.000000
0.000000
0.000000
0.000000
0.000000
0.914367
0.000000
0.000000
0.000000
0.000000
0.000000
0.000000
0.000000
0.000000
0.000000
0.000000
0.000000
2.539408
0.000000
0.000000
0.605114
0.000000
0.000000
0.000000
0.000000
0.000000
0.000000
0.000000
0.000000
4.861675
0.000000
0.000000
0.000000
0.000000
0.000000
0.000000
0.000000
0.000000
0.000000
0.000000
0.000000
0.000000
0.000000
0.000000
0.000000
0.000000
0.000000
0.000000
0.000000
0.339168
1.401931
0.000000
0.000000
0.000000
3.290491
2.807742
0.000000
0.000000
0.000000
0.000000
0.000000
0.000000
0.000000
0.000000
0.000000
0.000000
0.000000
0.073081
0.000000
0.000000
0.000000
1.787460
1.226568
0.083681
0.000000
1.770938
0.000000
0.000000
0.000000
0.000000
0.000000
0.000000
0.000000
0.000000
0.000000
0.000000
1.019086
3.086051
0.000000
0.000000
0.000000
0.000000
0.000000
0.000000
0.000000
0.000000
0.000000
0.000000
0.000000
0.000000
0.573206
0.000000
0.000000
0.000000
0.000000
0.424970
0.000000
0.000000
0.000000
0.000000
0.000000
0.000000
0.000000
0.000000
0.000000
0.284032
0.548150
0.000000
0.000000
0.000000
0.000000
0.906719
0.625662
0.000000
0.742307
0.000000
0.000000
0.000000
0.000000
0.184571
0.000000
0.000000
0.888803
0.000000
0.841798
0.000000
0.000000
0.000000
0.000000
0.000000
0.000000
0.000000
0.000000
0.000000
0.899769
0.000000
0.000000
0.000000
0.000000
0.000000
0.000000
0.000000
0.000000
0.000000
0.000000
0.000000
0.000000
0.124086
0.000000
0.000000
0.000000
0.000000
0.000000
0.000000
0.000000
0.000000
0.000000
0.000000
0.130454
0.000000
0.000000
0.000000
0.000000
0.000000
0.000000
0.000000
0.000000
0.000000
0.000000
0.000000
0.000000
0.000000
0.000000
0.000000
0.000000
0.000000
0.000000
0.000000
0.000000
0.000000
0.916651
0.000000
0.000000
0.000000
0.000000
0.000000
0.000000
0.000000
0.212563
0.000000
0.000000
0.000000
0.000000
0.116144
0.000000
0.000000
0.000000
0.000000
0.000000
0.000000
3.286981
0.000000
0.000000
0.000000
0.000000
0.000000
0.000000
0.000000
0.000000
1.084915
0.000000
0.000000
0.000000
0.000000
0.000000
0.000000
0.000000
2.240746
0.000000
0.000000
0.000000
0.000000
1.620033
0.000000
0.000000
0.000000
0.000000
0.000000
0.000000
0.000000
0.000000
0.000000
0.000000
0.000000
0.000000
0.000000
0.000000
0.000000
0.000000
0.000000
0.720533
0.436814
0.000000
0.000000
0.000000
0.000000
0.000000
0.000000
0.000000
0.000000
2.264892
0.000000
0.000000
0.000000
0.000000
0.000000
0.000000
0.000000
0.000000
1.633843
0.111133
0.000000
0.000000
0.000000
0.000000
0.000000
0.000000
0.225242
0.000000
0.489290
0.000000
0.000000
0.000000
0.000000
0.000000
0.000000
0.000000
0.000000
0.429916
0.000000
0.000000
0.750206
1.315983
0.000000
0.000000
1.924285
0.000000
0.000000
2.265281
0.000000
0.000000
0.000000
0.000000
0.000000
1.422925
0.000000
0.000000
0.000000
0.000000
0.000000
0.000000
0.000000
1.439857
0.000000
0.000000
2.104898
0.000000
0.000000
0.000000
0.000000
0.000000
0.000000
0.000000
0.000000
0.000000
1.160154
0.000000
0.000000
0.000000
0.000000
0.000000
0.154136
0.000000
0.000000
0.000000
0.000000
0.000000
0.000000
0.643622
0.027551
1.059130
0.000000
0.000000
0.000000
0.000000
0.000000
0.000000
0.000000
0.000000
0.000000
0.000000
0.000000
4.245149
0.000000
0.261000
0.000000
0.000000
0.000000
0.000000
0.000000
1.477225
0.000000
0.000000
0.000000
0.000000
0.000000
0.000000
0.000000
0.000000
0.000000
0.000000
0.000000
0.000000
0.000000
1.657066
0.085881
0.000000
3.617824
1.557566
0.000000
0.732903
0.000000
0.000000
0.000000
0.267580
0.000000
0.000000
0.000000
0.000000
0.000000
0.000000
0.000000
0.000000
0.905378
0.064316
0.000000
0.000000
2.457237
0.000000
0.000000
0.181944
0.000000
3.194242
0.000000
0.000000
0.000000
0.000000
0.000000
0.000000
0.000000
0.000000
0.000000
0.000000
0.000000
0.000000
1.239450
0.000000
0.000000
0.000000
0.000000
0.000000
5.364842
0.000000
0.000000
0.119118
0.000000
0.000000
0.000000
0.000000
0.000000
0.000000
0.000000
0.000000
0.000000
0.000000
0.000000
0.000000
1.570809
0.000000
0.000000
0.798122
0.000000
0.000000
0.000000
0.000000
3.189276
0.000000
0.000000
0.000000
0.000000
0.000000
0.000000
0.000000
0.000000
0.000000
0.000000
0.000000
0.718980
0.000000
0.000000
0.000000
0.000000
0.000000
0.000000
1.522552
0.000000
0.000000
0.000000
2.269735
0.000000
0.000000
0.000000
0.000000
1.536801
0.000000
2.882713
0.000000
0.000000
0.000000
0.000000
0.000000
0.000000
1.247067
0.000000
0.000000
0.000000
0.000000
0.000000
0.000000
0.000000
0.000000
0.000000
2.015309
1.263453
0.000000
0.000000
0.601983
0.000000
0.000000
0.000000
0.000000
0.000000
0.000000
0.000000
0.000000
1.109306
0.000000
0.000000
0.000000
1.129056
0.000000
0.000000
0.000000
0.000000
0.000000
0.000000
0.000000
0.164186
0.000000
1.742373
0.000000
0.000000
0.000000
0.000000
0.510687
0.000000
0.000000
0.000000
0.000000
0.000000
0.000000
0.000000
0.000000
0.000000
0.000000
0.000000
0.000000
0.000000
0.000000
0.000000
3.203416
0.423666
0.000000
0.662155
0.000000
0.000000
0.000000
0.000000
0.000000
0.000000
0.000000
0.000000
0.000000
4.424069
0.000000
0.000000
0.000000
1.410026
0.000000
0.000000
0.000000
0.000000
0.000000
0.000000
1.726373
0.000000
2.690585
0.000000
0.000000
0.000000
0.000000
0.000000
0.000000
1.691888
0.000000
2.104747
0.000000
0.000000
0.000000
0.000000
0.000000
0.000000
0.000000
0.000000
0.000000
0.000000
0.000000
0.000000
0.000000
0.000000
0.000000
2.248937
0.000000
0.000000
0.000000
3.531981
0.000000
1.707357
0.000000
4.961649
0.000000
0.000000
0.000000
0.557992
0.000000
0.000000
0.000000
0.000000
0.000000
0.000000
0.000000
2.829281
3.559607
0.000000
0.000000
0.000000
0.000000
0.000000
3.126766
3.038000
0.000000
2.722563
0.000000
0.000000
1.036156
0.000000
0.000000
0.000000
0.000000
0.000000
0.000000
0.023091
3.198447
0.000000
0.000000
0.000000
0.852822
0.000000
0.000000
0.000000
0.000000
0.408245
0.000000
0.000000
0.000000
2.229798
0.000000
0.000000
0.000000
0.000000
0.000000
0.000000
0.000000
0.000000
0.000000
0.000000
0.000000
3.582527
0.000000
0.701065
0.000000
0.000000
0.000000
0.000000
0.000000
0.000000
0.000000
0.000000
0.908217
0.000000
0.000000
0.000000
0.000000
0.000000
0.000000
0.000000
0.000000
0.000000
3.852591
0.000000
0.255320
0.000000
0.000000
2.037237
0.000000
0.000000
0.000000
0.187974
0.000000
0.000000
0.000000
0.000000
0.000000
0.000000
0.180517
0.000000
0.000000
1.148464
0.000000
0.000000
0.000000
0.000000
0.000000
0.000000
0.000000
0.000000
0.000000
0.000000
0.000000
0.000000
0.556710
0.000000
0.000000
0.000000
0.000000
0.000000
0.000000
0.000000
3.192816
0.000000
0.000000
0.000000
0.000000
0.000000
0.655749
0.000000
4.387389
0.000000
0.979784
0.000000
0.000000
0.000000
0.000000
0.000000
0.000000
0.000000
0.000000
0.000000
0.787331
0.000000
0.434592
0.000000
0.000000
0.000000
0.000000
0.000000
0.000000
1.016223
0.000000
0.000000
1.573601
0.249779
0.322771
0.000000
0.931997
0.000000
0.000000
0.000000
0.000000
0.000000
0.000000
2.797634
0.000000
0.000000
0.000000
0.000000
0.000000
0.000000
0.000000
0.000000
0.000000
0.000000
0.000000
0.000000
0.818681
0.039360
0.000000
0.000000
0.000000
0.000000
0.000000
0.000000
0.000000
0.000000
0.000000
0.000000
0.000000
0.000000
0.000000
0.000000
0.000000
0.000000
0.000000
0.000000
0.000000
0.000000
0.000000
0.000000
0.000000
0.000000
0.000000
0.000000
0.000000
0.000000
0.000000
0.000000
0.000000
0.000000
0.000000
0.000000
0.000000
0.000000
0.000000
0.587925
1.261347
0.320349
0.000000
0.000000
0.000000
0.663403
0.000000
0.000000
0.000000
0.000000
0.000000
0.000000
0.000000
0.000000
0.000000
1.751696
0.000000
0.000000
0.000000
0.000000
0.000000
0.000000
0.000000
0.000000
0.000000
0.000000
0.834485
0.000000
0.000000
0.000000
0.000000
0.000000
0.000000
0.000000
0.000000
0.000000
0.000000
1.630660
0.350528
1.037551
0.000000
0.000000
0.000000
0.000000
0.000000
0.000000
0.000000
0.000000
0.000000
0.000000
0.000000
0.000000
0.000000
0.000000
0.000000
0.000000
0.000000
0.000000
0.000000
0.000000
0.000000
0.000000
0.000000
0.000000
0.963502
0.253486
0.000000
2.562729
0.000000
0.000000
0.000000
0.000000
0.000000
0.000000
1.255748
0.000000
0.000000
0.000000
0.657705
0.000000
0.000000
0.000000
0.000000
0.000000
4.893546
0.000000
0.000000
0.000000
0.000000
0.000000
0.000000
0.000000
0.000000
0.000000
0.000000
0.000000
1.632933
0.000000
0.000000
0.000000
0.000000
0.000000
4.058205
0.000000
0.000000
0.000000
0.000000
0.000000
0.000000
0.000000
0.617106
0.000000
0.000000
0.000000
0.000000
0.000000
0.471546
0.000000
0.000000
0.000000
0.000000
0.049697
0.000000
0.000000
0.000000
0.000000
0.000000
0.000000
0.000000
0.000000
1.365344
0.000000
0.000000
0.000000
0.000000
0.000000
0.662108
0.000000
0.000000
1.081519
0.000000
0.000000
0.000000
0.000000
0.000000
0.000000
2.337193
0.000000
0.000000
0.000000
0.000000
0.000000
0.000000
0.158815
0.000000
0.000000
0.000000
0.000000
1.612150
0.000000
0.000000
0.000000
0.493272
0.000000
0.000000
0.000000
0.000000
0.000000
0.000000
0.000000
0.000000
0.000000
0.000000
0.000000
0.000000
0.000000
0.000000
0.000000
0.000000
0.000000
0.000000
0.000000
0.000000
0.000000
0.000000
0.000000
0.000000
0.000000
0.000000
0.000000
0.000000
0.000000
0.000000
0.000000
0.000000
0.000000
0.000000
0.000000
0.067140
0.000000
0.000000
2.434517
0.000000
0.000000
0.000000
0.000000
0.000000
0.000000
1.551732
0.000000
0.000000
2.086593
0.000000
0.000000
0.000000
0.000000
0.334487
0.106533
0.000000
0.000000
2.675381
0.000000
0.000000
0.000000
0.000000
0.000000
0.000000
0.000000
0.000000
0.000000
4.343606
0.000000
0.000000
0.000000
0.000000
0.471390
0.000000
0.523076
0.000000
0.000000
1.847643
0.000000
0.000000
0.728270
0.000000
0.817279
0.000000
0.000000
4.440376
1.099300
0.000000
0.000000
0.000000
0.410907
0.000000
0.000000
0.000000
0.000000
0.000000
0.000000
0.000000
0.000000
0.000000
0.000000
0.000000
0.000000
0.000000
0.000000
0.000000
0.000000
0.675252
0.000000
0.000000
0.000000
0.000000
0.000000
1.290523
0.000000
0.000000
0.000000
0.586557
0.561069
0.000000
0.000000
0.000000
0.000000
0.000000
0.000000
1.418425
0.000000
0.000000
0.000000
0.000000
0.000000
0.000000
0.291249
0.000000
0.000000
0.000000
0.000000
0.000000
0.000000
0.000000
0.000000
0.000000
0.000000
0.000000
0.000000
0.000000
1.255904
0.000000
0.000000
0.000000
1.785333
0.000000
0.000000
0.225228
1.091466
0.000000
0.000000
3.205767
0.000000
0.000000
1.867379
2.102098
0.000000
1.315155
0.000000
0.450329
0.000000
0.000000
1.750276
0.000000
0.000000
0.000000
0.000000
0.000000
0.576871
0.000000
0.000000
0.000000
0.724148
0.000000
0.000000
0.000000
1.945358
0.000000
0.000000
0.000000
0.000000
0.000000
0.000000
0.000000
0.000000
0.000000
0.000000
2.522538
0.000000
0.000000
0.000000
0.000000
0.000000
0.000000
0.000000
0.000000
0.000000
0.266316
2.218510
0.000000
0.000000
0.000000
0.000000
0.000000
0.000000
0.000000
0.000000
0.210804
0.000000
0.000000
0.000000
0.000000
0.565098
0.000000
0.000000
1.758223
0.000000
0.000000
0.000000
0.000000
0.000000
0.000000
0.303138
0.000000
0.000000
0.000000
0.000000
1.331444
0.000000
0.000000
0.000000
0.000000
0.000000
0.000000
0.000000
0.000000
0.000000
0.000000
3.130153
0.000000
0.000000
0.000000
0.000000
0.000000
0.000000
0.128193
0.000000
0.000000
0.000000
0.000000
1.300421
0.000000
0.000000
0.000000
0.000000
0.000000
1.216609
0.000000
0.000000
0.000000
0.000000
0.000000
0.000000
0.000000
0.000000
0.000000
0.000000
0.000000
1.992108
0.000000
0.000000
0.000000
0.000000
0.000000
0.000000
0.000000
0.294765
0.000000
0.000000
0.000000
0.000000
2.687285
1.504939
0.000000
0.000000
0.000000
0.000000
0.000000
0.000000
0.000000
0.000000
0.000000
0.000000
2.823485
0.000000
0.000000
0.000000
0.000000
0.000000
0.000000
0.000000
0.000000
0.000000
0.933872
1.128042
0.000000
0.000000
0.000000
0.000000
0.000000
0.000000
0.000000
2.251064
0.923972
0.000000
0.000000
0.000000
1.343706
0.000000
0.000000
2.928123
3.280314
0.000000
0.939209
0.000000
0.000000
0.000000
0.205010
0.000000
0.000000
3.214826
0.000000
0.000000
2.627267
2.222549
0.000000
0.000000
0.000000
0.000000
0.000000
1.212687
0.000000
0.000000
0.000000
0.000000
0.000000
0.000000
2.128807
0.000000
0.000000
0.000000
0.000000
0.000000
0.000000
0.000000
0.000000
0.000000
0.000000
0.507227
0.901338
0.000000
0.000000
0.000000
0.000000
0.000000
0.000000
0.000000
0.000000
0.000000
0.127673
0.000000
0.000000
0.000000
0.000000
1.262883
0.000000
0.000000
0.000000
0.000000
0.000000
0.000000
0.193058
1.792728
0.000000
1.059253
0.000000
0.000000
0.000000
0.526398
1.660786
0.000000
0.000000
0.000000
0.000000
0.000000
0.000000
0.207263
0.000000
0.000000
0.000000
0.000000
0.000000
0.000000
0.000000
0.000000
0.000000
0.000000
0.000000
0.000000
0.000000
0.000000
1.525876
0.000000
0.000000
0.000000
0.000000
0.000000
0.000000
2.052792
0.000000
0.000000
0.000000
0.000000
0.000000
0.000000
0.000000
0.000000
0.000000
0.000000
0.000000
0.000000
0.000000
0.000000
0.000000
1.564235
0.000000
0.000000
0.000000
0.000000
0.051929
0.000000
0.000000
0.000000
0.649818
0.000000
0.000000
0.000000
0.000000
0.000000
0.000000
0.000000
0.000000
0.000000
0.000000
0.000000
0.000000
0.000000
0.000000
0.000000
0.000000
0.000000
0.000000
0.000000
0.000000
0.000000
0.000000
0.000000
0.000000
0.000000
0.000000
0.000000
0.000000
1.324598
0.000000
0.000000
0.000000
0.000000
0.391384
0.000000
0.000000
0.000000
3.085035
2.540562
0.000000
0.000000
0.000000
0.000000
0.629456
0.000000
0.000000
3.673396
1.322556
0.000000
0.000000
0.000000
0.000000
0.000000
2.181561
0.314150
0.000000
0.000000
1.105618
0.000000
0.000000
0.000000
0.000000
0.000000
0.000000
0.000000
0.000000
1.273463
0.000000
2.790029
0.000000
0.000000
0.000000
0.000000
0.125383
0.000000
0.000000
0.000000
0.000000
0.000000
0.000000
0.000000
0.000000
1.459606
0.000000
0.000000
0.000000
0.000000
0.988862
0.000000
0.000000
0.000000
0.000000
1.661379
0.000000
0.000000
0.000000
0.000000
0.000000
0.000000
0.000000
0.000000
0.000000
0.000000
0.000000
0.000000
0.000000
0.000000
0.000000
0.000000
0.000000
0.563381
0.000000
0.000000
0.000000
0.000000
0.000000
0.000000
0.000000
0.000000
0.000000
0.000000
0.000000
0.000000
0.000000
0.000000
0.000000
0.057551
0.000000
0.000000
0.000000
0.000000
0.000000
0.000000
0.000000
0.000000
0.000000
0.000000
0.000000
0.000000
0.000000
0.000000
0.000000
0.000000
0.000000
0.000000
0.000000
0.000000
0.159157
0.000000
0.000000
0.000000
0.000000
0.000000
1.285774
0.597706
0.000000
0.000000
0.000000
0.000000
0.000000
4.215470
1.145381
0.000000
0.000000
0.000000
1.692707
0.000000
0.000000
0.000000
0.000000
0.000000
0.000000
0.000000
1.563682
0.000000
0.000000
0.000000
0.000000
0.000000
0.000000
0.000000
0.441934
0.000000
0.000000
0.520197
0.000000
0.000000
2.857434
0.000000
0.000000
0.000000
0.000000
0.000000
0.000000
0.000000
0.000000
1.038270
0.000000
0.000000
0.000000
0.000000
0.000000
0.000000
0.000000
0.000000
2.541970
0.000000
0.000000
0.317028
0.000000
0.000000
0.000000
3.294636
0.000000
0.000000
0.000000
0.000000
0.000000
0.000000
0.000000
0.000000
0.000000
0.000000
0.000000
0.000000
0.000000
0.000000
0.000000
0.000000
2.370443
0.000000
0.000000
0.000000
1.618552
2.896023
0.000000
0.000000
0.000000
0.000000
0.000000
0.000000
0.432049
0.000000
0.000000
0.000000
0.000000
0.000000
0.000000
1.731877
0.000000
1.582153
0.000000
0.000000
0.457010
0.000000
0.000000
0.000000
0.000000
0.000000
0.000000
0.000000
0.036753
0.000000
0.000000
0.000000
0.000000
0.000000
0.945634
0.000000
0.347071
0.000000
0.000000
0.000000
0.000000
0.000000
1.228907
0.000000
0.000000
0.000000
0.000000
0.000000
0.000000
0.000000
0.000000
0.000000
0.000000
0.000000
0.853671
0.000000
2.596927
0.000000
2.045449
0.000000
0.558310
0.000000
0.000000
0.000000
0.000000
0.000000
1.560452
0.000000
0.000000
0.000000
1.473955
0.000000
0.000000
0.664479
0.000000
0.000000
0.000000
0.000000
0.000000
0.000000
0.000000
0.000000
0.000000
0.000000
0.000000
0.071205
0.000000
0.000000
0.269080
0.495692
0.000000
0.000000
0.000000
0.000000
0.000000
2.413731
0.000000
0.000000
0.000000
0.000000
0.000000
0.000000
0.000000
0.000000
0.000000
0.000000
0.000000
0.000000
0.000000
0.000000
0.232649
0.000000
0.000000
0.000000
0.000000
0.000000
0.000000
0.000000
0.000000
0.000000
0.000000
0.000000
0.000000
0.000000
0.000000
0.000000
0.000000
0.000000
0.000000
0.000000
0.000000
0.000000
0.000000
0.267072
1.686909
0.000000
0.000000
0.000000
0.000000
0.000000
0.000000
0.000000
0.000000
0.000000
0.000000
0.000000
0.000000
0.000000
0.000000
0.000000
0.000000
0.000000
0.000000
1.735742
0.000000
0.000000
1.972166
0.000000
0.000000
0.000000
0.000000
0.000000
0.000000
0.000000
0.000000
0.000000
0.000000
0.000000
0.000000
0.000000
0.000000
0.000000
0.000000
0.304057
0.000000
0.000000
1.945904
3.084613
0.000000
0.000000
0.000000
0.000000
0.000000
0.000000
0.000000
0.000000
2.898871
0.000000
0.000000
0.000000
0.000000
0.000000
0.000000
1.732328
0.000000
0.000000
0.000000
0.000000
0.000000
0.000000
0.000000
0.000000
0.000000
0.509510
0.000000
0.000000
0.002438
1.561436
0.000000
1.415349
0.000000
0.000000
0.000000
0.000000
0.000000
0.000000
0.000000
0.000000
0.672819
0.000000
0.000000
0.000000
0.000000
1.099195
0.000000
0.869059
0.000000
0.000000
0.000000
0.000000
0.000000
0.000000
0.000000
0.000000
0.000000
0.000000
0.000000
0.000000
0.249712
1.947285
0.000000
1.141610
1.813089
0.000000
0.000000
0.000000
0.000000
0.000000
0.000000
0.000000
2.669791
0.000000
0.550731
0.000000
0.352202
0.000000
0.000000
0.603462
0.000000
0.000000
0.000000
0.000000
0.000000
0.000000
0.000000
0.290842
0.000000
1.659687
0.000000
0.000000
3.523047
0.709145
0.000000
0.000000
0.000000
4.988133
0.000000
0.000000
0.000000
0.000000
0.000000
0.000000
1.146342
0.000000
0.000000
0.000000
0.000000
0.000000
0.000000
0.000000
0.000000
0.000000
0.000000
1.838534
0.000000
0.000000
0.000000
0.000000
0.000000
0.000000
0.000000
0.251962
0.000000
0.000000
0.000000
0.000000
0.000000
0.000000
0.000000
0.000000
0.000000
0.000000
0.000000
0.561277
0.000000
0.000000
0.504913
0.000000
0.000000
0.000000
0.000000
0.000000
0.000000
0.000000
0.000000
0.000000
1.927542
0.000000
0.000000
0.000000
0.000000
0.000000
0.000000
0.000000
0.000000
0.000000
0.000000
0.000000
0.000000
0.000000
0.000000
0.000000
0.000000
0.000000
0.000000
0.000000
0.000000
0.000000
1.448847
0.000000
0.000000
0.000000
0.000000
0.000000
0.000000
2.267979
0.000000
0.000000
0.000000
0.000000
0.882426
0.000000
0.000000
0.000000
0.000000
0.000000
0.000000
0.000000
0.000000
0.000000
0.000000
0.000000
0.000000
0.000000
0.000000
0.057797
0.000000
0.457485
0.000000
0.000000
0.000000
0.000000
0.414858
0.000000
0.000000
0.000000
0.000000
0.000000
1.047155
0.000000
0.000000
0.000000
0.000000
0.000000
0.000000
0.000000
0.000000
0.000000
0.000000
0.000000
0.667327
0.000000
2.649202
0.000000
0.000000
0.000000
0.000000
0.617508
0.000000
0.000000
0.000000
0.000000
5.295546
2.449943
0.000000
0.000000
0.000000
0.000000
0.000000
0.000000
0.000000
0.000000
0.000000
0.461192
0.000000
0.000000
0.000000
0.000000
0.000000
0.000000
0.340440
0.000000
0.000000
1.159153
0.000000
0.000000
0.000000
0.000000
0.000000
0.000000
0.000000
0.000000
0.000000
0.036836
0.000000
0.703998
0.000000
0.905133
0.000000
0.000000
0.000000
0.437759
0.000000
0.000000
0.000000
0.000000
1.003682
0.330742
0.000000
0.000000
0.000000
0.000000
0.000000
0.000000
2.151563
0.000000
0.582643
0.000000
0.000000
0.000000
0.000000
0.000000
0.000000
0.000000
0.000000
0.000000
0.000000
0.000000
0.000000
0.000000
0.000000
1.137741
0.000000
0.000000
0.000000
0.000000
0.000000
0.000000
0.000000
0.000000
0.000000
0.000000
0.018917
0.000000
0.000000
0.000000
0.000000
0.000000
0.378781
0.000000
0.953126
0.000000
0.000000
0.000000
0.326169
1.419990
0.000000
0.000000
0.000000
0.000000
0.000000
0.000000
0.000000
2.279787
0.000000
0.000000
0.000000
1.567468
0.000000
0.149492
0.000000
0.000000
0.000000
0.000000
0.000000
0.000000
0.000000
0.000000
1.714140
2.142706
0.000000
0.000000
0.000000
0.128695
0.000000
0.000000
0.922722
0.000000
6.335291
0.000000
0.000000
0.000000
0.000000
0.716714
0.000000
1.461180
0.000000
0.623187
1.839035
0.000000
0.413157
0.000000
0.000000
0.000000
0.000000
0.000000
0.003792
0.000000
0.000000
0.000000
1.923131
0.000000
0.000000
0.000000
0.000000
0.000000
0.000000
0.000000
0.000000
1.474079
0.000000
0.000000
0.000000
0.000000
0.000000
0.000000
0.000000
0.000000
0.000000
0.000000
0.000000
0.000000
0.000000
0.000000
0.000000
0.000000
0.000000
0.000000
0.000000
0.000000
0.000000
0.000000
0.000000
0.000000
0.000000
0.000000
0.000000
0.000000
0.000000
0.000000
0.000000
0.000000
2.459517
0.438914
0.000000
0.000000
0.000000
0.879464
0.000000
0.000000
0.000000
4.016986
0.000000
0.000000
2.974822
0.000000
0.000000
0.000000
0.000000
0.000000
0.000000
0.000000
0.000000
0.000000
0.000000
0.000000
0.000000
0.000000
0.000000
0.000000
0.000000
0.000000
0.000000
0.000000
0.000000
0.779526
0.000000
0.000000
0.000000
0.000000
0.000000
0.000000
0.000000
0.000000
0.000000
0.000000
0.122570
0.000000
0.000000
3.581312
0.000000
0.000000
2.674997
0.000000
0.000000
0.000000
0.000000
1.966734
0.108300
0.000000
0.000000
0.716641
0.000000
0.000000
0.009367
0.000000
0.000000
0.000000
0.000000
2.668785
0.000000
0.000000
0.000000
0.000000
0.000000
0.000000
3.920407
0.000000
0.000000
0.000000
0.000000
0.000000
0.000000
0.044065
0.000000
0.000000
0.564986
0.000000
0.000000
0.000000
0.000000
0.000000
0.000000
0.000000
0.425518
0.000000
3.041048
0.000000
2.400308
0.000000
0.000000
0.122213
0.000000
0.000000
0.000000
0.000000
0.000000
0.000000
0.000000
0.000000
0.000000
0.000000
0.814805
0.113198
0.000000
0.000000
0.000000
0.000000
0.000000
0.000000
0.000000
0.000000
0.000000
0.000000
0.000000
0.000000
0.000000
0.000000
4.603992
0.000000
2.244461
0.000000
0.000000
0.000000
0.000000
0.000000
0.000000
0.000000
0.000000
0.244640
0.000000
6.795498
0.000000
0.000000
0.000000
1.111005
1.988349
0.000000
0.000000
0.000000
0.000000
0.000000
0.000000
0.000000
0.000000
0.000000
0.000000
0.000000
0.000000
0.000000
0.000000
0.000000
0.000000
1.376155
0.000000
0.000000
0.000000
0.000000
0.000000
0.000000
0.000000
0.000000
0.000000
0.000000
0.000000
0.000000
0.000000
0.000000
0.000000
0.000000
0.000000
0.000000
0.000000
2.063165
0.274871
0.000000
0.000000
0.000000
0.000000
0.000000
0.000000
0.000000
0.000000
0.000000
0.000000
0.000000
0.000000
0.000000
0.000000
0.000000
0.000000
0.000000
0.000000
0.000000
0.000000
0.000000
0.000000
0.000000
0.000000
0.000000
0.000000
0.000000
0.000000
0.458735
0.000000
0.000000
0.823210
4.036163
0.000000
0.000000
0.000000
0.000000
0.000000
1.920225
0.000000
0.000000
0.000000
0.000000
0.000000
0.000000
0.000000
0.000000
0.000000
0.000000
0.000000
0.000000
0.000000
0.000000
0.000000
2.169824
0.000000
0.000000
0.000000
0.000000
0.000000
0.000000
0.000000
0.045364
0.000000
0.453290
0.000000
0.000000
0.000000
0.000000
0.000000
0.816986
0.000000
0.000000
0.000000
0.000000
0.000000
3.794627
0.000000
0.111381
0.000000
0.000000
0.000000
0.000000
0.000000
0.000000
0.000000
0.000000
0.000000
0.000000
0.000000
0.000000
0.000000
0.000000
0.000000
0.000000
0.000000
0.000000
0.000000
0.084772
0.000000
0.000000
0.000000
0.375168
0.000000
0.000000
0.000000
2.086896
0.000000
0.000000
0.000000
0.081150
0.000000
0.000000
0.000000
0.000000
0.120814
0.000000
0.000000
0.000000
0.536496
0.000000
0.000000
0.000000
0.000000
0.000000
0.880922
0.000000
0.000000
0.000000
0.000000
0.000000
0.000000
0.000000
0.000000
0.000000
0.000000
0.000000
0.000000
3.095397
0.000000
0.000000
0.000000
0.000000
0.000000
0.000000
0.000000
0.396513
3.994377
5.046342
0.000000
0.000000
0.000000
0.000000
0.000000
0.000000
0.000000
0.000000
0.000000
0.000000
0.000000
0.000000
0.000000
0.675773
0.011735
0.107855
0.000000
0.000000
0.000000
0.000000
0.945185
0.000000
0.000000
0.000000
0.000000
0.390666
0.000000
1.214548
0.533497
0.000000
0.000000
0.000000
0.000000
0.000000
0.000000
0.000000
0.000000
0.000000
0.000000
0.000000
2.374833
0.462493
0.000000
0.000000
0.000000
0.000000
0.000000
0.000000
0.000000
0.000000
0.000000
0.000000
0.000000
0.000000
0.000000
0.000000
0.000000
0.000000
0.000000
1.256235
0.000000
0.000000
1.132148
0.000000
0.000000
1.001549
0.000000
1.186593
0.000000
0.000000
0.000000
0.000000
0.000000
0.114687
0.000000
0.000000
0.000000
0.000000
0.970624
0.000000
0.000000
0.000000
0.000000
0.000000
0.000000
0.000000
1.644719
0.000000
0.000000
0.000000
0.000000
0.000000
0.000000
0.000000
0.000000
0.000000
0.000000
1.814831
0.000000
0.000000
0.000000
0.000000
0.000000
0.000000
0.000000
0.000000
0.000000
0.000000
0.000000
0.000000
0.000000
0.000000
0.000000
0.000000
0.000000
0.000000
0.000000
0.000000
0.600426
0.000000
0.755472
0.000000
0.950159
0.000000
1.174787
0.000000
0.000000
2.249465
0.000000
1.071830
0.000000
0.000000
0.000000
0.000000
0.758767
0.000000
0.000000
4.023218
0.000000
0.000000
0.000000
0.000000
0.256126
0.000000
0.000000
0.000000
0.000000
0.000000
0.075237
0.000000
0.000000
1.054132
