0.000000
0.000000
0.000000
0.000000
1.719599
0.000000
0.000000
2.664775
0.000000
0.000000
0.000000
0.000000
1.031749
0.000000
0.000000
0.000000
0.000000
0.000000
0.000000
0.568959
0.000000
0.000000
0.128321
0.000000
0.101181
0.000000
0.000000
0.000000
0.000000
0.000000
0.000000
0.000000
0.278375
0.000000
0.000000
0.000000
0.000000
0.000000
0.000000
0.000000
0.000000
0.000000
0.000000
0.000000
0.000000
0.090585
0.000000
0.000000
0.000000
0.000000
0.000000
0.000000
0.000000
1.734728
0.000000
0.000000
0.000000
0.000000
0.000000
0.000000
2.871748
2.563741
0.000000
0.000000
0.000000
0.000000
0.000000
0.000000
0.000000
0.000000
0.905350
0.000000
0.000000
0.167988
0.000000
0.384248
0.000000
0.000000
0.000000
0.000000
0.079742
0.000000
0.000000
0.000000
0.000000
0.087225
0.000000
0.000000
0.000000
0.000000
0.000000
1.075493
0.363483
0.000000
0.148175
0.000000
0.000000
0.000000
1.186233
0.000000
0.715619
0.000000
1.855162
0.000000
0.000000
0.000000
0.000000
0.000000
0.000000
0.000000
0.000000
0.000000
0.000000
0.000000
1.007417
0.000000
0.000000
0.000000
0.000000
0.000000
0.000000
0.000000
0.000000
0.000000
0.000000
0.000000
2.501429
0.000000
0.000000
0.000000
0.000000
0.000000
0.000000
0.000000
0.000000
0.000000
0.000000
0.000000
0.000000
0.000000
0.000000
0.000000
0.000000
0.000000
0.000000
0.000000
0.000000
0.000000
0.000000
0.000000
0.000000
0.000000
0.000000
0.000000
0.782699
0.000000
0.000000
0.000000
0.000000
0.000000
0.000000
0.000000
0.000000
0.000000
0.000000
0.821119
0.000000
0.000000
1.140140
0.000000
0.000000
0.000000
0.000000
0.000000
0.000000
1.393717
0.000000
0.000000
0.000000
0.000000
0.000000
0.000000
2.316316
0.000000
0.000000
0.000000
0.000000
0.000000
0.000000
0.000000
0.000000
0.000000
0.000000
0.000000
0.000000
0.000000
0.000000
0.000000
0.000000
0.000000
0.000000
1.476805
0.000000
0.078637
0.000000
1.420377
0.000000
0.127057
0.000000
1.783949
0.000000
0.000000
0.000000
0.000000
0.000000
0.000000
0.000000
0.000000
0.000000
1.083117
0.000000
0.000000
0.000000
0.000000
0.000000
0.000000
0.000000
0.730287
0.000000
0.000000
0.000000
0.000000
0.000000
0.557181
0.000000
0.000000
0.000000
1.259431
0.000000
0.000000
0.000000
0.575574
0.000000
0.000000
0.217125
0.097082
0.000000
0.000000
0.000000
0.000000
0.000000
0.000000
1.425450
0.559318
0.000000
0.000000
0.000000
3.464773
0.000000
0.000000
0.000000
0.000000
0.000000
0.000000
0.000000
2.312788
0.000000
0.000000
0.000000
0.000000
0.000000
0.000000
0.000000
0.000000
0.000000
0.000000
0.000000
0.000000
1.094851
0.000000
0.000000
0.000000
0.393749
0.000000
0.000000
1.592616
0.000000
0.000000
1.399981
0.000000
0.000000
0.000000
0.000000
0.000000
0.000000
0.000000
0.000000
0.000000
2.830885
1.742360
2.479951
0.000000
0.000000
0.000000
0.000000
0.000000
0.559730
0.000000
0.931330
0.000000
0.000000
0.137808
0.000000
0.000000
0.000000
0.000000
0.000000
0.000000
0.000000
1.609111
0.000000
0.000000
0.000000
0.000000
0.198867
0.000000
0.000000
0.000000
0.000000
0.185959
0.000000
1.455370
0.000000
1.628100
0.670216
0.121133
0.000000
0.000000
0.190828
0.000000
1.173033
0.000000
3.356463
0.000000
1.619549
0.000000
2.127379
0.000000
0.000000
0.000000
0.000000
0.000000
0.000000
0.000000
0.227694
0.000000
0.000000
0.000000
0.000000
0.000000
0.000000
0.000000
0.000000
0.000000
1.413844
1.067428
0.000000
0.000000
0.000000
0.000000
0.000000
0.000000
0.000000
0.000000
0.000000
1.516947
0.000000
0.000000
0.000000
0.000000
0.000000
0.000000
0.000000
0.000000
0.000000
0.000000
0.000000
0.000000
0.000000
0.000000
0.000000
0.000000
0.000000
0.000000
0.000000
0.000000
0.000000
0.286974
0.000000
0.000000
0.000000
0.000000
0.000000
0.000000
0.000000
0.000000
0.000000
2.498015
0.000000
0.000000
0.000000
0.000000
0.000000
0.000000
0.000000
0.000000
0.000000
0.000000
1.986766
0.000000
0.771634
0.000000
1.427691
0.000000
1.757070
0.415440
0.000000
0.000000
0.000000
0.000000
0.000000
0.000000
1.236803
0.000000
0.000000
0.000000
0.977911
0.000000
0.000000
0.000000
0.000000
0.000000
0.000000
0.000000
0.000000
0.000000
0.000000
0.000000
0.000000
0.000000
0.000000
0.000000
0.146009
0.000000
0.000000
0.000000
0.000000
1.948973
0.000000
0.000000
0.000000
2.417022
1.632761
0.000000
0.000000
0.000000
1.303880
0.000000
0.000000
0.000000
0.000000
0.000000
0.000000
0.000000
0.000000
0.634506
0.000000
0.000000
0.000000
0.000000
0.000000
0.000000
0.000000
1.302297
0.000000
2.173523
0.223260
0.000000
0.000000
0.812289
0.000000
0.550532
0.000000
3.949419
0.371041
0.000000
0.000000
0.000000
0.000000
0.000000
0.000000
0.000000
0.000000
0.000000
0.000000
0.000000
0.000000
0.239981
0.000000
0.000000
0.000000
0.695361
0.000000
0.000000
0.000000
0.004130
0.000000
0.000000
0.000000
0.000000
0.000000
0.000000
0.000000
0.000000
0.000000
0.000000
0.000000
0.000000
0.000000
0.000000
0.000000
0.000000
2.050274
0.000000
0.010313
0.000000
0.000000
0.000000
0.000000
0.000000
0.000000
0.000000
0.000000
0.000000
0.000000
0.727863
0.000000
0.000000
0.000000
0.000000
0.920266
0.000000
0.000000
0.000000
0.000000
0.000000
0.000000
0.000000
0.000000
0.000000
0.000000
0.000000
0.000000
0.000000
1.261329
0.000000
0.000000
0.000000
0.000000
0.000000
0.000000
0.000000
0.000000
0.000000
0.000000
1.625384
0.000000
0.000000
0.000000
0.000000
0.000000
0.000000
0.000000
3.197142
0.000000
0.000000
0.000000
0.000000
0.995845
0.000000
0.000000
0.000000
2.352745
0.000000
0.000000
0.000000
0.799040
0.219511
0.000000
0.000000
0.000000
0.000000
0.000000
2.461328
0.000000
0.000000
2.294862
0.000000
0.000000
0.000000
0.000000
0.000000
0.000000
0.000000
0.000000
0.000000
0.000000
0.000000
2.670552
0.000000
0.000000
0.000000
0.000000
0.000384
0.000000
0.000000
0.000000
1.209765
0.428256
0.000000
0.000000
0.000000
0.000000
0.000000
1.611879
2.796782
0.000000
0.000000
1.031990
1.275610
0.000000
0.000000
0.000000
0.000000
0.000000
0.000000
0.000000
0.000000
0.000000
0.000000
0.000000
0.000000
0.000000
0.000000
1.172406
0.000000
0.000000
0.000000
1.064449
0.000000
0.000000
0.000000
0.000000
0.018155
0.665742
0.000000
0.000000
0.000000
0.619645
0.000000
0.000000
0.000000
0.260164
0.000000
1.307738
0.000000
0.000000
0.000000
0.034734
0.000000
0.000000
1.427616
0.000000
0.000000
0.000000
0.000000
0.984546
0.000000
0.000000
2.054314
0.000000
0.000000
0.000000
0.000000
0.000000
0.000000
1.055000
0.000000
0.000000
0.000000
0.000000
0.000000
0.000000
0.437267
0.000000
0.000000
0.000000
0.000000
0.000000
0.000000
0.000000
0.000000
0.000000
0.000000
0.000000
0.000000
0.123094
0.000000
0.700747
0.000000
2.127532
0.000000
0.069216
0.000000
0.000000
0.000000
0.000000
0.000000
0.856225
0.000000
0.000000
0.000000
0.000000
0.000000
0.000000
0.000000
0.890850
2.136626
0.000000
0.000000
0.000000
0.000000
0.000000
0.000000
0.000000
0.000000
0.000000
0.000000
0.000000
0.000000
0.000000
0.000000
0.521528
0.000000
0.000000
0.000000
0.000000
0.119967
0.151432
0.000000
0.000000
0.000000
0.000000
0.071220
0.000000
0.000000
0.000000
0.000000
0.000000
0.000000
0.000000
0.000000
3.708490
0.000000
0.000000
0.000000
0.000000
0.000000
0.000000
0.000000
0.000000
0.000000
0.000000
0.000000
0.000000
0.000000
0.777212
0.000000
0.000000
0.000000
0.000000
0.000000
1.075694
0.000000
0.000000
0.000000
0.000000
0.000000
0.000000
0.000000
0.000000
0.000000
0.000000
0.000000
0.153910
0.000000
0.000000
0.000000
0.000000
1.732107
0.000000
0.000000
0.000000
0.000000
0.000000
0.000000
0.179709
0.000000
0.000000
0.000000
0.000000
0.000000
0.000000
0.000000
2.469247
0.000000
0.000000
0.000000
0.000000
0.000000
0.000000
0.000000
0.000000
0.179555
0.000000
0.000000
0.000000
0.000000
0.000000
0.000000
0.000000
0.000000
0.000000
0.000000
0.000000
2.560659
0.000000
0.000000
0.000000
0.000000
0.000000
0.000000
0.000000
0.000000
0.000000
0.000000
0.000000
0.000000
0.000000
0.000000
0.000000
0.000000
0.000000
3.236770
0.000000
0.000000
0.000000
0.000000
0.000000
0.000000
0.000000
0.000000
0.000000
0.000000
0.000000
0.321119
0.000000
0.000000
0.629862
3.973019
0.000000
0.000000
0.000000
0.000000
0.000000
0.176314
0.000000
0.000000
0.000000
0.000000
0.000000
0.000000
0.000000
0.000000
0.000000
0.000000
0.000000
0.000000
0.000000
0.000000
0.000000
0.000000
0.000000
0.000000
0.000000
0.000000
0.000000
1.960427
0.000000
0.000000
0.000000
0.000000
0.000000
0.000000
0.000000
0.000000
0.000000
2.356724
0.000000
0.000000
0.000000
0.000000
0.000000
0.000000
0.000000
0.000000
0.000000
0.000000
0.000000
0.000000
0.000000
0.000000
0.264975
0.000000
0.000000
0.000000
0.871435
0.387351
0.000000
0.000000
0.000000
0.000000
0.000000
0.000000
0.000000
0.000000
0.000000
0.000000
0.170795
0.000000
0.000000
0.000000
0.968239
0.000000
0.000000
0.000000
0.000000
0.000000
0.000000
0.000000
0.000000
0.000000
0.000000
0.000000
0.000000
0.000000
0.000000
0.000000
0.000000
0.000000
0.000000
0.000000
0.972577
0.087757
0.000000
0.000000
0.000000
0.000000
0.000000
0.000000
0.299796
0.000000
0.000000
0.000000
0.000000
0.000000
0.000000
0.000000
0.000000
0.000000
0.000000
0.000000
0.000000
0.000000
0.000000
0.000000
0.000000
2.816941
0.000000
0.000000
0.000000
0.000000
0.000000
0.000000
0.000000
2.377611
0.000000
0.000000
0.000000
0.000000
0.000000
0.000000
0.000000
0.000000
0.000000
0.000000
0.000000
0.000000
1.555658
0.000000
0.000000
0.000000
0.000000
0.000000
0.000000
0.000000
0.000000
1.116723
0.000000
0.000000
1.549505
0.000000
0.000000
0.562124
0.000000
0.000000
0.000000
0.000000
0.000000
1.080287
0.000000
0.000000
0.000000
0.000000
0.000000
0.000000
0.000000
0.000000
0.000000
0.006258
0.000000
0.000000
0.000000
0.000000
0.000000
0.000000
1.011205
0.000000
0.000000
0.000000
0.000000
0.000000
0.000000
0.000000
0.000000
0.000000
0.000000
0.000000
0.000000
0.000000
0.000000
0.000000
0.000000
0.000000
0.000000
0.000000
0.000000
0.000000
0.000000
0.000000
0.060498
2.341334
0.000000
0.000000
0.000000
0.000000
0.000000
0.000000
0.000000
0.000000
0.000000
0.000000
0.000000
0.000000
0.000000
0.000000
0.000000
0.000000
0.065433
0.000000
0.000000
0.000000
0.000000
0.000000
0.000000
0.000000
1.561021
0.000000
0.000000
0.000000
0.000000
0.000000
0.000000
0.000000
0.084557
0.000000
0.000000
0.000000
0.000000
2.803070
0.000000
0.000000
0.000000
0.000000
0.000000
0.366011
0.000000
0.000000
0.000000
0.000000
0.000000
0.000000
0.000000
0.000000
0.000000
0.000000
0.000000
0.000000
0.000000
0.000000
0.000000
2.478866
0.000000
0.353278
0.000000
0.000000
0.000000
0.000000
0.000000
0.000000
0.000000
0.000000
0.000000
0.000000
2.174154
0.000000
0.000000
0.000000
2.776174
0.000000
0.000000
0.000000
0.000000
0.000000
0.000000
0.037694
0.000000
0.000000
0.000000
0.471224
0.000000
0.000000
0.000000
0.927191
1.113429
0.000000
0.000000
0.099223
0.000000
0.000000
0.000000
0.000000
0.000000
0.000000
0.000000
0.000000
0.000000
0.000000
0.000000
0.000000
0.770357
0.000000
0.000000
0.000000
0.000000
0.000000
0.000000
2.893069
0.000000
0.000000
1.224941
0.000000
0.000000
0.000000
0.000000
0.000000
0.000000
1.202184
0.000000
0.088236
0.000000
0.000000
0.000000
0.121901
0.000000
0.000000
0.000000
0.000000
0.000000
0.000000
0.000000
3.546179
0.000000
0.000000
0.000000
0.245015
0.000000
0.000000
0.000000
0.000000
0.000000
0.000000
0.000000
0.000000
0.000000
0.000000
0.000000
0.000000
0.000000
0.000000
0.724554
0.672507
0.000000
1.128901
0.390086
0.000000
3.750202
0.000000
0.000000
0.000000
0.529763
0.000000
0.296547
0.000000
0.000000
0.000000
0.000000
0.000000
2.176822
0.000000
0.000000
0.000000
0.000000
0.862994
0.025640
0.000000
1.265924
0.000000
0.000000
0.000000
0.000000
0.000000
0.000000
0.000000
0.000000
0.000000
0.000000
0.000000
0.000000
0.000000
0.000000
0.000000
0.000000
0.000000
0.000000
0.000000
0.000000
0.000000
0.000000
0.000000
0.000000
0.000000
0.000000
0.000000
0.000000
0.000000
0.000000
0.000000
0.000000
0.000000
0.978018
0.000000
0.000000
0.000000
0.000000
0.000000
0.347656
0.000000
0.000000
0.000000
0.000000
0.000000
0.037460
1.078514
0.000000
0.000000
0.000000
0.000000
0.000000
0.000000
1.716850
0.000000
0.610564
0.000000
0.000000
0.000000
0.071328
0.000000
0.000000
0.000000
0.000000
0.000000
0.000000
0.370501
0.263312
0.000000
0.000000
0.000000
0.000000
0.000000
0.105662
0.000000
0.000000
0.000000
0.000000
0.000000
0.000000
0.000000
0.000000
0.000000
0.000000
0.000000
0.000000
0.000000
0.000000
0.542790
0.996656
0.000000
0.000000
0.000000
0.000000
0.000000
0.000000
0.094114
0.603679
0.000000
0.000000
1.727806
0.000000
0.000000
0.000000
0.000000
0.000000
0.000000
0.000000
0.000000
0.000000
0.000000
0.000000
1.611320
0.000000
0.000000
0.000000
0.000000
0.000000
0.000000
0.000000
0.000000
0.000000
0.000000
0.000000
0.219413
0.000000
0.000000
0.000000
0.000000
0.000000
0.103473
0.000000
0.993121
0.533340
0.000000
0.000000
0.000000
2.887221
1.948600
0.000000
0.000000
0.298862
0.000000
0.000000
0.000000
0.000000
0.000000
0.000000
0.000000
0.000000
0.000000
1.090358
0.000000
0.000000
0.411354
1.645846
0.000000
0.000000
1.222001
0.000000
0.502685
0.000000
0.000000
0.000000
0.000000
0.000000
0.000000
0.000000
0.000000
0.988460
2.219000
0.000000
0.206614
0.000000
0.000000
0.000000
0.000000
0.000000
0.000000
0.000000
0.000000
0.000000
0.000000
0.000000
0.000000
0.000000
0.000000
0.000000
0.000000
0.000000
0.000000
0.000000
0.000000
0.000000
0.000000
0.000000
0.000000
0.000000
0.000000
0.000000
0.000000
0.000000
0.000000
0.000000
1.216784
0.057967
0.000000
0.691099
0.000000
0.000000
0.000000
0.000000
0.000000
0.000000
0.000000
0.909279
0.000000
0.000000
0.000000
0.000000
0.000000
0.000000
0.000000
0.000000
0.000000
0.000000
0.000000
2.369639
0.000000
0.000000
0.000000
0.000000
0.000000
0.000000
0.000000
0.000000
0.000000
0.000000
0.000000
0.364555
0.149284
0.000000
0.000000
0.000000
0.000000
0.000000
0.000000
0.000000
0.000000
0.000000
0.000000
0.082619
0.000000
0.000000
0.000000
0.000000
0.000000
0.000000
0.000000
0.000000
0.000000
0.000000
0.000000
0.000000
0.000000
0.820908
0.000000
0.000000
0.000000
0.000000
0.000000
0.000000
0.000000
0.238203
0.000000
0.000000
0.000000
0.000000
0.000000
0.000000
0.000000
0.389452
0.000000
0.000000
0.000000
0.000000
0.052055
0.000000
0.000000
0.000000
0.000000
0.000000
0.000000
1.062006
0.489503
0.000000
0.000000
0.000000
0.312522
0.000000
0.000000
0.000000
0.000000
0.000000
0.000000
0.000000
0.000000
0.000000
0.000000
0.000000
1.256584
0.000000
0.000000
0.000000
0.000000
1.142410
0.000000
0.000000
0.000000
0.000000
0.000000
0.000000
0.000000
0.000000
0.000000
0.000000
0.000000
0.000000
0.000000
0.000000
0.000000
0.000000
0.000000
0.454147
0.502550
0.738104
0.000000
0.000000
0.000000
0.000000
0.593600
0.000000
0.000000
1.951245
0.000000
0.000000
0.000000
0.000000
0.000000
0.000000
0.000000
0.000000
1.426255
0.504105
0.000000
0.000000
0.000000
0.000000
0.000000
0.000000
0.000000
0.000000
0.472437
0.000000
0.000000
0.000000
0.000000
0.000000
0.000000
0.000000
0.000000
0.000000
0.000000
0.000000
0.772864
1.908980
0.000000
0.000000
1.097624
0.790132
0.000000
2.546973
0.000000
0.000000
0.000000
0.000000
0.000000
1.174420
0.000000
0.000000
0.000000
0.000000
0.000000
0.000000
0.000000
0.000000
0.000000
0.000000
1.521245
0.000000
0.000000
0.000000
0.000000
0.000000
0.000000
0.000000
0.000000
0.000000
1.100308
0.000000
0.000000
0.000000
0.000000
0.000000
0.179554
0.000000
0.000000
0.000000
0.000000
0.000000
0.000000
0.000000
0.000000
0.000000
0.000000
0.000000
0.000000
0.000000
0.000000
0.000000
0.000000
0.000000
0.000000
0.000000
0.000000
4.112206
0.000000
0.806841
0.000000
0.000000
0.000000
0.000000
0.000000
1.277862
0.000000
0.000000
0.000000
0.000000
0.000000
0.000000
0.000000
0.000000
0.000000
0.000000
0.000000
0.000000
0.332573
3.282410
1.021875
0.000000
0.911982
0.730366
0.000000
1.909359
0.000000
0.000000
0.000000
1.076458
0.000000
0.000000
0.000000
0.000000
0.000000
0.302020
0.000000
0.000000
0.000000
0.000000
0.000000
0.009975
1.931992
0.000000
0.000000
0.000000
0.000000
1.762398
0.000000
0.000000
0.000000
0.000000
0.000000
0.000000
0.000000
0.000000
0.000000
0.000000
0.000000
0.000000
1.338886
0.000000
0.000000
0.000000
0.000000
0.000000
3.516774
0.000000
0.000000
0.000000
0.000000
0.000000
0.000000
0.000000
0.000000
0.000000
0.000000
0.000000
0.000000
0.000000
0.000000
0.000000
0.000000
0.000000
0.000000
1.874036
0.000000
0.000000
0.145579
0.000000
2.215203
0.000000
0.000000
0.000000
0.000000
0.825223
0.000000
0.468728
0.000000
0.000000
0.000000
0.000000
0.282120
0.000000
0.000000
0.000000
0.000000
0.000000
0.000000
2.669250
0.000000
0.000000
0.000000
1.385889
0.000000
0.000000
0.000000
0.000000
0.892876
0.000000
1.199414
0.000000
0.000000
0.000000
0.000000
0.000000
0.000000
0.235345
0.000000
0.000000
0.000000
0.000000
0.000000
0.000000
0.000000
0.000000
0.000000
1.415226
0.982031
0.000000
0.000000
0.000000
0.000000
0.000000
0.000000
0.000000
0.000000
0.766014
0.000000
0.000000
1.083165
0.000000
0.000000
0.000000
0.772520
0.000000
0.000000
0.000000
0.099320
0.000000
0.000000
0.000000
0.353194
0.000000
0.931328
0.743220
0.090064
0.000000
0.000000
0.080951
0.000000
0.720363
0.000000
0.000000
0.000000
0.000000
0.000000
0.813232
0.000000
0.000000
0.000000
0.000000
0.220114
0.000000
0.000000
2.204143
0.398353
0.000000
0.340000
0.000000
0.000000
0.000000
0.000000
0.000000
0.000000
0.000000
0.000000
1.476063
2.726588
0.000000
0.000000
0.000000
1.414282
0.000000
0.000000
0.000000
0.000000
0.000000
0.000000
1.939080
0.000000
1.670658
0.000000
0.000000
0.000000
0.000000
0.000000
0.000000
1.353926
0.000000
2.106543
0.000000
0.734672
0.000000
0.000000
0.653246
0.000000
0.000000
0.000000
0.000000
0.000000
0.000000
0.000000
0.000000
0.000000
0.000000
1.471352
0.000000
0.000000
0.000000
1.604735
0.000000
3.040197
0.000000
3.287449
0.000000
0.000000
0.000000
0.000000
0.000000
0.000000
0.000000
0.000000
0.112069
0.000000
0.000000
2.913063
1.097846
0.000000
0.000000
0.000000
0.000000
0.000000
3.477268
1.661496
0.000000
0.635918
0.000000
0.000000
0.503201
0.000000
0.000000
0.000000
0.000000
0.300897
0.000000
0.248175
2.593686
0.000000
0.203148
0.000000
0.000000
0.000000
0.000000
0.000000
0.000000
0.046593
0.000000
0.000000
0.000000
0.000000
0.000000
0.000000
0.000000
0.000000
0.000000
0.000000
0.000000
0.000000
0.000000
0.000000
0.000000
2.109212
0.000000
0.000000
0.000000
0.000000
0.000000
0.000000
0.000000
0.000000
0.000000
0.262210
1.381536
0.000000
0.000000
0.000000
0.000000
0.000000
0.000000
0.000000
0.000000
0.000000
2.099549
0.000000
0.000000
0.229559
0.000000
2.509881
0.000000
0.000000
0.000000
0.460250
0.000000
0.000000
0.000000
0.000000
0.000000
0.000000
0.261687
0.000000
0.385300
0.195553
0.000000
0.000000
0.000000
0.000000
0.000000
0.000000
0.000000
0.000000
0.000000
0.000000
0.000000
0.000000
0.571734
0.000000
0.000000
0.000000
0.000000
0.000000
0.000000
0.000000
3.658948
0.000000
0.654830
0.000000
0.000000
0.000000
0.179351
1.331494
3.703756
0.000000
0.742127
0.000000
1.227167
0.653739
0.000000
0.000000
0.000000
0.000000
0.000000
0.000000
1.746918
0.000000
0.000000
0.000000
0.000000
0.000000
0.000000
0.000000
0.000000
0.000000
0.000000
0.000000
0.846386
0.000000
0.000000
0.000000
1.786190
0.000000
0.000000
0.000000
0.000000
0.000000
0.000000
3.574757
0.000000
0.000000
0.000000
0.000000
0.000000
0.000000
0.351137
0.000000
0.000000
0.812863
0.000000
0.247320
1.829152
0.000000
0.650862
0.000000
0.000000
0.000000
0.000000
0.000000
0.000000
0.000000
0.000000
0.000000
0.000000
0.000000
0.000000
0.000000
0.000000
0.000000
0.000000
0.000000
0.000000
0.000000
0.000000
0.000000
0.000000
0.000000
0.000000
0.000000
0.000000
0.000000
0.000000
0.000000
0.000000
0.000000
0.000000
0.000000
0.000000
0.000000
0.000000
0.000000
2.335756
0.898179
0.000000
0.000000
0.000000
2.084044
0.000000
0.000000
0.000000
0.000000
0.000000
0.000000
0.000000
0.000000
0.000000
0.191612
0.000000
0.000000
0.000000
0.000000
0.000000
0.000000
0.000000
0.000000
0.533217
0.000000
1.524538
0.000000
0.284412
0.000000
0.000000
0.000000
0.000000
0.000000
0.000000
0.000000
0.000000
2.376387
1.425385
0.944405
0.000000
0.000000
0.000000
0.000000
0.000000
0.000000
0.000000
0.000000
0.000000
0.000000
0.000000
0.000000
0.016298
0.000000
0.000000
0.000000
0.000000
0.200734
0.000000
0.000000
0.000000
0.000000
0.000000
0.000000
1.870680
0.927061
0.000000
2.885833
0.000000
0.000000
0.659266
0.000000
0.000000
0.000000
3.154429
0.000000
0.000000
0.000000
0.051998
0.000000
0.000000
0.000000
0.000000
0.000000
3.860886
0.000000
0.000000
0.000000
0.000000
0.000000
0.000000
0.000000
0.000000
0.000000
0.000000
0.000000
0.554708
0.000000
0.000000
0.000000
0.000642
0.000000
1.459779
0.000000
0.000000
0.000000
0.000000
0.000000
0.918279
0.000000
0.521998
0.000000
0.000000
0.000000
0.736660
0.000000
0.000000
0.000000
0.000000
0.000000
0.000000
0.000000
0.000000
0.000000
0.000000
0.644950
0.000000
0.000000
0.000000
0.000000
0.000000
0.000000
0.000000
0.000000
0.000000
0.000000
0.000000
0.000000
0.000000
0.437473
0.000000
0.000000
0.000000
0.000000
0.000000
0.000000
1.147522
0.000000
0.000000
0.000000
0.000000
0.000000
0.000000
0.000000
0.000000
0.000000
0.000000
0.000000
0.606625
0.000000
0.000000
0.000000
0.560870
0.000000
0.000000
0.000000
0.000000
0.000000
0.000000
0.000000
0.000000
0.000000
0.000000
0.000000
0.000000
0.000000
0.000000
0.000000
0.000000
0.000000
0.000000
0.000000
0.000000
0.000000
0.000000
0.000000
0.000000
0.000000
0.000000
0.000000
0.000000
0.000000
0.000000
0.000000
0.139416
0.000000
0.000000
0.000000
0.000000
0.000000
0.000000
1.685504
0.000000
0.000000
0.000000
0.000000
0.000000
0.000000
2.536334
0.000000
0.000000
1.179327
0.000000
0.000000
0.000000
0.000000
1.017854
2.271980
0.000000
0.000000
1.568914
0.000000
0.000000
0.000000
0.000000
0.000000
0.000000
0.000000
0.000000
0.000000
3.655698
0.000000
0.000000
0.000000
0.000000
0.321152
0.000000
0.000000
0.000000
0.000000
2.069570
0.000000
0.000000
0.163400
0.000000
0.000000
0.000000
0.000000
3.313990
0.385085
0.035712
0.000000
0.000000
0.731375
0.000000
0.000000
0.000000
0.000000
0.000000
0.000000
0.000000
0.000000
0.000000
0.000000
0.000000
0.000000
0.000000
0.000000
0.000000
0.000000
0.581655
0.000000
0.202742
0.000000
0.000000
0.000000
0.707139
0.194278
0.000000
0.000000
0.167059
1.972506
0.000000
0.000000
0.000000
0.000000
0.000000
0.000000
0.262326
0.000000
0.000000
0.000000
0.000000
0.000000
0.000000
0.276530
0.000000
0.000000
0.000000
0.000000
0.000000
0.000000
0.000000
0.000000
1.264921
0.000000
0.000000
0.000000
0.000000
1.558986
0.000000
0.000000
0.000000
0.000000
0.000000
0.000000
0.000000
0.345784
0.000000
0.000000
1.531392
0.000000
0.000000
0.598092
1.208701
0.000000
0.000000
0.000000
0.977955
0.000000
0.000000
2.526442
0.196687
0.000000
0.000000
0.000000
0.000000
0.560191
0.000000
0.000000
0.000000
0.232532
0.000000
0.000000
0.000000
1.747156
0.000000
0.000000
0.000000
0.000000
0.000000
0.000000
0.000000
0.000000
0.000000
0.000000
1.067157
0.000000
0.603011
0.000000
0.000000
0.000000
0.000000
0.000000
0.000000
0.000000
0.000000
1.516861
0.000000
0.000000
0.000000
0.000000
0.000000
0.000000
0.000000
0.000000
1.307044
0.000000
0.000000
0.000000
0.820933
0.950075
0.000000
0.000000
0.997630
0.000000
0.000000
0.000000
0.000000
0.014883
0.000000
0.450361
0.000000
0.000000
0.000000
0.000000
0.000000
0.000000
0.000000
0.000000
0.000000
0.000000
0.000000
0.000000
0.637600
0.000000
0.000000
2.511200
0.000000
0.000000
0.000000
0.000000
0.000000
0.000000
0.118127
0.000000
0.000000
0.000000
0.000000
0.213088
0.000000
0.522309
0.000000
0.000000
0.000000
0.000000
0.000000
0.190109
0.000000
0.000000
1.405941
0.000000
0.691987
0.000000
0.000000
0.000000
0.000000
1.567703
0.000000
0.142579
0.000000
0.000000
0.000000
0.000000
0.000000
0.115670
0.000000
0.000000
0.000000
0.000000
1.163619
1.797652
0.000000
0.000000
0.000000
0.000000
0.000000
0.000000
0.000000
0.000000
0.000000
0.000000
1.784674
0.000000
0.000000
0.000000
0.000000
0.276273
0.000000
0.000000
0.000000
0.000000
0.000000
0.000000
0.000000
0.000000
0.000000
0.000000
0.000000
0.000000
0.930427
1.740127
0.000000
0.000000
0.000000
0.000000
0.812192
0.000000
0.000000
0.548532
4.242684
0.000000
0.444659
0.000000
0.000000
0.000000
0.000000
0.000000
0.000000
2.448154
0.442917
0.000000
1.122760
1.300489
0.000000
0.000000
0.000000
0.000000
0.000000
0.000000
0.000000
0.000000
0.000000
0.264556
0.000000
0.000000
1.918799
0.000000
0.000000
0.000000
0.000000
0.000000
0.000000
0.000000
0.000000
0.000000
0.000000
0.000000
1.200607
0.000000
0.000000
0.000000
0.158685
0.000000
0.000000
0.000000
0.000000
0.000000
0.331366
0.000000
0.000000
0.000000
0.000000
1.711023
0.000000
0.566262
0.000000
0.000000
0.000000
0.000000
0.046893
0.246674
0.000000
0.000000
0.000000
0.000000
0.000000
0.190763
3.367132
1.069139
0.000000
0.187793
0.000000
0.000000
0.000000
0.242130
0.088180
0.000000
0.000000
0.000000
0.000000
0.435621
0.000000
0.000000
0.000000
0.000000
0.000000
0.000000
0.000000
0.000000
2.650417
0.000000
0.000000
0.000000
0.140679
0.000000
0.000000
3.421800
0.000000
0.000000
0.000000
0.000000
0.000000
0.000000
0.000000
0.000000
0.000000
0.000000
0.000000
0.000000
0.000000
0.000000
0.000000
1.310401
0.000000
0.000000
0.000000
0.000000
0.000000
0.000000
0.000000
0.000000
0.000000
0.000000
0.000000
0.000000
0.000000
0.000000
0.000000
0.000000
0.000000
0.000000
0.046406
0.000000
0.000000
0.000000
0.000000
0.000000
0.000000
0.000000
0.000000
0.000000
0.000000
0.000000
0.000000
0.000000
0.000000
0.000000
0.000000
0.000000
0.000000
0.407639
0.361297
0.000000
0.000000
0.000000
0.470958
0.000000
0.000000
0.000000
2.430279
3.083809
0.000000
0.000000
0.000000
0.000000
0.158663
0.574967
0.000000
1.741614
0.937845
0.000000
0.000000
0.000000
0.000000
0.000000
0.217634
0.000000
0.000000
0.000000
0.205075
0.000000
0.000000
0.000000
0.000000
0.000000
0.000000
0.000000
0.000000
0.662829
0.000000
3.559191
0.910056
0.000000
0.000000
0.000000
0.300332
0.000000
0.000000
0.000000
0.000000
0.000000
0.000000
0.000000
0.000000
0.000000
0.000000
0.000000
0.000000
0.000000
0.179431
1.153037
0.000000
0.000000
0.000000
0.000000
0.000000
0.000000
0.000000
0.000000
1.330009
0.000000
0.000000
0.000000
0.000000
0.000000
0.000000
0.000000
0.000000
0.000000
0.000000
0.000000
0.000000
0.000000
0.000000
0.285283
0.000000
0.000000
0.000000
0.000000
0.000000
0.000000
0.000000
0.000000
0.000000
0.000000
0.000000
0.000000
0.000000
0.689470
0.024000
0.000000
0.000000
0.000000
0.000000
0.000000
0.000000
0.000000
0.000000
0.000000
0.000000
0.000000
0.000000
0.060365
0.000000
0.000000
0.000000
0.000000
0.000000
0.000000
0.000000
3.247840
0.000000
0.000000
0.000000
0.000000
0.464589
0.000000
0.000000
0.000000
0.000000
0.000000
0.000000
2.156204
1.329551
0.000000
0.000000
0.000000
0.000000
0.000000
0.000000
0.000000
0.000000
0.000000
0.000000
0.000000
0.000000
0.000000
0.000000
0.000000
0.000000
0.000000
0.000000
0.000000
0.000000
0.000000
0.000000
0.913785
0.000000
0.000000
4.680291
0.000000
0.000000
0.000000
0.000000
0.000000
0.000000
0.000000
0.000000
0.763304
0.000000
0.000000
0.000000
0.000000
0.000000
0.000000
0.000000
0.000000
3.032062
0.000000
0.000000
0.369876
0.000000
0.000000
0.000000
2.770984
0.000000
0.000000
0.000000
0.000000
0.000000
0.000000
0.000000
0.000000
0.685797
0.000000
0.000000
0.000000
0.000000
0.457439
0.000000
0.000000
0.267344
0.000000
0.000000
0.000000
0.094929
3.221897
0.000000
3.454191
0.000000
0.000000
0.000000
0.000000
0.000000
0.000000
0.000000
0.000000
0.000000
0.000000
0.000000
0.185407
0.000000
0.638902
0.000000
0.000000
0.192963
0.000000
0.000000
0.000000
0.000000
0.000000
0.000000
0.000000
0.000000
0.000000
0.000000
0.000000
0.000000
0.000000
2.596218
0.000000
0.000000
0.000000
0.000000
0.000000
0.000000
0.000000
0.000000
0.000000
0.000000
0.000000
0.000000
0.000000
0.000000
0.000000
0.000000
0.420202
0.000000
0.000000
1.038669
0.000000
1.599748
0.000000
0.821586
0.000000
0.000000
0.000000
0.000000
0.000000
0.000000
0.000000
0.656232
0.000000
0.000000
0.000000
0.611148
0.000000
0.000000
0.000000
0.000000
0.000000
0.000000
0.000000
0.000000
0.000000
0.000000
0.000000
0.313443
0.000000
0.000000
1.282913
0.000000
0.000000
0.000000
0.000000
0.000000
0.000000
0.000000
0.000000
0.000000
0.084571
0.000000
0.000000
0.000000
0.000000
0.000000
0.000000
0.000000
0.000000
0.563640
0.000000
0.000000
0.000000
0.000000
0.000000
0.000000
0.000000
0.000000
0.000000
0.000000
0.000000
0.000000
0.803830
0.000000
0.000000
0.000000
0.000000
0.000000
0.000000
0.000000
0.000000
0.000000
0.000000
0.000000
0.000000
0.000000
0.000000
0.600398
0.000000
0.986721
0.000000
0.000000
0.000000
0.000000
0.000000
0.000000
0.622012
0.000000
0.000000
0.121290
0.000000
0.000000
0.000000
0.000000
0.000000
0.000000
0.000000
0.000000
0.907394
0.000000
0.000000
3.311166
0.000000
0.000000
0.000000
0.000000
0.000000
0.000000
0.000000
0.000000
0.000000
0.000000
0.033516
0.000000
0.000000
0.000000
0.000000
0.000000
0.368465
0.000000
0.000000
0.706374
3.619375
0.000000
0.000000
0.000000
0.000000
0.000000
0.000000
0.000000
0.000000
1.334688
0.000000
0.000000
0.000000
0.000000
0.000000
0.000000
2.207855
0.000000
0.000000
0.000000
0.000000
0.000000
0.000000
0.000000
0.113528
0.000000
0.801253
0.000000
0.000000
0.519653
1.115393
0.000000
0.169720
0.000000
0.000000
0.000000
0.000000
0.000000
0.000000
0.000000
1.456910
2.242532
0.000000
0.000000
0.000000
0.000000
1.697319
0.000000
0.992367
0.000000
0.000000
0.000000
0.000000
0.000000
1.051895
0.000000
0.000000
0.000000
0.000000
0.000000
0.000000
0.000000
1.355798
0.000000
0.966885
0.274312
0.000000
0.000000
0.000000
0.000000
0.000000
0.000000
0.000000
0.633480
0.000000
0.120423
0.000000
0.000000
1.413131
0.000000
0.668139
0.000000
0.000000
0.000000
0.000000
1.838195
0.000000
0.000000
1.005944
0.000000
0.589798
0.000000
0.000000
4.847507
0.000000
0.000000
0.000000
0.000000
5.084677
0.000000
0.000000
0.000000
0.000000
0.000000
0.000000
0.000000
0.000000
0.000000
0.130108
0.000000
0.000000
0.000000
0.000000
0.000000
0.000000
0.000000
3.204586
0.000000
0.000000
0.000000
0.000000
0.000000
0.000000
0.000000
0.000000
0.000000
0.000000
0.000000
0.000000
0.000000
0.000000
0.000000
0.000000
0.000000
1.268468
0.000000
0.928683
0.000000
0.000000
1.453125
0.000000
0.000000
0.000000
0.000000
0.000000
0.105318
0.000000
0.000000
0.000000
0.740645
0.000000
0.000000
0.000000
0.000000
0.000000
0.000000
2.354755
0.000000
0.000000
0.000000
0.000000
0.000000
0.000000
0.000000
0.000000
0.000000
0.000000
0.000000
0.000000
0.000000
0.000000
0.855524
0.000000
0.000000
0.000000
0.000000
0.000000
0.000000
0.413133
0.000000
0.000000
0.000000
0.000000
2.065166
0.000000
0.000000
0.000000
0.000000
0.000000
0.000000
0.000000
0.000000
0.000000
0.120689
0.881508
0.000000
0.000000
0.000000
0.000000
0.000000
0.000000
0.000000
0.000000
0.000000
0.000000
0.000000
0.000000
0.000000
0.000000
0.000000
0.000000
0.000000
0.000000
0.000000
0.000000
0.000000
0.000000
0.000000
0.000000
0.000000
0.000000
0.000000
1.780504
0.288861
0.000000
1.256266
0.000000
0.000000
0.000000
0.000000
0.000000
0.000000
0.000000
0.000000
0.000000
5.094772
1.517476
0.000000
0.000000
0.000000
0.000000
0.000000
0.000000
0.000000
0.000000
0.000000
0.029508
0.000000
0.000000
0.359154
0.000000
0.000000
0.000000
0.272932
0.000000
0.000000
0.000000
0.000000
0.000000
0.000000
0.000000
0.000000
0.000000
0.000000
0.000000
0.000000
0.000000
0.000000
1.053275
0.000000
0.722496
0.000000
0.000000
0.000000
0.000000
0.000000
0.000000
0.000000
0.000000
1.024212
0.000000
0.000000
0.000000
0.000000
0.000000
0.000000
0.000000
3.060171
0.000000
0.032795
0.000000
0.000000
0.000000
0.000000
0.000000
0.000000
0.000000
0.000000
0.000000
0.000000
0.000000
0.000000
0.000000
0.000000
1.290726
0.000000
0.000000
0.408954
0.000000
0.000000
0.000000
0.000000
0.000000
0.000000
0.000000
0.157689
0.000000
0.000000
0.000000
0.000000
0.000000
0.000000
0.000000
0.000000
0.000000
0.000000
0.000000
0.000000
1.477431
0.000000
0.000000
0.000000
0.000000
0.000000
0.000000
0.000000
0.000000
0.000000
0.000000
0.000000
0.000000
0.000000
0.191096
0.000000
0.000000
0.000000
0.000000
0.000000
0.000000
0.000000
0.000000
0.874019
1.305137
0.000000
0.000000
0.000000
0.138479
0.000000
0.000000
0.000000
0.000000
4.053069
0.000000
0.000000
0.000000
0.000000
0.805508
0.000000
0.553585
0.000000
0.000000
2.796755
1.046085
1.821567
0.000000
0.000000
0.000000
0.000000
0.000000
0.667922
0.134018
0.000000
0.000000
0.916135
0.000000
0.000000
0.000000
0.000000
0.000000
0.000000
0.000000
0.000000
1.782399
0.000000
0.000000
0.000000
0.000000
0.000000
0.000000
0.000000
0.000000
0.000000
0.304162
0.000000
0.000000
0.000000
0.000000
0.000000
0.000000
0.000000
0.000000
0.000000
0.000000
0.000000
0.000000
0.000000
0.000000
0.000000
0.000000
0.000000
0.000000
0.000000
0.000000
0.000000
0.000000
0.928031
0.076231
0.000000
0.000000
0.000000
0.000000
0.000000
0.000000
0.000000
2.956904
0.000000
0.000000
1.919657
0.000000
0.000000
0.000000
0.000000
0.000000
0.000000
0.000000
0.000000
0.000000
0.000000
0.000000
0.000000
0.000000
0.000000
0.000000
0.000000
0.000000
0.000000
0.000000
0.000000
0.000000
0.000000
0.000000
0.000000
0.000000
0.000000
0.000000
0.000000
0.000000
0.000000
0.000000
0.058557
0.000000
0.000000
2.793048
0.000000
0.000000
3.056779
0.000000
0.594579
1.392573
0.000000
0.569944
0.000000
0.000000
0.000000
1.292704
0.000000
0.000000
0.000000
0.000000
0.063768
0.000000
0.000000
1.136142
0.000000
0.000000
0.000000
0.000000
0.000000
0.000000
1.603770
0.000000
0.000000
0.000000
0.201276
0.000000
0.000000
0.000000
0.000000
0.000000
0.000000
0.000000
0.000000
0.000000
0.000000
0.000000
0.000000
0.000000
1.145987
0.000000
2.616366
0.000000
1.486192
0.000000
0.000000
0.824714
0.000000
0.000000
0.000000
0.000000
0.000000
0.174221
0.000000
0.000000
0.000000
0.000000
0.742525
0.186306
0.827994
0.000000
0.000000
0.000000
0.000000
0.000000
3.133299
0.000000
1.316552
0.000000
0.000000
0.000000
0.000000
0.201729
4.575538
0.000000
0.000000
0.000000
0.000000
0.000000
0.000000
0.000000
0.000000
0.000000
0.000000
0.000000
0.000000
5.719363
0.000000
0.000000
0.000000
0.442174
0.000000
0.000000
0.000000
0.000000
0.000000
0.000000
0.000000
0.000000
0.000000
0.000000
0.000000
0.000000
0.000000
0.000000
0.000000
0.000000
0.000000
0.557806
0.000000
0.000000
0.000000
0.000000
0.000000
0.000000
0.000000
0.000000
0.000000
0.000000
0.000000
0.000000
0.000000
0.000000
0.000000
0.000000
0.000000
0.000000
0.000000
0.000000
0.188188
0.000000
0.000000
1.730526
0.000000
0.000000
0.000000
0.000000
0.000000
0.000000
0.107873
0.000000
0.000000
0.000000
0.000000
0.000000
0.000000
0.000000
0.000000
0.000000
0.542173
0.000000
0.000000
0.000000
0.000000
0.294629
0.000000
0.000000
0.000000
0.280206
0.000000
0.000000
1.068627
2.768312
0.000000
0.000000
0.000000
0.000000
0.000000
1.269553
0.000000
0.467429
0.000000
0.000000
0.000000
0.000000
0.000000
0.000000
0.000000
1.681179
0.000000
0.000000
0.271784
0.000000
0.000000
0.000000
0.000000
0.000000
0.000000
0.000000
0.000000
0.000000
0.000000
0.000000
0.000000
0.000000
0.000000
0.000000
0.000000
0.000000
0.000000
0.543865
0.017854
0.000000
0.000000
0.000000
0.000000
3.884150
0.000000
0.000000
0.000000
0.000000
1.837722
0.000000
0.000000
0.000000
0.000000
0.007696
0.000000
0.000000
0.000000
0.000000
0.000000
0.000000
0.843637
0.766968
0.000000
0.000000
0.000000
0.165556
0.000000
0.000000
0.000000
0.000000
0.000000
0.000000
0.000000
0.000000
0.126917
0.000000
0.000000
0.000000
0.000000
0.000000
0.000000
0.000000
0.399214
0.000000
0.000000
0.000000
0.698914
0.000000
0.000000
0.000000
0.000000
0.000000
1.067110
0.292539
0.000000
0.000000
0.000000
0.000000
0.000000
0.000000
0.000000
0.000000
0.000000
0.000000
0.000000
2.257954
0.000000
0.000000
0.000000
0.000000
0.000000
0.000000
0.000000
0.000000
2.369660
5.000950
0.000000
0.000000
0.000000
0.000000
0.000000
0.000000
0.000000
0.000000
0.000000
0.000000
0.000000
0.000000
0.000000
0.000000
0.000000
0.000000
0.000000
0.000000
0.000000
0.000000
1.689504
0.000000
0.000000
0.000000
0.000000
0.000000
0.344198
0.529757
0.071220
0.000000
0.000000
0.000000
0.000000
0.000000
0.000000
0.000000
0.000000
0.000000
0.000000
0.000000
1.106925
0.057812
0.000000
0.000000
0.000000
0.000000
0.000000
0.000000
0.000000
0.000000
0.000000
0.000000
0.000000
0.000000
0.000000
0.000000
0.000000
0.000000
0.000000
1.032293
0.000000
0.000000
1.381665
0.000000
0.000000
1.742939
0.000000
0.452672
0.000000
0.000000
0.000000
0.000000
0.000000
1.666120
0.000000
0.000000
0.892207
0.000000
0.000000
0.000000
0.000000
0.000000
0.000000
0.000000
0.000000
0.051910
0.000000
0.000000
0.000000
0.000000
0.000000
0.000000
0.000000
0.000000
0.000000
0.000000
0.000000
1.099817
0.000000
0.000000
0.000000
0.000000
0.000000
0.000000
0.000000
0.000000
0.000000
0.000000
0.000000
0.000000
2.441441
0.000000
0.000000
0.000000
0.000000
0.000000
0.000000
0.000000
0.000000
0.000000
0.293153
0.000000
0.000000
0.000000
0.830331
0.000000
0.000000
3.111810
0.000000
0.567928
0.135797
0.000000
0.000000
0.000000
0.340106
0.000000
0.000000
3.496789
0.000000
0.000000
0.000000
0.000000
0.055720
0.000000
0.000000
0.000000
0.000000
0.000000
0.000000
0.000000
0.000000
0.000000
