0.000000
0.000000
0.000000
0.000000
0.358919
0.000000
1.052329
2.495418
0.000000
0.000000
0.000000
0.000000
0.837602
0.000000
0.000000
0.000000
0.634677
0.000000
0.000000
0.000000
0.000000
0.000000
0.000000
0.450324
0.000000
0.000000
0.000000
0.000000
0.000000
0.000000
0.000000
0.000000
0.688193
0.000000
0.000000
0.000000
0.000000
0.000000
0.000000
0.000000
0.000000
0.000000
0.000000
0.078746
0.000000
0.000000
0.000000
0.000000
0.000000
0.000000
0.000000
0.000000
0.000000
0.000000
0.000000
0.000000
0.000000
0.000000
0.000000
0.000000
3.378978
1.141634
0.182461
0.000000
0.000000
0.000000
0.000000
0.000000
0.000000
0.000000
1.162868
0.000000
0.000000
0.093708
0.000000
0.000000
0.000000
0.000000
0.000000
0.000000
0.000000
0.000000
0.248416
0.000000
0.000000
0.000000
0.000000
0.000000
0.000000
0.000000
0.000000
0.725150
1.732323
0.000000
0.000000
0.000000
0.000000
0.000000
0.494932
0.000000
0.000000
0.000000
0.448084
0.000000
0.000000
0.000000
0.000000
0.000000
0.000000
0.000000
0.000000
0.000000
0.000000
0.526119
1.497112
0.196438
0.000000
0.000000
0.000000
0.000000
0.000000
2.147685
0.000000
0.000000
0.000000
0.000000
2.064052
0.000000
2.355377
0.000000
0.000000
0.000000
0.000000
0.000000
0.000000
0.000000
0.000000
0.000000
0.000000
0.000000
0.000000
0.000000
1.047842
0.000000
0.000000
0.000000
0.000000
0.000000
0.000000
0.000000
0.000000
0.000000
0.000000
0.000000
0.750986
0.000000
0.000000
0.970065
0.000000
0.000000
0.000000
0.000000
0.000000
0.000000
0.464152
0.000000
0.000000
0.000000
0.262090
0.000000
0.000000
0.000000
0.145960
0.000000
0.000000
0.000000
0.000000
0.000000
0.207279
1.234085
0.000000
0.000000
1.965994
0.000000
0.000000
0.000000
0.000000
0.000000
0.000000
0.000000
0.237956
1.292415
0.000000
0.000000
0.000000
0.000000
0.510627
0.000000
0.470186
0.000000
0.000000
1.601007
0.000000
0.000000
0.000000
0.822148
0.000000
0.000000
0.000000
1.123709
0.000000
0.000000
0.000000
0.280970
0.078008
0.000000
0.000000
0.000000
0.000000
0.000000
1.937909
0.000000
0.000000
0.000000
0.000000
0.000000
0.000000
0.158573
0.000000
0.000000
0.000000
0.000000
0.000000
1.881248
0.000000
0.000000
0.000000
0.611390
0.000000
0.000000
0.000000
0.000000
0.000000
0.000000
0.201666
0.000000
0.000000
0.000000
0.000000
0.000000
0.000000
0.000000
0.741675
1.385610
0.000000
0.000000
0.000000
1.191089
0.000000
0.000000
0.000000
0.250676
1.117800
0.000000
0.000000
0.000000
0.000000
0.000000
0.470242
0.000000
0.595956
0.000000
0.000000
0.000000
0.000000
0.000000
0.000000
0.000000
1.164058
0.000000
0.000000
0.000000
0.000000
0.000000
0.000000
2.685694
0.000000
0.000000
0.000000
0.000000
0.000000
0.000000
0.000000
0.000000
0.000000
0.000000
0.000000
0.032127
0.753751
0.940767
1.651012
0.000000
0.000000
0.000000
0.000000
0.000000
0.246191
0.000000
0.000000
0.000000
0.000000
0.000000
0.000000
0.000000
0.000000
0.229377
0.000000
0.256205
0.000000
1.837600
0.000000
0.000000
0.000000
0.000000
0.000000
0.000000
0.000000
0.000000
0.000000
0.000000
0.000000
2.110679
0.000000
0.560712
0.233210
0.000000
0.000000
1.005780
1.407452
0.000000
0.000000
0.156032
1.005665
0.000000
0.881998
0.000000
1.886561
0.000000
0.000000
0.000000
0.000000
0.875497
0.000000
2.109270
0.260692
0.000000
0.000000
0.000000
0.000000
0.000000
0.000000
0.000000
0.000000
0.000000
1.243010
2.223202
0.000000
0.000000
0.000000
0.000000
0.000000
0.000000
0.000000
0.000000
0.000000
0.000000
0.000000
0.000000
0.000000
0.000000
0.000000
0.000000
0.966545
0.000000
0.026142
0.000000
0.000000
0.000000
0.000000
0.000000
0.000000
0.000000
0.000000
1.288428
0.000000
0.000000
0.000000
0.280140
0.000000
0.000000
0.249466
0.000000
0.878974
0.000000
0.651465
0.000000
0.000000
0.482752
0.000000
0.000000
0.000000
0.000000
0.000000
0.000000
0.000000
2.207397
0.000000
0.000000
1.262771
0.000000
0.000000
0.000000
0.000000
0.000000
0.798611
0.000000
0.000000
0.000000
0.000000
0.000000
0.000000
0.442058
2.012748
0.829595
0.000000
0.000000
2.368072
0.000000
0.000000
0.000000
0.000000
0.000000
0.000000
0.000000
0.000000
0.000000
0.000000
0.000000
0.000000
0.000000
0.000000
0.000000
0.000000
1.038411
0.000000
0.000000
0.000000
0.000000
0.000000
0.000000
0.000000
0.774960
1.911422
0.000000
0.000000
0.000000
2.854776
0.000000
0.000000
0.480395
0.000000
0.000000
0.000000
0.000000
0.000000
0.000000
0.505114
0.066867
0.000000
0.000000
0.000000
0.000000
0.000000
0.000000
0.000000
1.603356
0.269212
0.000000
0.000000
0.760310
0.000000
0.000000
0.110054
1.316587
1.634171
0.000000
0.000000
0.000000
0.000000
0.000000
0.000000
0.000000
0.000000
1.623434
0.000000
0.000000
0.000000
0.000000
1.338195
0.000000
0.000000
0.000000
0.000000
0.000000
0.000000
0.000000
0.000000
0.000000
0.000000
0.000000
0.000000
0.000000
0.000000
0.000000
0.000000
0.000000
0.000000
0.000000
0.000000
0.000000
0.000000
0.000000
0.530744
0.000000
0.000000
0.000000
0.000000
0.000000
0.000000
0.540577
0.000000
0.000000
0.000000
0.000000
0.000000
0.927794
0.000000
0.000000
0.000000
0.000000
0.000000
0.000000
0.000000
0.000000
0.000000
0.092520
0.000000
0.000000
0.000000
0.000000
0.000000
0.000000
0.000000
0.000000
1.079412
0.000000
0.000000
0.000000
0.000000
0.000000
0.300812
0.000000
0.000000
0.000000
1.027630
1.701174
0.000000
0.000000
0.000000
0.000000
0.000000
0.000000
0.000000
3.840689
0.000000
0.000000
0.508663
0.000000
0.000000
0.000000
0.000000
0.000000
3.721421
0.000000
0.000000
0.000000
1.258857
0.144091
0.000000
0.000000
0.000000
0.000000
0.000000
1.712298
0.000000
0.000000
0.533106
0.000000
0.000000
0.000000
0.000000
0.000000
0.000000
0.000000
0.000000
0.000000
0.000000
0.000000
2.755162
0.000000
0.000000
0.922308
0.000000
1.607747
0.000000
0.000000
0.000000
0.000000
0.422720
0.146893
0.000000
1.231992
0.000000
0.000000
0.000000
1.353247
0.000000
0.000000
0.000000
2.111902
0.000000
1.693890
0.000000
0.000000
0.000000
0.000000
0.000000
0.000000
0.000000
0.000000
0.000000
0.000000
0.000000
0.000000
1.739175
0.000000
0.000000
0.000000
1.318896
1.735117
0.000000
0.000000
0.000000
0.000000
0.371055
0.000000
0.000000
0.000000
0.000000
0.000000
0.000000
0.000000
0.461813
0.000000
0.000000
0.000000
0.000000
0.000000
0.000000
0.000000
0.000000
1.461457
0.000000
0.129888
0.000000
1.285206
0.000000
0.000000
0.000000
0.000000
0.000000
0.000000
0.000000
0.000000
0.841098
0.000000
1.370436
0.000000
0.000000
0.000000
0.000000
0.000000
0.000000
0.039715
0.595766
0.000000
0.910313
0.000000
0.000000
0.000000
0.000000
0.000000
0.000000
0.000000
0.000000
0.000000
0.103650
0.000000
0.948588
0.000000
0.325834
0.000000
0.082734
0.000000
0.000000
0.000000
0.000000
0.132578
0.205356
0.000000
0.000000
0.000000
0.000000
0.000000
0.000000
0.000000
0.000000
0.000000
0.000000
0.000000
0.000000
0.000000
0.000000
0.000000
0.000000
0.000000
0.000000
0.000000
0.000000
0.000000
0.000000
0.000000
0.000000
0.000000
0.000000
0.000000
0.000000
0.000000
0.000000
0.000000
0.000000
0.000000
0.000000
0.186930
0.000000
0.000000
0.000000
0.000000
0.000000
0.000000
0.000000
0.000000
0.611821
0.000000
0.000000
0.000000
0.000000
0.000000
0.000000
0.000000
0.000000
0.000000
0.000000
0.000000
0.000000
0.000000
0.968290
0.000000
0.000000
0.000000
0.000000
0.000000
0.000000
0.000000
0.000000
0.000000
0.000000
0.000000
2.273329
0.000000
0.000000
0.000000
0.000000
0.000000
0.000000
0.000000
0.210441
0.000000
0.000000
0.918715
0.000000
0.000000
0.000000
0.000000
0.000000
0.000000
0.068969
1.096460
0.000000
0.000000
0.707512
0.000000
1.178172
0.000000
2.848117
0.000000
0.000000
0.000000
0.609322
0.000000
0.000000
0.000000
0.000000
0.000000
0.000000
0.000000
0.000000
0.000000
0.000000
0.000000
0.000000
0.087263
0.000000
0.000000
0.000000
2.769078
0.000000
0.000000
0.000000
0.000000
0.000000
0.000000
0.000000
0.000000
0.000000
0.000000
0.295599
0.000000
0.000000
0.000000
0.000000
0.006724
0.000000
2.913318
0.000000
0.000000
0.000000
0.000000
0.000000
0.000000
0.000000
0.000000
0.221481
0.000000
0.000000
2.171922
0.000000
0.000000
0.000000
2.878119
0.114416
0.000000
0.000000
0.000000
0.000000
0.000000
0.000000
0.000000
0.000000
0.956934
0.000000
0.604036
0.000000
0.000000
0.000000
0.549285
0.000000
0.000000
0.000000
0.000000
0.000000
0.000000
0.000000
0.000000
0.000000
0.000000
0.000000
0.794971
0.000000
0.000000
0.000000
0.000000
0.000000
0.000000
0.439141
0.000000
0.000000
1.015570
0.000000
0.000000
0.000000
0.000000
0.000000
0.000000
0.000000
0.000000
0.000000
0.000000
0.000000
0.000000
0.000000
0.000000
1.332175
0.000000
0.000000
0.000000
0.000000
2.923821
0.000000
0.000000
0.000000
0.000000
0.000000
0.000000
0.000000
0.540631
0.000000
0.000000
0.000000
0.007194
0.000000
0.000000
0.000000
0.000000
0.000000
0.000000
0.000000
0.000000
0.000000
0.000000
0.000000
0.000000
0.000000
0.000000
0.000000
0.000000
0.000000
0.000000
0.623862
0.000000
1.133649
0.000000
0.000000
0.221788
0.000000
0.000000
0.000000
0.757402
0.000000
0.000000
0.025652
0.000000
0.000000
0.000000
0.000000
0.000000
0.000000
0.000000
0.000000
0.000000
0.000000
0.000000
0.335644
0.376484
0.000000
0.000000
0.000000
2.351339
0.000000
0.000000
0.000000
0.000000
0.000000
0.000000
0.000000
0.569364
0.000000
0.000000
0.000000
0.000000
0.000000
0.468922
0.000000
0.205958
0.000000
0.000000
0.000000
0.000000
0.000000
0.209252
0.000000
0.000000
0.221887
0.000000
0.000000
0.000000
0.000000
0.000000
0.000000
0.000000
0.000000
0.369569
0.000000
0.000000
0.000000
0.000000
0.000000
0.000000
0.000000
2.848154
0.000000
0.000000
0.000000
0.000000
0.000000
0.000000
0.430164
0.000000
0.598377
0.000000
0.000000
0.000000
0.000000
0.000000
0.000000
0.000000
0.000000
1.159089
0.000000
0.000000
0.000000
0.251971
1.557515
1.589452
0.000000
0.181165
0.000000
0.000000
0.723331
0.000000
0.000000
0.000000
0.000000
0.000000
0.170233
0.000000
0.118295
0.000000
0.000000
0.000000
0.000000
1.759815
0.000000
0.000000
0.000000
0.000000
0.000000
0.000000
0.000000
0.000000
0.000000
0.000000
0.000000
0.000000
0.474625
0.000000
0.000000
0.000000
0.000000
0.000000
0.000000
0.000000
0.000000
0.000000
2.374500
0.000000
1.080246
0.000000
0.000000
0.000000
0.000000
0.000000
0.252220
0.000000
0.000000
0.000000
0.000000
0.000000
0.277520
1.974604
0.000000
0.000000
0.000000
0.000000
0.000000
0.000000
0.000000
0.000000
0.000000
0.000000
0.000000
0.000000
0.000000
0.000000
0.000000
0.000000
0.000000
0.000000
1.969625
0.000000
0.000000
0.000000
0.469593
0.022331
0.000000
0.000000
0.000000
0.000000
0.000000
0.000000
0.000000
0.000000
0.000000
0.000000
2.044369
0.000000
0.000000
0.000000
2.822292
0.000000
0.000000
0.000000
0.000000
0.000000
0.040011
0.957663
0.000000
0.000000
0.000000
0.000000
0.000000
0.000000
0.000000
0.476373
0.000000
0.000000
0.000000
0.000000
0.000000
0.000000
1.128138
0.000000
1.478168
0.313340
0.000000
0.000000
0.000000
0.000000
0.000000
0.000000
0.103983
0.000000
0.000000
0.000000
0.000000
0.000000
0.000000
1.842863
0.000000
0.000000
0.602016
0.000000
0.000000
0.000000
0.000000
0.000000
0.000000
0.070974
0.000000
0.961274
0.000000
0.000000
0.000000
0.465858
0.000000
0.000000
0.000000
0.000000
0.000000
0.000000
0.000000
3.458455
0.000000
0.000000
2.271431
0.000000
0.004512
0.252437
0.000000
1.241558
0.000000
0.173233
0.000000
0.000000
2.158878
0.000000
0.000000
0.000000
0.000000
0.000000
0.417094
0.838184
0.000000
1.010417
1.115104
0.000000
2.718191
0.000000
0.000000
0.000000
0.402842
0.000000
0.267857
0.000000
0.000000
0.000000
0.000000
0.000000
1.773527
0.000000
0.000000
0.000000
0.000000
1.567427
2.428732
0.000000
0.000000
0.000000
0.000000
0.000000
0.000000
0.000000
1.769132
0.000000
0.514432
0.000000
0.000000
0.000000
0.000000
0.000000
0.000000
0.000000
0.000000
0.000000
0.000000
0.000000
0.000000
0.000000
0.000000
1.411069
0.000000
0.000000
0.000000
0.000000
1.602513
0.000000
0.000000
0.593992
0.000000
0.000000
0.349830
0.000000
0.000000
0.158280
0.000000
0.000000
0.000000
0.000000
0.000000
0.000000
0.000000
1.092932
0.000000
1.609396
0.000000
0.000000
1.900790
0.000000
0.000000
0.000000
1.002339
0.000000
0.282805
0.000000
0.000000
0.268931
0.000000
0.304251
0.000000
0.000000
0.000000
0.000000
0.000000
0.585474
0.000000
0.000000
0.000000
0.000000
0.000000
0.000000
0.650626
0.000000
0.000000
0.000000
0.000000
0.000000
0.000000
0.000000
0.000000
0.000000
0.000000
0.000000
0.000000
0.000000
0.000000
1.708395
0.000000
0.000000
0.000000
0.000000
0.000000
0.000000
0.000000
0.000000
1.866618
0.000000
0.000000
1.027862
0.000000
0.000000
1.548630
0.000000
0.000000
0.000000
0.000000
0.000000
0.000000
0.000000
0.000000
3.738907
0.000000
0.000000
0.000000
0.000000
0.000000
0.000000
0.000000
0.000000
0.000000
0.000000
0.000000
0.180875
0.000000
0.000000
0.000000
0.000000
0.000000
0.430297
0.000000
0.000000
0.000000
0.000000
0.000000
0.000000
2.960879
1.091486
0.000000
0.000000
0.000000
0.000000
0.000000
0.000000
0.000000
0.000000
0.000000
0.000000
0.000000
0.516993
0.000000
0.000000
0.000000
1.665625
0.265743
0.109728
0.000000
2.181749
0.000000
0.291419
0.030794
0.000000
0.000000
0.000000
0.000000
0.000000
0.000000
0.000000
1.279047
2.607354
0.000000
0.000000
0.000000
0.195287
0.000000
0.000000
0.357075
0.000000
0.000000
0.000000
0.000000
0.000000
0.785906
0.000000
0.000000
0.000000
0.000000
0.307443
0.000000
0.000000
0.000000
0.000000
0.000000
0.000000
0.000000
0.000000
0.000000
0.000000
0.000000
0.000000
0.000000
0.000000
0.000000
0.121579
1.700818
0.000000
0.000000
0.000000
0.000000
0.000000
0.000000
0.000000
1.082206
0.000000
1.359500
0.000000
1.205316
0.000000
0.000000
0.000000
0.000000
0.000000
0.000000
0.000000
0.000000
0.000000
3.320505
0.000000
0.000000
0.000000
0.000000
0.000000
0.000000
0.000000
0.000000
0.000000
0.000000
0.613688
0.994621
0.000000
0.000000
0.000000
0.000000
0.000000
0.000000
0.000000
0.000000
0.687716
0.000000
0.000000
0.322069
0.000000
0.000000
0.000000
0.000000
0.000000
0.000000
0.000000
0.000000
0.000000
0.000000
0.000000
0.000000
0.000000
0.000000
0.000000
0.000000
0.000000
0.000000
0.000000
0.422553
0.000000
0.000000
0.000000
0.000000
0.000000
0.000000
0.000000
0.000000
0.000000
0.000000
0.000000
0.000000
0.000000
0.000000
0.025695
0.000000
0.000000
0.000000
0.000000
0.000000
0.000000
0.433133
0.000000
0.000000
0.000000
0.000000
0.030350
0.000000
0.000000
0.000000
0.429645
0.000000
0.000000
0.000000
0.000000
0.000000
0.000000
0.000000
0.495699
0.000000
0.000000
0.000000
0.000000
1.152179
0.000000
0.248829
0.000000
0.000000
0.000000
0.000000
0.000000
0.000000
0.000000
0.000000
0.000000
0.000000
0.000000
0.000000
1.291058
0.000000
0.000000
0.406675
0.000000
0.000000
0.000000
0.000000
0.000000
0.000000
0.000000
0.000000
0.000000
0.650861
0.000000
0.000000
0.000000
0.000000
0.000000
0.000000
0.000000
0.000000
0.719999
0.115330
0.889636
0.000000
0.000000
0.000000
0.000000
0.000000
0.000000
0.000000
0.328185
0.000000
0.061716
0.000000
0.000000
0.000000
0.000000
0.000000
0.000000
1.266571
0.000000
0.000000
0.497094
0.000000
0.000000
0.000000
0.367532
0.000000
0.000000
1.214064
0.000000
0.000000
0.000000
0.000000
0.000000
0.141823
0.000000
0.000000
0.000000
0.000000
0.000000
0.000000
0.000000
0.023043
0.000000
0.000000
2.800611
0.000000
0.000000
0.000000
0.000000
0.000000
0.000000
0.000000
0.000000
0.000000
0.565507
1.674035
0.000000
0.000000
0.218050
0.000000
0.000000
0.000000
0.000000
0.000000
0.000000
0.728077
0.000000
0.680107
0.309901
0.000000
0.000000
0.000000
0.000000
0.000000
0.000000
0.000000
0.000000
2.213952
0.000000
0.000000
0.000000
3.614272
0.000000
0.308638
0.000000
0.000000
0.000000
0.000000
0.000000
0.366605
0.000000
0.000000
0.000000
0.000000
0.000000
0.000000
0.000000
0.000000
0.000000
0.000000
0.000000
0.000000
0.000000
0.318074
0.000000
0.000000
2.439068
0.482535
0.000000
1.630048
0.000000
0.000000
0.000000
0.243381
0.000000
0.000000
0.000000
0.000000
0.000000
0.000000
0.000000
0.000000
2.004891
0.000000
0.000000
0.998098
1.369401
0.000000
0.000000
0.000000
0.099152
0.808498
0.000000
0.000000
0.000000
0.000000
0.000000
0.000000
0.000000
0.000000
0.000000
0.000000
0.380999
0.000000
1.900217
0.000000
0.324735
0.000000
0.000000
0.000000
4.148240
0.000000
0.000000
0.945756
1.816409
0.000000
0.000000
0.000000
0.000000
0.000000
0.740833
0.000000
0.000000
0.000000
0.000000
0.000000
0.000000
0.000000
0.000000
0.560693
0.000000
0.000000
0.000000
0.000000
2.810075
0.000000
0.000000
0.000000
0.000000
0.000000
0.000000
0.000000
0.122319
0.000000
0.000000
0.000000
0.000000
0.000000
0.000000
0.000000
0.000000
0.000000
0.000000
1.057857
0.000000
0.000000
0.000000
1.923000
0.000000
0.000000
0.000000
0.000000
0.211650
0.000000
2.726412
0.000000
0.000000
0.000000
0.000000
0.000000
0.000000
0.962098
0.000000
0.000000
0.000000
0.000000
0.000000
0.000000
0.000000
0.000000
0.000000
0.158800
2.934862
0.000000
0.000000
0.024228
0.000000
0.000000
0.000000
0.000000
0.000000
0.000000
0.000000
0.000000
0.255293
0.000000
0.000000
0.690340
0.000000
0.000000
0.000000
0.000000
0.139822
0.000000
0.000000
0.000000
0.097067
0.000000
0.499549
0.000000
0.000000
0.000000
0.000000
0.477784
0.000000
0.298218
0.000000
0.000000
0.000000
0.000000
0.000000
0.000000
0.000000
0.000000
1.352676
0.000000
0.000000
0.000000
0.000000
1.580019
0.879238
0.000000
1.888328
0.000000
0.000000
0.000000
0.444185
0.000000
0.000000
0.000000
0.000000
0.000000
2.251396
0.000000
0.000000
0.000000
0.000000
0.000000
0.000000
0.000000
0.000000
0.000000
0.000000
1.923241
0.000000
2.720698
0.000000
0.000000
0.000000
0.000000
0.000000
0.971025
1.274840
0.000000
0.000000
0.239122
0.201130
0.000000
0.000000
0.120142
0.000000
0.000000
0.000000
0.000000
0.000000
0.000000
0.000000
0.000000
0.000000
0.000000
1.178291
0.000000
0.000000
0.000000
2.819849
0.000000
1.585067
0.000000
3.514708
0.000000
0.000000
0.000000
2.045724
0.000000
0.000000
0.000000
0.161922
0.000000
0.000000
0.000000
2.666101
2.708216
0.000000
0.000000
0.000000
0.000000
0.000000
2.122016
0.585627
0.000000
0.296951
0.000000
0.000000
1.535692
0.000000
0.000000
0.000000
0.000000
1.906887
0.000000
0.000000
1.555553
0.000000
0.000000
0.000000
0.000000
0.000000
0.000000
0.000000
0.000000
0.686571
0.000000
0.000000
0.000000
2.174794
2.040928
0.000000
0.000000
0.000000
0.659023
0.000000
0.000000
0.000000
0.000000
0.000000
0.463264
2.071620
0.000000
0.000000
0.000000
0.000000
0.000000
0.000000
0.000000
0.000000
0.000000
0.000000
0.000000
0.000000
0.000000
0.000000
0.000000
0.000000
0.000000
0.000000
1.984822
0.000000
2.053068
0.000000
0.120770
0.013802
0.000000
1.459338
0.000000
0.000000
0.000000
1.258757
0.000000
0.000000
0.000000
0.000000
0.000000
0.000000
0.777483
0.000000
0.000000
0.222229
0.000000
0.000000
0.000000
0.000000
0.000000
0.000000
0.000000
0.000000
0.000000
0.000000
0.000000
0.000000
0.768170
0.000000
0.000000
0.000000
0.000000
0.000000
0.000000
0.000000
0.000000
0.000000
0.000000
0.000000
0.000000
0.000000
0.000000
0.000000
3.385829
0.000000
2.230470
0.000000
0.000000
0.000000
0.000000
0.000000
0.000000
0.000000
0.177304
0.000000
0.554853
0.000000
0.000000
0.000000
0.000000
0.000000
0.000000
0.000000
0.000000
2.497747
0.000000
0.000000
0.503623
0.000000
0.787706
0.000000
0.000000
0.000000
0.000000
0.000000
0.000000
0.000000
0.000000
2.158712
0.000000
0.000000
0.000000
0.000000
0.000000
0.000000
1.334607
0.000000
0.000000
0.299518
0.138640
0.000000
0.149499
0.000000
0.000000
0.000000
0.000000
0.000000
0.000000
0.000000
0.000000
0.000000
0.000000
0.000000
0.000000
0.000000
0.000000
0.000000
0.000000
0.000000
0.000000
0.000000
0.000000
0.000000
0.000000
0.000000
0.000000
0.000000
0.000000
1.356177
1.852786
1.719669
0.000000
0.000000
0.000000
0.000000
0.000000
0.181406
0.000000
0.000000
0.000000
0.000000
0.000000
0.291450
0.000000
0.000000
0.000000
0.454403
0.000000
0.000000
0.000000
0.000000
0.000000
0.000000
0.000000
0.000000
0.000000
1.029146
0.000000
0.000000
0.000000
0.000000
0.000000
0.000000
0.000000
0.000000
0.490566
0.000000
0.000000
0.000000
0.602790
0.000000
0.000000
0.000000
0.000000
0.000000
0.000000
0.000000
0.000000
0.584944
0.000000
0.539857
0.000000
0.000000
0.000000
0.000000
0.000000
0.000000
0.000000
0.000000
0.000000
0.000000
0.000000
0.000000
0.000000
0.000000
0.000000
0.000000
0.000000
0.564303
0.000000
0.000000
0.000000
0.000000
0.000000
0.000000
0.726825
1.178856
0.000000
0.937984
0.000000
0.000000
0.000000
0.000000
0.000000
0.000000
0.000000
0.000000
0.000000
0.000000
1.290329
0.000000
0.000000
0.000000
0.000000
1.445219
3.059523
0.000000
0.210450
0.000000
0.000000
0.000000
0.078396
0.000000
0.000000
0.000000
0.000000
0.000000
1.065287
0.000000
0.000000
0.000000
0.329637
0.000000
3.734907
0.000000
0.000000
0.000000
0.000000
0.000000
0.000000
0.000000
1.280224
0.000000
0.000000
0.000000
0.000000
0.000000
0.530106
0.000000
0.000000
0.000000
0.000000
0.000000
0.000000
0.000000
0.000000
0.000000
0.000000
0.000000
0.000000
0.000000
0.830078
0.370467
0.000000
0.000000
0.000000
0.000000
0.000000
0.000000
0.000000
0.000000
0.000000
0.000000
0.000000
0.457009
0.000000
0.000000
2.353052
0.000000
0.000000
0.000000
0.000000
0.000000
0.000000
0.008074
0.000000
0.000000
0.000000
0.000000
1.145561
0.000000
0.000000
0.000000
0.274998
0.000000
0.000000
0.000000
0.000000
0.000000
0.000000
0.000000
0.000000
0.000000
0.000000
0.000000
0.000000
0.000000
0.000000
0.000000
0.000000
0.000000
0.000000
0.000000
0.000000
0.000000
0.000000
0.000000
0.000000
0.000000
0.000000
0.000000
0.000000
0.000000
0.000000
0.000000
0.000000
0.000000
0.000000
0.177855
0.000000
0.000000
0.000000
1.795546
0.000000
0.000000
0.000000
0.985495
0.000000
0.261157
1.956011
0.000000
0.000000
0.957023
0.000000
0.000000
0.000000
0.000000
0.000000
0.655050
1.116034
0.000000
0.538116
0.335257
0.000000
0.538088
0.000000
0.000000
0.000000
0.000000
0.000000
0.000000
2.337549
0.000000
0.000000
0.000000
0.000000
1.574858
0.000000
0.000000
0.000000
0.191826
1.854572
0.000000
0.000000
1.085072
0.000000
0.000000
0.000000
0.000000
1.330065
0.000000
0.000000
0.000000
0.000000
0.000000
0.000000
0.000000
0.000000
0.000000
0.000000
0.000000
0.452287
0.000000
0.000000
0.000000
0.000000
0.000000
0.000000
1.457279
0.000000
0.000000
0.426284
0.000000
1.670302
0.000000
0.000000
0.000000
1.117235
0.000000
0.000000
0.000000
0.000000
0.629097
0.000000
0.000000
0.000000
0.000000
0.000000
0.000000
2.599904
0.425035
0.000000
0.000000
0.000000
0.000000
0.000000
0.213711
0.000000
0.000000
0.000000
0.000000
0.000000
0.000000
0.000000
0.000000
0.000000
0.000000
0.000000
0.000000
0.000000
0.634172
0.000000
0.000000
0.000000
0.565365
0.000000
0.000000
0.912407
0.000000
0.000000
0.000000
2.391563
0.000000
0.000000
1.873475
0.000000
0.000000
0.000000
0.000000
0.000000
0.000000
0.000000
0.526524
0.000000
0.000000
0.000000
0.000000
0.000000
2.221663
0.000000
0.921756
0.000000
0.972894
0.296923
0.000000
0.000000
2.093290
0.000000
0.000000
0.000000
0.000000
0.000000
0.000000
0.000000
0.000000
0.000000
0.323093
1.352288
0.000000
0.000000
0.000000
0.000000
0.000000
0.000000
0.000000
0.000000
0.000000
0.571565
1.489275
0.000000
0.000000
0.000000
0.000000
0.000000
0.000000
0.000000
0.000000
1.509411
0.000000
0.000000
0.000000
0.000000
0.416303
0.000000
0.000000
0.336051
0.000000
0.000000
0.000000
0.000000
0.000000
0.000000
1.225361
0.000000
0.000000
0.000000
0.000000
1.851148
0.000000
0.000000
0.625008
0.000000
0.000000
0.000000
2.126121
0.000000
0.000000
0.007990
4.823782
0.000000
0.000000
0.000000
0.000000
0.000000
0.000000
0.000000
0.000000
0.000000
0.000000
0.000000
0.000000
0.000000
0.000000
0.000000
0.000000
0.000000
0.000000
0.300778
0.000000
0.000000
0.000000
0.000000
0.000000
0.000000
0.000000
0.000000
0.000000
0.000000
0.000000
0.000000
0.000000
0.000000
0.000000
0.000000
0.070211
0.000000
0.000000
0.000000
0.000000
0.000000
0.000000
0.523241
1.863389
1.681845
0.000000
0.000000
0.000000
0.000000
0.304264
0.000000
0.000000
0.000000
0.000000
2.142257
0.000000
0.000000
0.000000
0.000000
0.000000
0.000000
0.000000
0.000000
0.000000
0.640579
0.000000
0.000000
0.000000
0.000000
0.000000
0.101342
0.000000
0.000000
1.685665
0.423226
0.000000
0.000000
0.000000
0.718372
0.000000
0.000000
1.835254
2.779401
0.000000
1.519578
0.000000
0.000000
0.000000
0.000000
0.000000
0.000000
1.028241
0.000000
0.736288
0.987042
0.527364
0.000000
0.423907
0.000000
0.000000
0.000000
1.017369
0.220978
0.000000
0.000000
0.000000
0.000000
0.000000
1.016878
0.000000
0.000000
0.000000
0.000000
0.000000
0.000000
0.000000
0.000000
0.000000
0.000000
0.295205
1.104582
0.000000
0.664491
0.000000
0.000000
0.000000
0.000000
0.000000
0.000000
0.000000
0.000000
0.000000
0.000000
0.000000
0.000000
1.715587
0.000000
0.000000
0.000000
0.000000
0.592062
0.000000
0.160641
0.114941
0.000000
1.709664
0.000000
0.000000
0.000000
0.000000
0.230770
0.000000
0.177711
0.000000
0.000000
1.412997
0.000000
0.190709
0.000000
0.000000
0.000000
0.000000
0.000000
0.000000
0.000000
0.000000
0.000000
0.000000
0.000000
0.000000
0.000000
0.000000
0.930323
0.000000
0.000000
0.000000
0.000000
0.000000
0.000000
1.446906
0.000000
0.000000
0.000000
1.218149
0.000000
0.000000
0.000000
0.000000
0.271447
0.000000
0.000000
0.000000
0.000000
0.000000
0.000000
2.596832
0.000000
0.000000
0.000000
0.000000
0.000000
0.000000
0.000000
0.000000
0.037491
0.000000
0.000000
0.000000
0.419727
0.000000
0.000000
0.000000
0.000000
0.000000
0.149689
0.000000
0.000000
0.000000
0.000000
0.821673
0.000000
0.000000
0.000000
0.076587
0.000000
0.000000
0.000000
0.000000
0.000000
0.000000
0.000000
0.000000
0.000000
1.980066
2.252501
0.000000
0.000000
0.000000
0.000000
0.000000
0.000000
0.000000
2.355110
0.393525
0.000000
0.000000
0.000000
0.000000
1.096852
0.233753
0.000000
1.445081
0.000000
0.022599
0.000000
0.000000
0.000000
0.000000
3.740542
0.602591
0.000000
0.000000
0.583332
0.000000
0.000000
0.000000
0.000000
0.000000
0.000000
0.000000
0.000000
0.276093
0.000000
2.138174
0.000000
0.000000
0.000000
0.000000
0.000000
0.000000
0.000000
0.000000
0.000000
0.000000
0.000000
0.000000
0.000000
1.271416
0.000000
0.000000
0.000000
0.000000
0.730054
0.079757
0.000000
0.000000
0.000000
2.018131
0.000000
0.874993
0.000000
0.000000
0.000000
0.000000
0.000000
0.000000
0.000000
0.000000
1.646199
0.000000
0.000000
0.000000
0.000000
0.994917
0.000000
2.567828
0.000000
0.000000
0.000000
0.000000
0.000000
0.000000
0.850034
0.000000
0.000000
0.000000
0.000000
0.000000
0.000000
0.000000
0.000000
0.508736
0.000000
0.405203
0.000000
0.000000
0.000000
0.859463
0.000000
0.000000
0.000000
0.000000
0.000000
0.000000
0.000000
0.000000
0.000000
0.000000
0.000000
0.000000
0.000000
0.000000
0.000000
0.000000
0.889143
0.000000
0.000000
0.000000
0.009188
0.575177
0.000000
0.000000
0.000000
0.000000
0.000000
3.229093
2.073049
0.000000
0.000000
0.000000
0.852555
0.000000
0.000000
0.000000
0.000000
0.104718
0.000000
0.000000
0.878552
0.000000
0.000000
0.000000
0.598636
0.452779
0.000000
0.000000
0.346434
0.000000
0.000000
0.460213
0.000000
0.363327
0.293811
0.000000
0.000000
0.000000
0.000000
0.000000
0.000000
0.000000
0.000000
1.632636
0.000000
0.000000
0.000000
0.000000
0.000000
0.000000
0.000000
0.000000
1.243263
0.000000
0.000000
0.073410
0.325528
0.000000
0.000000
1.417779
0.000000
0.294956
0.000000
0.000000
0.000000
0.000000
0.000000
0.000000
0.000000
0.000000
0.000000
0.000000
0.000000
0.000000
0.000000
0.000000
0.412333
0.648723
0.000000
0.000000
0.095080
1.955849
0.000000
0.788323
0.000000
0.000000
0.000000
0.000000
0.828137
0.000000
0.000000
0.000000
0.000000
0.083618
0.000000
1.636483
0.370462
1.922937
0.000000
0.000000
0.000000
0.000000
0.000000
0.000000
0.000000
0.000000
0.000000
0.000000
0.000000
0.000000
0.000000
0.000000
0.000000
0.000000
0.000000
0.000000
1.836609
0.000000
0.000000
0.000000
0.000000
0.000000
0.696346
0.000000
0.000000
0.000000
0.000000
0.000000
0.000000
0.000000
0.000000
0.000000
0.000000
0.000000
0.000000
0.000000
1.391419
0.000000
2.212405
0.000000
0.352581
0.000000
0.000000
0.000000
0.000000
0.000000
0.489533
0.000000
0.000000
0.000000
0.807436
0.000000
0.000000
0.488386
0.000000
0.000000
0.000000
0.000000
0.000000
0.000000
0.000000
0.000000
0.116269
0.000000
0.000000
0.000000
0.000000
0.000000
2.084036
0.269913
0.000000
0.000000
0.000000
0.000000
0.000000
2.009915
0.000000
1.529432
0.000000
0.000000
0.819645
0.000000
0.000000
0.000000
1.962933
0.000000
0.000000
0.015434
0.000000
0.000000
0.100149
0.000000
0.000000
0.000000
0.000000
0.000000
0.000000
0.000000
0.000000
0.000000
0.000000
0.000000
0.000000
0.000000
0.000000
0.000000
0.000000
0.000000
0.000000
0.000000
0.143613
0.000000
0.000000
0.877505
0.000000
0.000000
0.000000
0.000000
0.000000
0.000000
0.000000
0.000000
0.000000
0.000000
0.000000
0.000000
0.000000
0.000000
0.000000
0.000000
0.000000
0.496607
0.000000
2.708495
0.000000
0.000000
1.162632
0.000000
0.000000
0.000000
0.000000
0.000000
0.000000
0.000000
0.000000
0.000000
0.000000
0.000000
0.000000
0.000000
0.000000
0.000000
0.000000
0.447296
0.000000
0.000000
2.177359
2.447226
0.000000
0.000000
0.000000
0.000000
0.000000
0.000000
0.000000
0.000000
2.494725
0.000000
0.000000
0.000000
0.000000
0.000000
0.000000
1.249322
0.000000
0.000000
0.000000
0.000000
0.000000
0.000000
0.000000
0.733000
0.000000
0.000000
0.000000
0.000000
0.000000
0.000000
0.000000
0.796477
0.000000
0.324418
0.909455
0.000000
0.000000
0.000000
0.000000
0.000000
0.000000
0.000000
0.000000
0.000000
0.000000
1.078440
0.000000
2.161386
0.000000
0.000000
0.000000
0.000000
0.000000
0.000000
0.000000
2.141520
0.000000
0.000000
0.000000
0.000000
1.185342
0.929348
0.000000
1.676378
0.728948
0.000000
0.000000
0.000000
0.000000
0.000000
0.000000
0.000000
0.680188
0.000000
0.064325
0.000000
0.571237
0.000000
0.000000
0.000000
0.000000
0.000000
0.000000
0.000000
0.000000
0.000000
0.000000
0.817166
0.000000
0.380884
0.000000
0.000000
2.549782
0.000000
0.000000
0.000000
0.000000
5.097186
0.000000
0.000000
0.000000
0.000000
0.000000
0.000000
1.248928
0.000000
0.000000
0.000000
0.000000
0.000000
0.000000
0.000000
0.000000
0.000000
0.000000
1.148566
0.000000
0.000000
0.000000
0.000000
0.000000
0.000000
0.000000
0.000000
0.000000
0.000000
0.191001
0.000000
0.000000
0.000000
0.000000
0.000000
0.000000
0.467024
0.000000
0.000000
0.000000
0.000000
0.000000
0.000000
0.000000
0.000000
0.591003
0.000000
0.085111
0.000000
0.000000
0.000000
2.680041
0.000000
0.000000
0.000000
0.114968
0.000000
0.000000
0.000000
0.000000
0.000000
0.000000
0.000000
0.000000
0.000000
0.000000
0.000000
0.000000
0.000000
0.000000
0.000000
0.000000
0.000000
1.519459
0.000000
0.000000
0.000000
0.000000
0.000000
0.000000
1.675678
0.000000
0.000000
0.000000
0.000000
0.108153
0.000000
0.000000
0.000000
0.000000
0.000000
0.000000
0.000000
0.000000
0.000000
0.000000
0.000000
0.000000
0.000000
0.000000
0.000000
0.000000
0.185887
0.000000
0.000000
0.000000
0.000000
0.000000
0.000000
0.000000
0.000000
0.000000
0.000000
0.000000
0.000000
0.000000
0.000000
0.000000
0.000000
0.000000
0.000000
0.000000
0.000000
0.000000
0.000000
1.008967
0.000000
1.113399
0.000000
0.000000
0.026443
0.000000
0.000000
0.000000
0.000000
0.000000
0.000000
1.827820
1.453099
0.000000
0.000000
0.000000
0.000000
0.000000
0.000000
0.347711
0.000000
0.000000
0.713380
0.000000
0.000000
0.000000
0.000000
0.000000
0.000000
0.000000
0.000000
0.000000
1.381878
0.000000
0.000000
0.000000
0.000000
0.000000
0.000000
0.000000
0.000000
0.000000
1.407461
0.000000
0.000000
0.000000
0.942113
0.000000
0.000000
0.000000
0.000000
0.000000
0.000000
0.000000
0.000000
1.045936
0.000000
0.000000
0.000000
0.000000
0.000000
0.000000
0.000000
1.749924
0.000000
0.238917
0.000000
0.000000
0.000000
0.000000
0.000000
0.000000
0.000000
0.000000
0.000000
0.000000
0.832471
0.000000
0.000000
0.000000
1.206605
0.000000
0.000000
0.000000
0.000000
0.000000
0.000000
0.000000
0.000000
0.000000
0.464383
1.352410
0.000000
0.000000
0.000000
0.000000
0.000000
0.552240
0.000000
2.328221
0.042215
0.000000
0.000000
0.000000
1.371094
0.000000
0.000000
0.000000
0.000000
0.000000
0.000000
0.000000
1.128799
0.000000
0.000000
0.000000
0.105609
0.000000
0.000000
0.000000
0.000000
0.000000
0.000000
0.000000
0.000000
0.506903
0.000000
1.082335
0.000000
0.000000
0.000000
0.000000
0.000000
0.000000
0.000000
1.381595
0.110716
3.331976
0.000000
0.000000
0.000000
0.000000
1.109369
0.000000
0.065454
0.000000
0.000000
1.098990
0.000000
0.000000
0.000000
0.000000
0.000000
0.000000
0.000000
0.822518
0.093903
0.000000
0.000000
1.124338
0.000000
0.000000
0.000000
0.000000
0.598048
0.000000
0.000000
0.000000
1.594167
0.000000
0.000000
0.000000
0.000000
0.000000
0.000000
0.000000
0.000000
0.000000
0.000000
0.000000
0.000000
0.000000
0.000000
0.000000
0.000000
0.398048
0.000000
0.000000
0.000000
0.000000
0.000000
0.000000
0.000000
0.000000
0.000000
0.000000
1.614564
0.000000
0.429537
0.000000
0.000000
1.071211
0.933337
0.000000
0.000000
0.000000
2.294017
0.000000
0.000000
0.000000
2.872043
0.000000
0.511689
0.000000
0.000000
0.000000
0.000000
0.000000
0.000000
0.000000
0.000000
0.000000
0.000000
0.000000
0.167131
0.000000
0.000000
0.000000
0.000000
0.000000
0.000000
0.000000
0.000000
0.000000
0.000000
0.000000
0.000000
0.000000
0.000000
0.000000
0.000000
0.000000
0.000000
0.000000
0.000000
0.110444
0.000000
0.000000
0.426875
0.000000
0.000000
1.985315
0.000000
0.056164
0.000000
0.000000
0.212382
0.000000
0.000000
0.703426
0.000000
0.541922
0.000000
0.000000
0.000000
0.550869
0.000000
0.000000
1.867354
0.000000
1.637612
0.000000
0.000000
0.000000
0.000000
1.855759
0.000000
0.000000
0.000000
0.155306
0.000000
0.000000
0.000000
0.000000
0.000000
1.714626
0.000000
0.000000
0.000000
0.000000
0.000000
0.000000
0.000000
0.370164
0.000000
1.911095
0.000000
2.130587
0.000000
0.000000
0.000000
0.000000
0.000000
0.000000
0.000000
0.000000
0.000000
0.000000
0.000000
0.000000
0.000000
1.003744
1.260740
0.000000
0.000000
0.000000
0.000000
0.000000
0.000000
0.000000
0.000000
0.000000
0.000000
0.000000
0.000000
0.000000
0.404709
2.831599
0.000000
2.144108
0.000000
0.000000
0.000000
0.112971
0.000000
0.000000
0.000000
0.000000
0.072294
0.756174
2.578377
0.000000
0.000000
0.000000
0.787612
0.119723
0.245350
0.085980
0.000000
0.000000
0.000000
0.000000
0.000000
0.000000
0.000000
0.000000
0.000000
0.000000
0.777177
0.000000
0.000000
0.000000
0.084788
0.000000
0.000000
0.000000
0.000000
0.000000
0.052554
0.000000
1.067302
0.000000
0.000000
0.000000
0.000000
0.000000
0.000000
0.000000
0.000000
0.000000
0.000000
0.000000
3.217042
0.057440
0.000000
0.000000
0.000000
0.000000
0.000000
0.000000
0.000000
0.000000
0.000000
0.000000
0.000000
0.000000
0.000000
0.000000
0.000000
0.000000
0.516107
0.000000
0.000000
0.000000
0.000000
0.000000
0.000000
0.000000
0.000000
0.000000
0.000000
0.000000
0.773876
0.000000
1.242829
0.832019
1.541440
0.000000
0.000000
0.000000
0.000000
0.000000
1.635595
0.000000
0.100795
0.000000
0.823572
0.000000
0.000000
0.000000
0.000000
0.000000
0.000000
0.000000
0.000000
0.000000
0.000000
0.000000
0.454985
0.000000
0.000000
0.000000
0.000000
0.000000
0.000000
1.069569
0.000000
0.000000
1.400976
0.000000
0.000000
0.000000
0.000000
0.000000
0.741170
0.280885
0.000000
0.000000
0.000000
0.000000
0.538239
0.000000
1.175558
0.000000
0.000000
0.000000
0.000000
0.000000
0.000000
0.000000
0.000000
0.000000
0.000000
0.000000
0.000000
0.000000
0.000000
0.000000
0.000000
0.000000
0.000000
0.000000
0.147102
0.000000
0.000000
0.000000
0.456053
0.000000
0.000000
0.000000
1.391076
0.000000
0.000000
0.000000
0.000000
0.000000
0.000000
0.000000
0.000000
1.135130
0.000000
0.000000
0.000000
1.954679
0.056587
0.000000
0.000000
0.000000
0.000000
0.848936
0.000000
0.000000
0.000000
0.000000
0.000000
0.000000
0.000000
0.000000
0.000000
0.000000
0.000000
0.000000
2.210011
0.000000
0.000000
0.000000
0.000000
0.000000
0.000000
0.000000
0.052563
3.451936
2.458838
0.000000
0.000000
0.000000
0.000000
0.000000
0.000000
0.000000
0.000000
0.000000
0.000000
0.383698
0.000000
0.000000
0.000000
0.000000
0.201093
0.000000
0.000000
0.000000
0.000000
0.429670
0.000000
0.000000
0.000000
0.000000
0.828192
2.135361
1.203730
0.000000
0.000000
0.000000
0.000000
0.000000
0.000000
0.000000
0.000000
0.000000
0.000000
0.000000
0.000000
0.447901
0.000000
0.000000
0.596626
0.000000
0.000000
0.000000
0.000000
0.000000
0.000000
0.278387
0.219104
0.000000
0.000000
0.000000
0.000000
0.000000
0.000000
0.000000
1.745015
0.000000
0.000000
0.852571
0.000000
0.000000
0.799147
0.000000
1.021603
0.538329
0.000000
0.000000
0.000000
0.000000
0.000000
0.000000
0.000000
0.023522
0.000000
0.000000
0.000000
0.000000
0.000000
0.000000
0.000000
0.000000
0.000000
1.352190
0.000000
0.000000
0.000000
0.072995
0.756200
0.000000
0.000000
0.000000
0.000000
0.000000
1.821712
0.000000
0.000000
0.000000
0.000000
0.000000
0.000000
0.000000
0.000000
0.000000
0.000000
0.000000
0.000000
0.000000
0.000000
0.000000
0.000000
0.000000
0.000000
0.000000
0.000000
1.495184
0.000000
0.223797
0.000000
0.000000
0.000000
2.180556
0.000000
0.000000
2.717617
0.000000
1.272324
0.000000
0.000000
0.000000
0.000000
0.078199
0.000000
0.000000
3.916053
1.170811
0.000000
0.000000
0.000000
0.000000
0.000000
0.000000
0.000000
0.000000
0.000000
0.295872
0.000000
0.000000
0.000000
