0.255644
0.453150
0.000000
0.000000
0.536606
0.000000
1.087804
0.000000
0.194399
0.000000
0.000000
0.775853
1.461326
0.000000
0.000000
0.000000
0.000000
0.000000
0.000000
0.000000
0.000000
0.000000
0.000000
0.726717
0.000000
2.280948
0.000000
0.000000
0.000000
0.094213
0.486047
1.057688
0.000000
0.752852
0.000000
2.984083
0.000000
0.000000
0.057911
0.000000
0.637378
0.048955
0.000000
0.000000
0.550568
0.000000
1.334357
2.904007
0.000000
0.000000
0.000000
0.000000
0.000000
0.000000
0.000000
2.901305
0.000000
0.000000
0.000000
0.000000
0.000000
0.145364
0.000000
0.000000
1.096651
0.000000
0.000000
0.000000
0.000000
0.000000
0.000000
0.000000
0.000000
0.000000
0.000000
0.000000
0.000000
0.000000
0.000000
1.972227
0.000000
0.000000
0.000000
0.000000
0.000000
0.707319
0.000000
1.455319
0.000000
0.000000
0.400212
0.068612
0.000000
0.000000
0.000000
0.000000
0.000000
0.000000
0.415775
0.000000
0.000000
0.000000
0.000000
0.000000
0.000000
0.000000
0.000000
0.000000
0.000000
0.000000
0.600608
0.883357
0.000000
0.000000
0.000000
0.844221
0.000000
0.000000
0.000000
0.000000
0.962855
0.659346
0.000000
0.000000
0.000000
0.257912
0.000000
0.000000
0.000000
0.031003
0.000000
1.112280
0.271370
0.000000
0.000000
0.000000
0.000000
0.000000
0.000000
0.000000
0.000000
1.206846
1.063751
1.752424
0.000000
0.000000
0.000000
0.000000
0.000000
0.216935
0.634311
0.000000
0.218596
0.000000
0.029266
0.000000
0.520346
1.824945
0.376377
0.000000
0.000000
0.471761
0.000000
0.148777
0.802561
0.000000
0.000000
0.000000
0.000000
0.299996
0.000000
0.000000
0.000000
1.507670
0.000000
0.484744
0.000000
1.175632
0.000000
1.951059
0.494514
0.000000
0.000000
0.000000
0.000000
0.000000
0.098634
0.000000
0.000000
0.000000
3.059102
0.000000
0.000000
0.000000
0.000000
0.000000
0.000000
0.000000
0.000000
0.000000
0.000000
0.000000
0.178086
0.000000
0.000000
0.000000
0.000000
0.172866
0.128684
0.000000
0.000000
0.000000
0.000000
0.262006
0.000000
0.000000
0.687450
0.000000
0.000000
0.000000
0.000000
0.000000
0.055469
0.000000
0.000000
0.000000
0.000000
0.254457
0.848143
1.642556
0.000000
0.751811
2.843917
0.000000
0.598005
0.000000
0.000000
0.000000
0.000000
0.000000
0.000000
0.000000
0.000000
0.000000
0.416210
0.789473
0.000000
0.000000
0.000000
0.000000
0.000000
0.000000
0.000000
0.000000
1.277977
0.000000
0.000000
0.000000
0.000000
0.010375
0.618597
0.000000
0.000000
0.000000
0.000000
0.000000
0.000000
0.000000
0.000000
0.000000
0.000000
0.000000
0.000000
0.000000
0.000000
0.000000
0.000000
0.000000
0.000000
0.000000
0.000000
0.000000
0.810795
0.000000
0.000000
0.000000
0.000000
0.000000
0.000000
0.000000
0.769930
1.355237
0.000000
1.691760
0.000000
0.465476
0.000000
2.795794
0.000000
1.791438
0.000000
1.434501
0.000000
0.000000
0.000000
0.000000
0.000000
0.000000
0.001198
0.000000
0.000000
0.000000
0.131505
0.316060
0.000000
1.924730
0.000000
0.000000
0.000000
0.000000
0.000000
0.771540
0.000000
0.000000
0.640058
0.000000
0.000000
0.000000
0.000000
0.000000
0.000000
0.000000
0.000000
0.000000
0.761738
0.000000
0.000000
1.460671
0.000000
0.000000
0.000000
0.000000
0.000000
0.000000
0.000000
0.000000
0.000000
0.000000
0.000000
0.000000
1.819012
0.000000
1.023080
0.000000
0.000000
0.000000
0.000000
0.000000
0.000000
0.095884
0.000000
0.000000
1.111212
0.209833
0.000000
2.460256
0.000000
0.000000
0.000000
1.600665
0.000000
0.000000
0.000000
0.000000
0.000000
0.000000
0.000000
0.000000
0.181808
0.208723
0.000000
0.000000
0.000000
0.000000
0.000000
1.321612
0.000000
0.086049
0.062361
0.000000
0.289276
0.000000
0.000000
0.000000
0.000000
0.000000
0.000000
0.000000
0.000000
0.000000
0.000000
0.000000
0.000000
0.000000
0.000000
0.000000
0.000000
0.000000
0.000000
0.065803
0.000000
0.000000
0.000000
0.363110
0.000000
0.000000
1.472205
0.000000
0.744278
0.000000
0.000000
0.000000
0.000000
0.000000
0.428279
0.000000
0.000000
0.000000
0.000000
0.035037
0.000000
0.000000
0.000000
0.000000
0.000000
0.000000
1.058969
0.754534
0.000000
0.000000
0.000000
0.000000
0.489623
0.000000
0.000000
0.000000
0.000000
0.000000
0.000000
0.110266
0.000000
0.000000
0.646536
0.000000
0.000000
1.767910
0.000000
0.000000
0.000000
0.000000
0.000000
0.757024
0.000000
0.000000
0.462115
0.000000
0.000000
1.309959
0.000000
0.000000
0.000000
0.000000
0.000000
0.000000
3.387161
0.000000
0.000000
0.870754
0.000000
0.748068
0.000000
0.000000
0.000000
0.000000
0.000000
0.000000
1.185103
0.000000
0.292807
1.145322
0.000000
2.789716
1.678664
0.000000
0.756260
0.000000
0.000000
0.000000
0.000000
0.000000
0.000000
0.000000
0.813059
0.563562
0.000000
1.007266
0.256144
0.000000
0.000000
0.000000
0.000000
0.000000
2.004622
0.000000
0.486293
0.000000
0.000000
1.148985
0.000000
0.000000
0.000000
0.000000
0.000000
0.000000
0.000000
0.000000
0.000000
1.580805
0.000000
0.000000
1.452237
0.000000
0.000000
1.897811
0.000000
0.000000
0.000000
0.765605
0.221527
0.000000
0.000000
0.000000
0.000000
0.000000
0.000000
0.000000
0.000000
0.000000
0.000000
0.313806
0.000000
0.000000
0.000000
0.000000
0.000000
2.209641
0.000000
0.000000
0.000000
0.000000
0.000000
0.000000
0.000000
0.000000
0.000000
0.000000
0.000000
0.000000
0.000000
0.000000
0.000000
0.195014
0.000000
1.893071
1.608303
0.000000
0.786168
0.000000
0.985522
0.000000
0.000000
0.000000
0.804681
0.000000
0.000000
1.524953
0.000000
0.000000
0.000000
0.000000
0.000000
0.000000
0.000000
0.000000
0.000000
0.626100
0.000000
1.978262
0.000000
0.000000
0.000000
0.000000
0.000000
0.000000
0.000000
0.000000
0.477068
0.000000
0.000000
0.000000
0.000000
1.439308
0.000000
0.000000
0.000000
0.000000
0.000000
0.000000
1.187584
0.000000
0.000000
2.172539
0.000000
0.000000
0.000000
2.663105
0.000000
0.296715
0.000000
0.000000
0.000000
0.392087
0.000000
0.000000
0.071635
0.000000
1.734691
0.302466
1.317744
0.000000
0.000000
0.000000
0.552630
0.000000
0.000000
0.000000
0.000000
0.079560
0.000000
0.000000
0.914283
2.852565
0.000000
0.000000
0.000000
0.000000
0.000000
0.000000
0.774355
0.697782
0.000000
0.000000
0.002017
0.000000
0.000000
0.000000
2.861418
0.000000
0.000000
0.340632
0.000000
0.527185
0.000000
0.000000
0.000000
0.000000
0.000000
0.000000
0.000000
0.000000
0.000000
0.175418
0.275382
0.000000
0.000000
0.000000
0.000000
0.000000
1.073462
0.754735
0.000000
0.000000
0.000000
0.000000
1.668484
0.000000
0.099792
0.000000
0.000000
1.064923
2.121066
0.000000
0.000000
0.000000
1.156512
0.000000
0.000000
0.405789
0.000000
0.000000
0.000000
0.000000
0.000000
1.128540
0.165193
0.000000
0.000000
0.000000
0.000000
1.115842
0.000000
0.000000
1.114467
0.000000
0.000000
0.640104
0.000000
0.000000
1.767502
0.000000
0.000000
1.610905
0.000000
0.000000
0.000000
0.000000
0.717495
0.847631
0.000000
0.000000
0.000000
0.000000
2.315294
0.000000
0.000000
0.000000
0.022464
2.588196
0.000000
0.000000
0.555396
0.000000
0.000000
2.027035
0.000000
0.000000
0.458041
0.000000
0.000000
0.735836
0.000000
0.000000
0.000000
0.000000
0.000000
0.580663
0.000000
0.000000
0.272692
1.017923
0.000000
0.000000
0.000000
0.435964
0.000000
0.000000
0.000000
0.000000
0.000000
0.000000
0.000000
0.051174
0.000000
2.088448
1.497500
0.000000
0.804871
0.000000
0.000000
0.000000
0.000000
0.000000
1.421198
0.000000
0.000000
0.004683
0.000000
0.000000
0.000000
0.000000
1.896356
0.000000
0.000000
0.000000
0.697557
0.000000
0.000000
0.000000
0.000000
0.014415
0.000000
1.410060
0.000000
0.000000
1.439766
0.000000
0.000000
0.000000
0.000000
0.000000
0.000000
0.000000
0.110846
0.000000
0.000000
0.000000
0.000000
0.000000
0.000000
0.000000
0.000000
0.688707
1.353542
0.000000
0.000000
1.133794
0.000000
0.242681
0.673312
0.000000
0.000000
0.000000
0.000000
0.000000
0.000000
0.000000
0.867356
0.688509
0.000000
0.000000
0.000000
0.000000
0.000000
0.000000
0.762447
0.000000
0.000000
0.000000
0.000000
0.000000
0.000000
0.582210
0.000000
0.000000
0.000000
0.000000
2.734828
0.000000
0.000000
0.000000
0.000000
0.244260
1.865958
1.975905
0.000000
0.000000
0.884125
0.000000
0.255304
0.000000
0.000000
0.000000
0.000000
0.303673
0.518663
1.223564
0.000000
0.000000
0.000054
3.303483
0.000000
0.000000
0.000000
0.000000
0.000000
2.929434
0.180673
0.000000
0.000000
0.000000
0.000000
0.824148
0.000000
1.215453
0.000000
0.000000
0.690681
0.000000
0.000000
0.000000
1.564825
2.153369
0.642510
0.000000
1.100917
0.000000
1.744644
0.000000
0.000000
0.000000
0.000000
0.000000
0.963496
2.615126
1.537870
0.000000
0.452852
0.000000
0.000000
1.410844
0.664470
0.000000
0.000000
0.000000
0.000000
2.113491
3.143202
0.270668
0.000000
0.859184
0.000000
2.382826
0.709335
0.486078
0.000000
0.360635
0.000000
2.541404
0.000000
0.000000
0.000000
2.708587
0.000000
0.000000
0.000000
2.290189
0.000000
0.000000
0.000000
2.235680
0.000000
1.285410
0.444084
0.000000
3.294915
0.000000
0.000000
0.000000
2.956161
0.000000
0.000000
0.582715
0.000000
0.000000
0.000000
2.983094
0.000000
0.000000
0.000000
0.322518
0.000000
0.000000
0.978435
0.000000
0.000000
0.000000
0.000000
2.445259
0.000000
0.000000
0.000000
0.326149
0.000000
1.393911
0.000000
0.000000
1.892453
0.000000
0.000000
0.000000
0.000000
0.000000
0.000000
0.000000
0.000000
0.000000
3.975403
0.000000
0.000000
0.000000
0.000000
0.000000
1.324416
0.000000
0.296377
0.000000
0.000000
0.000000
0.000000
0.000000
0.000000
0.030436
0.000000
0.000000
0.000000
0.000000
0.000000
0.024052
1.756811
0.000000
0.000000
0.000000
0.000000
0.000000
0.000000
0.000000
0.896129
0.939549
0.054569
1.590153
0.000000
0.000000
0.634491
0.000000
0.016343
0.000000
0.000000
0.000000
0.000000
0.280435
0.757732
0.000000
0.000000
0.000000
0.850857
0.000000
0.000000
0.000000
0.000000
0.000000
0.000000
0.000000
0.000000
0.000000
0.000000
1.475944
0.000000
0.647213
0.000000
0.000000
0.000000
0.000000
0.000000
0.000000
0.000000
0.061452
0.000000
0.000000
0.000000
0.673565
0.000000
0.000000
0.000000
0.000000
2.637970
0.000000
0.000000
0.000000
0.000000
0.796613
0.000000
0.000000
0.000000
0.423683
0.000000
0.000000
1.935572
0.774339
0.000000
0.000000
0.000000
0.000000
0.000000
0.000000
0.000000
1.131513
0.000000
0.000000
0.000000
0.000000
0.000000
0.000000
0.598097
0.845065
0.008486
0.000000
0.000000
0.000000
0.000000
0.000000
0.000000
0.000000
0.000000
0.000000
0.000000
0.000000
2.421687
0.000000
0.767070
0.000000
0.000000
1.385955
0.000000
0.795128
0.247467
0.000000
0.000000
0.000000
0.000000
0.000000
0.000000
0.000000
0.000000
0.457799
0.000000
0.000000
0.000000
0.000000
0.000000
0.000000
0.000000
0.000000
0.000000
1.140154
0.000000
0.000000
1.308183
0.000000
0.000000
0.000000
0.000000
0.000000
0.000000
0.000000
0.000000
0.000000
0.000000
0.000000
0.000000
0.000000
3.066962
0.079923
0.000000
0.000000
0.000000
0.000000
0.000000
0.000000
2.767085
0.647420
0.000000
0.000000
0.000000
0.000000
2.477803
0.000000
0.000000
0.000000
0.748733
0.000000
0.000000
0.000000
0.000000
0.000000
0.461901
1.067432
0.000000
2.669601
0.148579
0.000000
0.483745
1.212063
0.000000
2.486649
0.000000
0.000000
0.000000
0.651568
0.000000
1.200435
0.000000
0.951520
0.000000
4.548112
0.000000
0.000000
0.000000
0.000000
0.000000
0.000000
0.000000
0.000000
1.571295
0.000000
0.388827
0.000000
0.000000
0.000000
0.000000
0.924165
0.000000
0.000000
0.000000
0.000000
1.767799
0.000000
0.000000
0.000000
0.521691
0.000000
1.795669
0.685571
0.000000
1.479732
0.375801
0.000000
0.000000
0.362749
0.000000
0.847616
0.974653
0.000000
0.000000
0.000000
0.149646
1.286459
0.000000
0.000000
1.451217
0.173593
0.000000
0.000000
0.000000
0.000000
0.000000
0.000000
0.000000
0.000000
0.000000
0.000000
0.000000
0.000000
0.000000
0.000000
1.231331
1.557012
1.727459
0.000000
0.000000
0.333825
0.000000
0.000000
0.000000
0.000000
0.000000
0.000000
0.000000
0.000000
0.000000
0.716569
0.000000
0.000000
0.000000
0.000000
0.000000
2.971095
0.000000
0.000000
0.000000
0.000000
0.097496
0.000000
0.000000
0.000000
0.000000
0.000000
0.000000
0.000000
0.000000
0.811170
0.000000
0.000000
0.352267
0.000000
0.000000
0.000000
0.743221
0.000000
0.000000
1.389815
0.361885
0.000000
0.000000
0.000000
0.000000
0.000000
0.000000
2.864895
1.344653
0.000000
2.173600
0.527479
0.000000
0.302749
0.363418
0.000000
0.000000
0.000000
0.000000
0.783531
0.000000
0.000000
0.446229
0.000000
0.000000
2.572680
0.000000
1.866447
1.275195
0.000000
3.065661
1.842612
0.000000
0.671988
0.431876
0.000000
0.795911
0.779275
0.226873
0.061611
0.000000
0.000000
0.000000
0.422321
0.000000
0.000000
0.000000
0.000000
0.000000
0.264117
0.000000
0.000000
0.000000
0.000000
0.000000
0.000000
0.586025
0.000000
0.000000
0.000000
0.000000
0.000000
0.000000
0.430035
0.000000
0.000000
0.000000
0.000000
0.242657
0.000000
0.000000
0.495216
0.557902
0.000000
0.000000
0.000000
0.132124
0.054912
0.000000
0.000000
0.000000
0.000000
0.177355
0.000000
0.568033
0.000000
0.267004
1.707726
0.000000
0.000000
1.672734
0.292267
0.119401
0.000000
0.000000
0.000000
0.000000
0.000000
0.000000
0.000000
0.000000
0.000000
0.000000
0.000000
0.000000
0.000000
0.000000
0.000000
0.000000
0.000000
0.000000
0.000000
0.000000
0.000000
0.000000
0.495343
0.000000
0.000000
0.441199
0.000000
0.000000
0.000000
0.000000
0.000000
0.053505
1.633630
0.319486
0.000000
0.000000
0.000000
0.000000
0.000000
0.000000
0.000000
0.000000
0.000000
0.000000
0.000000
0.000000
0.000000
0.000000
0.000000
0.000000
0.000000
0.000000
0.000000
0.000000
1.508598
0.000000
0.000000
0.000000
0.000000
0.000000
0.886204
0.000000
0.613005
0.000000
0.000000
0.000000
0.000000
0.000000
3.087931
0.186908
0.504020
0.000000
0.000000
0.539908
0.000000
0.000000
0.363174
0.000000
0.000000
0.000000
0.000000
0.000000
0.000000
0.000000
2.225306
0.000000
0.000000
0.000000
1.875106
0.000000
2.917434
0.000000
0.000000
0.000000
0.000000
0.000000
0.000000
0.000000
0.605808
0.000000
0.000000
0.000000
0.000000
0.000000
0.000000
0.000000
1.404581
0.000000
2.523212
0.000000
0.000000
0.000000
0.000000
0.000000
0.000000
0.000000
0.000000
2.190233
0.943690
0.000000
0.000000
0.000000
0.000000
0.000000
0.000000
1.126089
0.000000
0.000000
0.000000
0.818552
0.000000
0.000000
0.000000
0.000000
0.000000
0.145590
0.000000
0.000000
0.000000
0.000000
0.000000
0.000000
0.000000
0.000000
0.000000
0.038300
0.000000
0.000000
1.076453
0.000000
0.000000
0.027961
0.000000
0.000000
0.000000
0.000000
0.000000
0.000000
1.858678
0.753308
0.000000
0.000000
0.000000
0.053493
0.000000
0.000000
0.000000
0.000000
0.000000
0.000000
0.000000
0.000000
0.000000
0.000000
1.535193
0.587240
0.000000
0.000000
2.278496
0.000000
0.000000
0.000000
0.000000
0.085895
1.138768
0.000000
0.000000
0.000000
0.000000
0.000000
0.000000
0.000000
0.188064
0.000000
0.000000
0.000000
0.000000
0.827411
0.827914
0.000000
0.000000
0.168632
0.000000
0.000000
0.000000
0.000000
0.000000
0.000000
1.501291
0.000000
0.502763
0.560928
0.000000
0.000000
0.000000
0.720009
0.000000
0.519403
0.879421
0.073463
2.273272
0.000000
0.000000
0.000000
0.000000
0.000000
1.531093
0.000000
0.000000
0.000000
0.000000
0.000000
0.000000
0.000000
0.000000
0.000000
3.063580
0.000000
0.000000
0.000000
0.695992
0.000000
0.000000
0.066122
0.000000
0.000000
2.658393
0.000000
0.000000
0.000000
0.000000
0.000000
0.000000
0.000000
0.000000
0.000000
0.016224
0.000000
0.000000
0.353439
0.000000
0.000000
0.000000
0.000000
0.894309
0.000000
0.136957
0.516556
0.000000
0.000000
0.000000
0.848628
0.000000
0.000000
0.000000
0.000000
0.125208
0.000000
0.000000
0.000000
0.000000
0.000000
1.828216
0.000000
0.000000
0.000000
0.000000
0.000000
0.000000
1.603309
0.000000
0.371920
0.696216
0.000000
0.000000
2.104725
0.000000
0.000000
0.000000
0.000000
0.000000
0.000000
0.000000
0.734951
0.000000
2.191328
1.953345
0.898384
0.000000
0.000000
1.775100
0.000000
0.000000
2.340871
1.706946
0.000000
0.000000
0.000000
0.000000
0.000000
0.000000
0.000000
1.524774
2.322711
0.000000
0.000000
0.000000
0.000000
0.661450
0.218433
0.182553
0.000000
1.205063
0.000000
1.133365
0.316487
0.000000
0.000000
0.000000
0.000000
0.000000
1.239180
0.000000
0.000000
0.000000
0.000000
0.000000
0.000000
0.000000
0.000000
0.000000
0.000000
3.140733
0.000000
0.000000
0.000000
0.000000
0.000000
0.000000
0.000000
0.000000
0.000000
0.000000
0.867292
0.000000
0.000000
0.000000
0.000000
0.000000
0.000000
4.114080
0.422784
0.000000
0.000000
0.000000
0.000000
0.586533
0.000000
0.000000
0.000000
0.000000
0.000000
0.000000
0.000000
0.000000
0.000000
0.695592
1.196256
0.000000
0.000000
0.000000
0.000000
0.000000
0.000000
0.312095
0.000000
0.000000
0.000000
1.091422
0.000000
0.000000
0.025379
0.000000
0.000000
0.451210
0.428724
0.000000
0.000000
0.230432
2.536415
0.000000
0.000000
0.000000
0.000000
2.389624
1.288809
0.117176
1.097558
0.000000
0.000000
0.000000
0.000000
0.000000
0.000000
0.717441
3.816216
1.662621
0.000000
0.000000
0.000000
0.000000
0.000000
0.000000
2.494907
0.000000
1.733807
0.000000
0.000000
0.000000
0.000000
0.058163
0.000000
0.418029
0.000000
1.959834
0.000000
0.000000
0.000000
0.000000
0.000000
0.318380
0.000000
0.000000
0.000000
0.359630
0.000000
0.000000
2.752164
0.000000
0.000000
0.000000
0.003646
0.961498
0.362586
0.000000
0.000000
0.000000
0.519725
0.000000
0.000000
0.000000
0.000000
0.000000
0.000000
0.000000
0.000000
0.000000
1.294494
0.000000
0.000000
0.000000
0.000000
0.323527
0.000000
0.000000
0.000000
0.000000
0.000000
0.000000
0.000000
0.112525
0.000000
0.837803
2.485159
0.000000
0.000000
0.000000
0.000000
0.000000
0.000000
0.000000
1.603467
0.000000
0.000000
0.938698
0.000000
0.000000
0.000000
0.000000
0.000000
0.000000
0.000000
0.000000
0.000000
0.376116
0.000000
0.000000
0.000000
0.000000
0.000000
0.000000
0.637614
0.000000
0.000000
0.531129
0.000000
0.000000
0.000000
0.000000
0.000000
0.000000
0.000000
0.000000
0.000000
0.000000
0.000000
0.000000
0.000000
0.430160
0.000000
0.000000
0.000000
0.000000
0.926431
0.000000
0.000000
0.000000
0.257242
0.000000
0.000000
0.000000
0.000000
1.208669
0.529670
0.000000
0.000000
0.000000
0.149181
0.852546
0.000000
0.000000
0.546903
0.000000
2.466642
0.000000
1.069420
0.000000
1.886451
0.000000
0.000000
0.000000
0.000000
0.000000
0.000000
0.376459
0.000000
0.000000
0.921546
0.000000
0.851551
0.000000
0.000000
0.000000
0.887637
0.000000
1.230714
0.000000
0.000000
1.425513
0.000000
0.000000
1.005685
0.000000
0.000000
0.000000
0.000000
0.000000
0.000000
0.925311
0.000000
0.307054
2.353525
0.000000
0.000000
0.000000
0.000000
0.000000
0.000000
0.000000
0.000000
0.483881
0.000000
0.000000
0.000000
0.000000
0.000000
0.000000
0.000000
0.000000
0.640438
0.000000
0.000000
0.000000
2.605917
0.000000
0.000000
1.949646
0.000000
0.000000
1.244247
0.000000
0.000000
0.000000
0.000000
0.542264
0.885024
0.000000
0.000000
2.121042
1.398161
0.445342
0.000000
0.183070
0.000000
0.000000
0.000000
0.000000
0.493533
0.000000
2.363863
1.813787
0.322476
0.000000
0.000000
0.000000
0.000000
0.000000
0.000000
0.000000
0.000000
0.000000
0.000000
0.972227
0.000000
0.000000
0.000000
0.000000
0.000000
1.880707
0.000000
0.000000
0.000000
1.702791
0.000000
0.000000
0.000000
0.000000
0.000000
0.000000
0.000000
0.000000
0.000000
0.000000
0.000000
0.000000
0.000000
0.000000
0.188338
0.000000
0.000000
0.373293
0.000000
0.000000
0.000000
0.000000
0.000000
0.000000
0.000000
0.360050
0.763450
0.000000
0.843445
0.810261
0.440820
0.000000
0.000000
0.000000
0.000000
0.000000
0.000000
0.187895
0.000000
0.040387
0.000000
0.000000
0.000000
0.000000
0.000000
0.714547
0.000000
0.000000
0.000000
0.323681
0.000000
1.197535
1.239501
1.815231
0.000000
0.000000
0.147210
0.000000
0.999071
0.000000
0.000000
0.097039
0.000000
0.000000
1.561185
2.964670
3.155844
0.155048
0.739037
0.516490
0.000000
0.000000
0.000000
0.000000
0.000000
0.000000
0.000000
0.000000
1.283864
0.000000
0.000000
0.000000
0.000000
0.910390
0.000000
0.000000
0.000000
0.003359
0.000000
0.442915
0.000000
0.608533
0.000000
1.308383
0.000000
0.000000
0.000000
0.391182
0.000000
0.438055
0.788555
0.000000
0.000000
0.316524
0.000000
0.000000
0.000000
0.000000
0.000000
0.000000
0.000000
0.000000
0.000000
0.000000
0.071567
0.000000
0.000000
0.000000
0.000000
2.738080
0.000000
0.000000
0.000000
0.301901
0.166249
0.000000
0.000000
0.000000
1.890068
0.000000
0.000000
0.000000
0.000000
1.780558
0.000000
0.000000
0.000000
0.000000
1.318679
0.000000
0.000000
0.068942
0.000000
0.000000
0.000000
0.000000
0.681625
0.000000
0.000000
1.004072
0.003658
0.000000
1.152884
0.000000
0.578205
0.000000
0.000000
0.000000
0.000000
0.000000
0.000000
0.000000
0.000000
0.000000
0.000000
0.000000
0.000000
0.784637
0.000000
0.000000
0.141279
0.000000
0.552826
0.644178
0.000000
0.000000
0.000000
0.467435
0.030181
0.000000
0.000000
0.000000
0.519894
2.481313
0.033946
0.000000
0.000000
0.000000
0.000000
0.092983
1.464881
0.000000
0.000000
0.000000
1.379364
0.000000
0.647946
0.000000
0.000000
0.166004
2.055187
0.000000
0.000000
0.000000
0.000000
0.000000
2.596859
0.000000
2.759351
0.000000
0.000000
0.000000
0.000000
0.000000
0.000000
0.000000
0.000000
0.000000
0.014806
0.000000
0.000000
0.077239
0.337229
0.000000
0.000000
1.220648
0.633800
0.000000
0.192983
0.330625
0.000000
0.130324
0.000000
0.000000
0.000000
0.000000
0.000000
0.000000
0.299791
0.000000
0.298375
0.000000
0.000000
1.902192
0.000000
0.778226
0.000000
0.000000
0.000000
0.000000
0.000000
0.000000
0.000000
0.000000
1.899430
0.000000
0.000000
0.000000
0.383353
0.000000
0.000000
0.225283
0.000000
0.542862
0.000000
0.869016
0.000000
0.000000
0.000000
0.000000
0.000000
0.465385
0.000000
0.000000
0.666249
1.871181
0.000000
0.000000
2.753277
0.038377
0.000000
0.000000
0.135677
0.922571
0.387528
0.410422
0.000000
0.000000
0.000000
0.000000
0.000000
0.000000
0.000000
0.000000
0.000000
0.000000
0.726410
0.000000
0.000000
0.836592
0.000000
0.000000
0.000000
0.390248
2.017154
1.316997
1.028238
0.000000
0.000000
0.000000
0.000000
0.319691
2.150619
0.000000
0.000000
0.000000
0.000000
0.000000
1.505512
2.863786
0.000000
0.000000
3.036197
0.000000
0.000000
0.000000
1.966548
0.000000
0.000000
0.000000
0.500731
0.000000
0.000000
0.000000
0.000000
0.000000
0.000000
0.000000
1.747918
0.000000
0.000000
0.000000
0.000000
0.000000
0.000000
0.000000
0.000000
0.566224
0.000000
0.000000
0.000000
0.000000
2.374110
0.000000
0.000000
0.000000
1.147172
0.000000
0.000000
0.299949
0.000000
0.000000
0.019121
0.000000
0.000000
0.000000
0.711462
0.000000
0.000000
0.000000
0.000000
1.248910
0.000000
0.000000
0.000000
0.000000
1.279052
0.000000
0.000000
0.000000
0.000000
0.000000
0.000000
0.000000
0.000000
0.000000
0.000000
0.111075
0.000000
0.362360
0.995335
2.204209
0.000000
0.000000
0.000000
0.000000
0.000000
0.000000
0.069787
0.000000
1.251613
0.503728
0.000000
0.000000
0.000000
0.000000
0.000000
0.000000
0.000000
0.334993
0.000000
0.000000
0.000000
0.000000
0.716975
0.000000
0.000000
0.000000
0.062117
0.000000
2.345290
0.000000
0.000000
0.000000
0.000000
0.000000
0.000000
1.683344
0.000000
0.000000
0.000000
0.793261
0.000000
0.000000
0.000000
0.000000
0.000000
1.505078
2.195763
0.000000
0.123689
0.000000
0.000000
0.063304
0.000000
0.000000
0.000000
0.000000
0.000000
4.874514
0.766216
0.000000
0.669791
0.000000
0.599111
0.000000
1.679506
0.000000
0.000000
0.000000
0.000000
0.000000
0.476787
0.000000
0.000000
0.000000
0.467065
0.000000
0.000000
0.000000
0.000000
1.127205
0.000000
0.709294
0.000000
2.557134
0.000000
0.344776
0.033601
0.000000
0.000000
0.865565
0.000000
0.599055
0.099430
0.000000
0.889384
0.000000
0.000000
0.000000
0.502745
0.000000
0.000000
0.000000
0.000000
0.000000
1.721437
0.000000
0.000000
0.000000
0.000000
0.000000
0.580043
0.000000
0.233312
0.000000
0.000000
0.801330
0.000000
0.000000
2.365077
0.909557
0.000000
0.000000
0.000000
0.000000
0.000000
0.000000
0.000000
1.939586
0.000000
0.735598
0.000000
1.131261
0.158884
0.000000
0.000000
0.000000
0.000000
0.000000
0.000000
0.000000
0.000000
0.000000
0.000000
0.000000
0.000000
0.000000
0.000000
0.000000
0.000000
0.000000
0.000000
0.000000
0.000000
0.000000
0.370056
1.378655
1.225922
0.000000
0.000000
0.000000
0.000000
0.000000
0.000000
0.000000
0.000000
0.000000
0.000000
0.000000
0.000000
0.000000
0.000000
0.000000
0.000000
0.000000
0.000000
0.000000
0.785033
0.000000
0.000000
0.000000
0.000000
0.000000
0.000000
0.809732
3.199006
0.000000
0.000000
1.245104
0.000000
0.000000
0.000000
0.000000
0.000000
0.000000
0.000000
0.000000
0.000000
0.000000
0.000000
0.000000
0.000000
0.000000
0.000000
0.000000
0.000000
0.000000
0.000000
2.152300
0.000000
0.000000
0.000000
2.229928
0.625487
0.000000
0.730756
0.000000
0.000000
0.000000
0.000000
0.754773
0.000000
0.000000
0.000000
0.000000
0.000000
0.000000
0.000000
0.000000
0.000000
0.000000
0.925725
0.000000
0.000000
0.716414
0.000000
0.000000
0.425894
0.000000
0.000000
0.000000
0.000000
0.000000
0.000000
0.000000
0.000000
0.000000
0.841699
0.000000
0.000000
0.211195
0.000000
1.498917
0.000000
0.000000
0.000000
0.000000
1.662682
0.000000
0.000000
0.000000
2.205925
0.098704
0.000000
0.000000
1.080117
0.000000
0.000000
0.000000
0.000000
0.000000
0.977867
0.000000
0.000000
0.000000
0.000000
1.043162
0.000000
2.823453
0.000000
1.646183
0.000000
1.784618
0.798348
0.000000
0.000000
0.258298
0.000000
0.000000
1.223216
0.862317
0.000000
0.000000
0.000000
0.000000
0.000000
0.000000
0.000000
0.000000
0.000000
0.000000
0.000000
1.955502
0.000000
0.000000
0.233142
0.000000
1.438024
0.000000
0.000000
0.000000
0.000000
0.000000
0.000000
1.943487
0.000000
3.041372
0.000000
0.000000
0.000000
0.000000
0.000000
0.000000
0.000000
0.000000
0.000000
0.000000
0.000000
0.000000
0.000000
0.000000
0.000000
0.000000
0.153467
0.000000
0.632755
0.757156
0.000000
0.000000
0.000000
0.000000
0.000000
0.000000
0.000000
0.000000
0.000000
0.000000
0.000000
0.000000
0.000000
0.000000
1.102608
0.647708
0.000000
0.000000
0.000000
0.000000
1.979525
0.000000
0.000000
0.000000
0.000000
0.386662
0.180829
0.000000
0.000000
0.000000
0.854263
0.000000
0.000000
0.000000
0.000000
0.000000
0.000000
0.000000
0.000000
0.000000
0.000000
0.000000
0.000000
0.000000
0.000000
0.000000
0.000000
0.000000
0.000000
0.000000
0.000000
0.000000
0.430011
0.567164
0.000000
0.000000
0.000000
0.000000
0.179515
0.000000
0.000000
0.000000
0.000000
0.000000
0.000000
0.000000
0.000000
2.086498
0.000000
0.000000
0.664296
0.000000
0.418836
0.090872
0.401763
0.000000
0.000000
0.010558
0.000000
0.000000
0.000000
0.778303
0.452674
0.000000
0.000000
2.449052
0.000000
0.000000
0.000000
0.037771
0.000000
0.000000
0.000000
0.000000
0.529343
0.525263
0.000000
0.000000
0.000000
0.000000
0.000000
1.752262
0.000000
0.775791
1.402723
0.000000
0.000000
0.371866
1.692725
0.541067
0.000000
0.000000
1.547982
0.000000
0.000000
0.574783
0.000000
0.388653
0.000000
0.000000
1.007980
0.000000
0.283895
0.000000
1.013270
0.380726
2.723928
2.433461
0.000000
0.000000
0.100505
0.000000
0.000000
0.525660
0.000000
0.000000
0.000000
0.000000
0.000000
0.000000
0.825885
0.519743
0.000000
0.000000
0.000000
0.074329
0.000000
1.695070
0.000000
0.000000
0.000000
0.386787
1.286998
0.000000
0.000000
0.129222
0.000000
0.000000
1.314251
0.000000
0.000000
0.000000
0.000000
0.000000
0.000000
0.000000
0.000000
0.000000
0.000000
0.000000
1.096184
0.000000
0.047238
0.150596
0.000000
0.000000
0.000000
0.000000
0.000000
0.000000
0.000000
0.217392
0.000000
0.000000
0.000000
2.707258
0.000000
0.207938
0.000000
0.000000
0.000000
0.000000
0.000000
0.000000
0.000000
0.000000
0.000000
0.000000
0.000000
0.000000
0.465172
1.006918
0.172640
0.000000
0.000000
0.000000
0.000000
0.000000
0.000000
0.000000
0.000000
0.000000
1.442737
0.000000
0.000000
0.000000
0.000000
0.000000
0.000000
0.000000
0.000000
0.000000
1.270157
0.000000
0.000000
0.000000
0.538007
0.000000
0.000000
0.000000
0.000000
0.447457
0.000000
0.000000
0.000000
0.000000
0.000000
0.000000
0.000000
1.287053
1.148790
0.000000
1.419097
0.000000
0.000000
0.132687
0.000000
0.000000
0.000000
0.322157
0.000000
0.000000
0.896940
0.307903
0.000000
2.310380
0.000000
0.000000
1.743798
0.000000
0.000000
0.000000
0.000000
0.000000
0.000000
0.000000
0.000000
0.422798
1.477772
1.099378
0.000000
0.000000
0.000000
0.000000
0.000000
0.000000
0.931118
0.000000
0.000000
0.000000
0.000000
0.000000
1.439622
0.000000
0.000000
0.000000
0.000000
0.000000
0.000000
0.245440
0.852331
0.000000
0.000000
0.730740
0.000000
0.000000
0.069464
0.000000
0.000000
0.000000
0.000000
0.000000
0.000000
0.000000
0.000000
0.000000
0.601682
0.000000
2.572001
0.000000
0.000000
0.000000
0.000000
0.769650
0.000000
0.000000
0.000000
2.078475
0.000000
1.227151
0.193486
0.000000
0.312062
0.000000
0.000000
0.000000
0.000000
0.000000
1.535445
0.410134
0.000000
0.000000
0.826331
0.000000
0.000000
0.000000
0.000000
0.000000
0.000000
0.000000
0.000000
0.208431
0.000000
0.000000
0.000000
0.000000
0.114238
0.000000
0.000000
0.000000
1.247732
0.000000
0.000000
0.293253
0.000000
0.000000
0.000000
0.000000
0.506050
0.000000
0.000000
0.000000
0.000000
0.000000
0.428177
0.000000
0.000000
0.000000
0.000000
0.000000
0.000000
0.000000
1.023109
0.000000
0.000000
1.006510
0.000000
0.000000
0.000000
0.000000
1.808800
0.000000
0.000000
0.874101
0.000000
0.000000
0.000000
0.000000
0.000000
0.000000
0.000000
0.000000
0.000000
0.000000
0.000000
0.389314
0.763279
0.000000
0.000000
0.000000
0.000000
0.000000
0.000000
1.935080
0.000000
0.000000
0.000000
0.000000
0.044752
0.000000
0.000000
0.000000
0.000000
0.000000
0.000000
0.717235
0.317560
0.000000
0.592118
0.000000
0.287522
0.013811
0.000000
0.000000
0.000000
0.362249
0.647509
0.000000
0.000000
0.000000
0.000000
0.000000
0.000000
0.000000
0.000000
0.809858
0.000000
0.000000
0.000000
0.000000
0.496447
0.000000
1.972776
0.000000
0.000000
0.000000
0.000000
0.000000
0.000000
0.000000
0.000000
0.000000
2.516433
0.000000
0.000000
0.000000
0.000000
0.000000
0.000000
0.000000
0.000000
0.000000
0.000000
0.000000
0.000000
0.000000
0.000000
0.000000
0.000000
0.000000
0.000000
0.000000
0.000000
0.000000
0.000000
0.194098
0.000000
0.000000
0.000000
1.637491
0.000000
0.000000
0.000000
0.000000
0.000000
0.000000
0.239894
0.000000
0.141346
0.000000
0.000000
0.000000
0.325480
0.000000
0.000000
0.000000
0.000000
0.000000
0.000000
0.438479
0.000000
0.000000
0.000000
0.712192
0.000000
1.379030
0.000000
0.000000
0.000000
0.000000
0.798597
0.000000
0.000000
0.000000
0.000000
0.952701
0.000000
0.000000
0.041239
0.000000
0.000000
0.000000
1.106589
1.177611
0.000000
0.000000
0.000000
0.000000
0.000000
0.000000
0.000000
0.000000
0.000000
0.000000
0.000000
2.667943
0.000000
0.000000
0.480925
0.000000
0.000000
0.000000
0.000000
0.000000
0.000000
0.000000
0.000000
0.193339
0.000000
0.000000
0.000000
0.000000
0.000000
0.000000
1.186845
0.000000
0.000000
0.000000
0.000000
0.000000
0.687180
0.000000
0.140574
0.000000
0.000000
0.000000
0.000000
0.000000
0.447294
0.000000
0.000000
0.000000
0.000000
0.000000
0.000000
0.329454
0.000000
0.000000
0.000000
0.000000
0.000000
0.000000
0.711954
0.000000
0.000000
0.762080
0.052227
0.000000
0.000000
0.000000
0.000000
0.631944
0.000000
0.000000
0.000000
0.000000
0.000000
0.000000
0.000000
0.000000
0.000000
0.000000
0.773641
0.000000
0.000000
0.000000
0.000000
0.000000
0.000000
0.000000
0.000000
0.000000
1.276575
0.000000
0.000000
0.000000
0.000000
0.688994
0.000000
0.000000
0.833115
0.000000
0.837277
0.604323
0.000000
0.000000
0.000000
0.000000
1.294379
0.000000
0.000000
0.000000
0.000000
0.000000
0.000000
0.636741
0.000000
0.000000
0.000000
1.401801
0.469227
0.000000
2.645239
0.000000
0.000000
0.000000
0.000000
0.000000
0.120297
0.000000
0.129916
0.000000
0.000000
0.070684
0.000000
0.000000
0.000000
2.000392
0.000000
0.000000
0.000000
0.000000
0.000000
0.000000
0.000000
2.275765
0.000000
2.014583
0.000000
0.000000
1.962054
0.000000
0.000000
2.415917
0.000000
0.000000
0.000000
0.740085
0.000000
0.000000
0.000000
0.000000
0.000000
0.000000
0.000000
0.000000
0.000000
0.000000
0.000000
0.000000
0.000000
0.000000
0.000000
0.378133
0.000000
0.000000
1.020191
0.000000
0.000000
1.309978
0.000000
3.078045
0.000000
0.000000
0.000000
0.000000
0.000000
0.000000
0.000000
0.000000
0.000000
0.000000
0.000000
0.000000
0.000000
0.000000
0.000000
0.630461
0.182091
0.000000
0.000000
0.056797
0.000000
0.000000
2.172682
0.000000
0.000000
0.000000
0.000000
0.000000
0.143375
0.000000
0.033316
0.000000
0.000000
0.000000
0.000000
0.000000
0.111485
0.362024
0.000000
0.000000
0.099152
2.104066
0.000000
0.000000
0.390788
1.468150
0.000000
0.275138
0.000000
0.000000
0.958373
0.624467
0.000000
0.401375
1.702108
0.000000
0.000000
0.000000
0.000000
0.000000
0.000000
0.000000
0.466944
0.000000
0.000000
0.000000
2.061814
0.082221
0.000000
0.000000
0.000000
0.000000
0.000000
0.000000
0.392645
0.858636
0.000000
0.000000
0.000000
0.000000
0.000000
0.000000
0.982863
0.684294
0.000000
0.000000
0.000000
0.000000
0.000000
0.000000
0.000000
0.000000
0.000000
0.387808
0.000000
0.841663
0.000000
0.000000
1.350708
1.123753
0.000000
0.000000
0.000000
0.000000
0.000000
0.000000
0.000000
0.000000
0.000000
0.000000
0.760700
2.757929
0.000000
0.188723
0.000000
1.636650
0.000000
0.000000
0.000000
0.000000
0.000000
2.217622
0.000000
0.000000
0.000000
0.000000
0.000000
2.945453
0.910739
0.000000
0.000000
0.000000
0.000000
0.000000
1.236158
0.000000
0.000000
0.000000
0.000000
2.143498
0.000000
0.000000
0.000000
0.000000
0.000000
0.000000
0.000000
0.000000
0.000000
0.000000
0.000000
0.000000
0.000000
0.000000
0.063367
0.000000
0.000000
0.000000
0.000000
0.000000
0.129773
0.000000
0.000000
0.655178
0.000000
1.383071
0.337851
0.000000
0.000000
0.491498
0.000000
0.000000
0.000000
0.913160
0.000000
0.000000
1.504490
0.000000
0.000000
0.064257
0.958274
0.938330
0.000000
0.000000
0.000000
0.000000
0.000000
0.000000
0.000000
0.000000
0.000000
0.400577
0.220346
0.000000
0.000000
0.000000
0.000000
1.317012
0.000000
0.000000
0.854965
0.000000
1.044226
0.291089
0.000000
0.000000
0.000000
0.000000
0.000000
0.000000
0.000000
0.000000
0.000000
0.000000
0.000000
1.097041
0.000000
0.000000
1.145537
0.000000
0.000000
0.000000
0.574726
0.000000
0.000000
0.557619
0.000000
0.656908
0.000000
0.000000
0.233790
0.000000
0.000000
0.000000
0.000000
0.000000
0.000000
0.000000
0.000000
0.000000
0.000000
1.734540
0.000000
0.000000
0.000000
0.000000
0.000000
0.000000
0.000000
0.094943
0.000000
0.000000
0.000000
0.000000
0.000000
0.000000
0.000000
0.000000
0.000000
0.000000
2.025482
0.000000
0.000000
0.000000
0.000000
1.448221
0.000000
0.000000
0.000000
0.000000
0.320229
0.000000
0.000000
0.000000
0.000000
0.000000
0.000000
0.000000
0.000000
0.000000
0.000000
0.000000
1.185811
0.000000
0.729783
0.000000
0.000000
1.239701
0.784164
0.000000
0.000000
0.000000
0.526676
0.600049
0.000000
0.142182
0.041577
0.000000
0.000000
0.000000
0.000000
1.222527
0.000000
0.000000
0.000000
0.000000
0.648884
0.218414
0.000000
1.278788
0.000000
0.000000
2.731016
0.000000
0.000000
0.000000
0.000000
0.000000
0.000000
0.000000
0.000000
0.000000
0.000000
0.000000
0.000000
0.000000
0.000000
0.000000
0.932552
0.000000
0.000000
0.000000
0.179042
0.000000
0.000000
0.000000
0.288904
0.000000
0.000000
0.000000
0.000000
0.000000
2.448071
0.000000
1.996157
0.000000
0.000000
0.000000
0.000000
0.000000
0.000000
0.000000
0.000000
0.000000
1.427632
0.000000
0.000000
0.000000
0.000000
0.000000
0.000000
0.000000
0.000000
0.000000
0.000000
0.875752
0.000000
0.000000
0.000000
0.000000
0.193737
2.063680
0.000000
0.000000
0.000000
0.000000
2.365134
0.088164
0.000000
0.062427
0.000000
0.000000
0.000000
0.000000
0.000000
0.000000
0.000000
0.000000
0.000000
0.000000
0.467539
0.763322
0.000000
0.000000
3.024384
0.000000
0.000000
0.102461
2.023808
0.000000
0.000000
0.712469
0.000000
0.000000
1.269029
0.232828
0.774420
0.000000
0.000000
0.000000
0.000000
0.000000
0.000000
0.000000
0.000000
0.000000
0.214134
0.000000
0.000000
0.080371
0.000000
0.753921
0.000000
0.000000
0.000000
0.000000
0.000000
0.000000
0.000000
0.307734
0.000000
0.000000
0.000000
0.000000
0.000000
0.000000
0.000000
0.000000
1.748370
0.000000
0.000000
0.000000
0.000000
0.371683
0.000000
0.000000
0.000000
0.352388
0.000000
0.598053
0.000000
0.000000
0.000000
0.000000
0.162258
0.000000
0.000000
0.961111
0.000000
0.000000
0.000000
0.547119
0.000000
0.000000
0.000000
0.602119
0.000000
0.000000
0.000000
0.000000
0.744996
0.000000
0.000000
0.000000
0.000000
0.000000
2.358977
0.000000
1.734593
0.000000
0.000000
0.530414
0.000000
0.000000
0.000000
0.000000
0.000000
0.000000
0.304471
0.000000
0.000000
0.000000
0.000000
0.000000
0.000000
0.000000
0.463167
0.542649
0.000000
0.000000
0.000000
0.000000
0.000000
2.731540
0.000000
0.000000
0.000000
0.000000
2.833545
0.000000
0.000000
0.000000
0.000000
0.000000
0.000000
0.000000
0.000000
0.594598
0.000000
0.000000
0.700626
0.000000
1.436044
0.000000
1.102069
0.000000
0.000000
0.359785
1.743312
1.260876
0.000000
1.068576
3.498595
0.559398
0.000000
2.738305
0.000000
1.710147
2.460655
0.000000
0.000000
0.000000
1.606522
0.000000
0.000000
0.000000
0.000000
0.000000
0.713211
0.000000
0.000000
0.000000
0.000000
0.000000
0.000000
0.000000
0.000000
1.294821
0.000000
0.046949
0.000000
0.000000
0.000000
0.000000
0.000000
0.945393
0.000000
0.000000
0.000000
0.000000
0.000000
0.000000
0.000000
0.000000
1.099940
0.000000
0.000000
0.000000
0.000000
0.000000
