0.000000
0.000000
0.000000
0.000000
1.149201
0.000000
0.031912
1.594052
0.000000
0.000000
0.000000
0.000000
0.975461
0.000000
0.000000
0.000000
0.000000
0.000000
0.000000
0.000000
0.000000
0.000000
0.163492
0.000000
0.152451
0.000000
0.000000
0.000000
0.000000
0.000000
0.000000
0.000000
1.241403
0.000000
0.000000
0.000000
0.000000
0.000000
0.000000
0.000000
0.000000
0.000000
0.000000
0.000000
0.000000
1.177460
0.000000
0.000000
0.000000
0.000000
0.000000
0.000000
0.000000
0.000000
0.000000
0.000000
0.000000
0.000000
0.000000
0.000000
3.008382
3.120136
0.000000
0.000000
0.000000
0.000000
0.000000
0.000000
0.000000
1.165297
0.826192
0.000000
0.000000
1.046313
0.000000
0.000000
0.000000
0.000000
0.000000
0.000000
0.000000
0.000000
0.000000
0.000000
0.000000
0.000000
0.000000
0.000000
0.467771
0.000000
0.000000
0.796290
0.677782
0.000000
1.065291
0.000000
0.000000
0.000000
0.000000
0.000000
0.000000
0.000000
0.486815
0.000000
0.000000
0.000000
0.000000
0.000000
0.000000
0.000000
0.000000
0.000000
0.000000
0.000000
1.391064
0.000000
0.000000
0.000000
0.000000
0.000000
0.000000
0.000000
0.000000
0.000000
0.000000
0.000000
2.778278
0.000000
1.049686
0.000000
0.000000
0.000000
0.000000
0.000000
0.000000
0.000000
0.000000
0.000000
0.000000
0.000000
0.000000
0.000000
0.925375
0.000000
0.000000
0.000000
0.000000
0.000000
0.000000
0.000000
0.000000
0.000000
0.000000
0.000000
0.392583
0.000000
0.000000
0.000000
0.000000
0.000000
0.000000
0.000000
0.000000
0.000000
0.000000
0.037709
0.000000
0.000000
0.611540
0.000000
0.000000
0.000000
0.000000
0.000000
0.000000
0.996044
0.000000
0.000000
0.000000
0.053024
0.000000
0.000000
2.197183
0.000000
0.000000
0.000000
0.000000
0.000000
0.000000
0.000000
0.000000
0.000000
0.000000
0.000000
0.000000
0.000000
0.000000
0.000000
0.000000
0.000000
0.000000
1.771558
0.000000
0.000000
0.000000
1.691869
0.000000
0.000000
0.000000
0.755644
0.000000
0.000000
0.000000
0.000000
0.000000
0.000000
0.000000
0.000000
0.000000
0.298738
0.000000
0.000000
0.000000
0.000000
0.000000
0.000000
0.000000
0.002951
0.000000
0.000000
0.000000
0.000000
0.000000
0.509327
0.000000
0.000000
0.000000
0.420795
0.000000
0.000000
0.000000
0.000000
0.000000
0.000000
0.000000
0.000000
0.000000
0.000000
0.000000
0.000000
0.000000
0.000000
0.610726
0.767111
0.000000
0.000000
0.000000
2.849874
0.000000
0.000000
0.000000
0.000000
0.000000
0.000000
0.000000
0.888637
0.385679
0.000000
0.224769
0.000000
0.000000
0.000000
0.000000
0.000000
0.000000
0.000000
0.000000
0.000000
0.720217
0.000000
0.000000
0.000000
0.000000
0.000000
0.000000
2.077319
0.000000
0.000000
1.419367
0.000000
0.000000
0.000000
0.000000
0.000000
0.000000
0.000000
0.000000
0.000000
1.563584
1.284910
2.063113
0.000000
0.000000
0.000000
0.000000
0.000000
2.557548
0.000000
0.000000
0.000000
0.000000
0.000000
0.000000
0.000000
0.000000
0.000000
0.000000
0.000000
0.000000
1.158505
0.000000
0.000000
0.000000
0.000000
0.353170
0.000000
0.000000
0.000000
0.000000
1.035639
0.000000
1.441954
0.000000
0.713886
1.306315
0.754519
0.000000
0.000000
1.001826
0.000000
0.114051
0.000000
2.518570
0.000000
1.046035
0.000000
2.035459
0.000000
0.000000
0.000000
0.000000
0.000000
0.000000
0.295009
0.310980
0.000000
0.000000
0.995297
0.000000
0.334903
0.000000
0.000000
0.000000
0.000000
0.000000
3.050544
0.000000
0.000000
0.000000
0.000000
0.000000
0.000000
0.000000
0.000000
0.000000
0.383183
0.000000
0.000000
0.638924
0.000000
0.000000
0.000000
0.052453
0.000000
0.000000
0.000000
0.000000
0.000000
0.000000
0.000000
0.000000
0.000000
0.000000
0.000000
0.000000
0.000000
0.000000
0.000000
0.000000
0.000000
0.000000
0.000000
1.324450
0.000000
0.000000
0.000000
0.000000
1.812897
0.000000
0.000000
0.000000
0.000000
0.000000
0.000000
0.000000
0.799142
0.000000
0.318015
1.287973
0.000000
0.207511
0.000000
0.000000
0.000000
1.626958
0.000000
0.130512
0.000000
0.000000
0.000000
0.000000
0.783322
1.662839
0.792330
0.000000
0.000000
0.252661
0.000000
0.000000
0.000000
0.000000
0.000000
0.000000
0.000000
0.000000
0.000000
0.000000
0.000000
0.000000
0.000000
0.000000
0.000000
0.000000
0.069394
0.000000
0.000000
0.000000
0.170454
0.035573
0.000000
0.000000
1.658047
0.890753
0.000000
0.000000
0.000000
1.151192
0.000000
0.000000
0.683113
0.000000
0.000000
0.000000
0.000000
0.000000
0.324555
0.942025
0.000000
0.000000
0.000000
0.000000
0.000000
0.000000
0.000000
0.062508
1.119326
0.098423
0.000000
0.000000
0.000000
0.000000
0.134714
0.000000
1.826109
1.583481
0.000000
0.000000
0.000000
0.000000
0.000000
0.379819
0.000000
0.000000
0.817048
0.000000
0.378525
0.138769
0.000000
0.086303
0.000000
0.000000
0.000000
0.000000
0.000000
0.000000
0.000000
0.000000
0.000000
0.000000
0.000000
0.000000
0.000000
0.000000
0.000000
0.000000
0.000000
0.000000
0.000000
0.000000
0.000000
0.000000
0.000000
1.461253
0.000000
0.852833
0.000000
0.000000
0.000000
0.000000
0.000000
0.000000
0.738631
0.000000
0.000000
0.000000
0.042954
0.000000
0.000000
0.000000
0.000000
0.372387
0.000000
0.000000
0.000000
0.000000
0.000000
0.000000
0.000000
0.000000
0.000000
0.000000
0.000000
0.000000
0.183128
0.630996
0.000000
0.000000
0.000000
0.000000
0.000000
0.000000
0.000000
0.000000
0.000000
0.000000
1.670769
0.000000
0.000000
0.000000
0.000000
0.000000
0.023447
0.000000
3.920107
0.000000
0.000000
0.000000
0.000000
0.000000
0.000000
0.000000
0.000000
2.983172
0.000000
0.000000
0.411520
1.595669
0.000000
0.000000
0.000000
0.000000
0.000000
0.000000
2.314965
0.000000
0.000000
1.593576
0.000000
0.000000
0.000000
0.000000
0.000000
0.000000
0.000000
0.000000
0.000000
0.000000
0.000000
3.118846
0.000000
0.023189
0.000000
0.000000
0.544901
0.000000
0.000000
0.000000
0.000000
1.072271
0.000000
0.000000
0.155220
0.000000
0.000000
1.077492
1.594166
0.000000
0.000000
0.000000
1.080248
0.000000
0.708933
0.000000
0.000000
0.000000
0.000000
0.000000
0.000000
0.000000
0.000000
0.000000
0.000000
0.000000
0.000000
1.668258
0.000000
0.000000
0.000000
0.000000
0.000000
0.000000
0.000000
0.000000
0.000000
0.000000
0.000000
0.000000
0.000000
0.000000
0.000000
0.000000
0.000000
1.297158
0.000000
0.132402
0.000000
0.000000
0.000000
0.000000
0.000000
0.000000
0.444624
0.000000
0.000000
0.000000
0.488746
0.190847
0.000000
0.597714
0.000000
0.000000
0.000000
0.000000
0.000000
0.000000
0.000000
1.742034
0.000000
0.000000
0.000000
0.000000
0.000000
0.000000
0.224572
0.722818
0.196220
1.150855
0.000000
0.000000
0.788018
0.000000
0.000000
0.000000
0.000000
0.000000
0.000000
0.000000
0.000000
0.000000
0.000000
1.945240
0.000000
1.019742
0.000000
0.000000
0.000000
0.000000
0.000000
0.718966
0.000000
0.000000
0.000000
0.000000
0.000000
0.000000
0.000000
0.000000
0.903990
0.000000
0.000000
0.000000
0.000000
0.000000
0.000000
0.000000
0.000000
0.000000
0.000000
0.000000
0.000000
0.000000
0.000000
0.000000
0.000000
0.000000
0.000000
0.000000
0.000000
0.000000
0.000000
0.000000
0.000000
0.000000
0.041966
0.000000
0.000000
0.000000
0.000000
0.000000
0.000000
0.000000
0.000000
1.950399
0.000000
0.000000
0.000000
0.000000
0.000000
0.000000
0.000000
0.000000
0.000000
0.000000
0.000000
0.000000
0.000000
0.739789
0.000000
0.000000
0.000000
0.000000
0.000000
0.425566
0.000000
0.156948
0.000000
0.000000
0.000000
1.660521
0.000000
0.000000
0.000000
0.000000
0.000000
0.547491
0.000000
0.000000
0.000000
0.000000
0.561656
0.000000
0.000000
0.000000
0.000000
0.000000
0.000000
0.454774
0.941034
0.000000
0.000000
0.000000
0.000000
0.000000
0.000000
1.875888
0.000000
0.000000
0.000000
0.789375
0.000000
0.000000
0.000000
0.000000
0.000000
0.000000
0.397299
0.000000
0.000000
0.000000
0.000000
0.000000
0.000000
0.000000
0.000000
0.000000
2.526381
0.000000
0.000000
0.000000
0.000000
0.000000
0.000000
0.000000
0.000000
0.000000
0.000000
0.062155
0.000000
0.000000
0.000000
0.000000
0.000000
0.000000
2.355964
0.000000
0.000000
0.000000
0.000000
0.000000
0.000000
0.000000
0.000000
0.000000
0.000000
0.000000
1.859954
0.000000
0.000000
0.796276
3.888119
0.000000
0.000000
0.000000
0.000000
0.000000
0.000000
0.000000
0.000000
0.000000
0.000000
0.000000
0.000000
0.000000
0.000000
0.000000
0.000000
0.000000
0.000000
0.000000
0.000000
0.000000
0.000000
0.000000
0.000000
0.000000
0.000000
0.000000
0.369155
0.000000
0.000000
0.000000
0.000000
0.000000
0.000000
0.000000
0.000000
0.000000
0.184497
0.000000
0.000000
0.000000
0.000000
0.000000
0.000000
0.000000
0.000000
0.000000
0.000000
0.000000
0.000000
0.000000
0.000000
1.701694
0.000000
0.000000
0.000000
0.371356
0.656119
0.000000
0.000000
0.000000
0.228732
0.000000
0.000000
0.000000
0.000000
0.000000
0.000000
0.000000
0.000000
0.000000
0.000000
0.000000
0.000000
0.000000
0.000000
0.000000
0.000000
0.000000
0.000000
0.000000
0.000000
0.090606
0.000000
0.000000
0.000000
0.000000
0.000000
0.000000
0.000000
0.020182
0.000000
0.000000
0.000000
0.000000
0.000000
0.000000
0.000000
0.000000
0.000000
0.132710
0.000000
0.000000
0.000000
0.000000
0.000000
0.000000
0.000000
0.000000
0.000000
0.000000
0.000000
0.000000
0.000000
0.000000
0.000000
0.000000
0.754945
0.000000
0.000000
0.000000
0.000000
0.000000
0.000000
0.000000
1.298936
0.000000
0.000000
0.000000
0.000000
0.000000
0.000000
0.000000
0.000000
0.000000
0.000000
0.000000
0.000000
1.509511
0.000000
0.000000
0.036240
0.000000
0.000000
0.000000
0.000000
0.000000
0.275883
0.000000
0.000000
0.971457
0.000000
0.000000
1.385169
0.000000
0.000000
0.000000
0.000000
0.000000
0.672411
0.000000
0.000000
0.000000
0.000000
0.000000
0.000000
0.000000
0.000000
0.495082
0.000000
0.000000
0.019935
0.000000
0.000000
0.980394
0.000000
0.000000
0.000000
0.000000
0.000000
0.000000
0.000000
0.826444
0.000000
0.000000
0.000000
0.000000
0.000000
0.000000
0.000000
0.000000
0.000000
0.000000
0.000000
0.000000
0.000000
0.000000
0.000000
0.000000
0.000000
0.000000
1.293917
0.000000
0.000000
0.000000
0.000000
0.000000
0.000000
0.000000
0.251639
0.000000
0.000000
0.188240
0.000000
0.000000
0.000000
0.000000
0.000000
0.000000
0.000000
0.000000
0.000000
0.000000
0.000000
0.000000
0.000000
2.097378
0.000000
0.000000
0.000000
0.000000
0.000000
0.000000
0.000000
0.683004
0.000000
0.000000
0.000000
0.000000
3.081028
0.000000
0.000000
0.000000
0.000000
0.000000
1.039851
0.000000
0.000000
0.000000
0.000000
0.000000
0.000000
0.000000
0.000000
0.000000
0.000000
0.000000
0.000000
0.000000
0.000000
0.000000
0.000000
0.000000
0.009964
0.000000
0.000000
0.000000
0.000000
0.000000
0.000000
0.000000
0.000000
0.000000
0.000000
1.953642
0.000000
0.000000
0.000000
2.553179
0.000000
0.000000
0.000000
0.000000
0.000000
0.434633
0.347088
0.000000
0.000000
0.000000
0.841912
0.000000
0.000000
0.000000
0.810279
0.000000
0.000000
0.000000
0.786707
0.000000
0.000000
0.570889
0.000000
0.000000
0.321922
0.000000
0.522859
0.000000
0.000000
0.000000
0.000000
0.641472
0.000000
0.000000
0.000000
0.000000
0.387901
0.000000
2.487640
0.000000
0.000000
0.160821
0.000000
0.000000
0.000000
0.000000
0.000000
0.000000
1.092490
0.000000
0.000000
0.000000
0.000000
0.000000
0.000000
0.000000
0.000000
0.000000
0.000000
0.000000
0.000000
0.000000
4.128442
0.000000
0.000000
1.764143
0.000000
0.000000
0.000000
0.000000
0.000000
0.000000
0.558422
0.000000
0.000000
0.000000
0.000000
0.000000
0.000000
0.000000
0.000000
0.251403
0.419131
0.000000
1.441581
0.000000
0.000000
2.760706
0.000000
0.000000
0.000000
0.576512
0.000000
0.204834
0.000000
0.000000
0.000000
0.000000
0.000000
2.959524
0.000000
0.000000
0.000000
0.000000
1.020012
1.780596
0.000000
0.580782
0.000000
0.000000
0.000000
0.000000
0.000000
0.000000
0.000000
1.122990
0.000000
0.000000
0.000000
0.000000
0.000000
0.000000
0.000000
0.000000
0.000000
0.000000
0.000000
0.000000
0.000000
0.000000
0.000000
0.000000
0.000000
0.000000
0.000000
0.165236
0.000000
0.000000
0.515107
0.000000
0.000000
1.946087
0.000000
0.000000
0.478019
0.000000
0.000000
1.323342
0.000000
0.000000
0.000000
0.000000
0.237651
0.629079
0.460830
0.000000
0.000000
0.000000
0.000000
0.000000
0.000000
0.966808
0.000000
0.134551
0.000000
0.000000
0.000000
0.000000
0.000000
0.000000
0.000000
0.000000
0.000000
0.000000
0.000000
0.000000
0.000000
0.000000
0.000000
0.000000
0.000000
0.000000
0.000000
0.000000
0.274809
0.000000
0.000000
0.000000
0.000000
0.000000
0.000000
0.000000
1.337605
0.000000
0.000000
0.131671
0.500180
0.000000
0.000000
0.000000
0.000000
0.000000
0.000000
0.000000
0.000000
0.304283
0.000000
0.000000
0.825977
0.000000
0.000000
0.020676
0.000000
0.000000
0.000000
0.000000
0.000000
0.000000
0.000000
0.000000
2.909772
0.000000
0.000000
0.000000
0.000000
0.000000
0.000000
0.000000
0.000000
0.000000
0.000000
0.000000
0.000000
0.000000
0.000000
0.000000
0.000000
0.000000
0.325488
0.000000
1.364419
0.000000
0.000000
0.000000
0.000000
2.584701
1.306849
0.000000
0.000000
0.000000
0.000000
0.000000
0.000000
0.000000
0.000000
0.000000
0.000000
0.000000
0.000000
0.000000
0.000000
0.000000
0.562769
0.782492
1.087265
0.000000
1.389518
0.000000
1.034395
0.000000
0.000000
0.000000
0.000000
0.000000
0.000000
0.000000
0.000000
1.272964
2.567408
0.000000
0.000000
0.000000
0.000000
0.000000
0.000000
0.000000
0.000000
0.000000
0.000000
0.000000
0.000000
0.082894
0.000000
0.000000
0.000000
0.000000
0.266832
0.000000
0.000000
0.000000
0.000000
0.000000
0.000000
0.000000
0.000000
0.000000
0.000000
0.000000
0.000000
0.000000
0.000000
0.000000
0.561118
0.666846
0.277043
0.000000
0.000000
0.000000
0.000000
0.000000
0.216012
0.000000
0.000000
0.822498
0.000000
0.199252
0.000000
0.000000
0.000000
0.000000
0.000000
0.000000
0.000000
0.000000
0.000000
1.522828
0.000000
0.000000
0.000000
0.000000
0.000000
0.000000
0.000000
0.000000
0.000000
0.000000
0.000000
0.794201
0.349170
0.000000
0.000000
0.000000
0.000000
0.000000
0.000000
0.000000
0.153925
0.000000
0.000000
1.172644
0.000000
0.000000
0.331238
0.000000
0.000000
0.000000
0.000000
0.000000
0.000000
0.000000
0.000000
0.000000
0.000000
0.000000
0.000000
0.000000
0.000000
0.238878
0.000000
0.353170
0.000000
0.000000
0.000000
1.162656
0.000000
0.000000
0.000000
0.000000
0.000000
1.218158
0.000000
0.000000
0.000000
0.000000
0.770210
0.000000
0.000000
0.000000
0.000000
0.000000
0.000000
2.001005
0.429564
0.000000
0.000000
0.000000
0.000000
0.000000
0.000000
0.000000
0.000000
0.000000
0.000000
0.000000
0.000000
0.000000
0.000000
0.000000
0.795988
0.000000
0.000000
0.000000
0.000000
2.477368
0.000000
0.000000
0.000000
0.000000
0.000000
0.300319
0.000000
0.000000
0.000000
0.000000
0.000000
0.000000
0.000000
0.000000
0.774640
0.000000
0.000000
0.467265
0.113378
0.000000
0.000000
0.000000
0.000000
0.000000
0.000000
0.000000
0.000000
1.030658
0.000000
0.000000
0.000000
0.000000
0.000000
0.000000
0.000000
0.000000
2.142119
0.700579
0.000000
0.000000
0.000000
0.000000
0.000000
0.000000
0.000000
0.000000
0.386878
0.000000
0.000000
0.000000
0.000000
0.000000
0.000000
0.000000
0.000000
0.588310
0.000000
0.000000
0.599258
1.547613
0.000000
0.000000
0.378495
0.000000
0.000000
1.708043
0.000000
0.000000
0.000000
0.000000
0.000000
0.429810
0.000000
0.000000
0.000000
0.000000
0.000000
0.000000
0.000000
0.000000
0.000000
0.000000
2.082629
0.000000
0.000000
0.000000
0.500273
0.000000
0.000000
0.000000
0.000000
0.000000
1.086390
0.847238
0.000000
0.000000
0.000000
0.000000
0.000000
0.000000
0.000000
0.000000
0.000000
0.232013
0.000000
0.738448
0.000000
0.353280
0.000000
0.000000
0.000000
0.000000
0.000000
0.000000
0.000000
0.342987
0.000000
0.000000
0.000000
3.502832
0.000000
0.209253
0.000000
0.000000
0.000000
0.000000
0.000000
1.299122
0.000000
0.000000
0.000000
0.000000
0.000000
0.000000
0.000000
0.000000
0.000000
0.000000
0.000000
0.000000
0.000000
1.375067
0.008398
0.000000
2.279594
0.236300
0.000000
1.860418
0.000000
0.000000
0.000000
1.767601
0.000000
0.000000
0.000000
0.000000
0.000000
0.043094
0.000000
0.000000
1.147871
0.000000
0.000000
0.000000
2.358739
0.051342
0.000000
0.000000
0.000000
1.487269
0.000000
0.000000
0.000000
0.000000
0.000000
0.000000
0.000000
0.000000
0.000000
0.000000
0.161734
0.000000
1.329999
0.000000
0.000000
0.000000
0.000000
0.000000
3.166688
0.000000
0.000000
0.332790
1.027466
0.000000
0.000000
0.000000
0.284770
0.000000
0.000000
0.000000
0.000000
0.000000
0.000000
0.000000
0.304399
0.000000
0.000000
0.891983
0.000000
0.000000
0.000000
0.000000
2.392391
0.000000
0.000000
0.000000
0.000000
0.000000
0.000000
0.949155
0.000000
0.000000
0.000000
0.000000
0.000000
0.000000
0.000000
0.000000
0.000000
0.000000
0.000000
0.997387
0.000000
0.000000
0.000000
1.186585
0.000000
0.000000
0.000000
0.000000
0.356459
0.000000
0.414686
0.000000
0.000000
0.000000
0.000000
0.000000
0.000000
0.000000
0.000000
0.000000
0.000000
0.000000
0.000000
0.000000
0.000000
0.000000
0.000000
1.166249
0.736027
0.000000
0.000000
0.000000
0.000000
0.000000
0.000000
0.000000
0.000000
0.000000
0.000000
0.000000
1.630457
0.000000
0.000000
0.000000
0.146150
0.000000
0.000000
0.000000
0.065378
0.000000
0.000000
0.000000
0.174949
0.000000
1.313637
0.163867
0.000000
0.000000
0.000000
0.104670
0.000000
0.000000
0.000000
0.000000
0.000000
0.000000
0.000000
0.568054
0.000000
0.000000
0.000000
0.000000
0.000000
0.000000
0.000000
2.038093
0.504085
0.000000
0.927156
0.000000
0.000000
0.000000
0.000000
0.000000
0.000000
0.000000
0.000000
0.000000
3.584599
0.000000
0.000000
0.000000
1.364970
0.000000
0.000000
0.000000
0.000000
0.000000
0.000000
1.944272
0.000000
2.060543
0.000000
0.000000
0.000000
0.000000
0.000000
0.000000
1.479113
0.000000
1.495914
0.000000
0.298720
0.000000
0.000000
0.540332
0.000000
0.000000
0.000000
0.000000
0.000000
0.000000
0.000000
0.000000
0.000000
0.000000
1.714559
0.309984
0.000000
0.000000
1.795040
0.000000
1.737361
0.000000
4.958365
0.000000
0.000000
0.000000
0.194576
0.000000
0.000000
0.000000
0.000000
0.178216
0.000000
0.000000
1.849395
2.321496
0.000000
0.000000
0.000000
0.349891
0.000000
2.207754
0.728015
0.000000
0.438267
0.000000
0.000000
0.537471
0.000000
0.000000
0.000000
0.000000
0.000000
0.000000
0.000000
2.872000
0.000000
0.000000
0.000000
0.000000
0.000000
0.000000
0.000000
0.000000
0.369868
0.000000
0.000000
0.000000
1.846578
0.000000
0.000000
0.000000
0.000000
0.000000
0.000000
0.000000
0.000000
0.000000
0.000000
0.000000
1.669376
0.000000
0.000000
0.000000
0.000000
0.000000
0.000000
0.000000
0.000000
0.000000
0.228384
0.180586
0.000000
0.000000
0.000000
0.000000
0.000000
0.000000
0.000000
0.000000
0.000000
1.971433
0.000000
0.000000
0.000000
0.000000
1.426741
0.000000
0.000000
0.000000
0.516797
0.000000
0.000000
0.462791
0.000000
0.000000
0.000000
0.621091
0.000000
0.000000
0.086600
0.516442
0.000000
0.000000
0.000000
0.000000
0.000000
0.000000
0.000000
0.000000
0.000000
0.000000
0.000000
0.851366
0.000000
0.000000
0.000000
0.000000
0.000000
0.000000
0.000000
0.981325
0.000000
0.000000
0.000000
0.000000
0.000000
0.593653
0.000000
2.675506
0.000000
0.666120
0.000000
0.000000
0.000000
0.000000
0.000000
0.000000
0.000000
0.000000
0.000000
0.599352
0.000000
0.000000
0.000000
0.000000
0.000000
0.000000
0.000000
0.000000
0.893070
0.000000
0.000000
0.924879
0.000000
0.256133
0.000000
0.239584
0.000000
0.000000
0.000000
0.000000
0.000000
0.000000
1.663954
0.000000
0.000000
0.000000
0.000000
0.000000
0.000000
0.022208
0.000000
0.000000
0.022756
0.000000
0.000000
0.000000
0.326612
0.000000
0.000000
0.000000
0.000000
0.000000
0.000000
0.000000
0.000000
0.000000
0.000000
0.000000
0.000000
0.000000
0.352381
0.000000
0.000000
0.000000
0.000000
0.000000
0.000000
0.000000
0.000000
0.000000
0.000000
0.000000
0.307895
0.000000
0.000000
0.000000
0.000000
0.000000
0.000000
0.000000
0.000000
0.000000
0.000000
0.000000
0.000000
1.639455
0.313315
0.000000
0.000000
0.000000
0.684680
0.000000
0.000000
0.000000
0.000000
0.000000
0.000000
0.000000
0.000000
0.000000
0.000000
0.000000
0.000000
0.000000
0.000000
0.000000
0.000000
0.000000
0.000000
0.398368
0.000000
0.299109
0.000000
0.075268
0.000000
0.000000
0.000000
0.000000
0.000000
0.000000
0.000000
0.000000
1.440755
0.000000
0.167574
0.000000
0.000000
0.000000
0.000000
0.000000
0.000000
0.000000
0.000000
0.000000
0.000000
0.000000
0.000000
0.000000
0.000000
0.000000
0.321102
0.000000
0.127526
0.000000
0.000000
0.000000
0.000000
0.000000
0.799054
0.658404
1.299444
0.000000
2.365849
0.000000
0.000000
0.000000
0.000000
0.000000
0.000000
1.731692
0.000000
0.000000
0.000000
0.386072
0.000000
0.000000
0.285820
0.000000
0.355063
3.028154
0.000000
0.000000
0.000000
0.000000
0.585994
0.000000
0.000000
0.000000
0.000000
0.000000
0.000000
1.187699
0.000000
0.000000
0.000000
0.499214
0.000000
2.993427
0.000000
0.000000
0.000000
0.000000
0.000000
1.481413
0.000000
1.302637
0.000000
0.000000
0.000000
0.000000
0.000000
0.589873
0.000000
0.000000
0.000000
0.000000
0.000000
0.000000
0.000000
0.000000
0.000000
0.000000
0.000000
0.000000
0.000000
2.089101
0.000000
0.000000
0.000000
0.000000
0.000000
0.000000
0.000000
0.000000
0.760666
0.000000
0.000000
0.000000
0.115031
0.000000
0.000000
1.838130
0.000000
0.000000
0.000000
0.000000
0.000000
0.000000
0.014364
0.000000
0.000000
0.000000
0.000000
1.158573
0.000000
0.000000
0.000000
0.461793
0.000000
0.000000
0.000000
0.000000
0.000000
0.000000
0.000000
0.000000
0.000000
0.000000
0.000000
0.000000
0.000000
0.000000
0.000000
0.000000
0.000000
0.000000
0.000000
0.000000
0.000000
0.000000
0.000000
0.000000
0.000000
0.000000
0.000000
0.000000
0.000000
0.000000
0.000000
0.000000
0.000000
0.000000
0.000000
0.000000
0.000000
0.000000
1.930383
0.000000
0.000000
0.000000
0.035795
0.000000
0.000000
0.940927
0.000000
0.000000
0.829055
0.000000
0.000000
0.000000
0.000000
0.235177
0.000000
0.839390
0.000000
1.141949
0.000000
0.000000
0.000000
0.000000
0.000000
0.000000
0.000000
0.000000
0.000000
1.737913
0.000000
0.000000
0.000000
0.000000
1.172680
0.000000
0.000000
0.000000
0.000000
0.762680
0.000000
0.000000
0.897902
0.000000
0.000000
0.000000
0.000000
2.300580
0.645229
0.000000
0.000000
0.000000
0.501895
0.000000
0.000000
0.000000
0.000000
0.000000
0.000000
0.000000
0.000000
0.000000
0.000000
0.000000
0.000000
0.000000
0.000000
0.000000
0.000000
0.384446
0.000000
1.472192
0.000000
0.000000
0.000000
1.430073
0.156868
0.000000
0.000000
0.310473
0.457935
0.000000
0.000000
0.000000
0.000000
0.000000
0.000000
0.230739
0.000000
0.000000
0.000000
0.000000
0.000000
0.000000
0.287289
0.674232
0.000000
0.000000
0.000000
0.000000
0.000000
0.000000
0.000000
0.256143
0.000000
0.000000
0.000000
0.000000
0.575723
0.000000
0.000000
0.000000
0.676403
0.000000
0.000000
0.000000
0.000000
0.000000
0.000000
1.087864
0.000000
0.000000
1.778566
1.131152
0.000000
0.000000
0.000000
0.151815
0.000000
0.000000
2.068620
0.000000
0.000000
0.000000
0.000000
0.000000
0.835108
0.000000
0.000000
0.000000
0.141458
0.000000
0.000000
0.000000
1.240354
0.000000
0.000000
0.000000
0.000000
0.000000
0.000000
0.000000
0.000000
0.000000
0.000000
1.240533
0.000000
0.000000
0.000000
0.000000
0.000000
0.000000
0.000000
0.000000
0.000000
0.438793
1.049471
0.000000
0.000000
0.000000
0.000000
0.000000
0.000000
0.000000
0.000000
0.982404
0.000000
0.000000
0.000000
0.000000
0.000000
0.000000
0.000000
0.828730
0.000000
0.000000
0.000000
0.000000
0.408558
0.067121
1.746918
0.000000
0.000000
0.000000
0.000000
0.289760
0.000000
0.000000
0.000000
0.000000
0.000000
0.000000
0.000000
0.000000
0.000000
0.000000
2.690034
0.000000
0.000000
0.000000
0.000000
0.000000
0.000000
0.000000
0.000000
0.000000
0.000000
0.070152
0.000000
0.000000
0.000000
0.000000
0.000000
0.000000
0.000000
0.000000
0.000000
0.000000
0.000000
0.000000
0.000000
0.000000
0.000000
0.000000
0.000000
0.000000
0.533738
0.000000
0.000000
0.000000
0.000000
0.000000
0.108295
0.000000
0.327481
0.000000
0.000000
0.000000
0.000000
0.665927
1.297830
0.348737
0.000000
0.000000
0.000000
0.000000
0.046888
0.000000
0.000000
0.000000
0.000000
2.560922
0.000000
0.000000
0.000000
0.681930
0.000000
0.000000
0.000000
0.000000
0.000000
0.121545
0.000000
0.000000
0.000000
0.000000
0.000000
0.000000
0.000000
0.000000
2.109441
0.640170
0.000000
0.000000
0.000000
0.842769
0.000000
0.000000
2.269161
2.856035
0.000000
0.000000
0.000000
0.000000
0.000000
0.000000
0.000000
0.000000
2.079430
0.173235
0.000000
0.959311
1.299610
0.000000
0.000000
0.000000
0.000000
0.000000
0.179925
0.000000
0.000000
0.000000
0.000000
0.000000
0.000000
1.057320
0.000000
0.000000
0.000000
0.000000
0.000000
0.000000
0.000000
0.000000
0.000000
0.000000
0.194787
0.928266
0.000000
0.000000
0.000000
0.000000
0.000000
0.000000
0.000000
0.000000
0.000000
0.000000
0.000000
0.000000
0.000000
0.000000
2.841755
0.000000
0.000000
0.000000
0.000000
0.000000
0.000000
0.221644
1.134059
0.000000
1.004493
0.000000
0.000000
0.000000
0.251328
0.963391
0.012132
0.000000
0.000000
0.000000
0.000000
0.000000
0.131110
0.428311
0.000000
0.000000
0.000000
0.000000
0.000000
0.000000
0.000000
0.000000
0.000000
0.000000
0.000000
0.000000
0.000000
0.494976
0.000000
0.000000
0.000000
0.000000
0.000000
0.000000
2.247676
0.000000
0.652323
0.000000
0.000000
0.000000
0.000000
0.000000
0.000000
0.000000
0.000000
0.000000
0.000000
0.000000
0.000000
0.000000
1.303773
0.000000
0.000000
0.000000
0.012359
0.000000
0.000000
0.000000
0.000000
0.000000
0.069919
0.000000
0.000000
0.000000
0.000000
0.000000
0.000000
0.000000
0.000000
0.000000
0.000000
0.000000
0.000000
0.000000
0.000000
0.000000
0.000000
0.000000
0.000000
0.000000
0.000000
0.000000
0.000000
0.000000
0.000000
0.000000
0.000000
0.000000
1.743097
0.981548
0.000000
0.000000
0.000000
0.439929
0.000000
0.000000
0.000000
2.981332
2.323848
0.000000
0.000000
0.000000
0.000000
0.550100
0.114435
0.000000
1.459155
0.509340
0.442435
0.000000
0.000000
0.000000
0.000000
2.242712
0.201722
0.000000
0.000000
1.444255
0.000000
0.000000
0.000000
0.000000
0.000000
0.000000
0.000000
0.000000
0.267290
0.000000
3.033130
0.023838
0.000000
0.000000
0.000000
0.000000
0.000000
0.000000
0.000000
0.000000
0.000000
0.000000
0.000000
0.000000
0.000000
0.000000
0.000000
0.000000
0.000000
0.913765
0.000000
0.000000
0.000000
0.000000
0.000000
0.000000
0.388936
0.000000
0.000000
0.000000
0.000000
0.000000
0.000000
0.000000
0.000000
0.000000
0.000000
0.000000
0.000000
0.000000
0.845623
0.000000
1.352517
0.000000
0.000000
0.000000
0.000000
0.000000
0.000000
0.000000
0.000000
0.000000
0.000000
0.000000
0.000000
0.000000
0.000000
0.000000
0.000000
0.000000
0.000000
0.000000
0.000000
0.000000
0.000000
0.000000
0.000000
0.000000
0.000000
0.000000
0.000000
0.000000
0.000000
0.000000
0.000000
0.000000
0.000000
0.000000
0.000000
0.000000
0.731096
0.000000
0.000000
0.000000
0.000000
0.772284
1.103472
0.000000
0.000000
0.000000
0.000000
0.000000
2.977992
1.472848
0.000000
0.000000
0.000000
0.564386
0.000000
0.000000
0.000000
0.000000
0.000000
0.000000
0.000000
0.596275
0.000000
0.000000
0.000000
0.000000
0.000000
0.000000
0.000000
0.000000
0.000000
0.000000
0.911065
0.000000
0.000000
1.780004
0.000000
0.000000
0.000000
0.409693
0.000000
0.000000
0.000000
0.000000
1.837166
0.000000
0.000000
0.000000
0.000000
0.000000
0.000000
0.000000
0.000000
2.252151
0.000000
0.000000
0.317528
0.000000
0.000000
0.000000
1.058256
0.000000
0.000000
0.000000
0.000000
0.000000
0.000000
0.000000
0.000000
0.000000
0.000000
0.000000
0.000000
0.000000
0.000000
0.000000
0.000000
0.696557
0.218562
0.000000
0.000000
0.601979
1.478039
0.000000
0.998422
0.000000
0.000000
0.000000
0.000000
1.409162
0.000000
0.000000
0.000000
0.000000
0.000000
0.000000
0.442956
0.000000
1.278292
0.000000
0.000000
0.000000
0.000000
0.000000
0.000000
0.000000
0.000000
0.000000
0.000000
0.000000
0.000000
0.000000
0.000000
0.000000
0.000000
0.592219
0.000000
1.984516
0.000000
0.000000
0.000000
0.000000
0.000000
0.639492
0.000000
0.000000
0.000000
0.000000
0.000000
0.000000
0.000000
0.000000
0.000000
0.000000
0.000000
0.023031
0.000000
1.059325
0.000000
1.200429
0.000000
0.255138
0.000000
0.000000
0.000000
0.000000
0.000000
1.822349
0.000000
0.000000
0.000000
0.502385
0.000000
0.000000
1.199890
0.000000
0.000000
0.000000
0.000000
0.000000
0.000000
0.000000
0.135889
0.000000
0.000000
0.000000
1.339931
0.000000
0.000000
0.000000
0.000000
0.000000
0.000000
0.000000
0.000000
0.000000
1.164129
0.000000
0.000000
0.000000
0.000000
0.000000
0.000000
0.000000
0.000000
1.456979
0.000000
0.000000
0.000000
0.000000
0.000000
0.113958
0.000000
0.000000
0.000000
0.000000
0.000000
0.000000
0.000000
0.000000
0.000000
0.000000
0.000000
0.000000
0.000000
0.000000
0.000000
0.000000
0.000000
0.000000
0.000000
0.000000
0.000000
0.000000
0.371529
1.668984
0.000000
0.000000
0.000000
0.000000
0.000000
0.000000
0.000000
0.000000
0.000000
0.000000
0.000000
0.000000
0.000000
0.000000
0.000000
0.000000
0.000000
0.000000
1.175694
0.000000
0.000000
2.001442
0.000000
0.000000
0.312530
0.000000
0.000000
0.000000
0.000000
0.000000
0.000000
0.000000
0.000000
0.000000
0.000000
0.000000
0.000000
0.000000
0.000000
0.000000
0.000000
0.818917
3.181305
0.000000
0.000000
0.000000
0.000000
0.000000
0.000000
0.000000
0.000000
2.978018
0.000000
0.000000
0.000000
0.000000
0.000000
0.000000
1.360381
0.000000
0.000000
0.000000
0.000000
0.000000
0.000000
0.000000
0.000000
0.000000
0.000000
0.000000
0.000000
0.000000
1.090912
0.000000
1.548026
0.000000
0.000000
0.000000
0.000000
0.000000
0.000000
0.000000
0.000000
0.836048
0.000000
0.000000
0.000000
0.000000
1.050095
0.000000
0.828133
0.000000
0.000000
0.000000
0.000000
0.000000
0.604501
0.000000
0.792428
0.000000
0.000000
0.000000
0.000000
0.000000
0.918179
0.000000
1.094182
1.675821
0.000000
0.000000
0.000000
0.000000
0.000000
0.169567
0.000000
0.065867
0.000000
0.000000
0.000000
0.420293
0.637607
0.000000
0.226105
0.000000
0.000000
0.000000
0.000000
0.000000
0.000000
0.000000
0.928782
0.000000
1.129242
0.000000
0.000000
2.534032
0.430568
0.000000
0.000000
0.750704
4.325638
0.000000
0.000000
0.192971
0.000000
0.000000
0.000000
1.864922
0.000000
0.000000
0.000000
0.000000
0.000000
0.000000
0.000000
0.000000
0.000000
0.000000
2.011980
0.000000
0.000000
0.000000
0.000000
0.000000
0.000000
0.000000
0.000000
0.000000
0.000000
0.000000
0.000000
0.000000
0.000000
0.000000
0.000000
0.000000
0.000000
0.000000
0.603938
0.000000
0.000000
0.144135
0.000000
0.000000
0.000000
0.000000
0.000000
0.000000
0.000000
0.000000
0.000000
1.162097
0.000000
0.000000
0.000000
0.000000
0.000000
0.000000
0.283828
0.000000
0.000000
0.000000
0.000000
0.000000
0.000000
0.000000
0.000000
0.000000
0.000000
0.000000
0.000000
0.000000
0.000000
0.770250
0.000000
0.000000
0.000000
0.000000
0.000000
0.000000
1.048229
0.000000
0.000000
0.000000
0.000000
0.000000
0.000000
0.000000
0.000000
0.000000
0.000000
0.150250
0.000000
0.000000
0.000000
0.000000
0.335870
0.000000
0.000000
0.000000
0.000000
0.000000
0.000000
0.000000
0.000000
0.000000
0.000000
0.014693
0.000000
0.000000
0.000000
0.000000
0.000000
0.282481
0.000000
0.000000
0.000000
0.000000
0.000000
0.000000
0.000000
0.000000
0.000000
0.000000
0.000000
0.852001
0.000000
2.243772
0.000000
0.000000
0.160291
0.000000
0.000000
0.000000
0.000000
0.000000
0.000000
2.244745
2.397738
0.000000
0.000000
0.000000
0.000000
0.000000
0.000000
0.000000
0.000000
0.000000
0.564122
0.000000
0.000000
0.234001
0.000000
0.000000
0.000000
0.206676
0.000000
0.000000
0.735001
0.000000
0.000000
0.000000
0.000000
0.000000
0.000000
0.000000
0.000000
0.000000
0.000000
0.000000
0.000000
0.000000
1.442428
0.000000
0.000000
0.000000
0.348760
0.000000
0.000000
0.000000
0.000000
0.859739
0.000000
0.000000
0.000000
0.000000
0.000000
0.000000
0.000000
2.087958
0.000000
0.789346
0.000000
0.000000
0.000000
0.000000
0.000000
0.000000
0.000000
0.000000
0.000000
0.000000
0.000000
0.000000
0.000000
0.000000
0.455774
0.000000
0.000000
0.000000
0.000000
0.000000
0.000000
0.000000
0.000000
0.000000
0.841776
0.657904
0.000000
0.000000
0.000000
0.000000
0.000000
0.741993
0.000000
0.000000
0.000000
0.000000
0.000000
0.389267
1.065696
0.000000
0.000000
0.000000
0.000000
0.000000
0.315024
0.000000
0.994010
0.000000
0.000000
0.000000
0.000000
0.000000
0.000000
0.000000
0.000000
0.000000
0.000000
0.000000
0.000000
0.000000
0.000000
1.486402
1.037862
0.000000
0.000000
0.000000
0.086406
0.000000
0.000000
0.000000
0.000000
4.182102
0.000000
0.000000
0.000000
0.000000
0.126312
0.000000
1.368977
0.000000
0.797978
2.473284
0.574299
0.753380
0.000000
0.000000
0.000000
0.000000
0.000000
0.092804
0.074739
0.000000
0.000000
0.606322
0.000000
0.000000
0.000000
0.000000
0.000000
0.000000
0.000000
0.000000
1.315226
0.000000
0.000000
0.000000
0.000000
0.000000
0.000000
0.000000
0.000000
0.000000
0.000000
0.000000
0.000000
0.000000
0.000000
0.000000
0.000000
0.000000
0.000000
0.000000
0.000000
0.000000
0.193085
0.000000
0.000000
0.000000
0.000000
0.000000
1.097345
0.000000
0.000000
0.000000
0.000000
0.665114
0.376848
0.000000
0.000000
0.000000
1.174338
0.000000
0.000000
0.000000
2.587099
0.000000
0.000000
0.493618
0.000000
0.000000
0.000000
0.000000
0.000000
0.000000
0.000000
0.106242
0.000000
0.000000
0.133825
0.000000
0.000000
0.000000
0.000000
0.000000
0.000000
0.000000
0.000000
0.000000
0.000000
0.000000
0.000000
0.000000
0.000000
0.000000
0.000000
0.000000
0.000000
0.000000
0.000000
0.136225
0.000000
0.000000
1.586269
0.000000
0.000000
2.583369
0.000000
0.000000
0.000000
0.000000
0.456447
0.000000
0.000000
0.000000
0.000000
0.081399
0.000000
0.443377
0.000000
0.000000
0.000000
0.000000
1.323965
0.000000
0.319569
0.000000
0.000000
0.000000
0.000000
1.844385
0.000000
0.000000
0.000000
0.000000
0.000000
0.000000
0.000000
0.000000
0.000000
1.189214
0.000000
0.000000
0.000000
0.000000
0.000000
0.000000
0.000000
0.718373
0.668013
1.801620
0.000000
2.175922
0.000000
0.000000
0.162256
0.000000
0.000000
0.000000
0.000000
0.000000
0.000000
0.000000
0.000000
0.000000
0.000000
0.423713
0.665280
0.368075
0.000000
0.000000
0.000000
0.000000
0.000000
0.000000
0.000000
0.537863
0.000000
0.000000
0.000000
0.000000
0.000000
3.422785
0.000000
1.135588
1.032477
0.000000
0.000000
0.569960
0.000000
0.000000
0.000000
0.000000
0.000000
0.000000
2.774250
0.000000
0.000000
0.000000
0.661519
1.044388
0.000000
0.000000
0.000000
0.000000
0.000000
0.000000
0.000000
0.000000
0.000000
0.000000
0.000000
0.000000
0.000000
0.000000
0.000000
0.000000
1.453197
0.000000
0.000000
0.000000
0.000000
0.000000
0.000000
0.000000
0.000000
0.000000
0.000000
0.000000
0.000000
0.000000
0.000000
0.000000
0.000000
0.000000
0.000000
0.000000
1.627468
0.000000
0.000000
0.000000
0.000000
0.000000
0.000000
0.000000
0.000000
0.000000
0.261185
0.000000
0.000000
0.000000
0.000000
0.000000
0.000000
0.000000
0.264076
0.000000
0.000000
0.000000
0.000000
0.000000
0.000000
0.000000
0.000000
0.000000
0.000000
0.000000
0.000000
0.000000
0.000000
0.736745
2.484211
0.000000
0.000000
0.000000
0.000000
0.000000
1.975950
0.000000
0.373427
0.000000
0.433162
0.000000
0.000000
0.000000
0.000000
0.000000
0.425015
0.000000
0.000000
0.000000
0.000000
0.000000
1.178634
0.000000
0.000000
0.000000
0.000000
0.000000
0.000000
0.000000
0.000000
0.000000
0.534968
0.000000
0.000000
0.000000
0.000000
0.000000
0.225680
0.000000
0.000000
0.000000
0.000000
0.000000
2.364250
0.000000
0.263930
0.000000
0.000000
0.000000
0.000000
0.000000
0.000000
0.000000
0.000000
0.000000
0.000000
0.000000
0.000000
0.000000
0.000000
0.000000
0.255576
0.000000
0.000000
0.000000
0.065444
0.000000
0.000000
0.000000
0.000000
0.000000
0.000000
0.000000
0.000000
0.000000
0.000000
0.000000
0.573051
0.000000
0.000000
0.000000
0.000000
0.610193
0.000000
0.000000
0.000000
1.134845
0.000000
0.000000
0.000000
0.000000
0.000000
0.472324
0.000000
0.000000
0.000000
0.000000
0.000000
0.000000
0.000000
0.000000
0.000000
0.000000
0.000000
0.000000
3.897471
0.000000
0.000000
0.000000
0.000000
0.000000
0.000000
0.000000
0.000000
3.488400
4.350452
0.000000
0.000000
0.000000
0.000000
0.000000
0.000000
0.000000
0.000000
0.000000
0.000000
0.000000
0.000000
0.000000
0.000000
0.649251
0.000000
0.000000
0.000000
0.000000
0.000000
0.132836
0.000000
0.000000
0.000000
0.000000
0.195885
1.013207
0.300090
0.374720
0.000000
0.000000
0.000000
0.000000
0.000000
0.000000
0.000000
0.000000
0.000000
0.000000
0.000000
1.073388
0.317369
0.000000
0.118436
0.000000
0.000000
0.000000
0.000000
0.000000
0.000000
0.000000
0.000000
0.000000
0.000000
0.000000
0.000000
0.000000
0.000000
0.000000
1.220820
0.000000
0.000000
0.695389
0.000000
0.000000
0.269635
0.000000
0.544020
0.000000
0.000000
0.000000
0.000000
0.000000
0.686193
0.000000
0.000000
0.215029
0.000000
0.000000
0.000000
0.000000
0.000000
0.000000
0.000000
0.000000
0.000000
0.314048
0.000000
0.000000
0.000000
0.000000
0.000000
0.000000
0.000000
0.000000
0.000000
0.000000
0.455102
0.000000
0.000000
0.000000
0.000000
0.000000
0.000000
0.000000
0.000000
0.000000
0.000000
0.000000
0.000000
0.000000
0.000000
0.000000
0.000000
0.000000
0.000000
0.000000
0.000000
0.000000
0.000000
0.627864
0.000000
1.170310
0.000000
1.857437
0.000000
0.000000
1.538315
0.000000
0.038696
0.000000
0.000000
0.000000
0.000000
0.000000
0.489306
0.000000
4.031287
0.000000
0.000000
0.000000
0.000000
0.000000
0.000000
0.000000
0.229524
0.000000
0.000000
0.000000
0.000000
0.000000
0.000000
