0.000000
0.000000
0.000000
0.000000
2.042640
0.000000
0.000000
4.137830
0.000000
0.000000
0.000000
0.000000
1.609803
0.000000
0.000000
0.000000
0.000000
0.264630
0.000000
0.000000
0.000000
0.000000
2.017585
0.000000
2.321903
0.000000
0.000000
0.000000
0.000000
0.000000
0.000000
0.000000
1.950281
0.000000
0.000000
0.000000
0.000000
0.000000
0.000000
0.000000
0.000000
0.000000
0.000000
0.000000
0.000000
0.000000
0.000000
0.000000
0.000000
0.000000
0.000000
0.000000
0.000000
1.057373
0.000000
0.000000
0.000000
0.000000
0.000000
0.000000
1.960349
2.996032
0.000000
0.000000
0.000000
0.000000
0.000000
0.000000
0.000000
0.000000
0.000000
0.288673
0.000000
0.000000
0.000000
1.460750
0.000000
0.000000
0.000000
0.000000
0.000000
0.000000
0.000000
0.000000
0.000000
0.000000
0.000000
0.000000
0.000000
0.000000
0.000000
1.460577
0.314654
0.000000
1.221388
0.000000
0.000000
0.000000
1.661969
0.000000
0.000000
0.000000
2.614745
0.000000
0.000000
0.000000
0.000000
0.000000
0.000000
0.000000
0.000000
0.000000
0.000000
1.909198
0.729560
0.000000
0.000000
0.000000
0.000000
0.000000
0.000000
0.000000
0.000000
0.000000
0.000000
0.000000
4.491101
0.000000
1.742396
0.000000
1.964650
0.000000
0.000000
0.000000
0.000000
0.000000
0.000000
0.000000
0.000000
0.000000
0.000000
0.000000
0.734157
0.000000
0.000000
0.062954
0.000000
0.000000
0.000000
0.000000
0.000000
0.000000
0.000000
0.000000
0.586855
0.000000
0.000000
0.000000
0.000000
0.000000
0.000000
0.000000
0.000000
0.000000
0.000000
0.000000
0.000000
0.000000
1.909710
0.000000
0.000000
0.000000
0.000000
0.000000
0.000000
0.000000
0.000000
0.000000
1.217543
0.409438
0.000000
0.000000
7.678706
0.000000
0.000000
0.000000
0.000000
0.000000
0.000000
0.000000
0.000000
0.381460
0.000000
0.000000
0.000000
0.000000
1.972852
0.000000
0.000000
0.000000
0.000000
3.660729
0.000000
0.000000
0.000000
2.413157
0.000000
0.000000
0.000000
3.758808
0.000000
0.000000
0.000000
0.000000
0.000000
0.000000
0.000000
0.000000
0.000000
0.264240
0.000000
0.000000
0.000000
0.000000
0.000000
0.000000
0.000000
1.463530
0.000000
0.000000
0.000000
0.000000
0.000000
4.345583
0.000000
0.000000
0.000000
0.000000
0.000000
0.000000
0.000000
0.000000
0.000000
0.000000
0.209781
0.000000
0.000000
0.000000
0.000000
0.000000
0.000000
0.000000
0.000000
3.165499
0.000000
0.000000
0.000000
6.279125
0.000000
0.000000
0.000000
1.887713
0.000000
0.000000
0.000000
0.000000
0.000000
0.000000
1.529588
0.000000
0.000000
0.000000
0.000000
0.000000
0.000000
0.000000
0.000000
0.000000
1.092013
0.000000
0.000000
0.000000
0.540108
0.000000
0.000000
3.173791
0.000000
0.000000
0.250065
0.000000
0.000000
0.000000
0.000000
0.000000
0.000000
0.000000
0.000000
0.000000
1.937050
0.000000
4.389990
0.000000
0.000000
0.000000
0.000000
0.000000
0.937638
0.000000
0.000000
0.000000
0.000000
0.000000
0.000000
0.000000
0.000000
0.000000
0.000000
0.000000
0.000000
3.197381
0.000000
0.000000
0.000000
0.000000
0.000000
0.000000
0.000000
0.000000
0.000000
0.000000
0.000000
5.521859
0.000000
0.183854
0.000000
0.699084
0.000000
0.000000
3.748098
0.000000
0.000000
0.000000
3.299637
0.000000
3.068251
0.000000
4.598947
0.000000
0.000000
0.000000
0.000000
0.000000
0.000000
3.316042
0.000000
0.000000
0.000000
0.000000
0.000000
0.000000
0.000000
0.000000
0.000000
0.000000
1.752866
4.076011
0.000000
0.345956
0.000000
0.000000
0.000000
0.000000
0.000000
0.000000
0.000000
0.000000
0.000000
0.000000
0.000000
0.000000
0.000000
0.000000
0.000000
0.000000
0.762966
0.327893
0.000000
0.000000
0.000000
0.000000
0.000000
0.000000
0.000000
1.118274
0.000000
0.000000
0.039923
0.000000
0.000000
0.000000
0.000000
0.000000
1.489402
0.000000
0.000000
0.000000
0.000000
2.430645
0.000000
0.000000
0.000000
0.000000
0.000000
0.000000
0.000000
1.110026
0.000000
0.000000
3.134787
0.000000
0.000000
0.000000
1.117995
0.000000
1.564846
1.891560
0.000000
0.000000
0.000000
0.000000
0.000000
1.883044
2.192606
0.000000
0.000000
0.000000
0.915244
0.000000
0.000000
0.000000
0.000000
0.000000
0.000000
0.000000
0.000000
0.000000
0.000000
0.000000
0.000000
0.000000
0.000000
0.000000
0.000000
0.596342
0.000000
0.000000
0.000000
0.403388
0.000000
0.000000
0.000000
2.856834
4.781598
0.000000
0.000000
0.000000
3.834804
0.000000
0.000000
1.852483
0.000000
0.000000
0.000000
0.000000
0.000000
0.000000
2.100370
0.000000
0.000000
0.000000
0.000000
0.000000
0.000000
0.000000
0.000000
3.713259
0.000000
0.000000
0.000000
1.517895
0.000000
0.798409
0.000000
3.832093
1.418828
0.000000
0.000000
0.000000
0.000000
0.000000
0.000000
0.000000
0.000000
2.697185
0.000000
0.000000
0.000000
0.000000
0.000000
0.000000
0.000000
0.000000
0.502218
0.000000
0.000000
0.000000
0.000000
0.000000
0.000000
0.000000
0.000000
0.000000
0.000000
0.000000
0.000000
0.000000
0.000000
0.000000
0.000000
0.000000
0.000000
0.000000
1.952250
0.000000
0.000000
0.000000
0.000000
0.000000
0.000000
1.005563
0.000000
0.000000
0.000000
0.000000
0.000000
1.994400
0.000000
0.000000
0.000000
0.000000
0.000000
0.000000
0.000000
0.000000
0.000000
0.000000
0.000000
0.000000
0.000000
0.000000
0.000000
0.000000
0.000000
0.000000
0.235241
0.000000
0.000000
0.000000
0.000000
0.000000
0.000000
0.000000
0.000000
0.000000
0.000000
3.626549
0.000000
0.000000
0.000000
0.000000
0.000000
0.000000
0.000000
5.374948
0.000000
0.000000
0.575456
0.000000
1.428362
0.000000
0.000000
0.000000
4.912323
0.000000
0.000000
0.000000
0.000000
0.000000
0.000000
0.000000
0.000000
0.000000
0.000000
3.432862
0.000000
0.000000
0.000000
0.000000
0.574044
0.000000
0.000000
0.000000
0.000000
0.000000
0.000000
0.000000
0.000000
0.000000
4.308401
0.000000
0.000000
0.000000
0.000000
0.000000
0.000000
0.000000
0.000000
0.000000
1.327656
0.000000
0.000000
0.470148
0.000000
0.000000
0.653182
1.867122
0.000000
0.000000
0.000000
3.780553
0.000000
0.865986
0.000000
0.000000
0.000000
0.000000
0.000000
0.000000
0.000000
0.000000
0.000000
0.000000
0.000000
0.000000
3.727955
0.000000
0.000000
0.000000
2.086535
2.061441
0.000000
0.000000
0.000000
0.000000
1.127529
0.000000
0.000000
0.000000
0.000000
0.000000
0.000000
0.000000
2.839661
0.000000
0.000000
0.000000
0.000000
0.000000
1.918859
0.000000
0.000000
2.278230
0.000000
0.000000
0.000000
0.000000
0.808920
0.000000
0.000000
0.000000
0.000000
0.000000
0.000000
0.000000
0.000000
0.000000
1.042225
0.000000
0.000000
0.000000
0.000000
0.000000
0.000000
0.324465
0.000000
0.000000
0.662453
0.029737
0.000000
0.000000
0.000000
0.000000
0.000000
0.000000
0.000000
0.000000
2.772857
0.000000
2.182086
0.000000
0.478729
0.000000
0.000000
0.000000
0.000000
0.000000
0.000000
0.000000
2.253263
0.000000
0.000000
0.000000
0.000000
0.000000
0.000000
0.000000
0.000000
1.032193
0.000000
0.000000
0.000000
0.000000
0.000000
0.000000
0.000000
0.000000
0.000000
0.000000
0.094656
0.000000
0.000000
0.000000
0.000000
0.000000
0.000000
0.000000
0.000000
0.000000
0.000000
0.000000
0.000000
0.000000
0.000000
1.617789
0.000000
0.000000
0.000000
0.000000
0.000000
0.000000
0.000000
0.000000
1.501997
0.000000
0.000000
0.000000
0.000000
0.000000
0.000000
0.000000
0.000000
0.000000
0.000000
0.000000
0.000000
0.000000
0.324282
0.000000
0.000000
0.000000
0.000000
0.000000
0.000000
0.000000
0.000000
0.000000
0.000000
0.000000
3.684454
0.000000
0.000000
0.000000
0.000000
0.000000
0.000000
0.000000
0.000000
0.000000
0.000000
0.000000
0.000000
0.000000
0.000000
0.000000
0.000000
0.000000
0.860601
1.569360
0.000000
0.000000
0.000000
0.000000
0.000000
0.000000
5.770650
0.000000
0.000000
0.000000
0.000000
0.000000
0.000000
0.000000
0.000000
0.000000
0.000000
0.000000
0.000000
0.000000
0.000000
0.000000
0.000000
0.000000
0.000000
0.000000
0.000000
4.283265
0.000000
0.000000
0.000000
0.000000
0.000000
0.000000
0.000000
0.000000
0.000000
0.000000
2.835048
0.000000
0.000000
0.000000
0.000000
0.000000
0.000000
5.869822
0.000000
0.000000
0.000000
0.000000
0.000000
0.000000
0.000000
0.000000
0.350816
0.000000
0.000000
1.534031
0.000000
0.000000
1.341291
5.726651
1.512702
0.000000
0.000000
0.000000
0.000000
0.000000
0.000000
0.000000
0.000000
0.000000
0.000000
0.000000
0.000000
0.000000
0.000000
0.000000
0.000000
0.000000
0.000000
0.000000
0.000000
0.000000
0.000000
0.000000
0.000000
0.000000
0.000000
2.956510
0.000000
0.048041
0.000000
0.000000
0.000000
0.000000
0.000000
0.000000
0.000000
0.002072
0.000000
0.000000
0.000000
0.000000
0.000000
0.000000
0.000000
0.000000
0.000000
0.000000
0.000000
0.000000
0.000000
0.000000
3.737989
0.000000
0.000000
0.000000
0.000000
2.066996
0.000000
0.000000
0.000000
0.000000
0.000000
0.000000
0.000000
2.363744
0.000000
0.000000
0.000000
0.000000
0.000000
0.000000
0.000000
0.000000
0.000000
0.000000
0.000000
0.000000
0.000000
0.000000
0.000000
0.000000
0.000000
0.000000
0.000000
0.000000
0.000000
0.000000
0.000000
0.000000
0.214382
0.000000
0.000000
2.355357
0.000000
0.000000
0.000000
0.000000
0.805236
0.000000
0.149055
0.000000
0.000000
0.000000
0.000000
0.000000
0.000000
0.000000
0.000000
0.000000
0.000000
0.000000
0.000000
0.000000
0.000000
0.000000
0.000000
4.055085
0.000000
0.000000
0.000000
0.000000
0.000000
0.000000
0.000000
5.891768
0.000000
0.000000
0.000000
0.000000
0.000000
0.000000
0.000000
0.000000
0.000000
0.000000
0.000000
0.000000
0.031697
0.000000
0.000000
0.000000
1.912458
0.000000
0.000000
0.000000
0.000000
0.000000
0.000000
0.000000
0.000000
0.000000
0.000000
0.000000
0.000000
0.000000
0.000000
0.000000
0.000000
2.578701
0.000000
0.000000
0.000000
0.000000
0.000000
0.000000
1.393474
0.000000
0.586825
0.000000
0.000000
0.000000
0.000000
0.000000
0.000000
0.000000
0.000000
1.180104
0.000000
0.000000
0.000000
0.000000
0.000000
0.000000
0.000000
0.000000
0.000000
0.000000
0.000000
0.000000
0.000000
0.000000
0.000000
0.000000
0.000000
0.000000
0.000000
0.000000
0.000000
0.000000
0.000000
2.560926
0.000000
0.000000
0.000000
0.000000
0.000000
0.000000
0.000000
0.000000
0.000000
0.000000
0.000000
0.000000
0.000000
0.000000
0.982106
0.000000
0.000000
0.000000
0.000000
0.000000
0.000000
0.000000
1.973606
0.000000
0.000000
0.000000
0.000000
0.000000
0.000000
0.000000
0.000000
0.000000
0.000000
0.000000
0.000000
0.000000
0.000000
4.375247
0.000000
0.000000
0.000000
1.185807
0.000000
0.000000
0.000000
0.000000
0.000000
0.000000
0.000000
0.000000
0.000000
0.000000
0.000000
0.000000
0.000000
0.000000
0.000000
0.000000
0.000000
0.000000
0.000000
0.000000
0.000000
0.103983
0.000000
0.000000
0.000000
0.000000
0.000000
0.000000
0.000000
0.000000
2.146257
0.000000
0.000000
0.000000
7.107606
0.000000
0.000000
0.000000
0.000000
0.000000
1.061047
0.000000
0.000000
0.000000
0.000000
0.000000
0.000000
0.000000
0.000000
4.272068
2.650348
0.000000
0.000000
0.045525
0.000000
0.000000
0.000000
0.000000
0.000000
0.657630
0.000000
0.000000
0.000000
0.000000
0.000000
0.000000
0.000000
0.000000
0.000000
0.000000
0.000000
0.000000
0.000000
3.767944
0.000000
0.000000
0.187397
0.000000
0.000000
0.000000
0.000000
0.000000
0.000000
0.000000
0.000000
3.007967
0.000000
0.000000
0.000000
0.000000
0.000000
0.000000
0.000000
0.000000
0.000000
0.000000
0.000000
6.057357
0.000000
0.000000
1.308898
0.000000
0.000000
0.043276
0.000000
0.000000
0.000000
0.000000
0.000000
0.000000
0.000000
0.000000
0.000000
0.000000
0.000000
0.000000
0.000000
1.161642
0.000000
0.000000
1.520898
0.000000
5.702979
0.000000
0.000000
0.000000
0.000000
0.000000
0.798374
0.000000
0.000000
0.000000
0.000000
0.000000
2.800194
0.000000
0.000000
0.000000
0.000000
0.340121
2.552446
0.000000
1.043371
0.000000
0.000000
0.000000
0.000000
0.000000
0.000000
0.000000
0.000000
0.000000
0.000000
0.000000
0.000000
0.000000
0.000000
0.000000
0.000000
0.000000
0.000000
0.000000
0.000000
0.000000
0.000000
1.556738
0.000000
0.000000
0.000000
0.000000
4.221979
0.000000
0.000000
0.000000
0.000000
0.000000
1.253557
0.000000
0.000000
0.000000
0.000000
0.000000
0.000000
0.000000
0.000000
0.000000
0.000000
3.079667
0.000000
1.693733
0.000000
0.000000
0.000000
1.357432
0.000000
0.000000
0.000000
0.000000
0.000000
0.000000
0.000000
0.000000
0.000000
2.336891
0.000000
0.000000
0.000000
0.000000
0.000000
0.000000
0.000000
0.000000
0.000000
0.000000
0.000000
0.000000
0.232487
0.000000
0.000000
0.000000
0.000000
0.000000
0.000000
0.000000
0.000000
0.000000
0.000000
0.000000
0.000000
0.000000
0.000000
0.000000
0.000000
0.000000
0.000000
0.000000
0.000000
0.000000
0.000000
0.000000
2.748497
0.000000
0.000000
4.039763
0.000000
0.000000
0.000000
0.000000
0.000000
0.000000
0.000000
0.000000
0.000000
0.000000
0.000000
5.881102
0.000000
0.000000
0.000000
0.000000
0.000000
0.000000
0.000000
0.000000
0.000000
0.000000
0.000000
3.161692
0.000000
0.000000
0.000000
0.000000
0.000000
0.157685
0.000000
0.000000
0.391414
0.000000
0.000000
0.000000
4.480358
2.350870
0.000000
0.000000
0.000000
0.000000
0.000000
0.000000
0.000000
0.000000
0.000000
0.000000
0.000000
1.969479
0.000000
0.000000
0.000000
2.314013
0.000000
0.000000
0.000000
3.100959
0.000000
0.000000
0.456689
0.000000
0.000000
0.000000
0.000000
0.000000
0.000000
0.000000
0.563420
3.784910
0.000000
0.000000
0.000000
0.884431
0.000000
0.000000
0.000000
0.000000
0.000000
0.000000
0.000000
0.000000
0.114932
0.000000
0.000000
0.000000
0.000000
0.000000
0.000000
0.000000
0.000000
0.000000
0.000000
0.000000
0.000000
0.000000
0.000000
0.000000
0.000000
0.000000
0.000000
0.000000
0.000000
2.034422
1.310430
0.000000
0.000000
0.000000
0.000000
0.000000
0.000000
0.000000
0.000000
0.000000
2.212255
0.000000
1.917325
0.000000
0.000000
0.000000
0.000000
0.000000
0.000000
0.000000
0.000000
0.000000
6.404217
0.000000
0.000000
0.000000
0.000000
0.000000
0.000000
0.000000
0.000000
0.000000
0.000000
0.000000
0.000000
0.000000
0.000000
0.000000
0.000000
0.000000
0.000000
0.000000
0.000000
0.000000
0.000000
0.000000
0.000000
0.000000
0.000000
0.000000
0.000000
0.000000
0.000000
0.000000
0.000000
0.000000
0.000000
0.000000
0.000000
0.000000
0.000000
0.000000
0.000000
0.000000
0.000000
0.000000
2.159445
0.000000
0.564213
0.000000
0.000000
0.000000
0.000000
0.000000
0.000000
0.000000
0.000000
0.000000
0.000000
0.000000
0.000000
0.000000
0.000000
0.000000
0.000000
0.488425
0.000000
0.000000
0.000000
0.000000
0.000000
0.000000
0.000000
0.795846
0.000000
0.000000
0.000000
0.000000
0.000000
0.000000
0.000000
0.000000
0.000000
0.000000
0.000000
1.775685
0.000000
0.000000
0.000000
0.000000
0.000000
0.000000
0.000000
0.000000
0.000000
0.000000
0.000000
0.000000
0.000000
0.000000
0.000000
0.000000
0.000000
0.000000
0.000000
0.000000
0.000000
0.000000
2.503102
0.000000
0.000000
0.000000
0.000000
0.000000
0.000000
0.000000
0.000000
0.000000
2.941487
0.000000
0.849882
0.000000
0.000000
0.000000
0.000000
0.000000
0.000000
5.471118
2.663962
0.000000
0.000000
0.000000
0.000000
0.097321
0.000000
0.000000
0.000000
1.104775
0.000000
0.000000
0.000000
0.000000
0.000000
0.000000
0.000000
0.000000
0.000000
0.000000
0.000000
1.000570
2.519945
0.309490
0.000000
0.000000
0.000000
0.000000
1.979160
1.292598
0.000000
0.000000
0.000000
0.000000
3.188894
0.000000
0.000000
0.000000
0.000000
0.000000
0.000000
0.000000
0.000000
0.000000
0.000000
3.435477
0.000000
0.000000
0.000000
0.000000
0.000000
0.000000
0.000000
0.000000
0.000000
0.000000
2.200587
0.000000
0.000000
0.000000
0.000000
0.000000
0.000000
0.000000
0.000000
0.000000
0.000000
0.000000
0.000000
0.000000
0.000000
0.000000
0.000000
0.000000
0.000000
0.000000
0.000000
0.000000
1.199189
0.000000
0.000000
0.000000
3.471187
0.000000
0.000000
0.000000
0.000000
0.000000
0.000000
0.000000
1.280181
0.000000
0.000000
0.000000
0.000000
0.000000
0.000000
0.000000
0.000000
0.000000
0.000000
0.000000
0.000000
0.000000
2.545518
1.142022
0.000000
0.724192
0.000000
1.710910
3.165280
0.000000
0.000000
0.000000
1.237584
0.000000
0.000000
0.000000
0.000000
0.000000
0.000000
0.000000
0.000000
0.946348
0.000000
0.000000
0.833662
4.332551
1.097515
0.000000
0.000000
0.000000
1.259792
0.000000
0.000000
0.000000
0.000000
0.000000
0.000000
0.000000
0.000000
0.000000
0.000000
0.000000
0.000000
2.020288
0.000000
1.411824
0.000000
0.000000
0.000000
7.720895
0.000000
0.000000
0.346304
0.000000
0.000000
0.000000
0.894536
0.000000
0.000000
0.234378
0.000000
0.000000
0.000000
0.000000
0.000000
0.284161
0.000000
0.000000
1.452938
0.000000
0.000000
1.761334
0.000000
4.560116
0.000000
0.000000
0.000000
0.000000
0.198243
0.000000
0.000000
0.000000
0.000000
0.000000
0.000000
2.848552
0.000000
0.000000
0.000000
0.000000
0.000000
0.000000
3.225463
0.000000
0.000000
0.000000
1.131437
0.000000
0.000000
0.000000
0.000000
2.011437
0.000000
4.309007
0.000000
0.000000
0.000000
0.000000
0.000000
0.000000
1.837877
0.000000
0.000000
0.000000
0.000000
0.000000
0.000000
0.000000
0.000000
0.000000
4.280896
4.700755
0.000000
0.000000
1.173023
0.000000
0.000000
0.787231
0.000000
0.000000
0.445633
0.000000
0.000000
1.281973
0.000000
0.000000
0.000000
0.000000
0.000000
0.000000
0.000000
0.693760
0.000000
0.000000
0.000000
0.214666
0.000000
0.861561
0.000000
0.578173
0.000000
0.000000
0.049900
0.000000
0.000000
0.000000
0.000000
0.000000
0.000000
0.000000
0.625468
0.000000
0.000000
0.000000
0.000000
2.196963
0.000000
0.000000
4.917024
0.000000
0.000000
0.859195
0.000000
0.000000
0.000000
0.000000
0.000000
0.862308
0.000000
0.000000
0.000000
5.271533
0.000000
0.000000
0.000000
2.611387
0.000000
0.000000
0.000000
0.000000
0.000000
0.000000
1.413277
0.000000
1.774565
0.000000
0.000000
0.000000
0.000000
0.000000
0.000000
1.563824
0.000000
1.097861
0.000000
0.000000
0.000000
0.000000
0.986448
0.000000
0.000000
0.000000
0.000000
0.000000
0.000000
0.265507
0.000000
0.000000
0.000000
1.514315
0.478511
0.000000
0.000000
3.998259
0.000000
2.281696
0.000000
7.422869
0.000000
0.000000
0.000000
1.967594
0.000000
0.000000
0.000000
0.000000
0.000000
0.000000
0.000000
2.888007
3.450884
0.000000
0.000000
0.000000
0.000000
0.643811
6.231235
2.513597
0.000000
0.000000
0.000000
0.000000
0.711898
0.000000
0.000000
0.000000
0.000000
2.827526
0.000000
0.000000
0.000000
0.000000
0.000000
0.000000
0.000000
0.000000
0.000000
0.546715
0.000000
0.851056
0.000000
0.000000
0.000000
2.837814
0.000000
0.000000
0.000000
0.000000
0.319055
0.000000
0.000000
0.000000
0.000000
0.000000
0.000000
0.813796
0.000000
2.309454
0.000000
0.000000
0.000000
0.000000
0.000000
0.000000
0.000000
0.000000
1.340428
0.000000
0.000000
0.000000
0.000000
0.000000
0.000000
0.000000
0.000000
0.000000
4.847806
0.000000
0.569501
0.327349
0.000000
1.576367
0.000000
0.000000
0.000000
3.317603
0.000000
0.000000
0.000000
0.000000
0.000000
0.000000
1.994077
0.000000
0.000000
0.000000
0.000000
0.000000
0.000000
0.000000
0.000000
0.000000
0.000000
0.000000
0.000000
0.000000
0.000000
0.000000
0.000000
0.000000
0.000000
0.000000
0.000000
0.000000
0.000000
0.000000
3.169934
0.000000
0.000000
0.000000
0.000000
0.000000
0.000000
0.000000
7.061676
0.000000
5.047400
0.000000
0.000000
0.000000
0.000000
0.000000
0.000000
0.000000
0.869100
0.000000
1.486248
0.000000
0.000000
0.000000
0.000000
0.000000
0.000000
0.000000
0.000000
1.719693
0.000000
0.000000
1.557359
1.684408
2.314853
0.000000
0.000000
0.000000
0.000000
0.000000
0.000000
0.000000
0.000000
3.347991
0.000000
0.000000
0.000000
0.000000
0.000000
0.000000
0.000000
0.000000
0.000000
3.595702
0.574979
0.000000
1.309485
0.000000
0.000000
0.000000
0.000000
0.000000
0.000000
0.000000
0.000000
0.000000
0.000000
0.000000
0.000000
0.000000
0.000000
0.000000
0.000000
0.000000
0.000000
0.000000
0.000000
0.000000
0.000000
0.000000
0.000000
0.000000
0.000000
0.000000
1.439342
0.000000
0.000000
0.000000
0.000000
0.000000
0.000000
0.000000
0.000000
0.000000
0.000000
0.000000
0.971117
0.063294
0.000000
0.000000
0.000000
1.396508
0.000000
0.000000
0.000000
0.000000
0.000000
0.000000
0.000000
0.000000
0.000000
0.000000
0.000000
0.000000
0.000000
0.000000
0.000000
0.000000
0.000000
0.000000
0.000000
0.000000
2.868146
0.000000
1.570416
0.000000
0.000000
0.000000
0.000000
0.000000
0.000000
0.000000
0.000000
2.472332
0.744979
1.060130
0.000000
0.000000
0.000000
0.000000
0.000000
0.000000
0.000000
0.000000
0.000000
0.000000
0.000000
0.000000
0.000000
0.000000
0.000000
0.000000
0.038193
0.698545
0.000000
0.000000
0.000000
0.000000
0.190585
0.000000
3.776160
2.328756
0.000000
1.327644
0.000000
0.000000
0.309982
0.000000
0.000000
0.000000
0.000000
0.000000
0.000000
0.000000
2.654197
0.000000
0.000000
0.000000
0.000000
0.000000
6.910260
0.000000
0.877164
0.000000
0.000000
0.000000
0.000000
0.000000
0.000000
0.000000
0.000000
0.000000
1.290426
0.000000
0.000000
0.000000
0.000000
0.000000
1.435668
0.000000
0.000000
0.000000
0.000000
0.000000
0.000000
0.000000
1.485976
0.000000
0.000000
0.000000
0.000000
0.000000
0.000000
0.000000
0.000000
1.046681
0.404398
0.000000
0.000000
0.000000
0.000000
0.000000
0.000000
0.000000
0.000000
0.000000
0.000000
0.000000
0.000000
0.000000
0.000000
0.000000
0.000000
0.000000
0.000000
0.000000
0.000000
0.000000
0.000000
0.000000
0.000000
0.000000
1.916301
0.000000
0.000000
0.000000
0.000000
0.000000
0.000000
0.399807
0.000000
0.000000
0.000000
0.000000
2.269951
0.000000
0.000000
0.367914
0.695605
0.018499
0.000000
0.000000
0.000000
0.000000
0.000000
0.000000
0.000000
0.000000
0.000000
0.000000
0.000000
0.000000
0.000000
0.000000
0.000000
0.000000
0.000000
0.000000
0.000000
0.000000
0.202321
0.000000
0.000000
0.000000
0.000000
0.000000
0.000000
0.000000
0.000000
0.000000
0.000000
0.000000
0.000000
0.000000
0.000000
0.000000
0.000000
0.988152
0.000000
1.369336
0.000000
0.000000
0.000000
0.000000
0.000000
0.000000
0.000000
4.457283
0.000000
0.000000
0.000000
0.000000
1.449502
0.000000
0.000000
0.000000
0.000000
0.000000
0.000000
0.000000
0.000000
0.000000
0.000000
0.000000
0.000000
0.000000
6.568299
0.000000
0.000000
0.000000
0.000000
0.000000
0.000000
0.000000
0.000000
0.000000
1.497872
0.000000
0.000000
1.121423
0.000000
0.000000
0.000000
0.000000
0.603895
0.768244
0.000000
0.000000
0.000000
0.563949
0.000000
0.000000
0.000000
0.000000
0.000000
0.000000
0.000000
0.000000
0.000000
0.000000
0.000000
0.000000
0.000000
0.000000
0.000000
0.000000
0.615888
0.000000
1.064435
0.000000
0.000000
0.000000
1.240933
1.340504
0.000000
0.000000
0.000000
0.387351
0.000000
0.000000
0.000000
0.000000
0.000000
0.000000
3.162039
0.000000
0.000000
0.000000
0.000000
0.000000
0.000000
0.443707
0.000000
0.000000
0.000000
0.000000
0.000000
0.000000
0.000000
0.000000
0.000000
0.000000
0.000000
0.000000
0.000000
2.328130
0.000000
0.000000
0.000000
0.846307
0.000000
0.000000
0.000000
0.000000
0.000000
1.015477
3.919077
0.000000
0.000000
0.282723
1.268357
0.000000
1.453879
0.000000
1.145642
0.000000
0.000000
1.352605
0.000000
0.000000
0.000000
2.870009
0.000000
2.511710
0.000000
1.170061
0.000000
0.844547
0.138161
0.000000
0.000000
2.857738
0.000000
0.000000
0.000000
0.000000
0.000000
0.000000
0.000000
0.000000
0.000000
1.135369
2.644389
0.000000
0.000000
0.000000
0.000000
0.000000
0.000000
0.000000
0.000000
0.000000
1.976881
1.835609
0.000000
0.000000
0.000000
0.000000
0.000000
0.000000
0.000000
0.000000
1.315447
0.000000
0.000000
0.000000
0.000000
0.000000
0.000000
0.000000
1.650628
0.000000
0.000000
0.000000
0.000000
0.000000
0.000000
0.955845
0.000000
0.000000
0.000000
0.000000
2.496334
0.000000
0.000000
0.000000
0.000000
0.000000
0.000000
0.000000
0.000000
0.000000
0.162832
2.018561
0.000000
0.000000
0.000000
0.000000
0.000000
0.000000
0.000000
0.000000
0.000000
0.000000
0.000000
1.163510
0.000000
0.000000
0.000000
0.000000
0.000000
0.000000
0.000000
0.000000
0.000000
0.000000
0.000000
0.000000
0.000000
0.000000
0.000000
0.000000
0.000000
0.000000
0.000000
0.000000
0.000000
0.000000
1.998816
0.000000
0.000000
0.000000
0.000000
0.000000
0.000000
0.000000
0.000000
1.386201
2.614176
0.000000
0.000000
0.000000
0.000000
0.000000
0.000000
1.267915
0.000000
0.000000
2.136115
0.000000
0.000000
0.000000
0.000000
0.000000
0.000000
0.000000
0.000000
0.000000
0.303957
0.000000
0.000000
0.000000
0.000000
0.000000
0.000000
0.000000
0.000000
1.530415
0.000000
0.000000
0.000000
0.000000
3.369245
0.000000
0.000000
0.902370
4.155350
0.000000
0.104832
0.000000
0.000000
0.000000
0.000000
0.000000
0.000000
3.629377
1.711309
0.000000
2.874432
0.000000
0.000000
0.000000
0.000000
0.000000
0.000000
2.077730
0.000000
0.000000
0.000000
0.000000
0.000000
0.000000
1.966655
0.000000
0.000000
0.000000
0.000000
0.000000
0.000000
0.000000
0.000000
0.000000
0.000000
1.806742
0.792266
0.000000
1.206833
0.000000
0.000000
0.000000
0.000000
0.000000
0.000000
0.000000
0.000000
0.000000
0.000000
0.000000
0.000000
3.126087
0.000000
0.000000
0.000000
0.000000
0.000000
0.000000
0.000000
0.000000
0.000000
0.281853
0.000000
0.000000
0.000000
3.203591
2.699620
0.000000
0.000000
0.000000
0.000000
0.000000
0.000000
0.000000
1.300314
0.000000
0.000000
0.000000
0.000000
0.000000
0.000000
0.000000
0.000000
0.000000
0.000000
0.000000
0.000000
0.000000
3.002490
0.000000
0.000000
0.000000
1.332803
0.000000
0.000000
1.691606
0.000000
0.000000
0.000000
0.000000
0.000000
0.000000
0.000000
0.000000
0.000000
0.000000
0.000000
0.000000
0.000000
0.000000
0.000000
4.395538
0.000000
0.000000
0.000000
0.000000
0.000000
0.000000
0.000000
0.000000
0.000000
0.000000
0.000000
0.000000
0.000000
0.000000
0.000000
0.000000
0.000000
0.000000
0.000000
0.000000
0.000000
0.000000
0.000000
0.000000
0.000000
0.000000
0.000000
0.000000
0.000000
0.000000
0.000000
0.000000
0.000000
0.000000
0.000000
0.000000
0.000000
1.459091
1.671202
0.000000
0.000000
0.000000
0.000000
0.000000
0.000000
0.000000
3.336487
3.382432
0.000000
0.000000
0.000000
0.000000
1.973350
0.000000
0.000000
4.584894
0.825365
0.000000
0.000000
0.000000
0.000000
0.000000
4.262819
0.791317
0.000000
0.000000
0.269357
0.000000
0.000000
0.000000
0.000000
0.000000
0.000000
0.000000
0.000000
0.055186
0.000000
2.923707
0.000000
0.000000
0.000000
0.000000
0.000000
0.000000
0.000000
0.000000
0.000000
0.000000
0.000000
0.000000
0.000000
3.176430
0.000000
0.000000
0.000000
0.000000
0.000000
1.925095
0.000000
0.000000
0.000000
2.309932
0.000000
0.000000
0.000000
0.000000
0.000000
0.000000
0.000000
0.000000
0.000000
0.000000
0.000000
0.000000
0.000000
0.000000
0.000000
0.000000
0.000000
0.000000
0.000000
0.992273
0.000000
0.000000
0.000000
0.000000
0.000000
0.000000
0.000000
0.000000
0.000000
0.000000
0.000000
0.000000
0.000000
0.000000
0.000000
0.000000
0.000000
0.000000
0.000000
0.000000
0.000000
0.000000
0.000000
0.000000
0.000000
0.000000
0.391982
0.000000
0.000000
0.000000
0.000000
0.000000
0.000000
0.000000
0.000000
1.003046
0.000000
0.000000
0.000000
0.000000
1.724694
0.155934
0.000000
0.000000
0.000000
0.000000
0.000000
8.221110
1.989077
0.000000
0.000000
0.000000
2.230344
0.000000
0.000000
0.000000
0.000000
0.000000
0.000000
0.000000
0.242363
0.968997
0.000000
0.000000
0.000000
0.000000
0.000000
0.000000
1.080086
0.000000
0.000000
0.240538
0.000000
0.000000
3.471398
0.000000
0.000000
0.000000
0.000000
0.000000
0.000000
0.000000
0.000000
3.227589
0.000000
0.000000
0.000000
0.000000
0.000000
0.000000
0.000000
0.000000
1.817053
0.000000
0.000000
0.000000
0.205088
0.000000
0.000000
2.459859
0.000000
0.000000
0.000000
0.122474
0.000000
0.000000
0.000000
0.000000
0.000000
0.000000
0.000000
0.000000
0.000000
0.389550
0.000000
0.000000
3.801996
0.000000
0.000000
0.000000
0.000000
4.222259
0.000000
1.433038
0.000000
0.000000
0.000000
0.000000
1.224588
0.000000
0.000000
0.000000
1.095912
0.000000
0.000000
0.000000
0.751157
1.206027
0.000000
0.000000
0.000000
0.000000
0.000000
0.000000
0.000000
0.000000
0.000000
0.000000
0.000000
0.000000
0.488466
0.000000
0.000000
0.000000
0.000000
0.000000
0.209557
0.000000
0.000000
0.000000
0.000000
0.000000
5.028153
0.000000
0.000000
0.000000
0.000000
0.000000
0.000000
0.000000
0.000000
0.000000
0.000000
0.000000
0.754560
0.000000
2.130088
0.000000
1.820702
0.000000
2.288118
0.000000
0.000000
0.000000
0.000000
0.000000
0.000000
0.000000
0.000000
0.000000
3.680083
0.000000
0.000000
1.832672
0.000000
0.000000
0.000000
0.000000
0.000000
0.000000
0.000000
0.000000
0.441518
0.000000
0.000000
0.005386
0.000000
0.000000
0.000000
1.545926
0.000000
0.000000
0.000000
0.000000
0.000000
3.892950
0.000000
0.468418
0.000000
0.000000
0.000000
0.000000
0.000000
0.000000
2.078189
0.000000
0.000000
0.000000
0.000000
0.000000
0.000000
0.000000
0.000000
0.000000
0.000000
0.000000
0.000000
0.000000
0.000000
0.000000
0.000000
0.000000
0.000000
0.000000
0.000000
0.799450
0.000000
0.000000
0.000000
0.000000
0.000000
0.000000
0.000000
0.000000
0.000000
0.000000
0.000000
0.000000
0.000000
0.000000
0.000000
0.000000
0.000000
0.000000
0.000000
0.000000
0.000000
0.000000
0.000000
0.000000
0.000000
0.000000
0.000000
0.000000
0.000000
0.000000
2.738966
0.000000
0.000000
0.000000
0.000000
0.000000
0.000000
0.000000
0.000000
0.000000
0.000000
0.000000
0.000000
0.000000
0.000000
0.000000
0.000000
0.000000
0.000000
0.000000
1.714084
4.406463
0.000000
0.000000
0.000000
0.000000
0.000000
0.000000
0.000000
0.000000
7.228785
0.000000
0.000000
0.000000
0.000000
0.000000
0.000000
3.016850
0.000000
0.000000
0.000000
0.000000
0.000000
0.000000
0.000000
0.413382
0.000000
0.180006
0.000000
0.818097
0.000000
0.000000
0.000000
0.257370
0.000000
0.503298
0.000000
0.000000
0.000000
0.000000
0.000000
1.251396
0.212819
0.000000
0.000000
0.000000
0.000000
2.695148
0.000000
2.246690
0.000000
0.000000
0.044284
0.000000
0.000000
0.000000
0.000000
0.000000
0.000000
0.000000
0.000000
0.000000
0.541195
0.940506
0.000000
2.386094
0.000000
0.000000
0.000000
0.000000
0.000000
0.000000
0.770005
0.000000
0.558060
0.000000
0.000000
0.000000
0.000000
0.000000
0.000000
2.360312
0.000000
0.000000
0.000000
0.000000
0.206454
0.000000
0.000000
0.000000
0.000000
0.000000
0.000000
0.000000
4.326326
0.000000
0.000000
0.125789
0.000000
5.288330
0.000000
0.000000
0.000000
0.000000
0.000000
0.000000
0.000000
0.000000
0.000000
0.000000
0.000000
0.000000
0.000000
0.000000
0.000000
0.000000
0.000000
1.842510
0.000000
0.000000
0.000000
0.000000
0.000000
0.000000
0.000000
0.000000
0.000000
0.000000
0.000000
0.000000
0.000000
0.000000
0.000000
0.000000
0.000000
0.000000
0.000000
1.697096
0.000000
0.000000
2.841096
0.000000
0.000000
0.000000
0.000000
0.000000
0.000000
0.000000
0.000000
0.000000
0.932117
0.000000
0.000000
0.000000
0.000000
0.000000
0.000000
1.848918
0.000000
0.000000
0.000000
0.000000
0.000000
0.000000
0.000000
0.000000
0.000000
0.000000
0.000000
0.000000
0.000000
0.000000
2.810085
0.000000
0.000000
0.000000
0.000000
0.000000
0.000000
4.432414
0.000000
0.000000
0.000000
0.186994
1.648893
0.000000
0.000000
0.000000
0.000000
0.000000
0.000000
0.000000
0.000000
0.000000
0.000000
0.000000
0.000000
0.000000
0.000000
0.000000
0.000000
0.000000
0.000000
0.000000
0.000000
0.000000
0.000000
0.000000
0.000000
0.000000
0.000000
0.000000
0.000000
0.000000
0.000000
0.000000
0.000000
0.000000
0.000000
0.000000
0.000000
0.000000
0.000000
0.000000
0.222167
0.000000
1.032857
0.000000
0.000000
0.000000
0.000000
0.000000
0.000000
0.000000
0.000000
0.000000
4.669444
1.794044
0.000000
0.000000
0.000000
0.000000
0.000000
0.000000
0.000000
0.000000
0.000000
1.210997
0.000000
0.000000
0.000000
0.000000
0.000000
0.000000
0.000000
0.000000
0.000000
0.000000
0.000000
0.000000
0.000000
0.000000
0.000000
0.000000
0.000000
0.000000
0.000000
0.000000
0.000000
0.000000
0.000000
0.317562
0.000000
0.000000
0.000000
0.000000
0.000000
0.000000
0.000000
0.000000
1.788190
0.219491
0.000000
0.000000
0.000000
0.000000
0.000000
0.000000
0.866561
0.000000
1.151228
0.000000
0.000000
0.000000
0.000000
0.000000
0.000000
0.000000
0.000000
0.000000
0.000000
0.000000
0.000000
0.000000
0.000000
0.248478
0.000000
0.000000
0.000000
0.000000
0.000000
0.000000
0.000000
0.000000
0.000000
0.000000
1.806740
0.000000
0.000000
0.000000
0.000000
0.000000
3.786153
0.000000
0.981663
0.000000
0.000000
0.000000
0.000000
0.000000
0.000000
0.000000
0.000000
0.000000
0.000000
0.000000
0.000000
2.195252
0.000000
0.000000
0.000000
0.000000
0.000000
2.684471
0.000000
0.000000
0.000000
0.000000
0.000000
0.000000
0.000000
0.000000
5.345486
1.330212
0.000000
0.000000
0.000000
0.058044
0.000000
0.000000
0.000000
0.000000
2.165267
0.000000
0.000000
0.000000
0.000000
0.000000
0.000000
2.155858
0.000000
0.000000
3.597105
0.139772
0.199503
0.000000
0.000000
0.000000
0.000000
0.000000
1.031303
0.000000
0.000000
0.000000
3.094072
0.000000
0.000000
0.000000
0.000000
0.000000
0.000000
1.097989
0.000000
3.401653
0.000000
0.000000
0.000000
0.000000
0.000000
0.000000
0.000000
0.000000
0.000000
0.000000
0.000000
0.000000
0.000000
0.000000
0.359608
0.000000
0.000000
0.000000
0.000000
0.000000
0.000000
0.000000
0.000000
0.000000
0.000000
0.000000
0.000000
0.000000
0.000000
1.124195
0.000000
0.000000
4.371826
1.148328
0.000000
0.000000
0.000000
1.669824
0.000000
0.000000
0.000000
4.975919
0.000000
0.000000
0.863108
0.000000
0.000000
0.000000
0.000000
0.000000
0.000000
0.000000
0.000000
0.000000
0.000000
0.696399
0.000000
0.000000
0.000000
0.000000
0.000000
0.000000
0.000000
0.000000
0.000000
0.000000
0.000000
0.000000
0.000000
0.000000
0.000000
0.000000
0.000000
0.000000
0.000000
0.000000
0.182913
0.000000
0.000000
0.000000
0.000000
0.000000
4.140922
0.000000
0.584910
0.000000
0.000000
0.000000
0.000000
0.000000
0.944142
2.449087
0.000000
0.000000
0.000000
0.000000
0.000000
0.000000
0.000000
4.245663
0.000000
0.000000
0.000000
0.000000
0.000000
0.000000
2.969951
0.000000
0.000000
0.000000
0.000000
0.000000
0.000000
0.000000
0.441917
0.000000
1.757102
0.000000
0.000000
0.000000
0.000000
0.000000
0.000000
0.000000
0.000000
0.000000
3.138351
0.000000
4.778640
0.000000
0.000000
0.000000
0.000000
0.000000
0.000000
0.000000
0.000000
0.314111
0.000000
0.000000
0.000000
0.000000
2.915920
0.000000
2.272922
0.000000
0.000000
0.000000
0.000000
0.000000
0.000000
0.000000
0.000000
0.000000
0.000000
0.000000
0.000000
2.865548
1.774910
0.000000
1.297867
0.000000
0.000000
0.000000
0.000000
0.000000
0.000000
0.000000
0.000000
0.943554
0.035522
4.391739
0.000000
0.000000
0.000000
3.301703
1.355678
0.000000
0.000000
0.000000
0.000000
0.000000
0.000000
0.000000
0.000000
0.000000
0.000000
0.000000
0.000000
0.000000
0.000000
0.000000
0.000000
1.195223
0.000000
0.000000
0.000000
0.000000
0.000000
0.000000
0.000000
0.000000
0.000000
0.000000
0.000000
0.000000
0.000000
0.000000
0.000000
0.000000
0.000000
0.000000
0.000000
6.106477
0.206164
0.000000
0.000000
0.000000
0.000000
0.000000
0.000000
0.000000
0.000000
0.000000
0.000000
0.000000
0.000000
0.000000
0.000000
0.000000
0.000000
0.000000
0.000000
0.000000
0.000000
0.000000
0.000000
0.000000
0.000000
0.000000
0.000000
0.000000
0.000000
0.261138
0.000000
0.000000
2.153724
5.152562
0.000000
0.000000
0.000000
0.000000
0.000000
0.802414
0.000000
0.472853
0.000000
0.619941
0.000000
0.000000
0.000000
0.000000
0.000000
0.000000
0.000000
0.000000
0.000000
0.000000
0.000000
0.000000
0.000000
0.000000
0.000000
0.000000
0.000000
0.000000
0.000000
0.000000
0.000000
0.000000
0.000000
0.129500
0.000000
0.000000
0.000000
0.000000
0.000000
0.000000
0.000000
0.000000
0.000000
5.223090
0.000000
1.273911
0.000000
0.000000
0.639589
0.000000
0.000000
0.000000
0.000000
0.000000
0.000000
0.000000
0.000000
0.000000
0.000000
0.000000
0.000000
0.000000
0.000000
0.000000
0.000000
0.577904
0.000000
0.000000
0.000000
0.000000
0.000000
0.000000
0.000000
1.605800
1.061555
0.000000
0.000000
0.041423
0.000000
0.000000
0.000000
0.000000
0.807380
0.000000
0.000000
0.000000
0.379812
0.000000
0.000000
0.000000
0.000000
0.000000
1.174550
0.000000
0.000000
0.000000
0.000000
0.000000
0.000000
0.000000
0.000000
0.000000
0.000000
0.000000
0.000000
4.285761
0.000000
0.000000
0.000000
0.000000
0.000000
0.000000
0.000000
0.000000
3.314806
3.635408
0.000000
0.000000
0.000000
0.000000
0.000000
0.000000
0.000000
0.000000
0.000000
0.000000
0.000000
0.000000
0.000000
0.000000
0.938086
1.009421
0.000000
0.000000
0.000000
0.000000
0.000000
0.000000
0.000000
0.000000
0.000000
0.000000
1.909865
0.000000
0.000000
0.000000
0.000000
0.000000
0.000000
0.000000
0.000000
0.000000
0.000000
0.000000
0.000000
0.000000
2.976611
0.000000
0.000000
0.000000
0.000000
0.000000
0.000000
0.000000
0.000000
0.000000
0.000000
0.000000
0.000000
0.000000
2.852581
0.000000
0.000000
0.000000
0.000000
0.000000
0.000000
0.000000
1.302797
0.000000
0.000000
1.045711
0.000000
0.000000
0.000000
0.000000
0.000000
0.000000
0.000000
0.000000
0.000000
0.000000
0.000000
0.000000
0.000000
0.000000
0.000000
0.000000
0.000000
0.000000
0.000000
0.000000
2.252280
0.000000
0.000000
0.000000
0.000000
0.884717
0.000000
0.000000
0.000000
0.000000
0.000000
1.995785
0.000000
0.000000
0.000000
0.000000
0.000000
0.000000
0.000000
0.000000
0.000000
0.000000
0.000000
0.000000
0.000000
0.000000
0.000000
0.000000
0.000000
0.000000
0.000000
0.000000
1.289919
0.000000
0.259552
0.000000
0.000000
0.000000
2.880554
0.000000
0.000000
3.786834
0.000000
1.439896
0.000000
0.000000
0.000000
0.000000
1.185155
0.000000
0.227378
4.570084
0.000000
0.000000
0.000000
0.000000
0.000000
0.000000
0.000000
0.000000
0.000000
0.000000
1.650546
0.000000
0.000000
3.520191
