0.924315
0.000000
0.000000
0.000000
0.000000
0.000000
0.000000
0.718797
0.000000
0.000000
0.000000
1.882942
0.000000
1.434501
0.000000
0.542861
0.063123
0.000000
0.000000
0.000000
0.059727
0.000000
0.000000
0.256147
0.000000
1.734249
0.773748
1.010330
0.000000
0.000000
0.965896
1.623082
0.000000
0.000000
0.000000
0.866806
0.000000
1.300744
0.000000
0.000000
0.000000
0.000000
0.000000
0.000000
0.097970
0.899300
1.738801
0.065909
0.265287
0.170207
0.000000
0.000000
0.000000
0.000000
0.000000
0.000000
0.000000
0.000000
1.075983
0.000000
0.000000
1.102011
0.000000
0.000000
0.000000
0.000000
0.000000
1.954375
0.000000
0.000000
0.000000
0.000000
0.000000
0.000000
1.198414
0.000000
0.000000
0.000000
0.000000
0.000000
0.000000
0.000000
0.000000
0.521741
0.000000
0.783115
0.000000
0.473457
0.000000
1.465835
0.000000
0.000000
0.000000
0.000000
0.000000
0.000000
0.000000
0.000000
0.000000
0.623031
0.780464
0.000000
0.000000
0.000000
0.000000
2.254380
0.037628
0.000000
0.000000
0.000000
0.632989
0.000000
0.000000
0.000000
0.000000
0.000000
0.000000
0.000000
0.177142
0.000000
0.000000
1.423663
1.161546
0.000000
0.000000
0.000000
0.000000
0.520327
0.000000
0.719491
0.000000
0.000000
0.000000
0.000000
0.000000
0.715732
0.000000
0.000000
0.000000
0.000000
0.000000
0.000000
0.000000
0.452626
0.000000
0.000000
0.000000
0.068175
0.793691
0.000000
0.000000
0.000000
0.000000
0.000000
0.000000
1.384881
0.000000
0.000000
0.000000
0.000000
0.000000
0.000000
1.391469
0.000000
0.706552
0.000000
0.000000
0.000000
0.000000
0.000000
0.000000
0.000000
0.000000
0.000000
1.299391
0.000000
0.000000
0.000000
0.000000
0.000000
0.000000
0.000000
0.000000
2.238388
0.000000
0.000000
0.000000
0.000000
0.000000
0.000000
0.726681
0.000000
0.000000
0.000000
1.036307
1.172915
0.000000
0.000000
0.000000
0.000000
0.541489
0.000000
0.000000
0.000000
0.000000
0.000000
0.000000
0.000000
0.000000
0.395524
0.000000
0.000000
0.000000
2.214687
0.000000
0.329565
0.000000
0.000000
0.000000
0.248913
0.000000
0.000000
2.625761
0.000000
0.000000
0.000000
0.000000
0.409773
0.000000
0.000000
0.000000
1.219559
0.000000
0.000000
0.000000
0.000000
0.000000
0.000000
0.000000
0.692487
0.086406
0.000000
0.000000
0.000000
0.318596
0.406000
0.049131
0.000000
0.132299
0.000000
0.000000
0.000000
0.000000
0.000000
0.000000
0.000000
0.000000
0.000000
0.000000
0.000000
2.128160
0.000000
0.000000
0.000000
0.000000
0.000000
0.353843
0.000000
0.000000
0.000000
0.117842
0.000000
0.000000
0.000000
0.000000
0.000000
0.000000
0.000000
0.000000
0.000000
0.136808
0.000000
0.000000
0.479939
0.000000
1.282053
0.000000
0.408748
0.000000
0.000000
0.000000
0.000000
0.000000
0.124493
0.000000
0.000000
0.000000
0.000000
0.000000
0.000000
0.000000
2.158581
0.554394
0.000000
0.000000
0.250329
1.028429
0.833759
0.000000
1.909929
0.000000
0.000000
1.514414
0.533229
0.388219
0.000000
0.000000
2.424932
0.641581
0.000000
0.000000
0.172946
0.000000
0.645543
0.000000
0.000000
0.000000
0.000000
0.000000
0.237914
0.000000
0.675008
0.000000
0.000000
0.000000
0.000000
0.000000
0.000000
0.000000
0.000000
0.000000
0.000000
0.000000
0.000000
0.000000
0.000000
0.000000
0.000000
0.000000
0.801890
0.796700
0.000000
0.000000
0.000000
0.000000
0.000000
0.000000
0.000000
0.000000
0.334445
0.000000
0.000000
0.554561
0.000000
0.000000
2.634644
0.733144
0.146554
0.000000
0.000000
0.000000
0.000000
0.000000
0.786050
0.000000
0.000000
0.395084
0.000000
0.000000
0.000000
1.372155
0.000000
0.000000
0.000000
0.000000
0.360978
0.000000
0.268733
0.000000
0.000000
0.000000
0.226365
1.729688
0.000000
1.443712
0.000000
0.000000
0.000000
0.000000
0.000000
0.000000
0.000000
0.000000
0.000000
0.000000
0.000000
0.000000
0.000000
0.000000
0.985030
0.000000
0.000000
0.000000
0.000000
0.000000
0.000000
0.000000
0.755473
0.000000
0.000000
0.000000
0.000000
1.298059
0.523876
0.000000
0.000000
0.000000
0.000000
0.000000
0.000000
1.084022
0.000000
0.000000
0.000000
0.000000
0.023096
0.000000
0.000000
0.000000
0.000000
0.000000
0.000000
0.000000
0.000000
0.993313
0.072050
0.000000
0.000000
0.000000
0.000000
0.775322
1.018162
1.006363
0.000000
0.000000
0.000000
0.887807
0.000000
0.000000
0.000000
0.208539
0.575804
0.000000
0.000000
0.000000
0.000000
0.000000
0.000000
2.173578
0.000000
0.000000
0.000000
0.000000
0.000000
1.884834
0.000000
0.000000
0.000000
0.000000
0.747997
0.000000
0.000000
2.191600
0.903349
0.135762
0.000000
0.000000
0.677444
0.000000
0.285354
1.444684
0.000000
0.000000
0.000000
0.000000
0.000000
0.558092
1.128662
0.000000
0.000000
0.000000
1.731598
0.000000
0.920514
0.665677
1.172819
1.226145
0.000000
0.000000
0.000000
0.000000
0.000000
0.000000
0.000000
0.000000
0.000000
0.000000
0.000000
0.000000
0.000000
0.000000
0.000000
0.000000
0.753336
0.000000
0.000000
0.000000
0.004606
0.000000
0.322005
0.000000
1.231192
0.000000
0.240841
1.631296
0.000000
0.000000
1.680168
0.197132
0.000000
0.000000
0.284906
0.000000
1.559440
0.000000
0.000000
0.000000
0.000000
0.000000
0.000000
0.000000
0.352391
0.000000
0.000000
0.000000
0.000000
0.000000
0.000000
0.000000
0.000000
1.609570
0.000000
0.000000
0.000000
0.000000
0.000000
0.000000
0.000000
0.000000
0.000000
0.000000
0.000000
0.000000
0.239754
0.000000
0.000000
0.129923
0.000000
0.285678
0.000000
0.000000
0.000000
0.000000
0.000000
0.000000
0.000000
0.000000
0.000000
0.000000
0.000000
0.000000
0.000000
0.193204
0.072775
0.000000
0.000000
0.000000
0.000000
0.000000
0.524083
0.249207
0.000000
0.000000
0.000000
0.000000
0.000000
0.000000
0.000000
0.000000
0.000000
0.000000
0.000000
0.000000
0.000000
0.063001
0.061267
0.000000
0.000000
0.000000
0.000000
0.000000
0.061022
0.000000
0.218477
0.000000
0.000000
0.000000
0.000000
0.000000
0.000000
1.902115
0.121828
0.000000
0.000000
0.000000
0.000000
0.000000
0.415069
0.000000
0.000000
0.422152
0.000000
0.000000
0.344976
0.000000
0.000000
0.000000
0.491800
0.000000
0.000000
0.179131
0.000000
0.000000
0.046416
0.000000
1.256874
0.000000
0.000000
0.000000
0.000000
0.000000
0.000000
0.000000
0.000000
0.000000
0.000000
0.000000
0.000000
0.000000
0.000000
0.000000
0.000000
0.954261
0.000000
0.000000
0.000000
0.000000
0.000000
0.000000
0.000000
0.000000
0.230491
0.000000
0.000000
0.895253
0.000000
0.000000
0.000000
0.000000
0.000000
0.000000
0.000000
0.000000
0.000000
0.000000
0.000000
0.316673
0.000000
0.000000
1.146722
0.000000
1.144781
0.217746
0.019677
1.410725
0.000000
0.000000
0.430659
0.000000
0.000000
0.000000
1.492999
0.000000
0.988401
0.000000
0.000000
0.000000
0.000000
0.207016
0.000000
0.000000
0.000000
1.913313
0.000000
0.000000
0.000000
0.000000
0.000000
0.000000
0.999072
0.000000
0.881953
0.000000
0.000000
1.771860
0.000000
0.000000
0.726887
0.000000
0.000000
0.000000
0.919831
0.255139
0.000000
0.000000
0.000000
0.000000
0.000000
0.000000
0.000000
0.000000
0.000000
0.000000
0.000000
0.000000
0.000000
0.000000
0.000000
2.253766
0.024579
0.000000
0.000000
2.532896
0.873212
0.000000
0.916290
0.000000
0.000000
0.000000
2.682260
0.000000
0.000000
0.000000
0.000000
0.000000
0.000000
0.000000
0.944871
0.000000
0.000000
0.272591
0.000000
1.008517
0.000000
0.000000
0.000000
2.191000
0.000000
0.000000
0.000000
0.000000
0.848151
0.000000
0.000000
0.000000
0.000000
0.592089
0.000000
0.000000
0.826953
0.000000
0.000000
0.000000
0.197774
0.203277
0.000000
0.000000
0.000000
0.000000
0.000000
0.000000
0.000000
0.000000
0.000000
1.656303
0.000000
0.000000
0.000000
0.000000
0.000000
0.000000
1.380468
0.000000
0.000000
0.000000
0.000000
0.000000
0.000000
0.000000
0.045402
0.000000
0.000000
0.097065
0.482562
0.000000
0.000000
0.346034
1.140860
0.000000
0.000000
0.000000
0.000000
1.046936
0.000000
0.000000
0.000000
0.587730
0.000000
0.000000
0.000000
0.000000
0.170814
0.000000
0.000000
0.000000
0.206223
0.000000
0.000000
0.000000
0.000000
1.486595
0.000000
0.000000
0.000000
0.000000
0.261732
1.540299
0.000000
0.000000
0.000000
0.000000
0.525082
0.000000
0.000000
0.000000
0.000000
0.403449
0.000000
0.000000
0.730232
0.950408
0.000000
0.439390
0.000000
0.000000
0.000000
0.000000
3.436643
0.000000
0.000000
0.000000
0.000000
0.000000
0.000000
0.000000
0.000000
0.000000
0.722574
1.151957
0.000000
0.405999
0.000000
1.443750
0.000000
0.000000
0.000000
0.000000
0.000000
1.245449
0.000000
0.000000
0.000000
0.000000
1.769377
0.000000
0.000000
0.154984
0.000000
0.000000
0.000000
0.000000
0.000000
0.000000
0.000000
0.000000
0.000000
0.124810
0.589590
0.000000
0.000000
0.039210
0.494694
0.000000
2.536048
0.000000
0.000000
0.000000
0.000000
0.000000
0.000000
0.010627
0.000000
0.000000
0.000000
0.000000
0.000000
0.000000
0.000000
0.000000
0.000000
0.000000
1.352976
0.150305
0.000000
0.000000
0.000000
0.000000
0.000000
0.757331
0.000000
0.000000
0.000000
0.826089
0.000000
0.000000
0.633112
0.000000
0.000000
0.000000
0.131515
0.000000
0.000000
0.000000
0.000000
1.750582
0.000000
0.000000
0.000000
0.000000
0.000000
0.207751
0.000000
0.000000
0.000000
0.000000
0.000000
0.000000
0.000000
0.000000
0.000000
0.000000
0.000000
0.000000
0.000000
0.000000
0.469234
0.000000
0.000000
0.000000
0.000000
0.000000
0.000000
0.000000
0.045258
0.000000
0.000000
0.000000
0.001370
0.000000
0.876382
0.301632
0.000000
0.000000
0.000000
0.000000
0.000000
0.000000
0.000000
0.000000
0.000000
0.000000
0.000000
0.000000
0.000000
0.000000
0.000000
0.000000
0.144854
0.000000
0.793400
0.000000
1.899616
0.000000
0.000000
0.153442
0.524451
0.164409
0.000000
0.000000
0.000000
0.000000
1.055132
0.374680
1.571688
0.000000
2.499705
0.000000
0.000000
0.095680
0.000000
1.217275
0.000000
0.000000
0.000000
0.000000
0.000000
0.000000
0.000000
1.087658
0.000000
1.207270
0.000000
0.000000
0.000000
0.514450
0.081145
0.000000
0.560245
0.000000
0.000000
0.000000
0.000000
0.000000
0.000000
0.000000
0.000000
0.000000
0.685469
0.899062
0.000000
0.000000
0.803752
0.000000
0.000000
0.000000
0.042521
0.394906
0.000000
0.000000
0.000000
0.000000
0.611840
0.000000
0.000000
0.000000
1.676679
2.092823
0.000000
1.213752
0.000000
1.164369
0.000000
0.000000
0.953351
0.000000
0.000000
0.000000
0.000000
0.000000
0.755198
0.000000
0.000000
0.000000
0.000000
0.000000
0.810376
0.000000
0.000000
0.035624
0.281297
0.577501
0.000000
0.000000
0.000000
0.835226
0.000000
0.000000
0.484453
0.000000
0.000000
0.922663
0.340938
0.000000
0.000000
0.000000
0.000000
1.573569
0.000000
0.000000
0.000000
0.000000
0.000000
0.000000
0.173634
0.912153
0.000000
0.337702
0.000000
0.000000
0.000000
2.217782
0.000000
0.055306
0.000000
0.250299
0.000000
0.000000
0.000000
0.000000
0.715693
0.000000
0.000000
0.000000
0.000000
0.000000
0.000000
0.000000
0.000000
0.015507
0.000000
0.000000
0.000000
0.000000
0.000000
0.000000
0.000000
0.000000
0.310683
0.000000
0.000000
0.000000
0.000000
0.000000
0.000000
0.586113
0.000000
0.000000
0.000000
0.819264
0.000000
0.974577
0.000000
0.000000
0.000000
0.000000
0.000000
0.000000
0.000000
0.000000
0.000000
0.000000
0.000000
0.000000
0.000000
0.000000
0.000000
0.700171
0.000000
0.000000
0.000000
0.000000
0.000000
0.000000
1.940446
0.000000
0.000000
0.000000
0.719801
0.000000
0.000000
0.636541
0.000000
0.000000
0.000000
0.000000
0.000000
0.872958
0.000000
0.000000
0.000000
1.555142
0.000000
0.000000
0.000000
0.000000
0.000000
0.000000
0.000000
0.000000
0.000000
0.000000
0.637107
0.000000
0.000000
0.000000
0.000000
0.000000
0.000000
0.000000
0.000000
0.000000
0.000000
1.062845
0.000000
0.000000
0.000000
0.515074
0.000000
0.957618
0.000000
0.000000
0.000000
0.324660
0.000000
0.806226
0.000000
0.000000
0.000000
0.000000
0.000000
0.000000
0.000000
0.000000
0.400095
0.409112
0.000000
0.000000
0.000000
0.575047
0.689863
0.000000
0.000000
0.000000
0.000000
0.000000
0.000000
0.000000
0.000000
0.000000
0.753704
0.000000
0.000000
0.000000
0.000000
0.000000
0.000000
0.000000
0.000000
0.000000
0.058066
0.474462
0.332705
0.000000
0.000000
1.126588
0.000000
0.000000
0.049941
1.459061
0.000000
0.000000
0.000000
0.000000
0.000000
1.628959
0.455427
0.000000
0.000000
0.000000
0.347447
0.054206
0.000000
0.146393
0.000000
0.000000
0.000000
0.000000
0.000000
0.583140
0.666631
0.000000
0.000000
0.000000
0.000000
0.864903
0.000000
0.000000
0.000000
0.000000
1.591216
0.000000
0.000000
0.000000
0.000000
1.079175
0.000000
0.000000
0.000000
0.052465
0.000000
0.000000
1.038012
0.000000
0.000000
0.000000
0.000000
0.006533
0.000000
0.000000
0.000000
0.592555
0.000000
0.000000
0.000000
0.181124
0.000000
0.000000
0.000000
0.000000
0.000000
0.000000
2.112863
0.000000
0.000000
2.685281
0.000000
0.000000
0.000000
1.097300
0.000000
0.000000
0.000000
0.000000
1.640127
0.000000
0.000000
0.000000
0.000000
0.272640
0.000000
0.000000
0.000000
0.368708
0.000000
0.000000
0.000000
0.000000
0.000000
1.340321
0.000000
0.407785
0.000000
2.862806
0.000000
0.413332
0.000000
0.000000
0.000000
0.000000
0.000000
0.739994
0.000000
0.024580
0.000000
0.000000
0.000000
0.000000
0.000000
1.020845
0.000000
0.000000
0.000000
1.487574
0.000000
0.000000
0.790038
0.000000
0.803460
0.456600
0.000000
0.000000
0.000000
0.000000
1.007425
0.000000
0.000000
0.000000
0.000000
0.163975
0.000000
0.000000
0.000000
0.000000
0.000000
0.000000
0.000000
0.000000
0.000000
0.000000
0.166850
0.000000
0.951664
0.000000
0.660160
0.000000
0.000000
0.275167
0.945082
0.000000
0.000000
0.000000
1.444002
0.692076
0.000000
0.626324
0.000000
0.000000
0.461962
0.000000
0.000000
0.000000
0.000000
0.000000
0.000000
0.000000
0.147972
2.310382
0.000000
0.000000
0.000000
0.000000
1.377276
0.000000
0.000000
0.000000
0.000000
0.000000
0.000000
0.000000
0.000000
0.000000
0.000000
0.000000
0.366377
0.000000
0.000000
0.000000
0.000000
0.852261
0.000000
0.000000
0.000000
0.000000
0.000000
0.000000
0.000000
0.000000
0.000000
0.000000
0.000000
0.017231
0.294281
0.000000
0.000000
2.398276
0.804416
0.000000
0.000000
0.000000
0.000000
0.000000
0.000000
0.000000
0.858038
0.000000
0.000000
0.052818
0.000000
0.000000
0.000000
0.000000
0.752035
0.000000
0.000000
0.837906
0.219342
0.401842
0.000000
0.000000
0.000000
0.000000
1.459444
0.000000
0.000000
0.000000
0.000000
0.000000
0.000000
0.000000
0.000000
0.000000
0.330987
0.000000
0.000000
0.000000
1.442644
0.000000
0.000000
0.000000
0.000000
0.000000
0.000000
0.608241
0.650303
0.000000
0.545987
0.000000
0.000000
0.000000
0.279233
0.000000
0.000000
1.067738
0.000000
0.000000
0.000000
0.000000
0.000000
0.000000
0.000000
2.418337
1.185585
0.000000
0.000000
0.000000
0.000000
0.000000
0.000000
0.143236
0.649620
0.000000
0.647041
0.000000
0.208366
0.000000
0.000000
0.000000
0.000000
0.000000
0.000000
0.000000
0.000000
0.000000
0.000000
0.000000
0.000000
0.000000
0.000000
0.085627
0.945534
0.000000
1.038693
0.465190
0.000000
0.000000
1.763713
0.000000
0.547605
0.687511
0.000000
0.000000
0.000000
0.000000
0.000000
0.000000
0.160741
0.393573
0.000000
0.168664
0.193544
0.000000
0.000000
0.000000
0.912130
0.000000
0.605434
1.378277
0.000000
0.000000
0.230711
0.000000
0.000000
0.023617
0.010238
0.361118
0.000000
0.000000
0.000000
0.050087
0.000000
0.000000
1.772089
0.000000
0.230784
0.000000
1.555104
0.000000
0.000000
0.000000
0.000000
0.000000
0.384751
0.000000
0.000000
0.000000
0.000000
0.000000
0.747173
0.000000
0.000000
0.000000
0.000000
0.000000
0.000000
0.000000
0.000000
1.530744
1.310440
1.478545
0.000000
0.000000
0.000000
0.000000
0.132409
1.234838
0.000000
0.000000
2.980658
0.000000
0.000000
0.000000
0.000000
0.000000
0.000000
0.000000
0.000000
0.000000
0.000000
0.000000
0.000000
1.266270
0.000000
0.000000
0.000000
0.000000
0.000000
0.000000
0.387738
0.607604
0.000000
0.000000
0.000000
0.000000
0.000000
0.601065
0.015715
0.000000
1.839751
0.000000
0.000000
0.000000
0.000000
0.000000
0.000000
0.000000
0.086787
0.643267
0.000000
0.000000
0.000000
0.000000
0.000000
0.000000
0.000000
0.000000
0.310422
0.034776
0.000000
0.000000
0.000000
0.000000
0.000000
0.000000
0.000000
0.000000
0.529689
0.000000
0.000000
0.000000
0.000000
0.000000
0.000000
1.400679
0.000000
0.000000
0.000000
0.000000
0.000000
0.076822
0.000000
0.000000
0.542909
0.203514
0.526866
0.000000
0.000000
0.000000
0.000000
0.000000
0.090217
0.000000
0.452172
0.679842
0.000000
0.000000
0.000000
1.612913
0.000000
0.342305
0.000000
0.000000
0.000000
0.000000
0.000000
1.976187
0.000000
0.733210
0.000000
0.000000
0.000000
0.000000
0.000000
0.000000
0.000000
0.000000
0.000000
0.458857
0.000000
0.000000
0.138535
0.000000
0.000000
0.000000
0.000000
0.000000
0.589439
0.000000
0.000000
0.000000
0.560266
0.000000
0.000000
0.000000
0.000000
0.000000
1.101804
0.000000
0.000000
0.000000
0.898443
0.000000
0.000000
0.000000
0.000000
0.000000
0.000000
0.000000
0.000000
0.000000
0.000000
0.000000
0.000000
0.000000
0.000000
0.000000
0.000000
0.000000
0.000000
0.228648
0.000000
0.000000
0.688397
0.000000
0.000000
0.998425
0.038204
0.000000
0.000000
1.465443
0.000000
0.000000
1.195834
0.000000
0.186475
0.000000
0.000000
0.000000
0.000000
0.000000
0.871870
0.000000
0.000000
0.000000
0.239101
0.000000
0.000000
0.000000
0.000000
0.000000
0.000000
0.823015
0.000000
0.000000
0.000000
0.000000
0.000000
0.558563
0.256991
0.000000
0.000000
0.000000
0.481482
0.000000
0.000000
0.000000
0.000000
0.000000
0.000000
0.000000
0.000000
0.000000
0.180568
0.000000
0.000000
0.000000
0.000000
0.386792
0.000000
0.000000
0.000000
0.000000
0.000000
0.000000
0.000000
0.000000
0.000000
0.000000
0.000000
0.655063
0.000000
0.000000
0.000000
1.257107
1.130267
0.000000
0.000000
0.000000
0.000000
0.000000
0.000000
0.000000
0.000000
0.000000
0.000000
0.000000
0.000000
0.000000
0.000000
0.000000
0.000000
0.000000
0.000000
0.000000
0.413167
0.000000
0.000000
0.000000
0.352632
0.000000
0.000000
0.280444
0.000000
0.000000
0.278333
0.000000
0.000000
0.000000
0.000000
1.276757
0.000000
0.000000
0.598490
0.365737
1.132784
0.125336
0.000000
0.000000
0.000000
0.000000
0.656261
0.000000
0.000000
0.000000
0.000000
0.000000
0.000000
0.000000
0.000000
0.000000
0.000000
0.000000
0.000000
0.000000
0.000000
0.031522
0.000000
0.000000
0.223213
0.000000
0.000000
0.000000
0.000000
0.038242
0.288230
0.940638
1.304996
0.000000
0.000000
0.000000
0.474829
1.491462
1.026159
1.261415
0.000000
0.000000
0.000000
0.000000
0.018916
0.000000
0.000000
0.000000
0.000000
0.000000
0.000000
0.000000
0.000000
0.000000
0.000000
0.938923
0.037303
0.000000
0.202792
0.000000
0.000000
0.000000
0.000000
0.000000
0.000000
0.544522
0.087110
0.000000
0.904849
0.000000
1.963227
0.000000
0.000000
0.000000
0.000000
0.000000
0.000000
0.000000
0.479573
0.000000
0.000000
0.000000
0.000000
1.244394
0.000000
0.000000
0.000000
0.000000
0.000000
0.000000
0.000000
1.008463
0.000000
0.000000
0.000000
0.000000
0.000000
0.000000
3.608559
0.678023
0.000000
0.000000
0.000000
0.000000
0.000000
0.000000
0.000000
0.000000
0.000000
0.000000
0.000000
0.000000
0.000000
0.000000
0.774057
0.000000
0.000000
0.000000
0.862372
0.000000
0.000000
0.000000
0.000000
0.000000
0.182581
0.000000
0.000000
0.000000
2.432304
0.000000
0.000000
2.427744
0.160494
1.210982
0.000000
1.121606
0.050332
0.000000
0.707843
0.000000
0.000000
0.000000
1.707070
0.000000
0.000000
0.000000
0.000000
0.000000
0.425627
0.000000
0.145296
0.000000
1.252059
0.000000
0.000000
0.000000
1.916003
0.000000
0.515623
0.000000
0.670065
0.000000
0.000000
0.000000
0.228311
0.000000
0.434868
0.000000
0.000000
0.354210
0.000000
0.000000
0.000000
0.000000
0.000000
0.000000
0.633434
0.415520
0.000000
0.000000
0.000000
0.000000
0.000000
0.000000
0.000000
0.483340
1.061970
0.000000
1.858288
0.000000
0.000000
0.000000
0.000000
0.894237
0.000000
0.000000
0.755324
0.151748
0.000000
0.000000
0.000000
0.000000
0.000000
0.000000
1.237819
0.000000
2.096164
0.000000
0.979048
0.000000
0.375568
0.000000
0.000000
0.325812
0.000000
1.773467
0.000000
0.000000
0.000000
0.000000
0.000000
0.301814
0.000000
0.000000
0.000000
0.000000
0.000000
0.000000
0.000000
0.000000
0.000000
0.408935
0.486849
0.000000
0.000000
0.000000
0.000000
0.079174
0.000000
0.000000
0.000000
0.000000
0.468119
1.434319
0.000000
0.000000
0.000000
0.000000
0.000000
0.127422
0.000000
0.409733
0.000000
0.000000
0.000000
0.016378
0.000000
0.000000
0.000000
0.000000
0.000000
0.000000
1.062902
0.000000
0.000000
0.000000
0.000000
0.000000
1.413773
0.000000
0.000000
0.000000
0.000000
0.000000
0.000000
0.000000
0.000000
0.571125
0.000000
0.000000
0.000000
0.000000
0.000000
0.000000
0.319769
0.000000
0.000000
1.831560
0.000000
0.000000
1.408337
2.457120
0.000000
0.000000
0.000000
0.000000
2.476949
0.534477
0.000000
0.595745
0.000000
1.059728
0.332824
1.812153
0.000000
0.000000
0.000000
0.000000
0.000000
0.000000
0.000000
0.644052
0.000000
0.000000
0.000000
0.000000
0.378085
0.000000
0.000000
0.550337
0.421830
0.000000
0.000000
0.000000
0.364718
0.000000
0.000000
0.000000
0.000000
0.457871
0.227368
0.000000
0.000000
0.000000
0.000000
0.715294
0.000000
0.000000
0.000000
0.000000
0.000000
0.000000
0.000000
0.000000
0.000000
0.000000
0.000000
0.000000
0.438195
0.000000
0.000000
0.000000
0.000000
0.253263
0.000000
0.383206
0.393002
0.000000
0.000000
0.000000
0.000000
0.000000
0.000000
0.106727
0.240179
0.000000
0.000000
0.000000
0.000000
0.000000
0.732944
0.000000
0.000000
0.153827
0.000000
0.000000
0.000000
1.352938
0.000000
0.027096
0.000000
0.000000
0.000000
0.447275
0.000000
0.000000
0.000000
0.000000
0.000000
0.000000
0.000000
0.000000
0.000000
0.000000
0.000000
0.000000
0.000000
0.000000
0.000000
0.000000
1.251451
0.000000
0.219265
0.154254
0.873988
0.000000
0.000000
0.000000
0.000000
0.000000
0.000000
0.000000
1.595394
1.482852
0.000000
0.294151
0.000000
0.000000
0.000000
0.000000
1.190505
1.462152
0.000000
1.439335
0.000000
0.000000
0.000000
2.449384
0.000000
0.000000
0.000000
0.000000
0.335093
0.000000
0.000000
0.000000
0.000000
0.000000
1.133382
0.000000
2.560539
1.039544
0.000000
2.013549
2.734615
0.000000
0.000000
0.532489
0.000000
0.000000
0.000000
0.000000
0.632035
0.000000
0.000000
0.082264
0.000000
0.843697
1.081919
0.000000
0.000000
1.334874
0.000000
0.000000
0.631858
0.000000
0.000000
0.000000
1.157337
0.619401
0.000000
2.885935
0.491756
0.000000
0.000000
0.353815
0.299002
0.000000
0.000000
0.000000
0.000000
0.000000
1.508404
0.000000
0.332487
1.390948
0.000000
0.000000
0.000000
0.000000
0.000000
0.000000
0.000000
0.000000
0.044655
0.000000
0.000000
0.000000
0.000000
0.000000
1.547173
0.000000
0.000000
1.047796
0.678447
0.000000
0.327346
0.000000
0.000000
0.332738
0.000000
0.000000
0.000000
1.703106
0.000000
0.000000
0.884709
0.000000
1.196178
0.000000
0.000000
0.000000
0.975775
0.000000
0.000000
0.000000
0.000000
0.000000
0.000000
0.000000
1.415810
0.000000
0.659142
0.000000
0.000000
0.000000
0.000000
0.000000
0.000000
0.173949
0.000000
0.378541
0.000000
0.000000
0.000000
0.000000
1.341588
0.000000
0.000000
0.000000
0.515891
1.394178
0.000000
0.042480
0.000000
0.250623
0.000000
0.430305
1.531615
0.000000
0.000000
0.000000
0.000000
0.993225
0.000000
0.712185
1.535490
0.000000
0.810774
1.178441
0.000000
0.000000
0.000000
0.374711
0.000000
0.000000
0.000000
0.000000
0.622768
0.000000
0.000000
0.000000
0.000000
1.598656
0.000000
0.435877
0.000000
0.000000
0.000000
0.000000
0.534227
0.000000
0.000000
0.000000
0.000000
0.000000
0.000000
0.697678
0.000000
0.000000
0.421877
0.000000
0.469951
0.662668
0.000000
0.000000
1.299688
0.000000
2.592218
0.000000
0.000000
0.000000
0.000000
0.000000
0.000000
0.000000
0.247757
0.000000
0.000000
0.387412
0.000000
0.000000
0.000000
0.000000
0.000000
0.000000
0.974172
0.000000
0.000000
0.000000
0.000000
0.000000
0.000000
0.674462
0.000000
0.000000
0.000000
0.000000
0.000000
0.965553
0.000000
0.000000
0.000000
0.000000
0.000000
0.190931
2.228777
0.000000
0.000000
0.000000
0.000000
0.000000
0.000000
0.914736
0.599412
0.000000
0.000000
0.367871
0.000000
0.000000
0.000000
0.000000
0.000000
0.000000
0.105084
0.000000
0.000000
1.678872
0.000000
0.000000
0.534033
0.689422
0.000000
0.000000
0.000000
0.000000
0.000000
1.094956
1.446697
1.897044
0.000000
0.424031
0.000000
0.000000
0.434873
0.000000
1.432584
0.000000
0.000000
0.000000
1.191260
0.000000
0.000000
0.000000
0.000000
0.000000
0.000000
0.000000
0.068677
0.000000
0.000000
0.000000
1.127048
0.375372
0.000000
1.886340
0.000000
0.000000
0.972594
0.654426
0.000000
0.000000
0.197288
0.000000
1.256961
0.607602
0.000000
0.000000
0.855048
0.000000
0.000000
0.000000
1.878478
0.003429
0.000000
0.339549
0.000000
0.000000
0.000000
0.000000
0.000000
0.000000
0.000000
0.000000
1.225279
1.058677
0.000000
0.000000
0.000000
0.000000
0.000000
0.000000
0.000000
0.000000
0.000000
0.000000
0.080794
0.000000
0.157004
0.000000
2.576175
1.526683
0.397826
0.000000
0.000000
0.833093
0.000000
0.000000
0.598773
0.048945
0.317732
0.000000
0.000000
0.000000
0.762080
1.173844
0.000000
0.668532
0.635220
0.000000
0.000000
0.510917
0.000000
0.111298
0.000000
0.456693
0.000000
0.000000
0.000000
0.000000
0.000000
1.429627
0.000000
0.000000
0.657475
0.000000
0.297215
0.000000
0.000000
0.000000
0.824087
0.000000
0.000000
0.000000
0.000000
0.530527
0.000000
0.000000
0.000000
0.353824
0.000000
0.000000
0.000000
0.000000
0.000000
0.000000
0.000000
0.000000
0.000000
0.000000
0.077849
0.154529
0.761105
0.000000
0.000000
0.000000
0.000000
0.345684
0.000000
0.000000
0.000000
0.000000
0.000000
0.074616
0.000000
0.000000
1.176230
0.000000
0.000000
0.693631
0.000000
1.278649
0.000000
0.009894
0.000000
0.000000
0.000000
0.000000
0.191957
0.000000
0.000000
0.000000
0.976746
0.000000
0.000000
0.138992
0.000000
0.000000
0.000000
0.000000
0.000000
2.186261
0.000000
0.000000
0.000000
0.000000
0.000000
0.000000
1.368385
0.000000
0.636951
0.066916
0.000000
0.320503
0.000000
0.000000
0.000000
0.000000
0.000000
0.000000
0.000000
0.000000
0.000000
0.000000
0.000000
0.554801
0.000000
0.000000
0.000000
0.000000
0.281320
0.000000
0.195517
0.000000
0.000000
0.000000
2.775607
0.000000
0.000000
0.356892
0.000000
0.000000
0.000000
0.000000
0.000000
0.000000
0.000000
0.000000
0.000000
0.000000
0.000000
0.000000
0.891183
0.000000
1.325891
0.683498
0.000000
0.000000
0.000000
0.000000
0.000000
0.000000
0.000000
1.317293
0.000000
0.000000
0.000000
0.000000
0.000000
0.259345
0.120627
0.155566
0.000000
0.742316
0.000000
0.540062
0.963906
0.000000
0.000000
0.000000
0.000000
0.399809
0.000000
0.000000
0.578484
0.254517
0.520738
0.278518
0.657505
0.000000
0.000000
0.000000
0.000000
0.000000
0.284897
0.548541
0.000000
0.000000
0.998617
0.000000
0.000000
1.369134
0.596707
0.000000
0.000000
0.935532
0.000000
1.463865
0.143830
0.000000
0.000000
0.592717
0.000000
0.000000
0.000000
1.725945
0.000000
0.000000
0.624159
0.203194
0.137286
0.000000
0.259649
0.000000
0.000000
0.641672
0.000000
0.000000
0.000000
0.000000
0.000000
0.000000
0.535455
0.000000
0.000000
0.000000
0.000000
1.586395
0.788187
0.000000
0.000000
0.295624
1.359620
0.000000
0.000000
0.000000
0.000000
0.000000
0.961928
0.000000
0.000000
0.000000
0.966271
0.000000
0.000000
0.000000
0.000000
0.000000
0.375879
0.000000
0.000000
0.000000
0.000000
0.000000
0.000000
0.000000
1.705402
0.000000
0.000000
0.000000
0.439220
0.000000
0.572511
0.000000
0.543498
0.000000
0.000000
0.541372
1.249257
0.000000
0.000000
0.000000
0.000000
0.000000
0.000000
0.000000
0.000000
0.000000
1.180638
1.487964
0.000000
0.000000
0.000000
0.000000
0.000000
0.000000
1.074823
0.000000
0.000000
0.000000
0.249222
0.000000
0.000000
0.000000
0.000000
0.000000
0.000000
0.000000
0.000000
0.000000
0.000000
0.000000
0.903547
0.979584
1.303913
0.000000
0.000000
0.000000
0.000000
0.000000
0.000000
0.586316
0.000000
0.000000
0.000000
0.000000
0.274016
0.000000
0.000000
0.000000
0.233834
0.010407
1.946171
0.000000
0.775078
0.000000
0.000000
0.279540
0.280674
0.000000
0.000000
0.000000
0.633840
0.000000
0.000000
0.000000
0.000000
0.000000
0.000000
0.000000
0.000000
0.000000
0.000000
0.000000
0.000000
0.000000
0.078538
0.000000
0.000000
1.027793
0.000000
0.000000
0.000000
0.000000
0.000000
0.000000
0.000000
0.000000
0.000000
1.017179
0.000000
0.000000
0.000000
0.000000
0.985099
0.000000
0.000000
0.000000
0.000000
0.000000
0.000000
0.155827
0.671584
0.000000
0.000000
0.184981
0.000000
0.000000
0.022027
0.000000
0.066086
0.000000
0.000000
0.000000
0.000000
0.000000
0.000000
0.556472
0.000000
0.000000
0.000000
0.722025
0.000000
0.000000
0.000000
0.000000
0.000000
0.000000
0.366746
0.000000
0.571044
0.000000
0.000000
0.000000
0.484642
0.000000
0.000000
0.000000
0.000000
0.000000
1.726469
0.765678
0.000000
0.000000
0.000000
0.000000
0.000000
0.000000
0.000000
0.000000
1.312059
0.000000
0.000000
0.000000
0.000000
0.000000
0.000000
1.741633
0.000000
0.000000
0.000000
0.000000
0.000000
0.000000
0.000000
0.000000
0.000000
0.000000
0.000000
0.832853
0.000000
2.116112
0.063882
0.000000
0.000000
0.000000
0.007702
0.493694
0.000000
0.826940
0.000000
0.790620
0.000000
0.000000
0.000000
0.000000
0.000000
0.000000
0.000000
0.000000
0.000000
0.000000
0.000000
1.339560
0.204462
0.000000
0.000000
0.000000
0.000000
0.000000
0.000000
0.000000
0.000000
0.000000
1.049233
0.000000
0.722443
0.000000
0.861211
0.000000
0.000000
0.000000
0.116627
0.000000
0.000000
0.000000
0.002114
0.000000
0.000000
0.438381
0.000000
0.000000
0.000000
0.000000
0.000000
0.000000
0.238401
0.000000
1.506011
0.390195
0.000000
0.000000
0.224461
0.000000
0.000000
0.000000
0.000000
0.000000
0.000000
0.000000
0.000000
0.000000
0.000000
0.000000
0.000000
2.746466
0.000000
0.402998
1.474660
0.872176
0.000000
0.244109
0.000000
0.242893
0.000000
0.000000
0.000000
0.000000
0.000000
0.000000
0.000000
0.000000
0.000000
0.571227
0.145554
0.000000
0.000000
0.000000
0.000000
0.121342
0.000000
2.510346
0.000000
0.000000
0.000000
0.000000
0.000000
0.000000
0.000000
0.000000
0.000000
0.304363
0.000000
0.348619
0.000000
0.000000
0.000000
0.000000
0.000000
0.740776
0.812516
0.000000
0.000000
0.000000
0.000000
0.574127
0.000000
0.000000
0.167285
0.299774
1.124869
0.000000
0.886175
0.000000
0.000000
0.000000
0.585740
0.000000
0.000000
0.000000
0.000000
1.434792
0.000000
0.000000
3.794382
1.295952
0.000000
0.000000
0.000000
0.000000
0.000000
0.732427
0.027090
0.559412
0.042469
0.000000
0.369703
1.298910
0.000000
0.000000
0.000000
0.000000
0.679479
0.000000
0.389359
0.000000
0.000000
0.000000
0.000000
0.652218
0.000000
0.000000
0.058648
0.110154
0.000000
0.000000
0.000000
0.000000
0.850367
0.122499
0.869915
1.739274
0.000000
0.000000
0.000000
0.800733
0.000000
0.000000
0.000000
0.000000
0.000000
0.000000
0.000000
0.000000
0.000000
0.670278
0.000000
0.000000
0.000000
0.000000
1.197971
0.000000
0.000000
0.000000
0.000000
0.000000
0.000000
0.000000
0.000000
0.000000
0.000000
0.149167
0.000000
0.189329
0.000000
0.088509
0.000000
0.000000
0.000000
2.147014
0.000000
0.000000
0.000000
0.000000
0.521309
0.000000
0.000000
0.000000
0.000000
0.000000
2.018430
0.913222
0.000000
0.121143
0.000000
0.000000
0.000000
0.120525
0.000000
0.000000
0.000000
0.337378
0.000000
0.000000
0.000000
0.000000
0.000000
0.475763
0.000000
0.000000
0.000000
0.000000
0.000000
0.000000
0.409406
0.000000
0.000000
0.000000
0.000000
0.000000
0.000000
0.000000
0.000000
0.000000
0.000000
0.000000
0.000000
0.000000
0.000000
0.000000
0.000000
0.000000
1.222312
1.442129
0.000000
0.000000
0.000000
0.359090
0.000000
0.000000
0.000000
0.000000
0.000000
0.000000
0.000000
0.000000
0.000000
0.000000
0.000000
0.000000
0.000000
0.197470
0.000000
0.000000
0.000000
0.391781
0.515946
0.122432
0.000000
0.000000
0.799030
0.000000
0.000000
0.000000
0.919129
0.000000
0.000000
1.106859
0.000000
0.349258
0.586357
0.064409
0.000000
0.000000
0.000000
0.000000
0.000000
0.006972
0.564822
1.269408
0.000000
0.000000
0.000000
0.000000
0.129087
0.000000
0.276191
0.000000
1.120210
0.000000
0.888586
0.000000
0.000000
0.516872
0.000000
0.000000
0.000000
0.000000
0.133651
0.000000
0.000000
0.000000
0.000000
0.000000
0.000000
0.000000
0.000000
0.000000
0.000000
0.000000
0.000000
0.000000
0.580767
0.325941
0.000000
0.000000
0.000000
0.000000
0.013799
0.000000
0.000000
0.000000
1.697720
0.000000
0.000000
0.000000
0.000000
0.000000
0.000000
0.000000
0.000000
0.000000
0.000000
0.000000
0.000000
0.000000
0.000000
0.000000
0.000000
1.054695
0.000000
0.000000
0.000000
0.000000
0.000000
0.000000
0.000000
0.971869
1.800961
0.000000
0.327516
0.000000
0.303686
0.000000
0.000000
0.000000
0.000000
0.000000
0.000000
0.000000
0.158375
0.000000
0.306782
0.000000
0.000000
0.000000
0.000000
0.000000
0.000000
0.953960
0.000000
0.416179
0.000000
0.000000
0.106025
0.000000
2.467918
0.000000
0.000000
0.000000
0.000000
0.000000
0.000000
0.000000
1.317662
0.000000
0.000000
0.251103
0.077032
0.108074
0.000000
0.000000
0.000000
2.274522
0.000000
0.000000
1.606558
0.063822
0.169860
0.000000
0.000000
0.000000
0.000000
0.000000
0.000000
0.000000
0.000000
1.356255
0.000000
0.000000
0.000000
0.539880
0.000000
0.561948
0.000000
0.000000
0.000000
0.000000
0.000000
0.000000
0.000000
0.512260
2.617113
0.000000
0.000000
0.000000
0.000000
0.000000
0.110014
0.000000
1.417328
0.000000
0.000000
0.591357
0.000000
0.000000
0.000000
0.632348
0.000000
0.000000
0.000000
0.000000
0.000000
0.437698
0.000000
0.000000
0.000000
0.000000
0.000000
0.930802
0.000000
0.509661
0.179849
1.334712
0.000000
0.000000
0.000000
0.000000
0.181168
0.000000
1.214927
0.000000
0.000000
0.183302
0.412943
0.000000
0.000000
0.087577
0.000000
0.000000
0.000000
0.000000
0.000000
0.000000
0.000000
0.000000
0.000000
0.000000
0.000000
0.000000
0.623092
0.000000
0.000000
0.000000
0.000000
0.000000
0.000000
0.000000
0.000000
0.000000
0.000000
0.000000
0.000000
0.000000
0.000000
0.000000
0.000000
0.000000
0.000000
1.167122
0.501497
0.000000
0.000000
1.016839
0.000000
0.000000
0.997899
0.000000
0.716417
1.661499
0.000000
0.000000
0.000000
0.000000
0.000000
0.000000
0.000000
0.000000
0.876398
0.786199
0.000000
0.000000
0.000000
0.000000
1.390839
0.359082
0.000000
0.000000
0.000000
0.000000
0.000000
0.371137
0.000000
0.000000
0.000000
0.000000
0.000000
0.524084
0.000000
0.000000
0.000000
0.016613
0.000000
0.817374
0.542393
0.000000
0.640790
0.000000
2.025206
0.000000
0.000000
0.000000
2.438687
0.000000
0.000000
0.000000
0.000000
0.000000
0.000000
0.000000
0.000000
0.057722
0.000000
0.000000
0.000000
0.000000
0.000000
0.000000
0.000000
0.824100
0.000000
0.000000
0.000000
0.000000
0.000000
0.000000
0.000000
0.280338
0.000000
0.000000
0.000000
2.213847
0.000000
0.000000
0.000000
0.000000
0.000000
0.000000
0.000000
0.000000
1.398694
0.000000
0.000000
0.000000
0.000000
0.000000
0.000000
0.000000
0.000000
0.000000
0.000000
0.000000
0.000000
0.653507
0.000000
0.000000
0.000000
0.000000
0.000000
0.000000
0.386207
0.049939
0.000000
0.000000
0.000000
0.000000
0.000000
0.000000
0.128949
0.000000
0.000000
0.000000
0.000000
0.066168
1.205181
0.000000
0.000000
0.000000
0.724564
0.000000
0.521391
0.000000
0.387454
0.000000
0.000000
0.000000
0.000000
0.000000
0.000000
1.911140
0.000000
0.000000
1.923732
0.019267
0.000000
0.000000
0.000000
0.000000
0.000000
0.000000
0.000000
1.582707
0.000000
0.494210
0.000000
0.000000
0.000000
0.000000
1.081488
0.602261
0.000000
0.000000
1.174404
0.000000
0.397880
0.000000
0.000000
0.224766
0.000000
0.000000
0.161097
0.000000
0.000000
0.000000
0.000000
0.000000
0.000000
0.000000
1.141971
1.776344
0.000000
0.000000
0.000000
0.085478
0.034952
0.000000
0.000000
0.608135
0.160670
0.447896
0.000000
0.000000
0.000000
0.000000
0.000000
0.000000
0.000000
0.792548
0.148441
0.000000
0.012169
0.713948
0.770639
0.000000
0.000000
0.000000
0.000000
1.482960
0.000000
0.762800
0.000000
0.000000
0.000000
0.222269
0.000000
0.270323
0.000000
0.158112
0.000000
0.000000
0.000000
0.000000
0.000000
0.000000
0.728246
0.000000
0.000000
0.846986
2.392174
0.423307
1.478061
2.083268
0.000000
0.000000
0.408263
0.000000
0.000000
0.000000
0.000000
2.355520
0.000000
0.000000
0.000000
0.000000
0.000000
1.027122
0.000000
0.000000
1.709681
0.000000
0.377393
0.000000
0.000000
0.468947
0.000000
0.000000
0.000000
0.015227
0.000000
0.000000
0.000000
0.305235
0.000000
0.000000
0.000000
0.000000
0.000000
0.000000
0.000000
0.000000
0.000000
0.000000
0.000000
0.000000
0.482160
0.000000
0.000000
0.000000
0.000000
0.000000
0.000000
0.000000
0.000000
0.000000
0.000000
0.000000
0.000000
0.000000
0.000000
0.000000
0.000000
0.000000
0.383697
0.000000
0.000000
0.000000
0.000000
0.000000
0.000000
0.000000
0.000000
0.000000
0.000000
0.000000
0.000000
0.000000
0.000000
0.000000
0.068589
0.000000
0.000000
0.000000
0.000000
0.000000
0.000000
0.000000
0.000000
0.000000
0.234430
0.000000
0.420429
0.000000
0.000000
0.000000
0.000000
0.000000
0.593469
1.551974
0.000000
0.000000
0.000000
0.000000
0.692654
0.000000
0.000000
1.536818
0.823135
0.000000
0.000000
0.512539
0.792250
0.000000
0.000000
0.606622
1.529151
0.000000
0.000000
0.000000
0.000000
1.339933
2.479857
0.000000
0.000000
0.000000
1.804956
0.000000
0.000000
0.000000
0.452294
0.000000
0.000000
1.531495
0.000000
0.000000
0.000000
0.000000
0.000000
0.000000
0.000000
0.000000
0.000000
0.542816
0.000000
0.000000
0.000000
0.000000
0.000000
0.000000
0.909534
0.000000
1.439809
1.574976
0.000000
0.000000
0.000000
0.907652
0.000000
0.000000
0.000000
0.000000
0.000000
0.000000
0.000000
0.000000
1.290656
0.697272
0.000000
0.000000
0.000000
1.925049
0.000000
0.302231
0.000000
