0.141396
0.000000
0.000000
0.000000
0.006844
0.000000
1.532651
1.842797
0.000000
0.000000
0.000000
0.000000
2.007958
0.000000
0.000000
0.000000
1.058162
0.000000
0.000000
0.000000
0.000000
0.000000
1.423780
0.412462
0.109730
0.000000
0.000000
0.000000
0.000000
0.000000
0.000000
0.000000
0.000000
0.000000
0.000000
0.000000
0.000000
0.000000
0.000000
0.000000
0.000000
0.045667
0.000000
0.000000
0.000000
0.984871
0.000000
0.000000
0.000000
0.000000
0.100768
0.000000
0.000000
0.187912
0.000000
0.000000
0.000000
0.000000
0.000000
0.000000
2.741244
2.755439
0.000000
0.000000
0.000000
0.000000
0.000000
0.000000
0.000000
0.000000
1.669649
0.000000
0.000000
1.308656
0.000000
0.000000
0.000000
0.000000
0.000000
0.000000
0.000000
0.000000
0.000000
0.000000
0.000000
0.000000
0.000000
0.000000
0.000000
0.000000
0.000000
0.961120
1.097188
0.000000
0.765463
0.000000
0.000000
0.000000
2.088065
0.056438
0.000000
0.000000
1.276870
0.000000
0.000000
0.000000
0.000000
0.000000
0.000000
0.000000
0.000000
0.000000
0.927299
0.000000
1.025102
0.000000
0.000000
0.000000
0.000000
0.000000
0.000000
0.000000
0.000000
0.000000
0.000000
0.000000
3.085004
0.840900
1.229617
0.000000
0.000000
0.000000
0.000000
0.000000
0.000000
0.000000
0.000000
0.000000
0.000000
0.000000
0.000000
0.000000
1.778477
0.000000
0.000000
0.000000
0.000000
0.000000
0.000000
0.000000
0.000000
0.000000
0.000000
0.000000
2.607924
0.267224
0.000000
0.000000
0.000000
0.000000
0.000000
0.000000
0.000000
0.000000
0.000000
1.347435
0.000000
0.000000
1.815678
0.119790
0.000000
0.000000
0.000000
0.000000
0.000000
0.979449
0.000000
0.000000
0.000000
0.776512
0.000000
0.000000
1.855329
0.000000
0.000000
0.000000
0.000000
0.000000
0.000000
0.575652
0.000000
0.000000
0.000000
0.000000
0.000000
0.000000
0.166868
0.000000
0.000000
0.000000
0.000000
2.921952
0.000000
0.000000
0.000000
0.765709
0.000000
0.000000
1.715958
1.439921
0.000000
0.000000
0.000000
0.738648
0.000000
0.000000
0.000000
0.000000
0.000000
0.000000
0.000000
0.000000
0.000000
0.000000
0.000000
0.000000
0.000000
0.463340
0.000000
0.000000
0.000000
0.000000
0.000000
0.232514
0.000000
0.000000
0.000000
1.302641
0.000000
0.000000
0.000000
0.000000
0.000000
0.000000
0.191959
0.000000
0.000000
1.409052
0.000000
0.000000
0.000000
0.000000
1.211453
1.882988
0.000000
0.000000
0.000000
1.555230
0.000000
0.000000
0.000000
1.421374
0.100247
0.000000
0.000000
1.890319
0.000000
0.000000
0.000000
0.000000
0.654643
0.000000
0.000000
0.000000
0.000000
0.000000
0.000000
0.000000
0.403674
0.000000
0.691259
0.000000
0.000000
0.000000
0.000000
0.907378
0.000000
0.000000
0.555820
0.000000
0.178668
0.017477
0.000000
0.000000
0.000000
0.000000
0.000000
0.000000
2.598548
0.000000
0.371763
0.000000
0.000000
0.000000
0.000000
0.000000
0.149588
0.000000
0.000000
0.000000
0.000000
1.339258
0.000000
0.000000
0.000000
0.644862
0.000000
0.000000
0.000000
2.492527
0.250537
0.000000
0.000000
0.000000
0.000000
0.000000
0.000000
0.000000
0.000000
0.000000
0.000000
0.625928
0.672218
2.083819
0.000000
0.000000
0.000000
1.179320
0.423585
0.000000
0.000000
0.000000
0.000000
0.000000
0.394315
0.000000
0.581856
0.000000
0.000000
0.000000
0.000000
0.000000
0.000000
1.227381
0.000000
0.000000
0.000000
0.000000
0.000000
0.000000
0.000000
0.000000
0.000000
0.000000
0.000000
0.000000
0.000000
0.000000
0.000000
0.000000
0.000000
0.000000
0.000000
0.000000
0.000000
1.858383
0.000000
0.000000
0.464312
0.000000
0.000000
0.000000
0.533223
0.000000
1.273379
0.000000
0.000000
0.000000
0.000000
0.424577
0.000000
0.000000
0.000000
0.000000
0.000000
0.000000
0.000000
0.000000
0.000000
0.000000
0.000000
0.000000
0.413869
0.000000
0.286395
0.000000
0.865602
1.521995
0.000000
0.000000
0.000000
0.000000
0.000000
0.018864
0.000000
0.628200
0.000000
1.252481
1.274688
0.000000
0.188913
0.000000
2.160856
0.000000
1.649101
0.602924
0.000000
0.000000
0.000000
0.000000
0.000000
1.187118
0.995120
0.089048
0.000000
0.000000
0.000000
0.519263
0.000000
0.000000
0.000000
0.000000
0.000000
0.000000
0.000000
0.000000
0.000000
0.000000
0.000000
0.000000
0.000000
0.000000
0.000000
0.000000
0.000000
0.000000
0.000000
0.000000
0.000000
0.000000
0.000000
1.413693
1.865446
0.000000
0.000000
0.000000
1.553766
0.000000
0.000000
0.000000
0.000000
0.000000
0.000000
1.093021
0.000000
0.000000
0.875513
0.000000
0.000000
0.000000
0.000000
0.041308
0.000000
0.000000
0.000000
4.711924
0.000000
0.000000
0.000000
1.774475
0.000000
0.876589
0.000000
4.328169
3.606913
0.000000
0.000000
0.112466
0.000000
0.000000
0.000000
0.000000
0.000000
0.696274
0.000000
0.620326
0.000000
0.000000
0.000000
0.000000
0.000000
0.957335
0.000000
0.000000
0.000000
0.000000
0.000000
0.000000
0.000000
0.000000
0.000000
0.000000
0.000000
0.000000
0.000000
0.594059
0.000000
0.000000
0.000000
0.000000
0.000000
0.000000
1.511392
0.000000
0.000000
0.000000
0.000000
0.000000
0.000000
0.000000
0.000000
1.267172
0.000000
0.000000
0.000000
0.858487
0.000000
0.000000
0.000000
0.000000
0.005540
0.000000
0.000000
1.956564
0.000000
0.000000
0.000000
0.190891
0.000000
0.000000
0.000000
0.000000
0.000000
0.000000
0.000000
0.000000
0.000000
0.000000
0.000000
0.000000
0.000000
0.000000
0.000000
0.000000
0.000000
0.064772
0.000000
0.000000
0.000000
0.000000
0.000000
1.940941
0.000000
3.337666
0.000000
0.000000
1.845760
0.000000
0.487596
0.707155
0.000000
0.000000
2.887449
0.000000
0.000000
0.125783
0.511935
0.000000
0.000000
0.000000
0.000000
0.000000
0.000000
1.773747
0.000000
0.000000
2.536671
0.000000
0.000000
1.056758
0.000000
0.000000
0.000000
0.000000
0.000000
0.000000
0.000000
0.000000
4.193275
0.000000
0.977372
0.858105
0.000000
0.329104
2.088895
0.000000
0.000000
0.039007
2.273880
0.000000
0.208020
0.000000
0.000000
0.000000
0.000000
1.238981
0.000000
0.000000
0.106304
1.368242
0.000000
0.355773
0.000000
0.000000
0.000000
0.384903
0.000000
0.000000
0.000000
0.000000
0.000000
0.126444
0.000000
0.000000
4.462902
0.000000
0.000000
0.000000
0.000000
0.565438
0.000000
0.111366
0.000000
0.000000
2.707696
0.000000
0.000000
0.000000
0.000000
0.000000
0.000000
0.000000
0.483876
0.000000
0.168765
0.000000
0.000000
0.000000
0.374379
0.000000
0.000000
0.367824
0.000000
0.000000
0.000000
0.000000
0.012354
0.000000
0.000000
0.204345
0.000000
0.000000
0.000000
0.000000
0.839828
0.000000
0.905941
0.000000
0.000000
0.000000
0.000000
0.000000
0.000000
0.399818
0.000000
0.000000
0.613565
0.000000
0.000000
0.000000
0.000000
0.000000
0.000000
0.000000
0.000000
0.000000
1.706746
0.000000
0.275494
0.000000
2.187054
0.000000
0.000000
0.000000
0.000000
0.750414
0.040220
0.459385
0.000000
0.000000
0.000000
0.000000
0.388664
0.019885
0.000000
0.000000
0.000000
1.242628
0.000000
0.107868
0.000000
0.000000
0.000000
0.000000
0.000000
0.000000
0.000000
0.000000
0.000000
0.000000
0.000000
0.000000
0.000000
0.000000
0.000000
0.000000
0.000000
0.000000
0.000000
0.000000
0.000000
0.000000
0.000000
0.000000
0.000000
0.000000
0.000000
0.000000
0.000000
0.000000
0.000000
0.000000
1.265359
0.000000
1.955982
0.000000
0.000000
0.000000
0.000000
0.000000
0.000000
0.000000
0.000000
0.000000
0.000000
0.000000
0.000000
0.000000
0.000000
0.000000
0.000000
0.000000
1.188782
0.000000
0.000000
0.000000
0.000000
0.000000
1.785126
0.000000
0.000000
0.000000
0.000000
0.000000
0.724323
0.000000
0.000000
0.000000
0.000000
1.742555
0.000000
0.000000
0.000000
0.000000
0.000000
0.000000
0.000000
0.155210
0.000000
0.000000
0.000000
0.000000
0.000000
0.000000
2.266793
0.000000
0.000000
0.000000
0.000000
0.000000
1.106035
0.461156
0.000000
0.000000
0.000000
0.000000
0.000000
0.000000
0.000000
0.000000
0.000000
1.504217
0.000000
0.000000
0.000000
2.974328
0.871169
0.000000
0.000000
0.000000
0.000000
0.000000
0.000000
0.000000
0.000000
0.000000
0.990248
0.000000
0.000000
0.000000
0.000000
0.000000
0.000000
2.779608
0.000000
0.000000
0.000000
0.000000
0.000000
0.000000
0.000000
0.000000
0.000000
0.000000
0.000000
0.799249
0.000000
0.000000
3.433650
2.753179
0.562197
0.000000
0.000000
0.000000
0.000000
1.052793
0.000000
0.112087
0.000000
2.912494
0.000000
0.000000
0.000000
0.000000
0.000000
0.199150
0.000000
0.000000
0.000000
0.000000
0.000000
0.000000
0.000000
0.000000
0.000000
0.000000
1.901953
0.581863
0.000000
0.000000
0.000000
0.000000
0.000000
0.000000
0.394264
0.000000
0.000000
2.433268
0.000000
0.000000
1.651005
0.000000
0.000000
0.000000
0.000000
0.000000
0.000000
0.000000
0.000000
0.000000
0.000000
0.000000
2.237065
0.000000
0.000000
0.000000
0.000000
2.096197
0.000000
0.000000
0.000000
0.546430
0.000000
0.000000
0.000000
0.000000
0.000000
0.303227
0.000000
0.000000
0.738025
0.000000
1.260409
0.000000
0.000000
0.000000
0.000000
0.000000
0.000000
0.000000
0.000000
0.320687
0.000000
0.000000
0.000000
0.000000
0.000000
0.000000
0.000000
0.000000
0.000000
0.000000
0.000000
0.203808
0.000000
0.000000
0.000000
0.000000
0.267758
0.000000
0.046542
0.000000
0.000000
0.000000
0.000000
0.000000
0.000000
0.000000
0.000000
0.000000
0.000000
0.000000
0.340939
0.000000
0.000000
0.034837
0.000000
0.610898
0.000000
0.000000
0.847845
0.671024
0.000000
1.801994
0.000000
0.613236
0.000000
0.000000
0.000000
0.000000
0.000000
0.000000
0.000000
0.398827
0.000000
0.000000
0.897815
0.000000
0.489789
0.000000
0.000000
0.000000
0.000000
0.000000
0.000000
0.000000
0.000000
0.000000
0.000000
0.000000
0.000000
0.000000
0.000000
3.757558
0.000000
0.000000
0.000000
0.000000
0.000000
0.994221
0.000000
0.000000
0.000000
0.000000
0.000000
0.000000
1.440322
0.000000
0.000000
0.706336
0.000000
0.000000
0.000000
0.000000
1.298455
0.000000
0.031613
0.000000
0.000000
0.000000
0.083812
0.000000
0.000000
0.000000
0.000000
0.000000
0.000000
0.000000
0.000000
0.000000
0.000000
0.000000
0.000000
0.000000
0.403108
0.000000
0.000000
0.000000
0.000000
0.000000
0.000000
2.218430
0.000000
0.000000
0.000000
0.000000
0.000000
0.082939
0.000000
0.000000
0.000000
0.000000
0.000000
0.000000
0.000000
0.000000
0.000000
0.000000
0.000000
0.000000
0.000000
0.000000
0.000000
0.000000
0.381376
0.000000
1.952009
0.000000
0.000000
0.000000
0.097023
0.000000
0.362943
0.000000
0.000000
0.000000
0.000000
0.000000
0.000000
2.667731
0.000000
0.000000
0.092314
0.000000
0.000000
1.208629
0.200147
0.000000
0.000000
0.000000
0.000000
0.000000
0.000000
0.000000
0.000000
0.000000
0.000000
0.000000
0.000000
0.000000
0.195799
1.251557
0.000000
0.105128
0.000000
0.000000
0.000000
0.000000
0.000000
0.000000
0.000000
0.000000
0.000000
0.000000
2.286208
0.000000
0.000000
0.000000
1.781192
0.000000
0.522844
0.000000
0.000000
0.000000
1.946408
0.863283
0.000000
0.000000
0.000000
0.247571
0.000000
0.000000
1.264885
2.576308
0.000000
0.000000
0.000000
0.000000
0.000000
0.000000
0.000000
0.560509
0.878813
0.000000
0.000000
0.494895
0.000000
0.000000
0.000000
0.000000
3.236383
0.690998
0.000000
0.000000
0.683178
1.048569
0.000000
1.048476
0.000000
0.000000
1.990177
0.000000
0.000000
0.000000
0.000000
0.000000
0.000000
1.383612
0.000000
0.029142
0.000000
0.000000
0.499101
0.000000
0.000000
0.238517
0.000000
0.000000
0.395760
0.000000
0.000000
3.820678
0.000000
0.000000
0.000000
0.000000
0.000000
0.000000
0.000000
0.000000
0.000000
2.091499
0.000000
0.000000
0.000000
0.000000
0.000000
0.000000
0.000000
0.000000
1.849172
0.587619
0.000000
1.505959
0.948450
0.000000
4.351633
0.000000
0.000000
0.000000
1.149996
0.000000
0.172517
0.000000
0.000000
0.000000
0.000000
0.000000
1.879455
0.000000
0.000000
0.000000
0.000000
0.000000
0.839723
0.000000
2.069234
0.000000
0.000000
0.000000
0.000000
0.000000
1.252300
0.000000
0.000000
0.000000
0.000000
0.305866
0.000000
0.000000
0.000000
0.000000
0.000000
0.000000
0.000000
0.000000
0.000000
0.000000
0.000000
0.351641
0.000000
0.000000
0.000000
0.000000
0.000000
0.000000
0.000000
0.947412
0.000000
0.000000
0.434522
0.000000
0.000000
0.000000
0.000000
0.000000
0.839012
0.000000
0.000000
1.891410
0.000000
0.799895
0.000000
1.184620
0.000000
0.000000
1.616353
0.000000
0.000000
0.000000
2.001308
0.000000
2.019757
0.000000
0.000000
0.467449
0.000000
0.202346
0.000000
0.000000
0.000000
0.108440
0.000000
0.000000
0.985498
0.565501
0.000000
0.739599
0.000000
0.000000
0.000000
0.000000
0.000000
0.443273
0.000000
0.000000
0.000000
0.000000
0.000000
0.000000
0.000000
1.125918
0.000000
0.000000
0.000000
0.035201
0.000000
0.000000
0.000000
0.000000
0.000000
0.000000
0.000000
0.129025
1.402171
0.000000
0.000000
0.369370
0.000000
0.000000
0.000000
0.000000
0.000000
0.000000
0.000000
0.000000
0.000000
0.000000
0.000000
2.429942
0.000000
0.000000
0.000000
0.000000
0.000000
0.000000
0.000000
0.000000
0.000000
0.000000
0.281141
0.000000
0.000000
0.000000
0.000000
0.000000
0.000000
0.000000
0.000000
0.000000
0.815535
0.000000
0.000000
0.000000
1.373289
4.879559
0.000000
0.000000
0.000000
0.000000
0.000000
0.000000
0.012495
0.000000
0.000000
0.000000
0.000000
0.000000
1.409638
0.000000
0.000000
0.484303
0.841785
0.000000
0.000000
1.337776
0.000000
0.370679
0.808231
0.000000
0.000000
0.000000
0.000000
0.000000
0.000000
0.000000
0.340839
1.714050
0.000000
0.000000
0.000000
0.000000
0.859482
0.000000
0.469325
0.000000
0.000000
0.398868
0.000000
0.000000
0.845863
0.000000
0.000000
0.000000
0.000000
1.082196
0.000000
0.000000
0.000000
0.000000
0.000000
0.000000
0.000000
0.000000
0.000000
0.000000
0.000000
0.000000
0.000000
0.000000
0.085969
1.274751
2.038288
0.000000
1.321275
0.000000
0.000000
0.000000
0.000000
0.986858
0.000000
0.000000
1.878307
0.398281
0.256966
0.285571
0.000000
0.000000
0.000000
0.000000
0.000000
0.000000
0.000000
0.000000
1.902392
0.000000
0.000000
0.000000
0.000000
0.000000
0.000000
0.033508
0.000000
0.322873
0.000000
0.329848
0.000000
0.000000
0.000000
0.000000
0.000000
0.000000
0.000000
0.000000
0.000000
0.977676
0.000000
0.000000
0.188665
0.000000
0.000000
0.000000
0.000000
0.000000
0.000000
0.000000
0.000000
0.508918
0.000000
0.000000
0.000000
0.000000
0.000000
0.000000
0.000000
0.000000
0.000000
0.000000
0.000000
0.000000
0.000000
0.000000
0.335096
0.000000
0.000000
0.000000
0.000000
0.000000
1.783684
0.024354
0.000000
0.000000
0.000000
0.000000
0.000000
0.000000
0.000000
0.000000
0.000000
0.000000
3.144761
0.000000
0.000000
0.000000
0.000000
0.000000
0.000000
0.000000
0.000000
2.019577
0.000000
0.000000
0.000000
0.000000
0.000000
0.000000
0.000000
1.075530
0.000000
0.000000
0.000000
0.000000
2.485183
0.000000
0.003359
0.000000
0.000000
0.000000
0.000000
0.810850
0.000000
0.000000
0.000000
0.000000
0.000000
0.000000
0.481432
1.689036
0.000000
0.000000
0.294964
0.000000
0.000000
0.000000
0.000000
0.000000
0.000000
1.020384
0.000000
0.000000
1.896059
0.000000
0.000000
0.000000
0.000000
0.000000
0.000000
0.000000
0.000000
0.087443
0.096455
0.000000
0.000000
0.000000
0.000000
0.000000
0.000000
0.000000
0.000000
0.371359
0.000000
0.000000
0.000000
0.000000
0.000000
0.000000
0.000000
0.000000
0.000000
0.000000
0.000000
0.023623
2.710907
0.000000
0.000000
0.664049
0.000000
0.000000
0.410252
0.049102
0.000000
0.000000
0.621605
0.000000
0.861609
0.000000
0.000000
0.000000
0.000000
0.000000
0.000000
0.000000
1.740309
0.000000
0.000000
1.625262
0.000000
0.000000
0.000000
0.000000
0.000000
0.000000
0.000000
0.000000
0.000000
1.518714
0.415567
0.000000
0.000000
0.000000
0.000000
0.000000
0.000000
0.000000
0.000000
0.000000
0.000000
0.000000
0.478003
0.233466
1.816283
0.000000
0.000000
0.000000
0.045158
0.000000
0.000000
0.000000
0.000000
0.000000
0.000000
0.000000
3.027706
0.000000
1.850566
0.000000
0.940687
0.000000
0.000000
0.000000
1.843869
0.000000
0.000000
0.000000
0.000000
0.000000
0.000000
0.000000
0.000000
0.000000
0.000000
0.000000
0.000000
1.404404
0.748247
0.476061
0.000000
1.893405
2.262060
0.000000
0.000000
0.000000
0.000000
0.000000
0.000000
0.000000
0.000000
0.000000
0.000000
0.000000
0.000000
0.000000
0.000000
0.748066
0.000000
0.000000
0.943982
1.396559
0.000000
0.000000
0.000000
0.000000
2.153435
0.000000
0.000000
0.000000
0.000000
0.000000
0.000000
0.000000
0.000000
0.000000
0.000000
0.000000
0.000000
0.700099
0.000000
0.023548
0.000000
0.000000
0.000000
3.212068
0.000000
0.055454
0.000000
0.000000
0.000000
0.000000
0.000000
0.000000
0.000000
0.867668
0.000000
0.000000
0.000000
0.000000
0.000000
0.000000
0.000000
0.130277
1.234754
0.000000
0.000000
0.000000
1.383981
2.098876
0.000000
0.000000
0.000000
0.000000
0.000000
0.000000
1.661653
0.409165
0.000000
0.000000
0.000000
1.892267
0.000000
0.000000
0.000000
0.000000
0.589116
0.000000
1.622216
0.000000
0.000000
0.000000
2.735590
0.000000
0.000000
0.000000
0.000000
1.859449
0.000000
3.437930
0.000000
0.000000
0.000000
0.000000
0.000000
0.000000
0.314472
0.000000
0.000000
0.000000
0.000000
0.000000
0.023576
0.000000
0.000000
0.000000
0.907549
1.029042
0.000000
0.000000
0.000000
0.000000
0.000000
0.000000
0.000000
0.000000
0.000000
0.000000
0.000000
2.083821
0.000000
0.000000
0.000000
1.283320
0.000000
0.000000
0.000000
0.546329
0.000000
0.000000
0.000000
0.106295
0.000000
0.157511
0.083205
0.000000
0.000000
0.000000
0.007344
0.034063
0.000000
0.000000
0.000000
0.159246
0.000000
0.000000
0.270411
0.000000
0.000000
0.000000
0.000000
0.089013
0.000000
0.000000
3.712637
0.520439
0.000000
0.000000
0.000000
0.000000
0.000000
0.000000
0.000000
0.000000
0.000000
0.000000
0.767037
2.903195
0.000000
0.000000
0.000000
0.133025
0.000000
0.000000
0.000000
0.000000
0.000000
0.000000
1.555705
0.000000
2.219826
1.454440
0.000000
0.000000
0.000000
0.000000
0.342227
2.681282
0.000000
1.247975
0.000000
0.046181
0.000000
0.000000
0.250012
0.000000
0.000000
0.000000
0.000000
0.555022
0.000000
0.000000
0.000000
0.000000
0.000000
0.865576
0.000000
0.000000
0.000000
1.496941
0.000000
2.751380
0.254624
3.781326
0.000000
0.000000
0.000000
1.049582
0.000000
0.000000
0.000000
0.000000
0.000000
0.000000
0.000000
1.165803
1.521812
0.000000
0.003089
0.000000
0.000000
0.000000
2.310467
1.330789
0.000000
1.318631
0.000000
0.000000
0.304818
0.000000
0.000000
0.000000
0.000000
0.000000
0.000000
0.020867
2.770237
0.000000
0.000000
0.000000
0.431331
0.223014
0.000000
0.000000
0.396542
0.000000
0.000000
0.000000
0.000000
1.334248
0.489961
0.000000
0.000000
0.000000
1.082488
0.000000
0.000000
0.000000
0.000000
0.000000
0.751698
2.457574
0.000000
0.473484
0.000000
0.000000
0.000000
0.000000
0.000000
0.966550
0.737519
0.000000
2.573358
0.000000
0.000000
0.000000
0.000000
0.000000
0.000000
0.000000
0.000000
0.000000
1.671423
0.000000
0.000000
0.000000
0.000000
2.321045
0.000000
0.000000
0.868432
0.000000
0.000000
0.000000
0.000000
0.000000
0.000000
0.000000
0.000000
0.000000
0.000000
1.999334
0.000000
0.000000
0.000000
0.000000
0.000000
0.000000
0.000000
0.000000
0.000000
0.000000
0.000000
0.000000
0.000000
0.000000
0.000000
0.000000
0.000000
0.000000
0.603994
0.000000
2.323610
0.000000
0.000000
0.000000
0.000000
0.000000
0.481326
0.457716
3.002612
0.000000
2.121783
0.000000
0.739730
0.000000
0.000000
0.000000
0.000000
0.000000
0.030636
0.000000
0.087783
0.000000
0.000000
0.000000
0.000000
0.000000
0.000000
0.000000
1.047410
0.000000
0.583817
0.000000
1.615195
0.000000
2.506998
0.403693
0.529469
0.000000
0.000000
0.000000
0.000000
0.000000
0.000000
2.185690
0.000000
0.000000
0.000000
0.000000
0.000000
0.000000
0.484972
0.000000
0.000000
0.000000
0.000000
0.000000
1.329531
1.034564
1.712546
0.000000
0.000000
0.000000
0.000000
0.000000
0.000000
0.000000
0.000000
0.000000
0.000000
0.000000
0.000000
1.706823
0.000000
0.000000
0.000000
1.097333
0.000000
0.000000
0.000000
0.000000
0.000000
0.000000
0.000000
0.540287
1.247923
1.162659
0.000000
0.000000
0.000000
0.000000
0.117454
0.000000
0.000000
0.000000
0.000000
0.000000
1.344065
0.576038
0.000000
0.000000
0.000000
2.252189
0.000000
0.000000
0.000000
0.000000
0.000000
0.000000
0.000000
0.000000
0.000000
1.304657
0.000000
0.000000
0.000000
0.000000
0.000000
0.000000
0.000000
0.000000
0.000000
0.000000
0.834335
0.000000
0.000000
0.000000
0.519747
0.000000
0.000000
0.000000
0.000000
0.000000
0.000000
0.191238
0.000000
1.846283
0.000000
0.953203
0.000000
0.000000
0.000000
0.000000
0.000000
0.000000
0.000000
0.000000
0.000000
0.000000
0.503983
0.000000
0.000000
0.000000
0.000000
0.053273
0.000000
0.000000
0.000000
0.000000
0.401420
0.090668
1.576441
2.546265
0.000000
0.828340
0.000000
0.000000
0.964645
0.000000
0.000000
0.000000
0.184626
2.763007
0.713660
0.000000
0.872418
0.000000
0.000000
0.543170
0.000000
0.000000
4.225903
0.000000
0.000000
0.000000
0.405748
0.188555
0.000000
0.000000
0.000000
0.000000
0.000000
0.660902
1.755963
0.000000
0.000000
0.000000
0.112322
0.755873
2.911894
0.000000
0.000000
0.000000
0.000000
0.000000
0.516113
0.062948
0.000000
0.000000
0.000000
0.000000
0.000000
0.000000
0.280882
0.000000
0.000000
0.000000
0.853054
0.000000
0.000000
0.000000
0.000000
0.000000
0.000000
0.000000
0.000000
0.000000
2.495469
0.000000
0.000000
0.000000
0.000000
0.000000
1.951823
0.000000
0.000000
0.350965
0.000000
0.098754
0.000000
0.000000
0.000000
0.000000
1.799546
0.000000
0.000000
0.000000
0.000000
0.000000
0.000000
0.437086
0.000000
0.000000
0.000000
0.000000
1.354061
0.000000
0.000000
0.000000
1.269851
0.000000
0.000000
0.000000
0.000000
0.000000
0.000000
0.000000
0.000000
0.000000
0.000000
0.000000
0.000000
0.000000
0.000000
0.000000
0.000000
0.281982
0.000000
0.000000
0.000000
0.000000
0.329729
0.000000
0.064992
0.002329
0.000000
0.000000
0.000000
0.000000
0.000000
0.000000
0.000000
0.000000
0.000000
0.000000
0.000000
0.000000
0.000000
2.308980
0.000000
0.000000
0.000000
0.000000
0.000000
0.000000
1.880976
0.000000
0.000000
2.251396
0.000000
0.000000
0.000000
0.494920
0.000000
0.739482
0.225178
0.000000
2.972723
0.000000
0.000000
0.000000
0.000000
0.000000
0.000000
0.000000
0.000000
0.000000
3.852822
0.000000
0.000000
0.000000
0.000000
1.476592
0.000000
0.746639
0.000000
0.000000
3.053033
0.000000
0.000000
2.265951
0.000000
0.000000
0.000000
0.000000
2.559950
1.027203
1.468851
0.000000
0.000000
0.251807
0.000000
0.000000
0.000000
0.000000
0.000000
0.000000
1.110709
0.000000
0.000000
0.000000
0.000000
0.000000
0.000000
0.890861
0.000000
0.000000
0.390057
0.000000
0.000000
0.000000
0.000000
0.983264
1.046220
0.946981
0.000000
0.000000
0.136771
0.391161
0.000000
0.000000
0.000000
0.000000
0.149910
0.000000
2.579345
0.000000
0.000000
0.000000
0.000000
0.637567
0.023783
0.097416
0.781034
0.000000
0.338250
0.000000
0.000000
0.000000
0.000000
0.000000
0.087840
0.000000
0.083821
0.000000
0.000000
2.073840
0.000000
0.000000
0.000000
0.319916
0.000000
0.028193
0.000000
0.647454
0.000000
0.000000
1.726376
0.000000
0.000000
0.334942
1.804009
0.000000
0.917996
0.000000
0.020089
0.000000
0.000000
1.954557
0.811934
0.000000
0.000000
0.000000
0.000000
0.905601
0.000000
0.000000
0.000000
0.271700
0.864630
0.000000
0.000000
1.368070
0.000000
0.000000
0.000000
0.000000
0.000000
0.000000
0.000000
0.000000
0.000000
0.000000
2.820342
0.000000
0.000000
0.000000
0.000000
1.039410
0.000000
0.000000
0.000000
0.000000
0.000000
2.527454
0.000000
0.000000
0.000000
0.000000
0.000000
0.000000
0.000000
0.000000
1.257197
0.000000
0.000000
0.000000
0.000000
0.471914
0.000000
0.000000
1.424806
0.000000
0.000000
0.000000
0.000000
0.000000
0.000000
0.000000
0.000000
0.000000
0.000000
0.000000
1.451341
0.000000
0.000000
0.000000
0.000000
0.000000
0.000000
0.000000
0.000000
0.000000
0.207563
2.399559
0.000000
0.000000
0.000000
0.000000
0.000000
0.000000
0.000000
0.000000
0.000000
0.000000
0.000000
0.000000
0.000000
0.511621
0.000000
0.000000
0.000000
0.402938
1.169253
0.544263
0.000000
0.195528
1.171168
0.097917
0.000000
0.000000
0.000000
0.000000
0.000000
1.414942
0.000000
0.425390
0.000000
0.000000
1.600970
0.000000
0.000000
1.572178
0.000000
0.000000
0.000000
0.000000
2.358484
2.168164
0.757194
0.000000
0.000000
0.000000
0.000000
0.289572
0.000000
0.000000
0.000000
0.000000
1.362083
0.000000
0.000000
0.137227
0.000000
0.000000
0.000000
0.000000
0.000000
0.789401
0.943906
0.750003
0.000000
0.000000
0.000000
0.000000
0.000000
0.000000
0.000000
3.540908
0.000000
0.000000
0.000000
0.000000
1.454529
0.000000
0.000000
1.370668
3.632333
0.000000
1.794932
0.000000
0.000000
0.000000
0.000000
0.000000
0.000000
1.988268
0.930677
0.452499
0.199086
0.018447
0.000000
0.000000
0.000000
0.000000
0.000000
1.405884
0.000000
0.259804
0.000000
0.000000
0.000000
0.000000
0.000000
0.000000
0.000000
0.000000
0.000000
0.168332
0.000000
0.000000
0.000000
0.000000
0.000000
0.074104
0.637517
0.000000
0.000000
1.387196
0.000000
0.000000
0.000000
0.000000
0.000000
0.000000
0.000000
0.000000
0.000000
0.000000
0.000000
0.000000
0.000000
0.000000
0.000000
0.000000
0.000000
0.000000
0.372169
0.000000
0.000000
0.309602
0.000000
0.000000
0.000000
0.327590
2.722911
0.000000
0.000000
0.000000
0.000000
0.000000
0.000000
1.723022
0.915796
0.000000
0.000000
0.000000
0.000000
0.000000
0.000000
0.350695
0.000000
0.309671
0.000000
0.000000
2.365808
0.000000
1.634566
0.000000
0.000000
0.000000
0.952687
0.569497
0.000000
1.266117
0.000000
0.000000
0.000000
0.277943
0.000000
0.245027
0.166167
0.000000
0.000000
0.245283
0.000000
0.000000
0.000000
0.000000
0.000000
0.593109
0.055647
0.000000
0.000000
0.000000
0.000000
0.000000
0.266622
0.000000
1.009522
0.000000
0.000000
0.000000
0.000000
0.000000
0.000000
0.712035
0.000000
0.000000
1.129963
0.000000
0.000000
0.000000
0.000000
0.000000
0.000000
0.000000
0.000000
0.876684
0.000000
0.000000
0.000000
0.000000
0.000000
0.000000
0.000000
0.000000
0.000000
0.017979
0.000000
0.000000
0.000000
0.000000
0.000000
0.845265
0.000000
0.170393
2.195924
2.024365
0.000000
0.000000
0.000000
0.000000
0.219973
0.213838
0.000000
2.892365
0.520634
0.000000
0.000000
0.000000
0.000000
0.000000
1.686955
0.000000
0.000000
0.000000
1.442644
0.000000
0.000000
0.000000
0.000000
0.000000
0.281063
0.000000
1.003232
1.172064
0.000000
1.409951
0.000000
0.000000
0.000000
0.000000
0.000000
0.000000
0.000000
0.942198
0.000000
0.000000
0.000000
0.000000
0.000000
0.832308
0.000000
0.000000
0.000000
0.000000
0.228313
0.000000
0.000000
0.000000
0.000000
0.015670
0.000000
0.000000
0.000000
0.000000
0.681104
0.000000
0.000000
0.848139
0.000000
0.000000
0.218914
0.000000
0.000000
0.000000
0.000000
0.000000
0.485915
0.000000
0.000000
0.315474
0.000000
0.000000
0.000000
0.000000
0.000000
0.000000
0.000000
0.000000
0.000000
0.000000
0.000000
0.000000
0.000000
0.388779
0.000000
0.042746
0.000000
0.000000
0.000000
0.000000
0.000000
0.000000
0.000000
0.182639
0.000000
0.000000
1.333494
0.000000
0.000000
0.000000
0.000000
0.000000
0.000000
0.000000
0.000000
2.880267
0.000000
0.000000
0.000000
0.000000
0.412358
1.514013
0.000000
0.000000
0.086242
0.000000
0.000000
2.665143
2.005487
0.000000
0.000000
1.021313
1.183075
0.000000
0.000000
0.000000
0.000000
1.160440
0.000000
0.000000
1.019221
1.355930
0.000000
0.216863
0.140787
0.000000
0.000000
0.000000
0.000000
0.000000
0.000000
1.389431
0.000000
0.000000
1.623877
0.000000
0.000000
1.361379
0.000000
0.000000
0.000000
0.000000
0.000000
1.765689
0.000000
0.000000
0.000000
0.000000
0.000000
0.000000
0.000000
0.000000
0.000000
0.000000
0.000000
0.043031
0.000000
0.000000
0.000000
1.880477
0.000000
0.000000
0.000000
0.000000
0.000000
0.000000
0.063474
0.000000
1.210439
0.000000
0.000000
0.000000
0.000000
0.000000
0.000000
0.000000
3.322722
0.468751
0.000000
0.069561
0.000000
2.492998
0.000000
0.433547
0.000000
0.000000
0.000000
0.000000
0.274736
0.000000
0.000000
0.000000
0.000000
1.449997
0.000000
0.993189
0.342170
0.790214
0.261559
0.000000
0.276456
0.000000
0.000000
0.000000
0.000000
0.000000
0.000000
0.000000
0.000000
0.000000
0.000000
0.000000
0.000000
0.000000
0.022332
0.000000
0.000000
0.000000
0.000000
0.000000
0.000000
0.000000
1.562976
0.000000
0.000000
0.000000
0.000000
0.000000
0.000000
0.000000
0.000000
0.341465
0.000000
0.000000
1.235775
0.000000
2.565309
0.000000
0.000000
0.000000
0.000000
0.000000
0.000000
0.000000
0.000000
0.000000
0.000000
0.000000
0.000000
0.000000
1.041248
0.000000
0.000000
0.000000
0.000000
0.000000
0.000000
0.000000
0.331811
0.000000
0.000000
0.000000
0.242737
0.000000
0.000000
0.711414
0.013444
0.000000
0.000000
1.285917
0.000000
0.000000
0.000000
0.000000
0.000000
1.979741
0.000000
0.000000
0.000000
0.000000
0.000000
0.000000
0.000000
0.000000
2.614186
0.000000
0.000000
0.000000
0.000000
0.000000
0.000000
0.000000
0.000000
0.000000
0.000000
0.000000
0.000000
0.000000
0.000000
0.000000
0.000000
0.000000
0.000000
0.000000
0.000000
0.000000
0.000000
0.000000
0.000000
0.000000
0.260443
0.000000
0.000000
0.480574
0.756999
0.000000
0.000000
0.000000
0.000000
0.000000
0.000000
0.000000
0.000000
0.000000
0.000000
0.000000
0.000000
0.000000
0.000000
0.000000
0.000000
1.721720
0.000000
0.494704
0.000000
0.000000
1.741838
0.000000
0.000000
0.142473
0.000000
0.000000
0.000000
0.000000
0.000000
0.000000
0.000000
0.000000
0.000000
0.000000
0.000000
0.000000
0.000000
0.000000
0.000000
0.000000
1.965771
1.488831
0.000000
0.000000
0.000000
0.000000
0.000000
0.000000
0.692447
0.000000
1.382933
0.733992
0.000000
0.000000
0.000000
0.000000
0.000000
2.255527
0.000000
0.000000
0.000000
0.000000
0.000000
0.000000
0.000000
0.000000
0.000000
0.075768
0.000000
0.000000
1.377503
2.410049
0.000000
0.000000
0.000000
1.149999
0.000000
0.000000
0.287482
0.000000
0.000000
0.808155
3.269573
0.000000
0.000000
0.000000
0.000000
1.078523
0.000000
0.175975
0.000000
0.000000
0.302485
0.000000
0.000000
1.440662
0.000000
0.273287
0.000000
0.000000
0.000000
0.000000
0.159739
1.621061
0.000000
0.746683
1.358226
0.000000
0.000000
0.000000
0.000000
0.000000
0.000000
0.000000
2.500834
0.000000
0.733024
0.000000
0.460115
0.335503
0.000000
0.000000
0.000000
0.000000
0.000000
0.000000
0.337108
0.000000
0.000000
0.000000
0.000000
0.000000
0.096601
0.000000
2.901210
1.253064
0.000000
0.000000
0.000000
2.854445
0.000000
0.000000
0.000000
0.246730
0.000000
0.000000
1.965673
0.000000
0.220011
0.000000
0.000000
0.000000
0.000000
0.000000
0.053568
0.000000
0.000000
1.523041
0.000000
0.000000
0.000000
0.000000
0.000000
0.000000
0.000000
1.614510
0.000000
0.000000
0.424587
0.000000
0.000000
0.000000
0.000000
0.000000
0.000000
0.560220
0.000000
1.991368
0.000000
0.000000
0.000000
0.000000
0.000000
0.000000
0.000000
0.000000
0.000000
0.000000
0.000000
0.000000
1.325862
0.000000
0.000000
0.000000
0.000000
0.000000
0.000000
0.106633
0.000000
0.000000
0.000000
0.000000
0.000000
0.000000
0.000000
0.000000
0.000000
0.000000
0.000000
0.000000
0.000000
0.000000
1.040695
0.000000
0.000000
0.000000
0.000000
0.000000
0.000000
1.872854
0.000000
0.000000
0.000000
0.415637
0.277172
0.000000
0.172566
0.000000
0.000000
0.000000
0.000000
0.000000
0.000000
0.000000
0.034420
0.000000
0.000000
0.000000
0.000000
0.000000
0.000000
0.000000
0.000000
0.000000
0.000000
0.000000
0.000000
0.000000
0.000000
0.000000
0.000000
0.000000
0.562236
0.000000
0.000000
0.000000
0.000000
0.000000
0.000000
0.000000
0.000000
0.000000
0.000000
0.000000
0.581833
0.000000
0.229261
0.000000
0.000000
0.107525
0.000000
0.000000
0.000000
0.000000
0.457121
0.000000
3.786461
1.635449
0.000000
0.000000
0.000000
0.000000
0.000000
0.678996
0.000000
0.000000
0.000000
0.000000
0.000000
0.000000
2.153900
0.000000
0.000000
0.000000
2.111376
0.000000
0.000000
0.000000
0.000000
0.000000
0.000000
0.000000
0.000000
0.850825
0.000000
0.000000
0.000000
0.355927
0.000000
0.773121
0.849386
1.081340
0.000000
0.000000
0.000000
0.625458
0.000000
0.000000
0.000000
0.000000
1.209159
0.721844
0.000000
0.000000
0.000000
0.000000
0.000000
0.000000
0.726124
0.000000
0.000000
0.000000
0.000000
0.000000
0.000000
0.000000
0.000000
0.000000
0.000000
0.000000
0.000000
0.628750
0.000000
0.000000
0.000000
0.000000
0.000000
0.000000
0.848652
0.000000
0.000000
0.000000
0.000000
0.000000
0.000000
0.000000
0.000000
0.000000
0.000000
1.913768
1.156740
0.000000
0.089450
0.000000
2.722316
1.228587
0.000000
0.843873
1.176436
0.898238
0.066187
0.000000
0.000000
0.000000
0.000000
0.000000
0.000000
1.087904
0.000000
0.000000
0.000000
0.139613
0.000000
1.045823
0.000000
0.000000
0.000000
0.000000
0.000000
0.000000
0.000000
0.000000
1.148143
0.842576
0.000000
0.000000
0.000000
0.000000
0.680864
0.000000
0.546992
0.000000
4.097903
0.000000
0.000000
0.308189
0.000000
0.000000
0.000000
3.159589
0.000000
1.173111
3.275213
0.000000
0.000000
0.000000
0.000000
0.000000
0.000000
0.000000
0.000000
0.115300
0.000000
0.000000
1.069440
0.000000
0.000000
0.000000
0.000000
0.000000
0.000000
0.000000
0.000000
1.701159
0.000000
0.000000
0.000000
0.000000
0.000000
0.000000
0.000000
0.000000
0.654302
0.000000
0.235081
0.026293
0.620797
0.000000
0.000000
0.000000
0.358797
0.000000
0.000000
0.000000
0.000000
0.000000
0.000000
0.000000
0.000000
0.000000
0.000000
0.872945
0.000000
0.000000
0.000000
0.000000
1.593296
0.000000
0.000000
0.000000
0.000000
1.003418
0.000000
0.000000
0.774733
1.446465
0.000000
0.000000
1.571375
0.000000
0.000000
0.000000
0.000000
0.000000
0.000000
0.000000
0.501415
0.000000
0.000000
0.000000
0.000000
0.000000
0.000000
0.000000
0.000000
0.000000
0.000000
0.000000
0.000000
0.919397
0.000000
0.000000
0.000000
0.000000
0.000000
0.000000
0.000000
0.000000
0.000000
0.000000
0.006159
0.000000
0.000000
2.142639
0.000000
0.000000
1.636232
0.000000
0.704348
0.583005
0.000000
3.780659
0.138052
0.000000
0.000000
0.704266
0.676177
0.000000
0.000000
0.000000
0.000000
0.000000
0.000000
0.825103
0.000000
0.000000
0.000000
0.000000
0.000000
0.000000
1.862636
0.000000
0.000000
0.496937
0.000000
0.000000
0.000000
0.000000
0.000000
0.000000
0.446192
0.000000
0.000000
1.372719
0.000000
0.000000
0.000000
0.000000
0.169270
1.652069
1.688719
0.000000
1.129163
0.000000
0.000000
0.000000
0.000000
0.000000
0.000000
0.000000
0.000000
0.399651
0.000000
0.000000
0.000000
0.000000
1.504821
0.180878
0.202390
0.000000
0.000000
0.000000
0.000000
0.000000
0.620515
0.000000
0.036991
0.000000
0.000000
0.000000
0.000000
0.000000
3.115117
0.000000
0.000000
0.795374
0.000000
0.000000
0.000000
0.000000
0.000000
0.000000
0.000000
1.211984
0.000000
4.581254
0.000000
0.000000
0.000000
0.362465
0.952626
0.107967
0.000000
0.000000
0.000000
0.000000
0.429037
0.000000
0.000000
0.000000
0.000000
0.000000
0.000000
0.000000
0.000000
0.000000
0.000000
0.000000
0.000000
0.000000
0.000000
0.000000
0.000000
0.265198
0.000000
1.152484
0.000000
0.000000
0.000000
0.000000
0.000000
0.000000
0.000000
0.000000
0.000000
0.000000
0.000000
1.850180
0.696550
0.000000
0.000000
0.000000
0.034217
0.000000
0.000000
0.000000
0.000000
1.339890
0.796922
0.000000
0.000000
0.408006
0.000000
0.000000
0.000000
0.000000
0.000000
0.000000
0.000000
0.000000
0.000000
0.000000
0.000000
0.000000
0.000000
0.000000
0.075344
0.498351
0.000000
2.135097
0.328121
3.641994
0.000000
0.000000
0.000000
0.000000
0.000000
3.087714
0.000000
0.000000
0.495183
0.505917
0.000000
0.000000
0.311177
0.000000
0.000000
1.762211
0.000000
0.000000
0.000000
0.000000
0.000000
0.446177
0.000000
0.000000
0.000000
0.000000
0.000000
0.000000
0.068013
0.376076
0.000000
0.906627
0.000000
0.000000
0.000000
0.000000
0.000000
3.084780
0.000000
0.000000
0.000000
0.000000
0.000000
2.441412
0.000000
0.169170
0.000000
0.000000
0.000000
0.000000
0.000000
0.000000
0.000000
1.926739
0.000000
0.000000
0.000000
0.000000
0.000000
0.000000
0.410270
0.023300
0.000000
0.000000
0.000000
0.115008
0.000000
0.000000
0.000000
0.278268
0.000000
0.000000
0.000000
2.883858
0.000000
0.000000
0.000000
1.310847
0.000000
0.000000
0.000000
0.000000
1.043962
0.000000
0.000000
0.000000
0.126937
0.000000
0.591191
0.000000
0.000000
0.000000
0.000000
0.320825
0.000000
0.000000
0.000000
1.420574
0.000000
0.000000
0.936928
0.000000
0.000000
0.000000
0.000000
2.845705
0.000000
0.419253
0.000000
1.047267
0.000000
0.000000
0.000000
2.254322
0.030502
3.622883
0.000000
0.000000
0.000000
0.000000
0.000000
0.000000
0.000000
0.592755
0.000000
0.000000
0.000000
0.000000
0.000000
0.356794
0.242267
0.000000
0.000000
0.000000
0.000000
0.000000
0.546130
0.000000
0.000000
0.000000
0.000000
0.000000
2.193699
0.000000
0.000000
0.000000
0.000000
0.000000
0.000000
0.000000
0.000000
0.000000
0.000000
0.000000
0.000000
0.000000
2.490129
0.000000
0.000000
0.000000
0.000000
0.000000
0.000000
0.000000
0.000000
0.000000
1.552528
0.000000
0.000000
0.000000
0.679486
0.000000
0.000000
0.000000
0.000000
0.787831
0.000000
0.000000
1.730773
0.000000
0.000000
0.568809
0.000000
0.382477
0.287131
0.000000
0.000000
0.000000
0.000000
0.000000
0.000000
0.000000
0.000000
0.000000
1.711544
0.000000
1.283448
0.000000
0.000000
0.000000
0.000000
0.000000
1.057410
0.000000
0.000000
0.000000
0.031460
0.317676
0.336635
0.000000
0.000000
0.000000
0.000000
0.623978
0.000000
0.000000
0.000000
0.000000
0.000000
0.000000
0.000000
0.000000
0.000000
0.000000
0.000000
0.000000
2.429337
0.000000
0.000000
0.000000
0.363963
0.000000
0.000000
0.000000
0.397840
0.000000
0.265438
0.000000
0.000000
0.000000
1.809660
0.000000
0.000000
1.754512
0.000000
1.409467
0.000000
0.000000
0.000000
0.000000
0.214203
0.000000
0.000000
2.708417
0.000000
0.000000
0.000000
0.000000
0.000000
0.000000
0.000000
0.000000
0.000000
0.000000
0.025282
0.000000
0.000000
1.622149
