0.000000
0.000000
0.000000
0.000000
0.847548
0.000000
0.000000
2.233043
0.000000
0.000000
0.000000
0.000000
0.955400
0.000000
0.000000
0.000000
0.000000
0.000000
0.000000
0.025643
0.000000
0.000000
0.000000
0.000000
0.818468
0.000000
0.000000
0.000000
0.000000
0.000000
0.000000
0.000000
0.656097
0.000000
0.000000
0.000000
0.000000
0.000000
0.000000
0.000000
0.000000
0.000000
0.000000
0.000000
0.000000
0.402449
0.000000
0.000000
0.000000
0.000000
0.000000
0.000000
0.000000
0.379763
0.000000
0.000000
0.000000
0.000000
0.000000
0.000000
3.779924
2.721984
0.000000
0.074549
0.000000
0.000000
0.000000
0.000000
0.000000
0.000000
0.903502
0.000000
0.000000
2.428767
0.000000
0.566860
0.000000
0.000000
0.000000
0.000000
0.000000
0.000000
0.000000
0.000000
0.000000
0.000000
0.000000
0.000000
0.000000
0.000000
0.000000
1.018807
0.000000
0.000000
0.362240
0.000000
0.000000
0.000000
0.554856
0.000000
0.000000
0.000000
0.705790
0.000000
0.000000
0.000000
0.000000
0.000000
0.000000
0.000000
0.000000
0.000000
0.000000
0.019350
1.394557
0.000000
0.000000
0.000000
0.000000
0.000000
0.000000
0.000000
0.000000
0.000000
0.000000
0.000000
1.872298
0.000000
0.000000
0.000000
0.000000
0.000000
0.000000
0.000000
0.000000
0.000000
0.000000
0.000000
0.000000
0.000000
0.000000
0.000000
0.500670
0.000000
0.000000
0.000000
0.000000
0.000000
0.000000
0.000000
0.000000
0.000000
0.000000
0.000000
0.518007
0.814859
0.000000
0.000000
0.000000
0.000000
0.000000
0.000000
0.000000
0.000000
0.000000
0.160366
0.000000
0.000000
0.671821
0.000000
0.000000
0.000000
0.000000
0.000000
0.000000
0.960152
0.000000
0.000000
0.000000
0.571642
0.000000
0.000000
2.137172
0.000000
0.000000
0.000000
0.000000
0.000000
0.000000
0.000000
0.000000
0.000000
0.000000
0.000000
0.000000
0.000000
0.000000
0.000000
0.000000
0.000000
0.000000
2.088472
0.000000
0.000000
0.000000
3.028801
0.000000
0.000000
0.000000
0.169688
0.000000
0.000000
0.000000
0.000000
0.000000
0.000000
0.000000
0.000000
0.000000
0.000000
0.000000
0.000000
0.000000
0.000000
0.000000
0.000000
0.000000
0.230784
0.000000
0.000000
0.000000
0.000000
0.000000
1.078887
0.000000
0.000000
0.000000
0.000000
0.000000
0.000000
0.000000
0.000000
0.000000
0.000000
0.001333
0.000000
0.000000
0.000000
0.000000
0.000000
0.000000
0.000000
0.000000
1.394364
0.000000
0.000000
0.000000
3.913787
0.000000
0.000000
0.000000
0.000000
0.000000
0.000000
0.000000
0.678681
0.775095
0.000000
0.137706
0.000000
0.000000
0.000000
0.000000
0.000000
0.000000
0.000000
0.000000
0.000000
0.000000
0.000000
0.752184
0.000000
0.000000
0.000000
0.000000
0.912535
0.000000
0.000000
1.282492
0.000000
0.000000
0.000000
0.000000
0.000000
0.000000
0.000000
0.000000
0.000000
2.334687
1.736701
3.085438
0.000000
0.000000
0.000000
0.000000
0.000000
2.720371
0.000000
0.000000
0.000000
0.000000
0.000000
0.000000
0.000000
0.000000
0.000000
0.000000
0.000000
0.000000
1.908314
0.000000
0.000000
0.000000
0.000000
0.000000
0.000000
0.000000
0.000000
0.000000
0.880084
0.000000
1.764302
0.000000
1.078514
0.377009
0.000000
0.000000
0.145938
0.573786
0.000000
1.074514
0.000000
3.299651
0.000000
1.411770
0.000000
4.005020
0.000000
0.000000
0.000000
0.000000
0.000000
0.000000
0.000000
0.913064
0.000000
0.000000
0.000000
0.000000
0.076956
0.000000
0.000000
0.000000
0.000000
0.957222
2.195865
0.000000
0.000000
0.000000
0.000000
0.000000
0.000000
0.000000
0.000000
0.000000
0.466537
0.000000
0.000000
0.000000
0.000000
0.000000
0.000000
0.000000
0.000000
0.000000
0.412066
0.000000
0.000000
0.000000
0.000000
0.000000
0.000000
0.000000
0.000000
0.000000
0.000000
0.000000
0.000000
0.000000
0.000000
0.000000
0.000000
0.981548
0.000000
0.000000
0.000000
0.000000
3.444892
0.000000
0.000000
0.000000
0.000000
0.000000
0.000000
0.000000
0.000000
0.000000
0.091914
1.125712
0.000000
0.000000
0.000000
1.334921
0.000000
1.742933
0.000000
0.000000
0.000000
0.000000
0.000000
0.000000
0.000000
2.360366
0.000000
0.000000
0.000000
0.962928
0.000000
0.000000
0.000000
0.000000
0.000000
0.000000
0.000000
0.000000
0.000000
0.000000
0.000000
0.000000
0.000000
0.000000
0.000000
0.000000
0.000000
0.000000
0.000000
0.000000
1.520642
0.000000
0.000000
0.000000
1.053541
0.586134
0.000000
0.000000
0.000000
1.912886
0.000000
0.000000
0.624597
0.000000
0.000000
0.000000
0.000000
0.000000
0.000000
0.038373
0.000000
0.000000
0.000000
0.000000
0.000000
0.000000
0.000000
0.000000
1.760841
0.000000
0.000000
0.000000
0.000000
0.000000
0.000000
0.000000
3.702535
1.798212
0.000000
0.000000
0.000000
0.000000
0.000000
0.000000
0.000000
0.000000
0.000000
0.000000
0.000000
0.000000
0.000000
0.000000
0.000000
0.000000
0.105316
0.000000
0.000000
0.000000
0.000000
0.000000
0.000000
0.000000
0.000000
0.000000
0.000000
0.000000
0.000000
0.000000
0.000000
0.000000
0.000000
0.000000
0.000000
0.000000
0.000000
1.669940
0.000000
1.005763
0.000000
0.000000
0.000000
0.000000
0.000000
0.000000
0.000000
0.000000
0.000000
0.000000
1.744375
0.000000
0.000000
0.000000
0.000000
0.895209
0.000000
0.000000
0.000000
0.000000
0.000000
0.000000
0.000000
0.000000
0.000000
0.000000
0.000000
0.000000
0.000000
1.463565
0.000000
0.000000
0.000000
0.000000
0.000000
0.000000
0.000000
0.000000
0.000000
0.000000
0.700655
0.000000
0.000000
0.000000
0.000000
0.000000
0.774896
0.000000
4.519289
0.000000
0.000000
0.000000
0.000000
0.000000
0.000000
0.000000
0.000000
2.683692
0.000000
0.000000
0.211051
1.791316
0.000000
0.000000
0.000000
0.000000
0.000000
0.000000
3.713531
0.000000
0.000000
1.397826
0.000000
0.000000
0.000000
0.000000
0.000000
0.000000
0.000000
0.000000
0.000000
0.000000
0.000000
3.771359
0.000000
0.000000
0.000000
0.000000
2.493699
0.000000
0.453929
0.000000
0.000000
0.627572
0.000000
0.391456
0.142156
0.000000
0.000000
0.074874
2.338995
0.000000
0.000000
0.000000
1.779422
0.000000
0.094864
0.000000
0.000000
0.000000
0.000000
0.000000
0.000000
0.000000
0.000000
0.000000
0.000000
0.000000
0.000000
2.440493
0.000000
0.000000
0.000000
0.000000
0.000000
0.000000
0.000000
0.000000
0.000000
0.406750
0.000000
1.003394
0.000000
0.000000
0.000000
0.000000
0.000000
1.345668
0.000000
0.000000
0.000000
0.000000
0.000000
0.000000
0.000000
0.000000
0.764913
0.000000
0.000000
0.000000
0.000000
0.648010
0.000000
0.281825
0.609121
0.000000
0.000000
0.000000
0.000000
0.000000
0.000000
1.187143
0.000000
0.000000
0.000000
0.000000
0.000000
0.000000
0.471706
0.000000
0.000000
1.654330
0.000000
0.000000
0.894599
0.000000
0.000000
0.000000
0.000000
0.000000
0.000000
0.000000
0.000000
0.000000
0.000000
2.535815
0.000000
0.467737
0.000000
0.000000
0.000000
0.000000
0.000000
0.091238
0.000000
0.000000
0.000000
0.000000
0.000000
0.000000
0.000000
0.000000
1.652233
0.000000
0.464066
0.000000
0.000000
0.000000
0.000000
0.000000
0.000000
0.000000
0.000000
0.000000
0.000000
0.000000
0.000000
0.000000
0.000000
0.000000
0.000000
0.000000
0.685137
0.000000
0.000000
0.000000
0.000000
0.000000
0.253904
0.000000
0.000000
0.000000
0.000000
0.000000
0.000000
0.000000
0.000000
3.478661
0.000000
0.000000
0.000000
0.000000
0.000000
0.000000
0.000000
0.000000
0.000000
0.000000
0.000000
0.000000
0.000000
0.772801
0.000000
0.000000
0.000000
0.000000
0.000000
0.841731
0.000000
0.000000
0.000000
0.000000
0.000000
1.615531
0.000000
0.000000
0.000000
0.000000
0.000000
1.122858
0.000000
0.000000
0.000000
0.000000
1.387872
0.000000
0.000000
0.000000
0.000000
0.000000
0.000000
0.177554
0.782076
0.000000
0.000000
0.000000
0.000000
0.000000
0.000000
4.030928
0.000000
0.000000
0.000000
0.084235
0.000000
0.000000
0.395568
0.000000
0.290384
0.000000
0.000000
0.000000
0.000000
0.000000
0.000000
0.000000
0.314954
0.000000
0.000000
0.000000
2.845810
0.000000
0.000000
0.000000
0.000000
0.000000
0.000000
0.000000
0.000000
0.000000
0.000000
0.000000
0.000000
0.000000
0.000000
0.000000
0.000000
0.000000
3.119713
0.000000
0.000000
0.000000
0.000000
0.000000
0.000000
0.000000
0.000000
0.000000
0.000000
0.000000
2.309592
0.000000
0.000000
0.533383
3.776259
0.000000
0.000000
0.000000
0.000000
0.000000
0.000000
0.000000
0.943366
0.000000
0.000000
0.000000
0.000000
0.000000
0.000000
0.000000
0.000000
0.000000
0.000000
0.000000
0.000000
0.000000
0.000000
0.000000
0.000000
0.000000
0.000000
0.000000
0.223513
0.000000
0.000000
0.000000
0.000000
0.000000
0.000000
0.000000
0.000000
0.000000
0.837827
0.017727
0.000000
0.157574
0.000000
0.000000
0.000000
0.000000
0.000000
0.000000
0.000000
0.000000
0.337296
0.000000
0.000000
1.939380
0.112390
0.000000
0.000000
0.111980
0.000000
0.000000
0.000000
0.000000
0.000000
0.000000
0.000000
0.000000
0.000000
0.000000
0.000000
0.000000
0.000000
0.000000
0.000000
0.000000
0.000000
0.000000
0.000000
0.000000
0.000000
0.000000
0.000000
0.000000
0.000000
0.000000
0.000000
0.000000
0.000000
0.000000
0.000000
0.000000
0.000000
0.961716
0.000000
0.000000
0.000000
0.000000
0.000000
0.000000
0.000000
0.000000
0.000000
0.296520
0.000000
0.000000
0.000000
0.000000
0.000000
0.000000
0.000000
0.000000
0.000000
0.000000
0.000000
0.000000
0.000000
0.000000
0.000000
0.000000
2.459887
0.000000
0.000000
0.000000
0.000000
0.000000
0.000000
0.000000
2.728096
0.000000
0.000000
0.000000
0.000000
0.000000
0.000000
0.000000
0.000000
0.000000
0.000000
0.721257
0.000000
2.445870
0.000000
0.000000
0.000000
0.000000
0.000000
0.000000
0.000000
0.000000
0.935021
0.000000
0.000000
0.970385
0.000000
0.000000
2.014686
0.000000
0.000000
0.000000
0.000000
0.000000
0.912157
0.000000
0.000000
0.000000
0.000000
0.000000
0.000000
0.000000
0.000000
0.000000
0.000000
0.000000
0.340716
0.000000
0.000000
0.066795
0.000000
0.000000
0.000000
0.000000
0.000000
0.000000
0.000000
0.000000
0.000000
0.000000
0.000000
0.000000
0.000000
0.000000
0.000000
0.000000
0.000000
0.000000
0.000000
0.000000
0.000000
0.000000
0.000000
0.000000
0.000000
0.000000
1.954734
0.000000
0.000000
0.000000
0.000000
0.000000
0.000000
0.000000
0.070971
0.000000
0.000000
0.268773
0.000000
0.000000
0.000000
0.916794
0.000000
0.000000
0.000000
0.149864
0.000000
0.000000
0.000000
0.000000
0.000000
1.937555
0.000000
0.000000
0.000000
0.000000
0.000000
0.000000
0.000000
0.754634
0.000000
0.000000
0.000000
0.000000
2.600577
0.000000
0.000000
0.801545
0.000000
0.000000
0.671175
0.000000
0.000000
0.000000
0.000000
0.000000
0.000000
0.000000
0.000000
0.000000
0.000000
0.000000
0.000000
0.000000
0.000000
0.000000
0.290536
0.000000
0.250733
0.000000
0.000000
0.000000
0.000000
0.000000
0.000000
0.000000
0.000000
0.000000
0.000000
0.914241
0.000000
0.000000
0.000000
3.070162
0.000000
0.000000
0.000000
0.000000
0.000000
0.451218
0.859771
0.000000
0.000000
0.000000
0.000000
0.000000
0.000000
0.000000
0.992838
0.647973
0.000000
0.000000
0.000000
0.000000
0.000000
0.052481
0.000000
0.000000
0.647003
0.000000
0.000000
0.000000
0.000000
0.000000
0.000000
1.475897
0.000000
0.000000
0.000000
0.000000
0.000000
0.000000
2.967787
0.000000
0.000000
0.064909
0.000000
0.000000
0.000000
0.448378
0.000000
0.000000
0.765356
0.000000
0.000000
0.000000
0.000000
0.000000
0.000000
0.000000
0.000000
0.000000
0.000000
0.000000
0.000000
0.000000
4.708753
0.000000
0.000000
0.000000
0.000000
0.000000
0.000000
0.000000
0.000000
0.000000
1.268701
0.000000
0.000000
0.000000
0.000000
0.000000
0.000000
0.000000
0.364039
0.437681
0.432292
0.000000
1.008784
0.000000
0.000000
3.176071
0.000000
0.000000
0.000000
0.390191
0.000000
0.567190
0.000000
0.000000
0.000000
0.000000
0.000000
2.265787
0.000000
0.000000
0.000000
0.000000
2.449282
2.022791
0.000000
2.009800
0.000000
0.000000
0.000000
0.000000
0.000000
0.000000
0.000000
0.000000
0.000000
0.000000
0.000000
0.000000
0.000000
0.000000
0.000000
0.000000
0.000000
0.000000
0.000000
0.000000
0.000000
0.000000
0.000000
0.000000
0.000000
0.000000
0.000000
0.009564
0.000000
0.000000
0.000000
0.000000
0.000000
1.541013
0.000000
0.000000
0.000000
0.000000
0.000000
0.690050
0.000000
0.000000
0.000000
0.000000
1.588088
1.331149
0.239461
0.000000
0.000000
0.000000
0.000000
0.000000
0.000000
1.635586
0.000000
0.436284
0.000000
0.000000
0.000000
0.000000
0.000000
0.000000
0.000000
0.000000
0.000000
0.000000
1.360484
0.732106
0.000000
0.000000
0.000000
0.000000
0.162110
0.000000
0.000000
0.000000
0.000000
0.000000
0.000000
0.000000
0.000000
0.000000
0.000000
0.000000
0.930252
0.000000
0.000000
0.854751
0.000000
0.000000
0.000000
0.000000
0.000000
0.000000
0.000000
0.000000
0.000000
1.657346
0.000000
0.000000
0.807547
0.000000
0.000000
0.000000
0.000000
0.000000
0.000000
0.000000
0.000000
0.000000
0.000000
0.000000
3.589522
0.000000
0.000000
0.000000
0.000000
0.000000
0.000000
0.000000
0.000000
0.000000
0.000000
0.000000
0.000000
0.000000
0.000000
0.000000
0.000000
0.000000
0.786101
0.000000
0.403924
1.087887
0.000000
0.000000
0.000000
2.994545
2.439190
0.000000
0.000000
0.000000
0.000000
0.000000
0.000000
0.000000
0.000000
0.000000
0.000000
0.000000
0.000000
0.212564
0.000000
0.000000
0.204302
1.432275
0.010566
0.000000
1.879053
0.000000
0.837047
0.000000
0.000000
0.000000
0.000000
0.000000
0.000000
0.000000
0.000000
2.267770
2.079661
0.000000
0.000000
0.000000
0.000000
0.000000
0.000000
0.000000
0.000000
0.000000
0.000000
0.000000
0.000000
0.000000
0.000000
0.000000
0.000000
0.000000
0.000000
0.000000
0.000000
0.000000
0.000000
0.000000
0.000000
0.000000
0.000000
0.000000
0.000000
0.000000
0.000000
0.000000
0.000000
0.256089
1.527273
1.208140
0.000000
0.000000
0.000000
0.000000
0.000000
0.000000
0.000000
0.000000
0.000000
0.940644
0.000000
0.402739
0.000000
0.000000
0.000000
0.000000
0.000000
0.000000
0.000000
0.000000
0.000000
2.352056
0.000000
0.000000
0.000000
0.000000
0.000000
0.000000
0.000000
0.000000
0.000000
0.000000
0.000000
0.926924
0.000000
0.000000
0.000000
0.000000
0.000000
0.000000
0.000000
0.000000
0.000000
0.000000
0.000000
0.262648
0.000000
0.000000
0.000000
0.000000
0.000000
0.000000
0.000000
0.000000
0.000000
0.000000
0.000000
0.000000
0.000000
0.000000
0.000000
0.000000
0.000000
0.000000
0.000000
0.000000
0.000000
0.000000
0.000000
0.000000
0.000000
0.000000
0.000000
0.000000
0.000000
2.363616
0.000000
0.000000
0.000000
0.000000
0.000000
0.000000
0.000000
0.000000
0.000000
0.000000
0.000000
2.844349
0.932972
0.000000
0.000000
0.000000
0.897531
0.000000
0.000000
0.000000
0.000000
0.000000
0.000000
0.000000
0.000000
0.000000
0.000000
0.000000
1.344867
0.000000
0.000000
0.000000
0.000000
2.388510
0.000000
0.000000
0.000000
0.000000
0.000000
0.000000
0.000000
0.000000
0.000000
0.000000
0.000000
0.000000
0.000000
0.000000
0.000000
0.000000
0.000000
0.429314
0.025602
0.000000
0.000000
0.000000
0.000000
0.000000
0.000000
0.000000
0.000000
1.098913
0.000000
0.000000
0.000000
0.000000
0.000000
0.000000
0.000000
0.000000
1.556315
1.129879
0.000000
0.000000
0.000000
0.000000
0.000000
0.000000
0.000000
0.000000
0.342878
0.000000
0.000000
0.000000
0.000000
0.000000
0.000000
0.000000
0.000000
0.000000
0.000000
0.000000
0.018572
1.426558
0.000000
0.000000
0.494879
0.188286
0.000000
1.354962
0.000000
0.000000
0.000000
0.000000
0.000000
1.219396
0.000000
0.000000
0.000000
0.000000
0.000000
0.000000
0.000000
0.000000
0.000000
0.000000
1.558035
0.000000
0.000000
0.000000
0.000000
0.000000
0.000000
0.000000
0.000000
0.000000
1.468236
0.159046
0.000000
0.000000
0.000000
0.000000
0.000000
0.000000
0.000000
0.000000
0.000000
0.000000
0.000000
1.366372
0.000000
0.000000
0.000000
0.000000
0.000000
0.000000
0.000000
0.000000
0.000000
0.000000
0.000000
0.000000
0.000000
3.076382
0.000000
0.433248
0.000000
0.000000
0.000000
0.000000
0.000000
1.212760
0.000000
0.000000
0.000000
0.000000
0.000000
0.000000
0.000000
0.000000
0.000000
0.000000
0.000000
0.000000
0.057581
0.508175
0.994698
0.000000
2.822287
0.000000
0.000000
2.152429
0.000000
0.000000
0.000000
1.105334
0.000000
0.000000
0.000000
0.000000
0.000000
0.000000
0.000000
0.000000
0.000000
0.000000
0.000000
0.078430
1.847275
0.000000
0.000000
0.000000
0.000000
2.176848
0.000000
0.000000
0.000000
0.000000
0.000000
0.000000
0.000000
0.000000
0.000000
0.000000
0.000000
0.000000
2.828166
0.000000
0.000000
0.000000
0.000000
0.000000
2.922161
0.000000
0.000000
0.000000
0.000000
0.000000
0.000000
0.000000
0.000000
0.000000
0.000000
0.000000
0.000000
0.000000
0.000000
0.000000
0.250907
0.000000
0.000000
1.353593
0.000000
0.000000
0.000000
0.000000
1.753586
0.000000
0.000000
0.000000
0.000000
0.138839
0.000000
0.000000
0.000000
0.000000
0.000000
0.000000
0.737170
0.000000
0.000000
0.000000
0.000000
0.000000
0.000000
1.801419
0.000000
0.396467
0.000000
1.799654
0.000000
0.000000
0.000000
0.000000
0.106897
0.000000
1.110189
0.000000
0.000000
0.000000
0.000000
0.000000
0.000000
0.000000
0.000000
0.000000
0.000000
0.000000
0.000000
0.000000
0.000000
0.000000
0.000000
2.339705
1.430844
0.000000
0.000000
0.000000
0.000000
0.000000
0.000000
0.000000
0.000000
1.113083
0.000000
0.000000
1.887559
0.000000
0.000000
0.000000
0.111191
0.000000
0.000000
0.000000
0.000000
0.000000
0.000000
0.000000
0.096715
0.000000
1.689954
0.000000
0.000000
0.000000
0.000000
0.000000
0.000000
0.000000
0.000000
0.000000
0.000000
0.000000
0.000000
0.452508
0.000000
0.000000
0.000000
0.000000
0.000000
0.000000
0.000000
1.358086
1.686749
0.000000
0.207678
0.000000
0.000000
0.000000
0.000000
0.000000
0.000000
0.000000
0.000000
0.000000
3.734526
0.000000
0.000000
0.000000
2.204587
0.000000
0.000000
0.000000
0.000000
0.000000
0.000000
2.581810
0.000000
1.581513
0.000000
0.000000
0.000000
0.000000
0.000000
0.000000
1.171492
0.000000
1.797036
0.000000
0.441021
0.000000
0.000000
0.000000
0.000000
0.000000
0.000000
0.223096
0.000000
0.000000
0.000000
0.000000
0.000000
0.000000
1.456518
1.390829
0.000000
0.000000
2.499021
0.000000
1.806839
0.000000
4.805972
0.000000
0.000000
0.000000
0.000000
0.000000
0.000000
0.000000
0.000000
0.551333
0.000000
0.000000
2.304680
1.858808
0.000000
0.000000
0.000000
0.000000
0.000000
3.944857
1.419364
0.000000
1.060307
0.000000
0.000000
0.711345
0.000000
0.000000
0.000000
0.000000
0.000000
0.000000
0.080134
4.171978
0.000000
0.422345
0.000000
0.598172
0.000000
0.000000
0.000000
0.000000
0.629255
0.000000
0.000000
0.000000
0.000000
0.000000
0.000000
0.000000
0.000000
0.000000
0.000000
0.000000
0.000000
0.000000
0.000000
0.162175
1.315315
0.000000
0.000000
0.000000
0.018719
0.000000
0.000000
0.000000
0.000000
0.000000
0.000000
1.086096
0.000000
0.000000
0.000000
0.000000
0.000000
0.000000
0.000000
0.000000
0.000000
2.845538
0.000000
0.040879
0.000000
0.000000
2.384571
0.000000
0.000000
0.000000
0.000000
0.000000
0.000000
0.000000
0.000000
0.000000
0.000000
1.705917
0.000000
0.000000
0.000000
0.000000
0.000000
0.000000
0.000000
0.000000
0.000000
0.000000
0.000000
0.000000
0.000000
0.000000
0.000000
1.565387
0.000000
0.000000
0.000000
0.000000
0.000000
0.000000
0.555821
1.832289
0.000000
0.000000
0.000000
0.000000
0.000000
0.658401
0.150797
4.530495
0.000000
0.962969
0.000000
1.265710
0.000000
0.000000
0.000000
0.000000
0.000000
0.000000
0.000000
1.289828
0.000000
0.000000
0.000000
0.000000
0.000000
0.000000
0.000000
0.000000
0.010055
0.000000
0.000000
1.276483
0.235557
0.093468
0.000000
1.005717
0.000000
0.000000
0.000000
0.000000
0.000000
0.000000
1.705077
0.000000
0.000000
0.000000
0.000000
0.000000
0.000000
0.000000
0.000000
0.000000
1.239066
0.000000
0.000000
0.584152
0.544951
0.000000
0.000000
0.000000
0.000000
0.000000
0.000000
0.000000
0.000000
0.000000
0.000000
0.000000
0.000000
0.000000
0.000000
0.000000
0.000000
0.000000
0.000000
0.000000
0.000000
0.000000
0.000000
0.000000
0.000000
0.000000
0.000000
0.144882
0.000000
0.000000
0.000000
0.000000
0.000000
0.000000
0.000000
0.000000
0.000000
0.000000
0.250745
1.439905
1.620706
0.000000
0.000000
0.000000
0.183109
0.000000
0.000000
0.000000
0.000000
0.000000
0.145394
0.000000
0.000000
0.000000
0.000000
0.000000
0.000000
0.000000
0.000000
0.000000
0.000000
0.000000
0.000000
0.794421
0.000000
0.649704
0.000000
0.000000
0.000000
0.709633
0.000000
0.000000
0.000000
0.000000
0.000000
0.000000
1.597968
1.390078
0.499565
0.000000
0.000000
0.000000
0.000000
0.000000
0.000000
0.000000
0.000000
0.000000
0.000000
0.000000
0.000000
0.041510
0.000000
0.000000
0.000000
0.000000
0.000000
0.000000
0.000000
0.000000
0.000000
0.000000
0.389422
2.226735
1.034026
0.000000
2.703930
0.000000
0.000000
0.000000
0.000000
0.000000
0.000000
3.204769
0.000000
0.000000
0.000000
0.000000
0.000000
0.000000
0.000000
0.000000
1.548117
3.531592
0.000000
0.719796
0.000000
0.000000
0.000000
0.000000
0.000000
0.000000
0.000000
0.000000
0.000000
1.304446
0.000000
0.000000
0.000000
0.000000
0.000000
3.523486
0.000000
0.000000
0.000000
0.000000
0.000000
2.585798
0.000000
1.019072
0.000000
0.000000
0.000000
0.237067
0.000000
0.000000
0.000000
0.000000
0.000000
0.000000
0.000000
0.000000
0.000000
0.000000
0.000000
0.000000
0.000000
0.000000
0.000000
0.172906
0.000000
0.000000
0.000000
0.000000
0.000000
0.067212
0.000000
0.000000
0.000000
0.000000
0.000000
0.000000
0.000000
0.000000
0.000000
1.529930
0.000000
0.000000
0.000000
0.000000
0.000000
0.000000
0.055091
0.000000
0.000000
0.000000
0.000000
1.400558
0.000000
0.000000
0.000000
0.719810
0.000000
0.000000
0.000000
0.000000
0.000000
0.000000
0.000000
0.000000
0.000000
0.000000
0.000000
0.000000
0.000000
0.000000
0.000000
0.000000
0.000000
0.000000
0.000000
0.000000
0.000000
0.000000
0.000000
0.000000
0.000000
0.000000
0.000000
0.000000
0.000000
0.000000
0.000000
0.000000
0.000000
0.000000
0.000000
0.000000
0.000000
0.000000
1.491440
0.000000
0.000000
0.000000
0.000000
0.000000
0.000000
1.603100
0.000000
0.000000
0.393309
0.000000
0.000000
0.000000
0.000000
0.806810
0.000000
0.000000
0.000000
0.904534
0.000000
0.000000
0.000000
0.000000
0.000000
0.000000
0.000000
0.000000
0.000000
3.282523
0.000000
0.000000
0.000000
0.000000
1.886838
0.059623
0.000000
0.000000
0.000000
1.210679
0.000000
0.000000
0.283876
0.000000
0.000000
0.000000
0.000000
3.588410
0.454452
0.000000
0.000000
0.000000
0.625237
0.000000
0.000000
0.000000
0.000000
0.000000
0.000000
0.000000
0.000000
0.000000
0.000000
0.000000
0.000000
0.000000
0.000000
0.000000
0.000000
0.325479
0.000000
0.080638
0.000000
0.000000
0.000000
1.845713
0.000000
0.000000
0.000000
0.748314
0.988002
0.000000
0.000000
0.000000
0.000000
0.000000
0.000000
0.485920
0.000000
0.000000
0.000000
0.000000
0.000000
0.000000
0.341204
0.000000
0.000000
0.000000
0.000000
0.000000
0.000000
0.000000
0.000000
0.000000
0.000000
0.000000
0.000000
0.000000
0.832671
0.000000
0.000000
0.000000
0.344179
0.000000
0.000000
0.000000
0.000000
0.000000
0.000000
1.008154
0.000000
0.000000
0.011235
1.629389
0.000000
0.115812
0.000000
0.985958
0.000000
0.000000
2.428963
0.000000
0.000000
0.000000
0.000000
0.000000
0.456137
0.000000
0.000000
0.000000
0.852505
0.000000
0.000000
0.000000
1.256588
0.000000
0.000000
0.000000
0.000000
0.000000
0.000000
0.000000
0.000000
0.000000
0.614979
1.043076
0.000000
0.739128
0.000000
0.000000
0.000000
0.184140
0.000000
0.000000
0.000000
0.000000
2.527766
0.000000
0.000000
0.000000
0.000000
0.000000
0.000000
0.000000
0.000000
0.863094
0.000000
0.000000
0.000000
0.290392
0.000000
0.000000
0.000000
1.065707
0.000000
0.000000
0.000000
0.000000
0.027395
0.000000
2.028370
0.000000
0.000000
0.000000
0.000000
0.000000
0.000000
0.000000
0.000000
0.000000
0.000000
0.000000
0.000000
0.000000
0.000000
0.000000
2.218421
0.000000
0.000000
0.000000
0.000000
0.000000
0.000000
0.557839
0.000000
0.000000
0.000000
0.000000
0.435643
0.000000
0.000000
0.000000
0.000000
0.000000
0.000000
0.000000
0.033465
0.000000
0.000000
0.880717
0.000000
0.000000
0.000000
0.000000
0.000000
0.000000
1.855890
0.000000
0.000000
0.000000
0.000000
0.000000
0.000000
0.000000
0.494368
0.000000
0.000000
0.000000
0.000000
2.771484
1.355804
0.000000
0.000000
0.000000
0.000000
0.000000
0.000000
0.000000
0.000000
0.000000
0.000000
0.986244
0.000000
0.000000
0.000000
0.000000
0.000000
0.000000
0.000000
0.000000
0.000000
0.000000
1.239532
0.000000
0.000000
0.000000
0.000000
0.000000
0.000000
1.296143
2.046678
0.464841
0.000000
0.000000
0.000000
0.773125
0.000000
0.000000
0.252369
3.755023
0.000000
0.000000
0.000000
0.000000
0.000000
0.000000
0.000000
0.000000
1.936524
0.506889
0.000000
1.109641
2.099117
0.000000
0.000000
0.000000
0.000000
0.000000
0.000000
0.000000
0.000000
0.000000
0.000000
0.000000
0.000000
0.726381
0.000000
0.000000
0.000000
0.000000
0.000000
0.000000
0.000000
0.000000
0.000000
0.000000
0.450551
0.705936
0.000000
0.253877
0.000000
0.000000
0.000000
0.000000
0.000000
0.000000
0.000000
0.000000
0.000000
0.000000
0.000000
0.000000
2.776771
0.000000
0.000000
0.000000
0.000000
0.000000
0.000000
0.000000
1.023443
0.000000
1.163292
0.000000
0.000000
0.000000
0.000000
2.867053
0.026050
0.000000
0.000000
0.000000
0.000000
0.000000
0.125990
0.000000
0.000000
0.000000
0.000000
0.000000
0.000000
0.000000
0.184322
0.000000
0.000000
0.000000
0.000000
0.000000
0.000000
0.902167
0.000000
0.000000
0.000000
0.000000
0.000000
0.000000
2.116843
0.000000
0.000000
0.000000
0.000000
0.000000
0.000000
0.000000
0.000000
0.000000
0.000000
0.000000
0.000000
0.000000
0.000000
0.000000
1.128867
0.000000
0.000000
0.000000
0.000000
0.000000
0.000000
0.000000
0.000000
0.984773
0.000000
0.000000
0.000000
0.000000
0.000000
0.000000
0.000000
0.000000
0.000000
0.000000
0.000000
0.000000
0.000000
0.000000
0.000000
0.000000
0.000000
0.000000
0.000000
0.000000
0.000000
0.000000
0.000000
0.000000
0.000000
0.000000
0.000000
0.000000
2.362381
0.282234
0.000000
0.000000
0.000000
1.134232
0.000000
0.000000
0.000000
3.592284
4.170897
0.000000
0.000000
0.000000
0.000000
0.055132
0.000000
0.000000
1.309842
0.928595
0.000000
0.000000
0.000000
0.000000
0.000000
2.531055
0.000000
0.000000
0.000000
2.577216
0.000000
0.000000
0.000000
0.000000
0.000000
0.056528
0.000000
0.000000
0.289828
0.000000
5.164835
1.040287
0.000000
0.000000
0.000000
0.000000
0.000000
0.000000
0.824858
0.000000
0.000000
0.000000
0.000000
0.000000
0.000000
0.000000
0.000000
0.000000
0.000000
0.129809
0.000000
0.000000
0.000000
0.000000
0.000000
0.000000
0.442426
0.000000
0.000000
0.793847
0.000000
0.000000
0.000000
0.000000
0.000000
0.000000
0.000000
0.000000
0.000000
0.000000
0.000000
0.000000
0.210771
0.000000
0.135207
0.000000
0.000000
0.000000
0.000000
0.000000
0.000000
0.000000
0.000000
0.000000
0.000000
0.000000
0.000000
0.000000
0.000000
0.000000
0.000000
0.000000
0.000000
0.000000
0.000000
0.000000
0.000000
0.000000
0.000000
0.000000
0.000000
0.000000
0.000000
0.000000
0.000000
0.000000
0.000000
0.000000
0.000000
0.000000
1.325852
0.000000
0.000000
0.000000
0.000000
0.787009
1.266766
0.093990
0.000000
0.000000
0.000000
0.000000
4.172833
2.180941
0.000000
0.000000
0.000000
0.000000
0.000000
0.000000
0.000000
0.000000
0.000000
0.000000
0.551904
0.422795
0.000000
0.000000
0.000000
0.000000
0.000000
0.000000
0.000000
0.000000
0.000000
0.000000
0.441294
0.000000
0.000000
1.678506
0.000000
0.000000
0.000000
0.196903
0.000000
0.000000
0.000000
0.000000
2.118047
0.000000
0.000000
0.000000
0.000000
0.000000
0.000000
0.000000
0.000000
2.721312
0.000000
0.000000
0.340727
0.000000
0.000000
0.000000
2.698133
0.000000
0.000000
0.000000
0.717503
0.000000
0.000000
0.000000
0.000000
0.000000
0.000000
0.000000
0.000000
0.000000
0.000000
0.000000
0.000000
0.883013
0.000000
0.000000
0.000000
0.000000
1.710324
0.000000
1.735210
0.000000
0.000000
0.000000
0.000000
0.000000
0.000000
0.000000
0.000000
0.000000
0.000000
0.000000
0.000000
0.000000
1.003799
0.000000
0.000000
0.000000
0.000000
0.000000
0.000000
0.000000
0.000000
0.000000
0.000000
0.035559
0.000000
0.000000
0.000000
0.000000
0.000000
1.633406
0.000000
0.995136
0.000000
0.000000
0.000000
0.000000
0.000000
0.000000
0.000000
0.000000
0.000000
0.000000
0.000000
0.000000
0.000000
0.000000
0.000000
0.000000
0.000000
0.158274
0.000000
1.066796
0.000000
0.782127
0.000000
0.000000
0.000000
0.000000
0.000000
0.000000
0.000000
1.505261
0.000000
0.000000
0.000000
0.390668
0.000000
0.000000
1.218003
0.000000
0.000000
0.000000
0.000000
0.000000
0.000000
0.000000
0.254083
0.047903
0.000000
0.000000
1.364829
0.000000
0.000000
0.000000
0.000000
0.000000
0.000000
0.000000
0.000000
0.000000
2.275120
0.000000
0.000000
0.000000
0.000000
0.000000
0.000000
0.000000
0.000000
0.720834
0.000000
0.000000
0.000000
0.000000
0.000000
0.039616
0.000000
0.000000
0.000000
0.000000
0.000000
0.000000
0.000000
0.000000
0.000000
0.000000
0.000000
0.000000
0.000000
0.000000
0.000000
0.000000
0.000000
0.000000
0.000000
0.000000
0.000000
0.000000
0.000000
2.189697
0.000000
0.000000
0.000000
0.000000
0.000000
0.000000
0.000000
0.000000
0.000000
0.000000
0.000000
0.000000
0.000000
0.000000
0.000000
0.000000
0.000000
0.000000
0.371341
0.000000
0.000000
3.395593
0.000000
0.000000
0.278716
0.000000
0.000000
0.000000
0.000000
0.000000
0.000000
0.000000
0.000000
0.000000
0.000000
0.000000
0.090695
0.000000
0.000000
0.000000
0.000000
0.561747
3.117004
0.000000
0.000000
0.000000
0.000000
0.000000
0.000000
0.000000
0.000000
2.244343
0.000000
0.000000
0.000000
0.000000
0.000000
0.000000
0.517528
0.000000
0.000000
0.000000
0.000000
0.000000
0.000000
0.000000
0.029550
0.000000
0.000000
0.000000
0.000000
0.000000
2.928982
0.000000
0.000000
0.000000
0.331606
0.000000
0.000000
0.000000
0.000000
0.000000
0.290234
0.776961
0.000000
0.000000
0.000000
0.000000
2.047112
0.000000
0.000000
0.000000
0.000000
0.000000
0.000000
0.000000
0.000000
0.000000
0.000000
0.000000
0.000000
0.000000
0.000000
0.000000
1.742200
0.000000
0.324214
1.565253
0.000000
0.000000
0.000000
0.000000
0.000000
0.640395
0.000000
0.059743
0.000000
0.076542
0.000000
0.219336
0.000000
0.000000
0.269180
0.000000
0.000000
0.000000
0.000000
1.409823
0.000000
0.000000
2.291271
0.000000
1.250630
0.000000
0.000000
4.311040
0.000000
0.000000
0.304978
0.601343
4.169635
0.000000
0.000000
0.000000
0.175328
0.000000
0.000000
0.000000
0.000000
0.000000
0.000000
0.000000
0.000000
0.000000
0.000000
0.000000
0.000000
0.000000
1.593608
0.000000
0.000000
0.000000
0.000000
0.000000
0.000000
0.000000
0.562164
0.000000
0.000000
0.000000
0.000000
0.000000
0.000000
0.000000
0.000000
0.787344
0.000000
0.000000
1.508428
0.000000
0.000000
0.451896
0.000000
0.000000
0.000000
0.000000
0.000000
0.000000
0.000000
0.000000
0.000000
0.911185
0.000000
0.000000
0.000000
0.000000
0.000000
0.000000
0.000000
0.000000
0.000000
0.000000
0.000000
0.000000
0.000000
0.000000
0.000000
0.000000
0.000000
0.000000
0.000000
0.000000
0.000000
1.119026
0.000000
0.000000
0.000000
0.000000
0.000000
0.000000
1.287717
0.000000
0.000000
0.000000
0.000000
0.150994
0.000000
0.000000
0.000000
0.000000
0.000000
0.237341
0.000000
0.000000
0.074791
0.000000
0.311229
0.000000
0.000000
0.000000
0.000000
0.000000
0.000000
0.000000
0.000000
0.000000
0.000000
0.000000
0.000000
0.000000
0.000000
0.000000
0.000000
0.076359
0.000000
0.000000
0.000000
0.000000
0.000000
0.000000
0.000000
0.000000
0.000000
0.000000
0.899586
0.000000
0.000000
1.086111
0.000000
0.000000
1.074531
0.000000
0.000000
0.000000
0.000000
0.000000
0.000000
4.297131
2.114131
0.000000
0.000000
0.000000
0.000000
0.000000
0.000000
0.000000
0.000000
0.000000
1.377368
0.000000
0.000000
0.000000
0.000000
0.000000
0.000000
0.000000
0.000000
0.000000
0.595180
0.000000
0.000000
0.000000
0.000000
0.000000
0.000000
0.000000
0.000000
0.000000
0.000000
0.000000
0.092017
0.000000
1.540501
0.000000
0.000000
0.000000
0.044599
0.000000
0.000000
0.000000
0.000000
1.238113
0.000000
0.000000
0.000000
0.000000
0.000000
0.000000
0.000000
2.380380
0.000000
0.112867
0.000000
0.000000
0.000000
0.000000
0.000000
0.000000
0.000000
0.000000
0.000000
0.000000
0.054635
0.000000
0.000000
0.000000
0.615907
0.000000
0.000000
0.000000
0.000000
0.096135
0.022329
0.000000
0.000000
0.000000
0.000000
0.477508
0.000000
0.000000
0.149393
0.000000
0.000000
0.278822
0.000000
0.000000
0.833985
0.000000
0.000000
0.000000
0.268326
0.000000
0.000000
0.000000
0.000000
0.000000
0.193540
0.000000
0.836604
0.000000
0.000000
0.000000
0.542937
0.000000
0.000000
0.000000
0.000000
0.000000
0.000000
0.000000
0.000000
0.000000
0.000000
0.000000
2.294344
0.000000
0.000000
0.000000
0.291474
0.000000
0.000000
0.000000
0.000000
5.601349
0.000000
0.000000
0.441380
0.000000
0.379705
0.000000
0.628805
0.000000
0.000000
2.703640
0.162908
0.675466
0.000000
0.000000
0.000000
0.000000
0.000000
0.000000
0.000000
0.000000
0.000000
1.554333
0.000000
0.000000
0.000000
0.000000
0.000000
0.000000
0.104608
0.000000
1.693870
0.000000
0.393670
0.000000
0.000000
0.000000
0.000000
0.000000
0.000000
0.000000
0.000000
0.000000
0.000000
0.000000
0.000000
0.000000
0.000000
0.000000
0.000000
0.000000
0.000000
0.000000
0.000000
0.000000
0.000000
0.000000
0.000000
0.000000
0.159125
0.000000
0.000000
0.000000
0.000000
1.032436
0.389797
0.000000
0.000000
0.000000
1.309096
0.000000
0.000000
0.000000
3.252802
0.000000
0.891463
2.774658
0.000000
0.000000
0.000000
0.000000
0.000000
0.000000
0.000000
0.945767
0.000000
0.000000
1.035287
0.000000
0.000000
0.000000
0.000000
0.000000
0.000000
0.000000
0.000000
0.000000
0.000000
0.000000
0.000000
0.000000
0.000000
0.000000
0.000000
0.000000
0.000000
0.000000
0.000000
0.037430
0.000000
0.000000
3.162983
0.000000
0.000000
2.716907
0.000000
0.447176
0.000000
0.000000
1.235493
0.000000
0.000000
0.000000
0.359504
0.000000
0.000000
1.047359
0.000000
0.000000
0.000000
0.000000
2.323733
0.000000
0.000000
0.000000
0.000000
0.000000
0.000000
3.348264
0.000000
0.000000
0.000000
0.000000
0.000000
0.000000
0.000000
0.000000
0.000000
0.378411
0.000000
0.000000
0.000000
0.000000
0.000000
0.000000
0.000000
0.000000
0.000000
2.516937
0.000000
1.954568
0.000000
0.000000
0.397492
0.000000
0.000000
0.000000
0.000000
0.000000
0.000000
0.000000
0.000000
0.000000
0.000000
0.188557
0.000000
1.845230
0.000000
0.000000
0.000000
0.000000
0.000000
1.607985
0.000000
0.405674
0.000000
0.000000
0.000000
0.000000
0.000000
3.932430
0.000000
0.675017
0.330444
0.000000
0.000000
0.000000
0.000000
0.000000
0.000000
0.000000
0.535052
0.000000
3.490975
0.000000
0.000000
0.000000
0.319362
1.025562
0.000000
0.000000
0.000000
0.000000
0.000000
0.000000
0.000000
0.000000
0.000000
0.000000
0.000000
0.000000
0.000000
0.000000
0.000000
0.000000
0.180533
0.000000
0.000000
0.000000
0.000000
0.000000
0.000000
0.000000
0.000000
0.000000
0.000000
0.000000
0.000000
0.000000
0.000000
0.000000
0.000000
0.000000
0.000000
0.000000
1.810591
0.225955
0.000000
0.000000
0.485688
0.000000
0.000000
0.000000
0.000000
0.000000
0.000000
0.000000
0.000000
0.000000
0.000000
0.000000
0.000000
0.000000
0.000000
0.000000
0.000000
0.000000
0.000000
0.000000
0.000000
0.000000
0.000000
0.000000
0.000000
0.000000
0.000000
0.000000
0.000000
0.974399
3.570298
0.000000
0.000000
0.000000
0.000000
0.000000
1.265916
0.000000
0.627127
0.000000
0.000000
0.000000
0.000000
0.000000
0.000000
0.000000
0.616918
0.000000
0.000000
0.000000
0.000000
0.000000
0.000000
0.000000
0.000000
0.000000
0.000000
0.000000
0.000000
0.000000
0.000000
0.000000
0.000000
0.000000
0.000000
0.000000
0.000000
0.000000
0.797738
0.786196
0.000000
0.000000
0.000000
0.000000
3.369654
0.000000
0.000000
0.000000
0.000000
1.411170
0.000000
0.000000
0.000000
0.000000
0.000000
0.000000
0.000000
0.000000
0.000000
0.000000
0.000000
0.000000
0.000000
0.000000
0.000000
0.000000
0.000000
0.000000
0.000000
0.000000
0.000000
0.000000
0.000000
0.000000
0.237007
0.000000
0.000000
0.000000
0.000000
0.000000
0.000000
0.000000
0.000000
0.782132
0.000000
0.000000
0.000000
0.278422
0.000000
0.000000
0.000000
0.000000
0.000000
0.121999
0.000000
0.000000
0.000000
0.000000
0.000000
0.000000
0.000000
0.000000
0.000000
0.000000
0.000000
0.000000
3.279868
0.000000
0.000000
0.000000
0.000000
0.000000
0.000000
0.000000
0.019793
3.953604
5.070907
0.000000
0.000000
0.000000
0.000000
0.000000
0.000000
0.000000
0.000000
0.000000
0.000000
0.000000
0.000000
0.000000
0.000000
0.000000
0.351760
0.000000
0.000000
0.000000
0.000000
0.000000
0.000000
0.000000
0.000000
0.000000
0.404287
0.134233
0.000000
0.593059
0.000000
0.000000
0.000000
0.000000
0.000000
0.000000
0.000000
0.000000
0.000000
0.000000
0.000000
0.584895
0.832693
0.000000
0.000000
0.000000
0.000000
0.000000
0.000000
0.000000
0.000000
0.000000
0.000000
0.000000
0.000000
0.000000
0.000000
0.000000
0.000000
0.000000
0.834160
0.000000
0.000000
0.546808
0.000000
0.000000
0.994081
0.000000
2.710333
0.000000
0.000000
0.000000
0.000000
0.000000
0.265524
0.000000
0.000000
1.329393
0.000000
0.522540
0.000000
0.000000
0.000000
0.000000
0.000000
0.000000
0.000000
0.000000
0.000000
0.000000
0.000000
0.000000
0.000000
0.000000
0.000000
0.000000
0.000000
0.000000
0.644290
0.000000
0.000000
0.000000
0.000000
0.000000
0.000000
0.000000
0.000000
0.000000
0.000000
0.000000
0.000000
0.000000
0.000000
0.000000
0.000000
0.000000
0.000000
0.000000
0.000000
0.310227
0.000000
0.944585
0.000000
0.636896
0.000000
1.661711
0.000000
0.000000
2.302854
0.000000
1.108968
0.000000
0.000000
0.000000
0.000000
1.313048
0.000000
0.000000
4.581604
0.000000
0.000000
0.000000
0.000000
0.000000
0.000000
0.000000
0.000000
0.000000
0.000000
0.037916
0.000000
0.000000
0.000000
