0.000000
0.000000
0.000000
0.000000
2.175039
0.000000
0.000000
2.484405
0.000000
0.000000
0.000000
0.000000
0.830925
0.270431
0.000000
0.000000
0.000000
0.000000
0.000000
0.000000
0.000000
0.481201
1.784523
0.000000
1.190123
0.000000
0.000000
0.000000
0.000000
0.000000
0.000000
0.000000
0.000000
0.000000
0.000000
0.000000
0.000000
0.000000
0.000000
0.000000
0.000000
0.000000
0.000000
0.000000
0.000000
1.386782
0.000000
0.000000
0.000000
0.000000
0.000000
0.000000
0.000000
0.734404
0.000000
0.000000
0.000000
0.154981
0.000000
0.000000
4.013702
2.694066
0.000000
0.247730
0.000000
0.000000
0.576941
0.000000
0.000000
0.000000
1.624098
0.000000
0.000000
0.549145
0.000000
0.000000
0.000000
0.000000
0.000000
0.000000
0.000000
0.000000
0.000000
0.000000
0.000000
0.000000
0.000000
0.000000
0.000000
0.000000
0.000000
0.698901
0.418557
0.000000
0.000000
0.328149
0.000000
0.000000
0.000000
0.000000
0.000000
0.000000
1.437261
0.000000
0.000000
0.000000
0.000000
0.000000
0.015029
0.000000
0.000000
0.000000
0.000000
0.509087
1.572406
0.000000
0.000000
0.000000
0.000000
0.000000
0.000000
0.000000
0.000000
0.000000
0.000000
0.000000
3.284263
0.000000
0.943069
0.000000
0.000000
0.000000
0.000000
0.000000
0.000000
0.000000
0.000000
0.000000
0.000000
0.000000
0.000000
0.000000
1.343851
0.000000
0.000000
0.000000
0.000000
0.000000
0.000000
0.000000
0.000000
0.000000
0.000000
0.000000
0.348772
0.133338
0.000000
0.000000
0.000000
0.000000
0.000000
0.000000
0.000000
0.000000
0.000000
0.000000
0.000000
0.000000
0.000000
0.000000
0.000000
0.000000
0.000000
0.000000
0.000000
1.757198
0.000000
0.000000
0.000000
0.903961
0.000000
0.000000
3.289947
0.000000
0.000000
0.000000
0.000000
0.000000
1.157702
0.000000
0.000000
0.000000
0.000000
0.000000
0.000000
0.000000
0.000000
0.000000
0.000000
0.000000
0.000000
1.938967
0.000000
0.000000
0.000000
1.656092
0.223309
0.000115
0.000000
2.045946
0.000000
0.000000
0.000000
0.000000
0.046163
0.000000
0.000000
0.000000
0.000000
0.000000
0.000000
0.000000
0.000000
0.000000
0.000000
0.000000
0.000000
0.000000
0.000000
0.000000
0.000000
0.000000
0.000000
0.291282
0.000000
0.000000
0.000000
0.000000
0.000000
0.000000
0.000000
0.000000
0.000000
0.000000
0.290872
1.068971
0.000000
0.000000
0.000000
0.000000
0.000000
0.000000
0.000000
1.980248
0.000000
0.000000
0.000000
3.148186
0.000000
0.000000
0.000000
0.380325
0.000000
0.000000
0.000000
0.750255
0.000000
0.000000
0.000000
0.000000
0.000000
0.000000
0.000000
0.000000
0.000000
0.000000
0.000000
0.000000
1.583817
0.000000
0.945533
0.000000
0.762096
0.000000
0.201810
1.097641
0.000000
0.000000
0.724440
0.137184
0.000000
0.000000
0.000000
0.000000
0.000000
0.000000
0.000000
0.000000
1.535347
0.551161
0.755264
0.000000
0.000000
0.000000
0.000000
0.000000
1.152355
0.000000
0.000000
0.000000
0.000000
0.000000
0.000000
0.000000
0.000000
0.000000
0.000000
0.000000
0.000000
0.123788
0.000000
0.000000
0.000000
0.000000
0.000000
0.000000
0.000000
0.000000
0.000000
0.212791
0.000000
2.363433
0.000000
2.503739
0.935480
0.000000
0.000000
0.000000
1.265045
0.000000
0.810926
0.000000
2.538115
0.000000
3.221081
0.000000
3.901881
0.000000
0.000000
0.000000
0.000000
0.000000
0.000000
1.613648
0.277026
0.000000
0.252393
0.000000
0.000000
0.000000
0.000000
0.000000
0.000000
0.000000
0.000000
1.385518
0.000000
0.000000
0.000000
0.000000
0.000000
0.000000
0.000000
0.000000
0.000000
2.300657
0.000000
0.000000
0.000000
0.000000
0.000000
0.000000
0.277253
0.000000
0.304115
1.495058
0.000000
0.000000
0.000000
0.000000
0.000000
0.000000
0.000000
0.000000
0.000000
0.000000
0.000000
0.000000
0.000000
0.000000
0.000000
0.000000
0.000000
0.000000
0.000000
0.000000
0.000000
1.448625
0.000000
0.836850
0.000000
0.000000
0.000000
0.000000
0.000000
0.000000
0.000000
0.000000
0.969281
0.000000
0.000000
0.000000
0.021298
0.000000
1.034437
0.335740
0.000000
0.000000
0.578521
0.000000
0.000000
0.000000
0.941427
0.546125
0.000000
0.000000
1.915929
0.000000
0.000000
0.000000
2.222460
0.000000
0.000000
0.000000
0.000000
0.000000
0.000000
0.000000
0.000000
0.000000
0.000000
0.000000
0.000000
0.094947
0.000000
0.140518
0.000000
1.406557
0.112171
0.000000
0.000000
0.314605
1.939084
0.000000
0.000000
0.000000
2.183468
0.000000
0.000000
1.235893
0.000000
0.000000
0.000000
0.000000
0.000000
0.509175
0.557604
0.000000
0.000000
0.000000
0.000000
0.000000
0.000000
0.000000
0.000000
0.086434
0.588852
0.000000
0.000000
0.281965
0.000000
0.529281
0.000000
2.792774
0.160138
0.000000
0.000000
0.085229
0.000000
0.000000
0.000000
0.000000
0.000000
1.589516
0.000000
0.212723
0.000000
0.239981
0.114991
0.000000
0.000000
0.000000
0.000000
0.000000
0.000000
0.000000
0.000000
0.000000
0.000000
0.000000
0.113024
0.000000
0.000000
0.000000
0.000000
0.000000
0.000000
0.000000
0.000000
0.000000
0.000000
0.000000
2.398548
0.000000
0.000000
0.000000
0.000000
0.000000
0.000000
0.613776
0.000000
0.000000
0.000000
0.000000
0.000000
0.021640
0.000000
0.000000
0.000000
0.000000
0.098839
0.000000
0.000000
0.000000
0.000000
0.000000
0.000000
0.000000
0.000000
0.000000
0.000000
0.000000
0.000000
0.000000
1.484932
0.000000
0.000000
0.000000
0.000000
0.000000
0.000000
0.000000
0.000000
0.000000
0.000000
1.282214
0.000000
0.000000
0.000000
0.121895
0.000000
0.000000
0.000000
3.676953
0.000000
0.000000
0.000000
0.000000
0.691106
0.000000
0.000000
0.000000
2.307576
0.000000
0.000000
0.084944
0.000000
0.649109
0.000000
0.000000
0.000000
0.000000
0.000000
1.201147
0.000000
0.000000
0.937442
0.000000
0.000000
0.000000
0.154710
0.000000
0.000000
0.000000
0.000000
0.000000
0.000000
0.000000
2.655587
0.000000
0.000000
0.000000
0.000000
0.232543
0.000000
0.000000
0.000000
1.189249
2.315708
0.000000
0.000000
0.000000
0.000000
0.000000
0.000000
3.310032
0.000000
0.000000
0.000000
0.248503
0.000000
0.723461
0.000000
0.000000
0.000000
0.000000
0.000000
0.000000
0.000000
1.155233
0.000000
0.000000
0.000000
0.000000
2.356332
0.000000
0.000000
0.000000
0.483723
0.000000
0.000000
0.000000
0.000000
0.000000
2.540529
0.000000
0.759935
0.000000
0.000000
0.000000
0.000000
0.000000
2.118148
0.000000
0.000000
0.000000
0.000000
0.000000
0.000000
0.000000
0.000000
1.560298
0.000000
0.465661
0.000000
0.000000
0.790330
0.000000
0.460298
0.484512
0.000000
0.000000
0.000000
0.000000
0.000000
0.000000
0.081455
0.000000
0.000000
0.000000
0.000000
0.000000
0.000000
0.246363
0.000000
0.000000
1.838015
0.124144
0.000000
0.000000
0.000000
0.000000
0.000000
0.000000
0.000000
0.000000
0.480002
0.000000
1.480080
0.000000
2.216390
0.000000
0.373310
0.000000
0.000000
0.000000
0.000000
0.000000
1.354544
0.000000
0.000000
0.000000
0.000000
0.000000
0.000000
0.000000
0.000000
0.865829
0.000000
0.314869
0.000000
0.000000
0.000000
0.000000
0.000000
0.000000
0.000000
0.000000
0.000000
0.000000
0.000000
0.000000
0.021969
0.000000
0.000000
0.000000
0.000000
0.000000
0.000000
0.000000
0.000000
0.000000
0.000000
1.614167
0.000000
0.000000
0.000000
0.000000
0.000000
0.000000
0.000000
0.000000
2.519729
0.000000
0.453171
0.000000
0.000000
0.000000
0.000000
0.000000
0.000000
0.000000
0.000000
0.000000
0.000000
0.000000
0.268228
0.000000
0.000000
0.000000
0.000000
0.000000
0.000000
0.000000
0.773912
0.000000
0.000000
0.000000
1.928001
0.000000
0.000000
0.000000
0.000000
0.000000
0.000000
0.000000
0.000000
0.000000
0.000000
0.000000
0.000000
0.000000
0.000000
0.000000
0.231315
0.000000
0.000000
0.899069
0.000000
0.000000
0.000000
0.000000
0.000000
0.000000
3.158169
0.000000
0.000000
0.000000
0.128391
0.000000
0.000000
0.607252
0.000000
0.000000
0.000000
1.031962
0.000000
0.000000
0.000000
0.000000
0.000000
0.502864
0.000000
0.000000
0.000000
3.942718
0.000000
0.000000
0.000000
0.000000
0.000000
0.000000
0.000000
0.000000
0.000000
0.000000
0.296157
0.000000
0.000000
0.000000
0.000000
0.000000
0.000000
2.111973
0.000000
0.000000
0.000000
0.000000
0.000000
0.000000
0.000000
0.000000
0.194549
0.000000
0.000000
2.332604
0.000000
0.000000
1.560717
4.173273
0.000000
0.000000
0.000000
0.000000
0.000000
0.250489
0.000000
0.000000
0.000000
0.749695
0.000000
0.000000
0.000000
0.000000
0.000000
0.000000
0.000000
0.000000
0.000000
0.000000
0.000000
0.000000
0.000000
0.000000
0.000000
0.000000
0.055517
1.652024
0.000000
0.000000
0.000000
0.000000
0.000000
0.000000
0.000000
0.320933
0.000000
2.116794
0.000000
0.000000
0.000000
0.000000
0.000000
0.000000
0.000000
0.000000
0.000000
0.000000
0.000000
0.071337
0.000000
0.000000
1.378412
0.044846
0.000000
0.000000
0.000000
0.000000
0.000000
0.000000
0.000000
0.000000
0.000000
0.000000
0.000000
0.000000
0.000000
0.092284
0.102585
0.000000
0.548494
0.000000
0.809308
0.000000
0.000000
0.000000
0.000000
0.000000
0.000000
0.000000
0.000000
0.000000
0.000000
0.000000
0.000000
0.000000
0.000000
0.000000
0.000000
0.000000
0.961124
0.000000
1.636153
0.000000
0.000000
0.000000
0.000000
0.000000
0.000000
0.000000
0.204913
0.000000
0.000000
0.000000
0.090716
0.000000
0.000000
0.000000
0.000000
0.000000
0.000000
0.000000
0.000000
0.000000
0.000000
0.000000
0.000000
3.363227
0.000000
0.000000
0.000000
0.000000
0.000000
0.263907
0.000000
1.552089
0.000000
0.000000
0.000000
0.000000
0.619157
0.000000
0.000000
0.000000
0.000000
0.000000
0.000000
0.000000
1.330876
0.000000
0.000000
0.000000
0.914949
0.000000
0.000000
0.000000
0.000000
0.000000
0.000000
0.000000
0.775565
0.000000
0.000000
0.305436
0.000000
0.000000
0.000000
0.000000
0.000000
1.497022
0.000000
0.000000
0.000000
0.000000
0.000000
0.000000
0.157970
0.000000
0.501996
0.000000
0.000000
0.530888
0.000000
0.000000
0.000000
0.000000
0.000000
0.873502
0.000000
0.000000
0.000000
0.000000
0.000000
0.000000
0.000000
1.172327
0.000000
0.000000
1.185076
0.000000
0.000000
0.000000
0.000000
0.000000
0.000000
0.000000
0.000000
0.000000
0.000000
0.000000
0.000000
1.180390
0.000000
0.000000
0.000000
0.000000
0.000000
0.000000
0.000000
0.551252
0.000000
0.000000
0.059361
0.000000
0.000000
0.000000
0.000000
0.000000
0.000000
0.000000
0.000000
0.000000
0.000000
0.000000
0.335660
0.000000
1.225448
0.000000
0.000000
0.000000
0.000000
0.000000
0.000000
0.000000
0.391282
0.000000
0.000000
0.000000
0.000000
0.959723
0.000000
0.000000
0.153437
0.000000
0.000000
0.000000
0.000000
0.000000
0.000000
0.000000
0.000000
0.000000
0.000000
0.000000
0.000000
0.000000
0.000000
0.000000
0.316529
0.000000
0.000000
1.543548
0.000000
0.194212
0.000000
0.000000
0.000000
0.000000
0.000000
0.000000
0.000000
0.376483
0.000000
0.000000
1.095170
0.000000
0.000000
0.000000
2.242953
0.000000
0.000000
0.000000
0.337561
0.000000
0.463065
1.415876
0.000000
0.000000
0.000000
0.128386
0.000000
0.000000
0.255442
1.456863
0.000000
0.000000
0.000000
1.468384
0.000000
0.000000
0.000000
0.000000
0.000000
0.320986
0.000000
0.000000
0.000000
0.222952
0.000000
0.000000
0.951760
0.000000
0.000000
0.000000
0.000000
0.000000
0.000000
1.105495
0.000000
0.000000
0.712067
0.000000
0.000000
0.000000
0.000000
0.000000
0.000000
1.014065
0.000000
0.634057
0.000000
0.000000
0.472094
0.000000
0.000000
0.000000
0.000000
0.196106
0.000000
0.000000
0.000000
4.600091
0.000000
0.000000
0.344361
0.000000
0.000000
0.000000
0.000000
0.000000
0.000000
0.035056
0.000000
0.000000
0.304529
0.000000
0.000000
0.000000
0.000000
0.000000
0.953215
0.714145
0.000000
0.000000
0.000000
0.000000
3.450914
0.000000
0.652841
0.000000
0.000000
0.000000
0.075886
0.000000
0.000000
0.000000
0.000000
0.000000
0.393878
0.000000
0.000000
0.000000
0.000000
1.429595
0.164839
0.000000
0.208689
0.000000
0.000000
0.000000
0.000000
0.000000
0.881053
0.000000
0.000000
0.000000
0.000000
0.000000
0.000000
0.000000
0.000000
0.000000
0.332620
0.000000
0.000000
0.209765
0.000000
0.000000
0.000000
0.000000
0.000000
0.000000
0.000000
0.000000
1.096409
0.000000
0.000000
0.333240
0.000000
0.000000
2.350371
0.000000
0.000000
0.252511
0.000000
0.000000
0.000000
0.000000
0.000000
0.000000
0.000000
2.541659
0.808880
0.000000
0.000000
0.000000
0.000000
0.000000
0.000000
0.000000
0.000000
0.000000
0.000000
0.000000
0.000000
0.240217
0.664817
0.723378
0.000000
0.000000
0.000000
0.000000
0.000000
0.457061
0.000000
0.000000
0.000000
1.107130
0.000000
0.000000
0.000000
0.000000
0.000000
0.000000
0.000000
0.000000
0.000000
0.000000
0.000000
0.000000
0.749445
0.000000
0.000000
0.000000
0.000000
0.000000
0.000000
0.000000
0.000000
0.000000
0.000000
0.000000
0.000000
0.000000
2.025864
0.000000
0.000000
1.773538
0.000000
0.000000
0.000000
0.000000
0.000000
0.000000
0.000000
0.000000
0.000000
0.000000
0.000000
3.121125
0.000000
0.000000
0.000000
0.000000
0.000000
0.000000
0.000000
0.000000
0.000000
0.000000
0.000000
0.000000
0.000000
0.000000
0.000000
0.000000
0.000000
0.099727
0.000000
1.241973
0.065427
0.000000
0.000000
0.000000
1.665166
1.198440
0.000000
0.000000
0.000000
0.000000
0.000000
0.000000
0.000000
0.000000
0.000000
0.000000
0.000000
0.330359
0.550729
0.000000
0.000000
0.318804
0.237836
0.000000
0.000000
1.200133
0.000000
0.000000
0.000000
0.000000
0.000000
0.000000
0.000000
0.000000
0.000000
0.318693
1.740217
1.977486
0.000000
0.000000
0.000000
0.765247
0.339104
0.000000
0.000000
0.000000
0.000000
0.000000
0.000000
0.000000
0.000000
0.000000
0.000000
0.000000
0.000000
0.351316
0.000000
0.000000
0.000000
0.000000
0.000000
0.000000
0.000000
0.000000
0.000000
0.000000
0.000000
0.000000
0.000000
0.000000
0.246303
2.118097
0.422988
0.203215
0.000000
0.000000
0.000000
0.000000
0.000000
0.265547
0.000000
0.000000
0.548682
0.349051
0.493612
0.000000
0.000000
0.000000
0.000000
0.000000
0.000000
0.000000
0.000000
0.000000
3.503974
0.000000
0.000000
0.000000
0.000000
0.000000
0.283126
0.000000
0.000000
0.000000
0.000000
0.391799
0.796232
0.689132
0.000000
0.000000
0.000000
0.000000
0.000000
0.000000
0.000000
0.000000
0.000000
0.000000
1.225522
0.000000
0.000000
0.000000
0.000000
0.000000
0.000000
0.000000
0.000000
0.000000
0.000000
0.000000
0.000000
0.000000
0.000000
0.000000
0.000000
0.000000
0.000000
0.000000
0.000000
0.000000
0.343174
0.000000
1.191348
0.000000
0.000000
0.000000
0.000000
0.000000
0.000000
0.000000
0.000000
0.000000
0.000000
0.000000
0.000000
0.000000
0.000000
0.000000
0.000000
0.000000
0.377226
0.153723
0.000000
0.000000
0.000000
0.000000
0.000000
0.000000
0.000000
0.758248
0.000000
0.000000
0.000000
0.000000
0.000000
0.000000
0.000000
0.903788
0.000000
0.155815
0.000000
0.000000
0.000000
0.000000
0.000000
0.000000
0.000000
0.000000
0.000000
0.000000
0.000000
0.000000
0.000000
0.000000
0.000000
0.000000
0.000000
0.110947
0.000000
0.000000
0.592689
0.062722
0.524343
0.000000
0.000000
0.000000
0.000000
0.454924
0.000000
0.000000
1.441744
0.000000
0.234005
0.000000
0.000000
0.000000
0.000000
0.000000
0.000000
2.207563
1.417312
0.000000
0.000000
0.000000
0.000000
0.000000
0.000000
0.000000
0.000000
0.146287
0.000000
0.000000
0.000000
0.000000
0.000000
0.000000
0.000000
0.000000
0.000000
0.000000
0.000000
0.443067
1.527934
0.000000
0.000000
0.000000
0.000000
0.000000
2.593272
1.019098
0.000000
0.000000
0.246595
0.000000
0.784061
0.000000
0.000000
0.634775
0.000000
0.000000
0.000000
0.000000
0.000000
0.000000
0.000000
1.217015
0.000000
0.000000
0.000000
0.000000
0.000000
0.000000
0.000000
0.000000
0.000000
0.929628
0.000000
0.000000
0.000000
0.000000
0.000000
0.215914
0.000000
0.000000
0.000000
0.000000
0.790622
0.000000
0.000000
0.967683
0.000000
0.000000
0.000000
0.000000
0.000000
0.000000
0.111763
0.000000
2.777548
0.000000
0.000000
0.000000
3.450863
0.000000
0.000000
0.000000
0.269446
0.000000
0.000000
0.000000
1.261181
0.000000
0.000000
0.000000
0.000000
0.000000
0.000000
0.000000
0.000000
0.000000
0.000000
0.000000
0.000000
0.000000
1.787539
0.710209
0.000000
2.547050
0.000000
0.919238
2.225095
0.000000
0.000000
0.000000
0.742063
0.000000
0.000000
0.000000
0.000000
0.000000
0.020336
0.000000
0.000000
0.000000
0.000000
0.000000
1.310953
3.039476
0.000000
0.000000
0.000000
0.000000
2.471649
0.000000
0.000000
0.000000
0.000000
0.000000
0.000000
0.000000
0.000000
0.000000
0.000000
0.000000
0.000000
0.811707
0.000000
0.000000
0.000000
0.000000
0.000000
3.428561
0.000000
0.000000
2.539385
0.814377
0.000000
0.000000
0.000000
0.000000
0.000000
0.000000
0.000000
0.000000
0.000000
0.000000
0.000000
0.000000
0.000000
0.000000
0.458730
0.000000
0.000000
0.000000
0.000000
3.440203
0.000000
0.000000
0.000000
0.000000
0.217960
0.000000
0.000000
0.000000
0.000000
0.000000
0.000000
0.496040
0.000000
0.000000
0.000000
0.000000
0.000000
0.000000
1.584247
0.000000
0.331831
0.000000
2.266621
0.000000
0.000000
0.000000
0.000000
0.399209
0.080309
1.458976
0.000000
0.000000
0.000000
0.000000
0.000000
0.000000
0.253626
0.000000
0.000000
0.000000
0.000000
0.000000
0.000000
0.000000
0.000000
0.000000
1.866609
0.768538
0.000000
0.000000
0.558215
0.000000
1.540053
0.000000
0.000000
0.000000
0.207807
0.000000
0.000000
2.190308
0.000000
0.000000
0.000000
1.323811
0.000000
0.000000
0.000000
0.115176
0.000000
0.000000
0.000000
0.076104
0.000000
0.850919
0.000000
0.000000
0.000000
0.000000
0.335348
0.000000
0.927630
0.000000
0.000000
0.508273
0.000000
0.000000
0.320112
0.000000
0.446324
0.000000
0.000000
0.000000
0.000000
0.000000
2.231627
0.026355
0.000000
0.140105
0.000000
0.000000
0.000000
0.000000
0.000000
0.000000
0.000000
0.000000
1.571787
4.498383
0.000000
0.000000
0.000000
1.332538
0.000000
0.000000
0.000000
0.000000
0.000000
0.000000
1.175490
0.000000
2.401433
0.000000
0.271528
0.000000
0.000000
0.000000
1.313570
1.028980
0.000000
1.034910
0.000000
0.264164
0.356981
0.000000
0.000000
0.520906
0.000000
0.000000
0.000000
0.000000
0.000000
0.000000
0.000000
0.000000
0.000000
1.346111
1.564389
0.099378
0.000000
2.821763
0.000000
2.822049
0.635883
4.011170
0.000000
0.000000
0.000000
0.174525
0.000000
0.000000
0.000000
0.000000
0.037042
0.000000
0.000000
1.022863
0.060816
0.000000
0.000000
0.000000
0.000000
0.000000
2.897796
2.171981
0.000000
2.890408
0.000000
0.000000
0.000000
0.000000
0.000000
0.000000
0.000000
0.000000
0.000000
0.000000
1.849603
0.000000
0.000000
0.000000
0.000000
0.000000
0.000000
0.000000
0.000000
0.418180
0.000000
0.000000
0.000000
1.481032
0.000000
0.000000
0.000000
0.000000
0.000000
0.000000
0.000000
0.000000
0.000000
0.000000
0.000000
2.014852
0.000000
0.000000
0.000000
0.000000
0.000000
0.000000
0.000000
0.000000
0.000000
0.000000
1.698006
0.000000
0.000000
0.000000
0.000000
0.000000
0.000000
0.000000
0.000000
0.000000
2.111814
0.000000
0.000000
0.000000
0.000000
1.882232
0.000000
0.000000
1.225103
0.465694
0.000000
0.000000
0.152426
0.000000
0.000000
0.000000
0.168120
0.000000
0.000000
0.359780
0.000000
0.000000
0.000000
0.000000
0.000000
0.000000
0.000000
0.000000
0.000000
0.000000
0.000000
0.000000
0.011580
0.000000
0.000000
0.000000
0.000000
0.000000
0.000000
0.000000
2.005557
0.000000
0.000000
0.000000
0.000000
0.000000
0.008283
0.000000
1.992544
0.000000
0.943707
0.000000
0.306773
0.026896
0.000000
0.000000
0.000000
0.000000
0.000000
0.000000
0.000000
0.000000
0.000000
0.549965
0.000000
0.000000
0.000000
0.000000
0.020417
1.028584
0.000000
0.000000
1.089720
0.462689
0.010922
0.000000
0.548048
0.000000
0.000000
0.000000
0.000000
0.000000
0.000000
1.508182
0.000000
0.000000
0.681463
0.000000
0.000000
0.000000
0.560075
0.000000
0.000000
0.561956
0.000000
0.168360
0.000000
0.000000
0.000000
0.000000
0.000000
0.000000
0.000000
0.000000
0.000000
0.000000
0.000000
0.000000
0.000000
0.000000
0.000000
0.000000
0.000000
0.000000
0.000000
0.000000
0.000000
0.000000
0.000000
0.000000
0.000000
0.000000
0.000000
0.000000
0.254060
0.000000
0.000000
0.000000
0.000000
0.000000
0.000000
0.000000
0.000000
0.000000
0.000000
0.225130
0.218016
0.875542
0.000000
0.352416
0.000000
1.966534
0.000000
0.000000
0.000000
0.000000
0.000000
0.144889
0.000000
0.000000
0.000000
0.000000
0.000000
0.000000
0.000000
0.000000
0.038371
0.000000
0.000000
0.000000
1.088939
0.000000
0.452035
0.000000
0.000000
0.000000
0.000000
0.000000
0.000000
0.000000
0.000000
0.000000
0.000000
2.013234
0.307757
0.000000
0.000000
0.000000
0.000000
0.000000
0.000000
0.000000
0.000000
0.000000
0.000000
0.000000
0.000000
0.000000
0.000000
0.000000
0.000000
0.000000
2.055062
0.000000
0.000000
0.000000
0.000000
0.000000
0.000000
0.000000
1.262647
0.039197
0.000000
1.596434
0.000000
0.000000
0.000000
0.000000
0.000000
0.000000
2.884289
0.000000
0.000000
0.000000
0.270030
0.000000
0.000000
0.000000
0.000000
1.103926
4.208591
0.000000
0.000000
0.000000
0.000000
0.000000
0.000000
0.000000
0.000000
0.000000
0.000000
0.000000
0.000000
0.000000
0.000000
0.000000
0.000000
0.463016
3.016345
0.000000
1.123967
0.000000
0.000000
0.000000
2.304137
0.000000
1.608644
0.000000
0.000000
0.000000
0.602738
0.000000
0.652874
0.000000
0.000000
0.770342
0.000000
0.000000
0.000000
0.000000
0.000000
0.000000
0.000000
0.000000
0.000000
0.000000
0.132777
0.406955
0.000000
0.000000
0.000000
0.000000
0.000000
0.000000
0.000000
0.518249
0.000000
0.000000
0.000000
0.000000
0.000000
0.000000
1.077677
0.000000
0.000000
0.000000
0.000000
0.000000
0.000000
0.169075
0.000000
0.000000
0.000000
0.000000
1.192256
0.000000
0.000000
0.000000
0.451506
0.521437
0.000000
0.000000
0.000000
0.000000
0.298970
0.000000
0.000000
0.000000
0.000000
0.000000
0.000000
0.000000
0.000000
0.000000
0.000000
0.645160
0.000000
0.000000
0.000000
0.000000
0.000000
0.000000
0.000000
0.000000
0.000000
0.000000
0.000000
0.000000
0.000000
0.000000
0.000000
0.000000
0.000000
0.000000
0.717739
0.000000
0.000000
1.064378
0.000000
0.319140
0.000000
0.000000
0.000000
0.000000
0.726824
0.000000
0.000000
0.594057
0.000000
0.000000
0.000000
0.000000
0.000000
0.683681
0.000000
0.000000
0.138209
0.000000
0.000000
0.000000
0.000000
0.000000
0.000000
0.000000
0.000000
0.000000
2.798127
0.000000
0.790444
0.000000
0.000000
1.293740
0.971395
0.027107
0.000000
0.000000
1.989300
0.000000
0.000000
1.340932
0.000000
0.000000
0.000000
0.000000
2.385655
1.752613
0.000000
0.000000
0.000000
0.827960
0.236977
0.000000
0.000000
0.000000
0.000000
0.000000
0.000000
0.000000
0.000000
0.000000
0.000000
0.000000
0.000000
0.000000
0.128327
1.098417
0.578450
0.000000
0.000000
0.000000
0.000000
0.000000
0.000000
0.360914
0.000000
0.170626
0.366471
0.000000
0.000000
0.207979
0.000000
0.000000
0.000000
0.000000
0.963659
0.000000
0.000000
0.000000
0.000000
0.000000
0.000000
0.614693
0.268415
0.000000
0.115996
0.000000
0.000000
0.000000
0.000000
0.000000
0.000000
0.000000
0.000000
0.000000
0.000000
0.787934
0.000000
0.000000
0.000000
0.639077
0.000000
0.000000
0.000000
0.000000
0.000000
0.000000
2.019518
0.000000
0.000000
0.649269
0.442402
0.000000
0.665446
0.000000
1.285730
0.000000
0.000000
0.403977
0.048653
0.000000
0.000000
0.182523
0.000000
2.187210
0.000000
0.000000
0.000000
0.603325
0.000000
0.000000
0.000000
0.653635
0.000000
0.000000
0.000000
0.000000
0.000000
0.000000
0.000000
0.000000
0.000000
1.030774
1.766992
0.000000
0.358334
0.000000
0.000000
0.000000
0.680321
0.000000
0.000000
0.000000
1.860534
0.698397
0.274876
0.000000
0.000000
0.000000
0.000000
0.000000
0.000000
0.000000
0.865283
0.000000
0.000000
0.000000
0.000000
0.170209
0.000000
0.000000
0.867242
0.000000
0.000000
0.000000
0.000000
0.000000
0.000000
1.106853
0.000000
0.000000
0.000000
0.000000
0.993513
0.000000
0.000000
0.000000
0.000000
0.000000
0.000000
0.000000
0.000000
0.000000
0.127356
0.886693
0.000000
0.000000
0.000000
0.000000
0.000000
0.000000
0.826863
0.000000
0.000000
0.000000
0.000000
0.000000
0.000000
0.000000
0.000000
0.000000
0.000000
0.000000
0.000000
0.000000
0.000000
0.000000
2.600241
0.000000
0.441675
0.000000
0.000000
0.000000
0.000000
0.263451
0.000000
0.000000
0.000000
0.000000
0.000000
0.000000
0.000000
0.000000
0.000000
0.000000
0.000000
0.000000
0.530455
2.102340
0.000000
0.000000
0.000000
0.000000
0.000000
0.040065
0.000000
0.000000
0.000000
0.000000
1.508059
0.000000
0.000000
0.286637
0.046876
0.000000
0.000000
0.000000
0.000000
0.000000
0.618547
0.000000
0.000000
0.000000
0.000000
0.000000
0.000000
0.000000
1.403727
2.271931
0.000000
0.000000
0.000000
0.000000
0.000000
0.000000
0.000000
1.305792
1.746440
0.000000
0.000000
0.000000
0.000000
0.000000
0.000000
0.000000
0.000000
2.468189
0.820246
0.000000
0.945750
0.372842
0.000000
0.000000
0.000000
0.000000
0.000000
0.148946
0.000000
0.000000
0.000000
0.000000
0.000000
0.000000
3.190280
0.000000
0.000000
0.000000
0.000000
0.000000
0.000000
0.000000
0.000000
0.000000
0.000000
0.000000
0.923356
0.000000
1.778679
0.000000
0.000000
0.000000
0.000000
0.000000
0.000000
0.000000
0.100086
0.000000
0.000000
0.000000
0.000000
1.881115
0.000000
1.194878
0.000000
0.000000
0.000000
0.000000
0.000000
0.000000
0.000000
0.895875
0.000000
0.000000
0.000000
0.305248
2.965576
0.000000
0.000000
0.000000
0.000000
0.000000
0.000000
0.448845
0.195850
0.000000
0.000000
0.000000
0.000000
2.136828
0.000000
0.000000
0.000000
0.000000
0.000000
0.000000
0.000000
0.000000
0.792166
0.000000
0.000000
0.000000
0.000000
0.000000
0.000000
1.778441
0.000000
0.460275
0.000000
0.275177
0.000000
0.000000
0.000000
0.000000
0.000000
0.000000
0.055084
0.000000
0.000000
0.000000
0.000000
1.485067
0.000000
0.000000
0.000000
0.000000
0.000000
0.000000
0.734114
0.000000
0.000000
0.471681
0.000000
0.000000
0.000000
0.000000
0.000000
0.000000
0.000000
0.000000
0.000000
0.000000
0.000000
0.000000
0.000000
0.000000
0.000000
0.000000
0.000000
0.000000
0.000000
0.000000
0.000000
0.000000
0.000000
0.000000
0.000000
0.000000
0.000000
2.222472
0.122794
0.000000
0.000000
0.000000
0.000000
0.000000
0.000000
0.000000
3.227386
3.059531
0.000000
0.000000
0.000000
0.000000
2.212959
0.000000
0.000000
1.969035
0.445279
0.000000
0.000000
0.000000
0.000000
0.000000
0.558056
0.000000
0.000000
0.000000
0.998904
0.000000
0.000000
0.000000
0.000000
0.000000
0.000000
0.000000
0.000000
1.198911
0.000000
4.112760
0.104333
0.000000
0.000000
0.000000
0.000000
0.000000
0.000000
1.368509
0.000000
0.000000
0.000000
0.000000
0.000000
0.000000
0.000000
0.000000
0.000000
0.000000
0.176296
0.380252
0.000000
0.000000
0.000000
0.609698
0.000000
0.213636
0.000000
0.000000
1.307859
0.000000
0.000000
0.000000
0.000000
0.000000
0.623061
0.000000
0.000000
0.000000
0.000000
0.000000
1.189591
0.000000
0.000000
0.170129
0.000000
0.000000
0.000000
0.000000
0.000000
0.000000
0.000000
0.000000
0.000000
0.000000
0.000000
0.000000
0.000000
0.000000
0.000000
0.000000
0.000000
0.000000
0.000000
0.000000
0.000000
0.000000
0.000000
0.000000
0.000000
0.000000
0.117143
1.000522
0.000000
0.276734
0.832984
0.000000
0.000000
0.000000
0.000000
0.715420
0.000000
0.000000
0.000000
0.000000
0.890581
0.000000
0.629958
0.000000
0.000000
0.000000
0.000000
2.627539
1.781782
0.000000
0.000000
0.000000
0.000000
0.000000
0.000000
0.000000
0.000000
0.000000
0.000000
1.137201
0.286626
0.000000
0.000000
0.000000
0.000000
0.570276
0.000000
0.000000
0.000000
0.000000
0.000000
0.284296
0.000000
0.000000
3.028582
0.000000
0.000000
0.000000
0.000000
0.138943
0.378302
0.000000
0.000000
2.557360
0.000000
0.000000
0.000000
0.000000
0.000000
0.000000
0.000000
0.000000
4.408509
0.000000
0.000000
0.031895
0.717688
0.000000
0.000000
1.818416
0.000000
0.000000
0.000000
1.498680
0.000000
0.000000
0.000000
0.000000
0.000000
0.000000
0.000000
0.000000
0.000000
1.039056
0.000000
0.000000
0.000000
0.915902
0.000000
0.121344
0.000000
2.581848
0.000000
1.215585
0.000000
0.000000
0.000000
0.000000
0.000000
0.000000
0.000000
0.000000
0.588168
0.000000
0.000000
0.777466
0.000000
0.764031
0.000000
0.000000
0.757699
0.000000
0.000000
0.000000
0.000000
0.000000
0.000000
0.000000
0.345549
0.000000
0.000000
0.000000
0.000000
0.000000
1.142954
0.000000
1.118623
0.000000
0.000000
0.000000
0.000000
0.000000
0.000000
0.000000
0.000000
0.000000
0.000000
0.000000
0.000000
0.000000
0.000000
1.279213
0.000000
0.000000
0.858672
0.000000
1.250388
0.000000
2.006286
0.000000
0.000000
0.000000
0.000000
0.000000
0.000000
0.000000
0.934970
0.000000
0.000000
0.000000
0.000000
0.000000
0.000000
0.000000
0.000000
0.000000
0.000000
0.000000
0.000000
0.000000
0.000000
0.222576
0.000000
0.000000
0.000000
1.870015
0.000000
0.000000
0.000000
0.291176
0.550032
0.000000
0.000000
0.000000
0.000000
1.400424
0.000000
0.000000
0.000000
0.000000
0.000000
0.000000
0.000000
0.000000
1.050652
0.000000
0.000000
0.392527
0.000000
0.000000
0.057597
0.000000
0.000000
0.000000
0.000000
0.000000
0.000000
0.000000
0.000000
0.000000
0.000000
0.000000
0.000000
0.000000
0.000000
0.000000
0.000000
0.000000
0.000000
0.000000
0.000000
0.000000
0.449582
0.712643
1.461928
0.000000
0.000000
0.000000
0.000000
0.000000
0.000000
0.000000
0.000000
0.000000
0.000000
0.000000
0.000000
0.000000
0.910101
0.000000
0.000000
0.000000
0.000000
0.079341
0.000000
0.000000
2.079789
0.000000
0.000000
0.000000
0.000000
0.331991
0.000000
0.000000
0.000000
0.000000
0.000000
0.000000
0.000000
0.000000
0.000000
0.000000
0.000000
0.000000
0.000000
0.000000
0.338399
4.230543
0.000000
0.000000
0.000000
0.000000
0.000000
0.000000
0.654643
0.000000
1.787284
0.000000
0.000000
0.000000
0.000000
0.506158
0.000000
2.721382
0.000000
0.000000
0.000000
0.000000
0.000000
0.000000
0.000000
0.000000
0.000000
1.466974
0.266000
0.000000
0.153285
2.819307
0.000000
0.868135
0.000000
0.000000
0.000000
0.000000
0.000000
0.000000
0.000000
0.859206
0.000000
0.000000
0.000000
0.000000
0.000000
0.890651
0.000000
0.575640
0.000000
0.000000
0.000000
0.000000
0.000000
0.000000
0.000000
0.000000
0.000000
0.000000
0.000000
0.000000
1.437575
2.324842
0.000000
0.923539
0.622961
0.000000
0.000000
0.000000
0.000000
0.000000
1.423796
0.831374
0.000000
0.000000
0.000000
0.000000
0.000000
0.923361
0.000000
0.849353
0.000000
0.000000
0.000000
0.000000
0.000000
0.000000
0.000000
0.670824
0.000000
1.289398
0.447400
0.000000
3.434859
0.741441
0.000000
0.000000
0.502502
3.206879
0.000000
0.000000
0.000000
0.000000
0.000000
0.000000
0.066712
0.000000
0.000000
0.000000
0.000000
0.000000
0.000000
0.000000
0.000000
0.000000
0.000000
2.739053
0.000000
0.000000
0.000000
0.000000
0.000000
0.000000
0.000000
0.000000
0.000000
0.000000
0.000000
0.000000
0.000000
0.000000
0.000000
0.000000
1.906536
0.000000
0.000000
2.035449
0.000000
0.000000
0.621407
0.000000
0.000000
0.000000
0.000000
0.000000
0.000000
0.000000
0.000000
0.000000
0.085536
0.000000
0.000000
0.000000
0.000000
0.000000
0.000000
2.516447
0.000000
0.000000
0.000000
0.000000
0.000000
0.000000
0.000000
0.000000
0.000000
0.000000
0.000000
0.000000
0.000000
0.000000
1.056023
0.000000
0.000000
0.000000
0.000000
0.000000
0.000000
0.426764
0.000000
0.000000
0.000000
0.000000
1.937840
0.000000
0.000000
0.000000
0.000000
0.000000
0.000000
0.000000
0.000000
0.000000
0.000000
0.542405
0.000000
0.000000
0.000000
0.164691
0.000000
0.000000
0.000000
0.000000
0.000000
0.000000
0.000000
0.000000
0.000000
0.000000
0.000000
0.000000
0.000000
0.000000
0.000000
0.000000
0.000000
0.000000
0.000000
0.000000
0.000000
0.000000
0.000000
0.000000
0.770741
0.000000
2.414140
0.000000
0.000000
0.000000
0.000000
0.000000
0.025345
0.000000
1.201597
0.469241
3.790948
2.105889
0.000000
0.000000
0.000000
0.000000
0.000000
0.000000
0.000000
0.000000
0.000000
0.000000
0.000000
0.000000
0.000000
0.000000
0.000000
0.000000
0.196311
0.000000
0.000000
0.894416
0.000000
0.000000
0.000000
0.000000
0.000000
0.000000
0.000000
0.000000
0.000000
0.000000
0.000000
0.000000
0.000000
1.720966
0.000000
0.000000
0.000000
0.000000
0.000000
0.000000
0.000000
0.000000
1.861406
0.000000
0.519041
0.000000
0.000000
0.000000
0.000000
0.000000
2.495651
0.000000
0.000000
0.000000
0.000000
0.000000
0.000000
0.000000
0.000000
0.000000
0.000000
0.000000
0.000000
0.000000
0.000000
0.000000
0.000000
0.000000
0.000000
0.000000
0.000000
0.000000
0.123746
0.243222
0.000000
0.000000
0.000000
0.000000
0.000000
0.000000
0.000000
0.185228
0.000000
0.000000
1.385254
0.000000
1.536646
0.000000
0.000000
0.740374
0.000000
0.539465
0.000000
0.000000
0.000000
0.000000
0.000000
0.024026
0.154012
1.334269
0.000000
0.000000
0.000000
0.000000
0.000000
0.000000
0.000000
0.000000
0.000000
0.000000
0.000000
0.000000
0.000000
0.000000
0.000000
1.014131
0.000000
0.000000
0.000000
0.150792
0.000000
0.000000
0.000000
0.000000
1.988445
0.000000
0.000000
0.000000
0.000000
0.000000
0.000000
0.834453
0.000000
0.189398
2.985644
0.000000
0.704394
0.000000
0.000000
0.000000
0.000000
0.000000
0.000000
0.000000
0.000000
0.000000
1.623183
0.000000
0.000000
0.000000
0.000000
0.000000
0.000000
0.000000
0.000000
1.313639
0.000000
0.000000
0.000000
0.000000
0.000000
0.000000
0.000000
0.000000
0.000000
0.000000
0.000000
0.000000
0.000000
0.000000
0.000000
0.000000
0.000000
0.000000
0.000000
0.000000
0.000000
0.000000
0.000000
0.000000
0.000000
0.000000
0.000000
1.149007
0.000000
0.000000
0.000000
0.000000
1.400590
0.000000
0.000000
0.000000
0.000000
1.250371
0.000000
0.000000
0.000000
2.839989
0.000000
0.364726
2.831883
0.000000
0.000000
0.000000
0.000000
0.000000
0.000000
0.000000
0.000000
0.000000
0.000000
1.899866
0.000000
0.000000
0.000000
0.000000
0.000000
0.000000
0.000000
0.000000
0.000000
1.457410
0.000000
0.424111
0.000000
0.000000
0.000000
0.000000
0.000000
0.000000
0.000000
0.000000
0.174334
0.000000
0.000000
2.202311
0.000000
0.000000
1.460785
0.000000
0.000000
0.000000
0.000000
0.343602
0.000000
0.000000
0.000000
0.385910
0.000000
0.000000
0.123187
0.000000
0.000000
0.000000
0.000000
1.247817
0.000000
0.388784
0.000000
0.000000
0.000000
0.000000
2.406658
0.000000
0.000000
0.000000
0.000000
0.000000
0.000000
0.000000
0.000000
0.000000
0.139134
0.000000
0.000000
0.000000
0.000000
0.000000
0.000000
0.000000
0.000000
0.000000
2.187794
0.000000
2.168859
0.000000
0.000000
0.000000
0.000000
0.000000
0.000000
0.000000
0.000000
0.000000
0.000000
0.000000
0.000000
0.000000
1.705293
0.000000
1.580758
0.000000
0.000000
0.000000
0.000000
0.000000
0.000000
0.000000
0.000000
0.000000
0.000000
0.000000
0.000000
0.000000
6.402332
0.000000
0.733782
0.000000
0.000000
0.000000
0.701066
0.000000
0.000000
0.000000
0.000000
0.000000
0.040902
3.614431
0.000000
0.000000
0.000000
1.833591
0.308390
0.210670
0.000000
0.000000
0.000000
0.000000
0.000000
0.000000
0.000000
0.000000
0.000000
0.000000
0.000000
0.000000
0.000000
0.000000
0.000000
0.638687
0.000000
0.000000
0.000000
0.000000
0.000000
0.000000
0.000000
0.000000
0.000000
0.000000
0.000000
0.000000
0.000000
0.000000
0.000000
0.334507
0.000000
0.000000
0.000000
1.968577
0.478047
0.000000
0.000000
0.000000
0.000000
0.000000
0.000000
0.000000
0.000000
0.000000
0.306946
0.000000
0.000000
0.000000
0.000000
0.000000
0.000000
0.000000
0.000000
0.000000
1.511559
0.000000
0.000000
0.000000
0.000000
0.646283
0.000000
0.000000
0.000000
0.198852
0.000000
0.000000
1.902282
3.103536
0.000000
0.000000
0.000000
0.000000
0.000000
0.000000
0.000000
0.205325
0.000000
0.000000
0.000000
0.000000
0.037762
0.000000
0.000000
0.000000
0.088598
0.000000
0.000000
0.000000
0.000000
0.251890
0.000000
0.000000
0.000000
0.000000
0.000000
0.000000
0.000000
0.000000
0.000000
0.000000
0.000000
0.113710
0.000000
0.000000
0.000000
0.000000
0.000000
0.000000
0.000000
0.000000
0.000000
0.462650
0.000000
0.000000
0.000000
0.000000
1.335424
0.000000
0.000000
0.429023
0.000000
0.000000
0.000000
1.098316
0.000000
0.000000
0.000000
0.000000
0.061227
0.190196
0.487267
0.000000
0.000000
0.082880
0.000000
0.000000
0.000000
0.000000
0.000000
0.000000
0.000000
2.695915
0.000000
0.000000
0.000000
0.000000
0.000000
0.000000
0.000000
0.000000
0.000000
0.000000
0.000000
0.000000
0.000000
0.000000
0.000000
0.000000
0.000000
0.000000
2.398536
0.000000
0.000000
0.000000
0.000000
0.473859
0.000000
0.000000
0.000000
0.000000
0.000000
0.000000
0.000000
2.996242
0.000000
0.000000
0.000000
0.000000
0.000000
0.000000
0.000000
0.000000
4.030614
3.810107
0.000000
0.000000
0.000000
0.000000
0.000000
0.000000
0.000000
0.000000
0.000000
0.000000
0.000000
0.000000
0.000000
0.000000
0.000000
0.000000
0.000000
0.000000
0.000000
0.000000
0.000000
0.000000
0.000000
0.000000
0.000000
1.587153
1.102769
0.830074
1.607497
0.000000
0.000000
0.000000
0.000000
0.000000
0.000000
0.000000
0.000000
0.000000
0.000000
0.000000
1.456837
0.000000
0.000000
0.391284
0.000000
0.000000
0.000000
0.000000
0.000000
0.000000
0.000000
0.000000
0.116204
0.000000
0.000000
0.000000
0.000000
0.000000
0.000000
0.888329
0.000000
0.000000
0.793007
0.000000
0.000000
1.408486
0.000000
2.536698
0.632902
0.000000
0.000000
0.000000
0.000000
0.182629
0.000000
0.000000
0.000000
0.000000
0.000000
0.000000
0.000000
0.000000
0.000000
0.000000
0.000000
0.000000
0.000000
0.000000
0.000000
0.000000
0.000000
0.000000
0.000000
0.000000
0.000000
0.000000
0.000000
1.953953
0.000000
0.000000
0.000000
0.000000
0.000000
0.000000
0.000000
0.000000
0.000000
0.000000
0.000000
0.000000
1.456672
0.000000
0.000000
0.000000
0.000000
0.000000
0.000000
0.000000
0.000000
0.000000
0.991183
0.000000
0.630861
0.000000
1.903005
0.000000
0.000000
2.649254
0.000000
0.432525
0.000000
0.000000
0.000000
0.000000
0.000000
0.000000
0.000000
2.743311
0.000000
0.000000
0.000000
0.000000
0.000000
0.000000
0.000000
0.093042
0.000000
0.000000
0.000000
0.000000
0.000000
0.000000
