0.000000
0.000000
0.000000
0.000000
1.375965
0.000000
0.000000
2.717271
0.000000
0.000000
0.000000
0.000000
1.584637
0.000000
0.000000
0.000000
0.000000
0.000000
0.000000
0.082314
0.000000
0.000000
0.224061
0.000000
1.341739
0.000000
0.000000
0.000000
0.000000
0.000000
0.000000
0.000000
1.108949
0.000000
0.000000
0.000000
0.000000
0.000000
0.000000
0.000000
0.000000
0.000000
0.000000
0.000000
0.000000
0.465450
0.000000
0.000000
0.000000
0.000000
0.000000
0.000000
0.000000
0.000000
0.000000
0.000000
0.000000
0.000000
0.000000
0.000000
4.458436
3.831106
0.000000
0.000000
0.000000
0.000000
0.000000
0.000000
0.000000
0.000000
2.266733
0.000000
0.000000
1.553867
0.000000
0.410950
0.000000
0.000000
0.000000
0.000000
0.000000
0.066724
0.000000
0.000000
0.000000
0.000000
0.000000
0.000000
0.000000
0.000000
0.000000
1.193092
0.735858
0.000000
1.658225
0.000000
0.000000
0.000000
1.471180
0.000000
1.017113
0.000000
1.511341
0.000000
0.000000
0.000000
0.000000
0.801615
0.000000
0.000000
0.000000
0.000000
0.000000
0.000000
1.103503
0.000000
0.000000
0.000000
0.000000
0.000000
0.000000
0.000000
0.000000
0.000000
0.000000
0.000000
1.391368
0.545780
0.428596
0.000000
0.000000
0.000000
0.000000
0.000000
0.000000
0.000000
0.000000
0.000000
0.000000
0.000000
0.000000
0.000000
0.675834
0.000000
0.000000
0.000000
0.000000
0.000000
0.000000
0.000000
0.000000
0.000000
0.000000
0.000000
0.578428
0.847783
0.000000
0.000000
0.000000
0.000000
0.000000
0.000000
0.000000
0.000000
0.000000
0.000000
0.000000
0.000000
1.600334
0.000000
0.000000
0.000000
0.000000
0.000000
0.000000
0.871616
0.000000
0.000000
0.000000
0.424778
0.000000
0.000000
0.677409
0.000000
0.000000
0.000000
0.000000
0.000000
0.000000
0.000000
0.000000
0.000000
0.000000
0.000000
0.000000
0.000000
0.000000
0.000000
0.000000
0.000000
0.000000
1.525018
0.000000
0.000000
0.000000
1.433030
0.000000
0.000000
0.241768
1.628823
0.000000
0.000000
0.000000
0.528356
0.000000
0.000000
0.000000
0.000000
0.000000
0.000000
0.000000
0.000000
0.000000
0.000000
0.000000
0.000000
0.000000
0.493720
0.000000
0.000000
0.000000
0.000000
0.000000
0.816345
0.000000
0.000000
0.000000
0.772480
0.000000
0.000000
0.000000
0.000000
0.000000
0.000000
0.092718
0.000000
0.000000
0.360345
0.000000
0.000000
0.000000
0.000000
0.342564
1.206263
0.000000
0.000000
0.000000
3.167597
0.000000
0.000000
0.000000
0.666779
0.000000
0.000000
0.000000
1.699749
0.160915
0.000000
0.000000
0.000000
0.000000
0.000000
0.000000
0.000000
0.000000
0.000000
0.000000
0.000000
0.000000
0.000000
0.738586
0.000000
0.702605
0.000000
0.000000
1.076958
0.000000
0.000000
0.491739
0.000000
0.000000
0.000000
0.000000
0.000000
0.000000
0.000000
0.000000
0.000000
2.551446
1.369376
1.989445
0.000000
0.000000
0.000000
0.000000
0.000000
2.511417
0.000000
0.000000
0.000000
0.000000
0.000000
0.000000
0.000000
0.000000
0.000000
0.000000
0.000000
0.000000
1.295889
0.000000
0.000000
0.000000
0.000000
0.079292
0.000000
0.000000
0.000000
0.000000
1.634722
0.000000
1.599727
1.300412
1.039866
0.848072
0.726106
0.000000
0.191456
0.000000
0.000000
1.444072
0.000000
3.986831
0.000000
3.210249
0.000000
3.119034
0.000000
0.000000
0.000000
0.000000
0.000000
0.000000
0.000000
0.284109
0.000000
0.000000
0.000000
0.000000
0.000000
0.000000
0.000000
0.000000
0.000000
0.000000
2.774336
0.000000
0.000000
0.000000
0.000000
0.000000
0.000000
0.000000
0.000000
0.000000
0.097470
0.000000
0.000000
0.000000
0.000000
0.000000
0.000000
0.876812
0.000000
0.000000
0.000000
0.000000
0.000000
0.000000
0.000000
0.000000
0.000000
0.000000
0.000000
0.000000
0.000000
0.000000
0.504494
0.000000
0.000000
0.000000
0.000000
0.800083
0.000000
0.000000
0.000000
0.000000
3.095194
0.000000
0.000000
0.000000
0.000000
0.000000
0.000000
0.000000
0.002310
0.000000
0.144565
1.779868
0.000000
0.016106
0.000000
1.980749
0.000000
0.922828
0.000000
0.000000
0.000000
0.148698
0.000000
0.000000
0.100522
1.876415
0.180573
0.000000
0.000000
0.000000
0.000000
0.000000
0.000000
0.000000
0.000000
0.000000
0.000000
0.000000
0.000000
0.000000
0.000000
0.000000
0.000000
0.000000
0.000000
0.630317
0.000000
0.000000
0.000000
0.000000
1.169611
0.000000
0.000000
0.000000
1.926747
0.981974
0.000000
0.000000
0.000000
1.923583
0.000000
0.000000
0.304743
0.000000
0.000000
0.000000
0.000000
0.000000
0.000000
0.378790
0.000000
0.000000
0.000000
0.000000
0.000000
0.000000
0.000000
0.387542
2.510719
0.000000
0.000000
0.000000
0.716034
0.000000
0.247298
0.000000
3.653506
2.988943
0.000000
0.000000
0.000000
0.000000
0.000000
0.395330
0.000000
0.000000
1.199587
0.000000
1.420747
0.000000
0.000000
0.000000
0.000000
0.000000
0.000000
0.000000
0.000000
0.000000
0.000000
0.000000
0.000000
0.000000
0.000000
0.000000
0.000000
0.000000
0.000000
0.000000
0.000000
0.000000
0.000000
0.000000
0.000000
0.000000
0.000000
2.543896
0.000000
0.000000
0.000000
0.000000
0.000000
0.000000
0.000000
0.000000
0.000000
0.000000
0.000000
0.000000
1.676661
0.000000
0.000000
0.000000
0.000000
1.500839
0.000000
0.000000
0.000000
0.000000
0.000000
0.000000
0.188181
0.000000
0.000000
0.000000
0.000000
0.000000
0.000000
1.184833
0.000000
0.000000
0.000000
0.000000
0.000000
0.000000
0.000000
0.000000
0.000000
0.000000
1.506399
0.000000
0.000000
0.000000
0.000000
0.000000
1.897568
0.000000
3.904257
0.000000
0.000000
0.752620
0.000000
0.000000
0.000000
0.000000
0.000000
2.876640
0.000000
0.000000
1.027175
2.000782
1.167008
0.000000
0.000000
0.000000
0.000000
0.000000
3.268487
0.000000
0.000000
1.856775
0.000000
0.000000
0.000000
0.000000
0.000000
0.000000
0.000000
0.000000
0.000000
0.000000
0.000000
4.684245
0.000000
0.591471
0.000000
0.000000
2.145019
0.000000
0.000000
0.000000
0.000000
0.808540
0.000000
0.000000
0.742783
0.000000
0.000000
0.000000
2.513791
0.000000
0.000000
0.890820
2.956379
0.000000
0.000000
0.000000
0.000000
0.000000
0.424731
0.000000
0.000000
0.000000
0.129320
0.000000
0.000000
0.000000
0.000000
2.561518
0.000000
0.000000
0.000000
0.000000
0.000000
0.000000
0.000000
0.000000
0.552112
0.198456
0.000000
0.112199
0.000000
0.193941
0.000000
0.000000
0.000000
0.000000
0.000000
0.000000
0.000000
0.000000
0.000000
0.600948
0.000000
0.000000
0.506970
0.000000
0.000000
0.000000
0.000000
0.930283
0.000000
1.276508
0.117495
0.000000
0.000000
0.000000
0.000000
0.000000
0.000000
1.359917
0.199299
0.000000
0.000000
0.000000
0.000000
0.000000
0.494322
0.000000
0.000000
2.210673
0.000000
0.000000
1.288324
0.000000
0.000000
0.000000
0.000000
0.000000
0.000000
0.293509
0.000000
0.000000
0.000000
3.034209
0.000000
0.218345
0.000000
0.000000
0.000000
0.000000
0.000000
0.000000
0.000000
0.000000
0.000000
0.000000
0.000000
0.000000
0.000000
0.000000
2.077235
0.000000
0.000000
0.000000
0.000000
0.000000
0.000000
0.000000
0.000000
0.000000
0.000000
0.000000
0.000000
0.000000
0.000000
0.000000
0.000000
0.000000
0.000000
0.000000
0.572333
0.000000
0.000000
0.000000
0.000000
0.000000
1.086283
0.000000
0.000000
0.000000
0.000000
0.000000
0.000000
0.000000
0.000000
2.905133
0.000000
0.000000
0.000000
0.000000
0.000000
0.000000
0.000000
0.000000
0.000000
0.000000
0.000000
0.000000
0.000000
0.000000
0.000000
0.000000
0.000000
0.000000
0.000000
0.941551
0.000000
0.000000
0.000000
0.000000
0.000000
2.531270
0.000000
0.000000
0.000000
0.000000
0.000000
0.000495
0.000000
0.000000
0.000000
0.000000
2.298290
0.000000
0.000000
0.000000
0.000000
0.000000
0.000000
0.000000
0.418724
0.000000
0.000000
0.000000
0.000000
0.000000
0.000000
3.830720
0.000000
0.000000
0.000000
0.000000
0.000000
0.000000
2.208375
1.168785
0.000000
0.000000
0.000000
0.000000
0.000000
0.000000
0.000000
0.000000
0.000000
0.000000
0.000000
0.000000
4.405573
0.000000
0.000000
0.000000
0.000000
0.000000
0.000000
0.000000
0.000000
0.000000
0.000000
0.743156
0.000000
0.000000
0.000000
0.000000
0.000000
0.000000
3.602516
0.000000
0.000000
0.000000
0.000000
0.000000
0.000000
0.000000
0.000000
0.000000
0.000000
0.000000
1.687780
0.000000
0.000000
1.443692
3.495835
0.171997
0.000000
0.000000
0.000000
0.000000
0.000000
0.000000
0.000000
0.056190
0.167789
0.000000
0.000000
0.000000
0.000000
0.000000
0.000000
0.000000
0.000000
0.000000
0.000000
0.000000
0.000000
0.000000
0.000000
1.016229
0.000000
0.000000
1.568514
0.000000
0.000000
0.000000
0.000000
0.204000
0.000000
0.000000
0.000000
0.000000
1.049093
0.309797
0.000000
0.176336
0.000000
0.000000
0.000000
0.000000
0.000000
0.000000
0.000000
0.000000
0.193189
0.000000
0.000000
2.582644
0.000000
0.000000
0.000000
0.131722
0.000000
0.000000
0.000000
0.000000
0.000000
0.000000
0.000000
0.000000
0.000000
0.000000
0.000000
0.000000
0.000000
0.000000
0.000000
0.774338
0.000000
0.000000
0.000000
0.374285
0.000000
0.000000
0.000000
0.000000
0.000000
0.000000
0.000000
0.000000
0.000000
0.000000
0.000000
0.000000
0.000000
0.000000
0.000000
0.000000
0.000000
0.000000
0.000000
0.000000
0.000000
0.000000
0.000000
0.295472
0.000000
0.000000
0.000000
0.000000
0.000000
0.000000
0.000000
0.000000
0.000000
0.000000
0.000000
0.000000
0.000000
0.000000
0.000000
0.000000
1.559543
0.000000
0.000000
0.000000
0.000000
0.000000
0.000000
0.000000
2.270957
0.000000
0.000000
0.000000
0.000000
0.000000
0.000000
0.000000
0.000000
0.000000
0.000000
0.978724
0.000000
2.350815
0.000000
0.000000
0.000000
0.000000
0.000000
0.000000
0.000000
0.000000
1.700099
0.000000
0.000000
0.578688
0.052819
0.000000
1.739189
0.000000
0.000000
0.000000
0.000000
0.000000
0.884317
0.000000
0.000000
0.000000
0.000000
0.000000
0.000000
0.000000
0.000000
0.000000
1.381319
0.000000
0.055123
0.000000
0.000000
1.996727
0.000000
0.055111
0.000000
0.000000
0.000000
0.000000
0.000000
0.000000
0.000000
0.000000
0.000000
0.000000
0.000000
0.000000
0.000000
0.000000
0.000000
0.000000
0.000000
0.000000
0.000000
0.000000
0.000000
0.000000
0.000000
0.000000
2.874444
0.000000
0.000000
0.000000
0.000000
0.000000
0.000000
0.000000
0.000000
0.000000
0.000000
0.807889
0.000000
0.000000
0.000000
1.813091
0.000000
0.000000
0.000000
0.000000
0.000000
0.000000
0.000000
0.000000
0.000000
1.479743
0.000000
0.000000
0.000000
0.000000
0.000000
0.000000
0.000000
1.068659
0.000000
0.000000
0.000000
0.000000
4.047934
0.438112
0.000000
0.000000
0.000000
0.000000
0.782733
0.000000
0.000000
0.000000
0.000000
0.000000
0.000000
0.000000
0.000000
0.000000
0.000000
0.000000
0.000000
0.000000
0.000000
0.000000
1.338098
0.000000
0.046806
0.000000
0.000000
0.000000
0.000000
0.000000
0.000000
0.000000
0.000000
0.000000
0.000000
1.903797
0.000000
0.000000
0.000000
2.071393
0.000000
0.000000
0.000000
0.000000
0.000000
0.000000
0.169872
0.000000
0.000000
0.000000
0.018478
0.000000
0.000000
0.342871
1.906321
0.000000
0.000000
0.000000
0.175275
0.000000
0.000000
0.801826
0.000000
0.046897
0.362025
0.000000
0.436725
0.000000
0.000000
0.000000
0.000000
1.701427
0.000000
0.000000
0.000000
0.000000
0.738900
0.000000
1.572016
0.000000
0.000000
0.000000
0.000000
0.000000
0.000000
0.699326
0.000000
0.000000
0.545126
0.000000
0.229120
0.000000
0.000000
0.000000
0.000000
0.000000
0.280648
0.000000
0.000000
0.000000
0.000000
0.000000
4.473633
0.000000
0.000000
0.000000
0.625146
0.000000
0.000000
0.000000
0.000000
0.000000
1.395581
0.000000
0.000000
0.000000
0.000000
0.000000
0.000000
0.000000
0.350268
0.000000
0.346210
0.000000
1.346483
0.000000
0.000000
3.872606
0.000000
0.903310
0.000000
0.097427
0.000000
0.568185
0.000000
0.000000
0.000000
0.000000
0.000000
2.800224
0.213337
0.000000
0.092898
0.000000
1.395323
2.014263
0.000000
2.144840
0.000000
0.000000
0.000000
0.000000
0.000000
0.052184
0.000000
1.407282
0.000000
0.000000
0.000000
0.000000
0.000000
0.000000
0.000000
0.000000
0.000000
0.000000
0.000000
0.000000
0.000000
0.000000
0.000000
0.000000
0.000000
0.000000
0.000000
0.007025
0.000000
0.000000
0.000000
0.000000
0.000000
1.371801
0.000000
0.000000
0.088693
0.000000
0.000000
1.055001
0.000000
0.000000
0.000000
0.000000
1.355700
0.231968
0.485219
0.000000
0.000000
0.000000
0.000000
0.000000
0.000000
1.567512
0.000000
0.981848
0.000000
0.000000
0.000000
0.000000
0.000000
0.000000
0.000000
0.000000
0.000000
0.000000
1.124446
0.792799
0.000000
0.000000
0.000000
0.000000
0.000000
0.018792
0.000000
0.000000
0.000000
0.000000
0.000000
0.000000
0.000000
0.000000
0.000000
0.000000
0.884413
0.000000
0.000000
0.000000
0.000000
0.000000
0.000000
0.000000
0.000000
0.000000
0.000000
0.000000
0.288715
0.415868
0.000000
0.000000
0.408468
0.000000
0.000000
0.000000
0.000000
0.000000
0.000000
0.000000
0.000000
0.000000
0.000000
0.066622
3.261193
0.000000
0.000000
0.000000
0.000000
0.000000
0.000000
0.000000
0.000000
0.000000
0.000000
0.000000
0.000000
0.000000
0.000000
0.000000
0.000000
0.000000
0.702001
0.000000
1.269572
0.048838
0.000000
0.000000
0.000000
3.844493
3.243608
0.000000
0.000000
0.000000
0.000000
0.000000
0.000000
0.054758
0.000000
0.000000
0.000000
0.000000
0.000000
1.035626
0.000000
0.000000
0.549447
1.781552
0.393748
0.000000
1.603846
0.000000
2.181215
1.141596
0.000000
0.000000
0.000000
0.000000
0.000000
0.000000
0.000000
1.954706
1.567638
0.000000
0.000000
0.000000
0.000000
0.000000
0.000000
0.000000
0.000000
0.000000
0.000000
0.000000
0.000000
0.000000
0.000000
0.000000
0.000000
0.000000
0.000000
0.000000
0.000000
0.000000
0.000000
0.000000
0.000000
0.000000
0.000000
0.000000
0.955451
0.000000
0.000000
0.000000
0.000000
0.119852
2.793287
1.335629
0.193028
0.000000
0.000000
0.000000
0.000000
0.000000
0.000000
0.000000
0.000000
0.692852
0.000000
0.198805
0.352885
0.000000
0.000000
0.000000
0.000000
0.000000
0.000000
0.000000
0.000000
0.719218
0.000000
0.000000
0.000000
0.000000
0.000000
0.000000
0.000000
0.000000
0.000000
0.000000
0.782161
0.938721
0.971017
0.000000
0.000000
0.000000
0.000000
0.000000
0.000000
0.000000
0.000000
0.000000
0.000000
1.056278
0.000000
0.000000
0.000000
0.000000
0.000000
0.000000
0.000000
0.000000
0.435036
0.000000
0.000000
0.000000
0.000000
0.000000
0.000000
0.000000
0.000000
0.000000
0.000000
0.000000
0.000000
0.189951
0.000000
0.000000
0.000000
0.000000
0.000000
0.000000
0.000000
1.713400
0.462419
0.000000
0.000000
0.000000
0.519228
0.000000
0.000000
0.000000
0.048257
0.000000
0.000000
2.733902
0.785368
0.000000
0.000000
0.000000
0.000000
0.000000
0.000000
0.099578
0.374803
0.000000
0.000000
0.000000
0.000000
0.000000
0.000000
0.000000
2.097034
0.000000
0.000000
0.000000
0.000000
3.488238
0.000000
0.000000
0.000000
0.000000
0.000000
0.392941
0.000000
0.000000
0.000000
0.000000
0.000000
0.000000
0.000000
0.000000
0.000000
0.000000
0.000000
0.322908
0.000000
0.600693
0.000000
0.000000
0.000000
0.000000
0.299995
0.000000
0.000000
1.173484
0.000000
0.000000
0.000000
0.000000
0.000000
0.000000
0.000000
0.000000
0.514152
1.190680
0.000000
0.000000
0.000000
0.000000
0.000000
0.000000
0.000000
0.000000
0.364264
0.000000
0.000000
0.000000
0.000000
0.000000
0.000000
0.000000
0.000000
0.000000
0.000000
0.000000
0.000000
1.891694
0.000000
0.000000
0.838674
0.639124
0.000000
0.918317
0.000000
0.000000
0.000000
0.000000
0.000000
0.227611
0.000000
0.000000
0.000000
0.000000
0.000000
0.000000
0.000000
0.000000
0.000000
0.000000
1.535802
0.000000
0.000000
0.000000
0.000000
0.000000
0.000000
0.000000
0.000000
0.000000
1.549075
1.601763
0.000000
0.000000
0.000000
0.000000
0.000000
0.000000
0.000000
0.000000
0.000000
0.000000
0.000000
2.040331
0.000000
0.877747
0.000000
0.000000
0.000000
0.000000
0.000000
0.000000
0.000000
0.000000
0.000000
0.000000
0.000000
3.583440
0.000000
0.000000
0.000000
0.000000
0.000000
0.000000
0.000000
1.509132
0.000000
0.000000
0.000000
0.000000
0.000000
0.000000
0.000000
0.000000
0.000000
0.000000
0.000000
0.000000
0.000000
0.809930
1.441830
0.000000
2.667966
0.241883
0.000000
1.690148
0.000000
0.000000
0.000000
0.795804
0.000000
0.000000
0.000000
0.000000
0.000000
0.244931
0.000000
0.000000
0.000000
0.000000
0.000000
0.381424
2.368116
0.000000
0.000000
0.680600
0.000000
1.392195
0.000000
0.000000
0.000000
0.000000
0.000000
0.000000
0.000000
0.000000
0.000000
0.000000
0.000000
0.000000
2.056437
0.000000
0.000000
0.000000
0.000000
0.000000
4.292694
0.000000
0.000000
0.000000
0.090833
0.000000
0.000000
0.000000
0.000000
0.000000
0.000000
0.000000
0.000000
0.000000
0.000000
0.000000
0.755202
0.000000
0.000000
1.946674
0.000000
0.000000
0.000000
0.000000
2.381271
0.000000
0.000000
0.000000
0.000000
0.000000
0.000000
0.065105
0.000000
0.000000
0.000000
0.000000
1.142809
0.000000
0.000000
0.000000
0.000000
0.000000
0.000000
1.440729
0.000000
0.000000
0.000000
1.464984
0.000000
0.000000
0.000000
0.000000
0.804958
0.165240
1.180105
0.000000
0.000000
0.000000
0.000000
0.000000
0.000000
0.000000
0.000000
0.000000
0.000000
0.000000
0.000000
0.000000
0.000000
0.000000
0.000000
3.280994
0.525739
0.000000
0.000000
1.354713
0.000000
0.000000
0.000000
0.000000
0.000000
0.000000
0.000000
0.000000
1.909665
0.000000
0.000000
0.000000
0.000000
0.000000
0.000000
0.000000
0.178490
0.000000
0.000000
0.000000
0.114038
0.000000
2.082292
0.000000
0.000000
0.000000
0.000000
0.353594
0.000000
0.000000
0.000000
0.000000
0.000000
0.000000
0.000000
0.864152
0.000000
0.000000
0.000000
0.000000
0.996127
0.000000
0.000000
1.078345
0.596417
0.000000
0.000000
0.000000
0.000000
0.000000
0.000000
0.000000
0.000000
0.000000
0.000000
0.786797
2.935919
0.000000
0.000000
0.000000
1.983878
0.000000
0.000000
0.000000
0.000000
0.000000
0.000000
3.503038
0.000000
0.407256
0.000000
0.000000
0.000000
0.000000
0.000000
0.000000
1.416144
0.000000
2.170425
0.000000
0.298132
0.000000
0.000000
0.000000
0.000000
0.000000
0.000000
0.317639
0.000000
0.000000
0.000000
0.000000
0.000000
0.000000
2.241475
0.365434
0.000000
0.000000
3.322799
0.000000
1.655940
0.000000
3.425714
0.000000
0.000000
0.000000
0.000000
0.000000
0.000000
0.000000
0.000000
0.221873
0.000000
0.000000
2.924067
2.924497
0.000000
0.000000
0.000000
0.000000
0.000000
4.230387
2.701080
0.000000
0.359277
0.000000
0.000000
0.636815
0.000000
0.000000
0.000000
0.000000
0.000000
0.000000
0.624025
3.552539
0.000000
0.056022
0.000000
0.037994
0.000000
0.000000
0.000000
0.000000
0.000000
0.000000
0.000000
0.000000
0.000000
0.000000
0.000000
0.000000
0.000000
0.000000
0.000000
0.000000
0.000000
0.000000
0.000000
0.000000
1.709195
0.000000
0.000000
0.000000
0.000000
0.000000
0.000000
0.000000
0.000000
0.000000
0.000000
2.055311
0.000000
0.000000
0.000000
0.000000
0.000000
0.000000
0.000000
0.000000
0.000000
4.302862
0.000000
0.000000
0.000000
0.152848
2.122154
0.000000
0.000000
0.000000
0.888217
0.000000
0.000000
0.000000
0.000000
0.000000
0.000000
0.000000
0.000000
0.000000
0.000000
0.066022
0.000000
0.000000
0.000000
0.000000
0.103292
0.000000
0.000000
0.000000
0.000000
0.000000
0.000000
0.164403
0.000000
0.000000
0.000000
0.000000
0.000000
0.000000
0.000000
2.597545
0.000000
0.000000
0.000000
0.000000
0.000000
0.415205
0.000000
5.011383
0.000000
0.847457
0.000000
0.183051
0.000000
0.000000
0.000000
0.000000
0.000000
0.000000
0.000000
1.403159
0.000000
0.000000
0.000000
0.000000
0.000000
0.000000
0.000000
0.000000
0.000000
0.000000
0.000000
1.756204
0.000000
0.162995
0.000000
0.417457
0.000000
0.000000
0.000000
0.000000
0.000000
0.000000
2.080915
0.000000
0.000000
0.000000
0.000000
0.000000
0.000000
0.266580
0.000000
0.000000
0.000000
0.000000
0.000000
0.220489
0.548162
0.000000
0.000000
0.000000
0.000000
0.000000
0.000000
0.000000
0.000000
0.000000
0.000000
0.000000
0.000000
0.000000
0.000000
0.000000
0.000000
0.000000
0.000000
0.000000
0.000000
0.000000
0.000000
0.000000
0.000000
0.000000
0.000000
0.464014
0.000000
0.000000
0.000000
0.000000
0.000000
0.000000
0.000000
0.000000
0.000000
0.000000
1.073335
1.064778
0.620954
0.000000
0.000000
0.000000
0.675435
0.000000
0.000000
0.000000
0.000000
0.000000
0.000000
0.000000
0.000000
0.000000
0.870780
0.000000
0.000000
0.000000
0.000000
0.000000
0.000000
0.000000
0.000000
0.341079
0.000000
0.140469
0.062834
0.000000
0.000000
1.464356
0.000000
0.000000
0.000000
0.000000
0.000000
0.000000
0.858905
2.060431
1.335335
0.000000
0.000000
0.000000
0.000000
0.000000
0.000000
0.000000
0.000000
0.000000
0.000000
0.000000
0.000000
0.000000
0.000000
0.000000
0.000000
0.000000
0.008568
0.417208
0.000000
0.000000
0.000000
0.423724
0.523182
2.303484
2.742142
0.000000
2.629637
0.000000
0.000000
0.018403
0.000000
0.000000
0.000000
2.379878
0.000000
0.000000
0.000000
0.000000
0.000000
0.000000
0.000000
0.000000
0.000000
3.541261
0.000000
0.066088
0.000000
0.000000
0.268547
0.000000
0.000000
0.000000
0.000000
0.000000
0.000000
2.009507
0.000000
0.000000
0.000000
1.477749
0.000000
3.131709
0.000000
0.000000
0.000000
0.000000
0.000000
1.974299
0.000000
1.257707
0.000000
0.000000
0.000000
0.000000
0.000000
1.084671
0.000000
0.000000
0.000000
0.000000
0.000000
0.000000
0.000000
0.000000
0.000000
0.000000
0.000000
0.000000
0.000000
1.535022
0.000000
0.000000
0.000000
0.000000
0.000000
0.146682
0.000000
0.000000
0.000000
0.000000
0.000000
0.000000
0.000000
0.000000
0.000000
2.655887
0.000000
0.000000
0.000000
0.000000
0.000000
0.000000
0.149165
0.000000
0.000000
0.000000
0.000000
0.000000
0.000000
0.000000
0.000000
1.162135
0.000000
0.000000
0.000000
0.000000
0.000000
0.000000
0.000000
0.000000
0.000000
0.000000
0.000000
0.000000
0.000000
0.000000
0.000000
0.000000
0.000000
0.000000
0.000000
0.000000
0.000000
0.000000
0.000000
0.000000
0.752357
0.000000
0.000000
0.000000
0.000000
0.000000
0.000000
0.000000
0.000000
0.000000
0.000000
0.000000
1.133072
0.000000
1.890564
0.000000
0.000000
0.000000
0.000000
0.000000
0.000000
2.551592
0.000000
0.000000
1.062469
0.000000
0.000000
0.000000
0.000000
1.948738
0.000000
0.000000
0.000000
0.744990
0.000000
0.000000
0.000000
0.000000
0.000000
0.000000
0.000000
0.000000
0.000000
3.626773
0.000000
0.000000
0.000000
0.000000
1.856035
0.000000
0.954342
0.000000
0.000000
1.851311
0.000000
0.000000
0.414385
0.000000
0.787379
0.000000
0.000000
2.374264
0.205300
0.000000
0.000000
0.000000
0.023562
0.000000
0.000000
0.000000
0.000000
0.000000
0.000000
0.000000
0.000000
0.000000
0.000000
0.000000
0.000000
0.000000
0.000000
0.000000
0.000000
0.309868
0.000000
0.000000
0.000000
0.000000
0.680592
0.703954
0.904681
0.000000
0.000000
0.963214
0.895726
0.000000
0.000000
0.000000
0.000000
0.000000
0.000000
1.379537
0.000000
0.000000
0.000000
0.144618
0.000000
0.000000
0.060455
0.000000
0.000000
0.000000
0.000000
0.000000
0.000000
0.000000
0.000000
0.400721
0.000000
0.000000
0.000000
0.000000
1.548105
0.000000
0.000000
0.000000
0.151786
0.000000
0.000000
0.000000
0.000000
0.000000
0.000000
1.615035
0.000000
0.000000
0.524121
2.638870
0.000000
0.506649
0.000000
1.402058
0.000000
0.000000
2.688311
1.086735
0.000000
0.000000
0.000000
0.000000
0.048405
0.000000
0.000000
0.000000
0.707852
0.184376
0.000000
0.000000
2.553910
0.000000
0.000000
0.000000
0.000000
0.000000
0.000000
0.000000
0.000000
0.000000
0.127096
1.980475
0.000000
0.000000
0.000000
0.000000
0.000000
0.744835
0.298723
0.000000
0.000000
0.000000
1.961738
0.000000
0.000000
0.000000
0.000000
0.000000
0.000000
0.000000
0.000000
1.074551
0.000000
0.000000
0.000000
0.646225
1.283427
0.000000
0.000000
0.973718
0.000000
0.000000
0.000000
0.000000
0.000000
0.000000
1.952729
0.000000
0.000000
0.000000
0.000000
0.000000
0.000000
0.000000
0.000000
0.000000
0.000000
0.000000
0.000000
0.000000
0.000000
0.000000
2.625980
0.000000
0.000000
0.000000
0.000000
0.000000
0.000000
0.392951
0.000000
0.000000
0.000000
0.679482
0.000000
0.000000
0.000000
0.000000
0.000000
0.000000
0.002345
0.000000
0.000000
0.000000
0.000000
0.965236
0.000000
0.425742
0.000000
0.000000
0.000000
0.000000
1.781406
0.000000
0.000000
0.000000
0.000000
0.063053
0.000000
0.000000
0.331396
0.000000
0.000000
0.000000
0.000000
2.027361
0.690799
0.491362
0.000000
0.000000
0.000000
0.000000
0.222685
0.000000
0.000000
0.000000
0.000000
1.078176
0.000000
0.000000
0.000000
0.000000
0.000000
0.000000
0.000000
0.000000
0.000000
0.000000
0.141817
0.000000
0.000000
0.000000
0.000000
0.000000
0.000000
0.861076
2.281779
0.506309
0.000000
0.000000
0.000000
1.981625
0.000000
0.000000
0.000000
3.422703
0.000000
0.000000
0.000000
0.000000
0.000000
0.000000
0.000000
0.000000
1.126243
0.374909
0.000000
0.475750
1.750884
0.000000
0.000000
0.000000
0.000000
0.000000
0.805618
0.000000
0.000000
0.000000
0.000000
0.000000
0.000000
0.197475
0.000000
0.000000
0.000000
0.000000
0.000000
0.000000
0.000000
0.000000
0.000000
0.000000
0.616906
0.935214
0.000000
0.692435
0.000000
0.000000
0.000000
0.000000
0.000000
0.000000
0.000000
0.000000
0.000000
0.000000
0.000000
0.000000
2.090643
0.000000
0.000000
0.000000
0.000000
0.000000
0.000000
0.066791
0.838490
0.000000
0.417385
0.000000
0.000000
0.000000
0.000000
2.401788
0.000000
0.000000
0.000000
0.000000
0.000000
0.000000
1.493722
0.000000
0.000000
0.000000
0.000000
0.000000
0.000000
0.000000
0.000000
0.000000
0.000000
0.000000
0.000000
0.000000
0.000000
1.371453
0.000000
0.000000
0.000000
0.032179
0.000000
0.000000
2.143177
0.000000
0.000000
0.000000
0.000000
0.000000
0.000000
0.629182
0.000000
0.000000
0.000000
0.000000
0.000000
0.000000
0.000000
0.000000
0.672107
0.000000
0.000000
0.000000
0.000000
0.000000
0.000000
0.700598
0.000000
1.008706
0.000000
0.000000
0.000000
0.000000
0.000000
0.000000
0.000000
0.000000
0.000000
0.408509
0.000000
0.000000
0.000000
0.000000
0.000000
0.000000
0.000000
0.000000
0.000000
0.000000
0.000000
0.000000
0.000000
0.000000
0.000000
0.000000
0.000000
0.000000
2.955359
0.000000
0.000000
0.000000
0.000000
1.304910
0.000000
0.000000
0.000000
3.889558
4.243733
0.000000
0.000000
0.000000
0.000000
0.471139
0.000000
0.000000
1.784718
1.408620
0.000000
0.000000
0.000000
0.000000
0.000000
1.696733
0.677732
0.000000
0.000000
2.055726
0.000000
0.000000
0.000000
0.000000
0.000000
0.000000
0.000000
0.000000
0.135743
0.000000
4.080205
0.109879
0.000000
0.000000
0.000000
0.000000
0.000000
0.000000
0.355004
0.000000
0.000000
0.000000
0.000000
0.000000
0.260694
0.000000
0.000000
0.000000
0.000000
0.742989
0.000000
0.000000
0.000000
0.000000
0.527332
0.000000
0.000000
0.000000
0.000000
1.368914
0.000000
0.000000
0.000000
0.000000
0.000000
0.000000
0.000000
0.000000
0.000000
0.000000
0.000000
0.000000
0.854809
0.000000
0.018187
0.000000
0.000000
0.000000
0.000000
0.000000
0.000000
0.000000
0.000000
0.000000
0.000000
0.000000
0.000000
0.000000
0.549612
0.000000
0.000000
0.000000
0.000000
0.000000
0.000000
0.000000
0.000000
0.000000
0.000000
0.000000
0.000000
0.000000
0.000000
0.000000
0.000000
0.000000
0.000000
0.000000
0.000000
0.000000
2.014402
0.000000
0.000000
0.000000
0.000000
1.269170
0.428870
0.000000
0.000000
0.551597
0.000000
0.000000
3.037822
1.273440
0.000000
0.000000
0.000000
0.068607
0.000000
0.000000
0.000000
0.000000
0.000000
0.000000
0.578281
1.765005
0.000000
0.000000
0.000000
0.000000
0.000000
0.000000
0.000000
0.496924
0.000000
0.000000
0.694134
0.000000
0.016409
2.846696
0.000000
0.000000
0.000000
1.002261
0.000000
0.000000
0.000000
0.000000
1.701485
0.000000
0.000000
0.000000
0.000000
0.000000
0.000000
0.000000
0.000000
2.919220
0.000000
0.000000
0.350698
0.000000
0.000000
0.000000
2.607402
0.000000
0.000000
0.000000
1.099758
0.000000
0.000000
0.000000
0.000000
0.000000
0.000000
0.000000
0.000000
0.000000
0.000000
0.000000
0.000000
2.821903
0.000000
0.000000
0.000000
0.000000
2.902698
0.000000
0.588773
0.000000
0.000000
0.000000
0.000000
0.155488
0.000000
0.000000
0.000000
0.000000
0.268477
0.000000
1.072411
0.000000
1.264657
0.000000
0.000000
0.788037
0.092777
0.000000
0.000000
0.000000
0.000000
0.000000
0.000000
1.544860
0.000000
0.015625
0.000000
0.000000
0.000000
1.103730
0.000000
1.266883
0.000000
0.000000
0.000000
0.000000
0.000000
0.837504
0.000000
0.000000
0.000000
0.000000
0.000000
0.000000
0.000000
0.000000
0.026593
0.000000
0.000000
0.805365
0.000000
3.235165
0.000000
1.099317
0.000000
0.000000
0.000000
0.000000
0.000000
0.000000
0.000000
1.296744
0.000000
0.000000
0.000000
0.404641
0.000000
0.000000
0.662055
0.000000
0.000000
0.000000
0.000000
0.000000
0.000000
0.000000
1.167192
0.413432
0.000000
0.000000
1.034970
0.000000
0.000000
0.000000
0.062712
0.000000
0.000000
0.000000
0.000000
0.000000
2.691120
0.000000
0.000000
0.000000
0.000000
0.000000
0.000000
0.000000
0.000000
0.701702
0.000000
0.000000
0.000000
0.000000
0.000000
0.218433
0.000000
0.000000
0.000000
0.000000
0.000000
0.000000
0.000000
0.000000
0.000000
0.000000
0.000000
0.000000
0.000000
0.000000
0.000000
0.000000
0.000000
0.000000
0.000000
0.000000
0.000000
0.000000
0.000000
1.526016
0.000000
0.000000
0.000000
0.000000
0.000000
0.000000
0.000000
0.000000
0.000000
0.000000
0.000000
0.000000
0.000000
0.000000
0.000000
0.266152
0.099071
0.000000
0.000000
0.000000
0.000000
2.875789
0.000000
0.000000
0.241410
0.000000
0.000000
0.000000
0.000000
0.000000
0.000000
0.000000
0.000000
0.000000
0.000000
0.000000
0.497438
0.000000
0.323516
0.000000
0.000000
0.740521
3.189725
0.000000
0.000000
0.000000
0.000000
0.000000
0.000000
0.000000
0.000000
1.225554
0.000000
0.000000
0.000000
0.000000
0.000000
0.000000
2.308619
0.000000
0.000000
0.000000
0.056452
0.000000
0.000000
0.000000
0.309718
0.000000
0.659148
0.000000
0.000000
0.000000
3.126868
0.000000
0.000000
0.000000
0.535329
0.000000
0.000000
0.000000
0.000000
0.000000
0.980940
0.979333
0.000000
0.000000
0.000000
0.000000
2.005566
0.000000
0.000000
0.000000
0.000000
0.081424
0.000000
0.000000
0.467499
0.000000
0.000000
0.000000
0.000000
0.000000
0.000000
0.000000
1.187845
0.000000
0.694066
0.000000
0.000000
0.000000
0.000000
0.000000
0.000000
1.547304
0.000000
0.771414
0.000000
0.368321
0.000000
0.149550
0.312345
0.000000
0.000000
0.000000
0.000000
0.000000
0.000000
1.820211
0.000000
0.000000
0.816619
0.000000
1.637033
0.000000
0.000000
4.462729
1.760216
0.000000
0.265810
0.000000
5.300586
0.000000
0.000000
0.000000
0.482241
0.000000
0.000000
0.596682
0.000000
0.000000
0.000000
0.000000
0.000000
0.000000
0.000000
0.000000
0.000000
0.000000
3.105065
0.000000
0.000000
0.000000
0.000000
0.000000
0.000000
0.000000
1.491646
0.000000
0.000000
0.000000
0.000000
0.000000
0.000000
0.000000
0.000000
0.000000
0.000000
0.000000
1.472756
0.000000
0.000000
1.789966
0.000000
0.000000
0.000000
0.000000
0.000000
0.000000
0.000000
0.000000
0.000000
0.985699
0.000000
0.000000
0.000000
0.177542
0.000000
0.000000
0.000000
0.000000
0.000000
0.000000
0.000000
0.000000
0.000000
0.000000
0.000000
0.000000
0.000000
0.000000
0.000000
0.000000
0.000000
0.501066
0.000000
0.000000
0.000000
0.000000
0.000000
0.000000
1.822851
0.000000
0.000000
0.000000
0.000000
1.160728
0.000000
0.000000
0.000000
0.000000
0.000000
0.388558
0.000000
0.000000
0.000000
0.000000
0.312527
0.000000
0.000000
0.000000
0.000000
0.000000
0.000000
0.000000
0.000000
0.000000
0.000000
0.000000
0.000000
0.000000
0.000000
0.000000
0.000000
0.754466
0.000000
0.000000
0.000000
0.000000
0.000000
0.000000
0.000000
0.000000
0.000000
0.000000
1.367171
0.229629
0.000000
1.154678
0.000000
0.000000
0.539687
0.000000
0.000000
0.000000
0.000000
0.000000
0.000000
5.080623
2.617241
0.000000
0.000000
0.000000
0.000000
0.000000
0.000000
0.000000
0.000000
0.000000
1.797013
0.000000
0.000000
0.000000
0.000000
0.000000
0.000000
0.336536
0.000000
0.000000
0.485775
0.000000
0.000000
0.000000
0.000000
0.000000
0.000000
0.000000
0.000000
0.000000
0.000000
0.000000
1.550032
0.000000
2.229295
0.000000
0.000000
0.000000
0.544973
0.000000
0.000000
0.000000
0.000000
2.319402
0.083859
0.000000
0.000000
0.000000
0.000000
0.000000
0.000000
1.891874
0.000000
0.715727
0.000000
0.000000
0.000000
0.000000
0.000000
0.000000
0.000000
0.000000
0.000000
0.000000
0.000000
0.000000
0.000000
0.000000
1.014830
0.876207
0.000000
0.000000
0.000000
0.000000
0.000000
0.000000
0.000000
0.000000
0.349586
0.000000
0.000000
0.000000
0.597591
0.106115
0.000000
0.000000
0.000000
0.643902
0.000000
0.000000
0.254902
0.976595
0.621832
0.000000
0.000000
0.000000
0.000000
0.000000
0.000000
0.000000
2.514583
0.000000
0.000000
0.000000
0.238780
0.000000
0.696258
0.000000
0.000000
0.000000
0.000000
0.000000
0.000000
0.000000
0.000000
0.000000
1.349015
0.000000
0.000000
0.000000
0.192180
0.000000
0.000000
0.000000
0.000000
6.510821
0.000000
0.000000
0.696478
0.000000
0.000000
0.000000
1.981850
0.000000
0.223813
1.970462
0.990445
1.889667
0.000000
0.000000
0.000000
0.000000
0.000000
0.232260
0.000000
0.000000
0.000000
2.876125
0.000000
0.000000
0.000000
0.000000
0.000000
0.000000
0.411290
0.000000
2.609403
0.000000
0.000000
0.000000
0.000000
0.000000
0.000000
0.000000
0.000000
0.000000
0.000000
0.000000
0.766226
0.000000
0.000000
0.000000
0.000000
0.000000
0.000000
0.000000
0.000000
0.000000
0.000000
0.000000
0.000000
0.000000
0.000000
0.000000
0.582811
0.000000
0.000000
0.000000
0.000000
1.850829
0.000000
0.000000
0.000000
0.000000
0.536042
0.000000
0.000000
0.000000
2.377084
0.000000
0.056784
1.137399
0.000000
0.000000
0.000000
0.000000
0.000000
0.000000
0.000000
0.756494
0.000000
0.000000
0.078695
0.000000
0.000000
0.000000
0.000000
0.000000
0.000000
0.000000
0.000000
0.000000
0.819241
0.000000
0.000000
0.000000
0.000000
0.000000
0.000000
0.000000
0.000000
0.000000
0.000000
0.055493
0.000000
0.000000
3.891260
0.000000
0.324812
2.236049
0.000000
0.933258
0.485757
0.000000
1.099156
0.000000
0.000000
0.000000
0.190790
0.000000
0.000000
0.505834
0.000000
0.000000
0.000000
0.000000
1.669219
0.000000
0.000000
0.000000
0.000000
0.000000
0.000000
2.376568
0.000000
0.000000
0.000000
0.000000
0.000000
0.000000
0.000000
0.000000
0.000000
0.330378
0.000000
0.000000
0.000000
0.000000
0.000000
0.000000
0.000000
0.224579
0.000000
2.580235
0.000000
2.020066
0.000000
0.000000
0.000000
0.000000
0.000000
0.000000
0.222522
0.000000
1.128483
0.000000
0.000000
0.000000
0.000000
1.593836
0.000000
1.508440
0.000000
0.000000
0.000000
0.000000
0.000000
0.353126
0.000000
0.492057
0.000000
0.000000
0.000000
0.000000
0.180183
3.544984
0.000000
0.969818
1.447874
0.000000
0.000000
0.000000
0.000000
0.000000
0.000000
0.000000
1.478792
0.561852
4.175073
0.000000
0.000000
0.000000
0.222463
1.572294
0.325929
0.000000
0.426199
0.000000
0.000000
0.000000
0.000000
0.000000
0.000000
0.000000
0.000000
0.000000
0.000000
0.000000
0.000000
0.000000
0.000000
0.000000
0.000000
0.000000
0.000000
0.000000
0.000000
0.000000
0.000000
0.000000
0.000000
0.000000
0.000000
0.000000
0.000000
0.000000
0.000000
0.000000
0.000000
0.000000
0.000000
0.000000
0.000000
0.000000
0.997837
0.000000
0.000000
0.000000
0.000000
0.000000
0.000000
0.000000
0.000000
0.000000
0.000000
0.000000
0.000000
0.000000
0.000000
0.000000
0.000000
0.821149
0.000000
0.000000
0.000000
0.000000
0.000000
0.000000
0.000000
0.000000
0.014311
0.000000
0.000000
1.070801
4.305350
0.000000
0.000000
0.000000
0.000000
0.000000
2.632099
0.000000
0.664049
0.000000
0.000000
0.000000
0.000000
0.532710
0.000000
0.000000
1.450554
0.000000
0.000000
0.000000
0.000000
0.000000
0.873358
0.000000
0.000000
0.000000
0.000000
0.000000
0.000000
0.259107
0.000000
0.000000
0.000000
0.000000
0.000000
0.000000
0.000000
0.000000
2.087699
0.000000
0.000000
0.000000
0.000000
0.000000
3.718660
0.000000
0.000000
0.000000
0.000000
2.339540
0.000000
0.000000
0.000000
0.000000
0.017175
0.000000
0.000000
0.000000
0.000000
0.000000
0.000000
0.160369
0.000000
0.000000
0.000000
0.000000
0.354829
0.000000
0.000000
0.000000
0.473330
0.000000
0.000000
0.000000
0.370083
0.000000
0.000000
0.000000
0.013717
0.000000
0.000000
0.000000
0.000000
1.908596
0.000000
0.000000
0.000000
1.687219
0.000000
0.000000
0.000000
0.000000
0.000000
0.774330
0.000000
0.000000
0.000000
0.000000
0.000000
0.000000
0.000000
0.124539
0.000000
0.000000
0.000000
0.000000
4.472031
0.000000
0.000000
0.000000
0.000000
0.000000
0.000000
0.000000
0.277276
3.176871
5.855289
0.000000
0.000000
0.000000
0.000000
0.000000
0.000000
0.000000
0.718789
0.000000
0.000000
0.000000
0.000000
0.000000
0.537794
0.637096
1.203343
0.000000
0.000000
0.000000
0.000000
0.520655
0.000000
0.000000
0.000000
0.000000
0.600030
0.474153
0.148234
1.029898
0.000000
0.000000
0.000000
0.000000
0.000000
0.000000
0.000000
0.000000
0.000000
0.000000
0.000000
1.911363
0.482975
0.000000
0.000000
0.000000
0.000000
0.000000
0.000000
0.000000
0.000000
0.000000
0.000000
0.080736
0.000000
0.373046
0.000000
0.000000
0.000000
0.000000
1.843673
0.000000
0.000000
1.072691
0.000000
0.000000
2.369963
0.000000
1.753796
0.000000
0.000000
0.000000
0.000000
0.000000
0.783190
0.000000
0.000000
0.691247
0.000000
0.714408
0.000000
0.000000
0.000000
0.000000
0.000000
0.000000
0.000000
1.093785
0.000000
0.000000
0.000000
0.000000
0.000000
0.000000
0.000000
0.000000
0.000000
0.000000
0.832602
0.000000
0.000000
0.000000
0.000000
0.000000
0.000000
0.000000
0.000000
0.000000
0.000000
0.000000
0.000000
0.542635
0.000000
0.000000
0.000000
0.000000
0.000000
0.000000
0.000000
0.000000
0.000000
0.249921
0.000000
0.105165
0.000000
2.080280
0.000000
0.000000
3.024335
0.000000
0.000000
0.248710
0.000000
0.000000
0.000000
0.578759
0.000000
0.000000
4.383978
0.000000
0.000000
0.000000
0.000000
0.640311
0.000000
0.000000
1.076866
0.000000
0.000000
0.178670
0.000000
0.000000
0.245360
