0.000000
0.000000
0.000000
0.000000
0.000000
0.000000
0.000000
3.038484
0.000000
0.000000
0.000000
0.000000
0.000000
0.000000
0.000000
0.000000
0.000000
0.000000
0.000000
0.000000
0.000000
0.000000
1.544199
0.414983
1.554039
0.000000
0.000000
0.000000
0.000000
0.000000
0.000000
0.000000
0.000000
0.000000
0.000000
0.000000
0.000000
0.000000
0.000000
0.000000
0.000000
0.000000
0.000000
0.000000
0.000000
0.000000
0.000000
0.000000
0.000000
0.000000
0.000000
0.000000
0.000000
0.000000
0.000000
0.000000
0.000000
0.000000
0.000000
0.000000
2.939047
1.749894
0.000000
0.279707
0.000000
0.000000
0.000000
0.000000
0.000000
0.000000
1.614856
0.000000
0.000000
0.777522
0.000000
0.818097
0.000000
0.000000
0.000000
0.000000
0.000000
0.000000
0.000000
0.000000
0.000000
0.000000
0.000000
0.000000
0.000000
0.000000
0.000000
0.621239
0.929413
0.000000
0.000000
0.000000
0.000000
0.000000
0.644200
0.000000
0.000000
0.000000
0.000000
0.000000
0.000000
0.000000
0.000000
0.000000
0.000000
0.000000
0.000000
0.000000
0.000000
0.209984
0.374035
0.000000
0.000000
0.000000
0.000000
0.000000
0.000000
1.797283
0.000000
0.000000
0.000000
0.000000
0.187056
0.000000
1.169681
0.000000
0.000000
0.000000
0.000000
0.000000
0.000000
0.000000
0.000000
0.000000
0.000000
0.000000
0.000000
0.000000
1.136601
0.000000
0.000000
0.000000
0.000000
0.000000
0.000000
0.000000
0.000000
0.000000
0.000000
0.000000
2.642652
0.000000
0.000000
0.563972
0.000000
0.000000
0.000000
0.000000
0.000000
0.000000
0.000000
0.000000
0.000000
0.000000
2.216429
0.000000
0.000000
0.000000
0.000000
0.000000
0.000000
0.267024
0.000000
0.000000
0.338775
0.000000
0.000000
0.000000
0.888789
0.000000
0.000000
0.000000
0.000000
0.000000
0.000000
0.000000
0.000000
0.000000
0.000000
0.000000
0.000000
0.000000
0.351738
0.000000
0.810536
0.000000
0.000000
2.232794
0.000000
0.000000
0.000000
0.184905
0.000000
0.000000
0.000000
1.246741
0.000000
0.000000
0.000000
0.110925
0.000000
0.000000
0.000000
0.000000
0.000000
0.000000
0.000000
0.000000
0.000000
0.000000
0.000000
0.000000
0.000000
0.294486
0.000000
0.000000
0.000000
0.000000
0.000000
2.317271
0.000000
0.000000
0.000000
0.009015
0.000000
0.000000
0.000000
0.000000
0.000000
0.000000
0.234448
0.000000
0.000000
0.158092
0.000000
0.000000
0.000000
0.000000
0.000000
1.149104
0.000000
0.000000
0.000000
1.489415
0.000000
0.000000
0.000000
0.470266
0.348344
0.000000
0.000000
0.000000
0.000000
0.000000
1.013380
0.000000
0.000000
0.000000
0.000000
0.000000
0.000000
0.000000
0.000000
0.000000
0.384536
0.000000
0.000000
0.000000
0.000000
0.000000
0.000000
1.639112
0.000000
0.000000
0.000000
0.000000
0.000000
0.000000
0.000000
0.000000
0.000000
0.000000
0.000000
0.000000
1.941390
1.033995
2.964804
0.000000
0.000000
0.000000
0.000000
0.000000
1.777771
0.000000
0.000000
0.000000
0.000000
0.000000
0.000000
0.000000
0.000000
0.000000
0.000000
0.000000
0.000000
0.802125
0.000000
0.000000
0.000000
0.000000
0.000000
0.000000
0.000000
0.000000
0.000000
0.000000
0.000000
1.898659
0.000000
0.000000
0.000000
0.000000
0.071295
1.472773
0.819763
0.000000
0.000000
0.000000
1.895960
0.000000
0.036768
0.000000
2.196739
0.000000
0.000000
0.000000
0.000000
0.388555
0.000000
0.595480
0.000000
0.000000
0.000000
0.605537
0.000000
0.000000
0.000000
0.000000
0.000000
0.000000
0.250852
2.748015
0.000000
0.000000
0.000000
0.000000
0.000000
0.000000
0.000000
0.000000
0.000000
0.000000
0.000000
0.000000
0.000000
0.000000
0.000000
0.000000
0.621642
0.000000
0.000000
0.000000
0.000000
0.000000
0.000000
0.000000
0.000000
0.000000
0.000000
0.673061
0.000000
0.000000
0.000000
0.000000
0.000000
0.000000
0.000000
0.000000
0.541214
0.000000
0.000000
0.000000
0.000000
1.517001
0.000000
0.000000
0.000000
0.000000
0.000000
0.000000
0.000000
1.793920
0.000000
0.000000
1.054003
0.000000
0.000000
0.000000
0.000000
0.000000
2.204670
0.000000
0.000000
0.000000
0.000000
0.000000
0.000000
0.004805
1.582967
0.000000
0.000000
0.000000
0.000000
0.000000
0.000000
0.000000
0.000000
0.000000
0.000000
0.000000
0.000000
0.000000
0.000000
0.000000
0.000000
0.000000
0.000000
0.000000
0.000000
0.000000
0.000000
0.000000
0.000000
0.202830
0.000000
0.000000
0.000000
2.901175
1.069448
0.000000
0.000000
0.000000
2.329531
0.000000
0.000000
0.247741
0.000000
0.000000
0.000000
0.000000
0.000000
0.000000
0.703070
0.000000
0.000000
0.000000
0.000000
0.000000
0.000000
0.000000
0.000000
2.326943
0.000000
0.000000
0.000000
0.000000
0.000000
0.000000
0.000000
1.885827
3.495350
0.000000
0.000000
0.000000
0.000000
0.000000
0.000000
0.000000
0.000000
1.549268
0.000000
0.000000
0.000000
0.000000
0.000000
0.000000
0.000000
0.000000
0.000000
0.000000
0.000000
0.000000
0.000000
0.000000
0.000000
0.000000
0.000000
0.000000
0.000000
0.000000
0.000000
0.000000
0.000000
0.000000
0.000000
0.000000
0.000000
0.000000
0.846554
0.000000
0.000000
0.000000
0.000000
0.000000
0.000000
0.000000
0.000000
0.378943
0.000000
0.000000
0.000000
0.396501
0.000000
0.000000
0.000000
0.000000
0.000000
0.000000
0.000000
0.000000
0.000000
0.000000
0.000000
0.000000
0.000000
0.000000
0.000000
0.000000
0.000000
0.000000
0.000000
0.000000
0.000000
0.000000
0.000000
0.000000
0.000000
0.000000
0.000000
0.000000
0.000000
1.760351
0.000000
0.000000
0.000000
0.000000
0.000000
0.000000
0.000000
5.045529
0.000000
0.000000
0.000000
0.000000
0.000000
0.000000
0.000000
0.000000
4.302259
0.000000
0.000000
0.000000
0.103454
0.392189
0.000000
0.000000
0.000000
0.000000
0.000000
3.337781
0.000000
0.000000
0.307355
0.000000
0.923339
0.000000
0.000000
0.000000
0.000000
0.000000
0.000000
0.000000
0.000000
0.000000
5.043451
0.000000
0.000000
0.000000
0.000000
2.042691
0.000000
0.000000
0.000000
0.000000
0.000000
0.000000
0.000000
1.087297
0.000000
0.000000
0.000000
1.236575
0.000000
0.000000
0.000000
2.500052
0.000000
1.291085
0.000000
0.000000
0.000000
0.000000
0.000000
0.000000
0.083049
0.000000
0.000000
0.000000
0.000000
0.000000
1.327580
0.000000
0.000000
0.000000
0.000000
0.000000
0.000000
0.000000
0.000000
0.000000
1.420270
0.000000
0.000000
0.000000
0.000000
0.000000
0.000000
0.000000
0.405808
0.000000
0.000000
0.000000
0.000000
0.000000
0.000000
0.000000
0.000000
0.978978
0.000000
0.000000
0.000000
0.000000
0.000000
0.000000
0.000000
0.000000
0.000000
0.000000
0.000000
0.000000
0.000000
0.000000
0.286408
0.066117
0.000000
0.000000
0.000000
0.000000
0.000000
0.292987
0.000000
0.071442
1.071259
0.043772
0.000000
0.679920
0.000000
0.000000
0.000000
0.000000
0.000000
0.000000
1.962419
0.000000
0.000000
0.000000
0.000000
0.000000
0.708604
0.000000
0.000000
0.000000
0.000000
0.655685
0.000000
0.000000
0.000000
0.000000
0.000000
0.314694
0.000000
0.000000
0.000000
0.000000
0.000000
0.000000
0.000000
0.000000
0.000000
0.000000
0.000000
0.000000
0.000000
0.000000
0.000000
0.000000
0.000000
0.000000
0.000000
0.000000
0.000000
0.000000
0.000000
0.000000
0.000000
0.000000
0.000000
0.000000
0.000000
0.000000
0.000000
0.000000
0.000000
0.000000
0.000000
0.000000
0.000000
0.000000
0.785317
0.000000
0.000000
0.000000
0.000000
0.000000
0.000000
0.000000
0.000000
0.000000
0.000000
0.000000
0.000000
0.000000
0.250235
0.000000
0.000000
0.000000
0.000000
0.000000
0.000000
0.000000
0.000000
0.000000
0.000000
0.000000
4.366025
0.000000
0.051780
0.000000
0.000000
0.000000
0.000000
0.000000
0.000000
0.000000
0.000000
1.239123
0.000000
0.000000
0.000000
0.000000
0.000000
0.000000
0.000000
0.698967
0.000000
0.000000
0.000000
0.000000
0.000000
0.000000
4.144735
0.000000
0.000000
0.000000
0.000000
0.000000
0.000000
0.000000
0.000000
0.000000
0.000000
0.000000
0.000000
0.000000
0.000000
0.000000
0.000000
0.000000
0.000000
0.000000
0.000000
3.169815
0.000000
0.000000
0.000000
0.000000
0.000000
0.000000
0.000000
0.000000
0.000000
0.000000
0.924507
0.000000
0.000000
0.000000
0.000000
0.000000
0.000000
1.842870
0.000000
0.000000
0.000000
0.000000
0.000000
0.000000
0.000000
0.000000
0.000000
0.000000
0.000000
0.989861
0.000000
0.000000
0.513909
3.433656
0.000000
0.000000
0.000000
0.000000
0.000000
0.000000
0.000000
1.236902
0.000000
0.000000
0.000000
1.089822
0.000000
0.000000
0.000000
0.000000
0.000000
0.000000
0.000000
0.000000
0.000000
0.000000
0.000000
0.000000
0.000000
0.000000
0.000000
0.198855
0.000000
0.000000
0.000000
0.000000
0.000000
0.000000
0.000000
0.000000
0.000000
0.975497
0.678398
0.000000
0.000000
0.000000
0.000000
0.000000
0.000000
0.000000
0.000000
0.000000
0.000000
0.000000
0.000000
0.000000
2.444492
0.000000
0.000000
0.000000
0.000000
1.795632
0.000000
0.000000
0.000000
0.000000
0.000000
0.000000
0.000000
0.594652
0.000000
0.000000
0.000000
0.000000
0.000000
0.000000
0.000000
0.000000
0.000000
0.000000
0.000000
0.000000
0.000000
0.000000
0.000000
0.000000
0.000000
0.000000
0.000000
0.000000
0.000000
0.000000
0.000000
0.000000
0.453728
0.000000
0.000000
0.000000
0.000000
0.000000
0.000000
0.000000
0.000000
0.000000
0.245923
0.000000
0.000000
0.000000
0.000000
0.000000
0.000000
0.000000
0.000000
0.000000
0.000000
0.000000
0.000000
0.000000
0.000000
0.000000
0.000000
1.436121
0.000000
0.000000
0.000000
0.000000
0.000000
0.000000
0.000000
2.251190
0.000000
0.000000
0.000000
0.000000
0.000000
0.000000
0.000000
0.000000
0.000000
0.000000
0.000000
0.000000
0.401905
0.000000
0.000000
0.000000
0.000000
0.000000
0.000000
0.000000
0.000000
0.000000
0.000000
0.000000
0.000000
0.000000
0.000000
1.231478
0.000000
0.000000
0.000000
0.000000
0.000000
0.231028
0.000000
0.000000
0.000000
0.000000
0.000000
0.000000
0.000000
0.000000
0.000000
0.000000
0.000000
0.000000
0.000000
0.000000
0.000000
0.000000
0.000000
0.000000
0.000000
0.000000
0.000000
0.000000
0.588374
0.000000
0.000000
0.000000
0.000000
0.000000
0.000000
0.000000
0.000000
0.000000
0.000000
0.000000
0.416641
0.000000
0.000000
0.000000
0.000000
0.000000
0.000000
1.967770
0.000000
0.000000
0.000000
0.000000
0.000000
0.000000
0.000000
0.000000
0.000000
0.000000
0.000000
0.000000
0.071649
0.000000
1.249576
0.000000
0.000000
0.000000
0.000000
0.000000
0.000000
0.000000
0.424143
0.000000
1.795735
0.000000
0.000000
0.000000
0.000000
0.000000
0.000000
0.000000
0.595798
0.000000
0.000000
0.000000
0.000000
3.501483
0.000000
0.000000
0.000000
0.000000
0.000000
0.120210
0.000000
0.000000
0.000000
0.000000
0.000000
0.000000
0.000000
0.000000
0.000000
0.000000
0.000000
0.000000
0.000000
0.000000
0.000000
0.000000
0.000000
0.000000
0.000000
0.000000
0.000000
0.000000
0.000000
0.000000
0.000000
0.000000
0.000000
0.000000
1.008527
0.000000
0.000000
0.000000
2.454398
0.000000
0.000000
0.000000
0.000000
0.000000
0.442107
0.755350
0.000000
0.000000
0.000000
0.000000
0.000000
0.000000
0.000000
1.396894
0.062959
0.000000
0.000000
0.000000
0.000000
0.000000
0.701675
0.000000
0.000000
0.000000
0.000000
0.435104
0.000000
0.000000
0.000000
0.000000
0.000000
0.000000
0.000000
0.000000
0.000000
0.000000
0.000000
1.105601
0.000000
0.000000
0.000000
0.000000
0.000000
0.000000
0.000000
0.000000
0.000000
0.000000
0.000000
0.000000
0.000000
0.000000
0.000000
0.000000
0.000000
0.000000
0.000000
0.000000
0.000000
0.000000
0.000000
3.364437
0.000000
0.000000
1.460938
0.000000
0.000000
0.445456
0.000000
0.301147
0.000000
0.000000
0.000000
0.000000
0.463634
0.000000
0.000000
0.000000
0.000000
0.617822
0.000000
0.554270
0.000000
0.000000
0.000000
0.000000
4.556556
0.000000
0.000000
0.000000
0.451128
0.000000
0.204247
0.000000
0.000000
0.000000
0.000000
0.000000
1.557394
0.000000
0.000000
0.000000
0.000000
2.442753
3.436232
0.000000
1.117148
0.000000
0.000000
0.000000
0.000000
0.000000
0.000000
0.000000
0.000000
0.000000
0.000000
0.000000
0.000000
0.000000
0.000000
0.000000
0.000000
0.000000
0.000000
0.000000
0.000000
0.000000
0.000000
0.486473
0.000000
0.000000
0.000000
0.000000
0.000000
0.000000
0.000000
0.000000
0.000000
0.000000
0.061448
0.000000
0.000000
0.000000
0.000000
0.000000
0.000000
0.000000
0.000000
0.000000
0.000000
1.856835
0.000000
1.033923
0.000000
0.000000
1.352753
0.000000
0.000000
0.000000
1.156346
0.000000
0.000000
0.000000
0.000000
0.000000
0.000000
0.627126
0.000000
0.000000
0.000000
0.000000
0.000000
0.000000
0.000000
0.000000
0.000000
0.000000
0.000000
0.000000
0.000000
0.000000
0.000000
0.142087
0.000000
0.000000
0.000000
0.000000
0.000000
0.000000
0.000000
0.000000
0.000000
0.000000
0.000000
0.000000
0.000000
0.000000
0.000000
0.000000
0.000000
0.000000
0.000000
0.000000
0.654093
0.000000
0.000000
0.000000
0.000000
0.000000
0.000000
0.000000
0.000000
0.000000
0.000000
0.000000
0.000000
0.000000
0.000000
4.473860
0.000000
0.000000
0.000000
0.000000
0.000000
0.000000
0.000000
0.000000
0.000000
0.000000
0.000000
0.000000
0.000000
0.000000
0.000000
0.000000
0.000000
0.577452
0.000000
0.000000
0.000000
0.000000
0.000000
0.000000
5.124174
3.772557
0.000000
0.000000
0.000000
0.000000
0.000000
0.000000
0.000000
0.000000
0.000000
0.000000
0.000000
0.000000
0.200310
0.000000
0.000000
1.832899
0.216948
0.000000
0.000000
1.117878
0.000000
0.287807
0.685960
0.000000
0.000000
0.000000
0.000000
0.000000
0.472593
0.000000
1.250472
2.663598
0.000000
0.000000
0.000000
0.000000
0.000000
0.000000
0.050164
0.000000
0.000000
0.000000
0.000000
0.000000
0.000000
0.000000
0.000000
0.000000
0.000000
0.000000
0.000000
0.000000
0.000000
0.000000
0.000000
0.000000
0.000000
0.000000
0.000000
0.000000
0.000000
0.000000
0.000000
0.000000
0.000000
0.000000
0.470934
0.000000
0.000000
0.000000
0.000000
0.000000
0.000000
0.420400
0.000000
0.000000
1.791523
0.000000
0.670714
0.000000
0.000000
0.000000
0.000000
0.000000
0.000000
0.000000
0.000000
0.000000
2.951572
0.000000
0.000000
0.000000
0.000000
0.000000
0.000000
0.000000
0.000000
0.000000
0.000000
0.976925
0.000000
0.000000
0.000000
0.000000
0.000000
0.000000
0.000000
0.000000
0.000000
0.246113
0.000000
0.000000
0.000000
0.000000
0.000000
0.000000
0.000000
0.000000
0.000000
0.000000
0.000000
0.000000
0.000000
0.000000
0.000000
0.000000
0.000000
0.000000
0.000000
0.000000
1.078822
0.000000
0.072646
0.000000
0.000000
0.000000
0.000000
0.000000
0.000000
0.000000
0.000000
0.000000
0.128881
0.000000
0.000000
0.000000
0.000000
0.038843
0.000000
0.000000
0.000000
0.000000
0.000000
0.000000
0.997901
0.000000
0.000000
0.000000
0.000000
0.000000
0.000000
0.000000
0.000000
0.106019
0.000000
0.000000
0.000000
0.000000
0.000000
0.000000
0.000000
1.510246
0.000000
0.000000
0.000000
0.000000
2.229243
0.000000
0.000000
0.000000
0.000000
0.000000
0.000000
0.000000
0.000000
0.000000
0.000000
0.000000
0.000000
0.000000
0.000000
0.395470
0.000000
0.000000
1.172666
0.000000
0.000000
0.000000
0.000000
0.000000
0.000000
0.000000
0.000000
0.000000
1.766613
0.000000
0.000000
0.000000
0.000000
0.000000
0.000000
0.000000
0.000000
0.000000
0.000000
0.000000
0.000000
0.000000
0.000000
0.000000
0.000000
0.000000
0.000000
0.460503
0.000000
0.000000
0.000000
0.000000
0.000000
0.000000
0.000000
0.000000
0.000000
0.000000
0.000000
0.324736
1.050905
0.000000
0.000000
0.000000
0.000000
0.000000
0.975828
0.000000
0.000000
0.000000
0.000000
0.000000
1.513790
0.000000
0.000000
0.000000
0.000000
0.000000
0.000000
0.000000
1.272803
0.000000
0.000000
3.393185
0.000000
0.000000
0.000000
0.000000
0.000000
0.000000
0.000000
0.000000
0.000000
0.789021
0.843828
0.000000
0.000000
0.000000
0.000000
0.000000
0.000000
0.000000
0.000000
0.000000
0.000000
0.000000
1.192058
0.000000
0.609228
0.000000
0.000000
0.000000
0.000000
0.000000
0.000000
0.000000
0.982541
0.000000
0.000000
0.000000
1.915317
0.000000
0.000000
0.000000
0.000000
0.000000
0.000000
0.000000
0.454593
0.000000
0.000000
0.000000
0.000000
0.000000
0.000000
0.000000
0.000000
0.000000
0.000000
0.000000
0.000000
0.000000
0.000000
0.000000
0.000000
3.078864
0.754448
0.000000
0.000000
0.000000
0.000000
0.000000
0.254403
0.628015
0.000000
0.000000
0.000000
0.000000
0.000000
0.000000
0.000000
0.647444
0.000000
0.000000
0.665729
1.564196
0.000000
0.000000
0.000000
0.000000
1.777471
0.000000
0.000000
0.000000
0.000000
0.000000
0.000000
0.000000
0.000000
0.907502
0.000000
0.000000
0.000000
0.000000
0.000000
0.000000
0.000000
0.000000
0.000000
5.044827
0.000000
0.000000
0.000000
0.619251
0.000000
0.000000
0.170797
0.246066
0.000000
0.000000
0.000000
0.000000
0.000000
0.000000
0.000000
0.000000
0.000000
0.000000
0.507659
0.000000
0.000000
0.000000
0.000000
2.722309
0.000000
0.000000
0.000000
0.000000
0.000000
0.000000
0.000000
0.000000
0.000000
0.000000
0.000000
0.425587
0.000000
0.000000
0.000000
0.000000
0.000000
0.000000
0.599998
0.000000
0.000000
0.000000
0.264891
0.000000
0.000000
0.000000
0.000000
0.012241
0.000000
2.356294
0.000000
0.000000
0.000000
0.000000
0.000000
0.000000
0.000000
0.000000
0.000000
0.000000
0.000000
0.000000
0.000000
0.000000
0.000000
0.000000
0.389962
2.974513
0.000000
0.000000
0.591303
0.000000
0.000000
0.000000
0.000000
0.000000
0.000000
0.000000
0.000000
1.201470
0.000000
0.000000
0.000000
0.000000
0.000000
0.000000
0.000000
0.000000
0.000000
0.000000
0.000000
0.246640
0.000000
1.696567
0.000000
0.038080
0.000000
0.000000
0.014282
0.000000
0.000000
0.000000
0.000000
0.000000
0.000000
0.000000
0.000000
0.000000
0.000000
0.399584
0.000000
0.000000
0.000000
0.000000
2.440394
0.125808
0.000000
1.769727
0.000000
0.000000
0.000000
0.096662
0.000000
0.000000
0.000000
0.224219
0.000000
2.688381
0.000000
0.000000
0.000000
0.000000
0.000000
0.000000
0.000000
0.000000
0.000000
0.000000
0.499373
0.000000
1.634819
0.000000
0.000000
0.000000
0.000000
0.000000
0.000000
2.379084
0.000000
0.000000
0.000000
0.000000
0.000000
0.000000
0.000000
0.000000
0.000000
0.000000
0.000000
0.000000
0.000000
0.000000
0.000000
0.000000
0.000000
0.673092
0.000000
0.000000
0.000000
3.544634
0.000000
0.055920
0.000000
3.243331
0.000000
0.000000
0.000000
0.343933
0.000000
0.000000
0.000000
0.000000
0.000000
0.000000
0.000000
1.646205
3.495869
0.000000
0.000000
0.000000
0.000000
0.000000
2.949876
1.032944
0.000000
0.979755
0.000000
0.000000
1.443266
0.000000
0.000000
0.000000
0.000000
0.639994
0.000000
0.000000
1.853697
0.000000
0.000000
0.000000
0.000000
0.000000
0.000000
0.000000
0.000000
0.000000
0.000000
0.000000
0.000000
2.964014
0.387607
0.000000
0.000000
0.000000
0.178156
0.000000
0.000000
0.000000
0.000000
0.000000
0.808795
1.547155
0.000000
0.192882
0.000000
0.000000
0.000000
0.000000
0.000000
0.000000
0.000000
0.000000
0.000000
0.000000
0.000000
0.000000
0.000000
0.000000
0.000000
0.000000
0.000000
0.000000
3.152030
0.000000
0.908075
0.000000
0.000000
1.231763
0.000000
0.000000
0.000000
0.437179
0.000000
0.000000
0.000000
0.397634
0.000000
0.000000
0.800624
0.000000
0.000000
0.000000
0.000000
0.000000
0.000000
0.000000
0.000000
0.000000
0.000000
0.000000
0.000000
0.000000
0.000000
0.000000
0.000000
0.000000
0.000000
0.000000
0.000000
0.000000
0.000000
0.009187
0.882068
0.000000
0.000000
0.000000
0.000000
0.000000
0.000000
0.000000
5.379745
0.000000
1.808973
0.000000
0.000000
0.000000
0.000000
0.000000
0.000000
0.000000
0.289936
0.000000
0.578506
0.000000
0.000000
0.000000
0.000000
0.000000
0.000000
0.000000
0.000000
0.984261
0.000000
0.000000
1.503284
0.899880
3.928721
0.000000
0.000000
0.000000
0.000000
0.000000
0.000000
0.000000
0.000000
0.876861
0.000000
0.000000
0.000000
0.000000
0.000000
0.000000
0.000000
0.000000
0.000000
0.000000
0.000000
0.000000
0.000000
0.000000
0.000000
0.000000
0.000000
0.000000
0.000000
0.000000
0.000000
0.000000
0.000000
0.000000
0.000000
0.000000
0.000000
0.000000
0.000000
0.000000
0.000000
0.321918
0.000000
0.000000
0.000000
0.000000
0.000000
0.000000
0.000000
0.146014
1.253720
0.717640
0.000000
0.000000
0.000000
0.000000
0.000000
0.000000
0.000000
0.000000
0.000000
0.000000
0.000000
0.307118
0.000000
0.000000
0.000000
0.000000
0.000000
0.000000
0.000000
0.000000
0.000000
0.000000
0.000000
0.000000
0.000000
2.125966
0.000000
0.000000
0.000000
0.000000
0.000000
0.000000
0.000000
0.000000
0.105940
0.000000
0.781362
0.000000
0.000000
0.000000
0.000000
0.000000
0.000000
0.000000
0.000000
0.000000
0.000000
0.215890
1.165623
0.000000
0.000000
0.000000
0.000000
0.000000
0.000000
0.000000
0.000000
0.000000
0.000000
0.000000
0.000000
0.000000
0.113935
0.000000
0.000000
0.000000
0.000000
0.326374
0.000000
0.000000
0.000000
0.000000
0.000000
0.225900
1.699961
1.657385
0.000000
1.807104
0.000000
0.000000
0.000000
0.000000
0.000000
0.000000
0.000000
0.000000
0.000000
0.000000
0.982634
0.000000
0.000000
0.000000
0.000000
0.000000
5.251661
0.000000
0.000000
0.000000
0.000000
0.000000
0.000000
0.000000
0.000000
0.000000
0.000000
0.000000
1.933287
0.000000
0.000000
0.000000
0.000000
0.000000
4.420623
0.000000
0.000000
0.000000
0.000000
0.000000
0.000000
0.000000
0.000000
0.000000
0.000000
0.000000
0.000000
0.000000
0.000000
0.000000
0.000000
0.000000
0.000000
0.000000
0.000000
0.000000
0.000000
0.000000
0.000000
0.000000
0.000000
0.000000
1.126786
0.000000
0.000000
0.000000
0.000000
0.000000
0.000000
0.000000
0.000000
0.000000
0.000000
0.000000
0.000000
0.506837
0.000000
0.000000
1.722829
0.000000
0.000000
0.000000
0.000000
0.000000
0.000000
0.006482
0.000000
0.000000
0.000000
0.000000
0.044371
0.000000
0.000000
0.000000
0.646319
0.000000
0.000000
0.000000
0.000000
0.000000
0.000000
0.000000
0.000000
0.000000
0.000000
0.000000
0.000000
0.000000
0.000000
0.000000
0.000000
0.000000
0.000000
0.000000
0.000000
0.000000
0.000000
0.000000
0.000000
0.000000
0.000000
0.000000
0.000000
0.000000
0.000000
0.000000
0.237338
0.000000
0.000000
0.000000
0.302178
0.000000
0.000000
1.736412
0.000000
0.000000
0.000000
0.000000
0.000000
0.000000
1.213578
0.000000
0.000000
2.313559
0.000000
0.000000
0.000000
0.000000
0.352342
0.000000
0.000000
0.000000
0.971690
0.000000
0.000000
0.000000
0.000000
0.000000
0.000000
0.000000
0.000000
0.000000
2.468994
0.000000
0.000000
0.000000
0.000000
0.795641
0.000000
0.929672
0.000000
0.000000
1.937383
0.000000
0.000000
0.000000
0.000000
0.000000
0.000000
0.000000
1.818083
0.000000
0.000000
0.000000
0.000000
0.848657
0.000000
0.000000
0.000000
0.000000
0.000000
0.000000
0.531467
0.000000
0.000000
0.000000
0.000000
0.000000
0.000000
1.275015
0.000000
0.000000
0.455744
0.000000
0.601506
0.000000
0.000000
0.000000
2.444803
0.000000
0.000000
0.000000
0.028228
0.000000
0.000000
0.000000
0.000000
0.000000
0.000000
0.000000
1.953023
0.000000
0.000000
0.000000
0.000000
0.000000
0.000000
0.428529
0.000000
0.000000
0.000000
0.000000
0.000000
0.000000
0.000000
0.000000
0.000000
0.000000
0.000000
0.000000
0.000000
1.343285
0.000000
0.000000
0.000000
0.346647
0.000000
0.000000
0.000000
0.000000
0.000000
0.000000
1.266186
0.000000
0.000000
0.000000
1.210182
0.000000
0.180593
0.000000
0.119307
0.000000
0.000000
1.738789
0.000000
0.000000
0.000000
0.176075
0.000000
1.880162
0.000000
0.623207
0.000000
0.000000
0.000000
0.000000
0.000000
2.069452
0.000000
0.000000
0.371915
0.000000
0.000000
0.000000
0.000000
0.000000
0.000000
0.000000
1.786849
0.000000
0.000000
0.000000
0.000000
0.000000
0.000000
0.000000
0.000000
0.000000
0.000000
2.753466
0.000000
0.000000
0.000000
0.000000
0.000000
0.000000
0.000000
0.000000
0.019988
0.000000
0.000000
0.000000
0.000000
0.000000
0.000000
0.000000
0.000000
0.000000
0.000000
0.000000
0.000000
0.000000
0.000000
1.912079
0.000000
0.000000
0.000000
0.000000
0.000000
0.000000
0.000000
0.000000
0.000000
0.000000
0.000000
0.000000
0.000000
0.000000
0.000000
4.041359
0.000000
0.000000
0.000000
0.000000
0.000000
0.000000
0.000000
0.000000
0.000000
0.000000
0.000000
0.718620
0.000000
0.000000
0.000000
0.000000
0.000000
1.292760
0.275300
0.000000
0.000000
0.000000
0.000000
0.000000
0.000000
0.000000
0.000000
0.000000
0.000000
2.082037
0.000000
0.000000
0.000000
0.000000
0.000000
0.000000
0.000000
0.350298
0.000000
0.000000
0.000000
0.000000
2.463337
0.470790
0.000000
0.000000
0.000000
0.000000
0.000000
0.000000
0.000000
0.000000
0.000000
0.000000
1.219430
0.000000
0.000000
0.000000
0.000000
0.000000
0.000000
0.000000
0.000000
0.000000
0.399265
0.797272
0.000000
0.000000
0.000000
0.000000
0.000000
0.000000
0.000000
2.133470
0.010798
0.000000
0.000000
0.000000
1.143998
0.000000
0.000000
0.952605
2.494757
0.000000
0.000000
0.000000
0.000000
0.000000
0.000000
0.000000
0.000000
0.713861
0.000000
0.000000
1.393034
1.477188
0.000000
0.000000
0.000000
0.000000
0.000000
1.037988
0.000000
0.000000
0.000000
0.000000
0.000000
0.000000
0.000000
0.000000
0.000000
0.000000
0.000000
0.000000
0.000000
0.000000
0.000000
0.000000
0.000000
0.970965
0.000000
0.000000
0.000000
0.000000
0.000000
0.000000
0.000000
0.000000
0.000000
0.000000
0.000000
0.000000
0.000000
0.000000
0.000000
1.419440
0.000000
0.000000
0.000000
0.000000
1.023563
0.000000
0.119243
0.160163
0.000000
1.355080
0.000000
0.000000
0.000000
0.476563
0.907671
0.000000
0.000000
0.000000
0.000000
1.650726
0.000000
0.030175
0.000000
0.000000
0.000000
0.000000
0.000000
0.000000
0.000000
0.000000
0.000000
0.000000
0.000000
0.000000
0.000000
0.000000
0.000000
0.000000
0.000000
0.000000
0.000000
0.000000
0.000000
1.071532
0.000000
0.000000
0.000000
0.000000
0.000000
0.000000
0.376939
0.000000
0.000000
0.000000
0.000000
0.000000
0.000000
0.000000
0.000000
2.945499
0.000000
0.000000
0.000000
0.000000
0.000000
0.000000
0.000000
0.000000
0.000000
0.007811
0.000000
0.000000
0.000000
0.000000
0.000000
0.000000
0.000000
0.000000
0.000000
0.000000
0.000000
0.000000
0.000000
0.071191
0.000000
0.000000
0.000000
0.000000
0.000000
0.000000
0.000000
0.000000
0.000000
0.000000
0.000000
0.000000
0.000000
2.221926
1.507432
0.000000
0.000000
0.000000
0.000000
0.000000
0.000000
0.529763
2.712566
1.283672
0.000000
0.000000
0.000000
0.000000
0.310183
0.000000
0.000000
1.798333
0.000000
0.546703
0.000000
0.000000
0.000000
0.000000
3.338170
2.308950
0.000000
0.000000
2.670788
0.000000
0.000000
0.000000
0.000000
0.000000
0.000000
0.000000
0.000000
0.000000
0.000000
2.945415
0.000000
0.000000
0.000000
0.000000
0.000000
0.000000
0.000000
0.000000
0.000000
0.000000
0.000000
0.000000
0.000000
1.522862
0.000000
0.000000
0.000000
0.000000
1.644820
0.000000
0.000000
0.000000
0.000000
1.278003
0.000000
0.000000
0.000000
0.000000
0.000000
0.000000
0.000000
0.369429
0.000000
0.000000
0.503371
0.000000
0.000000
0.000000
0.000000
0.000000
0.000000
1.073889
0.000000
0.000000
0.000000
0.000000
0.000000
0.000000
0.000000
0.000000
0.000000
0.000000
0.000000
0.000000
0.000000
0.000000
0.000000
0.000000
0.000000
0.491755
0.000000
0.000000
0.000000
0.000000
0.000000
0.000000
0.000000
0.000000
0.000000
0.000000
0.000000
0.000000
0.000000
0.000000
0.000000
0.000000
0.000000
0.000000
0.000000
0.000000
1.199560
0.000000
1.109915
0.000000
1.411201
0.000000
0.000000
0.000000
0.000000
0.000000
0.000000
5.112791
0.594863
0.000000
0.000000
0.000000
1.156933
0.000000
0.000000
0.000000
0.000000
0.000000
0.000000
0.000000
1.153502
1.434951
0.000000
0.000000
0.000000
0.000000
0.000000
0.000000
0.001260
0.000000
0.000000
0.368916
0.000000
0.000000
0.346621
0.000000
0.000000
0.000000
0.000000
0.000000
0.000000
0.000000
0.000000
3.243595
0.000000
0.000000
0.000000
0.000000
0.000000
0.000000
0.000000
0.000000
0.000000
0.000000
0.000000
0.000000
0.000000
0.000000
0.000000
2.667039
0.000000
0.000000
0.000000
0.355459
0.000000
0.000000
0.000000
0.000000
0.000000
0.000000
0.000000
0.000000
0.000000
0.000000
0.000000
0.000000
1.578361
0.000000
0.000000
0.000000
0.000000
1.671214
0.000000
0.000000
0.000000
0.000000
0.000000
0.000000
1.518482
0.000000
0.000000
0.000000
0.000000
0.000000
0.000000
1.002467
0.000000
1.691804
0.000000
0.000000
0.000000
0.000000
0.000000
0.000000
0.000000
0.000000
0.000000
0.000000
1.263820
0.000000
0.000000
0.000000
0.000000
0.000000
0.000000
0.000000
0.132569
0.000000
0.000000
0.000000
0.000000
0.000000
1.850723
0.000000
0.370322
0.000000
0.000000
0.000000
0.000000
0.000000
0.000000
0.000000
0.000000
0.000000
0.000000
0.000000
1.652426
0.000000
1.825915
0.000000
0.000000
0.000000
0.000000
0.000000
0.000000
0.000000
1.383606
0.000000
0.000000
0.000000
1.551058
0.000000
0.000000
1.493163
0.000000
0.000000
0.000000
0.000000
0.000000
0.000000
0.000000
0.000000
0.000000
0.000000
0.000000
0.000000
0.000000
0.000000
0.446196
2.048657
0.000000
0.000000
0.000000
0.000000
0.000000
2.935546
0.000000
0.967898
0.000000
0.000000
0.000000
0.000000
0.000000
0.000000
0.710637
0.000000
0.000000
0.000000
0.000000
0.000000
0.000000
0.000000
0.000000
0.000000
0.000000
0.000000
0.000000
0.000000
0.000000
0.000000
0.000000
0.000000
0.000000
0.000000
0.000000
0.000000
0.000000
0.000000
0.000000
0.000000
0.000000
0.000000
0.000000
0.139518
1.039130
0.000000
0.000000
0.000000
0.000000
0.000000
0.000000
0.000000
0.000000
0.000000
0.000000
0.000000
0.000000
0.000000
0.000000
0.000000
0.000000
0.000000
0.000000
0.530862
0.000000
0.000000
2.063438
0.000000
0.000000
0.062361
0.000000
0.000000
0.000000
0.028590
0.000000
0.000000
0.000000
0.000000
0.000000
0.000000
0.000000
0.000000
0.000000
0.000000
0.000000
0.000000
2.265827
1.046713
0.000000
0.000000
0.000000
0.000000
0.000000
0.000000
0.000000
0.000000
4.062728
0.000000
0.000000
0.000000
0.000000
0.000000
0.000000
1.042448
0.000000
0.000000
0.000000
0.000000
0.000000
0.000000
0.000000
1.310769
0.000000
0.000000
0.000000
0.000000
0.000000
0.000000
0.000000
0.000000
0.000000
0.320484
0.000000
0.000000
0.000000
0.000000
0.000000
0.000000
0.000000
0.000000
0.000000
0.000000
0.000000
1.459698
0.000000
0.000000
0.000000
0.000000
0.000000
0.000000
0.000000
0.000000
0.000000
0.000000
0.000000
0.000000
0.000000
0.000000
2.778365
0.000000
0.000000
2.038768
0.000000
0.000000
0.000000
0.000000
0.000000
0.000000
0.000000
0.000000
1.902203
0.000000
1.236031
0.000000
0.000000
0.000000
0.000000
0.000000
0.000000
0.000000
0.000000
0.000000
0.000000
0.000000
0.000000
0.247567
0.000000
0.196871
0.000000
0.000000
2.526916
0.000000
0.000000
0.336172
0.000000
5.643430
0.000000
0.000000
0.000000
0.000000
0.000000
0.000000
1.650448
0.000000
0.000000
0.000000
0.000000
0.000000
0.000000
0.000000
0.000000
0.000000
0.000000
0.609362
0.000000
0.000000
0.000000
0.000000
0.000000
0.000000
0.000000
0.000000
0.000000
0.000000
0.000000
0.000000
0.000000
0.000000
0.000000
0.000000
0.000000
0.000000
0.000000
0.000000
0.000000
0.000000
1.037266
0.000000
0.000000
0.000000
0.000000
0.000000
0.000000
0.000000
0.000000
0.000000
2.149781
0.000000
0.000000
0.000000
0.000000
0.000000
0.000000
0.000000
0.000000
0.000000
0.000000
0.000000
0.000000
0.000000
0.000000
0.000000
0.000000
0.000000
0.000000
0.000000
0.000000
0.000000
1.205090
0.000000
0.000000
0.000000
0.000000
0.000000
0.000000
1.671243
0.000000
0.000000
0.000000
0.000000
0.000000
0.000000
0.000000
0.000000
0.000000
0.000000
0.000000
0.000000
0.000000
0.000000
0.000000
0.000000
0.000000
0.000000
0.000000
0.000000
0.000000
0.000000
0.000000
0.000000
0.000000
0.000000
0.000000
0.000000
0.000000
0.000000
0.000000
0.000000
0.214969
0.000000
0.000000
0.000000
0.000000
0.000000
0.000000
0.000000
0.000000
0.000000
0.000000
0.000000
0.172904
0.000000
2.031869
0.000000
0.000000
0.000000
0.000000
0.000000
0.000000
0.000000
0.000000
0.000000
3.482069
1.912297
0.000000
0.000000
0.000000
0.000000
0.000000
0.000000
0.000000
0.000000
0.000000
1.595116
0.000000
0.000000
0.000000
0.000000
0.000000
0.000000
0.000000
0.000000
0.000000
0.021336
0.000000
0.000000
0.303476
0.000000
0.000000
0.000000
0.000000
0.000000
0.000000
0.576465
0.000000
0.000000
0.000000
0.588612
0.000000
0.000000
0.000000
0.000000
0.000000
0.000000
0.000000
0.000000
0.000000
0.000000
0.000000
0.000000
0.000000
0.000000
0.000000
0.000000
1.344590
0.000000
0.880178
0.000000
0.000000
0.000000
0.000000
0.000000
0.000000
0.000000
0.000000
0.000000
0.000000
0.000000
0.000000
0.000000
0.000000
1.155082
0.269759
0.000000
0.000000
0.000000
0.000000
0.000000
0.000000
0.000000
0.000000
0.484321
0.528899
0.000000
0.000000
0.000000
0.108198
0.000000
0.000000
0.000000
2.627752
0.062901
0.000000
0.659121
0.000000
0.000000
0.000000
0.000000
0.000000
0.000000
0.000000
0.000000
0.000000
1.154091
0.000000
0.000000
0.000000
1.611472
0.000000
0.374819
0.000000
0.000000
0.000000
0.000000
0.000000
0.000000
0.570482
0.000000
0.799669
0.661234
0.000000
0.000000
0.000000
0.000000
0.000000
0.000000
1.133542
0.000000
6.977446
0.000000
0.000000
0.000000
0.000000
1.925041
0.253147
0.000000
0.000000
0.461909
1.564029
0.187306
0.000000
0.000000
0.000000
0.000000
0.000000
0.000000
0.000000
0.000000
0.000000
0.000000
1.434085
0.000000
0.000000
0.000000
0.000000
0.697693
0.000000
1.790156
0.000000
2.228130
0.000000
0.000000
0.000000
0.000000
0.000000
0.000000
0.000000
0.000000
0.000000
0.000000
0.000000
0.000000
0.000000
0.000000
0.000000
0.000000
0.000000
0.000000
0.000000
0.000000
0.000000
0.000000
0.000000
0.000000
0.000000
0.000000
0.000000
0.985043
0.000000
0.287512
0.000000
0.000000
1.821867
0.000000
0.000000
0.000000
0.000000
2.353181
0.000000
0.000000
0.000000
2.741686
0.000000
0.000000
1.490796
0.000000
0.000000
0.000000
0.000000
0.000000
0.000000
0.000000
0.000000
0.000000
0.000000
0.000000
0.000000
0.000000
0.000000
0.000000
0.000000
0.000000
0.000000
0.000000
0.000000
0.000000
0.000000
0.000000
0.000000
0.000000
0.000000
0.000000
0.000000
0.000000
0.000000
0.000000
0.008517
0.000000
0.000000
2.828434
0.000000
0.000000
0.917796
0.000000
0.773056
0.000000
0.000000
1.804609
0.000000
0.000000
0.831093
0.000000
0.018188
0.243310
0.000000
0.000000
0.000000
0.000000
0.000000
1.646874
0.000000
0.000000
0.000000
0.000000
0.000000
0.000000
1.881525
0.000000
0.000000
0.000000
0.000000
0.000000
0.000000
0.000000
0.000000
0.000000
1.096311
0.000000
0.000000
0.000000
0.000000
0.000000
0.000000
0.000000
0.000000
0.000000
1.235533
0.000000
1.682400
0.000000
0.000000
0.000000
0.000000
0.000000
0.000000
0.000000
0.000000
0.000000
0.000000
0.000000
0.000000
0.000000
3.214597
0.733833
0.000000
0.000000
0.000000
0.000000
0.000000
0.000000
0.000000
0.000000
1.210932
0.000000
0.000000
0.000000
0.000000
1.074899
0.898737
0.000000
1.630183
0.000000
0.000000
0.000000
0.000000
0.000000
0.000000
0.000000
0.000000
0.822995
0.000000
4.083219
0.000000
0.000000
0.000000
0.336446
1.085603
0.000000
0.000000
0.000000
0.000000
0.000000
0.000000
0.000000
0.000000
0.000000
0.000000
0.000000
0.000000
0.000000
0.000000
0.000000
0.000000
1.224177
0.000000
0.000000
0.000000
0.000000
0.000000
0.000000
0.000000
0.000000
0.000000
0.000000
0.000000
0.000000
0.000000
0.000000
0.000000
0.000000
0.000000
0.000000
0.000000
2.244912
1.009071
0.000000
0.000000
0.000000
0.000000
0.000000
0.000000
0.000000
0.000000
0.000000
0.000000
0.000000
0.000000
0.000000
0.000000
0.000000
0.000000
0.000000
0.000000
0.000000
0.000000
0.111289
0.000000
0.000000
0.000000
0.000000
0.000000
0.000000
0.000000
0.283062
0.000000
0.319368
0.881305
4.586346
0.000000
0.000000
0.000000
0.000000
0.000000
2.077536
0.000000
1.020728
0.151680
1.543968
0.000000
0.000000
0.000000
0.000000
0.000000
0.000000
0.000000
0.000000
0.000000
0.000000
0.000000
0.069819
0.000000
0.000000
0.000000
0.000000
0.000000
0.000000
1.050640
0.000000
0.000000
0.837005
0.000000
0.061192
0.000000
0.000000
0.000000
1.464199
0.530936
0.000000
0.000000
0.000000
0.000000
2.416919
0.000000
0.245359
0.000000
0.000000
0.000000
0.000000
0.000000
0.000000
0.000000
0.000000
0.000000
0.000000
0.000000
0.000000
0.000000
0.000000
0.000000
0.000000
0.000000
0.000000
0.000000
0.627174
0.000000
0.000000
0.000000
0.000000
0.000000
0.000000
0.000000
1.206922
0.000000
0.000000
0.000000
0.421133
0.000000
0.000000
0.000000
0.000000
0.464667
0.000000
0.000000
0.000000
0.851159
0.129979
0.179789
0.000000
0.000000
0.000000
0.000000
0.000000
0.000000
0.000000
0.000000
0.000000
0.000000
0.000000
0.000000
0.000000
0.000000
0.000000
0.000000
2.742979
0.000000
0.000000
0.000000
0.000000
0.000000
0.000000
0.000000
0.000000
1.967144
3.595426
0.000000
0.000000
0.000000
0.000000
0.000000
0.000000
0.000000
0.000000
0.000000
0.000000
0.000000
0.000000
0.000000
0.000000
2.155602
1.094513
0.000000
0.000000
0.000000
0.000000
0.000000
0.000000
0.000000
0.000000
0.000000
0.000000
0.000000
0.291686
0.712580
0.000000
0.000000
0.000000
0.000000
0.000000
0.000000
0.000000
0.000000
0.000000
0.000000
0.000000
2.398680
0.646026
0.000000
0.000000
0.000000
0.000000
0.000000
0.000000
0.000000
0.000000
0.000000
0.621328
0.000000
0.000000
0.000000
0.000000
0.000000
0.000000
0.000000
1.319851
0.000000
0.000000
0.000000
0.000000
0.000000
0.386003
0.000000
0.548247
0.000000
0.000000
0.000000
0.000000
0.000000
0.000000
0.000000
0.000000
0.000000
0.000000
0.000000
0.000000
0.000000
0.000000
0.000000
0.000000
0.000000
0.000000
2.815148
0.000000
0.000000
0.000000
0.000000
0.000000
0.000000
0.000000
0.000000
0.000000
0.000000
1.007427
0.000000
0.000000
0.000000
0.000000
0.000000
0.000000
0.000000
0.000000
0.000000
0.000000
0.000000
0.000000
0.000000
0.000000
0.000000
0.000000
0.000000
0.000000
0.000000
0.000000
1.450991
0.000000
0.088629
0.000000
0.000000
0.000000
0.455690
0.000000
0.000000
1.360099
0.000000
1.100184
0.000000
0.000000
0.000000
0.000000
1.203693
0.000000
0.000000
4.128079
0.921845
0.000000
0.000000
0.000000
0.391286
0.000000
0.000000
0.000000
0.000000
0.000000
1.211332
0.000000
0.000000
0.000000
