0.000000
0.000000
0.000000
0.000000
0.000000
0.000000
0.000000
0.881521
0.098648
0.395357
0.220274
0.259389
0.540689
0.000000
0.000000
0.000000
0.000000
0.000000
0.000000
0.000000
0.000000
0.000000
0.000000
0.941146
0.000000
0.000000
0.000000
0.000000
0.000000
0.000000
0.000000
0.000000
0.000000
0.000000
0.000000
1.467199
0.000000
0.000000
0.136564
0.000000
0.000000
0.000000
0.000000
0.000000
0.000000
0.520956
0.000000
0.000000
0.000000
0.000000
0.368946
0.000000
0.000000
0.000000
0.000000
0.835355
0.486892
0.000000
0.000000
0.000000
0.000000
0.000000
0.000000
0.000000
0.000000
0.000000
0.000000
0.000000
0.608845
0.000000
0.000000
0.000000
0.322084
0.457183
0.000000
0.000000
0.000000
0.000000
0.000000
1.007189
2.339773
0.000000
0.000000
0.000000
0.128053
0.000000
0.000000
0.000000
0.000000
0.791487
0.000000
0.928791
0.974247
0.000000
0.000000
0.000000
0.309339
0.000000
0.000000
0.000000
0.000000
0.000000
0.000000
0.000000
0.618923
0.000000
0.000000
0.000000
2.398681
0.000000
0.000000
0.000000
0.000000
0.000000
1.674430
0.000000
0.000000
0.000000
1.380527
0.000000
0.195220
0.044971
0.000000
0.663830
0.000000
0.573711
0.000000
0.000000
0.179428
0.000000
0.000000
0.178378
0.000000
0.000000
0.668741
0.804413
0.000000
0.000000
0.000000
0.000000
0.000000
0.000000
0.000000
0.000000
0.063438
0.000000
0.000000
0.000000
0.000000
0.000000
0.000000
0.000000
0.000000
1.816682
0.000000
0.000000
0.000000
0.000000
0.171473
0.000000
0.000000
0.000000
0.000000
3.026730
0.852001
0.000000
0.000000
1.084936
0.000000
0.275144
0.000000
0.000000
2.619615
0.000000
0.000000
0.888754
1.642826
1.550787
0.671589
0.000000
0.449565
0.000000
0.000000
0.000000
0.000000
0.000000
0.000000
0.000000
0.000000
0.000000
0.000000
1.109434
0.000000
0.000000
0.000000
2.152176
0.000000
0.000000
0.000000
0.000000
0.000000
1.098048
0.000000
0.000000
0.000000
0.000000
0.000000
0.000000
1.329727
1.222269
0.767104
0.000000
0.000000
0.000000
0.000000
0.000000
1.813584
0.000000
0.000000
0.000000
0.000000
0.000000
0.000000
0.000000
0.000000
0.000000
0.000000
0.000000
0.000000
0.408895
0.000000
0.000000
3.054839
0.000000
0.000000
0.000000
0.000000
0.871834
0.000000
0.000000
0.000000
0.434060
0.000000
0.000000
0.071682
0.063196
0.000000
0.000000
1.296458
0.000000
0.310238
0.000000
0.000000
2.043442
0.000000
0.000000
0.000000
1.875281
0.000000
0.071039
0.000000
0.000000
0.000000
0.096333
0.000000
0.000000
0.000000
0.000000
0.000000
0.000000
0.796127
0.184389
0.000000
0.000000
0.000000
0.000000
0.000000
0.000000
0.070649
0.000000
0.000000
1.615172
1.099666
0.000000
1.080275
0.000000
0.000000
0.000000
0.000000
0.000000
0.000000
0.000000
0.000000
0.000000
0.000000
0.000000
0.000000
0.000000
0.000000
0.000000
0.000000
0.000000
0.000000
0.000000
0.494781
0.000000
0.524377
0.000000
1.074066
0.618736
0.209853
0.000000
0.000000
0.657920
0.000000
0.783136
0.000000
0.207267
0.000000
0.000000
0.158438
0.000000
0.869472
0.000000
0.000000
0.000000
0.000000
0.000000
0.000000
0.000000
0.000000
0.000000
0.000000
0.000000
1.828486
0.000000
0.472531
0.460600
3.082685
0.000000
0.000000
0.594601
0.065349
0.952457
0.000000
0.000000
1.569923
0.000000
0.000000
0.000000
0.420986
0.000000
0.000000
0.000000
0.826884
0.000000
0.000000
0.167738
0.000000
0.000000
0.000000
0.000000
0.000000
0.850812
0.222919
1.180058
0.000000
0.000000
0.000000
0.066155
0.000000
0.012142
0.000000
0.005989
0.692202
0.000000
0.168077
0.000000
0.248186
0.000000
0.000000
0.293081
0.507483
0.000000
0.000000
1.034270
0.000000
0.142968
0.000000
0.208933
0.000000
0.000000
0.000000
0.543908
0.000000
0.000000
0.670373
1.284383
0.000000
0.000000
0.473030
0.000000
0.535055
0.000000
0.000000
0.000000
0.000000
0.000000
0.338810
0.000000
1.191687
0.000000
0.000000
0.549820
0.000000
0.000000
0.000000
0.000000
0.097221
0.000000
0.000000
0.000000
0.000000
0.000000
2.319703
0.000000
0.000000
0.981767
0.000000
0.000000
0.000000
0.482098
0.000000
0.000000
0.000000
0.000000
0.000000
0.000000
0.000000
0.000000
0.000000
1.004618
0.000000
0.000000
0.000000
0.000000
0.000000
0.175888
0.000000
0.000000
0.000000
0.000000
0.000000
0.817765
0.000000
0.000000
1.236780
0.287034
0.465088
0.000000
0.000000
1.200284
0.000000
0.000000
0.000000
0.000000
0.000000
0.000000
0.000000
1.666555
0.000000
0.000000
0.000000
0.000000
0.034927
0.000000
0.000000
0.000000
0.000000
0.000000
0.000000
0.000000
0.000000
0.050650
0.000000
0.000000
0.000000
0.000000
0.000000
0.000000
0.000000
0.000000
0.000000
0.886690
1.765215
0.000000
0.000000
0.000000
0.000000
1.194125
0.000000
0.000000
0.000000
0.000000
0.000000
0.000000
0.578300
0.000000
0.000000
0.000000
0.000000
0.761149
0.303920
0.267949
0.000000
0.000000
1.312783
0.000000
0.000000
0.000000
0.000000
0.000000
0.000000
1.199244
0.000000
0.000000
0.000000
0.000000
1.971274
0.000000
0.011005
0.000000
0.000000
0.000000
0.000000
0.000000
0.000000
0.000000
0.215720
0.630400
0.000000
0.000000
0.000000
0.000000
0.524964
0.000000
0.000000
1.471574
0.000000
0.000000
0.970231
0.000000
0.000000
1.726626
0.000000
0.131038
0.097126
0.000000
0.073971
0.102974
0.000000
0.000000
0.000000
1.079825
0.000000
0.000000
0.000000
0.000000
0.023122
3.151082
0.000000
0.953561
0.892233
1.284988
2.131339
0.000000
0.000000
0.000000
0.121475
0.664246
0.000000
0.000000
1.491904
1.510913
0.000000
0.000000
0.000000
0.000000
1.206069
0.312241
0.000000
0.000000
1.788408
1.644559
2.073795
0.088443
0.388618
0.000000
0.000000
0.000000
0.000000
0.000000
0.370712
0.000000
0.000000
0.000000
0.000000
0.000000
0.000000
0.000000
0.000000
0.247671
0.000000
0.000000
0.000000
0.000000
0.000000
0.000000
0.000000
0.000000
0.000000
0.585137
1.499700
0.908935
1.985944
0.493522
0.000000
0.000000
0.000000
0.060542
0.026361
0.000000
0.000000
0.000000
1.319025
0.000000
0.000000
0.000000
0.043711
0.485600
0.000000
0.000000
0.000000
0.000000
0.000000
0.616770
0.000000
0.000000
0.000000
0.000000
0.000000
0.000000
0.000000
0.000000
0.000000
0.000000
0.000000
0.000000
0.135143
0.831510
0.000000
0.000000
0.000000
0.000000
0.000000
0.000000
0.000000
0.000000
0.000000
0.825923
0.000000
0.000000
1.282269
0.000000
0.000000
0.000000
0.000000
0.000000
0.000000
0.000000
0.000000
0.000000
0.000000
0.000000
0.000000
1.875381
0.000000
0.000000
0.000000
2.026152
0.000000
0.000000
0.000000
0.000000
0.000000
0.000000
0.000000
0.000000
0.000000
0.000000
0.000000
0.438620
0.000000
0.130763
0.000000
0.000000
0.000000
0.000000
0.000000
0.320789
0.000000
0.000000
0.000000
0.137473
0.000000
0.000000
0.000000
0.032731
1.138117
0.039890
0.576046
0.000000
0.849277
0.000000
0.419833
1.878687
0.000000
0.238621
1.375363
0.000000
0.000000
0.000000
0.000000
0.000000
0.000000
0.000000
1.832898
0.000000
0.000000
0.000000
0.000000
0.000000
0.000000
0.000000
0.000000
0.000000
0.000000
0.000000
0.000000
0.000000
0.000000
0.000000
0.000000
1.447289
0.000000
0.054527
0.000000
0.944936
0.000000
0.000000
0.980691
0.000000
0.000000
0.188128
0.000000
0.000000
0.000000
0.596626
0.000000
0.170976
0.000000
3.424839
1.313347
1.180745
0.000000
0.000000
0.000000
0.000000
0.000000
1.560620
0.254411
0.287044
0.000000
0.890425
2.148696
0.000000
0.971973
0.000000
0.000000
0.000000
0.000000
0.000000
0.000000
0.000000
0.498567
0.000000
0.000000
0.000000
0.000000
0.000000
0.388826
0.000000
0.000000
1.104902
0.000000
0.000000
0.000000
0.000000
0.000000
0.000000
0.000000
0.000000
0.000000
0.093718
0.578337
0.000000
0.000000
0.000000
0.000000
0.000000
0.532994
0.000000
0.000000
0.000000
0.302765
0.540581
0.000000
0.000000
0.000000
0.000000
0.000000
0.000000
0.000000
0.000000
0.000000
0.884573
0.000000
0.000000
0.000000
0.000000
0.000000
0.000000
0.000000
0.000000
0.000000
1.183598
0.000000
0.000000
0.000000
0.000000
0.000000
0.000000
0.000000
0.000000
0.000000
0.000000
0.532031
0.000000
0.000000
0.000000
0.000000
0.000000
0.000000
1.927700
0.000000
0.000000
0.000000
0.798098
0.000000
0.000000
0.000000
0.000000
0.250632
0.000000
0.000000
0.000000
0.000000
0.000000
0.000000
0.000000
0.000000
0.000000
0.000000
0.000000
0.000000
1.476769
0.000000
0.000000
0.000000
0.069960
0.000000
0.000000
0.827043
0.835333
0.000000
2.710644
0.845452
0.000000
0.000000
0.000000
0.238551
0.000000
0.000000
0.374903
0.000000
0.000000
0.210907
0.667505
0.000000
0.000000
0.503083
0.769357
0.000000
0.000000
0.000000
0.000000
0.000000
0.000000
0.000000
0.000000
0.592244
2.084378
0.000000
0.000000
0.000000
0.000000
0.000000
0.000000
0.000000
0.137379
0.000000
0.000000
0.000000
0.000000
0.000000
0.000000
0.000000
0.000000
0.000000
0.000000
0.000000
0.000000
0.000000
0.000000
0.000000
0.262432
0.580324
1.358046
0.158200
0.000000
0.000000
0.000000
0.000000
0.000000
0.903185
0.000000
0.000000
0.000000
0.000000
0.119605
0.000000
0.000000
0.000000
0.000000
0.208381
0.000000
1.927519
0.000000
1.445364
2.014006
0.000000
0.000000
0.426182
0.000000
0.000000
0.555187
0.000000
0.615060
0.000000
0.000000
0.000000
0.000000
0.773100
0.000000
0.000000
0.000000
0.000000
0.105622
0.000000
0.000000
0.000000
0.797819
0.000000
0.000000
0.000000
0.723913
0.000000
0.137273
0.261948
2.152109
1.982806
0.000000
0.000000
0.000000
0.000000
0.000000
0.329205
0.000000
0.000000
0.000000
0.000000
0.000000
0.000000
1.505106
1.559037
0.000000
0.000000
0.000000
0.370085
0.000000
0.000000
0.921131
0.000000
0.000000
0.000000
0.000000
0.000000
0.000000
0.285680
0.000000
0.000000
0.000000
0.000000
0.006702
0.000000
0.000000
0.000000
0.000000
2.348061
0.119800
1.001381
0.000000
1.175659
0.000000
0.000000
0.000000
0.531089
0.000000
0.000000
0.060586
1.121806
0.000000
0.000000
1.277618
0.000000
0.550273
0.000000
0.000000
0.000000
0.000000
0.000000
0.000000
0.000000
0.000000
0.464786
0.000000
0.000000
0.000000
0.000000
0.000000
0.000000
0.000000
0.000000
0.201904
0.521207
0.000000
0.000000
0.000000
0.000000
0.000000
0.000000
0.000000
0.000000
0.000000
1.189955
0.000000
0.310986
0.000000
0.000000
0.300887
0.000000
0.000000
0.000000
0.874047
0.000000
0.000000
0.000000
0.077250
0.000000
0.000000
0.000000
0.000000
1.124619
0.000000
0.000000
0.000000
0.042007
0.000000
0.000000
0.000000
0.000000
0.000000
0.978386
0.859297
0.000000
0.736778
0.094579
0.000000
0.000000
0.000000
0.517377
0.000000
0.000000
0.000000
0.000000
0.000000
0.000000
0.000000
0.000000
0.000000
0.000000
0.000000
0.000000
0.062868
0.000000
0.000000
0.000000
0.000000
0.000000
0.000000
0.000000
1.363166
0.000000
0.290737
0.000000
0.000000
0.000000
0.000000
0.000000
0.538585
0.000000
1.184936
0.000000
1.575294
0.000000
0.000000
0.000000
0.000000
1.068250
0.377299
0.000000
0.000000
1.115020
0.178303
0.000000
0.000000
0.000000
0.000000
0.000000
0.000000
0.000000
1.001146
1.550499
0.000000
1.686082
0.000000
0.000000
0.417464
0.000000
0.000000
0.000000
1.176569
0.000000
0.000000
0.000000
0.000000
0.000000
0.000000
0.716782
0.752095
0.000000
0.000000
0.000000
0.000000
0.000000
0.000000
0.000000
0.000000
0.000000
0.026160
1.262948
0.000000
0.000000
0.000000
0.986899
0.000000
0.000000
2.750026
0.884086
0.000000
0.000000
0.000000
0.000000
0.000000
0.000000
0.000000
0.932664
0.000000
0.000000
0.197417
0.000000
0.000000
0.000000
1.073631
0.000000
0.000000
0.000000
0.061887
0.000000
0.000000
0.000000
0.000000
0.000000
2.119355
0.000000
0.000000
0.165411
0.472640
0.000000
0.000000
1.401857
0.803891
0.000000
0.000000
0.000000
0.000000
0.000000
0.363783
0.000000
0.000000
1.306491
0.000000
0.429244
0.000000
0.207508
0.000000
0.000000
0.000000
1.260981
0.000000
0.000000
0.000000
0.000000
0.577242
0.484837
0.000000
0.292478
0.000000
1.584900
0.000000
1.051088
0.000000
0.000000
0.000000
0.000000
0.431806
0.000000
0.000000
0.000000
0.000000
0.000000
0.000000
0.000000
0.000000
0.000000
0.000000
0.000000
0.000000
0.000000
0.000000
0.000000
0.000000
0.000000
0.000000
0.000000
0.292728
0.630784
0.148256
0.000000
0.364103
0.686742
0.000000
0.000000
0.394663
0.000000
0.000000
0.000000
0.000000
0.426172
0.104877
0.000000
0.000000
1.765828
2.474090
0.000000
0.000000
0.621920
0.000000
0.000000
0.000000
1.710115
0.000000
0.000000
0.000000
0.015493
0.000000
0.000000
0.000000
0.000000
0.000000
0.000000
0.000000
0.000000
0.000000
0.401959
0.000000
0.000000
0.000000
0.000000
1.430361
0.000000
0.000000
0.000000
0.000000
0.000000
1.712420
0.229618
0.000000
0.050879
0.000000
0.590005
1.321200
0.000000
0.000000
0.000000
0.000000
0.000000
0.000000
0.000000
0.517607
0.000000
0.000000
0.000000
0.000000
0.149441
0.000000
0.000000
0.000000
0.616209
0.000000
0.000000
0.000000
1.800073
0.000000
0.088414
0.000000
2.469951
0.000000
0.000000
0.085919
0.191300
0.000000
0.000000
0.000000
0.000000
2.039469
0.000000
0.000000
0.000000
0.000000
0.000000
0.848030
0.000000
0.000000
0.000000
2.742437
0.000000
0.153202
0.000000
0.000000
0.000000
0.000000
0.000000
1.080532
1.816396
0.000000
0.000000
0.000000
0.000000
0.086894
0.000000
0.000000
0.519616
0.000000
0.000000
0.000000
0.000000
0.000000
0.000000
0.000000
0.000000
0.000000
0.000000
0.000000
0.000000
0.000000
0.000000
0.000000
0.000000
0.343456
0.000000
0.000000
0.000000
0.000000
0.698605
1.284304
0.000000
0.421342
0.000000
0.000000
0.000000
0.000000
0.000000
0.000000
1.273617
0.000000
0.000000
0.000000
0.000000
2.279832
0.000000
0.000000
0.000000
0.000000
0.000000
0.000000
0.720148
0.571957
0.000000
0.000000
0.000000
0.000000
0.000000
0.000000
0.354221
0.000000
0.170470
0.000000
0.000000
0.000000
0.000000
1.279356
0.111802
0.000000
0.000000
0.000000
0.000000
0.000000
0.000000
0.000000
0.000000
0.701268
1.162350
0.566033
1.600634
0.000000
1.985749
0.000000
0.000000
0.000000
0.000000
0.000000
0.000000
0.000000
0.000000
0.000000
0.000000
1.011632
0.000000
0.000000
0.000000
0.000000
0.710329
0.000000
0.000000
0.120716
0.000000
0.000000
0.000000
0.000000
0.000000
0.000000
2.004602
0.000000
0.000000
0.000000
0.907393
0.991072
0.000000
1.051009
0.000000
0.000000
1.852642
0.000000
0.000000
0.000000
0.000000
0.640978
0.000000
0.000000
0.000000
0.000000
0.000000
1.149862
0.186966
1.040354
0.000000
2.208657
0.000000
0.000000
1.476213
2.260927
0.000000
0.244386
0.260021
0.000000
0.000000
0.000000
0.523702
0.000000
0.000000
0.000000
0.000000
0.000000
0.000000
0.000000
0.657937
0.000000
0.000000
0.000000
0.000000
0.000000
0.000000
0.000000
0.000000
0.604231
1.081530
0.351980
0.000000
0.635945
0.000000
0.331159
0.000000
0.100632
2.398847
0.306133
0.000000
0.000000
0.000000
0.675375
0.050199
0.445810
0.000000
0.000000
0.000000
0.000000
0.000000
0.000000
0.000000
2.352523
0.000000
0.000000
0.000000
0.000000
0.512816
0.250020
0.000000
1.864603
0.000000
0.000000
0.876498
0.000000
0.000000
0.000000
0.000000
0.000000
0.000000
0.000000
0.000000
0.298816
0.000000
0.000000
0.946986
0.262589
0.000000
0.000000
0.000000
0.000000
0.000000
2.043069
1.826243
1.690585
0.000000
0.000000
1.220102
0.000000
0.000000
0.625701
0.000000
0.078348
0.045989
0.000000
0.000000
0.000000
0.000000
0.000000
0.000000
0.000000
0.000000
0.855393
0.000000
0.000000
0.590348
1.504997
0.000000
0.797497
0.207049
0.000000
0.000000
0.544981
0.000000
0.000000
0.000000
0.000000
0.000000
0.120574
0.000000
0.403258
0.000000
0.166956
0.000000
0.000000
0.053825
0.926396
0.000000
0.000000
0.000000
0.000000
2.981356
0.500353
0.000000
0.000000
0.000000
0.000000
0.014386
0.000000
1.746339
2.039626
0.000000
0.709475
0.000000
0.433586
0.000000
0.000000
0.238929
0.000000
0.000000
0.000000
0.000000
0.000000
0.000000
0.000000
0.000000
0.345654
0.000000
0.000000
0.000000
0.000000
0.955149
0.000000
0.000000
0.452853
0.000000
0.000000
0.000000
1.972617
0.000000
0.000000
0.000000
0.000000
0.000000
0.000000
0.262251
0.000000
0.110949
0.000000
0.000000
0.000000
0.000000
0.000000
0.000000
1.066264
0.000000
0.196466
0.000000
0.000000
0.044509
0.000000
0.000000
0.000000
0.000000
0.000000
0.000000
0.000000
1.066580
0.000000
0.000000
0.000000
0.475282
0.000000
0.000000
0.075969
1.433637
0.000000
0.163208
0.341984
0.000000
1.089517
0.632617
0.000000
0.000000
0.000000
0.000000
0.000000
0.000000
0.000000
0.000000
0.000000
0.000000
0.000000
0.000000
0.827522
0.188901
0.000000
0.000000
0.000000
0.000000
1.522175
0.000000
0.000000
0.000000
0.509013
0.000000
0.000000
2.295614
0.000000
0.000000
0.000000
0.000000
0.000000
0.000000
0.000000
0.334045
1.130334
0.000000
0.000000
0.000000
0.000000
0.000000
0.000000
0.037569
0.000000
0.000000
0.274912
0.564435
0.000000
0.000000
0.000000
1.650991
0.000000
0.000000
0.000000
0.904839
0.000000
0.000000
0.000000
0.000000
0.000000
0.249534
0.731803
1.011001
0.000000
0.000000
0.000000
0.000000
0.000000
0.000000
0.000000
0.704087
0.000000
0.000000
0.000000
0.000000
0.490210
0.000000
2.393871
0.000000
0.000000
0.000000
0.503586
0.000000
0.000000
0.888158
0.493887
0.051810
0.000000
0.000000
0.000000
1.100342
0.000000
0.230580
0.000000
0.000000
0.000000
0.249815
0.000000
0.000000
0.000000
0.000000
0.000000
0.000000
0.010220
1.395515
0.000000
0.000000
0.000000
0.000000
0.000000
0.000000
0.000000
0.182636
0.000000
0.371459
0.202359
0.000000
0.000000
1.983317
0.154915
0.000000
1.353776
0.361473
0.000000
0.000000
1.341968
0.000000
0.000000
0.979428
0.000000
0.000000
0.000000
1.276112
1.131463
0.000000
0.000000
0.000000
0.905553
0.000000
0.000000
0.000000
0.000000
0.768545
0.000000
0.352266
2.266161
0.000000
0.000000
0.000000
0.000000
0.000000
0.000000
0.000000
0.000000
0.764574
1.386823
0.000000
0.000000
0.000000
0.000000
0.000000
0.000000
0.000000
0.000000
0.000000
0.000000
0.000000
0.000000
3.739812
0.812944
0.476972
0.000000
1.537050
0.000000
0.000000
0.000000
0.000000
0.052871
0.000000
0.714307
0.000000
0.000000
0.000000
1.039309
0.000000
0.000000
0.783917
0.000000
0.000000
0.000000
0.020530
0.000000
0.000000
1.108768
0.221075
0.000000
0.000000
0.000000
0.000000
0.000000
0.000000
0.000000
0.000000
0.000000
1.054251
0.000000
0.000000
0.056564
0.541841
0.382403
0.000000
0.000000
2.167200
0.000000
0.000000
0.000000
0.148164
0.000000
0.000000
0.000000
0.000000
0.000000
0.000000
0.000000
0.000000
0.797097
0.000000
0.000000
0.000000
0.000000
0.000000
0.060437
0.300150
0.000000
0.000000
0.000000
0.000000
0.000000
0.000000
0.660133
0.000000
0.000000
0.000000
0.000000
0.000000
0.000000
0.231333
0.000000
2.103957
0.000000
0.380747
0.000000
0.000000
1.401074
0.000000
0.000000
0.000000
0.000000
0.000000
0.000000
0.000000
0.000000
0.000000
0.786296
0.000000
0.000000
0.000000
0.000000
0.000000
0.000000
0.842587
0.000000
0.000000
0.000000
0.000000
0.000000
0.000000
0.000000
0.371024
2.878150
0.000000
0.000000
0.945495
0.000000
0.000000
0.000000
0.831462
0.000000
0.000000
0.114139
0.385646
0.000000
0.000000
0.000000
0.732069
0.000000
0.433690
0.000000
0.156881
1.873188
0.000000
0.000000
0.000000
0.000000
0.000000
0.388969
0.000000
0.096080
0.000000
0.000000
0.000000
0.000000
0.000000
0.000000
0.000000
0.000000
0.000000
0.000000
0.000000
0.627497
0.000000
0.000000
0.000000
0.000000
0.000000
0.083683
1.406227
3.608748
0.000000
0.000000
0.345159
0.000000
1.095125
0.000000
0.000000
0.000000
0.000000
1.546752
0.000000
0.000000
0.000000
0.000000
0.528667
0.000000
0.771995
0.000000
0.000000
0.000000
0.000000
0.000000
0.000000
0.187380
0.000000
0.174234
1.773712
0.000000
0.000000
0.000000
0.000000
0.000000
0.000000
0.000000
0.000000
0.000000
0.360865
0.000000
0.000000
1.557317
0.946040
0.000000
0.000000
0.000000
0.000000
0.000000
2.538020
0.000000
0.000000
0.000000
0.809117
0.000000
0.000000
0.000000
0.000000
0.000000
0.000000
0.000000
0.000000
0.000000
0.000000
0.000000
0.000000
0.000000
0.000000
0.000000
0.000000
0.000000
0.000000
0.000000
0.000000
0.000000
0.000000
0.000000
2.249089
0.000000
2.028644
0.000000
0.191643
0.000000
0.000000
0.000000
0.000000
0.000000
0.000000
0.000000
0.000000
0.000000
0.362358
0.000000
0.000000
0.000000
0.000000
0.000000
0.000000
0.000000
1.108565
1.322369
0.000000
0.248768
0.000000
0.000000
0.000000
0.486943
0.000000
1.608488
0.000000
0.520536
0.000000
0.000000
0.000000
0.000000
0.697096
0.000000
1.085285
0.000000
0.000000
0.000000
0.000000
0.000000
2.119934
0.000000
0.046381
0.000000
0.000000
0.000000
0.000000
0.000000
0.723824
0.326683
0.000000
0.000000
0.000000
0.000000
0.000000
0.000000
2.089589
0.116545
0.000000
0.000000
1.528605
0.000000
0.000000
0.000000
1.454441
0.000000
0.000000
0.000000
0.687369
1.562873
1.562925
0.000000
0.412167
0.204995
0.706189
0.870411
0.000000
0.000000
0.000000
0.000000
1.731650
0.000000
0.000000
0.255540
0.000000
0.000000
0.805724
0.000000
1.801751
1.080329
0.000000
0.000000
0.332934
0.000000
1.014791
0.219661
0.000000
0.000000
0.000000
0.000000
0.000000
0.000000
0.000000
0.000000
0.000000
0.000000
0.000000
0.000000
0.000000
0.000000
0.000000
0.000000
0.000000
0.186049
0.000000
0.000000
0.000000
0.000000
0.197751
0.000000
0.000000
0.000000
2.808580
0.000000
0.000000
0.073866
0.000000
1.362248
0.597661
0.000000
1.047527
0.000000
0.000000
0.000000
0.000000
0.000000
0.157469
0.000000
0.000000
0.826114
0.000000
0.000000
3.466053
0.000000
1.558714
0.000000
0.000000
0.000000
0.000000
0.000000
0.000000
0.097324
0.000000
0.000000
0.997116
0.000000
0.637645
0.000000
0.000000
0.000000
0.000000
0.000000
0.000000
0.000000
0.000000
0.000000
0.091527
0.000000
0.000000
0.000000
0.000000
0.066745
0.000000
0.000000
0.000000
0.876482
0.000000
0.000000
0.000000
0.000000
0.000000
0.000000
0.000000
0.983139
0.000000
0.000000
0.000000
0.000000
0.000000
0.000000
0.000000
0.000000
0.000000
1.519548
0.000000
0.000000
0.000000
0.000000
0.205624
0.000000
0.079553
0.643912
0.730258
0.000000
0.870071
0.000000
0.000000
0.000000
0.882212
2.591762
0.000000
0.000000
0.000000
0.000000
0.000000
0.000000
0.349709
0.000000
0.000000
0.656318
0.000000
0.000000
0.000000
1.548526
0.000000
3.700839
0.193180
0.389966
1.917184
0.000000
0.000000
0.000000
0.000000
0.000000
0.000000
0.000000
0.698371
0.000000
0.000000
0.000000
0.000000
0.000000
0.417551
0.000000
0.000000
1.626507
0.000000
0.000000
1.093498
0.000000
0.000000
0.000000
0.666383
0.000000
0.000000
0.000000
0.000000
0.000000
0.000000
0.000000
0.000000
0.000000
0.823920
0.000000
0.587154
0.000000
0.081909
0.050356
0.000000
0.000000
0.000000
0.420349
0.000000
0.773228
0.000000
0.903719
0.076275
0.000000
0.012325
0.000000
0.000000
1.652532
0.000000
0.000000
0.000000
0.000000
2.593935
0.000000
0.000000
0.000000
0.000000
0.000000
0.000000
0.000000
0.000000
0.000000
2.141839
0.000000
0.000000
0.000000
0.711167
0.000000
0.000000
0.000000
0.000000
0.000000
0.000000
0.000000
0.000000
0.000000
0.000000
0.000000
0.000000
0.000000
0.000000
0.287334
0.000000
0.000000
0.000000
0.000000
0.625535
0.497085
0.000000
0.000000
0.000000
0.000000
0.000000
0.000000
0.000000
0.000000
0.000000
0.000000
0.705703
0.305509
0.512315
0.000000
0.000000
0.000000
0.000000
0.000000
0.000000
0.000000
0.000000
0.000000
0.000000
0.000000
0.000000
0.000000
0.000000
0.000000
0.000000
0.197407
0.000000
0.000000
0.167297
0.000000
0.085907
0.000000
0.000000
0.000000
2.417906
0.000000
0.000000
0.000000
0.000000
0.000000
0.000000
0.983959
0.000000
0.507505
0.000000
1.064716
0.000000
0.669238
0.000000
0.000000
0.542742
1.335377
0.000000
0.918226
0.000000
0.000000
0.000000
0.000000
0.695061
0.000000
1.802569
0.000000
0.073676
0.357863
0.000000
0.000000
0.000000
0.000000
0.000000
0.000000
0.000357
0.000000
0.000000
0.621915
0.000000
0.548801
0.000000
1.777956
0.000000
0.445542
0.000000
0.000000
0.000000
0.326219
0.000000
0.000000
0.000000
0.000000
0.000000
0.584504
0.000000
1.418159
0.000000
0.000000
0.000000
0.000000
0.000000
0.000000
0.000000
0.000000
0.000000
1.384096
0.000000
0.000000
0.000000
0.000000
0.000000
0.370953
0.195986
0.000000
0.000000
0.165383
0.000000
0.000000
0.000000
0.894993
0.000000
0.000000
0.000000
1.881511
0.616279
0.000000
0.000000
0.000000
0.016123
0.000000
0.625881
0.833601
0.000000
0.000000
0.000000
0.000000
1.210281
0.000000
0.000000
0.000000
0.735633
0.000000
0.000000
0.000000
0.000000
0.000000
0.000000
0.000000
0.000000
1.392719
0.000000
0.441244
0.000000
1.914224
0.000000
0.151923
0.000000
0.404039
1.046343
0.000000
0.675127
0.000000
0.000000
0.336701
1.185428
0.000000
0.000000
0.358036
0.000000
0.000000
0.000000
0.000000
0.000000
0.374153
0.000000
0.033110
0.000000
0.000000
0.000000
0.000000
0.000000
0.000000
0.000000
0.000000
0.000000
1.433953
0.000000
0.000000
0.000000
0.000000
0.000000
0.000000
0.000000
0.243707
0.000000
0.414526
0.000000
0.417365
0.608370
0.000000
0.000000
0.000000
0.177878
1.074596
0.000000
0.507180
0.000000
0.000000
0.000000
0.000000
0.000000
0.403136
0.162086
0.000000
0.396026
1.134707
1.089596
0.000000
0.000000
0.000000
0.080919
1.054411
0.000000
0.000000
0.000000
0.000000
0.000000
0.000000
0.000000
0.225534
0.000000
1.015976
0.000000
0.000000
0.418209
1.535642
0.388264
1.060855
0.000000
0.000000
0.000000
1.355805
0.000000
0.083412
0.159027
1.343246
0.000000
0.000000
0.000000
0.082949
0.000000
1.450713
0.056012
0.000000
0.000000
0.000000
0.000000
2.324053
0.000000
0.000000
0.562232
0.000000
0.636909
0.000000
0.882657
0.000000
0.199340
1.085833
0.000000
0.000000
0.063011
0.000000
0.000000
0.320120
0.000000
1.384801
0.000000
1.465952
0.856328
0.849412
0.000000
0.000000
0.000000
0.000000
0.498981
0.000000
0.000000
0.000000
0.419036
0.000000
0.000000
0.000000
0.000000
0.000000
1.133436
0.621599
0.000000
0.000000
0.000000
0.000000
0.000000
0.000000
0.000000
0.000000
0.000000
0.000000
0.000000
0.000000
0.000000
0.639123
0.812343
0.000000
0.000000
0.000000
0.885556
0.000000
1.009603
0.000000
0.000000
0.000000
0.000000
0.000000
0.000000
0.000000
0.226871
0.000000
0.000000
0.000000
0.000000
0.000000
0.000000
0.000000
0.000000
0.449786
0.000000
1.639131
1.812774
0.588826
0.101686
0.000000
0.000000
0.000000
0.000000
0.000000
0.096880
0.000000
0.000000
0.000000
0.000000
0.000000
0.000000
0.423987
0.974931
0.000000
0.981468
0.000000
0.649593
0.000000
0.000000
0.000000
0.766745
0.000000
0.000000
0.000000
1.251758
0.059861
0.000000
0.000000
0.000000
0.000000
0.037048
0.000000
0.000000
0.000000
0.000000
0.000000
0.041303
0.000000
0.000000
0.000000
0.000000
0.000000
0.000000
0.000000
0.000000
0.000000
0.000000
0.000000
0.000000
0.000000
0.150927
0.000000
0.000000
0.000000
0.000000
0.000000
0.000000
0.000000
0.000000
1.071658
0.000000
0.000000
0.000000
0.000000
0.000000
0.000000
0.000000
0.355550
0.792204
0.000000
0.000000
0.000000
0.303745
0.000000
0.000000
0.479893
0.000000
0.000000
0.000000
0.000000
0.000000
0.318525
0.000000
0.047695
0.000000
0.000000
0.000000
0.000000
0.000000
1.023741
0.000000
0.000000
0.208334
0.000000
0.000000
0.000000
0.000000
0.000000
0.779636
0.487449
0.000000
0.000000
3.107785
0.000000
0.000000
0.000000
0.000000
0.000000
0.000000
0.000000
0.000000
0.000000
0.000000
2.842180
0.000000
0.000000
0.000000
1.142916
0.000000
1.094659
3.425082
0.000000
0.898855
0.000000
0.314797
0.000000
0.000000
0.000000
0.000000
0.127969
0.217499
0.000000
1.064976
0.000000
0.000000
0.000000
1.559654
0.000000
0.000000
0.000000
0.000000
1.600741
0.000000
1.323069
0.000000
0.000000
0.000000
0.471827
0.000000
0.000000
0.107300
0.000000
0.000000
0.000000
0.465251
0.012602
0.000000
0.000000
0.734229
0.000000
0.000000
0.000000
0.000000
0.000000
0.000000
0.000000
0.000000
0.074571
0.000000
0.000000
0.000000
0.000000
0.000000
0.000000
0.000000
0.000000
0.000000
0.000000
0.000000
0.000000
0.000000
0.603900
0.000000
0.348979
1.277238
0.158076
0.000000
0.000000
0.000000
0.000000
0.000000
2.363556
0.000000
0.000000
0.000000
1.068814
0.000000
0.000000
0.000000
0.545320
1.285766
0.288487
0.000000
0.000000
0.281884
0.000000
0.000000
0.000000
0.932874
0.000000
0.000000
0.000000
0.000000
0.603788
0.000000
0.000000
0.000000
0.000000
0.000000
0.000000
1.423618
0.000000
0.000000
0.000000
0.000000
0.000000
0.000000
0.000000
0.000000
0.000000
0.000000
0.000000
0.000000
0.000000
0.000000
0.000000
0.000000
0.000000
0.000000
0.000000
0.000000
0.000000
0.140207
0.000000
0.000000
0.967250
0.000000
0.415153
0.000000
0.653197
0.464374
0.183393
0.000000
0.000000
0.000000
0.000000
0.537920
0.000000
0.000000
0.000000
0.131272
0.000000
2.076592
0.000000
0.000000
0.000000
0.000000
0.000000
0.000000
0.480520
0.000000
0.000000
0.000000
0.000000
0.000000
0.000000
0.000000
0.000000
0.213903
0.000000
0.000000
0.000000
0.000000
0.000000
0.476275
0.000000
1.486076
0.000000
0.000000
0.940458
0.182057
0.000000
1.241226
0.000000
0.000000
1.199256
2.335550
1.289552
0.000000
0.000000
0.000000
0.000000
1.161900
0.000000
0.000000
0.000000
0.000000
1.056212
0.000000
0.712670
0.000000
0.000000
0.000000
0.014863
0.000000
1.100564
2.258898
0.000000
0.000000
0.000000
1.171770
0.000000
0.000000
0.000000
0.000000
0.000000
0.460813
0.000000
0.000000
0.000000
0.000000
0.000000
0.000000
0.000000
0.000000
0.000000
0.000000
0.000000
1.930994
0.000000
0.501701
0.000000
0.000000
0.000000
0.342333
0.000000
1.448250
0.000000
0.000000
0.000000
0.000000
0.000000
0.000000
0.000000
0.000000
0.000000
1.046693
1.050857
0.735413
0.065772
0.000000
0.000000
0.000000
0.000000
0.000000
0.000000
0.000000
0.000000
0.984349
1.243518
0.000000
0.000000
0.088342
0.000000
0.000000
0.000000
0.000000
0.000000
0.000000
0.296882
0.000000
0.000000
0.000000
0.000000
0.000000
0.000000
0.014612
0.000000
0.000000
0.000000
0.000000
0.000000
0.000000
0.000000
0.000000
0.000000
0.000000
0.000000
0.000000
0.643992
0.000000
1.679864
0.158229
1.046774
0.000000
0.000000
0.549490
0.000000
0.000000
0.419677
0.000000
0.000000
0.215068
0.041196
1.441022
1.102870
0.516294
0.434566
0.000000
0.000000
0.000000
0.000000
0.000000
0.543868
0.000000
0.000000
0.000000
0.000000
0.000000
1.648329
0.764944
2.021774
1.962453
0.000000
2.164131
0.000000
0.000000
0.000000
0.000000
1.402801
0.000000
0.000000
0.000000
0.145166
0.000000
0.000000
0.000000
0.000000
0.702308
1.043993
0.000000
0.000000
0.000000
0.000000
0.000000
0.000000
0.000000
2.015975
0.000000
0.481404
1.264672
0.000000
0.000000
0.000000
0.000000
0.000000
0.000000
0.786953
0.596114
0.000000
0.000000
0.054459
0.000000
0.000000
0.000000
0.000000
0.000000
0.022623
0.000000
0.000000
0.000000
0.000000
2.154096
0.000000
0.000000
0.000000
0.000000
0.000000
0.000000
0.000000
0.000000
0.140979
0.000000
0.152650
0.000000
0.231471
0.106063
0.000000
0.000000
0.000000
0.179418
0.546564
0.000000
0.000000
0.234404
0.304229
0.000000
0.000000
0.000000
0.575792
0.408306
0.000000
0.000000
0.277501
0.080877
0.000000
0.000000
0.000000
0.000000
0.000000
0.000000
0.144143
0.159488
0.000000
0.000000
0.000000
0.000000
0.000000
0.000000
0.000000
0.628363
0.000000
0.000000
0.000000
0.229105
0.000000
0.000000
0.000000
0.000000
1.546329
1.869836
0.000000
0.000000
0.000000
0.000000
0.000000
0.000000
0.329026
0.000000
0.000000
0.000000
0.000000
0.000000
0.000000
0.000000
0.000000
0.000000
0.000000
0.000000
0.000000
0.000000
0.000000
0.000000
1.123994
0.000000
0.000000
0.208212
2.028761
0.000000
1.116294
0.000000
0.449256
0.000000
0.778002
0.000000
0.000000
0.000000
0.000000
0.000000
0.473302
0.000000
0.000000
0.000000
0.000000
2.483233
0.000000
0.171737
1.017709
0.000000
0.000000
0.000000
0.000000
0.135682
0.000000
0.000000
0.000000
0.000000
0.000000
1.086070
0.000000
0.000000
0.000000
0.000000
2.580550
0.000000
0.000000
0.000000
0.000000
0.000000
0.000000
0.000000
0.000000
0.000000
3.212051
0.000000
0.000000
0.000000
0.000000
0.000000
2.023415
0.000000
0.000000
0.000000
0.000000
0.485414
0.000000
0.000000
0.000000
0.000000
0.000000
0.000000
0.000000
0.000000
0.000000
0.000000
0.000000
0.965629
0.000000
0.792443
0.000000
0.000000
0.000000
0.000000
3.494613
0.000000
0.000000
0.000000
0.000000
0.000000
0.000000
0.000000
0.000000
0.000000
0.000000
0.000000
0.019171
0.000000
0.000000
0.000000
0.000000
0.000000
0.000000
0.000000
0.000000
0.000000
0.000000
0.000000
0.000000
0.000000
0.557124
0.491438
0.209686
0.000000
0.000000
0.000000
0.000000
0.000000
0.000000
0.000000
0.000000
0.000000
0.000000
0.323337
0.000000
0.000000
0.000000
0.459058
0.000000
0.000000
0.000000
0.695378
0.000000
0.000000
1.143238
0.912241
0.000000
1.150268
0.049164
0.000000
0.000000
2.363580
0.000000
0.000000
0.000000
0.304855
0.870270
0.000000
0.000000
0.000000
1.916834
0.000000
0.869444
0.000000
0.000000
0.000000
0.000000
0.000000
0.000000
0.000000
0.000000
0.117081
0.000000
0.000000
0.000000
0.000000
0.331744
0.000000
0.000000
0.000000
0.843569
0.000000
0.000000
0.000000
0.743852
0.000000
1.147773
1.002315
0.000000
0.000000
0.614183
0.000000
0.000000
0.787171
0.361319
0.019645
0.000000
0.000000
0.000000
0.000000
0.265230
0.000000
0.000000
0.000000
0.000000
0.000000
0.000000
0.000000
0.000000
0.000000
0.000000
0.000000
0.973311
0.000000
0.000000
1.262200
0.000000
0.000000
0.000000
0.000000
0.000000
0.000000
0.000000
0.572531
0.000000
0.779929
0.000000
0.000000
0.000000
0.000000
0.000000
0.829003
2.177926
0.000000
0.000000
0.450698
0.000000
0.000000
0.000000
0.000000
0.000000
0.349932
1.019220
0.000000
0.000000
0.289897
0.552564
0.000000
0.000000
0.000000
1.483325
0.000000
0.000000
0.000000
0.000000
0.000000
0.000000
1.606120
0.000000
0.000000
0.000000
0.000000
0.000000
0.000000
0.000000
0.000000
0.139136
0.000000
0.000000
0.000000
0.175009
0.000000
0.000000
0.000000
0.000000
0.000000
0.000000
0.000000
0.000000
0.000000
0.000000
0.000000
0.000000
0.375501
0.029585
0.000000
0.000000
0.000000
0.000000
0.000000
0.000000
0.000000
1.114853
0.000000
0.000000
0.581064
0.000000
1.265412
0.000000
0.000000
0.000000
0.000000
0.000000
0.000000
0.000000
0.845598
0.149896
0.000000
0.000000
0.389778
0.000000
0.000000
0.000000
0.000000
0.000000
0.000000
0.000000
0.000000
0.000000
1.907009
1.183687
0.000000
0.000000
0.000000
0.000000
0.668680
0.000000
0.000000
1.603472
0.151553
0.000000
0.000000
1.292218
0.000000
0.000000
0.047407
0.000000
0.936861
2.265127
0.232431
0.444782
0.360100
0.000000
0.000000
0.000000
0.000000
0.000000
1.343696
0.000000
0.000000
0.000000
0.000000
0.000000
0.000000
0.000000
0.862079
0.000000
0.000000
0.000000
1.321918
0.000000
0.000000
0.044084
1.396038
0.000000
0.000000
0.117276
0.000000
0.000000
0.000000
1.483129
1.574285
0.000000
0.000000
0.131045
0.000000
0.012672
0.000000
0.000000
0.182129
0.000000
0.000000
0.927857
0.000000
0.000000
0.000000
0.000000
0.000000
0.000000
0.000000
0.000000
0.000000
0.000000
0.000000
0.000000
0.000000
0.000000
0.000000
0.000000
0.000000
0.000000
0.000000
0.579226
0.000000
0.000000
0.000000
0.000000
0.000000
0.000000
0.000000
0.827741
0.000000
0.000000
0.000000
0.764868
0.000000
0.000000
0.000000
0.000000
0.009683
0.000000
0.000000
1.469790
0.000000
0.000000
0.000000
0.000000
1.509606
1.231992
0.000000
0.000000
0.000000
0.000000
0.000000
0.000000
0.000000
0.000000
0.000000
0.000000
0.000000
0.000000
0.000000
0.114494
0.000000
0.936783
0.000000
0.000000
0.000000
0.000000
0.000000
0.000000
1.670757
0.000000
0.000000
0.000000
1.760392
0.328249
0.000000
1.274211
0.000000
0.000000
0.000000
0.831291
0.000000
0.043547
0.000000
0.000000
1.177917
0.000000
0.000000
0.456934
1.005014
0.417722
0.000000
0.000000
0.772772
0.396465
0.000000
0.000000
0.000000
0.000000
0.000000
0.000000
0.000000
0.000000
0.000000
0.000000
0.000000
0.000000
0.000000
0.000000
0.621751
0.931926
0.000000
1.260750
0.000000
0.000000
0.456198
0.000000
0.000000
0.000000
0.000000
0.282221
0.000000
0.000000
0.000000
0.000000
0.463315
0.392772
0.000000
0.000000
0.629752
0.000000
0.000000
0.000000
0.448412
0.732143
0.000000
0.000000
0.181623
0.000000
0.000000
0.000000
0.000000
0.000000
0.000000
0.022534
1.239893
0.000000
0.000000
0.000000
0.000000
0.000000
0.000000
1.150853
0.000000
0.000000
0.000000
0.000000
0.000000
0.000000
0.026480
0.000000
0.000000
0.000000
0.106216
0.000000
0.000000
0.000000
0.000000
0.000000
0.000000
0.000000
0.085522
1.429065
0.000000
0.000000
0.000000
0.000000
0.000000
0.000000
0.000000
0.182713
0.000000
0.000000
0.000000
0.000000
0.223096
2.772896
0.000000
0.136526
0.000000
0.000000
0.000000
0.000000
0.000000
0.000000
0.000000
0.000000
0.000000
0.195222
0.000000
0.000000
0.000000
0.000000
0.000000
0.000000
0.000000
0.931398
0.000000
0.000000
0.895680
0.000000
0.000000
0.000000
0.000000
0.000000
0.000000
0.019614
0.642274
0.936083
0.000000
0.000000
0.000000
0.000000
1.970531
1.605022
0.000000
0.000000
0.000000
0.279093
1.112810
0.000000
1.253512
0.000000
0.000000
0.000000
1.759547
0.000000
0.675701
0.000000
0.000000
0.000000
0.000000
0.000000
0.000000
0.000000
0.000000
0.000000
0.000000
0.745266
0.000000
0.000000
0.000000
0.000000
0.000000
1.358695
0.000000
0.000000
0.000000
0.000000
0.000000
0.000000
0.000000
0.000000
0.000000
0.000000
0.000000
0.000000
0.000000
0.000000
0.000000
1.645947
0.332990
0.166328
0.000000
0.000000
0.867002
0.000000
0.000000
0.000000
0.000000
0.000000
1.274875
0.000000
0.000000
0.000000
0.991641
0.000000
0.000000
0.000000
0.000000
0.000000
0.000000
0.344986
0.000000
0.000000
0.000000
0.000000
0.279045
0.000000
0.000000
0.000000
0.000000
0.120428
0.000000
0.000000
0.000000
0.000000
0.000000
0.000000
0.000000
1.582330
0.000000
0.000000
0.000000
0.831030
0.170904
0.628333
0.000000
0.000000
0.673445
0.000000
0.000000
0.000000
0.000000
0.806571
0.000000
0.000000
0.000000
0.000000
1.548984
0.000000
0.253520
1.512003
0.000000
0.000000
0.180622
0.000000
0.332911
0.000000
0.000000
0.000000
0.000000
0.000000
0.000000
0.000000
0.000000
0.030247
