2.376204
0.000000
0.000000
0.000000
0.000000
0.000000
0.000000
1.524531
2.095273
0.000000
1.313432
4.302434
0.473857
0.000000
0.000000
0.000000
2.212501
0.000000
0.000000
0.000000
0.000000
0.000000
0.000000
0.701886
0.000000
0.000000
0.996689
0.000000
0.000000
0.000000
0.000000
0.793007
1.524390
0.342939
0.000000
0.739234
0.000000
0.000000
0.000000
0.000000
0.000000
0.000000
0.000000
0.262458
0.000000
0.390595
0.000000
0.918751
0.000000
0.000000
0.000000
0.000000
0.000000
0.000000
0.000000
0.000000
0.000000
0.000000
0.000000
0.000000
0.000000
1.918020
0.000000
0.000000
0.793865
0.000000
0.000000
0.000000
2.074204
0.000000
0.000000
0.000000
0.000000
0.000000
0.495932
0.480018
0.000000
0.000000
0.000000
0.000000
0.091425
0.000000
0.000000
0.000000
0.803932
0.709194
0.000000
0.000000
0.000000
0.000000
0.000000
0.055083
0.000000
0.000000
0.503021
0.000000
0.000000
0.000000
2.291870
0.000000
0.000000
0.000000
0.000000
0.412785
0.000000
0.000000
0.000000
0.000000
0.000000
0.000000
0.000000
0.000000
1.419410
0.000000
0.000000
0.964326
4.874848
0.000000
1.118069
0.000000
0.000000
2.214003
0.000000
0.000000
0.000000
0.000000
0.000000
0.000000
0.000000
0.000000
0.000000
0.000000
0.000000
0.000000
0.000000
0.000000
0.542733
0.000000
0.000000
0.000000
0.192220
0.000000
1.345219
0.000000
0.000000
0.990712
0.000000
0.583186
0.000000
0.824055
0.000000
0.000000
0.000000
0.000000
2.606934
0.158113
0.000000
0.000000
0.000000
1.074945
0.000000
0.000000
0.000000
0.000000
2.775475
2.572487
0.000000
0.000000
0.000000
0.000000
4.276137
0.139199
0.000000
0.000000
1.038120
0.000000
0.000000
0.000000
0.000000
0.000000
0.000000
0.000000
0.000000
1.270372
0.000000
0.000000
0.000000
0.000000
0.000000
0.000000
0.000000
0.000000
0.000000
0.000000
1.152295
0.722553
0.000000
0.000000
1.485028
0.000000
0.000000
0.000000
0.000000
0.000000
0.000000
0.000000
0.000000
0.000000
0.000000
0.000000
0.000000
0.000000
0.000000
1.165375
0.000000
0.000000
0.582900
0.000000
2.630304
0.000000
0.000000
1.366628
0.093600
0.000000
0.000000
0.000000
0.000000
0.759754
0.472504
0.000000
0.138307
1.575730
0.000000
0.000000
0.242644
0.461077
0.000000
0.000000
0.000000
1.435402
0.000000
0.000000
0.000000
0.000000
0.407911
0.000000
0.000000
0.000000
0.000000
0.000000
0.000000
0.000000
0.127452
0.000000
0.000000
0.000000
0.000000
0.440177
0.000000
0.594543
0.840389
0.000000
0.000000
0.000000
0.000000
0.000000
0.000000
0.000000
0.000000
0.000000
0.796185
0.000000
0.000000
0.462545
0.208540
0.000000
0.000000
0.000000
0.000000
0.000000
0.000000
0.000000
0.000000
2.268037
0.000000
0.804478
0.155649
0.000000
0.000000
0.000000
0.000000
0.445218
0.000000
0.921488
0.000000
0.000000
0.000000
0.000000
0.000000
0.433246
0.000000
2.297107
0.000000
0.000000
0.000000
0.000000
0.000000
0.000000
0.000000
0.000000
0.000000
0.000000
0.000000
0.331758
0.000000
0.000000
0.000000
0.008466
3.077636
1.242986
0.000000
1.385721
0.000000
0.000000
0.000000
0.000000
0.000000
0.000000
1.316402
0.000000
0.000000
0.000000
0.000000
0.000000
0.000000
0.000000
0.000000
1.015451
0.000000
0.000000
0.000000
0.815573
0.000000
0.000000
0.000000
0.000000
0.000000
0.000000
0.000000
0.673507
0.753583
0.000000
0.000000
0.000000
0.000000
0.265515
0.000000
0.000000
1.971017
0.000000
0.000000
0.000000
0.828987
0.000000
0.000000
0.000000
0.626707
1.673652
0.000000
0.000000
0.000000
2.211560
0.000000
0.000000
0.000000
0.000000
2.161504
0.655905
0.000000
0.000000
0.000000
0.000000
0.000000
0.000000
0.000000
2.375278
0.000000
2.369496
0.000000
0.400403
0.000000
0.000000
1.848083
1.360946
0.000000
0.000000
0.000000
0.000000
0.000000
0.000000
0.000000
1.062532
0.000000
0.000000
0.000000
0.000000
1.513574
0.000000
0.000000
0.000000
0.000000
0.000000
0.000000
0.727459
0.000000
0.000000
0.000000
0.000000
0.000000
0.000000
0.768131
0.000000
0.641814
0.000000
0.653556
0.000000
0.000000
0.000000
0.000000
1.403415
0.000000
0.000000
0.000000
0.000000
0.000000
2.003904
0.000000
0.000000
0.000000
0.000000
0.000000
0.000000
0.000000
0.000000
0.000000
0.000000
0.000000
0.179026
0.000000
0.000000
0.000000
0.586631
0.000000
0.000000
0.000000
0.000000
0.000000
0.000000
0.000000
0.000000
0.000000
0.000000
0.000000
0.000000
0.000000
0.883466
0.000000
0.000000
2.752691
0.000000
0.000000
0.000000
0.000000
0.000000
0.000000
0.000000
0.000000
1.910470
0.000000
1.256209
1.729235
0.000000
0.000000
1.329638
0.000000
0.000000
0.000000
0.000000
0.000000
2.139566
0.000000
0.974006
0.000000
0.000000
0.000000
0.000000
3.041426
0.000000
0.000000
0.000000
0.000000
1.026838
0.000000
0.695539
0.000000
1.480253
0.000000
0.000000
0.000000
0.000000
0.000000
1.226875
0.000000
0.000000
0.000000
0.787277
0.000000
0.000000
0.000000
0.000000
0.000000
0.000000
0.000000
0.000000
0.000000
0.000000
0.123309
0.000000
1.340487
0.847363
0.000000
0.000000
0.000000
0.935887
0.683828
0.631409
0.000000
0.000000
0.000000
0.000000
0.000000
2.353047
0.000000
0.000000
0.000000
0.000000
0.000000
0.000000
0.000000
0.000000
0.215484
0.607877
0.000000
0.000000
0.000000
1.007666
0.000000
0.000000
0.000000
0.000000
0.000000
0.000000
0.000000
0.000000
0.000000
0.000000
0.000000
0.000000
0.000000
0.000000
0.000000
0.000000
0.000000
0.446415
0.000000
0.000000
0.000000
0.000000
2.074382
0.000000
0.000000
0.000000
0.000000
0.000000
0.000000
0.000000
0.000000
2.360421
0.347319
0.000000
0.753191
0.000000
0.000000
2.590339
0.000000
0.000000
0.000000
0.000000
1.494452
0.000000
0.000000
0.000000
0.000000
0.000000
0.000000
0.000000
0.000000
0.890384
0.000000
0.000000
0.950618
0.000000
0.000000
0.000000
0.000000
0.000000
0.000000
0.000000
0.456659
0.000000
0.000000
0.000000
0.000000
0.664406
0.000000
0.000000
0.000000
0.000000
0.000000
0.000000
0.000000
0.000000
0.000000
0.000000
2.210695
0.000000
0.000000
0.145160
0.000000
0.000000
1.564165
0.000000
0.000000
0.000000
0.000000
0.000000
0.000000
1.186730
0.000000
0.000000
0.000000
0.000000
0.000000
1.083678
0.042807
1.826819
0.000000
0.000000
0.000000
2.954956
0.000000
0.000000
0.000000
0.000000
0.000000
0.000000
0.000000
0.000000
0.000000
0.000000
0.000000
0.777107
0.000000
0.000000
0.000000
0.000000
0.000000
0.000000
0.000000
0.000000
0.000000
0.938155
0.104950
0.000000
0.000000
0.000000
0.000000
0.000000
0.000000
0.000000
0.000000
2.398153
0.000000
0.000000
0.298025
0.000000
0.624319
0.000000
0.000000
0.000000
1.055890
0.000000
0.000000
0.339103
0.000000
0.000000
0.000000
0.414003
0.000000
0.000000
0.000000
2.685111
0.000000
0.000000
0.190265
0.000000
0.000000
0.000000
0.000000
0.000000
0.000000
0.000000
0.000000
0.000000
0.000000
0.000000
0.000000
0.000000
0.000000
2.890990
0.000000
0.000000
0.000000
1.844420
0.000000
0.240017
1.155025
0.000000
1.129441
0.000000
0.000000
0.000000
0.000000
0.000000
0.000000
0.000000
0.000000
0.000000
0.000000
0.000000
1.036438
0.000000
0.000000
1.227403
0.000000
0.000000
0.000000
0.000000
0.000000
0.612118
0.000000
0.000000
0.000000
0.000000
0.000000
0.000000
0.000000
0.000000
1.021519
2.854578
0.000000
0.000000
0.000000
0.000000
1.343624
0.000000
0.000000
0.000000
0.000000
0.000000
0.000000
0.130432
1.057659
0.000000
0.000000
0.036955
2.920122
0.000000
0.000000
0.000000
0.000000
0.000000
0.302624
0.000000
0.000000
0.000000
1.076095
0.000000
0.000000
0.000000
0.000000
0.722104
0.000000
0.000000
0.000000
0.000000
0.000000
0.000000
0.000000
1.684343
0.000000
1.043870
0.000000
0.196599
0.659845
0.000000
0.067034
0.000000
0.000000
1.435687
0.000000
0.000000
0.000000
0.000000
0.758686
0.000000
0.000000
0.000000
0.000000
0.000000
0.000000
0.000000
0.000000
0.000000
0.000000
0.000000
0.000000
0.000000
0.000000
0.000000
0.000000
0.000000
0.000000
0.000000
1.925246
0.000000
1.527684
0.000000
0.132477
0.000000
0.000000
0.000000
0.000000
0.000000
0.000000
0.000000
2.235003
0.158670
0.000000
0.000000
0.000000
0.000000
0.000000
0.770855
0.000000
0.000000
3.695006
0.000000
0.000000
0.000000
0.000000
2.663284
0.570266
0.000000
0.000000
0.000000
0.032788
0.000000
0.000000
0.000000
0.826758
1.324413
0.000000
3.376687
0.000000
0.000000
0.000000
1.871205
0.000000
0.000000
0.000000
0.095516
0.000000
0.000000
0.000000
0.000000
0.000000
0.000000
0.000000
0.000000
0.000000
0.621624
0.000000
0.000000
0.000000
0.000000
0.000000
0.000000
0.015750
0.000000
0.000000
0.000000
0.000000
0.000000
0.307425
0.000000
1.938194
0.000000
0.000000
0.000000
0.000000
0.000000
0.014890
1.300529
0.000000
0.000000
0.000000
0.000000
0.000000
0.000000
0.000000
0.000000
0.000000
0.000000
0.000000
0.000000
1.242665
0.000000
0.000000
0.000000
0.000000
0.000000
0.962234
0.000000
0.000000
0.000000
0.000000
0.000000
0.000000
0.000000
0.000000
2.467089
0.000000
0.000000
0.000000
0.000000
0.000000
0.000000
0.000000
0.836733
0.000000
1.552102
0.000000
0.443783
0.000000
0.000000
0.000000
0.000000
1.045382
0.000000
0.000000
0.000000
0.000000
4.784103
1.788517
0.001993
0.000000
0.000000
0.000000
0.000000
0.000000
0.000000
0.000000
0.000000
0.000000
0.000000
0.000000
0.352075
0.000000
0.000000
0.000000
0.000000
0.000000
0.166962
0.000000
0.000000
0.000000
2.309486
0.000000
0.000000
0.000000
0.000000
0.000000
0.000000
0.000000
0.000000
0.000000
0.000000
0.000000
0.000000
0.385592
0.000000
0.000000
0.519266
0.000000
0.000000
0.000000
0.000000
0.000000
0.000000
0.000000
0.000000
0.000000
0.000000
0.000000
0.000000
0.000000
0.000000
0.000000
0.000000
0.000000
0.000000
2.195613
0.000000
0.000000
0.000000
0.000000
0.000000
0.000000
0.000000
0.911209
0.000000
0.000000
0.000000
0.000000
0.000000
0.180309
0.000000
0.000000
0.000000
2.083606
0.000000
0.000000
0.000000
0.000000
0.000000
0.000000
0.000000
0.000000
0.000000
0.147013
0.000000
0.000000
0.000000
0.000000
1.015167
0.000000
0.000000
0.000000
0.000000
0.000000
0.000000
0.000000
0.000000
0.000000
0.507291
0.552419
0.339054
0.000000
0.000000
0.000000
0.000000
0.000000
0.000000
0.000000
0.790878
0.000000
0.000000
0.000000
0.000000
0.000000
0.000000
0.000000
0.000000
0.000000
0.000000
0.000000
0.000000
0.066759
0.721981
0.000000
0.000000
0.000000
0.000000
0.000000
0.000000
0.000000
0.000000
0.000000
0.000000
0.000000
0.000000
0.000000
0.000000
0.000000
0.000000
0.000000
0.000000
3.926793
0.236122
0.000000
0.000000
0.000000
0.392659
0.000000
0.000000
0.000000
0.000000
2.910779
0.000000
0.000000
0.000000
0.000000
0.000000
0.587461
0.000000
1.872640
0.000000
0.000000
0.000000
0.000000
0.000000
0.000000
0.000000
0.000000
0.000000
0.850625
0.000000
0.000000
3.169686
0.904326
0.000000
0.247670
0.000000
0.000000
0.896471
0.000000
0.000000
0.000000
0.000000
0.000000
0.000000
0.000000
0.000000
0.000000
0.000000
0.000000
0.000000
0.000000
0.000000
0.000000
0.000000
0.000000
0.009940
0.000000
0.000000
0.000000
0.135517
0.000000
0.000000
0.000000
0.000000
0.000000
0.000000
0.627065
0.000000
0.000000
0.000000
3.121659
0.000000
0.547502
0.000000
0.000000
0.000000
0.000000
0.000000
0.000000
0.000000
0.000000
0.000000
0.000000
0.000000
0.000000
0.000000
0.000000
0.000000
0.000000
0.000000
0.000000
1.344531
0.000000
0.000000
0.340706
1.377052
0.000000
0.000000
0.000000
0.000000
1.730400
0.000000
2.612388
0.000000
0.000000
0.000000
0.000000
0.000000
0.351430
0.000000
0.400563
0.000000
0.932481
0.000000
0.000000
0.000000
0.000000
0.000000
0.000000
0.000000
0.000000
0.232373
0.312315
0.704006
0.000000
0.000000
0.000000
0.000000
0.000000
0.000000
0.000000
2.954043
0.000000
0.000000
0.518764
1.329074
0.403589
0.000000
0.000000
0.000000
0.141819
0.000000
0.000000
0.000000
0.000000
0.000000
0.000000
0.000000
0.000000
0.000000
0.000000
0.000000
0.000000
0.229282
0.000000
0.000000
0.275438
0.000000
0.000000
0.000000
0.000000
1.111489
0.000000
0.827780
0.000000
0.000000
0.000000
0.000000
0.000000
0.000000
0.533836
3.013240
0.000000
0.000000
0.000000
0.000000
0.000000
0.000000
0.000000
0.000000
0.000000
0.000000
0.026162
0.000000
0.000000
0.000000
0.000000
0.077776
0.000000
0.105147
0.000000
0.000000
0.000000
0.000000
0.000000
2.160398
0.000000
0.000000
2.677403
0.000000
0.988524
0.000000
0.000000
0.000000
2.610477
0.000000
1.298644
0.000000
0.000000
1.166081
1.453148
0.223765
0.833209
0.000000
0.000000
0.702036
3.485769
0.000000
0.000000
0.000000
0.000000
0.000000
0.000000
0.000000
1.095935
0.000000
0.000000
0.000000
0.000000
0.000000
0.000000
0.000000
0.664356
0.000000
0.000000
0.000000
0.585976
0.000000
0.000000
0.000000
0.000000
0.000000
0.000000
0.000000
0.000000
0.000000
0.000000
0.000000
0.000000
0.000000
0.000000
4.114842
0.000000
4.100071
0.000000
0.000000
1.825196
0.000000
0.000000
0.000000
0.000000
0.000000
0.000000
0.000000
0.165265
0.000000
0.000000
0.000000
0.000000
0.000000
0.000000
0.000000
0.000000
2.531420
0.000000
0.000000
0.000000
0.000000
0.000000
0.668245
1.377259
0.000000
0.000000
0.000000
2.342741
0.000000
0.861965
0.000000
1.099309
0.000000
0.379511
0.000000
0.000000
0.272368
0.242989
0.101740
0.000000
0.000000
0.000000
0.000000
1.683127
1.779284
0.000000
0.000000
2.113984
0.000000
0.000000
1.034083
0.000000
0.000000
2.518506
0.000000
0.000000
0.000000
0.000000
3.107626
0.000000
0.000000
0.000000
0.551931
0.000000
0.000000
0.000000
0.000000
0.000000
0.000000
1.915094
0.000000
0.000000
0.000000
0.000000
0.000000
0.000000
0.000000
0.000000
0.000000
0.000000
0.000000
0.000000
1.872332
0.000000
0.000000
0.000000
0.000000
0.000000
0.000000
0.989312
1.241655
0.000000
0.000000
0.000000
0.000000
0.000000
0.000000
2.208022
0.000000
0.000000
0.000000
0.000000
0.000000
0.000000
0.000000
0.723967
0.000000
0.636886
0.000000
0.761736
0.000000
0.000000
0.000000
0.000000
0.000000
0.000000
0.000000
0.000000
0.000000
0.000000
0.000000
0.000000
0.000000
1.067521
0.050366
0.000000
0.000000
0.000000
0.000000
0.000000
0.000000
0.000000
0.000000
0.000000
0.000000
0.000000
1.117334
0.634368
0.000000
1.694608
0.000000
1.196320
0.000000
0.000000
0.000000
1.987374
0.962601
0.000000
0.000000
0.225070
0.000000
0.000000
0.000000
1.844477
0.000000
0.000000
1.699260
0.000000
0.000000
0.582560
1.052699
0.231107
0.000000
0.000000
0.000000
0.000000
0.000000
0.147144
0.000000
0.000000
0.000000
0.000000
0.000000
0.000000
0.000000
0.000000
0.000000
0.000000
0.000000
0.000000
0.006906
0.000000
0.000000
0.000000
0.404062
0.000000
0.000000
0.000000
0.000000
0.000000
0.701644
0.000000
2.087224
0.000000
1.906083
0.665227
0.000000
0.000000
0.000000
0.000000
0.000000
0.000000
0.000000
0.000000
0.000000
3.955540
0.000000
0.000000
0.000000
0.000000
0.929621
0.000000
1.439260
0.000000
0.536198
0.000000
0.357023
0.000000
0.000000
0.000000
0.000000
0.000000
0.000000
0.000000
0.000000
0.000000
0.000000
0.000000
0.000000
0.000000
0.000000
0.000000
0.000000
0.000000
0.442491
0.000000
0.000000
0.000000
0.000000
0.000000
0.000000
0.000000
0.000000
0.000000
0.000000
0.000000
0.000000
0.000000
0.000000
0.000000
0.000000
0.000000
0.000000
0.000000
0.065368
0.000000
0.000000
2.108385
1.361201
0.000000
0.436213
0.431157
0.000000
1.098168
0.000000
0.000000
0.000000
0.018525
0.000000
0.000000
0.000000
0.000000
0.000000
0.000000
0.000000
0.000000
0.000000
0.672442
0.000000
0.000000
0.000000
0.000000
0.000000
0.000000
1.323873
0.000000
0.358347
0.000000
0.000000
0.000000
0.000000
0.000000
0.000000
0.000000
0.000000
0.000000
0.000000
0.010941
0.000000
0.750018
0.000000
1.588884
0.000000
0.000000
0.000000
0.000000
0.000000
0.000000
0.000000
0.000000
0.000000
0.000000
0.378220
1.660627
0.000000
0.000000
0.000000
0.071529
0.000000
0.000000
0.000000
0.000000
0.000000
0.000000
0.000000
0.112156
0.000000
0.000000
0.000000
0.947579
0.000000
0.000000
0.000000
0.650507
0.000000
0.000000
0.000000
0.000000
0.000000
0.000000
1.979447
0.000000
0.697950
0.000000
0.000000
0.000000
0.008881
0.000000
0.568726
0.000000
0.000000
0.223884
0.000000
1.123286
0.000000
0.000000
0.000000
0.575683
0.000000
0.000000
0.000000
0.000000
0.000000
0.000000
0.000000
0.000000
0.984247
1.333282
0.000000
0.793607
0.000000
0.554299
0.000000
0.000000
0.000000
0.000000
0.000000
1.862197
0.000000
0.000000
0.083123
0.233609
0.000000
0.623898
0.000000
1.018484
0.000000
1.112532
1.648834
0.000000
0.912176
0.000000
0.129671
0.000000
0.000000
0.000000
0.049908
0.000000
0.000000
0.000000
0.000000
3.863805
0.103273
1.805607
0.000000
0.000000
0.905980
0.000000
0.000000
1.418750
2.296939
1.514306
0.000000
0.000000
0.000000
0.000000
0.000000
0.000000
0.000000
1.040138
0.607396
1.663815
0.974305
0.000000
0.000000
0.000000
0.000000
0.000000
1.058123
0.000000
0.000000
0.000000
3.626663
0.000000
0.000000
1.773480
0.000000
1.331148
0.000000
0.000000
1.302318
0.534181
0.558382
0.000000
1.379918
0.000000
0.000000
0.000000
0.000000
0.000000
0.105323
1.095286
0.555557
0.000000
0.000000
0.000000
0.000000
0.000000
0.000000
0.000000
0.203424
0.000000
0.000000
0.000000
0.000000
2.431794
2.339723
0.000000
0.379385
0.000000
1.122616
0.000000
0.000000
0.000000
0.000000
0.000000
0.000000
0.374520
0.000000
0.000000
0.000000
0.000000
0.000000
0.000000
1.084709
0.000000
2.401424
0.000000
0.639003
0.000000
0.000000
0.000000
0.000000
0.000000
0.000000
2.090319
0.341310
0.000000
0.214415
0.000000
0.000000
0.403064
0.000000
0.701349
0.000000
0.000000
0.000000
0.462353
0.000000
0.000000
0.000000
0.000000
0.000000
0.000000
0.000000
1.267775
0.000000
0.000000
0.000000
0.000000
0.000000
0.000000
0.000000
0.000000
0.000000
0.000000
0.000000
0.000000
0.000000
0.000000
0.000000
0.000000
0.000000
0.867180
1.280483
0.000000
0.000000
0.000000
0.000000
0.000000
0.000000
0.000000
1.818106
0.000000
0.000000
0.000000
0.000000
0.000000
0.000000
0.247378
0.000000
0.000000
0.000000
0.000000
0.000000
1.505116
0.000000
0.000000
0.000000
0.000000
0.000000
0.000000
0.000000
0.852013
2.261364
0.000000
0.000000
0.000000
0.000000
0.000000
0.000000
0.000000
0.000000
0.460608
0.000000
0.000000
0.000000
0.000000
2.370804
0.000000
0.000000
0.000000
0.230281
0.000000
0.000000
1.406193
0.000000
0.267485
0.000000
0.000000
0.000000
0.432092
0.000000
0.000000
0.000000
0.566990
0.000000
0.000000
0.000000
1.711479
0.000000
0.000000
0.000000
0.000000
0.000000
0.000000
1.194556
0.656393
1.593205
1.811174
0.000000
0.000000
0.303614
0.000000
0.491353
0.000000
0.000000
0.000000
0.000000
0.000000
0.000000
0.000000
0.000000
0.000000
0.000000
0.211021
0.000000
0.000000
0.000000
0.000000
0.000000
0.000000
0.000000
0.000000
1.678460
0.000000
0.231793
0.000000
0.000000
0.040948
1.461572
1.520177
0.714572
0.000000
0.000000
2.451385
0.000000
0.000000
0.000000
0.000000
0.000000
0.000000
0.000000
2.798056
0.000000
1.183388
0.000000
0.000000
0.000000
0.000000
0.120580
0.357104
0.000000
0.000000
0.556309
0.000000
0.934590
0.000000
0.770438
3.764898
0.246448
0.011525
0.322108
0.000000
0.000000
0.186086
1.990489
0.000000
0.000000
0.000000
0.000000
0.000000
0.351526
0.000000
0.000000
0.000000
0.000000
0.891573
0.000000
0.224407
0.000000
3.027216
1.884449
0.000000
0.000000
2.808551
0.000000
0.000000
0.000000
0.000000
0.000000
0.000000
0.000000
2.844812
0.000000
0.781804
0.094810
0.000000
0.000000
0.000000
0.000000
1.886421
0.000000
0.000000
0.000000
0.000000
0.000000
0.000000
0.000000
0.000000
0.463073
0.000000
0.000000
0.000000
0.000000
0.000000
0.000000
0.000000
0.000000
0.117318
0.000000
0.000000
0.000000
0.000000
0.000000
0.000000
3.453924
0.000000
0.000000
0.000000
0.000000
0.000000
0.000000
0.824898
0.487996
0.000000
0.000000
0.000000
0.000000
0.858704
0.000000
0.079335
0.000000
2.725255
0.000000
0.000000
0.000000
2.958849
0.000000
0.000000
0.768267
0.000000
0.000000
0.000000
0.000000
0.000000
0.000000
0.000000
0.000000
0.966095
0.000000
0.000000
0.000000
0.000000
0.000000
0.000000
2.990479
2.798275
0.000000
0.136845
0.730978
0.000000
0.601423
0.000000
2.506940
0.000000
0.000000
0.000000
0.000000
0.034547
0.000000
0.000000
0.000000
0.000000
0.000000
0.000000
0.000000
0.000000
0.000000
0.000000
0.000000
0.000000
0.000000
0.000000
2.175441
0.746405
0.000000
0.000000
1.861672
2.558501
0.000000
0.000000
0.000000
0.000000
0.000000
0.000000
0.000000
0.000000
0.000000
0.000000
2.425508
0.000000
0.000000
0.000000
0.122067
0.000000
0.000000
0.000000
0.000000
0.000000
0.000000
0.000000
0.000000
0.776865
0.000000
0.000000
0.642204
0.000000
1.708368
0.000000
0.392098
0.000000
0.000000
0.000000
0.000000
0.000000
1.456310
0.129065
0.000000
0.000000
2.487788
2.866894
0.000000
1.584996
3.862726
0.000000
0.112278
0.000000
0.000000
0.000000
0.000000
0.000000
0.000000
0.000000
1.153775
0.000000
0.630988
0.000000
0.000000
1.357982
0.000000
0.000000
0.000000
0.000000
0.882312
0.000000
0.000000
0.000000
0.000000
0.670301
0.000000
2.116099
0.000000
0.000000
0.000000
0.000000
0.000000
0.000000
0.000000
3.209104
0.000000
0.000000
0.000000
0.000000
0.000000
0.000000
0.000000
0.000000
0.000000
0.000000
0.000000
0.000000
3.142530
0.000000
0.000000
0.000000
0.000000
0.692313
0.000000
0.000000
0.000000
0.000000
0.000000
0.000000
0.000000
2.323468
0.231408
3.358189
0.000000
0.000000
0.000000
0.000000
0.000000
0.000000
0.000000
0.000000
0.401316
0.000000
0.000000
0.000000
0.298440
0.000000
0.000000
0.000000
0.000000
0.000000
0.000000
0.285768
0.000000
0.464557
0.000000
2.162361
0.530654
0.000000
0.348292
0.000000
0.000000
0.000000
4.190783
0.000000
0.000000
0.000000
0.000000
0.000000
0.834417
0.000000
1.590997
0.000000
0.000000
0.000000
0.000000
0.000000
0.000000
0.000000
0.000000
0.000000
0.000000
0.000000
0.000000
1.049595
0.000000
0.000000
0.000000
0.000000
0.000000
0.424181
0.000000
0.000000
1.415321
0.000000
0.000000
0.000000
0.692953
0.000000
0.000000
0.000000
0.699851
0.000000
0.000000
0.000000
0.708343
1.697493
0.000000
1.773986
0.000000
0.000000
0.545575
0.000000
0.000000
0.000000
2.394600
0.000000
0.000000
0.000000
0.000000
3.059532
0.000000
0.000000
0.000000
0.000000
1.432421
0.586243
0.000000
0.000000
0.000000
1.272757
0.000000
0.274187
0.000000
0.000000
0.000000
0.000000
0.000000
0.000000
0.000000
0.000000
0.000000
0.000000
0.000000
2.383973
1.434467
0.000000
0.000000
1.051671
0.000000
0.000000
0.000000
0.000000
0.000000
0.000000
0.000000
0.000000
0.000000
0.000000
0.000000
0.000000
0.014862
0.000000
0.000000
2.738505
4.890321
0.692869
0.000000
1.980943
0.000000
0.000000
1.333845
0.000000
0.000000
0.000000
0.000000
0.000000
0.000000
1.479306
0.000000
0.000000
0.000000
0.000000
0.000000
0.000000
2.383551
0.000000
0.000000
0.000000
1.033072
3.729421
0.000000
1.196627
0.618131
0.000000
0.000000
0.000000
0.000000
0.254535
0.020603
0.000000
0.000000
0.962281
0.000000
0.000000
0.000000
2.623764
0.000000
1.690762
0.000000
0.000000
0.000000
0.000000
0.000000
0.000000
0.000000
0.000000
0.000000
0.000000
0.000000
0.000000
0.000000
0.000000
0.000000
3.529109
0.430062
0.183168
0.000000
0.055798
0.000000
0.000000
0.000000
0.234396
0.000000
0.000000
0.000000
0.000000
0.000000
0.129896
0.412699
0.000000
0.000000
0.000000
0.779380
0.000000
0.000000
0.000000
0.000000
0.000000
1.567367
0.000000
0.000000
2.265863
0.762350
0.000000
0.548888
0.000000
0.000000
4.219238
0.575261
2.072674
0.000000
2.189253
0.000000
0.000000
0.000000
1.330177
0.000000
0.000000
0.000000
0.000000
3.894783
0.000000
0.000000
0.000000
1.623679
0.000000
0.658378
0.000000
0.000000
0.000000
0.000000
0.000000
0.000000
0.000000
0.000000
0.000000
0.000000
0.000000
0.957199
0.000000
0.000000
0.000000
0.000000
0.000000
0.000000
0.000000
0.000000
0.000000
2.869346
0.000000
0.000000
0.000000
0.000000
0.000000
0.000000
0.000000
0.000000
0.000000
0.000000
0.511135
0.000000
1.975537
0.000000
0.000000
0.000000
0.000000
0.000000
0.443250
0.626695
0.000000
0.000000
0.000000
0.000000
0.000000
0.000000
0.000000
0.000000
0.000000
0.000000
0.000000
1.252358
0.000000
0.945617
0.000000
0.000000
0.000000
1.221559
0.000000
1.602573
0.000000
0.000000
0.000000
0.000000
0.000000
0.000000
0.000000
0.000000
0.000000
1.006248
0.000000
0.000000
0.000000
0.000000
0.000000
2.598608
0.000000
0.000000
0.520012
0.000000
0.000000
1.459614
0.000000
0.000000
0.390389
0.000000
0.000000
0.000000
0.000000
0.000000
0.000000
2.841305
1.059830
0.000000
0.014273
0.000000
0.000000
0.000000
0.000000
0.090227
0.000000
0.000000
0.000000
0.000000
0.000000
0.000000
0.000000
0.000000
0.000000
0.041632
2.210825
0.000000
0.000000
0.000000
0.822930
1.414945
3.084540
0.000000
0.000000
0.000000
0.000000
0.000000
1.593803
0.000000
0.000000
0.000000
0.000000
0.000000
0.106118
0.000000
1.110318
0.043183
0.000000
1.996274
0.000000
3.797283
0.000000
0.000000
0.000000
0.000000
0.000000
0.000000
0.000000
0.000000
0.000000
0.000000
0.000000
0.227430
0.000000
0.000000
0.000000
0.000000
0.000000
0.000000
0.000000
0.000000
3.424561
0.000000
0.000000
0.000000
0.000000
0.000000
0.000000
3.148597
0.000000
0.000000
0.000000
0.000000
0.000000
0.000000
0.000000
0.000000
0.000000
0.000000
0.000000
0.000000
0.000000
0.656878
1.314958
0.000000
0.000000
0.000000
0.000000
0.000000
1.636208
0.000000
0.000000
2.346031
2.479213
0.000000
0.000000
0.000000
0.000000
0.000000
1.916702
0.000000
0.000000
4.773977
0.000000
0.370868
0.000000
0.000000
0.000000
0.000000
1.716776
0.000000
1.809862
1.089152
0.000000
4.335564
0.000000
0.000000
2.795534
0.000000
0.000000
0.000000
0.000000
0.550651
0.000000
0.000000
0.536550
0.000000
0.000000
0.000000
0.000000
0.000000
0.000000
1.842434
0.000000
0.000000
3.052217
0.000000
0.000000
0.000000
0.000000
1.527095
0.000000
0.000000
0.000000
2.195482
0.000000
0.000000
0.000000
0.000000
0.636731
0.000000
3.297379
0.000000
0.000000
0.000000
0.000000
1.412330
0.000000
0.000000
0.431148
3.252982
0.000000
0.000000
0.000000
0.000000
0.000000
0.000000
0.000000
0.000000
0.000000
0.000000
0.000000
0.000000
0.000000
0.000000
0.000000
0.569044
0.000000
0.693934
0.000000
0.000000
0.000000
0.000000
2.328204
0.252590
0.000000
0.000000
0.000000
0.000000
0.000000
0.000000
0.000000
0.000000
0.000000
0.000000
0.945365
0.499748
1.305141
0.000000
0.000000
1.064376
0.000000
0.000000
0.000000
1.186983
0.000000
0.000000
1.110140
0.000000
0.117108
0.000000
0.253896
0.000000
0.000000
0.000000
0.000000
0.803139
1.931870
0.000000
0.000000
0.000000
0.000000
0.882465
0.000000
0.000000
0.981065
0.000000
0.000000
0.000000
0.000000
0.370162
0.515709
0.000000
2.954498
0.154760
0.000000
0.000000
0.000000
0.039107
0.000000
0.000000
3.044108
0.000000
0.000000
0.000000
1.518813
0.737999
0.000000
0.000000
0.418003
0.000000
0.000000
1.149672
1.450747
1.558723
0.000000
0.000000
0.000000
0.742333
0.000000
0.000000
0.000000
0.000000
2.375831
0.000000
0.000000
0.000000
0.000000
0.000000
0.665433
2.883946
0.000000
0.000000
3.388995
0.421995
0.000000
0.000000
0.000000
0.000000
0.000000
0.000000
0.000000
1.932737
2.075375
0.021701
0.566301
4.023348
0.000000
0.000000
0.000000
0.000000
0.000000
0.000000
0.000000
0.000000
0.000000
0.068140
0.000000
0.398450
0.000000
1.182972
0.000000
0.316624
0.000000
0.000000
0.147119
0.465808
0.000000
0.000000
0.000000
0.000000
0.000000
0.000000
0.000000
0.000000
0.000000
0.000000
0.958924
0.509536
0.000000
0.979375
0.744595
0.000000
0.000000
0.000000
0.000000
0.000000
0.000000
0.046934
0.000000
0.000000
0.236414
0.000000
0.000000
0.000000
0.000000
0.000000
0.000000
0.000000
0.000000
1.038442
0.000000
0.221985
1.084625
0.000000
1.574780
0.593238
0.000000
0.000000
0.000000
0.000000
0.000000
0.000000
0.000000
0.000000
0.000000
0.000000
0.000000
0.000000
0.000000
0.000000
0.000000
0.000000
0.000000
0.774556
0.000000
0.000000
0.190755
0.000000
0.000000
0.000000
0.000000
0.000000
0.000000
0.000000
0.000000
0.000000
0.000000
0.149673
0.000000
0.000000
0.000000
3.214682
0.000000
0.000000
0.000000
0.000000
0.000000
0.000000
2.008250
0.000000
0.000000
0.000000
0.582957
0.832140
0.000000
0.000000
0.000000
0.030857
0.000000
0.000000
0.000000
1.851549
0.000000
0.000000
0.818401
2.576536
1.282956
0.000000
0.000000
2.384172
0.000000
0.000000
0.000000
0.000000
0.000000
0.000000
0.000000
0.000000
0.000000
0.000000
0.000000
0.000000
2.205768
0.487744
0.000000
0.000000
2.031205
0.000000
0.000000
0.000000
0.000000
0.000000
0.000000
0.000000
0.000000
0.000000
0.615745
0.000000
0.000000
0.000000
0.000000
0.992620
0.000000
0.059473
0.197260
0.000000
0.000000
0.078180
0.267791
2.978055
0.000000
0.000000
1.752305
0.136085
0.000000
0.000000
0.025772
0.000000
0.000000
0.000000
0.572436
0.000000
0.000000
2.118740
0.000000
0.000000
0.004369
0.000000
1.661147
0.000000
0.661070
0.000000
1.803316
0.000000
0.000000
0.000000
0.385517
0.000000
0.000000
0.000000
0.000000
0.000000
0.000000
0.405208
0.000000
0.248170
1.133114
0.000000
0.000000
2.804166
0.000000
0.000000
0.000000
0.000000
0.000000
0.000000
0.000000
1.015540
0.000000
0.000000
0.000000
0.000000
0.000000
0.000000
5.430326
0.000000
1.861421
0.000000
0.000000
0.000000
1.958220
0.000000
0.000000
0.000000
0.000000
0.000000
0.000000
0.000000
1.720204
0.000000
0.000000
0.000000
0.000000
0.000000
0.000000
0.026859
0.000000
0.000000
0.325602
0.000000
0.117706
0.000000
0.000000
0.000000
0.000000
0.000000
2.380651
0.741195
0.000000
0.000000
0.000000
0.255251
0.000000
0.000000
0.000000
0.000000
0.000000
0.000000
0.000000
0.000000
0.000000
0.610738
0.000000
1.265345
2.113033
0.000000
0.000000
0.818856
0.000000
0.000000
0.000000
0.000000
0.000000
0.000000
0.000000
0.000000
0.000000
0.000000
0.000000
0.000000
0.000000
0.000000
0.000000
0.000000
0.000000
0.599551
0.000000
0.000000
0.000000
0.000000
0.000000
0.000000
0.000000
0.000000
0.000000
0.000000
0.000000
0.000000
0.000000
0.000000
0.000000
0.000000
0.000000
0.000000
0.000000
1.184915
0.000000
0.000000
0.000000
0.000000
0.000000
0.000000
0.000000
0.000000
0.000000
0.000000
0.000000
0.000000
0.000000
0.000000
0.000000
0.451116
0.000000
0.000000
0.000000
0.000000
0.000000
0.000000
0.000000
0.000000
2.557612
0.000000
0.018376
0.000000
0.000000
0.000000
0.000000
0.000000
1.351265
0.000000
0.000000
0.000000
0.000000
0.000000
0.211503
0.000000
0.441224
0.000000
0.000000
0.000000
0.387213
0.000000
0.446315
0.000000
1.047742
0.161046
0.000000
0.671342
0.000000
0.000000
0.000000
0.000000
0.000000
1.536526
0.000000
0.000000
0.000000
0.000000
0.489183
0.000000
0.000000
0.000000
0.589152
0.000000
0.000000
0.000000
0.783941
0.000000
0.479280
0.000000
0.000000
1.243614
0.000000
0.347810
0.000000
0.000000
0.000000
0.000000
0.688716
1.996674
0.000000
0.219178
0.000000
2.136197
0.000000
0.000000
0.000000
0.000000
0.000000
0.000000
1.117122
0.000000
0.000000
0.714353
0.000000
0.000000
0.073970
0.075161
0.000000
0.000000
0.295326
0.000000
0.000000
0.000000
0.000000
0.000000
0.000000
0.000000
0.000000
0.000000
0.000000
0.000000
0.000000
1.270017
0.000000
0.000000
0.000000
2.091880
0.000000
0.000000
0.489207
0.000000
0.629687
0.000000
1.866056
0.000000
0.000000
0.000000
0.000000
0.000000
0.000000
0.734350
0.000000
0.000000
0.000000
0.000000
0.000000
0.000000
0.000000
0.609347
0.000000
0.000000
0.000000
0.000000
0.000000
0.000000
0.000000
0.000000
0.000000
0.000000
0.000000
0.978550
0.000000
0.000000
0.000000
2.151321
0.000000
0.000000
0.000000
0.000000
0.000000
0.000000
0.000000
0.000000
0.406817
0.000000
0.000000
0.000000
0.000000
0.000000
3.643083
0.000000
0.000000
0.497163
0.000000
0.000000
0.000000
0.000000
0.864963
0.000000
0.000000
0.000000
0.000000
1.050468
0.000000
0.000000
0.000000
0.000000
0.000000
0.000000
3.083397
0.000000
0.000000
0.575497
0.638191
0.000000
0.000000
0.000000
0.322045
0.000000
1.875510
1.561248
0.000000
0.000000
1.390538
1.522085
0.000000
0.000000
0.000000
0.000000
0.000000
0.000000
0.000000
2.426950
2.035496
0.000000
0.988122
0.000000
0.000000
2.032879
0.000000
0.000000
0.000000
0.000000
0.000000
0.000000
0.292610
3.550760
0.019540
0.000000
0.000000
0.000000
0.000000
0.000000
1.021061
0.000000
0.000000
0.000000
0.000000
0.000000
0.000000
0.264559
0.000000
0.000000
0.000000
0.000000
0.000000
0.998966
0.000000
0.000000
0.000000
0.558437
0.000000
0.000000
0.000000
0.000000
0.000000
0.000000
0.000000
0.000000
0.000000
0.000000
0.000000
0.000000
0.000000
0.000000
0.294323
0.000000
0.000000
0.000000
1.400106
0.964438
0.000000
1.021218
0.000000
1.818497
3.350570
0.000000
0.609460
0.000000
0.000000
0.000000
0.000000
0.000000
0.000000
0.000000
0.000000
0.769996
0.000000
0.000000
0.000000
0.000000
0.000000
0.000000
0.000000
0.000000
0.000000
0.216699
0.000000
0.000000
0.000000
0.000000
0.000000
0.000000
0.000000
0.000000
0.000000
0.339987
0.000000
0.000000
0.000000
0.000000
0.000000
0.000000
0.762577
0.000000
0.000000
3.909736
0.000000
0.000000
0.000000
0.000000
0.000000
0.668823
0.000000
0.000000
0.537125
0.000000
0.000000
0.000000
0.971563
0.785199
0.000000
5.030733
0.302918
0.000000
0.000000
0.000000
0.000000
0.000000
0.000000
0.000000
0.000000
0.000000
0.000000
0.000000
0.000000
0.000000
0.000000
0.000000
0.114317
0.000000
0.000000
0.359112
0.000000
0.000000
0.000000
0.000000
0.000000
0.000000
0.000000
0.000000
0.000000
0.462910
1.088272
1.091453
0.318488
0.000000
0.000000
0.000000
0.000000
0.000000
0.000000
0.878419
0.000000
0.000000
0.000000
0.099499
0.200823
0.975667
0.000000
0.000000
0.000000
0.268266
0.000000
0.000000
0.000000
0.000000
0.000000
0.000000
0.460174
0.000000
0.000000
0.000000
0.894427
0.000000
0.000000
0.000000
0.000000
0.000000
1.529541
1.574753
0.000000
0.000000
0.000000
0.000000
0.000000
0.000000
0.892905
0.000000
0.256389
0.000000
0.000000
0.000000
2.315911
1.297776
0.000000
0.000000
0.000000
0.000000
0.335150
0.000000
0.000000
0.000000
0.000000
0.000000
0.000000
0.000000
0.000000
0.000000
0.000000
0.000000
0.000000
0.000000
1.449141
0.000000
0.000000
0.000000
0.000000
0.000000
0.343246
0.000000
0.000000
0.032653
0.000000
0.000000
0.000000
0.977406
0.000000
0.000000
0.000000
0.000000
1.414127
0.000000
0.000000
0.000000
0.000000
0.030135
0.000000
0.000000
0.840418
0.000000
0.000000
1.765991
0.000000
0.000000
0.000000
0.000000
0.750955
0.000000
0.000000
0.043435
0.000000
0.000000
0.000000
1.207406
0.000000
0.000000
0.000000
0.000000
0.000000
0.000000
0.000000
0.000000
0.000000
0.000000
0.000000
0.003066
0.000000
0.000000
0.000000
0.000000
0.112215
0.000000
3.006160
0.000000
0.000000
0.000000
0.000000
0.000000
0.000000
0.255599
0.000000
0.000000
0.000000
0.000000
0.000000
0.000000
0.000000
0.000000
0.706201
0.389986
0.000000
0.279821
0.000000
0.000000
0.000000
0.493038
0.000000
0.000000
0.000000
0.000000
2.519825
0.000000
0.379303
0.828026
0.342417
0.000000
0.000000
0.000000
0.000000
0.297363
0.000000
0.000000
3.030089
0.000000
0.000000
0.000000
0.000000
0.000000
0.000000
0.000000
0.000000
0.866848
0.000000
0.332036
0.238262
0.000000
0.000000
0.000000
0.000000
0.000000
1.644219
0.000000
0.000000
0.000000
0.000000
1.685066
0.000000
0.000000
0.000000
0.690027
0.000000
0.000000
0.000000
0.000000
0.000000
1.982517
0.380346
0.000000
0.000000
0.000000
0.000000
0.000000
0.000000
0.000000
0.128616
0.000000
0.000000
0.000000
0.000000
0.000000
0.000000
0.000000
0.548974
0.000000
0.000000
0.239662
0.000000
1.639984
0.000000
0.000000
0.000000
0.000000
0.000000
0.839285
0.000000
0.337605
0.000000
0.000000
0.603290
0.000000
0.448862
0.000000
0.757782
0.000000
0.000000
0.000000
3.100604
0.000000
1.203616
0.000000
0.000000
0.000000
0.000000
0.638069
0.029384
0.000000
0.000000
0.000000
0.000000
0.000000
1.901820
0.000000
3.728421
0.000000
0.000000
0.000000
0.541579
0.263328
0.000000
0.000000
0.000000
1.231601
0.000000
0.331632
2.677084
0.000000
0.000000
0.000000
0.000000
0.000000
0.000000
0.000000
0.000000
0.000000
0.000000
0.000000
0.000000
0.590325
0.000000
0.000000
0.000000
0.000000
0.000000
0.000000
1.990024
0.156781
0.000000
0.000000
0.000000
3.284950
0.000000
0.000000
1.003316
0.000000
2.136597
0.000000
0.000000
0.000000
2.810365
1.730654
0.000000
0.000000
0.926100
0.000000
0.000000
0.000000
0.000000
0.000000
0.000000
0.000000
0.000000
0.000000
0.000000
2.433538
0.000000
1.836577
0.000000
0.000000
0.000000
0.000000
0.000000
0.000000
0.000000
0.000000
0.255346
0.347052
0.000000
0.000000
0.000000
1.303611
0.000000
0.000000
0.000000
2.301275
0.000000
0.030304
0.000000
0.000000
0.056873
0.040143
0.000000
0.000000
1.367277
0.142198
0.000000
0.000000
2.228015
0.000000
0.000000
0.402508
0.000000
0.000000
0.000000
0.000000
0.000000
0.000000
0.433939
0.511635
0.000000
0.000000
1.080788
0.000000
0.220397
0.000000
0.000000
0.125808
0.000000
0.000000
0.000000
0.690346
0.000000
0.623747
0.177274
0.000000
0.459038
0.000000
0.000000
3.098872
0.000000
0.000000
0.000000
0.000000
0.000000
0.000000
0.000000
0.000000
0.389730
0.000000
0.000000
0.000000
0.000000
0.000000
0.000000
0.000000
0.000000
0.000000
0.273929
0.000000
0.000000
0.000000
0.000000
0.000000
0.000000
0.000000
0.043024
2.898014
0.000000
0.000000
0.000000
0.000000
0.000000
0.000000
0.712477
0.000000
1.811770
0.000000
0.000000
0.000000
0.000000
1.379715
0.000000
0.338041
0.000000
1.727931
0.000000
0.000000
0.000000
0.000000
0.239926
0.000000
1.457834
0.000000
0.000000
0.000000
0.000000
8.283674
0.000000
0.000000
0.000000
0.000000
1.519654
0.000000
0.203727
0.000000
0.000000
0.000000
0.000000
0.000000
1.790626
0.000000
0.000000
0.000000
0.107435
0.000000
0.000000
0.000000
0.000000
0.000000
0.000000
0.000000
0.000000
0.000000
0.000000
2.253701
0.000000
0.188692
0.046715
0.000000
0.000000
0.000000
0.986648
0.000000
0.898361
0.586090
1.963299
0.000000
0.000000
0.000000
0.000000
0.000000
0.000000
0.000000
0.000000
0.000000
0.000000
0.000000
0.485899
0.000000
