0.000000
0.000000
0.000000
0.000000
0.000000
0.000000
0.000000
0.000000
0.000000
0.852112
0.000000
0.338099
0.000000
0.316341
0.000000
0.000000
0.561042
0.000000
0.000000
0.000000
0.000000
0.000000
0.000000
0.433571
0.000000
0.026692
0.000000
0.000000
0.000000
2.266913
0.466743
0.000000
0.000000
0.000000
3.083321
0.000000
0.000000
0.000000
0.000000
0.000000
0.438684
0.000000
0.000000
0.000000
0.451252
0.000000
0.000000
0.000000
0.000000
0.000000
0.000000
0.000000
0.000000
0.000000
0.000000
0.000000
1.549186
0.000000
0.000000
0.000000
0.000000
0.000000
1.257729
0.000000
0.000000
0.703718
0.000000
0.000000
0.000000
0.000000
0.000000
0.000000
0.000000
0.000000
0.620619
0.749020
0.000000
0.000000
0.164781
0.033705
0.000000
0.000000
0.000000
1.926974
0.000000
1.958009
0.000000
0.000000
0.000000
0.000000
0.000000
0.029166
0.000000
0.000000
0.000000
0.000000
0.000000
0.458193
0.201099
0.000000
0.000000
0.000000
0.000000
0.000000
0.382451
0.692120
0.000000
0.000000
0.000000
0.000000
1.206487
0.000000
0.000000
0.560321
0.000000
0.000000
0.000000
0.000000
0.000000
0.000000
0.000000
0.000000
0.000000
0.000000
1.648833
0.289817
0.000000
0.000000
0.000000
0.000000
0.000000
0.000000
0.000000
0.000000
0.000000
0.000000
2.987344
0.000000
0.000000
0.000000
0.422656
3.433091
0.000000
0.000000
0.000000
0.000000
0.068767
0.196084
0.000000
0.000000
0.424868
0.000000
0.000000
0.000000
0.000000
0.000000
0.000000
0.000000
0.000000
0.000000
0.692480
0.000000
0.704015
0.000000
0.000000
0.000000
0.000000
0.000000
0.000000
0.000000
0.000000
0.000000
0.000000
0.000000
0.000000
0.000000
1.706272
0.000000
0.386007
0.000000
0.000000
1.947941
0.000000
0.119556
0.000000
0.741145
0.022984
0.000000
0.000000
0.000000
0.770884
0.000000
0.000000
0.000000
1.673627
1.299173
1.978027
3.539137
0.000000
0.000000
0.000000
0.000000
0.000000
0.000000
0.000000
0.000000
0.642387
0.000000
2.330563
0.000000
0.000000
0.000000
0.000000
0.052315
0.000000
0.000000
1.906413
2.991176
0.000000
0.000000
0.000000
0.000000
0.173423
0.000000
0.000000
0.000000
0.881302
0.512919
0.000000
0.000000
4.384696
0.000000
0.000000
0.000000
0.000000
0.000000
0.000000
0.000000
0.008869
0.777209
4.137212
0.000000
2.251405
0.000000
0.483089
0.000000
1.037850
0.000000
0.000000
0.000000
0.000000
1.796802
0.000000
1.334936
0.000000
0.000000
0.000000
0.000000
0.000000
0.000000
0.000000
0.000000
0.000000
0.704031
0.000000
0.000000
0.000000
0.000000
0.000000
0.000000
0.011190
0.183249
0.000000
0.000000
0.387269
0.000000
1.173874
0.000000
1.122133
0.000000
0.000000
0.000000
0.000000
0.000000
0.612162
0.000000
1.068278
0.000000
0.000000
0.000000
0.000000
0.000000
0.000000
0.000000
0.000000
0.000000
0.000000
0.000000
1.282745
0.000000
0.000000
0.000000
0.000000
0.000000
0.677712
0.000000
0.000000
1.284611
0.000000
0.000000
0.000000
0.000000
0.000000
0.000000
0.000000
0.000000
0.000000
0.000000
0.000000
0.000000
0.794808
0.000000
0.926141
0.000000
0.000000
0.000000
0.543025
0.000000
0.000000
0.000000
0.000000
0.585541
0.000000
0.000000
0.000000
0.000000
0.000000
0.000000
0.000000
0.000000
0.000000
0.000000
0.000000
0.000000
0.000000
1.588386
0.000000
0.000000
0.000000
0.000000
0.000000
0.120757
0.000000
0.000000
0.000000
0.000000
0.000000
0.000000
0.000000
0.000000
0.000000
0.000000
0.000000
0.000000
0.000000
0.000000
0.361325
0.000000
0.000000
0.000000
0.000000
0.000000
0.000000
0.000000
0.663241
0.000000
0.000000
0.000000
0.619914
0.000000
0.000000
0.000000
0.000000
0.000000
0.000000
0.000000
0.000000
2.098516
0.000000
0.000000
0.000000
0.000000
1.922652
0.383450
0.000000
0.000000
2.043375
0.000000
0.000000
0.000000
0.000000
0.000000
0.000000
0.947625
0.000000
0.452052
0.000000
0.000000
1.245926
0.000000
0.000000
0.000000
0.000000
0.581960
1.515031
0.000000
0.000000
0.000000
0.217608
0.000000
0.000000
0.000000
0.612648
0.000000
0.000000
0.483553
0.000000
0.000000
1.372660
0.000000
0.577047
0.000000
0.112257
0.000000
0.000000
0.000000
0.000000
0.000000
0.000000
0.434340
0.000000
0.713873
0.000000
0.000000
2.063029
0.477608
0.000000
0.000000
0.000000
0.000000
0.000000
0.000000
0.000000
0.000000
0.000000
0.997706
0.000000
0.000000
0.000000
0.000000
0.000000
0.000000
0.000000
0.943960
0.000000
0.915300
0.000000
0.000000
0.000000
0.000000
0.000000
0.000000
0.000000
0.900613
0.000000
0.000000
0.000000
0.000000
0.000000
0.000000
0.000000
0.000000
0.000000
0.889138
0.000000
0.000000
0.905635
0.000000
1.903491
0.000000
0.000000
0.000000
0.441797
0.000000
0.000000
0.000000
0.000000
0.000000
0.000000
0.000000
0.000000
0.000000
0.000000
0.000000
0.000000
0.912865
0.000000
0.000000
0.000000
0.000000
0.000000
0.000000
0.000000
0.358558
0.000000
0.000000
0.698166
0.000000
0.000000
0.000000
0.000000
0.000000
0.000000
0.000000
0.000000
3.119801
0.000000
0.000000
0.000000
0.000000
0.000000
0.000000
0.000000
0.000000
0.694432
0.000000
0.646265
0.000000
0.304954
0.000000
0.000000
0.523617
0.000000
0.000000
1.712812
0.000000
0.000000
0.087378
0.000000
0.000000
0.000000
0.000000
0.176226
0.000000
0.000000
0.000000
0.000000
0.000000
0.000000
0.000000
0.000000
0.000000
0.000000
1.563377
0.000000
0.000000
0.053009
0.000000
4.846887
0.000000
0.000000
0.000000
0.000000
0.000000
0.000000
0.000000
0.000000
0.000000
0.000000
0.000000
0.000000
0.000000
0.000000
0.000000
0.000000
0.000000
0.000000
0.000000
0.000000
0.000000
0.000000
0.000000
0.000000
0.000000
0.000000
0.014471
0.000000
0.000000
0.000000
0.000000
0.000000
0.612897
0.000000
0.000000
0.000000
0.000000
0.000000
0.000000
0.000000
0.000000
2.161655
0.000000
0.000000
0.000000
0.010718
0.000000
0.000000
0.000000
0.000000
0.246593
0.000000
0.000000
0.000000
0.000000
0.105088
0.000000
0.000000
0.000000
0.000000
0.000000
0.099866
0.000000
0.000000
0.000000
0.000000
2.123562
2.808993
0.000000
0.000000
0.000000
2.411343
0.000000
0.000000
3.098360
0.000000
0.000000
0.000000
0.000000
0.000000
0.277706
3.376610
0.000000
0.000000
0.000000
0.000000
0.000000
0.346775
0.000000
0.000000
0.000000
0.000000
0.000000
0.000000
0.000000
0.014890
2.134527
0.000000
0.000000
0.453829
1.839222
0.000000
0.000000
0.000000
0.000000
0.000000
1.859682
0.000000
0.000000
0.000000
0.000000
0.000000
0.000000
0.000000
0.000000
0.000000
0.000000
0.000000
0.000000
0.000000
0.000000
0.000000
0.000000
0.000000
0.000000
0.000000
0.000000
0.000000
0.000000
0.000000
0.000000
0.000000
0.000000
0.000000
0.000000
0.000000
0.000000
0.000000
0.651831
0.000000
0.000000
0.000000
0.000000
0.347313
0.000000
0.000000
0.000000
0.000000
2.533659
0.000000
0.000000
0.000000
0.000000
0.000000
0.000000
0.000000
0.000000
0.000000
0.000000
0.000000
0.000000
0.921144
0.000000
0.000000
0.000000
0.000000
0.000000
0.000000
0.000000
0.000000
0.920612
0.000000
0.000000
0.000000
0.000000
0.014474
0.021271
0.000000
0.000000
0.000000
0.000000
0.000000
0.000000
0.000000
0.000000
0.000000
0.000000
0.000000
2.554716
0.000000
0.000000
0.919121
0.000000
0.000000
0.000000
0.000000
0.000000
1.457606
0.000000
0.000000
1.310737
2.155640
0.000000
0.000000
0.000000
0.000000
0.000000
0.000000
0.000000
0.000000
0.000000
0.000000
0.000000
1.214045
0.000000
0.000000
0.000000
0.000000
0.000000
0.000000
0.000000
0.000000
1.990339
0.000000
0.000000
0.071316
0.000000
0.000000
0.000000
0.000000
0.000000
0.000000
0.000000
0.000000
1.452304
0.000000
0.000000
1.863490
0.000000
0.000000
0.000000
0.000000
0.512221
0.000000
0.000000
0.000000
0.000000
0.000000
1.175815
0.000000
0.000000
0.000000
2.740826
0.000000
0.000000
0.000000
0.000000
0.000000
0.316607
0.000000
0.000000
0.273865
0.000000
0.000000
0.000000
0.000000
0.000000
0.000000
0.000000
0.526381
0.000000
0.000000
0.000000
0.000000
0.000000
0.000000
0.129135
0.000000
0.000000
0.000000
0.000000
0.000000
0.000000
0.000000
0.003794
0.000000
0.000000
0.000000
0.000000
0.000000
0.000000
0.000000
0.000000
0.000000
0.000000
0.000000
2.148713
0.000000
0.000000
0.000000
0.190337
0.000000
0.940055
0.000000
0.000000
0.000000
0.000000
0.000000
0.000000
0.222552
0.000000
0.000000
0.000000
0.000000
0.000000
0.000000
0.000000
0.000000
0.000000
0.734739
0.000000
0.000000
0.000000
0.000000
0.000000
0.000000
0.000000
0.000000
0.000000
0.000000
0.000000
0.000000
0.000000
0.000000
0.000000
0.000000
0.000000
0.000000
0.000000
0.266257
0.000000
0.000000
0.000000
0.000000
1.092078
0.000000
0.000000
0.000000
0.000000
0.753784
0.000000
0.000000
0.039915
0.000000
0.000000
0.000000
0.000000
1.329380
0.000000
1.429472
0.000000
0.000000
0.970027
0.000000
0.000000
0.000000
0.000000
0.009766
1.751515
0.000000
0.000000
0.000000
0.000000
0.000000
0.157902
0.000000
0.000000
0.519321
0.000000
0.000000
0.361308
0.000000
0.000000
2.374408
0.000000
0.181043
0.000000
0.000000
0.000000
0.000000
0.000000
0.226818
0.268978
0.486496
0.000000
0.000000
0.000000
0.000000
0.000000
0.000000
0.000000
0.000000
0.000000
0.000000
0.995785
0.000000
0.000000
0.000000
0.406394
0.000000
0.000000
0.105970
0.000000
0.000000
0.174790
0.000000
0.000000
0.000000
0.000000
0.000000
0.000000
0.000000
0.000000
0.000000
0.000000
0.000000
4.596008
0.000000
0.000000
0.000000
0.000000
0.000000
0.000000
0.000000
0.000000
0.573881
0.000000
0.000000
0.000000
0.000000
0.000000
0.000000
0.000000
0.000000
0.000000
0.000000
0.000000
0.259000
0.000000
0.000000
0.000000
0.000000
0.711285
0.000000
0.000000
0.000000
0.000000
0.000000
0.000000
0.000000
0.000000
0.000000
0.000000
0.000000
0.408812
0.000000
0.000000
0.000000
0.000000
0.000000
0.000000
0.000000
0.000000
1.245721
0.000000
2.904170
0.000000
0.000000
0.000000
0.000000
1.560311
0.759702
0.000000
0.000000
0.000000
0.000000
0.000000
0.000000
0.000000
0.000000
0.000000
0.000000
0.000000
0.000000
0.000000
1.212905
0.000000
0.000000
0.000000
0.758403
0.000000
0.000000
1.116787
0.000000
0.000000
4.607772
0.000000
0.000000
0.000000
0.000000
0.657296
0.000000
0.000000
0.000000
0.000000
0.000000
0.000000
0.000000
1.435253
0.737831
0.000000
0.000000
0.000000
0.000000
0.000000
1.631514
0.000000
0.000000
0.000000
0.000000
5.302456
0.000000
0.000000
0.000000
0.000000
0.000000
0.000000
0.000000
0.000000
0.350915
0.000000
0.000000
0.000000
0.000000
0.000000
0.000000
0.289745
0.000000
2.066840
0.000000
0.000000
4.191107
0.000000
0.000000
0.000000
0.000000
0.000000
0.000000
0.000000
0.156516
0.000000
0.000000
0.000000
0.000000
0.000000
0.000000
0.885387
0.000000
0.000000
0.000000
0.000000
1.131555
0.102810
0.280841
0.000000
0.000000
0.000000
0.000000
0.000000
0.000000
0.000000
0.000000
0.000000
3.405215
0.000000
0.000000
0.000000
0.000000
0.000000
0.000000
0.000000
0.000000
0.000000
0.000000
0.212253
0.000000
0.000000
0.221691
0.000000
0.000000
0.000000
0.000000
0.000000
0.000000
0.330357
0.000000
0.000000
0.000000
0.000000
0.000000
0.000000
0.000000
0.000000
0.000000
0.000000
0.000000
0.000000
0.000000
0.000000
0.349196
0.000000
0.000000
0.000000
0.000000
0.000000
0.000000
0.000000
0.000000
0.000000
0.000000
0.000000
0.170004
0.000000
0.000000
0.000000
0.000000
0.158279
0.000000
0.000000
0.000000
0.832801
0.000000
0.369921
0.000000
0.000000
0.000000
0.000000
0.000000
0.000000
0.000000
0.000000
1.353184
0.000000
0.000000
0.000000
0.000000
0.000000
0.000000
0.771050
0.000000
0.000000
0.000000
0.000000
0.000000
0.000000
0.773185
0.000000
0.000000
0.000000
0.000000
0.000000
0.000000
0.611354
0.000000
0.000000
0.000000
1.560121
0.000000
0.000000
0.000000
0.000000
0.000000
0.000000
0.000000
0.000000
0.698026
0.000000
0.000000
0.274336
0.000000
2.929348
0.000000
0.000000
0.000000
0.000000
1.670830
0.000000
0.000000
0.000000
0.000000
0.000000
0.000000
0.000000
0.000000
1.319444
0.000000
0.000000
1.124344
0.012919
0.000000
0.000000
0.000000
0.301435
0.000000
0.107952
0.000000
0.000000
0.000000
0.000000
0.000000
4.587935
2.397253
0.000000
0.000000
0.000000
0.000000
0.000000
0.000000
0.000000
0.000000
1.421331
0.000000
0.000000
0.000000
0.000000
0.000000
1.597508
0.079106
0.000000
0.000000
0.000000
0.000000
0.000000
0.000000
0.000000
0.000000
0.000000
0.000000
0.000000
0.000000
0.000000
0.000000
0.000000
0.000000
0.000000
2.104995
0.000000
0.000000
0.000000
0.000000
0.000000
0.000000
0.273683
0.000000
2.337961
0.000000
0.538357
0.003830
0.602090
0.000000
0.000000
0.000000
0.000000
1.439186
0.000000
0.000000
0.000000
0.000000
0.000000
0.000000
0.981045
0.000000
0.000000
0.000000
0.000000
0.000000
1.512392
0.000000
0.000000
0.000000
0.000000
0.309622
0.495699
0.000000
1.847194
0.000000
1.766164
0.000000
0.000000
0.000000
0.349113
0.000000
0.000000
0.000000
0.000000
0.053520
0.000000
0.620266
0.000000
0.000000
0.000000
0.000000
0.000000
0.000000
0.745033
0.000000
1.673448
0.000000
0.000000
0.000000
3.130816
0.000000
0.000000
0.000000
0.000000
0.000000
0.000000
0.000000
0.455437
0.000000
0.000000
0.180707
0.000000
0.000000
0.000000
0.000000
0.000000
0.000000
0.000000
0.818600
0.000000
0.000000
0.368660
0.517371
0.000000
2.190360
0.000000
0.000000
0.000000
0.000000
0.000000
0.000000
0.320334
1.046370
0.000000
0.000000
0.000000
0.000000
0.000000
0.000000
0.000000
0.000000
0.000000
0.000000
0.000000
0.000000
0.000000
0.000000
0.000000
1.992849
0.000000
0.000000
0.000000
0.000000
0.000000
1.281735
1.667165
0.250804
4.272964
4.132438
0.000000
0.000000
0.000000
0.000000
1.887214
0.000000
0.000000
0.000000
0.000000
1.462382
0.000000
0.000000
0.329892
0.000000
0.000000
0.000000
0.000000
0.000000
0.000000
0.000000
0.000000
0.000000
0.000000
0.000000
0.000000
0.000000
0.000000
0.000000
0.713172
0.000000
0.000000
0.338795
0.000000
0.000000
0.216444
0.000000
0.000000
0.000000
0.000000
0.000000
0.000000
2.605068
0.000000
0.000000
0.000000
0.000000
0.000000
0.000000
1.255245
2.385220
0.000000
0.000000
0.366508
2.375208
0.000000
0.000000
0.000000
0.000000
0.000000
0.000000
0.000000
0.000000
0.384740
0.000000
0.000000
1.075235
0.000000
0.777334
0.000000
0.000000
0.000000
0.000000
0.000000
0.000000
0.000000
0.000000
0.000000
1.605582
0.000000
0.000000
1.176981
0.081018
0.000000
0.000000
0.000000
0.000000
0.000000
0.000000
0.000000
0.000000
0.000000
0.000000
0.000000
0.000000
0.000000
0.000000
0.000000
0.000000
0.000000
0.000000
0.000000
0.000000
0.000000
1.955169
0.000000
0.000000
0.000000
0.000000
1.543799
0.000000
0.000000
0.000000
0.000000
0.000000
0.000000
0.000000
0.000000
0.000000
0.000000
0.575851
0.000000
0.000000
0.000000
0.000000
0.000000
0.000000
0.000000
0.000000
0.541501
0.986622
0.000000
0.000000
0.000000
0.000000
0.000000
0.000000
0.000000
0.000000
0.683463
0.860136
0.000000
0.000000
0.000000
0.000000
0.000000
0.000000
0.000000
0.000000
0.000000
0.000000
0.000000
0.000000
0.000000
0.000000
0.000000
0.000000
0.000000
0.000000
0.000000
0.000000
0.000000
0.000000
0.067080
0.000000
0.344807
0.000000
0.000000
0.000000
0.000000
0.000000
0.000000
0.000000
0.000000
0.000000
0.000000
0.000000
0.423609
0.000000
0.208168
0.000000
0.214966
0.000000
2.362359
0.000000
0.000000
0.000000
0.744159
0.000000
0.000000
0.000000
0.000000
0.900492
0.000000
0.000000
0.000000
0.000000
0.000000
1.673056
0.000000
0.000000
0.000000
0.266449
0.000000
0.000000
0.000000
0.000000
1.313165
0.000000
0.000000
0.000000
0.000000
0.000000
0.000000
0.000000
0.000000
0.000000
0.000000
0.000000
0.000000
1.398359
0.000000
0.831516
0.777381
0.000000
0.000000
3.188392
0.000000
0.000000
0.000000
0.000000
1.954533
0.000000
0.000000
0.000000
0.000000
0.000000
0.000000
0.000000
0.000000
0.000000
0.000000
0.481970
0.000000
0.000000
0.000000
0.000000
0.000000
0.000000
0.000000
1.334260
1.239188
0.000000
1.835159
0.000000
0.000000
0.000000
0.000000
0.000000
2.819710
0.000000
2.091687
0.000000
0.000000
0.000000
0.164859
0.000000
0.000000
0.000000
0.000000
0.000000
0.000000
0.000000
0.000000
0.000000
0.000000
0.000000
0.000000
0.000000
0.100208
0.000000
0.766626
0.000000
0.000000
1.093665
0.000000
0.000000
3.726273
0.768957
0.000000
0.000000
1.406243
0.000000
0.000000
0.000000
0.181818
0.000000
0.000000
0.000000
0.000000
0.000000
0.000000
1.548427
0.000000
2.222367
0.991728
0.000000
0.000000
0.000000
0.000000
0.000000
0.000000
0.000000
2.373551
0.000000
0.000000
0.000000
0.000000
0.000000
0.000000
0.000000
0.000000
2.690408
0.000000
1.436157
0.000000
0.000000
0.000000
3.456096
0.000000
0.683915
0.712170
0.000000
0.000000
0.000000
0.000000
0.000000
0.134957
0.000000
0.000000
0.000000
0.000000
0.000000
0.000000
0.382149
3.172401
0.000000
0.000000
0.000000
0.000000
0.000000
1.818640
1.530306
0.000000
0.000000
0.000000
0.000000
0.000000
0.496985
0.000000
0.000000
0.199952
0.000000
0.406047
1.010622
0.000000
0.054072
0.000000
0.000000
0.000000
0.000000
0.000000
0.969681
0.000000
0.000000
0.000000
0.000000
0.000000
0.000000
0.000000
0.000000
0.000000
0.000000
0.000000
0.000000
0.244824
0.000000
0.000000
0.000000
3.434080
0.000000
0.000000
0.000000
0.000000
0.000000
0.000000
0.000000
0.000000
0.000000
0.000000
0.000000
0.000000
0.000000
0.000000
0.000000
0.000000
0.000000
0.000000
0.000000
0.000000
0.000000
0.439869
0.033394
0.135046
0.000000
0.000000
0.000000
0.000000
0.057893
0.000000
0.543299
0.000000
0.000000
0.000000
0.000000
0.000000
0.444361
0.654115
0.000000
1.870286
0.000000
0.000000
0.000000
2.514801
0.000000
0.000000
1.004262
0.000000
0.000000
1.514453
0.300552
0.000000
0.000000
0.101816
0.807264
0.000000
0.000000
0.000000
0.000000
1.262053
0.937339
0.000000
0.000000
0.000000
0.000000
0.000000
0.000000
0.000000
0.000000
0.000000
0.000000
0.000000
0.000000
0.000000
0.000000
0.000000
0.000000
0.000000
0.000000
0.000000
0.269239
0.000000
0.000000
1.944920
0.000000
0.000000
0.000000
0.627805
1.217202
0.000000
0.073021
0.566026
0.000000
0.000000
0.000000
0.000000
0.000000
0.000000
0.000000
0.000000
0.000000
0.000000
0.000000
0.000000
0.586518
0.563994
0.000000
0.000000
0.000000
0.000000
0.000000
0.000000
0.000000
0.000000
0.000000
0.000000
0.000000
0.000000
3.415787
0.000000
0.000000
0.000000
0.000000
0.000000
0.000000
0.000000
0.000000
0.000000
0.000000
0.261543
0.000000
0.000000
0.000000
1.250649
0.000000
0.000000
0.000000
0.000000
0.000000
0.000000
1.386500
0.000000
0.000000
0.000000
0.000000
0.000000
0.000000
0.000000
0.000000
0.000000
0.000000
0.000000
1.575695
0.000000
0.000000
0.000000
0.000000
0.000000
0.000000
0.000000
0.000000
0.000000
0.000000
1.316203
0.000000
0.937490
0.000000
0.000000
0.000000
0.000000
0.000000
0.000000
1.096664
0.000000
1.424752
0.000000
0.910221
0.245310
0.000000
0.000000
0.449860
0.000000
0.000000
0.000000
0.000000
0.000000
0.000000
0.000000
0.000000
0.000000
0.000000
0.000000
0.000000
0.000000
0.000000
0.000000
0.000000
0.000000
0.000000
0.607708
0.000000
2.136017
0.000000
0.000000
0.000000
4.769276
0.000000
0.000000
0.177684
1.582473
0.000000
0.000000
0.945060
0.000000
0.652140
0.000000
0.000000
0.000000
0.000000
1.330229
0.126906
0.853187
0.000000
0.000000
0.830473
0.000000
0.000000
0.000000
0.000000
0.000000
0.000000
0.000000
0.000000
0.000000
0.000000
0.000000
0.000000
0.000000
0.000000
0.000000
0.000000
0.000000
0.162803
0.000000
0.000000
0.000000
0.000000
0.000000
0.281030
0.971042
0.000000
0.000000
0.000000
0.000000
0.000000
0.000000
0.000000
2.304836
0.583959
0.000000
2.909561
0.000000
0.000000
0.000000
0.000000
0.000000
0.000000
0.000000
0.000000
0.973547
0.000000
0.000000
0.000000
2.077472
0.000000
0.070460
0.579808
0.000000
0.000000
0.124804
0.000000
0.000000
0.000000
0.159135
0.000000
0.000000
0.000000
0.000000
0.000000
0.000000
0.000000
0.000000
0.000000
1.818657
0.000000
0.000000
0.000000
0.000000
0.250481
1.184273
0.000000
0.411072
0.000000
0.000000
0.000000
0.000000
0.000000
0.000000
0.000000
0.000000
0.000000
0.000000
0.000000
0.000000
0.000000
0.000000
0.000000
1.544245
0.000000
0.000000
0.000000
0.000000
0.000000
0.000000
0.609016
0.000000
0.000000
0.000000
0.000000
0.132809
0.000000
0.000000
0.000000
0.000000
0.000000
0.000000
0.000000
0.000000
0.000000
0.000000
0.000000
0.000000
0.000000
0.000000
0.000000
0.000000
0.000000
0.000000
0.000000
0.000000
0.000000
0.000000
0.000000
0.317712
0.000000
0.000000
0.000000
0.000000
0.000000
0.000000
0.000000
0.000000
0.000000
0.000000
0.000000
0.000000
0.000000
0.000000
0.083723
0.000000
0.000000
2.210098
0.000000
2.232123
0.000000
1.572769
0.938308
0.000000
0.000000
0.000000
0.092447
0.000000
0.000000
0.000000
0.000000
0.000000
0.000000
0.000000
0.680336
0.000000
0.000000
0.000000
0.000000
0.000000
0.000000
0.000000
0.000000
0.000000
0.000000
0.000000
0.000000
0.000000
0.965490
0.000000
0.000000
0.000000
0.074437
0.000000
0.000000
0.000000
0.000000
0.000000
0.000000
0.000000
0.000000
0.000000
0.000000
0.000000
0.000000
0.000000
1.869838
0.348203
0.000000
0.000000
0.572782
0.000000
0.000000
0.000000
0.179931
1.053414
0.000000
0.204747
0.000000
0.000000
0.000000
1.484273
0.000000
0.000000
0.000000
1.030589
0.000000
0.000000
0.000000
0.000000
0.000000
0.000000
0.000000
0.000000
0.780901
0.000000
0.000000
0.000000
0.000000
0.000000
0.000000
0.000000
0.000000
0.000000
2.073225
0.000000
0.000000
0.000000
0.000000
0.000000
0.000000
0.775263
0.000000
0.000000
0.000000
0.000000
0.000000
0.000000
0.000000
0.000000
0.000000
0.000000
0.000000
0.000000
0.000000
0.404400
0.000000
0.000000
0.000000
0.000000
0.273577
0.000000
0.000000
0.000000
0.000000
0.505562
0.000000
0.000000
0.000000
0.000000
0.000000
0.000000
0.000000
0.025628
0.000000
0.000000
0.000000
0.000000
0.000000
0.000000
0.000000
0.000000
0.000000
2.160315
0.000000
0.000000
0.000000
0.000000
1.801176
0.000000
0.000000
0.000000
0.000000
0.225378
0.776895
0.000000
0.000000
0.000000
0.000000
0.000000
0.000000
0.000000
0.000000
0.000000
0.000000
0.000000
0.000000
1.708754
0.064202
0.000000
0.000000
0.000000
0.000000
0.000000
0.000000
0.000000
0.000000
0.000000
0.000000
0.000000
0.000000
0.000000
0.000000
0.000000
0.000000
0.988577
0.000000
0.112155
0.000000
0.000000
0.000000
7.889387
0.000000
0.857792
0.184755
0.000000
1.211160
0.000000
0.000000
0.000000
0.000000
0.000000
0.000000
0.000000
0.000000
0.000000
0.000000
0.000000
0.000000
0.331826
0.000000
0.000000
0.000000
0.000000
0.000000
0.000000
0.000000
0.000000
0.000000
0.000000
0.594394
0.000000
0.000000
0.000000
0.000000
0.000000
0.834897
0.000000
0.000000
0.000000
0.000000
0.000000
0.523099
2.765844
0.000000
0.000000
0.000000
0.000000
0.000000
0.000000
0.000000
0.157223
0.000000
0.000000
0.600041
0.000000
1.062760
1.412984
0.000000
0.000000
0.000000
0.000000
0.000000
0.000000
2.397230
0.854581
1.189017
0.000000
0.000000
0.000000
0.549556
0.558103
0.000000
0.000000
0.000000
0.000000
0.000000
0.000000
0.000000
0.000000
0.000000
0.000000
0.355472
0.000000
0.000000
0.025082
0.000000
1.142054
0.000000
0.000000
0.000000
2.221227
0.000000
0.952838
0.400254
0.000000
0.000000
0.000000
0.000000
0.000000
0.000000
0.000000
0.000000
0.000000
0.000000
0.311742
0.000000
0.000000
0.799590
0.000000
0.762124
3.714544
1.255692
0.000000
0.000000
0.218787
0.000000
0.000000
0.000000
2.190558
0.000000
0.000000
0.000000
2.242694
0.000000
1.504596
0.000000
0.000000
0.000000
0.000000
0.000000
0.000000
0.000000
0.000000
0.119501
0.000000
0.114271
0.000000
0.000000
0.000000
0.000000
0.000000
0.000000
0.000000
0.000000
0.000000
0.000000
0.000000
0.000000
0.000000
0.000000
0.000000
0.000000
0.000000
0.000000
0.000000
0.000000
0.356032
1.479107
0.000000
0.000000
0.000000
0.000000
0.000000
0.000000
0.000000
0.000000
1.499845
0.000000
0.000000
0.000000
0.000000
0.000000
0.000000
0.000000
0.000000
0.000000
0.000000
0.079843
0.000000
0.000000
0.000000
0.000000
0.000000
0.000000
0.000000
0.000000
5.214783
0.000000
0.000000
2.160828
0.000000
0.000000
0.000000
0.000000
0.000000
0.000000
3.061625
0.000000
0.000000
0.914364
0.000000
0.000000
0.185345
2.185242
0.017717
0.000000
0.000000
0.000000
0.000000
0.000000
0.219048
0.000000
0.000000
0.000000
0.000000
0.000000
0.000000
0.000000
1.950569
0.000000
0.000000
0.000000
0.000000
1.230029
0.569777
0.000000
0.000000
0.000000
0.000000
0.000000
0.000000
0.000000
0.844627
0.000000
0.000000
2.215983
0.000000
0.000000
0.000000
1.449366
0.000000
1.888673
0.000000
0.000000
0.000000
0.000000
0.000000
0.000000
0.000000
0.000000
0.000000
0.000000
0.000000
0.000000
0.242826
0.000000
0.660662
0.000000
0.000000
0.000000
0.000000
0.000000
0.000000
1.522099
0.328815
0.000000
0.000000
0.000000
0.000000
0.000000
0.000000
0.000000
0.000000
0.000000
0.565779
0.000000
0.000000
0.000000
0.000000
0.000000
0.000000
0.215697
0.000000
0.000000
0.000000
0.000000
0.000000
0.871879
0.000000
0.000000
0.000000
0.000000
0.000000
0.000000
0.000000
0.000000
0.000000
0.000000
0.000000
0.000000
0.000000
0.000000
0.000000
0.608380
0.000000
0.000000
0.000000
0.000000
0.492449
0.000000
0.000000
0.390480
0.000000
0.000000
0.000000
0.000000
0.639290
0.000000
0.505255
0.000000
0.470742
0.000000
0.000000
1.275872
0.000000
0.000000
0.000000
0.000000
0.000000
0.189513
0.000000
0.000000
0.000000
0.079276
0.171745
0.000000
0.000000
0.000000
0.000000
0.000000
0.000000
1.873605
0.000000
1.318446
0.000000
0.000000
0.000000
0.000000
0.000000
0.000000
0.000000
0.000000
0.000000
0.000000
0.000000
2.719940
0.130900
0.444446
0.000000
0.000000
0.000000
0.000000
0.000000
0.810063
0.739477
0.000000
0.000000
0.512414
0.000000
0.000000
0.000000
0.000000
0.000000
0.000000
0.000000
0.000000
0.000000
0.000000
0.000000
0.437305
0.000000
0.000000
0.000000
0.000000
0.000000
0.000000
0.194825
2.473477
0.554243
2.826678
0.000000
0.000000
0.000000
0.000000
0.000000
0.000000
0.000000
0.000000
0.000000
0.000000
0.237849
0.000000
0.000000
0.000000
0.000000
0.000000
0.000000
0.000000
0.476149
0.000000
0.000000
0.000000
0.000000
0.000000
0.000000
0.641079
0.000000
0.000000
0.000000
0.000000
0.000000
0.000000
0.000000
0.000000
1.082373
0.000000
0.000000
0.000000
0.000000
0.000000
0.000000
0.000000
0.000000
0.000000
0.000000
0.000000
0.000000
0.000000
1.379856
0.000000
0.000000
0.000000
0.000000
1.008462
0.000000
0.173267
0.000000
0.000000
0.000000
0.000000
0.000000
0.000000
0.000000
0.000000
0.585118
0.000000
0.983797
0.000000
0.000000
0.000000
0.000000
0.655039
0.000000
0.000000
0.000000
0.000000
0.000000
2.541433
0.065860
0.000000
0.409378
0.079809
0.342144
0.000000
0.000000
0.000000
0.000000
0.000000
0.000000
0.000000
2.940526
0.000000
3.983711
0.000000
2.523116
0.415090
1.131477
0.000000
0.000000
0.000000
0.000000
0.000000
0.000000
0.000000
0.000000
0.000000
0.000000
1.713402
0.000000
0.540054
0.000000
0.000000
0.000000
0.000000
3.730849
1.575336
0.000000
0.000000
0.000000
0.000000
0.000000
0.000000
0.000000
0.000000
0.000000
0.506015
0.000000
0.000000
0.000000
0.000000
0.312545
0.000000
0.026843
2.978107
0.000000
0.000000
0.000000
0.000000
0.000000
0.000000
0.000000
0.000000
0.000000
0.000000
0.000000
0.392413
1.944559
0.000000
0.000000
0.000000
2.175834
0.000000
0.000000
0.000000
0.000000
0.000000
3.103229
0.000000
0.000000
0.000000
0.000000
0.000000
0.000000
0.000000
1.571170
3.565260
0.000000
0.000000
0.000000
0.000000
0.000000
0.648739
2.106640
0.000000
0.000000
0.000000
0.000000
0.000000
0.000000
0.000000
0.000000
0.000000
0.000000
0.000000
0.000000
0.000000
0.307660
0.000000
1.869893
0.000000
0.000000
0.000000
0.000000
0.732815
0.000000
0.000000
0.000000
0.000000
0.000000
0.000000
0.000000
0.000000
0.068858
0.000000
0.000000
0.000000
0.226363
0.592722
0.773752
0.000000
0.000000
0.000000
0.000000
0.000000
0.000000
0.000000
0.000000
0.000000
0.000000
0.000000
0.000000
0.000000
2.227042
0.277787
0.000000
0.000000
0.000000
0.337163
0.000000
0.000000
0.000000
0.000000
0.000000
0.000000
0.000000
0.000000
0.000000
0.000000
0.000000
0.000000
0.000000
1.134452
0.000000
0.000000
0.000000
0.000000
0.000000
0.105987
1.795585
0.000000
0.000000
1.671390
0.000000
0.000000
0.000000
0.000000
0.000000
0.208643
0.000000
0.000000
0.000000
0.000000
0.000000
0.000000
0.000000
0.000000
0.000000
1.378244
0.245671
0.000000
0.000000
0.000000
0.000000
1.231446
0.000000
0.000000
0.000000
0.000000
0.000000
0.000000
0.090920
0.000000
0.000000
0.000000
0.000000
0.000000
0.000000
0.000000
0.000000
0.000000
0.000000
0.000000
0.000000
0.000000
0.000000
0.000000
0.000000
0.000000
0.000000
0.000000
0.000000
0.000000
1.794995
0.000000
0.000000
0.000000
0.000000
0.000000
0.000000
0.000000
0.000000
0.000000
0.000000
0.655440
0.000000
0.000000
0.000000
0.000000
0.000000
0.000000
0.000000
0.000000
0.000000
0.000000
0.000000
0.000000
1.697509
0.700952
0.000000
0.000000
0.000000
0.000000
0.000000
0.000000
0.000000
0.000000
0.000000
0.000000
0.000000
1.281914
0.000000
0.000000
0.000000
0.000000
0.000000
0.000000
2.535069
0.000000
0.000000
0.000000
0.000000
0.000000
0.000000
0.000000
0.000000
0.000000
0.000000
0.000000
0.000000
0.000000
0.000000
0.000000
0.000000
0.000000
0.000000
0.003595
0.809425
0.000000
0.151878
0.000000
0.000000
0.000000
0.000000
0.000000
0.000000
0.000000
0.000000
0.000000
0.000000
2.513908
0.000000
0.000000
0.000000
0.000000
0.000000
0.000000
0.000000
0.000000
0.000000
0.000000
0.000000
0.283170
0.000000
0.000000
0.000000
0.000000
1.614846
0.000000
0.000000
0.000000
0.000000
0.000000
0.000000
0.000000
0.059288
0.000000
0.000000
0.122840
0.000000
0.000000
0.000000
0.023967
0.000000
0.000000
1.459177
0.000000
0.000000
1.230806
0.000000
0.000000
0.000000
0.000000
0.023359
0.040240
0.000000
0.000000
0.000000
0.000000
0.858380
0.000000
0.000000
0.000000
0.000000
0.000000
0.000000
0.000000
0.000000
0.000000
0.000000
0.000000
1.302291
0.000000
0.000000
0.000000
0.000000
1.369625
0.000000
0.000000
0.000000
0.000000
0.000000
0.000000
0.000000
0.000000
0.000000
0.000000
0.000000
1.728635
0.419616
0.591795
0.000000
0.000000
0.000000
0.000000
0.000000
2.251077
1.323186
0.000000
0.344919
0.000000
0.000000
0.000000
0.000000
0.000000
0.000000
0.007897
0.000000
1.769155
0.000000
0.000000
1.078263
0.000000
0.000000
0.118684
0.000000
0.000000
0.000000
0.000000
0.000000
0.000000
0.000000
0.000000
0.000000
0.000000
0.412752
0.213562
0.000000
0.000000
0.000000
0.000000
0.000000
0.000000
0.000000
0.000000
0.000000
0.000000
0.000000
0.000000
0.000000
0.000000
0.000000
0.000000
0.000000
0.000000
0.097875
1.482267
0.000000
0.000000
0.000000
1.704475
0.000000
0.000000
0.000000
0.000000
0.074279
0.000000
0.000000
0.000000
0.000000
0.000000
0.000000
0.126385
0.000000
0.000000
1.518905
0.000000
0.000000
0.000000
0.000000
2.208081
0.000000
2.119244
0.000000
0.000000
1.020287
0.000000
0.000000
0.000000
0.000000
0.058332
0.000000
0.000000
0.000000
0.000000
0.000000
0.000000
4.118271
0.000000
0.000000
0.000000
0.000000
0.000000
0.000000
0.000000
0.272655
0.000000
0.000000
0.000000
1.234740
0.000000
0.000000
0.000000
0.000000
1.651114
0.000000
0.000000
0.000000
0.000000
0.000000
0.000000
0.276308
0.000000
0.000000
0.000000
0.000000
0.000000
0.000000
1.443291
0.000000
0.000000
0.470897
0.027983
0.000000
0.484289
0.000000
0.000000
3.263870
0.000000
0.000000
0.000000
0.000000
0.000000
0.000000
0.000000
0.000000
0.000000
0.000000
0.000000
0.000000
0.118991
0.000000
0.000000
0.000000
0.000000
0.000000
0.000000
0.000000
1.497842
0.000000
0.000000
0.000000
0.000000
0.000000
0.555483
0.000000
0.000000
0.000000
0.000000
0.000000
0.000000
0.314478
0.000000
0.000000
0.000000
0.000000
0.000000
0.000000
0.449854
0.000000
0.000000
0.000000
0.000000
0.000000
0.000000
1.796535
0.000000
3.042010
0.000000
0.408931
0.000000
0.000000
0.000000
0.344409
0.000000
2.945860
0.757301
0.000000
0.000000
0.000000
0.394666
0.000000
0.885162
0.000000
0.373607
0.000000
1.288971
0.000000
0.000000
0.000000
0.791176
0.386528
1.178005
0.000000
0.000000
0.000000
0.000000
0.000000
0.000000
0.000000
2.235716
2.985950
2.775061
0.000000
0.000000
1.159449
0.000000
0.000000
0.000000
0.000000
0.048948
0.000000
0.000000
0.000000
0.000000
0.000000
0.000000
0.000000
1.591187
0.000000
0.000000
0.000000
0.000000
0.000000
0.000000
0.000000
0.000000
0.000000
0.000000
0.000000
0.000000
0.000000
0.000000
0.000000
0.000000
0.000000
0.000000
0.000000
0.000000
0.004635
0.000000
0.000000
0.000000
0.000000
0.000000
0.000000
0.000000
0.000000
0.525201
0.000000
0.000000
0.000000
0.000000
0.000000
0.000000
0.000000
0.000000
0.000000
0.000000
0.000000
0.000000
0.000000
2.498120
0.000000
0.000000
3.748570
0.000000
0.000000
0.223932
0.000000
0.266300
0.000000
0.000000
0.000000
0.000000
0.000000
0.000000
0.000000
0.472820
0.740397
0.000000
0.000000
0.000000
0.000000
0.000000
0.000000
0.000000
0.000000
0.000000
0.000000
0.000000
0.000000
0.000000
1.610355
0.000000
0.000000
0.000000
0.000000
0.000000
2.067278
0.000000
1.655735
0.000000
0.000000
0.000000
0.142999
0.766541
0.000000
0.000000
0.000000
0.000000
0.000000
0.000000
0.000000
0.503409
0.000000
0.305745
0.000000
0.000000
0.000000
2.538442
0.000000
0.000000
0.762621
0.000000
0.000000
0.000000
0.000000
2.841013
0.000000
0.000000
0.000000
0.000000
0.000000
0.000000
0.000000
1.767907
0.000000
0.000000
0.000000
2.059877
0.000000
0.000000
1.096888
0.000000
0.000000
0.000000
0.000000
0.000000
0.000000
0.000000
0.000000
0.271471
0.000000
0.000000
0.000000
0.000000
0.000000
2.742714
0.000000
0.000000
0.000000
0.000000
0.000000
0.000000
0.000000
0.000000
0.000000
0.750689
0.000000
0.000000
0.000000
0.000000
0.000000
0.000000
0.000000
0.000000
0.000000
0.000000
0.000000
0.000000
4.125670
0.000000
0.000000
0.000000
0.240540
0.000000
2.589543
0.905679
0.000000
0.000000
0.000000
0.080740
0.000000
0.347069
0.000000
0.000000
0.000000
0.000000
0.059168
0.000000
0.000000
0.000000
0.000000
1.163838
0.000000
0.000000
0.000000
0.000000
0.000000
0.000000
0.000000
0.000000
0.000000
0.000000
0.000000
0.000000
0.000000
0.328754
0.000000
0.000000
2.829528
0.705500
0.000000
0.000000
0.000000
1.065004
0.000000
0.000000
1.791719
0.161576
0.000000
0.000000
0.000000
0.000000
0.000000
0.000000
0.000000
0.000000
0.000000
0.000000
0.000000
0.000000
0.000000
0.728372
0.000000
0.000000
0.000000
0.000000
0.000000
0.000000
0.000000
0.000000
0.000000
1.851555
0.000000
0.000000
0.000000
0.000000
0.000000
0.000000
0.000000
0.000000
0.000000
0.000000
0.000000
0.000000
0.079164
0.000000
0.000000
0.000000
0.000000
0.000000
0.000000
0.000000
0.000000
0.000000
1.799558
0.000000
0.000000
2.419287
0.000000
0.000000
0.690791
0.000000
0.000000
0.000000
0.000000
0.000000
1.081522
0.000000
0.000000
2.625875
0.000000
0.380587
0.000000
0.000000
0.000000
0.000000
0.000000
0.000000
0.000000
0.000000
0.000000
0.000000
0.000000
0.000000
0.000000
0.000000
0.000000
0.000000
0.000000
2.528132
0.000000
0.000000
3.313786
0.000000
0.000000
0.000000
0.000000
0.000000
0.000000
0.000000
2.555839
0.000000
0.000000
0.000000
2.351177
0.000000
0.000000
0.000000
0.000000
0.000000
0.000000
2.078369
0.000000
0.000000
0.357889
0.000000
0.000000
1.165886
0.000000
0.531954
0.000000
0.000000
0.000000
0.000000
0.000000
0.000000
0.000000
0.000000
0.000000
0.000000
0.000000
0.000000
0.000000
0.000000
0.556115
0.000000
0.000000
1.224332
0.785688
0.464377
0.010719
0.000000
0.223947
0.000000
0.813166
0.000000
0.000000
0.000000
0.000000
0.000000
0.000000
0.000000
1.102149
0.000000
0.237054
0.000000
0.000000
0.000000
0.000000
0.000000
0.214216
0.000000
0.000000
0.433133
0.798965
1.426660
0.615459
0.000000
0.000000
0.000000
0.000000
0.000000
0.000000
0.000000
0.000000
0.000000
0.000000
0.000000
0.569287
0.000000
0.000000
0.000000
0.000000
0.000000
0.000000
0.000000
0.000000
0.000000
0.000000
0.892170
0.000000
0.988173
0.000000
1.022854
0.204092
0.000000
0.628090
0.000000
0.000000
0.000000
0.000000
0.000000
0.000000
0.399864
0.000000
0.416327
0.030249
0.000000
0.336581
0.000000
0.000000
0.000000
0.000000
0.000000
0.000000
0.000000
0.000000
0.000000
0.000000
0.000000
0.000000
0.000000
0.000000
0.000000
0.000000
0.000000
0.000000
0.000000
0.000000
0.000000
0.000000
0.000000
1.831662
0.000000
0.588401
0.000000
0.000000
1.173922
0.000000
0.000000
0.000000
0.000000
0.000000
0.224633
0.000000
0.846375
0.000000
0.000000
0.000000
0.000000
0.000000
0.000000
3.166932
0.000000
0.000000
0.000000
0.245312
0.000000
0.000000
0.000000
0.000000
0.310705
0.000000
0.000000
0.000000
0.000000
0.000000
0.000000
0.000000
0.000000
0.000000
0.000000
1.872536
0.000000
0.938064
0.000000
0.000000
0.000000
0.000000
0.000000
0.000000
0.000000
0.000000
0.000000
2.154170
0.000000
3.002283
0.000000
0.000000
0.000000
0.000000
0.000000
0.000000
0.000000
0.000000
0.000000
0.000000
0.296441
0.000000
0.000000
0.000000
0.732307
0.000000
0.000000
0.000000
0.995187
0.000000
0.133691
0.000000
0.000000
0.000000
0.000000
0.000000
0.000000
0.000000
0.000000
2.015509
0.000000
0.000000
0.000000
0.000000
0.000000
0.000000
0.000000
0.028878
0.000000
0.000000
0.000000
0.000000
0.000000
0.357243
0.000000
0.000000
0.000000
0.000000
0.000000
0.000000
1.391551
0.000000
0.000000
0.000000
0.000000
0.000000
3.699546
1.426826
0.000000
0.000000
0.000000
0.000000
0.000000
0.000000
1.502925
0.000000
0.043193
0.000000
0.000000
0.000000
0.000000
0.000000
0.000000
0.000000
0.000000
0.000000
0.000000
0.000000
0.000000
0.000000
0.000000
0.000000
0.000000
0.000000
0.428550
0.000000
0.000000
0.000000
0.000000
0.174227
0.000000
0.000000
0.000000
0.083193
0.000000
0.000000
0.000000
0.000000
0.000000
0.000000
0.780573
0.000000
1.751294
0.000000
0.000000
0.000000
0.000000
0.000000
0.869712
0.000000
0.000000
0.000000
0.000000
2.346683
0.000000
0.000000
0.000000
0.000000
0.000000
0.000000
0.000000
0.000000
0.000000
0.000000
