0.000000
0.000000
0.000000
0.000000
0.000000
0.000000
0.000000
0.000000
0.000000
0.000000
0.000000
0.000000
0.000000
1.160158
0.000000
0.000000
0.000000
0.000000
0.000000
0.000000
0.000000
2.625134
0.000000
0.705050
0.000000
2.136710
0.000000
0.000000
0.000000
0.000000
1.468002
0.000000
0.000000
0.000000
0.456714
0.000000
0.000000
0.000000
0.015861
0.000000
0.000000
0.000000
0.000000
0.000000
0.000000
0.000000
0.000000
0.673486
0.000000
0.000000
0.154992
0.000000
0.000000
0.000000
2.783846
0.000000
0.000000
0.000000
0.000000
0.000000
0.000000
0.000000
0.000000
0.000000
0.000000
1.182386
0.000000
0.000000
0.000000
0.000000
0.000000
0.000000
0.504372
0.000000
0.000000
1.195442
0.000000
0.245262
0.000000
1.497338
0.000000
0.000000
0.224648
0.556242
0.000000
3.099305
0.000000
0.157351
0.000000
0.000000
0.000000
0.224910
0.000000
0.000000
1.688479
0.000000
0.183132
2.801415
0.000000
0.241229
0.000000
0.000000
0.000000
0.000000
0.000000
0.000000
0.000000
0.000000
0.000000
0.000000
0.260277
0.910346
0.000000
0.000000
1.397007
0.000000
0.000000
0.000000
0.000000
0.000000
0.000000
0.000000
0.000000
0.000000
3.155085
1.128287
0.000000
0.000000
0.000000
0.000000
0.000000
0.000000
0.000000
0.000000
0.000000
0.000000
1.778346
0.000000
0.000000
0.035464
0.114037
1.878375
0.342239
0.920285
0.000000
0.000000
0.000000
0.000000
0.000000
0.000000
0.125754
0.000000
0.000000
1.993906
0.000000
0.000000
0.000000
0.000000
0.000000
0.000000
0.158004
0.000000
0.000000
2.067056
0.000000
0.000000
0.000000
0.000000
0.000000
1.359332
0.000000
0.000000
0.000000
0.000000
0.000000
0.410818
0.756363
0.360530
0.000000
0.000000
0.000000
4.284707
0.000000
0.000000
0.000000
0.548349
1.083762
0.157123
0.000000
0.144941
1.395735
0.000000
0.000000
0.000000
0.000000
2.209706
4.521175
1.736857
0.000000
0.000000
0.000000
0.000000
0.000000
0.000000
0.000000
0.000000
0.000000
0.000000
0.405814
2.813868
0.000000
0.000000
0.344265
0.000000
0.000000
0.000000
3.320110
0.425102
0.000000
0.000000
0.000000
0.000000
0.715636
0.000000
0.000000
0.000000
0.301879
0.023873
0.000000
2.664365
1.775860
0.000000
0.884888
0.000000
0.000000
0.000000
0.000000
0.117544
0.000000
0.000000
2.678810
0.000000
0.000000
0.000000
0.446884
0.897046
0.000000
0.000000
0.000000
0.000000
0.000000
0.718656
0.000000
0.445938
0.000000
0.000000
0.000000
0.000000
0.000000
0.000000
0.000000
0.000000
0.000000
1.182343
0.000000
0.000000
0.000000
0.000000
0.000000
0.000000
1.612976
0.000000
0.000000
0.000000
0.000000
0.000000
4.062837
0.000000
0.000000
0.000000
0.000000
0.000000
0.000000
0.000000
0.369263
0.539939
0.000000
0.087505
0.000000
0.000000
0.000000
0.000000
0.000000
0.000000
0.000000
0.098315
0.000000
0.000000
2.861465
0.000000
0.000000
0.000000
0.000000
0.000000
0.000000
0.000000
1.823825
2.275167
0.000000
0.000000
0.000000
0.000000
0.000000
0.000000
1.820598
1.904873
0.064931
0.000000
0.000000
0.000000
1.296362
0.000000
0.000000
0.000000
0.000000
0.000000
2.403615
0.000000
0.000000
0.000000
0.000000
0.000000
0.000000
0.000000
0.000000
0.000000
0.000000
0.000000
0.000000
0.000000
0.000000
0.000000
0.366880
0.000000
0.000000
1.558905
0.000000
0.000000
0.379706
0.000000
0.000000
0.000000
0.418820
0.243867
0.000000
0.000000
0.954531
0.000000
0.000000
0.000000
0.000000
0.000000
0.220955
0.019574
0.000000
0.000000
0.000000
0.000000
3.571012
0.000000
0.000000
0.000000
0.000000
0.000000
1.809089
0.000000
0.000000
0.000000
0.515877
0.000000
0.000000
0.000000
0.000000
0.000000
0.086994
0.000000
0.000000
0.829602
0.000000
0.000000
0.000000
0.000000
0.000000
0.000000
0.000000
0.000000
1.617054
0.000000
0.000000
0.000000
0.000000
0.000000
0.000000
0.876703
0.000000
0.000000
0.000000
0.000000
0.000000
0.000000
0.000000
0.000000
0.000000
1.390069
0.816758
0.000000
0.000000
0.000000
1.323335
0.000000
0.000000
0.000000
1.907076
0.000000
0.000000
0.000000
0.000000
1.681031
2.605877
0.000000
0.000000
0.287669
0.000000
0.000000
0.000000
0.000000
0.000000
0.000000
0.000000
0.000000
0.000000
0.000000
0.000000
0.000000
0.000000
1.693137
0.000000
0.000000
0.000000
0.000000
0.272302
0.000000
0.000000
0.000000
0.000000
0.000000
0.000000
0.000000
0.000000
0.000000
1.438843
0.000000
0.000000
1.794937
0.927366
1.647987
0.949306
0.000000
0.000000
0.000000
0.000000
0.000000
0.000000
0.719467
0.000000
0.000000
0.000000
0.000000
0.000000
1.575498
0.000000
0.387091
0.000000
0.374542
0.000000
0.000000
1.188333
0.000000
1.296041
0.000000
0.000000
0.000000
0.000000
0.000000
0.000000
0.000000
0.000000
0.000000
0.000000
0.000000
0.000000
0.000000
0.000000
0.000000
0.000000
0.000000
0.524261
0.000000
1.534292
0.000000
1.185524
0.000000
0.000000
0.432667
0.000000
0.000000
0.384665
0.000000
0.000000
0.615533
0.811368
0.653226
0.000000
0.000000
0.000000
2.055448
0.000000
0.000000
0.000000
0.000000
0.000000
0.000000
0.000000
0.223193
0.275188
0.000000
0.678746
0.000000
0.000000
0.000000
0.000000
0.000000
0.000000
0.000000
0.000000
0.000000
0.000000
0.335817
0.000000
0.000000
0.000000
0.000000
0.005165
0.000000
0.000000
0.000000
0.000000
0.000000
0.000000
0.000000
0.000000
0.000000
0.000000
0.000000
0.000000
0.000000
2.533911
0.000000
3.525195
0.000000
0.000000
0.000000
0.000000
0.000000
0.000000
0.000000
1.325317
0.000000
0.000000
0.000000
0.000000
0.000000
0.000000
2.781107
0.000000
0.000000
0.000000
0.000000
0.000000
0.000000
0.000000
0.317295
1.066869
0.000000
0.000000
0.000000
0.000000
0.000000
0.000000
0.000000
0.000000
1.779042
0.000000
0.000000
0.000000
0.000000
0.000000
0.228783
0.000000
0.000000
1.288063
0.000000
0.000000
0.000000
0.000000
0.000000
1.700393
0.192037
0.000000
1.199457
0.574298
0.000000
0.613766
0.000000
0.294693
0.000000
0.000000
0.946126
0.000000
0.000000
1.351793
0.512617
0.000000
0.000000
0.000000
0.000000
1.592262
0.000000
0.000000
0.000000
0.996877
0.000000
0.000000
2.024683
0.000000
0.000000
0.000000
0.000000
0.000000
0.446298
3.493569
0.000000
0.000000
0.000000
0.000000
0.000000
0.000000
0.000000
0.000000
0.000000
1.470415
0.000000
0.000000
0.000000
0.000000
0.000000
0.024602
0.000000
0.000000
3.666111
0.000000
0.000000
0.000000
0.000000
0.000000
0.000000
0.000000
0.000000
0.000000
0.000000
0.012930
0.000000
0.000000
0.000000
0.000000
0.000000
0.000000
0.000000
0.000000
0.000000
0.000000
0.000000
0.000000
0.000000
0.000000
0.000000
0.000000
0.000000
0.409079
0.000000
0.000000
0.000000
0.000000
0.001982
0.000000
0.000000
0.000000
0.511667
0.000000
0.000000
0.000000
0.000000
0.271012
0.000000
0.000000
0.000000
0.000000
5.021851
0.000000
0.596605
0.000000
0.000000
0.000000
0.070076
1.080623
0.000000
0.897878
0.000000
0.000000
0.000000
0.000000
0.000000
0.000000
0.000000
0.000000
0.000000
0.000000
0.000000
0.000000
2.266522
0.000000
0.000000
0.000000
0.000000
0.000000
0.245653
0.000000
0.000000
0.000000
0.000000
0.000000
0.000000
0.000000
0.000000
0.000000
0.000000
0.000000
1.657428
0.000000
0.000000
2.179086
0.000000
0.000000
0.000000
0.000000
0.000000
0.524353
0.000000
0.000000
0.872508
2.263915
0.000000
0.000000
0.000000
0.000000
0.000000
0.000000
0.000000
0.000000
1.093445
0.000000
0.000000
0.000000
0.000000
0.000000
0.000000
0.000000
0.000000
0.000000
0.000000
0.000000
0.202775
0.000000
0.229385
0.872418
0.398758
0.000000
0.000000
0.000000
0.000000
0.286072
0.152034
0.000000
3.134990
0.000000
0.000000
1.776707
0.000000
0.000000
0.000000
0.000000
0.000000
0.000000
0.000000
0.000000
0.000000
0.000000
0.337145
0.000000
0.000000
0.082591
0.948441
0.654334
0.000000
0.000000
0.000000
0.167800
0.000000
0.000000
0.000000
0.000000
0.000000
0.000000
0.000000
0.000000
0.000000
0.000000
0.000000
0.000000
0.000000
0.000000
0.000000
0.000000
0.000000
0.000000
0.533006
0.000000
0.000000
0.000000
0.000000
0.000000
0.000000
0.000000
0.925001
0.000000
0.000000
0.000000
1.656835
0.534121
0.000000
0.000000
0.000000
0.000000
0.000000
0.000000
0.000000
0.000000
0.000000
0.000000
0.541378
0.000000
0.000000
0.779033
0.445157
0.000000
0.000000
0.000000
0.000000
2.398767
0.000000
0.000000
0.555203
0.000000
0.000000
0.000000
0.095230
0.000000
0.000000
1.733328
0.000000
0.000000
0.628852
0.000000
0.000000
0.000000
0.000000
0.000000
0.000000
0.000000
0.000000
0.000000
0.000000
0.000000
1.883701
0.000000
0.000000
0.000000
0.000000
0.000000
0.000000
0.000000
0.000000
0.000000
0.000000
0.000000
0.000000
0.000000
0.000000
1.788045
0.000000
0.000000
0.000000
0.000000
0.000000
0.000000
0.000000
0.450856
0.000000
1.464648
0.000000
0.000000
0.709238
0.000000
0.000000
0.000000
0.000000
0.402381
2.411273
0.000000
0.000000
0.000000
0.000000
0.000000
0.000000
0.000000
0.000000
0.000000
0.000000
0.000000
0.739528
0.000000
0.000000
2.604846
0.000000
0.000000
0.000000
0.000000
0.000000
0.000000
0.000000
0.323864
0.000000
0.000000
0.000000
0.383397
0.000000
0.528874
0.000000
0.736493
0.000000
0.000000
0.000000
1.140808
0.000000
0.000000
0.903422
0.000000
0.000000
0.430654
0.000000
0.227634
0.000000
0.000000
0.000000
0.189410
0.000000
0.000000
0.000000
0.000000
0.000000
0.000000
0.000000
0.000000
0.000000
0.000000
3.048570
0.000000
0.000000
0.000000
0.000000
0.000000
0.000000
0.000000
0.000000
0.000000
0.488296
0.000000
0.000000
0.000000
0.000000
1.108634
0.000000
0.000000
0.000000
0.000000
0.000000
0.000000
0.000000
1.024827
0.000000
0.000000
0.000000
0.000000
0.000000
0.000000
0.000000
0.393263
0.000000
0.000000
0.000000
0.000000
0.000000
0.000000
0.515688
0.000000
0.467153
0.000000
0.000000
0.220594
0.000000
0.000000
0.000000
0.718359
0.000000
3.542417
0.000000
0.000000
0.000000
0.000000
1.595540
0.000000
0.000000
0.000000
0.114393
0.000000
0.000000
0.000000
0.000000
0.000000
0.000000
0.000000
0.000000
0.000000
0.000000
4.444198
0.000000
0.000000
0.524259
1.735178
0.000000
0.000000
0.509107
0.000000
0.181989
2.578596
0.000000
0.000000
0.000000
0.000000
0.113773
0.000000
0.000000
0.000000
0.000000
0.000000
0.000000
0.442382
1.577104
0.000000
0.000000
0.000000
0.909510
0.000000
0.282385
1.549154
0.000000
0.000000
0.408114
0.000000
1.298271
1.813006
0.000000
0.000000
0.000000
0.000000
1.216470
0.000000
0.000000
0.159971
0.000000
0.000000
0.000000
1.304479
0.000000
0.000000
0.000000
0.000000
1.965873
0.000000
0.000000
1.374481
0.000000
0.000000
0.000000
0.000000
0.000000
0.000000
0.000000
0.000000
0.000000
0.000000
0.000000
0.000000
0.500695
0.000000
0.415656
0.000000
0.000000
0.000000
0.000000
0.000000
0.000000
0.704339
0.000000
0.000000
0.000000
0.000000
0.000000
0.000000
0.621706
0.000000
0.000000
0.975943
0.616168
0.000000
0.000000
0.000000
0.000000
1.983734
0.000000
0.000000
0.000000
0.000000
0.133048
0.650759
0.000000
0.000000
1.926536
0.000000
0.000000
0.000000
0.000000
0.000000
0.271439
0.000000
0.000000
0.000000
0.000000
0.000000
0.000000
0.000000
0.076061
0.000000
0.570092
3.319577
0.000000
0.000000
0.000000
0.000000
0.000000
0.000000
0.000000
0.895636
0.000000
0.000000
1.554436
0.000000
0.000000
0.000000
0.000000
0.000000
0.000000
0.000000
0.000000
0.000000
0.000000
0.000000
0.172657
1.346053
0.000000
1.161607
0.000000
0.000000
0.000000
0.000000
0.000000
0.000000
0.000000
0.000000
1.126502
2.034657
0.000000
0.000000
0.000000
0.000000
0.000000
0.000000
1.489540
0.548948
0.000000
0.000000
0.000000
0.000000
0.000000
2.390986
0.000000
0.000000
0.000000
0.000000
0.000000
0.000000
0.349671
0.000000
0.000000
0.000000
1.500829
0.000000
0.687589
0.000000
0.000000
0.000000
0.000000
0.173819
0.000000
0.000000
0.000000
0.000000
0.489676
0.000000
2.739934
0.287549
0.000000
0.000000
0.000000
1.951536
0.000000
0.000000
0.000000
0.000000
0.000000
0.000000
0.000000
0.157271
0.169873
0.000000
0.000000
0.000000
0.000000
0.000000
0.000000
0.000000
0.478089
0.000000
0.884420
0.000000
0.000000
0.000000
0.164046
0.000000
2.831441
0.004038
0.000000
0.000000
0.000000
0.000000
0.000000
0.000000
0.000000
0.000000
0.000000
0.000000
0.000000
0.000000
0.000000
0.000000
0.382997
0.000000
0.000000
0.000000
0.000000
0.000000
0.000000
0.000000
0.000000
0.000000
0.000000
0.000000
0.000000
0.000000
0.000000
0.000000
0.000000
0.000000
0.411426
2.245131
0.000000
0.000000
0.000000
0.000000
0.000000
0.000000
0.000000
0.000000
2.138232
0.000000
0.000000
0.000000
0.000000
0.000000
0.000000
0.000000
0.637470
0.000000
0.000000
0.000000
0.000000
0.000000
0.000000
0.000000
1.349857
0.000000
0.000000
0.000000
0.000000
0.000000
1.553564
0.000000
0.000000
0.000000
0.000000
0.000000
0.000000
0.000000
0.000000
0.322809
1.856095
0.000000
0.107436
1.071027
0.000000
0.000000
0.000000
0.000000
0.000000
0.649789
0.000000
0.000000
0.000000
0.000000
0.105589
0.000000
0.000000
0.411112
0.282566
0.000000
1.887077
0.435066
0.000000
0.000000
0.000000
0.000000
0.000000
0.000000
0.000000
0.000000
0.000000
0.000000
0.064787
0.000000
0.000000
0.000000
0.000000
0.000000
0.000000
0.000000
0.000000
0.000000
0.000000
0.000000
0.000000
0.000000
0.000000
0.386962
0.000000
1.663037
0.000000
0.000000
0.000000
0.000000
0.000000
0.000000
0.233951
1.507926
0.000000
0.000000
0.000000
0.000000
0.000000
0.000000
0.012792
0.000000
0.000000
0.000000
0.000000
0.000000
1.114904
0.000000
0.000000
0.000000
0.000000
0.000000
0.061578
0.000000
0.000000
3.066931
0.000000
0.238429
5.452499
2.894732
0.000000
0.000000
0.000000
0.102872
0.000000
0.000000
0.000000
0.000000
0.000000
1.171481
0.000000
0.000000
0.098855
0.157807
0.000000
0.000000
0.000000
0.000000
0.000000
0.000000
0.000000
0.000000
0.254095
0.000000
0.000000
0.768809
0.000000
0.959771
0.000000
0.000000
0.000000
1.829268
0.000000
0.000000
0.211954
0.000000
0.000000
0.000000
0.606449
0.000000
0.000000
4.528041
0.000000
0.000000
0.000000
0.000000
0.000000
0.000000
3.533292
1.687938
0.000000
0.000000
0.000000
2.597691
0.000000
0.000000
0.000000
1.446392
0.000000
0.000000
0.000000
0.000000
0.885829
0.000000
0.000000
0.000000
0.000000
0.001816
0.551797
0.000000
0.375219
0.000000
0.000000
0.000000
0.000000
0.000000
0.000000
0.506052
0.000000
0.000000
1.607453
0.000000
0.000000
0.000000
0.000000
0.000000
0.000000
0.000000
0.000000
0.000000
0.000000
0.000000
0.000000
0.000000
0.000000
2.958910
0.000000
0.000000
0.000000
0.000000
0.000000
1.061607
0.000000
2.314315
0.000000
0.000000
0.000000
0.000000
1.588252
0.000000
0.000000
0.000000
0.000000
1.013733
0.000000
0.000000
0.000000
0.000000
0.000000
1.095927
0.000000
0.000000
0.000000
0.000000
0.000000
0.000000
0.000000
0.725362
1.043365
0.000000
0.000000
0.000000
0.000000
0.000000
0.000000
0.000000
0.000000
0.000000
0.508512
0.577682
0.000000
0.000000
0.000000
0.000000
0.000000
0.000000
0.000000
0.000000
0.000000
0.000000
0.000000
0.000000
1.733155
0.000000
0.106940
0.257007
0.000000
0.000000
0.000000
0.000000
0.000000
0.000000
2.560770
0.000000
0.000000
0.000000
0.000000
0.000000
0.000000
0.000000
0.000000
0.000000
0.043661
0.000000
0.000000
0.000000
0.000000
0.000000
1.910758
1.145954
0.206033
0.000000
0.886103
0.000000
0.000000
0.000000
0.000000
0.000000
0.000000
0.000000
0.000000
1.102499
0.000000
0.078159
0.000000
0.000000
0.000000
0.496692
1.348779
0.000000
0.000000
0.046680
0.000000
0.000000
0.000000
0.000000
1.345417
0.000000
0.000000
0.000000
0.000000
0.000000
0.000000
0.000000
0.000000
0.000000
0.000000
0.998241
1.081380
2.785436
0.000000
0.376803
0.000000
0.000000
0.000000
1.723105
0.000000
0.000000
0.000000
0.000000
2.392641
0.000000
0.000000
0.000000
0.000000
0.000000
0.000000
0.319198
0.000000
0.000000
0.000000
0.151620
0.000000
0.000000
0.000000
0.000000
0.000000
0.000000
0.000000
2.613703
0.216583
0.000000
1.448162
0.000000
0.000000
0.000000
0.000000
0.000000
2.454695
0.000000
0.000000
0.667091
0.000000
0.181436
0.000000
0.807248
1.191726
0.000000
0.000000
0.000000
0.000000
0.000000
0.000000
0.000000
0.000000
0.000000
0.000000
0.000000
2.229228
0.800105
0.000000
0.000000
0.000000
0.931318
0.000000
0.000000
2.206708
0.000000
0.000000
0.000000
0.212653
0.000000
0.626712
0.379035
0.058877
0.000000
0.192726
0.000000
1.354418
0.000000
0.000000
1.636681
0.000000
2.711840
0.635235
0.000000
0.000000
0.000000
0.000000
0.000000
0.000000
0.000000
2.161735
0.000000
0.000000
0.000000
0.000000
0.000000
0.000000
0.000000
0.000000
1.763079
0.087064
2.828485
0.000000
0.000000
0.000000
0.333437
0.000000
0.000000
1.025023
0.000000
0.000000
0.000000
0.000000
0.000000
0.781737
0.180275
2.208535
0.000000
0.000000
0.000000
0.000000
0.000000
2.310561
0.000000
0.000000
0.000000
0.000000
0.000000
2.781904
0.000000
0.000000
0.000000
0.000000
0.000000
0.000000
0.972281
0.000000
0.000000
0.924281
0.732703
0.000000
0.000000
0.000000
0.000000
0.000000
0.000000
0.000000
0.000000
0.000000
2.434732
0.000000
0.000000
0.763482
0.000000
0.000000
0.000000
0.000000
0.000000
0.037372
0.000000
2.142271
0.115250
0.000000
0.000000
0.000000
0.729923
1.513480
0.093519
0.000000
0.000000
0.000000
0.000000
0.000000
0.572751
0.000000
0.000000
0.498305
0.000000
0.000000
0.000000
0.620463
0.000000
0.000000
0.000000
0.000000
0.000000
0.000000
0.000000
0.530188
1.064206
0.000000
0.000000
0.000000
0.000000
0.000000
1.142048
0.000000
0.000000
0.000000
0.000000
0.000000
0.000000
0.000000
0.024590
0.000000
0.000000
0.817961
0.000000
0.000000
1.524715
3.682708
0.000000
0.000000
0.000000
0.132845
0.000000
0.914723
0.000000
0.000000
0.000000
0.000000
0.480495
0.000000
0.000000
0.000000
0.000000
4.356990
0.000000
0.000000
0.000000
0.543818
0.000000
0.000000
0.000000
0.000000
0.000000
0.000000
0.000000
0.000000
0.000000
0.000000
0.000000
0.000000
0.000000
0.000000
0.762741
0.000000
0.314008
0.000000
0.000000
2.049554
0.000000
0.000000
0.000000
0.000000
0.000000
0.000000
0.000000
0.000000
0.000000
0.787995
0.000000
0.000000
0.000000
0.000000
0.000000
0.000000
0.000000
0.000000
0.000000
0.000000
0.657791
0.000000
0.000000
0.000000
0.000000
0.000000
0.000000
0.000000
0.000000
0.000000
0.000000
0.000000
0.000000
0.000000
1.449901
0.000000
0.000000
0.000000
0.000000
0.023030
0.000000
0.000000
0.000000
0.000000
0.000000
0.198497
0.000000
0.000000
0.000000
2.891522
0.000000
0.239885
0.016954
0.000000
0.000000
0.000000
3.239957
0.000000
0.322273
0.000000
0.000000
0.000000
0.000000
0.000000
0.000000
0.000000
0.000000
0.000000
0.000000
0.000000
0.000000
0.000000
0.000000
0.000000
0.205001
1.313191
1.746907
0.000000
0.000000
2.127697
0.000000
0.014174
0.000000
0.000000
0.000000
0.000000
0.000000
0.046979
0.000000
0.000000
1.293661
0.000000
0.000000
0.000000
0.000000
0.000000
0.596137
0.000000
0.000000
0.000000
0.000000
0.000000
0.000000
0.000000
1.512753
1.003176
0.000000
0.000000
0.000000
0.000000
0.000000
0.000000
0.000000
0.000000
0.000000
0.000000
0.000000
1.432270
0.000000
0.000000
0.216244
3.969821
0.000000
0.000000
0.000000
0.114930
0.000000
0.000000
0.000000
0.000000
0.000000
0.000000
0.000000
0.355611
0.000000
0.010493
1.550756
0.000000
0.000000
0.000000
0.305633
0.000000
0.000000
0.000000
0.000000
0.000000
0.000000
0.000000
0.000000
0.000000
0.000000
0.000000
0.407602
0.000000
0.000000
0.000000
0.000000
0.000000
0.000000
1.236732
0.000000
0.903295
0.000000
0.000000
0.000000
0.000000
0.000000
0.000000
0.000000
0.000000
0.000000
0.000000
0.000000
0.988718
2.023154
0.000000
0.000000
0.000000
0.000000
0.000000
0.000000
0.292307
0.000000
0.000000
0.000000
0.000000
0.000000
0.000000
0.000000
2.419954
0.162762
0.000000
0.000000
0.000000
0.000000
0.637803
0.000000
0.000000
0.000000
0.000000
0.815248
0.000000
0.000000
0.000000
0.000000
0.000000
0.000000
0.000000
0.000000
0.000000
0.000000
0.000000
0.000000
0.000000
0.814506
0.000000
0.000000
2.182300
0.000000
0.000000
0.000000
2.697299
0.000000
0.000000
0.000000
0.000000
0.000000
1.079305
0.000000
0.000000
0.000000
0.000000
0.000000
0.000000
0.000000
0.000000
0.000000
0.000000
0.000000
0.000000
0.000000
0.000000
0.000000
0.000000
0.000000
0.000000
0.000000
0.000000
0.000000
0.000000
0.000000
0.000000
0.000000
0.000000
0.000000
0.000000
0.000000
0.000000
0.000000
0.000000
0.000000
0.036201
0.000000
0.000000
0.000000
0.000000
0.269055
0.000000
0.774337
0.471542
0.000000
0.000000
0.000000
0.000000
0.000000
0.000000
0.000000
0.106243
0.000000
0.211548
0.000000
0.000000
0.000000
0.231687
0.000000
0.000000
0.000000
2.147268
2.216866
0.730536
0.000000
2.693535
0.691974
0.000000
0.000000
0.000000
0.899953
0.361220
0.000000
0.000000
0.000000
0.000000
0.000000
0.000000
1.904547
0.000000
0.000000
0.000000
0.000000
0.000000
0.481265
0.000000
0.000000
0.000000
0.000000
0.000000
0.000000
0.193944
1.334480
0.000000
0.000000
0.000000
1.160450
0.000000
0.000000
0.000000
0.900822
0.000000
0.000000
0.000000
0.000000
0.733821
0.000000
0.000000
0.000000
0.000000
0.500015
1.668468
0.000000
0.947800
0.716212
0.414814
0.000000
0.000000
1.410283
0.000000
0.110420
0.000000
0.000000
0.000000
0.000000
0.318052
0.000000
0.000000
0.000000
1.302654
0.000000
0.000000
0.045499
0.000000
0.000000
0.000000
0.000000
0.000000
0.280840
0.000000
0.000000
0.000000
0.000000
0.000000
0.000000
0.000000
0.316075
0.000000
0.181958
0.000000
0.000000
0.000000
1.420019
0.000000
0.000000
0.674002
0.884052
0.000000
0.000000
0.000000
0.000000
0.000000
0.000000
0.000000
0.000000
0.000000
0.000000
0.000000
0.000000
0.000000
0.000000
0.000000
0.000000
0.000000
0.000000
0.000000
0.000000
0.000000
0.000000
0.000000
0.000000
0.309874
2.168125
0.447083
0.000000
0.000000
0.000000
0.000000
0.000000
0.000000
0.000000
0.000000
0.000000
0.471606
0.000000
0.000000
0.000000
2.102058
0.000000
0.000000
0.000000
0.000000
1.123607
0.000000
0.000000
0.000000
0.000000
0.000000
1.325688
0.000000
1.059590
0.000000
0.000000
0.000000
0.000000
0.000000
0.000000
0.000000
0.000000
0.000000
0.000000
1.114615
0.000000
0.000000
0.000000
2.520716
0.000000
0.000000
0.000000
0.000000
0.000000
0.000000
0.000000
2.925557
0.000000
0.000000
0.000000
0.597181
0.000000
0.000000
0.000000
0.000000
0.000000
0.000000
0.000000
6.326563
0.000000
0.000000
0.000000
0.000000
0.876927
0.000000
0.000000
0.000000
0.000000
0.000000
0.000000
0.000000
0.468371
0.000000
0.382701
0.000000
0.000000
0.141994
2.363731
0.000000
0.000000
0.000000
0.586900
0.000000
0.000000
0.000000
0.362885
0.000000
0.820401
0.000000
0.000000
0.000000
0.000000
0.158933
0.000000
0.000000
0.000000
0.000000
0.000000
0.000000
0.498554
0.000000
0.000000
0.000000
0.000000
1.451579
0.000000
0.000000
0.000000
0.690229
0.000000
0.000000
0.512421
0.000000
0.869536
1.143608
0.231440
0.000000
0.000000
0.000000
0.000000
0.000000
2.191602
4.527779
2.033795
0.000000
0.000000
0.000000
0.000000
0.000000
0.000000
0.000000
0.000000
0.861672
0.000000
0.000000
0.000000
0.496628
0.000000
0.000000
1.724585
0.000000
0.000000
0.658315
0.000000
0.000000
0.000000
0.000000
0.000000
0.894956
0.000000
0.000000
0.000000
0.000000
0.000000
1.861523
0.000000
0.000000
0.000000
0.000000
0.000000
0.000000
1.294981
0.000000
0.000000
0.000000
0.194641
0.000000
0.000000
4.903903
0.000000
0.000000
0.000000
0.282732
0.000000
0.000000
2.284561
1.799146
1.013424
0.000000
0.353412
1.895738
0.080638
2.986887
0.000000
0.440298
0.000000
0.000000
0.000000
0.000000
0.000000
1.867630
0.000000
1.907585
0.000000
0.000000
0.000000
0.000000
0.000000
0.000000
0.000000
0.000000
0.366350
0.000000
0.000000
0.000000
0.000000
0.000000
0.000000
0.000000
0.000000
0.849850
0.000000
0.000000
1.415976
0.000000
2.001389
0.000000
0.000000
0.000000
0.000000
0.000000
0.000000
0.000000
0.000000
0.894060
0.644578
0.000000
0.000000
0.000000
0.000000
0.000000
0.000000
0.000000
0.000000
0.000000
0.000000
0.000000
0.663684
0.000000
0.000000
0.000000
0.000000
0.000000
0.000000
2.823686
0.000000
0.000000
1.559957
0.000000
0.000000
0.000000
0.000000
0.331865
0.000000
2.594005
0.000000
0.000000
0.000000
0.000000
0.000000
0.870022
0.509468
0.988040
0.000000
1.707226
0.000000
3.079273
0.000000
1.232170
0.000000
0.442531
0.000000
0.811697
0.000000
0.000000
0.000000
0.724430
0.000000
0.000000
0.000000
0.000000
0.000000
0.000000
0.000000
0.000000
0.000000
0.000000
0.000000
0.000000
0.000000
0.000000
0.000000
0.000000
0.000000
0.488265
0.000000
0.000000
0.195456
0.000000
0.781148
0.501862
0.000000
0.000000
0.000000
0.000000
0.000000
0.000000
0.000000
0.000000
0.000000
0.000000
0.000000
1.071263
2.425658
0.238155
0.000000
0.028362
0.000000
0.244555
0.000000
0.000000
0.207943
0.000000
0.000000
0.560684
0.236045
0.000000
0.931858
0.229233
1.457973
0.000000
0.000000
0.000000
0.000000
0.000000
0.000000
0.000000
0.000000
0.000000
0.000000
0.000000
0.000000
0.000000
0.000000
0.000000
0.473262
0.224382
0.000000
0.000000
0.000000
0.682155
0.000000
0.000000
0.000000
1.470994
0.000000
0.000000
0.000000
1.391721
0.000000
0.779257
1.644110
0.000000
0.000000
0.000000
0.000000
0.000000
0.000000
0.000000
0.779406
0.666845
0.000000
0.849089
0.000000
2.514088
0.000000
1.756931
0.000000
0.623628
0.711251
0.000000
1.625641
0.000000
0.000000
0.000000
0.000000
0.000000
0.847168
0.000000
0.000000
0.000000
0.000000
0.000000
0.000000
0.000000
0.000000
0.000000
0.000000
0.000000
1.623498
0.000000
1.980068
0.000000
0.000000
0.000000
1.703010
0.000000
0.000000
0.000000
0.000000
0.000000
0.000000
0.000000
1.204604
1.082745
1.891437
0.000000
1.007854
1.016254
0.312926
0.000000
0.000000
0.000000
0.000000
0.000000
0.000000
0.000000
0.000000
0.620544
0.000000
0.000000
0.000000
0.000000
1.042615
2.326231
0.000000
0.000000
0.998498
0.000000
0.000000
0.000000
1.614254
0.000000
0.000000
0.000000
0.000000
0.000000
2.822646
0.000000
0.000000
0.000000
0.000000
2.000131
0.908356
0.000000
0.615336
0.000000
0.000000
1.320906
0.000000
0.000000
0.000000
0.000000
0.000000
0.000000
0.000000
0.787891
0.468599
0.000000
0.000000
0.000000
0.704099
0.000000
0.434425
0.000000
0.000000
0.571391
0.895524
0.000000
0.000000
0.000000
0.000000
2.124124
0.000000
0.000000
0.000000
0.000000
0.958787
0.000000
0.000000
0.000000
0.000000
0.000000
0.000000
0.000000
0.000000
0.691984
0.000000
0.000000
0.910547
0.000000
0.000000
0.000000
0.685480
0.000000
0.000000
0.000000
0.000000
0.000000
0.000000
0.000000
0.000000
0.000000
0.224976
1.229869
0.000000
0.000000
2.984332
0.000000
1.908368
0.000000
0.000000
0.000000
0.000000
0.000000
2.512156
0.369520
0.000000
0.000000
1.566391
0.000000
0.000000
0.000000
0.000000
0.000000
0.000000
0.000000
0.000000
0.000000
0.000000
0.474221
0.000000
2.970883
0.000000
0.000000
0.000000
0.000000
0.000000
0.000000
0.000000
0.000000
1.522205
0.000000
0.000000
1.040461
2.122872
0.000000
0.509431
0.000000
0.000000
0.000000
0.000000
0.472419
0.000000
0.000000
0.000000
0.000000
0.000000
0.000000
0.000000
0.000000
0.000000
0.179867
0.000000
0.000000
0.000000
0.000000
0.000000
0.000000
0.000000
0.000000
3.920835
0.256487
0.000000
0.000000
0.000000
0.000000
0.000000
0.000000
0.000000
0.000000
0.170513
0.180005
1.029326
0.504002
0.000000
0.000000
0.000000
2.736136
0.000000
0.802263
0.122823
0.000000
0.000000
2.350734
0.000000
1.658564
0.000000
0.000000
0.000000
0.000000
0.000000
0.000000
4.662565
0.000000
0.000000
0.000000
0.000000
0.000000
1.597280
0.954599
0.809311
0.000000
0.000000
0.000000
0.000000
0.000000
0.000000
0.000000
0.000000
0.000000
0.000000
0.000000
0.000000
0.000000
0.000000
1.170113
0.000000
2.359181
0.000000
0.000000
1.308653
0.663039
0.275324
0.000000
0.000000
0.000000
0.000000
0.000000
0.540275
0.250017
0.000000
0.000000
0.000000
0.000000
0.000000
2.228122
0.000000
0.982403
0.000000
0.000000
0.000000
0.000000
1.546079
0.000000
0.055045
0.000000
1.260519
0.000000
0.000000
1.371575
0.000000
0.000000
0.000000
0.000000
1.157224
0.242612
0.000000
0.000000
0.000000
0.000000
0.000000
0.000000
0.000000
0.000000
0.000000
0.000000
0.000000
0.000000
0.843065
0.000000
0.000000
0.000000
0.000000
0.000000
0.878335
1.219282
0.000000
0.000000
0.190796
0.000000
0.000000
0.000000
0.000000
0.000000
1.897574
0.000000
0.000000
0.000000
0.000000
0.000000
0.000000
0.000000
0.000000
0.000000
0.245164
0.000000
0.000000
0.000000
0.000000
0.000000
1.795909
0.000000
0.000000
0.000000
0.000000
0.000000
0.000000
1.337957
0.000000
0.181523
0.000000
0.000000
0.573352
0.000000
0.010887
0.000000
0.075364
0.000000
0.000000
0.000000
0.000000
1.481573
0.000000
0.000000
0.000000
0.000000
0.000000
0.000000
0.000000
0.089480
0.000000
0.000000
0.000000
0.000000
0.000000
0.000000
0.000000
0.000000
0.000000
0.000000
0.000000
0.000000
0.642234
0.000000
0.000000
0.000000
0.000000
0.000000
0.000000
0.000000
0.000000
0.000000
0.000000
3.240621
1.360425
0.000000
0.000000
1.015738
0.000000
0.196034
0.000000
0.000000
0.000000
0.000000
0.000000
0.000000
0.000000
0.000000
0.000000
0.000000
0.000000
1.046457
0.399784
3.204808
0.000000
0.000000
0.000000
0.000000
0.000000
0.000000
1.300157
0.000000
0.989523
0.000000
0.000000
0.000000
0.000000
0.000000
0.000000
0.000000
0.000000
0.000000
3.139393
0.206379
0.000000
0.000000
0.000000
0.820019
0.000000
0.000000
0.000000
0.000000
0.000000
0.000000
0.000000
0.000000
1.485132
0.000000
1.431915
0.351744
0.000000
0.000000
0.000000
0.000000
0.000000
0.000000
0.000000
0.000000
0.000000
0.000000
0.000000
0.307626
0.000000
2.252317
0.000000
0.000000
0.000000
0.000000
0.000000
0.000000
0.000000
0.000000
1.918201
0.000000
0.000000
0.000000
0.426736
0.000000
0.000000
0.000000
0.000000
0.325673
0.000000
0.521007
0.599239
0.000000
0.000000
0.000000
0.000000
0.389477
1.955439
0.000000
0.000000
0.000000
0.076034
0.000000
0.000000
0.000000
0.000000
0.000000
0.000000
0.000000
0.000000
0.000000
0.000000
0.000000
0.000000
2.593638
0.322651
0.000000
0.000000
0.000000
0.000000
0.000000
0.000000
0.000000
1.574232
0.000000
0.000000
0.000000
0.000000
0.000000
0.000000
0.000000
0.000000
0.000000
0.419768
0.000000
0.000000
0.000000
0.000000
0.000000
2.930453
0.093350
0.000000
0.000000
0.000000
0.000000
1.023933
0.000000
0.000000
0.000000
0.000000
0.000000
0.924971
0.000000
0.000000
0.819743
0.000000
0.000000
0.000000
0.000000
0.000000
0.000000
0.000000
0.000000
0.000000
0.000000
0.813748
1.452374
0.000000
0.000000
0.229065
0.000000
0.000000
0.000000
0.000000
0.000000
0.000000
0.000000
0.000000
0.000000
0.000000
0.000000
0.000000
1.025881
0.000000
0.000000
0.000000
0.000000
0.000000
0.000000
0.831696
0.000000
0.000000
0.000000
0.000000
0.987007
0.000000
0.000000
0.000000
0.000000
0.361833
0.000000
0.000000
0.000000
0.000000
0.000000
0.000000
0.000000
0.000000
1.607864
0.000000
0.000000
0.000000
0.000000
0.951835
0.000000
2.589216
0.000000
0.000000
1.976568
0.000000
0.000000
0.000000
0.000000
0.315738
0.000000
0.000000
0.000000
0.000000
0.000000
0.000000
2.158541
0.000000
0.000000
0.000000
0.000000
0.000000
0.000000
0.000000
0.000000
0.000000
1.476488
0.000000
0.207927
0.000000
0.000000
0.000000
0.000000
0.000000
0.000000
1.660099
0.000000
0.000000
1.915393
0.000000
0.000000
0.000000
0.000000
0.000000
0.000000
0.000000
0.000000
0.707752
0.000000
0.000000
0.742877
0.153415
0.000000
0.000000
0.000000
0.000000
3.902981
2.192564
0.000000
0.000000
0.000000
0.000000
0.000000
0.203227
1.492821
1.767133
0.055426
0.000000
0.000000
0.000000
0.000000
0.000000
0.000000
0.000000
0.000000
0.000000
0.000000
0.175855
0.000000
0.000000
0.077300
0.000000
0.000000
0.000000
0.000000
0.000000
0.000000
0.000000
0.000000
0.000000
0.000000
0.000000
0.000000
0.000000
0.000000
0.048235
0.000000
0.767460
0.000000
0.000000
0.000000
0.000000
0.000000
0.000000
3.068384
0.047880
1.189794
0.000000
1.247127
0.000000
0.000000
0.000000
0.000000
1.237988
1.679576
1.871153
0.000000
0.000000
0.000000
0.750278
0.000000
0.000000
0.000000
0.000000
0.000000
0.692747
0.000000
0.000000
0.000000
0.911066
0.219041
2.194334
0.000000
0.000000
0.000000
0.000000
0.000000
0.000000
0.000000
0.000000
2.035793
0.000000
0.000000
0.000000
1.565032
0.000000
0.000000
0.000000
1.996204
0.380832
0.000000
0.000000
0.000000
0.000000
0.000000
0.000000
0.000000
0.000000
0.000000
0.000000
0.000000
0.000000
0.000000
0.000000
0.000000
0.000000
0.000000
0.000000
0.000000
0.000000
0.000000
0.000000
0.000000
0.000000
0.000000
0.000000
0.000000
0.000000
0.000000
0.318264
0.000000
0.000000
0.000000
0.000000
0.000000
0.000000
0.000000
0.000000
0.000000
0.000000
0.000000
0.000000
0.000000
0.000000
0.000000
0.000000
0.000000
0.000000
0.224435
0.000000
0.000000
0.788865
0.382153
0.000000
5.221773
0.000000
0.000000
0.000000
0.000000
0.000000
0.000000
0.000000
0.000000
0.000000
0.000000
0.467524
0.000000
1.514931
0.764683
0.000000
0.000000
0.000000
0.000000
0.297790
2.516230
0.853826
0.000000
0.000000
0.000000
0.000000
0.000000
0.391704
0.000000
0.000000
0.677095
0.000000
0.000000
0.000000
3.896499
1.151392
0.000000
0.000000
0.000000
1.164213
0.319511
0.000000
0.000000
0.000000
1.645847
0.000000
0.000000
0.000000
0.000000
0.720676
0.000000
0.622878
0.000000
0.000000
0.196593
2.002265
0.000000
0.000000
1.416615
0.482275
0.000000
1.075195
0.000000
0.750783
0.000000
0.000000
0.000000
0.000000
0.000000
1.480398
0.000000
0.000000
0.000000
0.000000
0.000000
1.409732
0.000000
0.000000
0.000000
0.000000
0.000000
0.000000
0.000000
0.000000
0.000000
0.000000
0.000000
0.000000
0.000000
0.000000
0.026823
0.000000
0.000000
1.806202
0.000000
0.000000
0.000000
1.708811
0.000000
0.000000
0.000000
0.538499
0.000000
0.000000
0.000000
0.000000
0.000000
0.000000
0.000000
0.000000
0.631962
0.000000
0.000000
0.000000
0.000000
0.145573
1.843072
0.000000
0.008394
0.000000
0.000000
0.000000
1.161616
1.568720
0.000000
0.000000
0.000000
0.732571
0.000000
0.000000
0.000000
0.000000
0.000000
0.000000
0.000000
0.000000
0.000000
1.122192
0.180947
0.513915
1.565492
0.000000
0.000000
0.000000
0.000000
0.000000
0.000000
0.199373
0.000000
0.000000
0.000000
0.000000
0.000000
0.000000
0.000000
0.876189
0.000000
2.488422
0.000000
0.000000
0.000000
0.193555
0.000000
0.000000
3.211730
0.834165
0.000000
1.792043
0.000000
0.000000
0.000000
0.000000
0.000000
0.339380
0.000000
0.000000
0.000000
0.000000
0.000000
0.000000
0.000000
0.000000
0.000000
0.000000
0.000000
0.000000
0.000000
0.791865
0.000000
0.144767
0.000000
0.000000
0.000000
0.000000
0.000000
0.000000
0.000000
1.348772
0.000000
0.000000
0.918245
0.000000
0.000000
0.000000
0.000000
0.000000
0.000000
0.000000
0.000000
1.615635
0.000000
1.389982
0.151826
0.431592
0.000000
1.288889
0.000000
0.397820
0.780760
0.000000
0.000000
0.000000
0.000000
0.000000
1.764404
2.307279
0.000000
0.000000
0.000000
0.000000
0.839401
0.000000
0.000000
0.000000
0.000000
0.112998
0.000000
0.000000
0.000000
0.000000
0.330675
0.000000
1.088429
0.000000
0.000000
0.000000
0.000000
1.712951
0.000000
0.000000
1.545253
0.184703
0.000000
0.000000
0.000000
0.000000
0.000000
0.000000
2.336825
0.000000
0.000000
0.000000
1.208531
0.000000
0.000000
0.000000
0.000000
0.000000
0.000000
0.918367
0.000000
0.000000
0.000000
0.000000
0.000000
0.083372
1.331977
0.000000
0.228328
0.001367
0.000000
0.000000
0.000000
0.000000
0.000000
0.000000
0.000000
0.000000
0.000000
0.000000
0.000000
0.000000
0.510017
1.764587
0.000000
0.000000
0.375548
0.418155
0.745773
0.000000
0.000000
0.000000
0.000000
0.000000
0.939694
0.000000
0.000000
0.000000
0.000000
0.000000
0.000000
3.284990
0.000000
0.000000
0.000000
0.000000
0.000000
0.000000
0.000000
0.000000
0.000000
0.000000
0.000000
2.008496
0.000000
0.000000
0.000000
0.000000
0.000000
0.000000
0.000000
0.000000
1.747939
0.000000
0.000000
0.000000
0.000000
0.000000
0.000000
0.000000
0.000000
0.000000
0.000000
0.000000
1.328621
0.000000
0.000000
0.998815
0.991542
0.000000
0.000000
0.000000
1.038248
0.000000
0.182416
0.000000
0.000000
0.264821
0.000000
0.000000
0.000000
0.000000
0.000000
0.000000
0.000000
0.000000
0.140704
0.288611
0.000000
0.000000
0.000000
0.000000
0.000000
0.000000
0.000000
0.000000
0.000000
0.000000
0.000000
0.000000
0.000000
1.298495
0.000000
0.000000
0.000000
0.000000
0.000000
0.000000
0.000000
0.000000
1.312886
0.000000
0.000000
0.000000
0.000000
0.000000
0.621347
0.000000
1.134301
0.000000
0.000000
0.000000
0.000000
0.000000
0.000000
0.000000
0.000000
0.000000
0.000000
0.000000
3.220505
1.164431
0.000000
0.000000
0.000000
0.000000
0.000000
0.000000
0.000000
0.000000
0.000000
0.000000
0.000000
0.000000
0.000000
0.000000
0.000000
0.918988
0.487735
0.000000
1.895894
0.815018
0.326302
0.000000
0.000000
0.000000
0.000000
0.000000
0.000000
0.000000
0.019562
0.000000
0.894379
0.000000
0.100046
0.329488
0.000000
0.000000
0.000000
0.000000
0.000000
0.510476
0.000000
0.103904
0.000000
0.000000
0.000000
0.000000
0.441726
1.935510
0.000000
0.000000
0.000000
0.000000
0.000000
0.000000
0.000000
0.000000
0.000000
0.000000
0.432693
0.000000
0.000000
0.000000
0.000000
0.000000
0.000000
0.000000
0.000000
0.000000
0.000000
0.000000
0.000000
0.000000
0.000000
0.000000
0.000000
0.000000
3.024560
0.000000
0.000000
0.161714
0.000000
0.000000
0.000000
1.307625
0.000000
0.000000
0.000000
0.000000
0.000000
1.179502
1.346201
0.000000
0.000000
0.000000
0.000000
1.182619
0.000000
0.527891
0.000000
0.000000
0.000000
0.000000
0.000000
0.000000
0.000000
0.000000
0.000000
0.000000
0.000000
0.000000
0.000000
0.000000
0.000000
0.000000
0.000000
0.000000
0.000000
0.000000
0.000000
0.000000
0.000000
0.000000
0.000000
0.000000
0.000000
0.000000
0.000000
0.000000
0.000000
0.000000
0.000000
0.000000
0.000000
0.726516
0.643037
1.362014
0.000000
0.000000
0.000000
0.000000
0.000000
0.288070
0.000000
0.000000
0.000000
1.693826
0.000000
0.000000
0.000000
0.000000
0.000000
0.000000
0.000000
1.077673
0.000000
0.000000
0.000000
