0.776494
1.911258
0.000000
0.000000
0.000000
0.000000
0.000000
0.204165
0.000000
0.000000
0.000000
1.753286
0.259623
0.000000
0.000000
0.000000
2.080198
0.000000
0.000000
0.000000
0.000000
0.000000
0.000000
0.896462
0.000000
2.017303
1.042673
0.000000
0.000000
0.000000
1.229509
3.031486
0.000000
0.002802
0.000000
2.043324
0.000000
1.211569
0.000000
0.000000
0.000000
0.000000
0.000000
0.000000
0.000000
0.697877
1.518422
1.684312
0.000000
0.814970
0.000000
0.000000
0.000000
0.000000
0.000000
0.000000
0.000000
0.553851
1.481153
0.000000
0.000000
0.654351
0.000000
0.000000
0.000000
0.000000
0.870449
2.689463
0.937475
0.000000
0.000000
0.000000
0.000000
0.000000
0.018642
0.000000
0.000000
0.000000
1.141746
1.285945
0.000000
0.000000
0.000000
0.000000
0.132407
0.910750
0.000000
0.247361
0.000000
0.654839
1.397149
0.094463
0.000000
0.000000
0.000000
0.000000
0.000000
0.000000
0.000000
0.348189
1.127855
0.000000
0.000000
0.537840
0.000000
0.966999
0.000000
0.377250
0.000000
0.000000
0.790324
0.000000
0.000000
0.000000
0.000000
0.472333
1.785205
0.000000
0.545827
0.000000
0.670945
0.000000
1.017173
0.000000
0.000000
0.000000
0.000000
0.570777
0.000000
0.277104
0.000000
0.000000
0.000000
0.394610
0.587947
0.000000
0.000000
0.000000
0.000000
0.000000
0.000000
0.000000
0.000000
0.000000
0.817850
0.000000
0.000000
1.496644
0.000000
0.000000
0.000000
0.000000
0.000000
0.000000
0.000000
0.000000
0.538423
0.209829
0.000000
0.000000
0.000000
0.000000
0.000000
0.000000
2.833071
0.000000
1.034218
0.000000
0.000000
0.187853
2.272382
0.000000
0.000000
0.000000
0.754673
0.385900
0.000000
0.919653
0.000000
0.000000
0.000000
0.000000
0.000000
0.894896
0.000000
0.000000
0.211372
0.000000
0.000000
0.000000
0.000000
0.000000
0.000000
0.000000
0.000000
1.161583
0.000000
0.000000
0.000000
0.000000
0.000000
0.000000
0.912229
0.000000
0.000000
0.000000
0.000000
0.272116
0.000000
0.000000
0.000000
0.000000
0.000000
3.056171
0.000000
0.934116
0.000000
0.000000
0.000000
0.949363
0.000000
1.925880
0.904665
0.000000
0.000000
0.000000
0.000000
0.613428
0.987761
0.000000
0.000000
2.854475
0.687940
0.000000
0.000000
0.000000
0.000000
0.000000
0.000000
0.000000
0.000000
0.000000
0.000000
0.000000
0.044806
0.453383
0.000000
0.000000
0.628270
0.000000
0.000000
0.000000
0.000000
0.000000
0.231144
0.383109
0.000000
0.000000
0.000000
0.000000
1.803837
0.000000
0.000000
0.000000
0.000000
0.080126
0.000000
0.000000
0.000000
0.000000
0.819915
0.000000
0.000000
0.000000
0.000000
0.482113
0.000000
0.000000
0.253664
0.000000
0.000000
0.000000
0.000000
1.940942
0.000000
0.324130
0.000000
0.000000
0.000000
0.227988
0.000000
0.000000
0.000000
0.000000
0.000000
0.000000
0.000000
1.140173
0.000000
1.158875
0.000000
4.004856
0.000000
0.000000
0.000000
0.293110
0.206980
0.000000
0.000000
1.923766
0.000000
0.000000
1.038520
0.842483
0.733094
0.398418
0.000000
2.569510
1.393442
0.000000
0.000000
0.000000
0.000000
0.000000
0.000000
0.000000
0.000000
0.000000
0.000000
0.763059
0.000000
2.385599
0.000000
0.000000
0.000000
0.018596
0.000000
0.000000
0.000000
0.147061
1.093392
0.000000
0.000000
0.000000
0.000000
0.000000
0.000000
0.000000
0.000000
1.597748
2.311937
0.000000
0.000000
0.000000
0.000000
0.000000
0.000000
0.000000
0.192155
0.000000
0.000000
0.000000
0.000000
0.000000
0.000000
1.090868
0.855298
0.000000
0.000000
0.000000
0.000000
0.000000
0.000000
0.000000
0.000000
0.000000
0.756330
0.000000
0.000000
0.000000
0.000000
0.000000
0.000000
0.000000
0.000000
0.838538
0.000000
1.839120
0.000000
0.000000
0.000000
1.084958
0.110561
0.384236
0.000000
0.000000
0.000000
0.000000
0.000000
0.000000
0.000000
0.000000
0.000000
0.722228
0.000000
0.000000
0.185473
0.000000
0.000000
1.131444
0.000000
0.000000
0.000000
0.000000
0.000000
0.000000
0.000000
0.000000
0.000000
0.000000
0.000000
0.000000
0.000000
0.000000
0.927323
0.481227
0.000000
0.000000
0.000000
0.932627
0.475986
0.000000
0.000000
0.000000
0.000000
0.097608
0.000000
0.388061
0.000000
0.868637
0.000000
0.265239
2.438001
0.000000
0.160772
0.000000
0.000000
0.000000
0.000000
0.000000
1.130945
0.000000
0.505197
0.000000
0.000000
0.000000
0.000000
0.000000
0.000000
0.000000
0.000000
1.782423
0.000000
0.000000
0.000000
0.000000
0.000000
0.000000
1.622765
0.000000
0.270246
0.000000
0.000000
0.022258
0.893305
0.000000
0.000000
0.000000
0.000000
1.635596
0.000000
0.000000
0.573629
0.000000
0.056722
0.000000
0.000000
0.000000
0.000000
0.000000
0.000000
0.000000
0.000000
0.000000
0.000000
0.000000
1.131117
0.272471
0.308562
0.000000
0.000000
1.292410
0.410637
0.000000
0.000000
0.656724
1.875487
0.000000
0.000000
0.000000
0.000000
0.858480
0.000000
0.000000
0.000000
0.000000
0.000000
0.000000
0.000000
0.000000
0.000000
0.000000
0.000000
0.000000
0.000000
0.000000
0.110990
0.454546
2.146627
0.000000
0.000000
0.805941
0.000000
0.853149
0.990220
0.000000
0.000000
1.313770
0.827495
0.000000
0.000000
0.462100
0.988739
0.000000
0.000000
0.000000
0.265807
0.000000
0.000000
0.000000
0.000000
0.000000
0.000000
0.000000
0.000000
0.973951
0.000000
0.000000
0.000000
0.000000
0.000000
0.000000
0.000000
0.125265
0.000000
0.000000
0.000000
1.034100
0.000000
0.000000
0.000000
0.000000
0.276393
1.498156
0.223448
0.000000
0.417840
0.000000
0.805838
0.000000
0.000000
0.000000
0.000000
0.000000
0.000000
0.027542
0.000000
0.723306
0.000000
0.345664
0.000000
0.000000
0.000000
0.000000
0.000000
0.701555
0.000000
0.000000
0.000000
0.000000
0.000000
0.000000
0.000000
0.000000
0.000000
0.000000
0.000000
0.000000
0.000000
0.000000
0.000000
0.000000
0.000000
0.000000
0.000000
0.000000
0.000000
0.000000
0.000000
0.000000
0.000000
0.000000
0.000000
0.000000
0.000000
0.103495
0.000000
0.371791
0.000000
0.071191
0.512924
0.000000
0.000000
0.000000
0.197590
0.332078
0.000000
0.937325
0.000000
0.000000
0.000000
0.000000
0.000000
0.000000
0.000000
0.000000
0.000000
1.517531
0.000000
0.000000
1.926844
0.000000
0.000000
0.000000
0.000000
0.000000
0.000000
0.000000
0.000000
0.000000
0.000000
0.000000
0.571176
0.000000
0.000000
0.000000
0.000000
0.000000
0.000000
0.000000
0.000000
1.085631
0.153333
0.000000
0.000000
2.045839
0.000000
0.000000
0.000000
0.000000
0.000000
0.165943
0.720366
0.000000
0.183676
0.000000
0.000000
0.041179
0.274330
0.149849
0.000000
0.613700
0.177804
0.734213
0.000000
0.000000
0.000000
0.000000
0.000000
0.358017
0.000000
0.005665
0.000000
0.213363
0.786660
0.000000
0.000000
0.368856
0.000000
0.000000
0.000000
1.663814
0.000000
1.167013
0.384002
0.000000
0.000000
0.000000
0.000000
0.000000
0.000000
0.000000
1.100914
0.000000
0.000000
0.000000
0.000000
0.019703
0.478199
1.936603
0.000000
0.860320
0.000000
0.000000
0.000000
0.000000
0.000000
0.887507
0.000000
0.095803
0.000000
0.492204
0.000000
0.000000
0.000000
0.000000
0.198905
0.627755
0.000000
0.000000
0.828357
0.000000
0.000000
1.446133
0.000000
0.000000
0.000000
0.000000
0.000000
0.000000
0.000000
1.114827
1.315743
1.075083
0.000000
0.000000
0.000000
0.000000
0.000000
1.337711
0.684878
0.000000
0.000000
0.000000
0.977384
0.000000
0.000000
0.000000
0.000000
0.000000
0.000000
0.000000
0.696379
0.000000
0.000000
0.000000
2.947102
0.000000
0.000000
0.000000
0.000000
2.158719
0.000000
0.000000
0.000000
0.000000
0.000000
0.000000
0.000000
0.000000
0.000000
0.000000
0.000000
1.400920
0.000000
0.000000
0.000000
0.000000
0.000000
0.000000
0.000000
0.000000
0.000000
0.000000
1.873972
0.000000
0.000000
0.000000
0.000000
0.000000
0.000000
0.788043
0.000000
0.000000
0.000000
0.000000
0.000000
0.000000
0.000000
0.000000
0.000000
0.000000
1.497024
0.000000
0.000000
1.431199
0.000000
1.931267
0.000000
0.000000
0.000000
0.000000
0.751358
0.000000
0.774719
0.000000
0.000000
0.000000
0.000000
1.449806
0.000000
0.382846
0.000000
0.000000
1.241252
0.000000
0.000000
0.000000
0.000000
0.000000
0.015870
0.000000
0.269223
0.000000
0.000000
0.070269
1.228339
0.000000
0.126568
0.000000
0.000000
0.849413
1.383039
0.000000
0.000000
0.000000
0.000000
0.000000
0.000000
0.117566
0.074140
1.652583
0.123009
0.000000
0.000000
0.458122
0.000000
2.554533
0.000000
0.000000
0.147064
0.000000
0.000000
0.000000
0.000000
2.364723
0.801629
0.000000
0.000000
0.000000
0.374233
0.000000
0.382396
0.145569
0.000000
0.000000
1.199935
0.000000
1.086892
0.000000
0.000000
0.170287
2.107116
0.000000
0.000000
0.000000
0.000000
0.000000
0.000000
0.000000
0.000000
0.000000
0.000000
0.368045
0.000000
0.154746
0.000000
0.000000
0.000000
0.555177
0.245236
0.431108
0.000000
1.455858
0.273557
0.000000
2.344248
0.000000
0.000000
0.000000
0.000000
0.585356
0.000000
0.000000
0.000000
0.000000
0.000000
0.000000
0.000000
0.000000
0.000000
1.332902
0.876064
0.000000
0.000000
0.000000
0.000000
0.000000
0.000000
0.000000
0.000000
0.725419
0.000000
0.801415
0.000000
0.000000
0.000000
0.000000
0.306922
2.350287
0.000000
0.000000
0.000000
0.546226
2.035903
0.000000
0.000000
0.000000
0.000000
0.000000
0.132407
0.000000
0.706615
0.735820
0.000000
0.000000
0.000000
0.151988
0.851721
0.000000
0.000000
0.000000
0.000000
0.000000
0.000000
0.000000
0.000000
0.000000
0.000000
0.000000
0.000000
0.000000
0.000000
0.000000
0.000000
0.000000
0.612894
0.000000
0.000000
0.000000
0.264831
0.000000
1.335138
0.000000
0.578985
0.289894
0.000000
0.000000
0.000000
0.627769
0.000000
0.000000
0.000000
0.000000
0.000000
0.000000
0.000000
0.498328
0.000000
0.869176
0.000000
0.855724
0.425389
0.000000
0.964541
1.504750
0.306013
0.000000
0.000000
0.000000
0.000000
0.000000
0.111917
0.163450
0.000000
0.100761
0.000000
0.000000
0.000000
0.000000
0.000000
0.000000
0.000000
0.000000
0.000000
0.000000
2.405987
0.000000
1.201571
0.000000
1.518886
0.000000
0.000000
0.000000
0.000000
0.000000
0.000000
1.649162
0.000000
0.242401
0.000000
0.000000
0.000000
0.642029
0.304029
0.552406
0.000000
0.000000
0.000000
0.000000
0.000000
0.193190
0.000000
0.000000
0.934474
0.000000
1.174799
0.000000
0.000000
0.000000
0.000000
0.000000
0.000000
0.000000
0.000000
1.221438
1.521990
0.000000
0.000000
0.000000
0.757905
0.000000
0.000000
0.000000
0.000000
0.000000
0.000000
0.000000
0.000000
0.051136
0.000000
0.000000
0.000000
0.000000
0.000000
0.000000
0.074904
0.000000
0.000000
0.000000
0.380795
0.000000
0.000000
0.183889
0.000000
0.000000
0.133089
0.600320
0.000000
0.000000
0.000000
0.000000
0.000000
0.000000
0.000000
0.000000
0.138163
0.000000
0.000000
0.000000
0.000000
0.000000
0.000000
0.063039
0.391602
0.000000
0.699580
0.000000
0.000000
0.000000
0.000000
0.000000
0.354146
0.000000
0.000000
0.000000
0.000000
0.000000
0.000000
0.000000
0.000000
0.000000
0.000000
0.000000
0.000000
0.000000
0.000000
0.000000
0.000000
0.448268
0.000000
0.000000
0.000000
0.000000
0.000000
0.000000
0.000000
0.598427
0.000000
0.858527
0.000000
0.000000
0.000000
0.000000
1.470330
0.000000
0.000000
0.000000
1.090744
0.000000
0.422957
0.000000
0.000000
0.000000
0.000000
0.000000
0.126011
0.000000
0.000000
0.000000
0.403244
0.000000
1.632082
1.418477
0.000000
0.000000
0.000000
0.000000
0.000000
0.000000
0.552447
0.238788
0.000000
3.475286
0.000000
0.000000
0.000000
0.000000
0.552183
0.000000
1.718432
0.000000
0.000000
0.000000
0.000000
0.000000
0.000000
0.000000
0.000000
0.000000
1.373369
0.000000
0.000000
0.000000
0.000000
0.000000
0.064999
0.000000
0.000000
0.000000
0.000000
0.838892
0.000000
0.000000
0.000000
0.000000
0.000000
0.000000
0.000000
0.000000
0.000000
0.000000
0.235861
0.646999
0.290287
0.251816
0.820460
0.000000
4.562922
0.000000
0.000000
0.000000
0.000000
0.000000
1.042170
0.000000
0.000000
0.000000
0.000000
0.000000
0.000000
0.000000
0.000000
0.000000
0.000000
0.000000
0.665711
0.000000
0.000000
2.658948
0.000000
0.000000
0.000000
0.000000
1.435328
0.000000
0.000000
0.000000
0.000000
2.047462
0.000000
0.000000
0.000000
0.000000
0.000000
0.000000
0.000000
0.000000
0.000000
1.418209
0.294790
0.000000
0.448826
0.000000
0.000000
0.000000
0.000000
0.000000
0.000000
0.000000
0.000000
0.000000
1.385641
0.779037
0.075049
0.390208
0.000000
0.000000
0.000000
0.463468
1.949423
0.043948
1.150155
0.000000
0.205187
0.171853
0.000000
0.000000
0.000000
0.000000
0.000000
0.962933
0.000000
0.000000
1.849671
0.000000
0.000000
0.000000
0.000000
0.278587
0.000000
0.000000
0.000000
0.028906
0.000000
0.000000
0.000000
0.000000
0.124674
0.000000
0.000000
0.000000
0.000000
0.000000
0.000000
0.000000
0.000000
0.000000
0.000000
0.000000
0.219451
0.000000
0.000000
0.000000
0.000000
0.000000
0.017084
0.000000
0.000000
0.888336
0.000000
1.879770
0.000000
0.000000
1.161945
0.000000
0.000000
0.000000
1.146278
0.000000
0.353734
0.000000
0.000000
0.882748
0.000000
0.000000
0.000000
0.000000
0.000000
0.000000
0.000000
0.113615
0.000000
0.000000
0.000000
0.000000
0.000000
0.229367
0.677263
0.000000
0.000000
0.000000
1.483824
0.000000
1.387637
0.000000
0.000000
0.000000
0.000000
0.000000
0.000000
0.202067
0.106157
0.000000
0.000000
0.000000
0.000000
0.000000
0.454520
1.297772
0.000000
0.000000
0.271954
0.000000
0.000000
0.533602
0.000000
0.356351
2.020806
0.000000
0.000000
0.000000
0.000000
0.000000
0.000000
0.000000
0.000000
0.000000
0.000000
0.000000
0.000000
0.000000
0.000000
0.000000
0.000000
0.000000
0.000000
0.000000
0.000000
0.726089
0.000000
0.000000
0.000000
0.000000
0.000000
0.000000
0.610690
1.969237
0.000000
0.325388
0.000000
0.153274
1.136250
0.000000
0.000000
0.824844
0.737546
0.000000
0.000000
0.000000
0.000000
0.000000
1.422069
0.516061
0.000000
0.251379
0.186947
0.000000
0.000000
0.000000
0.000000
0.310312
0.229790
0.000000
0.000000
0.000000
0.000000
0.000000
0.000000
0.000000
0.000000
0.000000
0.000000
0.000000
0.030805
0.000000
0.000000
0.000000
0.750213
0.000000
0.000000
0.000000
0.000000
1.288835
0.000000
0.000000
0.000000
0.000000
0.000000
0.000000
0.000000
1.701946
0.000000
0.000000
1.354213
0.085481
0.924164
0.680458
0.000000
0.000000
0.000000
0.521384
0.000000
1.928734
0.655373
0.000000
0.000000
0.000000
0.000000
0.000000
0.000000
1.853883
0.000000
0.000000
2.065602
0.208741
0.000000
0.324657
0.000000
0.000000
0.000000
0.592573
0.369821
0.000000
0.000000
0.289383
0.000000
0.000000
0.000000
0.000000
0.000000
0.537979
0.000000
0.000000
0.405631
0.175950
0.520039
0.000000
0.000000
0.516515
0.000000
0.000000
0.581966
0.000000
1.141961
0.000000
0.000000
0.000000
0.000000
0.655425
0.000000
0.000000
1.548620
0.212545
0.000000
0.000000
0.000000
0.000000
0.000000
0.000000
3.362371
2.073758
0.000000
0.000000
0.000000
0.000000
0.000000
0.000000
0.000000
3.549342
0.000000
0.246332
0.000000
0.000000
0.000000
0.000000
0.000000
0.000000
0.000000
0.000000
0.000000
0.000000
0.000000
0.000000
0.000000
0.594127
0.000000
0.000000
0.000000
2.185378
0.000000
2.509520
0.000000
0.000000
0.000000
0.435278
0.000000
0.446693
0.000000
0.000000
0.000000
0.000000
0.000000
0.000000
0.000000
0.000000
0.000000
0.000000
0.000000
0.077383
0.000000
0.000000
1.008907
0.000000
0.000000
0.000000
0.000000
0.000000
0.000000
2.508837
0.000000
0.581287
1.024973
0.000000
0.000000
0.000000
0.000000
0.084554
0.000000
0.000000
0.000000
0.576349
1.948677
0.000000
0.000000
0.000000
0.000000
0.000000
0.000000
2.513665
0.000000
0.000000
0.000000
0.000000
0.533020
0.000000
0.000000
0.000000
0.000000
0.000000
0.000000
0.000000
0.000000
0.000000
1.375052
0.417201
0.122648
1.660944
0.000000
0.000000
0.000000
0.377464
0.000000
0.000000
1.432294
0.000000
0.000000
1.212470
0.606519
0.000000
0.000000
0.556614
0.000000
0.000000
0.000000
0.000000
0.000000
0.000000
0.000000
0.000000
0.197518
0.000000
0.000000
0.291232
0.000000
0.000000
0.000000
0.000000
0.138491
0.000000
0.000000
0.000000
0.147693
0.000000
1.024458
0.000000
0.895000
1.558567
0.429298
0.000000
0.000000
0.000000
0.000000
0.000000
0.000000
0.000000
0.000000
0.000000
0.000000
0.000000
0.000000
0.000000
0.000000
0.000000
0.000000
0.789912
0.000000
0.000000
0.000000
0.000000
0.000000
0.000000
0.000000
0.000000
0.000000
0.000000
0.000000
0.448451
0.000000
0.000000
0.000000
0.000000
0.000000
0.000000
0.000000
0.000000
0.000000
0.000000
0.000000
0.000000
0.000000
1.125561
0.403768
0.166860
0.000000
0.030832
0.000000
0.000000
0.198872
0.000000
0.000000
0.000000
0.955907
0.000000
0.000000
0.000000
1.482666
0.620344
0.000000
0.000000
0.000000
0.288254
0.000000
0.288644
0.719632
0.786712
1.301390
0.000000
0.204276
0.000000
0.000000
0.000000
0.000000
0.000000
0.559345
0.000000
0.601203
0.000000
0.000000
0.000000
0.252760
0.000000
0.000000
0.000000
0.000000
1.396284
0.000000
0.471893
0.000000
0.318085
0.000000
0.000000
0.000000
0.147473
0.460619
1.889798
0.982427
1.311201
0.000000
0.413564
0.000000
0.000000
0.995699
0.000000
0.722243
0.000000
0.000000
1.595185
0.000000
0.000000
0.000000
0.000000
0.000000
0.000000
0.000000
0.000000
0.000000
0.000000
2.410531
0.000000
0.000000
1.946167
0.000000
0.000000
1.597903
1.265923
0.225550
0.000000
0.863499
0.000000
0.000000
0.000000
0.000000
1.853379
0.000000
0.000000
0.000000
2.299827
0.000000
0.000000
0.000000
0.000000
0.000000
0.000000
0.000000
0.000000
0.000000
0.028475
0.000000
0.000000
3.565631
0.552046
0.000000
0.294790
0.000000
0.000000
0.000000
1.042034
0.000000
0.000000
0.000000
0.000000
0.231683
0.000000
0.000000
0.000000
0.272399
0.000000
0.000000
0.000000
0.411704
0.000000
0.829025
0.000000
0.594501
0.077160
0.000000
0.000000
0.000000
0.000000
0.000000
0.000000
0.000000
0.000000
0.031547
0.000000
0.000000
0.000000
1.879307
0.000000
0.000000
0.000000
0.050788
0.525955
0.764189
0.086212
0.000000
0.000000
0.000000
0.000000
0.000000
0.000000
0.000000
0.000000
0.286644
0.979353
0.000000
0.000000
0.000000
0.000000
0.115383
0.000000
0.000000
0.000000
0.000000
0.000000
0.000000
0.000000
0.000000
0.000000
0.357147
0.000000
0.000000
0.000000
0.000000
0.000000
0.000000
0.000000
2.323310
0.000000
0.000000
0.085629
1.597727
0.000000
0.000000
0.000000
0.000000
0.376620
0.000000
0.000000
2.534263
0.000000
0.000000
0.000000
0.000000
0.000000
0.034044
0.000000
0.000000
0.000000
0.000000
0.000000
0.074857
0.000000
0.473121
0.000000
0.000000
0.000000
0.180685
0.000000
0.000000
1.023057
0.261208
0.874001
0.927528
0.565131
0.000000
0.899731
0.000000
0.000000
0.531982
0.000000
0.360442
0.000000
0.000000
0.000000
0.000000
0.000000
0.000000
0.000000
0.000000
0.000000
0.000000
0.266642
0.000000
0.000000
0.188290
0.000000
0.861300
0.000000
0.000000
0.410108
0.000000
0.000000
0.000000
0.351677
0.000000
0.000000
0.000000
0.020460
0.000000
0.000000
0.767226
0.477147
0.000000
0.000000
0.000000
0.000000
0.444829
0.000000
0.125157
0.181383
0.000000
0.670294
0.774555
0.000000
0.578440
0.000000
0.000000
0.698728
0.266535
0.000000
1.285005
0.000000
3.381323
0.000000
0.000000
0.000000
0.000000
0.000000
0.000000
2.280109
0.775347
0.000000
0.000000
0.000000
0.000000
0.000000
0.000000
0.000000
0.000000
0.000000
0.000000
1.887119
0.196270
0.000000
0.705721
2.176602
0.000000
0.000000
0.000000
0.000000
0.000000
0.000000
0.244069
0.000000
0.000000
0.000000
0.000000
0.000000
0.000000
1.501921
0.000000
0.000000
0.000000
1.626687
0.000000
0.000000
0.000000
0.178516
0.000000
0.000000
0.000000
0.402430
0.000000
0.814205
0.000000
0.000000
0.778882
0.000000
0.000000
0.032758
0.000000
0.000000
0.467957
0.000000
0.000000
0.000000
0.000000
0.126576
0.000000
0.739136
0.000000
2.046664
0.000000
0.474361
1.611503
0.000000
0.000000
0.259684
0.000000
0.000000
0.709056
0.000000
0.467373
0.000000
0.000000
0.000000
0.470968
0.000000
0.341981
0.000000
0.524499
0.000000
0.000000
2.294026
0.155226
0.000000
3.364699
0.333338
0.000000
0.194273
0.878857
0.000000
0.000000
0.000000
0.000000
0.000000
0.000000
0.000000
0.236109
0.000000
0.000000
0.000000
0.000000
0.355462
0.000000
0.261947
0.000000
1.208892
0.000000
0.000000
0.000000
0.000000
0.000000
0.000000
0.000000
0.000000
0.085891
0.000000
0.546275
0.000000
0.000000
0.000000
0.000000
0.000000
0.491514
0.081888
0.000000
0.532933
0.000000
0.000000
0.000000
0.331867
0.000000
0.000000
0.000000
0.000000
0.000000
0.000000
0.946831
0.000000
0.000000
0.000000
0.000000
0.000000
1.740323
0.000000
0.000000
0.148344
0.000000
0.000000
1.660836
0.000000
0.000000
0.055379
0.000000
0.335352
0.000000
0.000000
0.000000
0.000000
0.000000
0.000000
0.000000
0.000000
0.000000
0.000000
0.000000
0.000000
0.000000
0.450340
0.000000
0.000000
1.321024
0.000000
1.320465
0.000000
0.757108
0.751844
0.000000
0.000000
0.000000
0.000000
0.000000
0.000000
0.000000
0.000000
0.000000
0.000000
0.022077
0.000000
0.000000
0.000000
1.646215
0.000000
0.000000
0.000000
0.000000
0.144135
0.000000
0.000000
0.000000
0.000000
1.350543
0.056424
1.413665
0.000000
0.000000
0.000000
0.000000
0.000000
0.000000
0.000000
1.382999
0.043796
0.000000
0.000000
0.000000
0.000000
0.000000
0.000000
0.000000
0.000000
0.000000
0.000000
0.000000
1.871858
0.079753
0.000000
0.000000
0.000000
0.000000
0.003736
0.000000
0.025713
0.000000
0.000000
0.216762
0.000000
0.000000
0.000000
1.562325
0.000000
0.000000
0.000000
0.000000
0.000000
0.000000
0.000000
0.000000
0.650516
0.000000
0.000000
0.000000
0.000000
0.000000
0.381653
1.459058
0.529381
0.000000
0.000000
1.836563
0.000000
0.153455
0.000000
0.325451
0.000000
0.000000
1.654096
0.000000
0.000000
0.000000
0.433576
0.000000
0.000000
0.000000
0.000000
0.000000
0.000000
0.000000
0.000000
1.179109
0.000000
0.000000
0.000000
0.000000
0.000000
0.000000
0.000000
0.000000
0.000000
0.000000
0.000000
0.000000
0.000000
0.000000
0.000000
1.007938
0.000000
0.073727
0.273446
0.000000
1.416571
0.000000
0.000000
0.000000
0.826804
0.000000
0.000000
0.000000
0.000000
0.000000
0.321166
0.000000
3.420802
0.000000
0.000000
0.372274
0.000000
0.000000
0.000000
0.000000
0.766606
1.264694
0.000000
0.000000
0.000000
0.014507
0.000000
2.382436
0.000000
0.327985
0.000000
0.000000
0.166256
0.050905
0.000000
0.000000
0.000000
0.000000
2.558113
0.000000
0.450854
0.000000
0.634467
1.456905
0.613973
0.000000
0.000000
0.000000
0.000000
0.000000
0.000000
0.000000
0.394177
0.000000
0.000000
0.803140
0.000000
0.000000
0.000000
0.000000
0.000000
0.071753
0.000000
0.000000
0.000000
0.149325
0.000000
0.000000
0.469275
0.242483
0.000000
2.937092
1.199463
0.244621
0.953667
1.449194
0.000000
0.618458
0.000000
0.000000
0.000000
0.000000
1.124153
0.000000
1.035131
1.764179
0.000000
0.000000
1.665409
0.740174
0.078942
0.220540
0.581108
0.000000
0.000000
0.000000
0.000000
0.000000
0.000000
0.000000
0.000000
0.000000
0.000000
0.000000
0.758257
0.344591
0.101528
0.000000
0.000000
0.000000
0.000000
0.000000
0.000000
0.000000
0.000000
0.000000
0.000000
0.000000
0.040262
0.000000
0.000000
0.000000
2.484851
0.000000
0.000000
0.000000
0.895043
0.000000
0.333559
0.000000
1.357224
0.631735
0.000000
1.619688
0.000000
0.000000
0.318829
0.000000
0.296273
0.438658
0.000000
0.000000
0.000000
0.000000
0.000000
0.000000
1.396293
0.755976
0.000000
0.000000
1.059891
0.000000
0.000000
0.000000
0.000000
0.000000
0.154185
0.000000
3.248008
0.464395
0.000000
0.000000
0.000000
1.280113
0.000000
0.207669
0.000000
0.000000
0.101055
1.001734
0.132827
1.414232
0.000000
0.000000
0.000000
0.000000
0.000000
0.042324
1.411653
0.940216
0.000000
0.000000
1.483276
1.372246
0.000000
0.790404
0.000000
1.188254
0.000000
0.667136
0.824682
0.000000
0.346774
0.084827
0.000000
0.000000
0.000000
2.414367
0.000000
0.000000
0.000000
0.000000
0.000000
0.000000
0.000000
0.000000
2.181973
0.000000
2.197659
0.000000
0.000000
0.000000
0.000000
0.000000
0.000000
0.000000
1.472866
0.000000
0.000000
1.582050
0.000000
0.000000
0.000000
0.000000
0.000000
0.000000
2.093384
0.000000
0.000000
0.000000
0.082293
0.922244
0.000000
0.485861
0.000000
0.000000
0.000000
0.764284
0.000000
0.703346
0.000000
0.000000
0.000000
0.000000
0.000000
0.000000
0.005622
0.000000
0.000000
0.000000
0.000000
0.000000
0.000000
0.199940
0.814704
0.850184
1.093792
0.000000
0.000000
0.000000
0.000000
0.000000
0.522911
0.000000
0.000000
0.427698
0.000000
1.035970
0.041905
0.000000
0.000000
0.146697
0.000000
0.000000
0.000000
0.000000
0.000000
0.000000
1.491272
1.713479
0.000000
0.000000
0.000000
0.000000
0.816950
0.000000
0.519660
0.000000
0.000000
0.000000
0.000000
0.000000
0.058162
0.000000
0.000000
0.000000
0.000000
0.000000
0.757222
0.000000
0.000000
0.647265
1.337335
3.192756
0.000000
1.715563
0.000000
0.000000
1.803519
0.097812
0.000000
0.000000
0.136589
1.240054
0.541746
0.000000
0.000000
0.000000
0.000000
0.000000
0.000000
0.000000
2.722356
0.060271
0.000000
0.000000
0.000000
0.000000
0.971834
0.000000
0.000000
0.000000
0.000000
0.000000
0.208879
0.000000
0.173179
0.000000
0.000000
0.000000
0.000000
0.000000
0.000000
0.000000
0.000000
0.000000
1.687096
0.000000
1.492694
0.000000
2.938135
0.949282
0.000000
0.000000
0.000000
0.000000
0.000000
0.000000
0.000000
0.000000
0.000000
0.000000
0.000000
0.000000
0.000000
1.063483
0.000000
0.091816
0.000000
0.000000
0.444825
1.466912
0.000000
0.067259
0.000000
0.345313
0.471190
0.000000
0.000000
0.000000
0.000000
0.207413
1.920719
0.000000
0.541397
0.000000
1.787739
0.000000
0.349938
0.000000
0.000000
0.000000
0.000000
0.000000
0.000000
0.355828
0.000000
0.000000
0.000000
0.000000
0.000000
0.000000
0.000000
0.000000
0.000000
0.000000
0.000000
0.000000
0.000000
0.000000
0.000000
0.899521
0.000000
0.359599
0.000000
0.000000
0.000000
0.000000
0.000000
0.000000
0.000000
0.000000
0.540785
0.000000
0.000000
0.000000
0.256278
0.000000
0.000000
0.274131
0.814873
0.000000
0.000000
0.262640
0.000000
0.985207
0.000000
0.000000
0.000000
0.000000
0.000000
0.000000
0.879178
0.000000
0.000000
0.808907
0.000000
0.000000
0.000000
0.000000
0.000000
0.472659
0.000000
0.000000
0.434017
0.000000
0.000000
0.000000
0.712515
0.040862
0.923023
0.780408
0.000000
0.369943
0.000000
0.000000
0.000000
0.000000
0.000000
0.000000
0.000000
0.000000
0.000000
0.000000
0.000000
0.887949
0.359899
0.000000
0.000000
0.000000
0.948669
0.497631
0.000000
0.000000
0.000000
0.000000
0.000000
0.824525
0.000000
1.747196
0.726844
0.607624
0.053672
0.452763
0.000000
0.000000
0.037977
0.000000
0.000000
0.000000
0.000000
0.000000
0.000000
0.000000
0.041710
0.000000
0.000000
0.000000
0.000000
0.000000
1.315473
0.725706
0.374650
2.013797
0.000000
0.000000
0.000000
0.000000
0.000000
0.000000
0.000000
0.634179
0.000000
0.000000
0.000000
0.000000
0.000000
0.638160
0.000000
0.000000
0.000000
0.072130
0.000000
0.000000
0.699121
0.000000
0.000000
0.000000
0.000000
0.000000
0.000000
0.000000
0.000000
0.000000
0.000000
0.787520
0.100870
0.000000
0.133444
0.000000
0.000000
1.567108
1.610819
0.000000
0.000000
3.770475
1.319376
0.163577
0.000000
0.363045
0.000000
0.000000
0.000000
0.000000
0.000000
1.023457
0.000000
0.107267
3.218837
0.368883
0.621939
0.000000
0.000000
0.961138
0.000000
0.213451
0.000000
0.000000
0.000000
0.000000
0.000000
0.000000
2.167264
0.000000
0.000000
0.034452
0.000000
0.321234
1.361998
0.000000
0.000000
0.810324
0.589763
0.000000
0.088077
0.000000
0.000000
0.000000
0.890091
0.000000
0.000000
0.000000
1.512064
0.000000
0.000000
0.000000
0.000000
0.000000
1.603874
0.000000
0.000000
0.622784
0.000000
1.665583
0.000000
0.000000
2.237841
0.000000
0.000000
0.000000
0.000000
0.000000
0.777557
0.000000
0.000000
0.000000
0.000000
1.373922
0.521092
0.000000
1.332921
0.000000
0.000000
0.000000
0.000000
0.000000
0.000000
0.000000
0.000000
1.197418
0.000000
0.000000
0.053016
0.560301
0.000000
0.000000
0.367874
0.000000
0.396452
2.127777
0.584922
0.000000
0.000000
0.000000
0.000000
0.000000
0.131060
0.000000
0.000000
0.000000
0.000000
0.546801
0.435501
0.080533
0.000000
0.000000
0.000000
0.000000
0.000000
0.190566
0.175577
0.000000
0.000000
0.000000
0.000000
0.000000
0.000000
0.000000
0.000000
0.000000
0.000000
0.000000
2.178122
0.831239
0.000000
0.899831
0.000000
0.000000
0.000000
0.000000
0.000000
0.000000
0.000000
0.000000
0.000000
0.000000
0.000000
0.147608
0.000000
0.000000
0.000000
0.000000
0.000000
0.000000
0.000000
0.000000
1.686709
0.000000
0.000000
2.685003
0.000000
0.000000
0.000000
0.000000
0.000000
0.000000
0.000000
0.000000
0.000000
0.000000
1.147429
0.000000
0.000000
0.528089
0.000000
0.000000
0.000000
0.000000
0.000000
0.000000
1.094135
0.469690
0.732454
0.000000
0.000000
0.000000
0.000000
0.000000
0.000000
0.000000
0.000000
0.000000
0.000000
0.105710
0.000000
0.000000
0.403901
0.000000
0.000000
0.000000
0.000000
1.674983
0.000000
0.321952
0.000000
0.000000
0.000000
0.000000
0.723141
0.000000
0.616643
1.356306
0.000000
0.000000
0.000000
0.000000
0.000000
0.000000
1.344638
1.201894
0.626429
0.000000
0.527660
0.000000
0.000000
0.000000
0.000000
0.000000
0.697818
0.000000
4.180157
0.000000
0.000000
0.000000
0.000000
0.000000
0.000000
2.473546
0.000000
1.627053
0.000000
0.000000
0.000000
0.338237
0.000000
0.000000
0.000000
0.000000
0.000000
0.000000
0.000000
0.557393
0.000000
1.907067
2.026880
0.000000
0.000000
0.558006
0.000000
1.522960
0.036561
0.000000
0.000000
0.000000
0.000000
0.000000
1.009876
0.000000
0.000000
0.000000
0.501849
1.213663
0.000000
1.902343
0.000000
0.110466
0.000000
0.000000
0.000000
0.144098
0.487652
0.000000
0.000000
0.000000
0.000000
0.000000
0.098858
0.000000
0.000000
0.000000
0.000000
0.000000
0.000000
0.000000
0.163776
0.000000
0.000000
0.000000
0.000000
0.000000
0.000000
0.000000
0.000000
0.000000
1.232558
0.000000
0.749430
1.153028
0.000000
0.098823
0.000000
0.604826
0.000000
0.000000
0.000000
0.021703
0.000000
0.000000
0.000000
0.000000
0.000000
0.000000
0.000000
0.000000
0.000000
0.169229
0.000000
1.521134
0.000000
0.000000
0.652090
2.411042
0.000000
0.000000
0.000000
0.000000
0.000000
0.000000
0.376656
0.000000
0.000000
0.070721
0.000000
0.197514
0.734340
0.000000
0.047839
2.170493
0.000000
0.000000
0.000000
0.338006
0.000000
0.422253
0.000000
0.000000
0.000000
0.000000
0.000000
0.000000
0.000000
0.725269
0.000000
0.341151
0.000000
0.000000
0.000000
0.000000
0.000000
0.000000
0.166853
0.000000
0.000000
0.000000
0.000000
0.859387
0.000000
0.000000
0.000000
1.066902
0.000000
0.000000
2.419179
0.000000
0.000000
0.000000
1.017744
0.000000
0.000000
0.000000
0.000000
0.040291
0.000000
0.000000
1.609261
2.301657
1.359347
0.000000
0.000000
0.000000
0.794557
0.000000
2.168581
0.000000
0.628639
0.000000
0.000000
0.000000
0.000000
0.000000
0.000000
1.824581
3.105839
0.000000
0.396416
0.000000
0.000000
0.000000
0.000000
1.088730
0.000000
0.000000
0.000000
0.193023
0.000000
0.000000
0.000000
0.000000
0.000000
0.119067
0.330091
1.407685
0.000000
0.873462
0.000000
0.000000
0.000000
0.000000
0.000000
0.000000
0.000000
0.000000
0.000000
0.000000
0.402668
0.000000
0.000000
0.000000
0.000000
0.000000
0.577742
0.000000
0.000000
1.835996
0.000000
0.822128
0.761649
0.000000
0.000000
0.000000
0.000000
1.302260
0.000000
2.155873
0.000000
1.014616
0.000000
0.000000
0.000000
0.000000
0.000000
0.000000
0.000000
0.000000
0.000000
0.000000
0.000000
0.000000
0.437823
0.000000
0.000000
0.000000
0.000000
0.000000
0.786270
0.000000
0.000000
0.000000
0.000000
0.000000
0.000000
0.000000
0.000000
0.000000
0.018702
0.000000
1.004689
0.972562
0.000000
0.301436
0.000000
0.000000
0.000000
0.000000
0.000000
0.000000
0.000000
0.000000
0.000000
0.000000
0.000000
0.000000
0.000000
0.208845
0.000000
0.000000
0.000000
0.000000
0.000000
0.000000
0.000000
0.000000
0.000000
0.000000
0.000000
0.000000
0.000000
0.000000
0.000000
0.788383
0.000000
2.346344
0.000000
0.000000
1.763550
0.000000
0.000000
0.526686
0.000000
0.000000
0.000000
0.000000
0.000000
0.000000
0.072881
0.000000
0.525849
0.000000
0.000000
0.974124
1.200824
0.000000
0.460263
0.000000
0.000000
0.000000
0.000000
2.271614
0.000000
0.000000
2.282938
0.367169
0.000000
1.376645
0.000000
0.578553
0.000000
0.201855
0.000000
2.239552
0.000000
0.408179
0.125325
0.000000
0.205363
0.000000
0.353186
0.000000
1.808554
0.000000
0.000000
0.000000
0.000000
0.000000
0.000000
0.000000
0.000000
0.000000
0.000000
0.000000
0.000000
0.504578
0.000000
0.000000
1.505177
0.000000
0.000000
0.000000
0.000000
0.000000
0.000000
0.000000
0.492867
1.290388
1.771349
0.000000
0.000000
0.000000
0.000000
0.000000
0.000000
0.000000
1.334574
0.000000
0.000000
1.017648
0.000000
0.000000
0.000000
0.000000
0.122485
0.000000
0.000000
1.642378
0.937396
0.000000
0.000000
0.000000
0.000000
0.553584
0.000000
0.000000
0.592562
0.000000
0.000000
0.000000
0.000000
0.213375
0.000000
0.000000
0.000000
0.000000
0.000000
0.000000
0.000000
0.000000
0.000000
0.000000
0.979862
0.000000
2.924371
0.000000
1.212892
2.199226
1.400313
0.000000
0.471060
0.000000
0.000000
0.000000
0.055885
0.000000
0.000000
0.000000
0.346861
0.000000
1.795164
0.000000
0.000000
1.095222
0.546557
0.000000
0.000000
0.030183
1.486855
0.000000
0.000000
0.775490
0.000000
0.000000
0.000000
0.000000
0.000000
0.000000
0.000000
0.000000
1.667635
0.156280
0.491916
0.000000
0.000000
0.000000
0.678213
0.000000
0.000000
0.253466
0.546127
0.270015
0.736047
0.000000
0.000000
0.000000
0.000000
0.000000
0.000000
0.000000
0.000000
0.000000
0.000000
0.000000
1.174463
1.092277
0.720376
0.000000
0.000000
0.000000
0.000000
0.000000
0.000000
0.000000
0.000000
0.000000
0.000000
0.445368
0.000000
0.000000
0.000000
0.000000
0.000000
0.000000
0.000000
0.026277
0.000000
0.000000
0.000000
0.000000
1.311831
0.000000
0.000000
1.940925
0.000000
2.271615
0.010224
0.000000
0.000000
0.000000
0.409476
0.319818
0.000000
0.000000
1.389427
0.000000
0.000000
0.034845
0.000000
0.000000
0.000000
0.000000
0.896623
0.000000
0.000000
0.000000
0.581504
0.000000
0.000000
0.000000
0.000000
0.000000
0.000000
0.000000
0.000000
0.000000
0.000000
0.000000
0.000000
1.193624
0.000000
0.000000
0.554965
0.000000
0.000000
0.000000
0.000000
0.000000
0.000000
0.000000
0.033818
0.000000
0.000000
0.000000
2.008275
0.000000
0.000000
1.784898
0.000000
0.000000
0.987051
0.000000
0.000000
0.700507
0.000000
0.000000
0.000000
0.000000
1.362311
0.000000
0.000000
0.590846
0.084793
0.000000
0.000000
0.000000
0.000000
0.000000
0.346454
0.218600
1.206779
0.000000
0.000000
0.000000
0.318301
0.000000
0.000000
0.000000
0.000000
0.000000
0.000000
1.408937
0.000000
0.969246
0.000000
0.103969
0.000000
0.000000
0.000000
0.000000
0.000000
0.000000
0.000000
0.000000
1.636308
0.000000
2.098120
0.000000
0.000000
0.000000
0.000000
0.000000
0.000000
0.000000
0.000000
0.000000
0.000000
0.352812
0.000000
0.980731
0.000000
0.000000
0.305978
0.002347
0.000000
0.000000
0.125126
0.000000
0.000000
0.000000
0.000000
0.697526
0.000000
0.401325
0.000000
0.000000
0.000000
0.000000
0.000000
0.000000
0.000000
0.000000
0.585359
0.000000
1.356085
0.000000
0.000000
0.000000
0.000000
0.000000
0.000000
0.000000
0.000000
0.000000
0.888391
0.000000
0.000000
0.000000
0.000000
0.000000
0.000000
0.471773
0.000000
0.000000
0.890167
0.248128
0.000000
0.000000
0.000000
0.000000
0.128804
0.000000
2.556939
0.871983
0.000000
0.000000
0.652260
0.000000
0.000000
0.000000
0.000000
0.000000
0.000000
0.000000
0.403888
0.000000
0.000000
0.000000
1.128475
0.000000
0.000000
0.000000
0.000000
0.524894
0.000000
0.000000
0.365264
0.178566
0.000000
0.000000
0.000000
0.000000
0.000000
0.000000
0.327091
3.341545
0.000000
1.854787
0.000000
0.000000
0.000000
0.000000
1.140193
0.551568
0.000000
0.000000
0.000000
0.000000
1.103948
0.000000
0.000000
1.098631
0.000000
0.000000
0.000000
0.000000
0.000000
0.000000
0.000000
0.000000
0.000000
0.000000
0.907417
1.259469
0.000000
0.000000
0.000000
0.000000
0.047471
2.502548
0.000000
0.000000
0.000000
0.287505
0.000000
0.875136
0.000000
0.000000
0.000000
0.000000
0.000000
0.877252
0.394422
0.000000
0.207125
1.857564
2.084930
0.000000
0.000000
0.028223
0.000000
1.131886
0.000000
0.914775
0.000000
0.000000
0.000000
0.802663
0.000000
0.230729
0.000000
0.900872
0.000000
0.000000
0.000000
0.021677
1.350263
0.000000
0.429940
0.000000
0.957254
0.000000
1.467581
0.000000
1.663999
0.700005
0.000000
0.000000
0.518481
0.000000
0.000000
0.000000
0.000000
2.416959
0.000000
0.887581
0.503480
0.000000
0.099183
0.000000
0.000000
1.111410
0.000000
0.000000
0.000000
0.000000
0.000000
2.902906
0.000000
0.000000
0.000000
0.495962
0.000000
0.000000
0.000000
0.576831
0.000000
0.000000
0.000000
0.000000
0.000000
0.000000
0.000000
0.000000
0.000000
0.000000
0.000000
0.000000
0.909082
0.000000
0.000000
0.273911
1.106870
0.000000
1.208775
0.000000
0.000000
0.000000
0.000000
0.392431
0.000000
0.000000
0.000000
0.000000
0.000000
0.000000
0.083318
0.000000
0.000000
0.000000
0.000000
0.000000
0.271011
0.000000
0.000000
1.638103
0.000000
0.000000
0.000000
0.000000
0.000000
0.000000
0.000000
0.000000
0.000000
0.000000
0.000000
0.000000
0.000000
0.000000
0.000000
0.184548
0.422751
0.000000
0.000000
0.000000
0.000000
0.000000
0.000000
0.491984
0.000000
0.258172
0.000000
0.000000
0.000000
0.000000
0.642295
0.000000
0.000000
0.000000
0.676790
0.000000
0.000000
0.000000
0.000000
0.000000
0.000000
0.450030
0.003413
0.362100
0.000000
0.000000
0.000000
0.000000
3.035961
0.000000
0.348121
0.000000
0.079316
0.312039
0.000000
0.000000
0.380300
0.000000
0.717106
2.043416
0.000000
0.365299
0.000000
1.619889
1.610324
0.000000
0.000000
0.000000
0.000000
0.392164
0.295923
0.000000
0.000000
0.000000
0.000000
0.000000
0.000000
0.000000
1.633663
2.303659
0.000000
0.000000
0.000000
0.849527
2.162742
0.000000
1.298422
0.000000
0.000000
0.962046
0.000000
0.000000
0.000000
0.000000
0.000000
0.858583
0.000000
0.000000
0.000000
0.000000
0.000000
