0.803646
0.000000
0.000000
0.000000
0.000000
0.000000
0.543002
0.000000
0.000000
1.206368
0.000000
0.000000
1.246018
1.230223
0.000000
0.000000
0.000000
0.000000
0.000000
0.000000
0.000000
0.377587
0.000000
0.664287
0.000000
2.475052
0.000000
0.732533
0.000000
2.156272
2.432527
0.416289
0.000000
0.000000
1.956483
0.000000
0.000000
0.000000
0.000000
0.000000
0.742391
0.000000
0.000000
0.000000
0.319506
0.000000
0.999051
0.000000
0.000000
0.000000
0.130361
0.000000
0.000000
0.000000
2.126030
0.000000
1.014806
0.000000
0.000000
0.000000
0.000000
0.000000
1.712103
0.000000
0.000000
0.247047
0.000000
0.000000
0.000000
0.000000
0.000000
0.000000
0.000000
0.000000
0.000000
0.596065
0.000000
1.226694
0.000000
0.494100
0.000000
0.000000
0.000000
0.340778
0.000000
2.116259
0.000000
1.072411
0.000000
0.000000
0.000000
0.184164
0.336697
0.000000
0.470842
0.000000
0.000000
0.161993
0.000000
0.209668
0.000000
0.000000
0.000000
0.000000
0.673360
0.788164
0.111333
0.000000
0.000000
0.000000
0.000000
0.000000
0.000000
0.000000
0.000000
0.000000
0.000000
0.000000
0.000000
0.000000
0.000000
0.000000
0.501083
0.077925
1.517341
0.412565
0.000000
0.000000
0.000000
0.000000
0.000000
0.000000
0.000000
0.000000
0.000000
0.003261
4.128533
0.000000
0.000000
0.000000
0.041823
5.196960
0.000000
2.006041
0.000000
0.000000
0.000000
0.246156
0.000000
0.000000
1.173489
0.000000
0.649229
1.414752
0.000000
0.000000
0.000000
0.000000
0.000000
0.000000
0.000000
0.000000
0.000000
0.807155
0.000000
0.000000
0.513283
0.000000
0.000000
1.811841
0.759253
0.000000
0.000000
0.000000
0.145485
1.379511
1.864775
0.486928
0.000000
0.000000
0.000000
1.850278
0.000000
0.947518
0.000000
0.132118
0.000000
2.363030
0.000000
0.000000
2.544220
0.000000
0.000000
0.000000
0.000000
2.253267
0.773682
1.341865
0.000000
0.000000
0.000000
0.000000
0.342840
0.000000
0.000000
0.000000
0.000000
0.000000
1.705969
3.200969
0.000000
0.000000
0.000000
0.000000
0.000000
0.038156
4.348982
0.836179
0.800600
0.000000
0.000000
0.000000
0.000000
0.038986
0.000000
0.000000
0.139154
0.000000
0.000000
0.536876
1.050170
0.000000
0.136415
0.000000
0.000000
0.000000
0.000000
0.000000
0.374441
0.000000
3.845526
0.000000
1.216038
0.000000
0.334816
1.219871
0.000000
0.000000
0.000000
0.000000
0.000000
1.187232
1.507241
0.320911
0.000000
0.000000
0.000000
0.000000
0.000000
0.000000
0.000000
0.000000
0.000000
2.004242
0.000000
0.000000
0.000000
0.000000
0.767227
0.000000
1.449292
0.000000
0.000000
0.000000
0.367163
0.012301
3.283502
0.067335
0.000000
0.000000
0.000000
0.000000
0.000000
0.000000
0.745267
0.140853
0.000000
0.888946
0.000000
0.318556
0.000000
0.000000
0.000000
0.572519
0.000000
0.000000
0.000000
0.000000
2.034735
0.000000
0.000000
0.000000
0.948282
0.000000
0.000000
0.000000
0.316374
2.258799
0.000000
0.000000
0.004225
0.000000
0.000000
0.000000
0.000000
1.029990
0.000000
0.000000
0.000000
0.000000
2.533767
0.000000
0.365064
0.000000
0.000000
0.000000
1.379545
0.000000
0.000000
0.000000
0.000000
0.000000
0.000000
1.040585
0.328079
0.000000
0.000000
0.000000
0.000000
0.000000
0.000000
0.000000
1.489183
0.000000
0.000000
0.081251
0.000000
1.460634
0.000000
0.000000
1.200630
0.000000
0.367915
0.000000
0.000000
0.000000
0.000000
0.000000
0.000000
0.000000
0.571780
0.000000
0.000000
0.256208
0.000000
0.000000
0.000000
0.000000
1.711813
0.000000
0.000000
0.000000
0.000000
0.000000
0.000000
0.000000
0.000000
0.000000
0.000000
0.000000
0.000000
0.000000
0.000000
0.000000
0.394669
0.000000
0.000000
0.314018
0.000000
0.000000
0.000000
0.000000
1.387442
0.000000
0.000000
0.000000
2.220819
0.000000
0.000000
0.196362
0.000000
0.000000
0.000000
0.281617
0.000000
1.969767
0.000000
0.000000
0.057716
0.000000
0.000000
0.000000
0.000000
0.808217
0.000000
0.000000
0.578545
0.000000
0.780436
0.000000
0.000000
0.000000
1.504143
0.000000
0.000000
0.000000
0.000000
0.000000
3.055619
0.000000
1.191464
0.000000
0.000000
0.000000
0.000000
0.000000
0.000000
0.000000
0.000000
0.000000
0.000000
0.714078
0.130451
0.000000
1.595284
2.111913
0.000000
0.000000
0.000000
0.322336
0.000000
0.000000
0.000000
0.000000
0.000000
0.380723
0.000000
0.000000
0.000000
0.000000
1.771072
0.000000
0.000000
0.000000
1.338945
0.156628
0.000000
0.000000
0.000000
0.000000
0.000000
0.672803
0.000000
1.659235
0.134194
0.000000
0.000000
0.000000
0.000000
0.000000
0.000000
0.000000
0.000000
2.279782
0.000000
0.133729
0.093594
0.837523
1.955248
0.000000
0.000000
0.000000
0.007472
0.000000
0.071817
0.000000
0.000000
0.000000
0.000000
0.000000
0.000000
0.000000
0.000000
0.000000
0.000000
0.000000
0.000000
0.000000
0.182530
0.000000
0.911301
0.000000
0.000000
3.752623
0.000000
0.000000
0.000000
0.000000
0.000000
0.659860
0.363479
1.207694
0.000000
0.000000
0.000000
2.844734
0.000000
0.000000
0.000000
0.000000
0.000000
0.000000
0.000000
0.000000
1.970080
0.000000
2.351500
0.000000
0.000000
0.000000
0.000000
0.000000
0.000000
0.000000
0.255617
0.000000
0.000000
2.577770
0.000000
1.119644
0.000000
0.000000
0.411868
0.000000
0.154594
0.000000
0.000000
0.000000
0.000000
0.000000
0.000000
0.000000
0.000000
0.000000
0.000000
0.000000
2.417894
0.000000
2.952252
1.209900
0.000000
0.000000
0.000000
0.000000
0.000000
0.000000
1.480264
0.376775
0.295336
0.000000
0.000000
0.000000
0.306209
0.383852
0.000000
0.000000
0.000000
0.000000
0.000000
0.237664
0.000000
0.000000
0.000000
0.000000
0.000000
0.554242
0.000000
0.000000
0.000000
0.000000
0.000000
2.332507
0.000000
0.000000
0.000000
0.000000
0.000000
1.216861
0.000000
0.000000
1.913620
0.000000
0.000000
0.000000
0.000000
0.000000
0.598945
0.000000
0.000000
0.000000
0.000000
0.097997
0.000000
0.000000
0.000000
0.335836
0.000000
1.138653
0.000000
0.000000
2.143615
0.000000
0.000000
0.000000
0.000000
0.356532
2.774626
0.000000
1.510568
0.000000
0.586170
0.000000
0.000000
2.565120
0.000000
0.000000
0.000000
0.000000
0.160151
0.000000
2.568202
0.228654
0.000000
0.000000
0.000000
0.000000
0.000000
0.000000
0.000000
0.000000
0.653590
0.000000
0.000000
0.000000
0.000000
1.421210
0.829004
0.000000
0.884503
2.034590
0.000000
0.000000
0.000000
0.000000
0.000000
0.000000
1.665033
0.000000
0.105577
0.000000
0.722926
0.000000
0.000000
0.000000
0.000000
0.000000
0.000000
0.000000
0.000000
0.000000
0.000000
0.000000
0.000000
0.000000
0.000000
1.025181
0.000000
0.000000
0.000000
0.000000
0.000000
0.000000
0.000000
0.000000
0.000000
0.000000
0.000000
0.315642
0.000000
0.000000
0.000000
0.000000
1.626658
0.000000
0.000000
0.000000
0.000000
1.929646
0.000000
0.664649
0.000000
0.000000
0.000000
0.000000
0.839968
0.000000
0.000000
0.000000
0.000000
0.000000
0.439229
0.000000
0.000000
0.000000
0.000000
0.000000
0.000000
0.000000
0.000000
1.444298
0.000000
0.663071
0.000000
0.000000
0.000000
0.000000
0.000000
0.000000
0.000000
0.000000
0.000000
0.000000
0.000000
0.000000
0.000000
0.000000
0.229366
2.417691
0.454592
0.000000
4.228848
0.000000
0.000000
0.000000
0.592746
0.946073
0.769432
0.000000
0.000000
0.000000
0.126412
0.000000
0.000000
0.000000
0.000000
0.000000
0.000000
0.000000
0.000000
0.091024
0.000000
0.000000
0.000000
1.010355
0.244829
0.000000
0.000000
0.000000
0.000000
0.000000
0.000000
0.116952
0.000000
0.000000
0.000000
0.000000
0.000000
0.000000
0.000000
0.000000
0.000000
1.159634
0.000000
3.164472
0.000000
0.000000
0.000000
0.000000
0.000000
0.000000
0.000000
1.122854
0.000000
0.000000
0.000000
0.000000
0.000000
0.000000
0.000000
0.000000
0.331607
1.144689
0.000000
0.000000
0.000000
0.000000
0.000000
0.000000
0.000000
0.000000
0.000000
0.000000
0.239088
0.000000
0.164915
0.537259
0.000000
0.000000
1.029130
0.000000
0.000000
0.000000
0.000000
0.576372
0.000000
0.062692
0.000000
0.000000
0.000000
0.000000
0.903829
0.000000
0.000000
1.512274
0.000000
0.000000
0.000000
1.442978
0.000000
0.000000
0.000000
0.000000
0.000000
0.000000
0.000000
0.794822
0.000000
0.000000
0.000000
0.838302
0.000000
0.000000
0.000000
0.000000
0.000000
0.000000
0.000000
0.000000
2.396218
0.000000
0.000000
0.000000
0.000000
0.000000
0.000000
0.000000
0.000000
0.649806
0.000000
0.000000
0.000000
0.249059
0.995738
0.000000
0.000000
0.000000
0.000000
0.000000
0.000000
0.000000
0.000000
0.000000
0.000000
3.384412
0.000000
0.000000
0.000000
0.000000
0.000000
0.000000
0.000000
0.000000
0.000000
1.536370
0.000000
0.000000
0.000000
0.000000
2.406885
0.000000
0.000000
0.000000
0.000000
0.000000
1.117657
2.506031
0.000000
0.000000
3.414136
0.000000
0.000000
0.000000
0.000000
0.000000
0.000000
0.000000
0.000000
4.255801
0.000000
0.000000
0.000000
0.000000
0.000000
0.279776
0.000000
0.000000
0.000000
0.000000
0.000000
0.319515
0.123205
0.000000
1.157177
0.000000
1.693354
0.000000
0.000000
0.000000
0.000000
0.000000
0.523272
0.795886
0.217569
0.000000
0.076963
0.000000
0.516865
0.000000
0.000000
0.000000
0.000000
0.000000
0.000000
0.000000
0.000000
0.061374
1.649454
0.000000
0.000000
0.000000
0.000000
0.000000
0.000000
0.000000
0.000000
0.000000
0.000000
0.000000
0.000000
0.000000
0.000000
0.000000
0.000000
0.000000
0.000000
1.756563
0.000000
0.000000
0.000000
0.000000
0.000000
0.000000
0.000000
0.000000
0.480958
0.626687
0.000000
0.224359
0.000000
0.000000
0.000000
0.000000
0.408964
0.000000
0.000000
0.000000
0.597605
0.000000
0.000000
0.000000
0.000000
0.000000
0.000000
0.000000
0.000000
0.000000
0.279682
0.671379
0.000000
1.111085
0.000000
0.000000
0.000000
0.404776
0.000000
0.000000
0.000000
0.000000
0.000000
0.895023
0.020839
0.000000
2.491054
0.000000
4.660701
0.000000
0.000000
0.749452
0.000000
1.698799
0.000000
0.000000
0.000000
0.622200
0.836003
0.000000
0.000000
0.000000
0.000000
0.000000
0.177727
0.000000
0.000000
0.000000
4.169410
0.000000
0.000000
0.000000
0.538770
0.000000
0.000000
0.000000
0.000000
0.000000
2.723141
0.000000
0.000000
0.000000
0.000000
0.756706
0.000000
0.000000
0.000000
0.000000
0.000000
0.000000
1.011846
2.516023
0.000000
0.481523
0.000000
0.298851
0.806640
0.000000
2.688950
0.000000
0.000000
0.405318
0.000000
2.312020
1.102040
0.000000
0.813946
0.000000
0.000000
0.000000
0.000000
0.000000
1.309404
0.521331
0.000000
0.000000
0.453354
0.000000
0.000000
0.000000
1.150939
2.497565
0.000000
0.000000
3.333140
0.000000
0.000000
0.000000
0.000000
0.000000
0.000000
1.963028
2.247468
0.000000
0.000000
0.000000
0.317957
1.453278
0.000000
2.838586
0.000000
0.000000
0.000000
0.000000
1.747305
0.000000
0.000000
0.000000
0.000000
0.000000
0.000000
0.000000
0.000000
0.000000
0.000000
0.000000
1.097996
1.746290
0.000000
0.000000
0.000000
0.000000
0.000000
0.000000
0.000000
0.000000
0.000000
1.657444
0.162525
0.000000
1.297623
0.000000
0.000000
0.000000
0.000000
0.000000
0.000000
1.560502
0.000000
0.000000
0.000000
0.000000
0.000000
0.000000
0.000000
1.207498
0.000000
1.457384
0.941890
0.000000
0.000000
0.000000
1.032208
0.000000
0.000000
0.640402
0.165790
0.000000
0.000000
0.850745
0.000000
0.000000
0.000000
0.000000
0.245617
0.000000
0.000000
0.000000
0.000000
1.992308
0.000000
0.000000
1.073710
2.483006
1.006630
0.000000
0.000000
0.000000
0.788106
0.000000
0.000000
1.751897
0.000000
0.140157
0.257922
0.000000
0.000000
0.351857
0.000000
0.000000
0.000000
1.825620
0.000000
0.000000
0.000000
0.000000
0.000000
0.000000
3.117353
0.000000
0.000000
0.000000
0.000000
0.000000
0.000000
0.494081
0.000000
0.000000
0.000000
3.272575
0.000000
0.531712
0.000000
0.000000
0.000000
0.000000
0.000000
0.000000
0.000000
0.000000
0.000000
0.229472
0.000000
1.522419
0.406532
0.000000
0.000000
0.000000
0.000000
0.000000
0.000000
0.000000
0.000000
0.000000
0.000000
0.000000
0.000000
1.974788
0.000000
0.000000
1.410374
0.718817
0.000000
0.000000
0.133219
0.000000
0.000000
0.000000
0.000000
0.559669
0.000000
0.000000
0.000000
0.000000
1.000397
0.000000
0.000000
0.000000
0.000000
0.133729
0.000000
0.000000
0.000000
0.000000
0.000000
0.625514
0.223507
0.000000
0.000000
0.000000
0.000000
0.000000
0.000000
0.000000
0.000000
0.000000
0.000000
0.000000
0.000000
0.000000
0.000000
0.000000
0.000000
0.000000
0.853455
0.000000
0.000000
0.000000
0.000000
0.088340
0.000000
0.000000
0.000000
0.000000
0.000000
0.042586
1.234484
2.132500
0.000000
0.000000
0.557315
0.000000
0.000000
0.000000
0.000000
1.123876
0.000000
0.000000
0.000000
0.000000
0.000000
0.000000
0.000000
0.156504
0.109049
0.000000
0.000000
0.000000
0.000000
0.000000
0.500206
0.000000
0.000000
0.000000
0.493367
0.332490
0.000000
1.749367
1.023669
0.000000
0.000000
0.000000
0.394836
0.000000
0.000000
0.000000
0.000000
0.000000
0.884004
0.000000
1.264100
0.000000
0.000000
0.000000
0.000000
0.000000
0.069963
0.000000
0.000000
2.376301
0.000000
0.000000
0.000000
0.000000
0.000000
0.090825
0.000000
0.000000
0.000000
0.000000
0.000000
0.000000
0.000000
0.000000
0.000000
0.000000
0.000000
0.000000
0.000000
0.000000
0.000000
0.000000
1.878954
0.000000
0.000000
0.000000
0.638442
0.000000
2.219683
0.000000
0.000000
0.000000
0.000000
0.000000
0.000000
0.000000
0.093083
0.000000
0.000000
0.000000
0.000000
0.000000
0.000000
0.000000
0.000000
0.000000
0.000000
0.000000
0.000000
0.941655
0.000000
0.000000
0.000000
0.000000
0.000000
0.851437
0.000000
0.000000
0.665974
0.540897
0.042559
3.533678
3.778126
0.000000
0.000000
0.000000
1.746864
0.478796
0.000000
0.000000
0.757481
0.000000
0.000000
0.000000
0.000000
0.000000
0.000000
0.000000
0.000000
0.000000
0.000000
0.000000
0.000000
0.000000
0.000000
1.321847
0.000000
0.000000
0.000000
0.000000
0.637990
0.000000
0.000000
0.000000
0.000000
0.000000
0.000000
0.202744
0.000000
0.000000
1.227985
0.252425
0.000000
0.000000
2.957726
0.000000
0.000000
0.000000
0.000000
0.000000
0.000000
2.763755
1.586226
0.000000
0.000000
0.184820
2.413781
0.000000
0.000000
0.000000
0.000000
0.887343
0.000000
0.000000
0.000000
0.457745
0.000000
0.000000
0.000000
0.000000
0.000000
0.000000
0.000000
2.044502
0.000000
0.000000
0.000000
0.000000
0.000000
0.000000
1.028836
0.000000
0.000000
0.486414
0.697998
0.000000
0.000000
0.000000
0.000000
1.161986
1.208687
0.094127
0.000000
0.000000
0.000000
0.000000
0.000000
0.000000
3.393575
0.000000
0.000000
0.000000
0.000000
0.000000
0.500221
0.000000
1.933128
0.000000
0.000000
0.000000
0.000000
2.436074
0.000000
0.000000
0.000000
0.054340
0.000000
1.209253
0.000000
0.000000
0.000000
0.000000
0.412685
0.000000
0.000000
0.000000
0.358220
0.000000
0.000000
0.000000
0.000000
2.533309
0.000000
0.000000
0.000000
0.000000
0.908738
0.000000
0.000000
0.770155
0.000000
0.000000
0.835209
0.000000
0.000000
0.000000
0.000000
0.000000
0.000000
0.000000
0.000000
0.078460
0.228552
0.000000
0.000000
0.000000
0.000000
0.592263
0.000000
0.000000
0.000000
0.000000
0.390333
0.000000
0.000000
0.522100
0.000000
0.000000
0.131478
0.000000
1.060620
0.000000
0.000000
0.000000
0.000000
1.138408
0.000000
0.000000
0.000000
0.000000
0.000000
1.742402
0.000000
0.000000
0.000000
2.486971
0.000000
0.000000
0.000000
0.000000
0.000000
0.000000
0.000000
1.536943
0.866365
0.000000
0.844668
0.000000
0.000000
0.000000
1.579657
0.000000
0.000000
0.327694
0.000000
0.000000
0.000000
0.000000
0.000000
1.613963
0.000000
0.000000
0.000000
0.000000
0.000000
0.000000
0.000000
0.000000
0.000000
0.000000
0.701545
0.000000
2.057036
0.000000
0.147044
0.000000
0.000000
0.000000
1.729702
0.000000
0.000000
0.385518
1.262438
2.146214
0.875323
0.649996
0.000000
0.000000
0.168776
0.000000
0.000000
0.311473
0.000000
0.000000
0.821064
0.000000
0.000000
0.000000
0.000000
0.000000
0.000000
0.000000
1.304016
0.000000
0.000000
1.677809
0.530703
0.000000
0.000000
0.000000
0.000000
1.623557
0.000000
0.192873
0.000000
0.000000
0.000000
0.841800
0.000000
1.519838
0.386984
0.000000
0.000000
0.000000
0.000000
0.000000
0.000000
0.000000
0.000000
0.000000
0.000000
0.441496
0.000000
0.000000
0.000000
0.000000
1.598271
0.000000
0.000000
3.829654
0.565004
0.000000
0.000000
1.791496
0.000000
0.948858
0.000000
0.000000
0.000000
0.000000
0.000000
0.000000
0.000000
0.000000
1.526194
0.066192
2.174005
1.470168
0.000000
0.000000
0.000000
0.000000
0.000000
0.000000
0.000000
3.017858
0.000000
0.000000
0.000000
0.000000
0.000000
0.000000
0.000000
0.000000
0.724759
0.000000
1.451928
0.000000
0.000000
0.000000
0.478596
0.141472
1.522324
1.851606
0.000000
0.000000
0.000000
0.000000
0.000000
0.000000
0.000000
0.280093
0.000000
1.696424
0.000000
0.000000
0.000000
2.833062
0.000000
0.000000
0.000000
0.000000
0.000000
2.732013
0.553087
0.000000
0.000000
0.000000
1.872907
0.000000
0.000000
0.000000
0.000000
2.666858
0.521776
0.000000
0.873789
0.000000
0.000000
0.000000
0.000000
0.359809
0.000000
0.000000
3.196011
0.000000
0.000000
0.000000
0.000000
0.000000
0.000000
0.000000
0.000000
0.961257
1.061346
0.000000
0.000000
0.000000
0.460581
0.000000
0.743282
3.662355
2.209218
0.000000
0.000000
0.000000
0.000000
0.000000
0.000000
0.000000
0.000000
1.161443
0.935614
0.000000
0.000000
0.000000
0.000000
0.000000
0.000000
0.995252
0.000000
0.000000
0.000000
1.661325
1.836677
0.000000
0.000000
0.000000
0.000000
0.000000
0.000000
0.000000
0.000000
0.000000
0.000000
0.000000
0.000000
0.000000
0.842864
0.000000
0.446345
1.844474
0.000000
0.000000
1.041753
2.464484
0.000000
0.000000
0.000000
0.000000
0.000000
1.015700
1.193449
0.000000
0.000000
0.000000
0.780623
0.000000
0.000000
0.000000
0.000000
2.711546
1.017707
0.000000
0.000000
0.000000
0.000000
0.037114
0.000000
0.000000
2.349051
0.000000
0.000000
0.000000
0.000000
0.000000
0.000000
0.000000
0.000000
0.188295
0.000000
0.000000
0.000000
0.000000
0.000000
1.077857
0.000000
0.000000
0.000000
0.692682
0.672087
0.000000
0.975994
0.000000
0.000000
0.000000
0.000000
0.000000
0.000000
0.000000
0.000000
0.000000
0.000000
0.000000
0.000000
0.000000
0.000000
1.208115
0.000000
0.000000
0.000000
0.000000
0.000000
0.000000
0.000000
4.353559
0.000000
0.000000
0.000000
0.000000
1.558500
0.000000
0.000000
0.000000
0.000000
0.000000
0.000000
0.000000
0.000000
0.000000
0.000000
1.268267
0.000000
0.000000
0.000000
1.554275
0.000000
0.573211
0.000000
0.000000
0.039039
0.266413
4.003745
0.000000
1.411084
0.000000
0.000000
0.000000
0.000000
0.000000
0.000000
0.000000
0.000000
0.000000
1.867440
0.000000
1.710672
0.000000
0.000000
0.000000
0.569719
0.000000
0.000000
0.000000
0.000000
2.929027
0.000000
1.064691
0.000000
0.000000
0.145134
0.000000
0.000000
0.000000
0.000000
0.000000
0.144778
0.000000
0.000000
0.564392
0.000000
0.000000
1.604946
0.000000
0.000000
0.000000
0.000000
0.000000
0.000000
0.000000
0.515188
0.865186
0.000000
0.000000
0.000000
0.000000
0.000000
0.000000
0.000000
0.000000
0.000000
0.033497
0.000000
0.695906
0.000000
0.000000
0.153603
1.914037
0.000000
0.000000
0.000000
0.000000
0.000000
0.000000
0.720165
0.000000
0.000000
0.026805
0.000000
0.253537
0.000000
0.000000
0.694054
0.000000
0.000000
0.746145
0.869336
0.000000
0.000000
0.000000
0.000000
0.000000
0.000000
0.000000
0.000000
0.000000
0.000000
0.854236
0.000000
0.286704
0.000000
0.000000
0.000000
0.000000
0.032346
0.000000
0.281723
1.827308
0.000000
0.000000
0.000000
0.921302
0.000000
0.000000
0.000000
0.436488
0.220823
0.000000
0.000000
0.263475
0.272200
0.000000
0.659222
0.632614
0.000000
0.000000
0.000000
0.000000
0.000000
0.368009
0.000000
0.160341
0.000000
0.000000
0.771896
2.774442
1.041836
0.000000
1.033298
0.000000
0.000000
0.165332
0.000000
0.000000
0.000000
0.000000
0.000000
0.000000
0.000000
0.000000
0.738528
0.000000
0.000000
0.000000
0.000000
1.095271
0.000000
0.000000
0.000000
0.000000
0.000000
0.000000
0.000000
0.418047
0.000000
0.000000
0.000000
0.817687
0.000000
0.000000
0.000000
0.000000
0.000000
0.110226
0.000000
0.000000
0.000000
0.000000
0.000000
2.831906
0.000000
0.000000
0.000000
0.000000
0.000000
0.000000
0.000000
0.000000
0.000000
0.000000
0.000000
0.140528
0.000000
0.000000
0.000000
0.000000
0.000000
0.000000
0.000000
1.435049
0.000000
0.040485
0.000000
0.000000
0.000000
0.000000
0.000000
0.000000
0.000000
0.000000
0.000000
0.000000
0.000000
0.000000
0.000000
0.000000
0.000000
0.000000
0.000000
0.000000
0.000000
0.000000
0.000000
0.000000
0.000000
0.000000
0.000000
0.000000
0.000000
0.157384
0.000000
0.000000
0.000000
3.807306
0.746841
2.714721
0.000000
0.928918
2.504599
0.000000
0.000000
1.728584
0.000000
0.419301
0.000000
0.000000
0.000000
0.000000
0.000000
0.000000
0.022637
0.000000
0.000000
0.000000
0.000000
0.000000
0.000000
0.000000
0.000000
0.000000
0.330745
0.000000
0.000000
0.000000
1.632788
0.000000
0.000000
0.000000
0.607273
0.000000
0.000000
0.000000
0.465644
0.000000
0.000000
0.000000
0.000000
0.000000
0.000000
0.000000
0.000000
0.000635
1.091326
0.663850
0.242112
0.000000
0.315740
0.692502
0.000000
0.000000
3.500408
0.000000
0.000000
2.190619
0.000000
0.000000
0.000000
1.411552
0.000000
0.000000
0.000000
0.000000
0.000000
0.217613
0.992060
0.000000
0.000000
0.000000
0.000000
0.000000
0.000000
0.000000
0.000000
0.000000
0.000000
0.000000
0.000000
0.000000
0.000000
0.000000
1.986159
0.000000
0.000000
0.000000
2.060770
1.403542
0.000000
2.510629
0.518834
0.000000
0.000000
0.000000
0.000000
0.000000
0.000000
0.000000
0.000000
0.000000
0.000000
0.000000
0.000000
0.050797
0.736805
0.000000
0.000000
0.000000
0.000000
0.000000
0.000000
0.000000
0.000000
0.676224
0.000000
0.000000
0.065533
0.000000
0.000000
0.000000
0.000000
0.000000
1.224558
0.635571
0.000000
0.000000
0.000000
0.000000
0.000000
0.780778
0.000000
1.756956
0.000000
0.000000
0.000000
0.000000
1.631360
0.000000
0.000000
0.000000
0.000000
0.000000
1.677393
0.000000
0.525875
0.000000
0.000000
0.000000
0.000000
0.000000
0.000000
0.000000
0.000000
0.000000
0.000000
0.997405
0.000000
0.000000
0.000000
1.194831
0.000000
0.036696
0.000000
0.504300
0.000000
1.140719
0.000000
0.743676
0.000000
0.000000
0.000000
0.000000
0.000000
0.000000
0.000000
0.000000
0.000000
0.382971
0.000000
6.420196
0.000000
0.000000
0.000000
1.290448
1.110827
0.000000
0.000000
0.000000
0.481530
0.000000
0.000000
0.000000
0.000000
0.000000
0.000000
0.000000
0.000000
1.022324
0.000000
0.000000
0.000000
0.000000
2.281412
0.000000
0.000000
0.000000
0.000000
0.000000
0.786939
0.000000
0.000000
0.000000
0.000000
1.988568
0.000000
0.000000
0.000000
0.000000
0.000000
0.506850
0.408772
1.003859
0.000000
1.590289
0.000000
0.064305
0.000000
0.000000
0.000000
0.000000
0.154987
0.000000
0.000000
0.000000
1.976731
1.543623
0.000000
0.000000
0.000000
0.000000
0.000000
0.000000
1.706061
2.335596
0.000000
0.000000
0.000000
0.000000
0.411558
0.000000
0.000000
0.000000
0.000000
0.000000
0.000000
0.000000
0.000000
1.175921
0.000000
0.000000
0.000000
0.000000
0.000000
0.000000
0.000000
0.014552
0.000000
0.189721
0.000000
1.915154
0.000000
0.000000
1.105455
0.000000
0.000000
0.000000
0.000000
0.000000
0.000000
0.000000
0.000000
0.000000
1.737835
0.375751
0.000000
0.000000
1.547752
0.000000
1.380992
2.725533
0.000000
0.000000
2.629574
0.000000
0.262849
0.000000
1.435338
2.444510
1.251122
0.000000
0.376346
3.215585
1.324865
2.566581
0.000000
0.000000
0.000000
0.000000
0.000000
0.456585
0.000000
0.472584
0.000000
3.114764
0.000000
0.000000
0.000000
0.000000
0.000000
0.000000
0.000000
0.000000
0.000000
0.000000
0.000000
0.000000
0.000000
0.000000
0.762707
0.000000
0.000000
1.329454
0.000000
0.000000
1.021765
0.000000
1.227329
0.000000
0.000000
0.083565
0.000000
0.431795
0.000000
0.000000
0.000000
1.501475
0.000000
1.078436
0.000000
0.000000
0.016916
0.000000
0.000000
1.592883
0.000000
0.362041
0.017457
0.000000
0.231302
0.000000
0.000000
0.000000
0.000000
0.000000
0.000000
2.561558
0.000000
0.000000
1.815009
0.000000
0.000000
0.000000
0.000000
1.121164
0.000000
2.279880
0.000000
0.000000
0.000000
0.096016
0.935103
2.038908
0.929800
0.772542
0.442717
0.807748
0.000000
0.000000
0.000000
2.563360
0.000000
0.395006
0.000000
0.000000
0.000000
0.000000
0.375007
0.181733
0.000000
0.000000
0.000000
0.000000
0.000000
1.702466
0.000000
0.000000
0.000000
0.000000
0.000000
0.000000
0.000000
1.940061
0.740574
0.000000
0.000000
1.748591
0.000000
0.000000
0.000000
0.000000
0.071765
0.000000
0.000000
0.000000
0.000000
1.145297
0.000000
0.000000
0.000000
1.951043
0.000000
0.000000
0.000000
2.681912
2.619154
0.639086
0.000000
0.000000
0.000000
0.000000
0.000000
0.000000
1.072532
0.000000
0.000000
0.368627
0.000000
0.000000
0.000000
0.000000
1.598591
0.595570
0.000000
0.000000
0.000000
0.121475
0.786757
0.000000
0.000000
0.000000
0.346971
0.000000
0.000000
0.000000
0.000000
0.000000
0.000000
0.000000
0.000000
0.000000
0.000000
0.793562
0.000000
1.249943
0.000000
2.955421
0.000000
0.000000
0.000000
0.388781
0.000000
1.918407
1.020517
0.000000
0.000000
0.000000
0.000000
0.000000
0.000000
0.000000
2.279471
0.593387
0.000000
0.000000
0.000000
0.961856
0.000000
1.564978
0.000000
0.747391
0.242304
0.000000
0.872844
0.000000
0.000000
0.000000
0.000000
0.000000
1.757977
0.777161
0.000000
0.000000
0.000000
0.000000
0.000000
0.000000
0.000000
0.000000
0.000000
1.509151
1.131415
0.000000
0.992783
0.000000
0.000000
0.000000
0.526021
0.000000
0.000000
0.000000
0.000000
2.205062
0.000000
0.000000
1.582258
1.238048
0.302246
0.000000
0.000000
0.638509
0.000000
0.000000
1.550680
1.660712
0.000000
0.000000
0.000000
0.000000
0.000000
0.000000
0.000000
0.007375
0.000000
0.000000
0.000000
0.265761
0.000000
0.739722
0.000000
0.000000
0.000000
0.000000
0.639963
0.000000
0.000000
0.000000
1.248089
0.000000
3.052222
0.000000
0.000000
0.000000
0.000000
2.731324
1.178002
0.000000
0.835101
0.000000
0.000000
2.155449
0.000000
0.000000
0.000000
0.000000
0.000000
0.000000
0.000000
0.317596
1.769216
0.000000
0.270873
0.000000
0.598050
0.000000
0.937496
0.000000
0.440728
0.901503
0.000000
0.614075
0.259789
0.776990
0.000000
1.241864
0.000000
0.000000
0.000000
0.000000
1.288504
0.000000
0.000000
0.000000
0.000000
0.000000
0.000000
0.000000
0.000000
1.303144
1.259954
0.000000
0.406039
0.000000
0.000000
0.000000
2.092001
0.000000
0.000000
0.000000
0.000000
0.380381
0.000000
0.000000
0.000000
0.000000
0.584716
1.952700
0.000000
0.000000
3.080865
0.000000
2.182404
0.000000
0.000000
0.000000
0.000000
0.000000
1.488272
0.000000
0.337339
0.000000
0.000000
0.000000
0.000000
1.317041
0.000000
0.000000
0.000000
0.000000
0.000000
1.367742
0.000000
2.648819
0.000000
1.675690
0.000000
0.000000
0.000000
0.000000
0.545553
0.000000
0.000000
0.000000
0.377906
0.000000
0.000000
0.000000
3.274424
0.000000
0.000000
0.000000
0.000000
0.000000
1.762160
1.610183
0.000000
0.000000
0.000000
0.000000
0.000000
0.000000
0.000000
0.000000
0.000000
0.000000
0.000000
0.000000
0.000000
0.329219
0.000000
0.250066
0.000000
0.000000
2.284373
0.325338
0.000000
0.000000
0.726382
0.000000
0.123378
0.000000
0.224297
1.663193
0.000000
0.000000
1.117723
1.026993
0.000000
0.000000
0.000000
3.117439
0.000000
0.000000
0.000000
0.000000
0.000000
4.377889
0.884406
1.608248
0.000000
0.000000
0.000000
0.000000
0.000000
0.870398
4.631107
0.000000
0.000000
0.000000
0.000000
0.000000
1.407491
0.000000
0.981213
0.000000
0.000000
0.000000
0.000000
0.000000
0.000000
0.000000
0.000000
0.219025
0.000000
0.000000
0.000000
0.000000
0.000000
3.650394
0.000000
0.000000
0.000000
0.000000
1.161090
0.000000
0.000000
0.000000
0.000000
0.000000
0.000000
0.000000
0.000000
0.165093
0.000000
0.000000
0.000000
0.000000
0.000000
1.586571
0.000000
0.455353
0.000000
0.000000
0.000000
0.000000
0.000000
0.000000
0.000000
0.000000
1.915508
0.000000
0.000000
1.303140
0.000000
0.000000
0.000000
0.000000
0.000000
0.000000
1.158329
0.000000
0.000000
0.000000
0.000000
0.000000
0.380385
0.000000
0.000000
0.000000
0.000000
0.000000
0.000000
1.458263
0.000000
0.000000
0.000000
0.000000
0.174944
2.203197
0.000000
0.000000
0.000000
0.000000
0.000000
0.000000
0.000000
0.000000
0.000000
0.000000
0.000000
0.000000
0.000000
0.000000
0.000000
0.000000
0.000000
0.000000
0.000000
0.000000
0.000000
0.000000
0.000000
0.000000
1.585565
0.000000
0.000000
1.473931
0.411253
0.000000
0.000000
2.365730
0.000000
0.000000
0.000000
0.009208
0.000000
0.000000
0.000000
0.000000
1.562288
0.000000
0.000000
0.000000
0.000000
1.947328
0.000000
0.000000
0.000000
0.000000
0.000000
0.000000
0.544091
0.000000
0.000000
0.116712
0.000000
0.000000
0.000000
0.000000
0.000000
0.000000
0.000000
0.000000
0.000000
0.000000
0.000000
0.000000
0.119934
0.304161
0.000000
0.000000
0.000000
0.000000
0.000000
0.000000
0.000000
2.450260
0.899973
0.000000
0.000000
1.334741
0.000000
0.000000
0.000000
0.000000
0.000000
0.000000
0.000000
0.000000
0.000000
0.508602
0.000000
0.000000
0.000000
2.713921
0.820255
0.000000
0.000000
0.000000
0.000000
0.000000
1.549140
0.000000
0.575312
0.000000
1.895339
0.469723
0.000000
0.000000
0.875633
0.706557
0.000000
0.000000
0.000000
0.000000
2.472561
0.000000
0.000000
0.000000
0.000000
0.000000
0.000000
0.000000
0.000000
0.000000
0.000000
0.000000
0.000000
0.000000
1.060542
0.000000
1.947423
0.997737
0.000000
0.000000
0.000000
0.000000
0.000000
0.000000
0.000000
0.322965
0.000000
0.000000
0.000000
0.835938
0.000000
1.407076
0.000000
0.000000
0.000000
0.000000
0.000000
0.000000
0.084651
0.000000
2.830138
0.000000
0.000000
0.000000
0.000000
0.000000
0.434103
0.000000
0.000000
1.414300
0.000000
1.401348
1.859912
0.000000
0.072962
0.000000
0.000000
1.646075
2.212499
0.000000
0.000000
0.000000
0.118416
0.000000
0.000000
0.000000
0.000000
0.000000
0.000000
0.597968
0.000000
0.000000
0.000000
0.000000
0.000000
2.402540
0.076210
0.000000
0.000000
0.000000
0.000000
0.000000
0.000000
0.000000
1.916371
0.000000
0.000000
0.000000
0.000000
0.000000
0.000000
0.000000
0.000000
0.000000
0.000000
0.000000
0.000000
0.000000
0.000000
0.948773
1.575887
1.069441
0.000000
0.000000
2.209428
0.000000
0.121999
0.000000
0.000000
0.268571
0.000000
0.471385
1.647763
0.000000
0.000000
1.138862
0.000000
0.000000
0.000000
0.000000
0.000000
0.000000
0.000000
0.000000
0.000000
0.000000
0.000000
0.000000
0.000000
0.000000
0.235459
0.000000
0.000000
0.000000
0.000000
0.000000
0.000000
0.000000
0.000000
0.000000
0.000000
0.752451
0.000000
0.000000
0.000000
0.000000
0.000000
0.000000
0.000000
0.000000
0.657366
0.000000
0.854520
0.000000
0.707452
0.000000
0.000000
0.348380
0.000000
0.000000
0.000000
0.000000
0.000000
0.000000
0.000000
0.000000
0.000000
0.000000
0.000000
0.743141
0.000000
0.000000
0.000000
0.000000
0.000000
0.012973
3.767006
0.000000
0.000000
1.454124
0.000000
0.000000
0.000000
0.000000
0.000000
0.000000
0.000000
0.000000
0.000000
0.873972
0.325205
3.185525
0.000000
0.000000
0.142599
0.000000
0.000000
0.397370
0.000000
0.000000
0.000000
0.000000
0.000000
0.000000
0.000000
0.000000
0.000000
0.000000
0.000000
1.499219
0.000000
0.000000
0.000000
1.137578
0.000000
0.000000
0.000000
0.000000
0.000000
0.000000
0.000000
0.000000
0.000000
0.000000
0.000000
1.165726
0.624794
0.000000
0.000000
0.000000
1.103414
2.554625
0.000000
0.000000
1.537088
0.000000
0.000000
0.000000
0.000000
0.000000
0.000000
0.000000
0.000000
0.000000
0.000000
0.000000
0.000000
0.000000
0.000000
0.000000
0.000000
1.376207
0.000000
0.000000
0.000000
0.219050
0.000000
0.000000
0.000000
0.000000
0.000000
0.000000
0.000000
0.000000
0.000000
0.820890
0.000000
0.000000
0.000000
0.000000
0.000000
0.000000
0.000000
0.000000
0.000000
0.000000
0.000000
0.000000
0.000000
1.399647
0.000000
2.476611
0.000000
2.237742
0.295559
0.000000
0.000000
0.288935
0.000000
1.005800
0.000000
0.000000
0.000000
0.000000
2.662324
0.000000
0.000000
0.000000
0.000000
0.000000
1.232242
0.000000
0.000000
0.000000
0.866886
0.826684
2.670179
0.000000
0.000000
0.000000
0.000000
0.000000
0.000000
0.000000
0.000000
0.000000
1.000779
0.000000
0.000000
1.753789
0.000000
0.000000
0.000000
2.473882
1.483562
0.000000
0.000000
0.000000
0.000000
0.000000
0.000000
0.000000
1.228972
0.000000
0.888652
0.000000
0.000000
0.000000
0.000000
0.000000
0.000000
0.231211
0.000000
0.000000
0.000000
0.000000
0.451030
0.000000
0.537403
0.000000
0.000000
0.000000
0.000000
0.348058
0.272969
0.000000
0.000000
0.000000
0.000000
0.000000
0.000000
0.000000
0.000000
0.000000
0.949987
0.000000
0.862706
0.000000
0.000000
0.000000
0.000000
0.064599
0.000000
0.000000
0.000000
0.000000
2.071903
0.000000
0.000000
4.806676
0.000000
0.000000
0.000000
0.676527
0.000000
0.000000
0.206556
0.000000
0.000000
0.000000
0.000000
0.000000
0.877516
0.000000
0.000000
0.000000
0.000000
0.350499
0.000000
1.557037
0.000000
0.000000
0.000000
0.000000
0.000000
0.000000
0.000000
0.894340
0.000000
0.000000
0.000000
0.000000
0.000000
0.000000
1.544377
0.496988
0.000000
0.000000
0.000000
0.616562
0.000000
0.000000
0.000000
1.170222
0.000000
0.000000
0.000000
0.000000
0.967302
0.000000
4.097147
0.000000
0.000000
0.000000
2.450219
0.000000
0.000000
1.370501
0.000000
0.000000
0.140136
0.000000
2.303400
0.000000
0.000000
0.000000
0.000000
0.000000
1.568902
0.000000
0.000000
0.000000
0.000000
0.000000
0.256888
0.724793
0.000000
0.311342
0.000000
0.000000
1.934976
0.000000
0.000000
0.432399
0.000000
0.000000
0.000000
0.000000
0.000000
0.000000
0.000000
0.000000
2.658553
0.000000
0.000000
0.000000
1.230090
1.265751
0.000000
0.000000
0.294520
0.000000
0.796920
0.000000
0.000000
0.000000
0.000000
0.000000
0.000000
0.453289
0.000000
0.000000
0.000000
0.000000
0.231976
3.723331
0.000000
0.118464
0.000000
0.000000
0.000000
1.023795
1.367855
0.000000
0.000000
0.000000
0.491357
0.000000
0.066805
0.000000
0.000000
0.000000
0.000000
0.000000
0.000000
0.000000
0.000000
0.549961
0.000000
2.365088
0.000000
0.000000
0.000000
0.000000
0.417590
0.000000
0.512105
0.000000
0.000000
0.000000
0.000000
0.000000
0.000000
0.000000
1.128437
0.501035
0.000000
2.096967
0.000000
0.000000
0.077405
0.000000
0.000000
2.439546
0.999033
0.000000
0.000000
0.000000
0.000000
1.601555
0.000000
0.000000
1.281101
0.000000
0.000000
0.000000
0.000000
0.000000
0.000000
0.506770
0.000000
0.000000
0.000000
0.000000
0.000000
0.000000
0.000000
0.000000
2.014884
0.000000
0.643560
0.000000
0.000000
0.000000
0.000000
0.000000
0.043294
0.000000
0.000000
1.732834
0.000000
2.240872
0.000000
0.000000
0.000000
0.000000
0.023605
0.000000
0.700458
0.000000
1.046894
1.166579
0.000000
0.000000
2.242711
0.000000
0.000000
0.000000
0.000000
0.000000
0.000000
0.000000
0.000000
0.719265
0.000000
0.000000
1.200365
0.000000
0.000000
0.080240
0.000000
0.000000
0.000000
0.000000
0.567578
0.000000
0.000000
0.000000
0.000000
0.344683
0.000000
0.000000
0.000000
0.000000
0.000000
0.000000
2.960091
0.000000
0.306862
0.977465
0.000000
0.000000
0.000000
0.000000
0.000000
0.205541
0.000000
1.053024
0.000000
0.000000
0.000000
1.781064
0.294490
0.000000
0.000000
0.000000
0.000000
0.000000
2.105453
0.000000
0.199132
0.000000
0.000000
0.576405
0.790264
0.631832
0.118352
0.000000
0.000000
0.000000
0.000000
0.000000
0.000000
0.000000
0.000000
0.000000
0.000000
0.000000
0.000000
0.000000
0.000000
0.000000
0.000000
0.000000
0.000000
0.590007
3.150082
2.060668
0.000000
0.377125
0.000000
2.619963
0.000000
0.000000
0.000000
0.000000
0.000000
0.515061
0.000000
0.000000
1.597453
0.523101
0.000000
1.125648
0.000000
0.000000
0.000000
0.863653
0.000000
0.000000
0.242898
1.499362
0.885506
0.000000
0.000000
0.000000
0.000000
0.000000
0.000000
0.000674
1.542859
0.000000
0.000000
0.000000
0.000000
0.000000
0.000000
0.000000
0.000000
0.470305
0.040386
0.000000
0.000000
0.549311
0.000000
0.000000
0.000000
1.521463
0.000000
0.000000
0.000000
0.000000
0.000000
2.561449
0.000000
1.118273
0.332313
0.847239
0.223611
0.000000
0.238067
0.000000
0.000000
1.992314
0.000000
0.046346
0.000000
0.000000
0.000000
0.000000
0.000000
0.913222
0.000000
0.000000
0.000000
0.000000
0.000000
0.000000
0.000000
0.204081
0.000000
0.000000
0.000000
0.000000
0.000000
0.000000
0.000000
0.000000
0.000000
1.695101
0.000000
0.000000
0.000000
0.000000
0.651807
0.000000
0.000000
0.125947
0.000000
0.000000
0.000000
0.194026
0.575285
0.937639
0.000000
0.000000
0.000000
0.000000
0.000000
3.375530
0.573505
0.000000
0.000000
0.000000
0.000000
0.000000
0.000000
0.000000
0.000000
0.000000
0.000000
0.000000
0.038289
0.000000
0.000000
0.000000
0.000000
0.000000
0.000000
4.169602
0.000000
0.000000
0.000000
0.000000
0.000000
0.962009
0.000000
0.027687
0.000000
0.000000
0.000000
0.686606
0.000000
2.361978
0.459857
0.000000
0.000000
0.000000
0.000000
0.039033
0.841760
0.000000
0.627709
0.000000
0.000000
0.000000
0.000000
0.000000
2.348020
0.000000
0.000000
0.000000
2.080722
0.000000
1.123030
0.000000
0.000000
0.000000
0.000000
0.250142
0.000000
0.000000
0.000000
0.000000
0.000000
0.000000
0.000000
0.000000
0.000000
0.000000
0.002591
0.000000
0.401221
0.908904
0.000000
0.000000
0.000000
1.032926
0.000000
0.000000
0.000000
0.000000
0.000000
0.000000
0.000000
0.000000
0.000000
0.000000
0.000000
0.000000
2.756415
0.541786
0.000000
0.000000
0.594301
0.214361
0.000000
0.000000
0.728152
0.000000
0.160057
0.000000
0.000000
0.000000
0.000000
0.000000
0.000000
0.000000
0.753010
0.910488
0.000000
0.588567
0.000000
0.000000
0.000000
0.000000
0.298312
0.000000
0.039883
0.000000
0.000000
0.000000
0.000000
0.000000
0.000000
0.000000
0.000000
0.000000
0.000000
0.000000
0.000000
0.000000
0.159192
0.000000
0.960646
0.000000
1.188951
0.000000
0.000000
0.000000
0.000000
0.000000
0.000000
0.000000
0.000000
0.000000
0.000000
1.496075
0.000000
0.087163
0.000000
0.000000
0.000000
0.000000
0.408560
0.000000
0.000000
0.000000
