0.000000
0.000000
0.000000
0.000000
0.000000
0.000000
1.699748
0.018686
0.000000
0.000000
0.000000
0.000000
0.684971
2.025054
0.000000
0.000000
0.000000
0.000000
0.000000
0.000000
0.000000
0.980970
0.000000
1.383255
0.000000
4.165421
0.000000
0.276313
1.503587
0.294866
3.983528
1.464811
0.000000
0.000000
2.022089
0.266541
0.000000
0.000000
0.000000
0.000000
0.000000
0.033640
0.000000
0.000000
0.313433
0.000000
1.234662
0.402605
0.000000
0.000000
0.429017
0.000000
0.000000
0.000000
3.147362
0.645669
0.000000
0.000000
0.000000
0.000000
0.000000
0.000000
2.537825
0.000000
0.000000
0.844901
0.000000
0.000000
0.000000
0.000000
0.000000
0.000000
1.691374
0.000000
0.000000
0.913496
0.000000
0.000000
0.000000
3.654518
0.000000
0.000000
0.518910
0.000000
0.000000
3.060952
0.000000
0.346800
0.000000
0.000000
0.000000
0.252899
0.004253
0.000000
1.215276
0.000000
0.000000
3.636197
0.000000
0.632217
0.000000
0.000000
0.000000
0.000000
1.972452
0.868283
1.312042
0.000000
0.000000
0.000000
0.000000
1.946236
0.000000
0.912586
1.501736
0.000000
0.000000
0.000000
0.000000
0.000000
0.000000
0.000000
0.000000
0.137014
4.080955
1.120464
0.000000
0.000000
0.000000
0.000000
0.000000
0.000000
0.000000
0.000000
0.000000
0.610280
4.591579
1.123029
0.000000
0.000000
1.153063
5.632015
0.000000
0.555583
0.000000
0.000000
0.000000
0.049256
0.000000
0.000000
3.549971
0.168850
0.000000
2.462107
0.000000
0.000000
0.000000
0.000000
0.000000
0.000000
1.791025
0.000000
0.000000
1.238996
0.000000
0.000000
0.000000
0.000000
0.000000
0.825868
0.000000
0.000000
0.003907
0.000000
0.000000
0.000000
2.216377
0.000000
0.000000
0.000000
0.000000
2.838359
0.000000
0.000000
0.000000
0.397181
1.126364
3.323515
0.000000
0.000000
4.051629
0.000000
0.000000
0.000000
0.000000
4.126782
3.031747
0.844386
0.000000
0.000000
0.000000
0.000000
0.000000
0.000000
0.000000
0.000000
0.000000
0.000000
3.030566
1.713098
0.000000
0.000000
0.475487
0.000000
0.000000
0.000000
5.886529
0.000000
0.455462
0.000000
0.000000
0.000000
0.000000
1.907440
0.000000
0.000000
3.573252
0.000000
0.000000
0.724721
1.614055
0.000000
0.990416
0.000000
0.000000
0.000000
0.000000
0.000000
0.000000
0.000000
1.912141
0.000000
3.591819
0.000000
0.440361
0.000000
0.000000
0.000000
0.000000
0.000000
0.000000
0.000000
0.774334
0.000000
0.000000
1.390056
0.000000
0.000000
0.000000
0.000000
0.000000
0.000000
0.000000
1.539042
0.000000
0.000000
0.000000
0.000000
0.677345
0.000000
0.000000
0.000000
0.000000
0.000000
0.000000
0.000000
2.326376
0.000000
0.000000
0.155698
0.000000
0.000000
0.559032
0.000000
0.718732
0.000000
0.000000
0.000000
0.000000
0.000000
0.000000
0.000000
0.000000
1.954961
0.000000
1.976369
0.000000
0.000000
0.058961
0.000000
0.000000
0.000000
0.775725
0.000000
0.539036
0.000000
0.677467
0.957368
0.000000
0.000000
0.000000
0.000000
0.255658
0.000000
0.022254
0.000000
0.000000
0.000000
0.000000
0.000000
4.072609
0.000000
0.000000
0.000000
0.000000
0.000000
1.756028
0.393485
0.000000
0.000000
0.619601
0.000000
0.000000
0.091338
0.000000
0.000000
0.000000
0.000000
0.000000
0.000000
0.000000
0.000000
0.901255
0.000000
0.000000
0.133419
0.000000
0.553784
0.000000
0.000000
0.325891
0.450337
0.235515
0.000000
0.000000
0.000000
0.000000
0.000000
0.000000
0.000000
0.824512
0.000000
0.000000
0.394705
0.000000
0.000000
0.000000
1.009871
2.093560
0.000000
0.000000
0.000000
0.000000
0.000000
0.000000
0.000000
0.000000
0.000000
0.849935
0.000000
0.000000
0.000000
0.000000
0.000000
2.182106
0.000000
0.000000
0.000000
0.000000
0.000000
0.000000
0.550050
1.573428
0.000000
0.000000
0.000000
0.829744
0.000000
0.000000
0.000000
0.000000
0.000000
0.000000
0.027259
0.000000
1.920958
0.000000
0.000000
1.580745
0.000000
0.000000
0.000000
0.000000
1.662398
0.000000
0.000000
0.007936
0.000000
2.138827
0.000000
0.000000
0.000000
2.572208
0.758539
0.000000
0.000000
0.000000
0.030867
1.128613
0.000000
0.215619
0.000000
0.000000
0.000000
0.000000
0.000000
0.000000
0.096915
0.000000
0.000000
0.000000
0.000000
0.000000
0.000000
0.398483
3.065195
0.000000
0.000000
0.000000
0.000000
0.226671
0.000000
0.000000
0.000000
0.000000
0.000000
0.000000
0.000000
0.000000
0.000000
2.979545
0.000000
0.000000
0.111634
0.999779
0.671676
0.314121
0.000000
0.000000
0.000000
0.000000
0.000000
0.000000
2.061223
0.866385
0.000000
0.000000
0.000000
0.000000
1.450697
0.000000
1.034637
0.000000
1.854726
0.000000
0.000000
1.764241
0.000000
3.356425
0.000000
0.000000
0.000000
0.000000
0.000000
0.000000
0.000000
0.000000
0.000000
0.000000
0.000000
0.000000
0.000000
0.000000
0.000000
0.000000
0.000000
0.000000
0.000000
0.000000
0.000000
2.198851
0.000000
0.000000
1.519200
0.000000
0.000000
0.000000
0.000000
0.000000
0.414078
0.000000
0.000000
0.000000
0.000000
0.000000
4.756053
0.000000
0.000000
0.000000
0.000000
1.212736
0.000000
0.000000
0.905440
0.000000
0.000000
0.000000
0.000000
0.000000
0.000000
0.000000
0.000000
0.000000
0.000000
3.212109
0.000000
0.000000
3.051288
0.000000
1.165934
0.000000
0.000000
2.614220
0.000000
0.000000
0.000000
0.000000
0.000000
0.000000
0.000000
0.000000
0.000000
0.000000
0.000000
0.000000
0.000000
2.496730
0.000000
3.247591
1.803587
0.000000
0.000000
0.000000
0.000000
0.000000
0.000000
2.139008
0.000000
0.000000
0.000000
0.000000
0.000000
1.501366
0.000000
0.000000
0.000000
0.000000
0.000000
0.000000
0.000000
0.000000
0.176590
0.000000
0.000000
0.000000
1.262262
0.000000
0.000000
0.000000
0.000000
0.000000
1.612077
0.000000
0.000000
0.000000
0.000000
0.000000
0.000000
0.000000
1.875037
2.919249
0.000000
0.000000
0.136469
0.000000
0.000000
0.403492
0.000000
0.000000
0.000000
1.511874
0.000000
0.000000
0.000000
0.000000
0.000000
0.000000
0.000000
0.000000
0.000000
1.552131
0.000000
0.000000
0.000000
0.000000
0.000000
2.363631
0.000000
4.676757
0.000000
1.363058
0.000000
0.000000
2.647283
0.000000
0.000000
0.000000
0.000000
1.012028
1.294819
5.758779
0.000000
0.000000
0.000000
0.000000
0.000000
0.000000
0.000000
0.000000
0.000000
0.363292
0.000000
0.000000
0.000000
0.000000
1.283501
1.515530
0.000000
2.186509
2.996756
0.000000
0.000000
0.000000
0.000000
0.000000
0.000000
0.623531
0.181260
0.564994
0.000000
1.071137
0.000000
0.000000
0.000000
0.000000
0.000000
0.000000
0.000000
0.000000
0.000000
0.000000
0.000000
0.000000
0.000000
3.204559
0.000000
0.000000
0.000000
2.511089
0.000000
0.000000
0.000000
0.000000
0.000000
0.000000
0.000000
0.000000
0.589718
0.000000
0.000000
0.000000
0.000000
1.639802
0.000000
0.000000
0.000000
0.000000
0.873977
0.000000
0.085357
0.000000
0.000000
0.000000
1.126595
0.342886
0.000000
0.831219
0.000000
0.000000
0.000000
0.000000
0.000000
0.000000
0.000000
0.000000
0.000000
0.000000
0.000000
0.000000
0.147412
0.000000
0.000000
0.000000
0.000000
0.000000
0.000000
0.000000
0.395649
0.000000
0.000000
0.000000
0.000000
0.000000
0.000000
0.000000
0.000000
0.000000
3.784025
0.000000
0.673688
6.573331
0.000000
0.000000
0.000000
1.471422
0.000000
0.573962
0.000000
0.000000
0.131684
0.471960
0.000000
0.000000
0.000000
0.000000
0.000000
0.000000
0.000000
0.000000
0.000000
0.000000
0.914848
1.822865
1.855999
1.341410
0.000000
0.000000
0.000000
0.000000
0.000000
0.000000
0.854223
0.000000
1.110869
0.451748
0.000000
0.000000
0.000000
0.000000
1.188674
0.000000
0.000000
0.000000
3.671119
0.000000
0.000000
0.000000
0.000000
0.000000
0.000000
0.000000
2.746809
1.170824
0.000000
0.000000
0.000000
0.000000
0.000000
0.000000
0.000000
0.000000
1.359049
0.000000
0.000000
0.000000
0.000000
0.000000
0.000000
0.000000
0.000000
0.000000
0.000000
0.000000
0.000000
0.745705
0.000000
0.000000
0.000000
0.985931
0.000000
0.000000
0.000000
0.000000
0.000000
0.000000
1.454532
0.000000
0.000000
0.000000
0.000000
1.274729
0.000000
0.934615
1.557089
1.154423
0.000000
0.000000
0.000000
0.519587
0.000000
0.000000
0.000000
0.000000
0.000000
0.000000
0.000000
0.000000
0.000000
0.000000
0.000000
0.000000
0.000000
0.000000
0.000000
0.000000
0.000000
0.000000
0.000000
2.809923
0.000000
0.000000
0.000000
0.000000
0.000000
0.000000
0.000000
0.000000
0.000000
1.094176
1.350857
0.000000
0.914603
0.000000
0.000000
0.000000
0.000000
0.000000
0.000000
0.000000
0.000000
0.000000
0.000000
0.000000
1.885085
0.000000
0.000000
0.000000
0.000000
0.000000
0.000000
0.000000
0.000000
0.000000
0.000000
0.000000
0.000000
0.000000
0.000000
3.368436
0.000000
0.000000
0.000000
0.000000
0.000000
1.112078
0.000000
0.000000
0.000000
2.326337
0.000000
0.000000
0.000000
0.000000
0.000000
0.000000
0.000000
1.847235
5.026408
0.000000
2.227879
0.000000
0.000000
0.000000
0.000000
0.000000
0.000000
0.000000
0.000000
0.000000
1.460242
0.000000
0.000000
0.775645
0.000000
0.734016
0.000000
0.000000
0.000000
0.000000
0.000000
2.274371
0.000000
0.000000
0.000000
0.652173
0.000000
0.112850
0.000000
0.000000
0.018184
0.000000
0.000000
0.000000
0.000000
0.000000
1.748379
1.770669
0.000000
0.000000
0.894598
0.000000
0.000000
0.000000
0.000000
0.000000
0.000000
0.000000
0.000000
0.000000
0.000000
0.000000
0.000000
0.000000
0.000000
0.000000
1.279776
0.000000
0.000000
0.000000
0.000000
0.000000
0.000000
1.667955
0.000000
0.156573
0.000000
0.000000
0.000000
0.000000
0.000000
0.000000
0.000000
0.257675
0.000000
0.000000
0.000000
0.408577
0.000000
1.621698
0.000000
0.000000
0.000000
0.000000
0.000000
0.000000
0.000000
1.157750
0.000000
0.000000
0.000000
0.000000
0.000000
0.000000
0.002078
0.000000
0.000000
0.000000
0.000000
0.000000
0.000000
0.000000
0.000000
0.756637
0.000000
4.514525
0.000000
0.000000
0.772336
0.000000
2.908769
0.000000
0.000000
0.000000
0.870001
1.707555
0.000000
0.000000
0.000000
0.254516
0.000000
0.000000
0.000000
0.000000
0.000000
6.490080
0.000000
0.000000
0.000000
1.218665
0.000000
0.000000
2.813753
0.000000
0.000000
3.050424
0.000000
0.000000
0.000000
0.000000
0.000000
0.000000
0.000000
0.000000
0.000000
0.000000
0.000000
0.968323
5.398266
0.000000
0.000000
0.000000
0.000000
0.000000
0.000000
1.794611
0.000000
0.000000
0.355665
0.000000
1.567657
0.779821
0.000000
0.000000
0.000000
0.000000
0.000000
0.000000
0.000000
0.361858
0.784951
0.000000
0.000000
1.459382
0.000000
0.000000
0.000000
0.000000
0.870772
0.000000
0.000000
0.702358
0.000000
0.000000
0.000000
0.000000
0.000000
0.000000
0.144326
0.940275
0.000000
0.000000
0.000000
1.701805
2.123398
0.000000
1.589598
0.000000
0.000000
0.000000
0.000000
0.977872
0.000000
0.000000
0.000000
0.000000
0.000000
0.000000
0.000000
0.000000
0.455600
0.000000
0.000000
1.626394
2.168741
0.000000
0.000000
0.000000
0.000000
0.000000
0.000000
0.000000
0.000000
0.000000
1.455458
0.000000
0.000000
1.097914
0.000000
0.000000
0.000000
0.001450
0.000000
0.000000
1.193620
0.000000
0.000000
0.000000
0.000000
0.000000
0.000000
0.000000
0.000000
0.000000
1.594306
0.822615
0.000000
0.000000
0.000000
1.283291
0.000000
0.000000
1.204772
0.302306
0.000000
0.000000
2.608110
0.000000
0.000000
0.000000
0.000000
0.000000
0.000000
0.000000
0.000000
0.000000
2.764740
0.000000
0.882101
0.000000
0.176932
0.000000
0.000000
0.000000
0.000000
0.000000
0.000000
0.000000
0.380435
0.000000
1.336992
1.069273
0.000000
2.396038
0.000000
0.000000
0.000000
0.000000
2.607606
0.000000
0.000000
0.000000
0.000000
0.000000
0.000000
3.256872
0.000000
0.000000
0.000000
0.000000
0.000000
0.165484
0.389855
0.673913
0.000000
0.000000
1.910400
0.000000
0.773227
0.000000
0.000000
0.000000
0.000000
0.103816
0.000000
0.000000
0.000000
0.000000
0.000000
0.000000
1.696931
1.393367
0.000000
0.000000
0.000000
0.000000
0.000000
0.000000
0.000000
0.000000
0.000000
0.000000
0.000000
0.000000
2.874634
0.000000
0.000000
0.000000
0.000000
0.000000
0.000000
0.000000
0.000000
0.000000
2.493289
0.000000
0.000000
0.000000
0.581405
0.000000
0.000000
2.660684
0.000000
0.000000
0.000000
0.000000
0.000000
0.000000
0.000000
0.000000
0.000000
0.000000
0.000000
0.000000
0.000000
0.958169
0.000000
0.000000
0.000000
0.000000
0.000000
0.000000
0.000000
0.000000
0.000000
0.000000
0.000000
0.000000
0.000000
0.000000
0.000000
1.164928
0.000000
0.000000
0.000000
0.000000
0.000000
0.000000
1.626200
0.000000
0.000000
0.000000
0.458040
0.000000
3.865101
0.000000
0.000000
0.092706
0.000000
0.000000
0.000000
0.000000
0.805304
0.375935
0.000000
0.000000
0.000000
0.000000
0.000000
0.000000
0.000000
0.352794
0.000000
0.000000
0.000000
0.000000
0.472540
0.000000
0.537236
0.000000
0.000000
0.000000
0.000000
0.000000
0.000000
1.464264
1.594314
0.000000
0.000000
2.007164
1.751327
0.000000
0.000000
0.000000
0.000000
2.743276
0.000000
0.768820
0.000000
0.000000
0.000000
0.000000
0.000000
0.000000
0.808244
0.000000
3.138063
0.000000
0.000000
0.000000
1.340538
0.000000
0.604576
0.000000
0.000000
0.000000
0.000000
0.000000
0.048506
0.000000
0.000000
0.000000
0.000000
0.000000
0.000000
0.489220
0.000000
0.000000
0.000000
1.006040
0.000000
0.000000
0.000000
0.973027
0.000000
1.986666
0.000000
0.000000
0.000000
0.000000
0.000000
0.000000
0.459700
0.000000
0.000000
0.000000
0.000000
0.000000
0.000000
0.000000
0.000000
0.000000
0.000000
0.000000
0.000000
0.000000
0.356866
0.000000
0.000000
0.000000
0.000000
0.000000
1.012065
0.000000
0.000000
4.078854
1.008149
2.450173
2.601393
2.801344
0.000000
0.000000
0.000000
0.732412
1.215913
0.000000
0.000000
0.000000
0.000000
0.000000
0.000000
0.000000
0.000000
0.000000
0.000000
0.000000
0.000000
0.000000
0.000000
0.000000
0.000000
0.000000
1.951769
0.000000
0.000000
0.000000
0.000000
0.250945
1.605221
0.000000
0.000000
0.000000
0.000000
0.000000
0.480751
0.000000
0.000000
0.951374
0.000000
0.000000
0.000000
3.121641
0.000000
0.000000
0.000000
0.000000
0.000000
0.000000
1.817185
1.121201
0.000000
0.000000
0.000000
1.238738
0.000000
0.000000
0.000000
0.000000
3.632172
0.000000
0.000000
0.000000
0.235520
0.000000
0.000000
0.159657
0.000000
1.171065
0.000000
0.000000
2.373899
0.000000
0.357546
1.481334
0.000000
0.000000
0.149010
3.259900
0.000000
0.000000
2.861214
0.000000
0.000000
0.000000
0.000000
0.000000
2.250437
0.000000
0.000000
0.000000
0.000000
0.561363
0.000000
0.000000
0.000000
7.196517
0.000000
0.000000
0.000000
0.000000
0.000000
1.150900
0.000000
2.600255
0.000000
0.000000
0.000000
0.000000
1.537210
0.000000
0.000000
0.000000
0.000000
0.000000
0.000000
0.000000
0.000000
0.000000
0.000000
0.000000
0.000000
0.000000
0.000000
0.000000
0.000000
0.000000
0.000000
2.427896
1.983835
0.000000
0.551638
0.000000
0.000000
0.799538
0.000000
0.000000
1.118477
0.000000
0.000000
2.712400
0.000000
0.153662
0.000000
0.000000
0.000000
0.000000
0.000000
0.000000
0.000000
0.000000
0.000000
0.000000
0.048356
0.000000
0.593944
0.000000
0.000000
0.000000
0.000000
0.723231
0.000000
0.000000
0.845528
0.000000
0.000000
0.000000
0.000000
0.000000
0.000000
0.000000
0.000000
0.000000
4.484562
0.363493
0.000000
0.000000
0.000000
0.000000
1.960782
0.000000
0.029362
0.000000
3.169277
0.000000
0.794784
0.000000
0.000000
0.000000
0.000000
0.000000
0.000000
2.851018
0.000000
1.220101
0.000000
0.000000
0.000000
0.000000
0.038535
0.000000
0.847746
0.117004
0.000000
0.000000
0.000000
0.000000
1.446842
1.161258
0.000000
0.000000
0.000000
0.000000
0.000000
0.000000
0.207262
0.000000
0.086320
0.000000
0.000000
2.624170
0.000000
0.000000
0.000000
0.000000
0.000000
0.996345
0.000000
0.000000
0.000000
1.564978
3.900683
0.236260
0.000000
0.000000
0.000000
0.000000
0.000000
0.000000
0.000000
0.000000
0.000000
3.728376
0.000000
0.000000
0.000000
0.000000
0.797849
0.000000
0.000000
2.659781
0.606395
0.000000
0.010248
0.000000
0.000000
0.000000
0.000000
0.000000
1.649186
0.317284
0.000000
0.000000
0.000000
0.000000
0.423393
0.000000
1.512590
0.000000
0.000000
0.000000
0.000000
0.000000
0.000000
0.000000
0.000000
0.000000
0.000000
0.355267
0.790426
0.505386
0.000000
0.000000
0.000000
0.381981
0.000000
0.000000
4.440251
2.254654
0.034155
0.000000
0.000000
0.000000
0.000000
0.000000
0.000000
0.000000
0.000000
0.000000
0.582348
0.249661
1.323637
2.520042
0.000000
2.660815
3.082379
0.359008
0.000000
0.000000
1.627235
0.000000
0.000000
0.000000
4.086039
0.083345
0.000000
0.000000
0.000000
0.000000
0.000000
0.000000
0.000000
3.259240
0.000000
0.058598
0.000000
0.000000
0.000000
1.113493
0.000000
1.753386
1.776818
0.000000
0.000000
0.000000
0.000000
0.000000
0.000000
0.000000
0.492923
0.000000
1.513835
0.000000
0.000000
0.000000
2.097922
0.000000
0.000000
0.000000
0.000000
0.000000
3.941761
1.192029
0.000000
0.000000
0.000000
0.000000
0.000000
0.303246
0.000000
0.000000
0.524198
0.864064
0.720149
1.610722
0.000000
0.000000
0.000000
0.000000
1.031804
0.000000
0.000000
2.577480
0.000000
0.000000
0.000000
0.000000
0.000000
0.124845
0.000000
0.000000
4.098283
1.451496
1.089466
0.000000
0.000000
0.000000
0.000000
0.000000
2.099144
1.120913
0.203302
0.000000
0.000000
0.000000
0.000000
0.000000
0.000000
0.000000
0.813684
0.000000
0.000000
0.000000
0.467338
0.000000
0.000000
0.000000
0.000000
0.000000
0.000000
0.000000
1.033990
2.431713
0.000000
0.000000
0.000000
0.000000
0.000000
0.004671
0.000000
0.000000
0.000000
0.000000
0.000000
0.000000
0.000000
0.000000
0.000000
0.000000
1.669430
0.000000
0.000000
3.680064
2.510037
0.000000
0.000000
0.000000
0.000000
0.000000
2.636352
1.309871
0.000000
0.000000
0.000000
3.800406
0.000000
0.000000
0.000000
0.000000
3.035573
1.699018
0.000000
0.000000
0.000000
0.000000
0.000000
0.000000
0.000000
2.598217
0.000000
0.000000
0.000000
0.000000
0.000000
0.000000
0.000000
0.000000
0.237213
0.000000
1.201774
0.554722
0.000000
0.000000
1.176283
0.000000
0.000000
0.000000
0.000000
0.741044
0.925464
0.000000
1.146454
0.000000
0.000000
0.000000
0.000000
0.000000
0.000000
0.000000
0.000000
0.000000
0.000000
0.000000
0.000000
0.026647
1.495493
0.000000
0.000000
0.000000
0.000000
0.000000
0.000000
0.000000
1.629219
0.000000
0.000000
0.000000
0.000000
3.649363
0.000000
0.000000
0.000000
0.000000
0.000000
0.000000
0.000000
0.000000
0.000000
0.000000
0.566378
0.000000
0.000000
0.000000
3.847187
0.000000
0.000000
0.149233
1.597250
0.000000
0.000000
4.665377
0.000000
2.155660
0.000000
0.000000
0.000000
0.000000
0.000000
0.000000
0.000000
0.000000
0.000000
1.005293
0.000000
2.093042
0.000000
0.000000
0.000000
0.000000
0.000000
1.281072
0.000000
0.000000
2.547229
0.000000
2.430485
0.000000
0.000000
0.170196
0.000000
0.000000
1.597309
0.000000
0.000000
0.000000
0.000000
0.000000
2.258283
0.000000
0.000000
1.436020
0.000000
0.000000
0.000000
0.000000
0.000000
0.000000
0.000000
0.000000
2.208978
0.000000
0.000000
0.000000
0.000000
0.000000
0.000000
0.000000
0.000000
0.000000
0.000000
0.000000
1.700406
0.000000
0.000000
1.985976
4.340373
0.000000
0.000000
0.000000
0.000000
0.000000
0.000000
0.420978
0.000000
0.000000
1.022770
0.000000
0.343839
0.000000
0.000000
0.000000
0.000000
0.000000
0.369059
3.101490
0.000000
0.000000
0.000000
0.000000
0.000000
0.000000
0.000000
0.000000
0.000000
0.000000
0.583468
0.080429
0.000000
0.000000
0.000000
0.000000
0.000000
0.000000
0.000000
0.000000
0.008495
0.000000
0.000000
0.000000
0.852815
0.000000
0.000000
0.000000
0.350756
1.446125
0.000000
0.000000
1.965118
0.340780
0.000000
0.922123
0.000000
0.000000
0.000000
0.000000
1.624277
0.000000
0.000000
0.000000
1.878421
0.000000
0.000000
0.053670
0.873696
2.638389
0.000000
0.788941
0.234562
0.000000
1.655234
0.000000
0.000000
0.000000
0.000000
0.403619
0.000000
0.000000
0.000000
1.431710
0.000000
0.000000
0.000000
0.000000
3.811253
0.000000
0.000000
0.000000
0.000000
0.000000
1.601916
0.000000
1.127311
0.000000
0.000000
0.000000
0.019098
0.000000
0.000000
0.000000
0.000000
0.000000
0.367749
0.000000
0.000000
0.000000
0.000000
0.000000
1.113966
0.000000
0.000000
0.000000
0.000000
0.000000
0.000000
1.042395
0.000000
0.000000
0.000000
0.000000
0.000000
0.000000
0.000000
1.319194
0.000000
0.000000
0.000000
0.000000
0.886848
0.000000
0.000000
0.000000
0.000000
0.000000
0.000000
0.000000
0.000000
0.000000
0.000000
0.000000
0.000000
0.196927
0.000000
0.598095
0.639094
0.000000
0.000000
0.000000
0.000000
0.000000
0.000000
0.000000
0.000000
0.000000
0.000000
0.000000
0.000000
0.000000
0.000000
0.000000
0.000000
0.000000
1.523036
0.699452
1.230968
0.000000
0.000000
4.268415
0.000000
0.000000
1.277347
2.216754
1.041041
1.015047
0.000000
0.000000
0.000000
0.000000
0.000000
0.000000
0.000000
0.000000
0.000000
0.117721
0.000000
0.419688
0.000000
0.000000
0.000000
0.000000
0.000000
0.000000
1.926534
0.070560
0.000000
0.000000
0.000000
1.363721
0.000000
0.000000
0.000000
0.576277
0.000000
0.000000
0.000000
0.000000
0.224855
0.000000
0.000000
0.000000
0.000000
2.166439
1.182691
0.571119
1.386044
0.095184
0.000000
0.000000
0.000000
3.429854
2.348632
0.000000
1.889239
0.000000
0.000000
0.000000
1.930580
0.000000
0.696956
0.000000
0.000000
0.000000
0.000000
0.000000
0.000000
0.000000
0.000000
0.000000
0.000000
0.993825
0.000000
0.000000
0.000000
0.000000
0.000000
0.265281
0.000000
1.281617
0.000000
3.912565
0.000000
0.000000
0.000000
1.802209
1.083825
0.000000
0.859623
2.149109
0.000000
0.000000
0.000000
0.000000
0.000000
0.000000
0.000000
0.000000
0.000000
0.000000
0.000000
0.000000
0.282901
0.000000
0.000000
0.000000
0.000000
0.000000
0.000000
0.000000
0.000000
0.000000
0.000000
0.000000
1.039384
0.000000
0.000000
0.000000
0.000000
0.000000
0.000000
0.000000
0.000000
0.000000
0.000000
0.000000
0.000000
0.000000
0.000000
0.000000
1.897161
0.000000
0.000000
0.000000
0.000000
2.609542
0.000000
0.000000
0.000000
0.000000
0.000000
1.679214
0.000000
0.000000
0.000000
0.000000
0.000000
0.000000
0.000000
0.000000
0.000000
0.000000
0.000000
0.000000
1.369511
0.000000
0.000000
0.000000
1.022568
0.000000
0.000000
0.000000
0.964172
0.000000
0.000000
0.000000
0.538551
0.000000
0.000000
0.000000
0.000000
0.000000
0.000000
0.000000
0.238169
0.000000
0.000000
0.000000
4.857012
0.000000
0.000000
0.000000
0.000000
0.954863
0.000000
0.000000
0.206660
0.000000
0.000000
0.000000
0.000000
0.000000
0.000000
0.000000
0.000000
0.000000
0.000000
3.696264
0.000000
0.000000
0.000000
3.793868
0.000000
0.000000
0.000000
0.000000
0.000000
1.397376
0.000000
0.000000
0.000000
0.000000
2.130083
0.000000
0.000000
0.000000
0.000000
0.000000
0.000000
0.348191
0.000000
0.000000
0.000000
0.000000
1.276632
0.000000
0.000000
0.000000
0.146967
0.000000
0.000000
0.000000
0.000000
0.609577
0.589048
0.321581
0.000000
0.000000
0.000000
0.000000
0.000000
3.526809
2.840408
1.151927
0.000000
0.000000
0.000000
0.930160
1.202855
0.000000
0.000000
0.000000
0.000000
0.000000
0.000000
0.000000
0.939406
0.017177
0.000000
3.950162
0.000000
0.000000
0.000000
0.000000
0.000000
0.000000
0.322131
0.000000
3.402986
0.000000
0.000000
0.000000
0.000000
0.000000
0.000000
0.000000
0.000000
0.000000
0.000000
0.000000
0.000000
1.943876
0.096290
0.000000
0.000000
2.025199
0.000000
0.000000
3.302779
2.966320
0.000000
0.767573
0.000000
0.435901
0.000000
2.606801
0.000000
1.618696
0.000000
0.800237
5.529510
0.508035
5.804529
0.000000
0.992869
0.000000
0.000000
0.000000
1.231280
0.820153
1.731156
0.000000
5.869324
0.937617
0.000000
0.000000
0.000000
0.000000
0.000000
0.000000
0.000000
0.000000
0.000000
0.000000
0.000000
0.000000
0.000000
0.000000
0.000000
0.000000
0.128213
0.000000
0.000000
1.144653
0.000000
0.668034
0.000000
0.000000
0.000000
0.000000
0.000000
0.000000
0.000000
0.000000
2.533669
0.000000
0.000000
0.000000
0.000000
1.402357
0.000000
0.000000
1.192488
0.000000
0.000000
0.127150
0.000000
0.589384
0.296792
0.000000
0.000000
0.000000
0.000000
0.348802
1.976725
0.000000
0.000000
3.065954
0.000000
0.000000
0.000000
0.000000
2.470256
0.000000
4.031329
0.000000
0.192586
0.000000
0.098016
0.000000
2.195109
2.463719
0.704732
0.000000
0.000000
0.000000
1.582531
0.000000
0.918958
0.000000
0.000000
0.000000
0.000000
0.000000
0.000000
2.447461
1.766338
0.000000
0.000000
0.383870
0.000000
0.000000
0.000000
0.000000
0.000000
0.000000
0.000000
0.000000
0.000000
0.000000
0.000000
0.000000
0.000000
0.000000
3.600509
0.000000
0.000000
2.690634
0.000000
0.000000
0.000000
0.000000
0.000000
0.000000
0.165341
0.000000
0.000000
0.000000
1.038031
0.000000
0.000000
0.000000
0.916919
2.673316
0.488395
0.000000
0.000000
0.140075
0.000000
0.000000
0.000000
0.115184
0.584766
0.000000
0.021044
1.664392
0.000000
1.498439
0.168101
0.240073
0.000000
0.000000
0.000000
1.279020
0.000000
0.000000
0.000000
0.000000
0.000000
0.000000
0.000000
0.000000
0.000000
0.000000
0.576305
0.000000
0.000000
0.000000
0.000000
0.000000
2.123345
0.000000
0.000000
0.000000
0.000000
0.000000
0.000000
0.000000
0.487063
0.000000
4.048370
1.693325
0.000000
0.000000
0.000000
0.000000
0.000000
0.000000
0.000000
2.431585
1.195112
0.000000
0.000000
1.334280
0.938638
0.000000
4.015494
0.000000
0.967296
0.440839
0.000000
0.959164
0.000000
0.000000
0.000000
0.000000
0.000000
0.837854
0.000000
0.113112
0.000000
0.000000
0.188376
0.000000
0.000000
0.000000
0.180052
0.000000
1.354506
2.163529
0.000000
1.680579
0.000000
0.000000
0.000000
0.658582
0.000000
0.000000
0.000000
0.000000
0.396297
0.000000
0.000000
2.785765
0.587054
0.000000
0.000000
0.000000
0.408522
0.000000
0.626557
0.299342
2.962109
0.000000
0.000000
0.000000
0.000000
0.000000
0.000000
0.000000
0.000000
0.000000
0.000000
0.287432
0.785267
0.000000
0.511506
0.000000
0.000000
0.000000
0.000000
0.000000
0.000000
0.000000
0.000000
0.262744
0.000000
2.315876
0.000000
0.000000
0.000000
0.000000
1.462836
0.000000
0.000000
0.000000
0.000000
0.000000
3.159050
0.000000
0.000000
0.000000
0.000000
0.000000
0.000000
0.000000
0.125758
3.862020
0.000000
0.000000
0.000000
0.000000
0.000000
0.000000
0.000000
0.902172
0.000000
0.000000
0.560128
0.594396
0.930254
0.000000
2.409859
0.000000
0.000000
0.000000
0.000000
1.313693
0.000000
0.000000
0.000000
0.000000
0.000000
0.000000
0.000000
0.000000
1.767770
0.000000
0.000000
0.000000
0.000000
0.000000
0.000000
1.725225
0.000000
0.000000
0.000000
0.000000
0.000000
0.000000
0.000000
0.000000
0.000000
0.000000
1.875087
0.000000
0.000000
1.672835
0.000000
2.518903
0.000000
0.000000
0.000000
0.000000
0.000000
0.327474
0.000000
0.000000
0.000000
0.000000
0.000000
0.000000
3.369462
0.000000
0.000000
0.000000
0.000000
0.000000
2.279778
0.000000
1.643690
0.000000
1.440940
0.000000
0.000000
0.000000
0.000000
0.000000
0.000000
0.000000
0.000000
1.159121
0.000000
0.000000
0.623198
2.315680
0.403849
0.000000
0.000000
0.000000
0.000000
3.033344
1.774764
0.000000
0.000000
0.000000
0.000000
0.000000
0.000000
0.000000
0.000000
0.000000
0.000000
0.000000
0.000000
0.000000
0.000000
0.000000
0.000000
0.000000
0.000000
4.660369
0.553555
0.448743
0.913627
0.000000
0.000000
0.656998
0.000000
0.000000
0.000000
0.347229
0.000000
1.091368
2.396940
0.000000
0.000000
0.000000
3.371793
0.000000
0.645529
0.000000
0.000000
0.000000
4.377634
1.614336
1.790469
0.000000
0.000000
0.000000
0.000000
0.000000
0.000000
4.265492
0.000000
0.000000
0.000000
0.000000
0.000000
2.560203
0.824556
0.193455
0.000000
0.000000
0.000000
0.000000
0.000000
0.019044
0.000000
0.000000
1.500152
0.000000
0.000000
0.000000
0.000000
0.015703
2.715344
0.000000
0.487033
0.000000
0.000000
1.836127
1.264117
0.000000
1.158873
0.000000
0.000000
0.000000
0.000000
0.000000
0.046179
0.000000
0.626603
0.000000
0.000000
0.000000
0.000000
0.000000
0.395231
1.027363
0.000000
0.000000
0.079558
0.262147
0.000000
0.000000
0.000000
0.664902
0.000000
0.000000
0.620051
0.000000
0.000000
0.000000
0.000000
0.994357
0.000000
0.000000
0.000000
0.000000
0.000000
0.031779
0.000000
0.260144
0.000000
0.000000
0.000000
0.000000
0.000000
0.000000
0.000000
0.816115
0.000000
0.000000
0.000000
2.482629
2.209695
0.000000
0.000000
0.000000
0.000000
0.000000
0.000000
0.000000
0.000000
0.683365
0.000000
0.000000
0.000000
0.000000
0.000000
0.000000
0.000000
0.000000
0.000000
0.000000
0.000000
0.000000
0.000000
0.000000
0.000000
3.229848
0.000000
0.000000
0.000000
0.000000
0.000000
0.000000
2.009140
0.000000
0.000000
1.726852
0.183459
0.000000
0.000000
0.000000
0.000000
0.000000
0.000000
0.000000
0.000000
0.000000
2.657087
0.000000
0.000000
0.000000
1.462339
0.000000
0.000000
0.000000
0.000000
0.000000
0.478873
0.000000
0.000000
0.000000
0.000000
0.000000
0.000000
0.000000
0.000000
0.000000
0.000000
0.000000
0.815769
0.000000
0.000000
0.000000
0.000000
0.000000
0.000000
0.000000
0.000000
0.000000
2.529241
0.681999
0.000000
0.000000
1.081278
0.000000
0.000000
0.000000
0.000000
0.000000
0.000000
0.000000
0.000000
0.040932
0.000000
0.000000
0.000000
0.000000
3.531235
0.373834
3.875217
1.769073
0.000000
0.000000
0.000000
0.000000
0.000000
2.103294
0.000000
2.047595
0.767891
0.000000
0.000000
0.804226
0.000000
0.305220
0.000000
0.000000
0.000000
3.975945
0.000000
0.000000
0.000000
0.000000
0.000000
0.000000
0.000000
0.000000
0.000000
0.000000
0.000000
0.000000
0.000000
1.305120
0.000000
2.430313
0.718683
0.000000
0.000000
0.000000
0.000000
0.000000
0.000000
0.000000
0.000000
0.592150
0.000000
0.000000
1.053469
0.000000
1.517760
0.000000
0.000000
0.000000
0.000000
0.000000
0.000000
0.528558
0.000000
2.148792
0.000000
2.597298
0.000000
0.000000
0.000000
1.544897
0.000000
0.000000
0.178903
0.000000
1.325495
1.077048
0.000000
0.000000
0.000000
0.000000
0.911482
2.347465
0.000000
0.000000
0.000000
1.976681
0.203840
0.000000
0.000000
0.000000
0.000000
0.000000
0.204276
0.000000
0.000000
0.000000
0.000000
1.572677
3.053168
0.000000
0.000000
0.000000
0.000000
0.000000
0.000000
0.000000
0.000000
2.620455
0.000000
0.000000
0.000000
0.000000
0.000000
0.000000
0.000000
0.278482
0.000000
0.000000
0.000000
0.000000
0.000000
0.000000
0.258768
3.091890
0.000000
0.000000
0.000000
0.580056
0.000000
0.000000
0.000000
0.000000
0.000000
0.165965
1.452949
1.736291
0.000000
0.000000
0.989952
0.000000
0.000000
0.000000
0.000000
0.000000
0.000000
0.000000
0.000000
0.000000
0.000000
0.325732
0.000000
0.000000
0.000000
0.000000
0.000000
0.000000
0.000000
0.000000
0.000000
0.000000
0.000000
0.000000
0.000000
0.000000
0.038059
0.000000
0.902658
0.000000
0.000000
0.000000
0.000000
0.000000
0.000000
0.256363
0.000000
0.275525
0.249560
2.560353
0.000000
0.000000
0.000000
0.220971
0.000000
0.000000
0.000000
0.000000
0.000000
0.000000
0.000000
0.000000
0.000000
0.000000
1.780491
0.000000
0.000000
0.000000
0.000000
0.000000
0.000000
2.685383
0.668264
0.000000
0.083486
0.000000
0.000000
0.000000
0.000000
0.213462
0.000000
0.000000
0.298905
0.000000
0.362590
0.000000
4.958740
0.000000
1.037688
0.000000
0.000000
0.000000
0.056798
0.000000
0.000000
0.000000
1.201416
0.000000
0.000000
0.000000
0.000000
0.000000
0.000000
0.000000
0.000000
0.000000
0.000000
0.000000
2.648302
0.000000
0.000000
0.000000
0.000000
0.000000
0.000000
0.000000
0.000000
0.000000
0.000000
0.000000
2.398602
2.050747
0.108335
0.444081
0.000000
0.000000
0.000000
0.368239
0.000000
1.348316
0.000000
0.000000
0.000000
0.448096
0.579256
0.433599
0.269088
0.000000
0.000000
0.000000
0.000000
0.000000
0.000000
0.000000
0.000000
0.000000
0.000000
0.507001
0.000000
0.000000
0.000000
0.000000
0.000000
0.000000
0.000000
0.000000
0.000000
0.000000
0.000000
0.000000
0.000000
0.000000
0.000000
0.000000
0.000000
0.000000
1.459723
0.000000
0.320988
0.000000
0.000000
0.000000
0.000000
0.000000
3.669251
1.055236
4.190772
0.000000
2.916848
0.000000
0.000000
0.000000
0.000000
2.348608
5.468410
0.000000
0.000000
0.000000
0.000000
3.705232
0.000000
0.000000
0.000000
0.000000
0.000000
0.177431
0.000000
0.000000
0.000000
2.760711
1.175682
3.079056
0.000000
1.370274
0.000000
0.000000
0.000000
0.000000
0.000000
0.353881
0.000000
0.497700
0.000000
0.000000
2.714470
0.000000
0.000000
0.000000
2.643092
0.775048
0.000000
0.000000
0.000000
0.000000
0.276155
0.869996
0.000000
1.124739
0.000000
1.516099
0.000000
1.877438
0.000000
0.000000
0.000000
0.000000
0.673894
0.000000
0.000000
0.000000
0.000000
0.932971
0.000000
2.661110
0.000000
0.000000
0.000000
0.127177
1.100342
0.000000
0.553117
0.000000
0.000000
0.000000
0.000000
0.000000
0.000000
0.845870
0.000000
0.000000
0.000000
0.000000
0.000000
0.000000
0.000000
0.000000
0.000000
0.000000
0.000000
0.000000
0.000000
1.058871
0.347759
0.000000
6.856976
0.000000
0.000000
0.000000
2.232772
0.000000
0.000000
0.523904
0.000000
0.000000
0.000000
0.000000
0.000000
0.140096
0.000000
0.000000
0.000000
2.255785
0.626713
0.813355
2.767661
0.000000
0.000000
0.000000
0.000000
1.459988
0.000000
0.000000
0.235345
0.000000
0.000000
0.000000
0.000000
0.159316
0.631107
1.307677
0.000000
0.000000
0.000000
1.604051
0.640509
0.000000
0.000000
0.000000
1.857831
0.000000
0.000000
0.000000
0.000000
0.990817
0.000000
6.052143
0.000000
0.000000
0.000000
3.002751
0.000000
0.000000
2.994590
0.309905
0.000000
1.904757
0.000000
2.059114
0.000000
0.000000
0.000000
0.000000
0.000000
3.557534
0.000000
0.000000
0.000000
0.000000
0.000000
3.074902
0.000000
0.000000
0.000000
0.000000
0.000000
5.487246
0.000000
0.000000
0.507644
0.000000
0.000000
0.000000
0.000000
0.000000
0.753642
0.000000
0.000000
2.034919
0.000000
0.597372
0.000000
1.723867
0.000000
0.000000
0.000000
0.000000
0.000000
0.000000
0.000000
0.000000
0.000000
0.000000
0.000000
0.000000
0.000000
0.000000
0.000000
0.000000
0.000000
0.000000
4.674321
1.732614
0.000000
0.000000
0.000000
0.000000
2.393312
0.301674
0.000000
0.000000
0.000000
1.967438
0.000000
0.000000
0.000000
0.000000
0.000000
0.000000
0.000000
0.000000
0.000000
0.000000
0.226284
0.000000
0.318728
0.000000
0.000000
1.581440
0.000000
0.000000
0.000000
1.205017
0.000000
0.000000
0.000000
0.000000
0.000000
0.000000
0.000000
0.000000
0.655519
1.603181
0.000000
0.000000
0.000000
0.533288
0.000000
0.000000
1.224708
3.655586
0.000000
0.000000
0.000000
0.000000
2.007655
0.000000
0.000000
1.507516
0.000000
0.000000
0.000000
0.000000
0.000000
0.000000
1.233668
0.000000
0.000000
0.000000
0.000000
0.000000
0.000000
0.000000
0.000000
0.930497
0.000000
2.151460
0.000000
0.000000
0.000000
0.000000
0.000000
0.000000
0.000000
0.000000
0.485006
0.000000
1.777022
0.000000
0.000000
0.000000
0.000000
0.000000
0.000000
0.239032
0.000000
0.000000
0.838096
0.000000
0.000000
0.251287
0.000000
0.000000
0.000000
0.000000
0.000000
0.000000
0.000000
0.000000
1.316375
0.568542
0.000000
0.637124
0.000000
0.000000
0.811601
0.000000
0.000000
0.000000
0.000000
0.674788
0.000000
0.000000
0.000000
0.000000
0.560397
0.000000
0.000000
0.000000
0.000000
0.000000
0.000000
2.910424
0.000000
0.000000
0.000000
0.000000
0.000000
0.000000
0.000000
0.000000
0.000000
0.000000
1.400937
0.000000
0.000000
0.000000
1.553012
2.226593
0.000000
0.000000
0.000000
0.000000
0.000000
2.638742
0.000000
0.377155
0.000000
0.000000
1.574289
3.089324
1.273110
0.000000
0.000000
1.894702
0.000000
0.000000
0.000000
0.000000
0.000000
0.000000
0.000000
0.000000
0.000000
0.000000
0.000000
0.000000
0.000000
0.000000
0.000000
0.000000
0.000000
2.139888
3.089930
0.000000
0.000000
0.000000
0.000000
0.000000
0.000000
0.000000
0.000000
0.000000
0.000000
1.531646
0.443353
1.988151
1.548588
0.000000
1.455467
0.000000
0.000000
0.000000
1.342821
0.223769
0.000000
1.044381
0.722660
3.371014
0.000000
0.000000
0.000000
0.000000
0.000000
0.000000
0.827190
1.455423
1.492668
0.000000
0.000000
0.000000
0.000000
0.000000
0.587773
0.000000
0.000000
2.741929
0.000000
0.000000
0.000000
0.000000
0.000000
0.619648
1.060985
0.000000
0.000000
0.378805
0.000000
0.000000
0.000000
0.000000
2.579499
0.000000
3.531933
0.000000
0.318207
0.206046
0.000000
0.000000
0.447673
0.000000
0.104442
0.000000
0.000000
0.000000
0.000000
0.000000
2.026572
0.000000
0.000000
0.000000
0.000000
0.000000
0.000000
0.000000
0.302605
0.197182
0.000000
0.000000
0.000000
0.000000
0.000000
0.000000
0.000000
0.000000
0.191480
0.000000
0.000000
0.000000
0.000000
0.000000
0.000000
0.000000
0.000000
0.000000
0.000000
1.514154
0.000000
0.000000
0.779240
0.000000
0.000000
0.000000
0.000000
0.000000
3.843143
0.000000
0.000000
0.000000
0.000000
0.000000
0.000000
0.000000
1.406154
0.000000
0.000000
0.000000
0.000000
0.000000
0.000000
0.000000
0.000000
0.717312
0.000000
0.000000
5.054660
0.959964
0.271391
0.000000
0.000000
0.000000
0.000000
0.000000
0.000000
0.000000
0.913090
0.000000
0.000000
0.000000
0.427808
0.713960
0.000000
0.000000
0.328971
0.000000
0.000000
1.255493
0.000000
0.000000
0.000000
0.000000
0.000000
0.000000
0.633335
3.597572
0.000000
0.000000
0.000000
2.822461
0.000000
1.381328
0.000000
0.000000
0.000000
0.000000
0.000000
0.000000
0.000000
0.000000
0.000000
0.000000
0.000000
0.000000
0.000000
0.000000
0.000000
0.000000
0.000000
0.000000
1.672718
0.000000
0.000000
0.000000
2.097267
0.000000
0.000000
0.000000
0.000000
0.000000
0.000000
0.223519
0.000000
0.000000
0.000000
0.000000
0.000000
3.311315
0.000000
0.000000
0.000000
0.000000
2.307146
0.000000
0.000000
1.505273
0.082623
0.642554
0.000000
0.000000
0.000000
0.000000
0.000000
0.000000
0.000000
0.175293
0.000000
0.000000
0.000000
0.000000
0.000000
0.000000
0.000000
0.496729
0.000000
1.838640
0.000000
0.000000
0.000000
0.000000
1.069134
0.000000
0.000000
0.000000
0.000000
0.000000
0.000000
0.000000
0.000000
1.071347
0.000000
0.000000
0.000000
0.000000
0.000000
0.000000
0.000000
0.000000
0.000000
0.000000
0.000000
0.000000
0.000000
0.000000
0.000000
0.000000
0.000000
0.000000
0.000000
0.000000
0.000000
0.000000
0.000000
0.000000
0.000000
