0.000000
0.000000
0.000000
0.000000
0.000000
0.000000
0.000000
0.000000
0.000000
1.554220
0.000000
1.007044
0.000000
1.735659
0.000000
0.000000
0.000000
0.000000
0.000000
0.000000
0.000000
2.387707
0.000000
1.145306
0.000000
1.929829
0.000000
0.000000
0.000000
0.000000
4.019104
0.000000
0.000000
0.000000
2.992187
0.000000
0.000000
0.000000
0.000000
0.000000
0.000000
0.000000
0.000000
0.000000
0.167500
0.000000
0.000000
0.000000
0.000000
0.000000
0.489085
0.000000
0.000000
0.000000
2.781162
0.930890
0.000000
0.000000
0.000000
0.000000
0.000000
0.000000
0.403556
0.000000
0.000000
2.172085
0.000000
0.000000
0.000000
0.000000
0.000000
0.000000
1.311155
0.000000
0.000000
2.055515
0.000000
0.000000
0.000000
1.949351
0.000000
0.000000
0.449385
0.000000
0.000000
3.939683
0.000000
0.723884
0.000000
0.000000
0.000000
0.000000
0.000000
0.000000
1.376346
0.000000
0.000000
2.521190
0.000000
1.897772
0.000000
0.000000
0.000000
0.000000
0.817438
2.100382
0.987376
0.000000
0.000000
0.000000
0.000000
1.403633
0.000000
0.000000
0.000000
0.000000
0.000000
0.000000
0.000000
0.000000
0.000000
0.000000
0.000000
0.000000
5.782616
1.635415
0.000000
0.000000
0.000000
0.000000
0.000000
0.000000
0.000000
0.000000
0.000000
0.000000
3.760665
0.000000
0.000000
0.771175
0.000000
4.024896
0.000000
1.933765
0.000000
0.000000
0.000000
0.568922
0.000000
0.000000
2.402029
0.000000
0.000000
3.936421
0.000000
0.000000
0.000000
0.000000
0.000000
0.000000
0.000000
0.000000
0.000000
1.437087
0.000000
0.000000
0.000000
0.000000
0.000000
0.000000
0.000000
0.000000
0.000000
0.000000
0.000000
0.000000
4.809081
0.000000
0.000000
0.000000
0.000000
3.800939
0.000000
0.000000
0.000000
1.960737
2.076656
0.682855
0.000000
0.000000
1.741447
0.000000
0.000000
0.000000
0.000000
4.054742
3.070796
0.725393
0.000000
0.000000
0.000000
0.000000
0.000000
0.000000
0.000000
0.000000
0.000000
0.000000
0.000000
1.023700
0.000000
0.000000
0.000000
0.000000
0.000000
0.000000
2.242367
0.000000
0.000000
0.000000
0.000000
0.000000
0.000000
0.000000
0.000000
0.000000
0.000000
0.000000
0.000000
0.000000
2.415004
0.000000
0.000000
0.000000
0.000000
0.000000
0.000000
0.000000
0.000000
0.000000
5.014499
0.000000
2.852164
0.000000
0.447084
0.155862
0.000000
0.000000
0.000000
0.000000
0.000000
3.587382
0.000000
0.000000
0.000000
0.000000
0.000000
0.000000
0.000000
0.000000
0.000000
0.000000
0.000000
2.159112
2.757480
0.000000
0.180612
0.000000
0.000000
0.000000
0.000000
0.000000
0.000000
0.000000
0.000000
0.000000
6.941379
0.000000
0.000000
0.000000
0.000000
0.000000
0.000000
0.000000
1.508725
0.000000
0.000000
2.083238
0.000000
0.718045
0.000000
0.000000
0.000000
1.236121
0.000000
0.348980
0.000000
0.000000
1.707011
0.000000
0.000000
0.000000
1.296159
0.000000
0.000000
0.000000
0.000000
5.139752
0.000000
0.000000
1.482879
0.000000
0.000000
0.000000
0.000000
1.221418
0.000000
0.000000
0.000000
0.000000
0.839718
0.000000
0.249293
0.000000
0.000000
0.000000
2.488302
0.000000
0.000000
0.000000
0.000000
0.000000
0.000000
0.000000
0.000000
0.000000
0.000000
0.000000
0.000000
0.000000
0.000000
0.000000
1.596229
0.000000
0.000000
0.009785
0.000000
0.000000
0.000000
0.000000
0.992482
0.000000
0.000000
0.000000
0.000000
0.000000
0.000000
0.000000
0.000000
0.000000
0.000000
0.000000
0.000000
0.068791
0.000000
0.000000
0.000000
0.000000
3.525647
0.000000
0.000000
0.000000
0.000000
0.761942
0.000000
0.000000
0.000000
0.000000
0.806234
0.000000
0.000000
0.000000
0.000000
0.000000
1.628263
0.000000
0.000000
0.000000
0.000000
0.000000
0.000000
0.000000
0.000000
0.000000
0.000000
0.000000
2.573220
0.000000
0.000000
0.000000
0.000000
0.000000
0.000000
0.000000
0.000000
0.000000
0.000000
0.000000
1.681946
0.000000
0.000000
0.000000
0.000000
1.435271
0.000000
0.000000
0.000000
0.000000
1.174126
0.000000
0.000000
0.000000
0.620024
0.000000
0.000000
0.465050
0.000000
0.957788
3.388382
0.000000
0.000000
0.000000
0.000000
0.000000
0.000000
0.000000
0.000000
0.000000
0.000000
0.000000
0.000000
0.000000
0.000000
0.000000
3.728436
3.731606
0.000000
0.000000
0.000000
0.000000
0.000000
0.000000
0.000000
0.000000
0.000000
0.000000
0.000000
0.000000
0.000000
0.000000
2.321798
0.000000
0.000000
2.691875
1.579957
1.019967
0.000000
0.000000
0.000000
0.000000
0.000000
0.000000
0.000000
0.920993
0.778555
0.000000
0.000000
0.000000
0.000000
0.441560
0.000000
0.000000
0.000000
2.137338
0.000000
0.000000
0.099970
0.000000
1.728115
0.000000
0.000000
0.000000
0.000000
0.000000
0.000000
0.000000
0.000000
0.000000
0.000000
0.000000
0.000000
0.000000
0.000000
0.000000
0.000000
0.000000
0.000000
0.000000
0.268833
0.000000
1.132695
0.000000
0.000000
2.696505
0.000000
0.000000
0.162650
0.000000
0.000000
0.000000
0.000000
0.000000
0.000000
0.000000
0.000000
2.780642
0.000000
0.000000
0.000000
0.000000
0.000000
0.000000
0.000000
0.000000
0.000000
0.000000
2.807641
0.000000
0.000000
0.000000
0.000000
0.000000
0.000000
0.000000
0.228364
0.000000
1.433531
1.513440
0.000000
0.113629
0.000000
0.000000
2.388009
0.000000
0.000000
0.000000
0.000000
0.000000
0.000000
0.000000
0.000000
0.375141
0.000000
0.000000
0.000000
0.000000
1.483715
0.000000
4.526318
0.000000
0.000000
0.000000
0.000000
0.000000
0.000000
0.000000
0.000000
0.000000
0.000000
0.000000
0.000000
0.000000
0.000000
1.055206
0.000000
0.000000
0.000000
0.000000
0.000000
0.000000
0.000000
0.000000
0.000000
0.000000
0.000000
0.210723
0.000000
0.000000
0.000000
0.000000
0.000000
1.389285
0.000000
0.000000
0.000000
0.000000
0.000000
0.000000
0.000000
0.000000
0.713738
0.000000
0.000000
0.000000
0.000000
0.000000
0.000000
0.297960
0.000000
1.500555
0.000000
0.855811
0.000000
0.000000
0.249449
0.645752
0.000000
0.000000
0.000000
0.000000
3.098214
0.000000
0.000000
0.000000
0.000000
2.580863
2.000195
0.000000
1.156089
0.000000
0.884105
0.000000
0.000000
4.543830
0.000000
0.000000
0.000000
0.000000
0.000000
0.000000
2.256060
0.000000
0.000000
0.000000
0.000000
0.000000
0.000000
0.000000
0.000000
0.000000
0.000000
0.000000
0.000000
0.000000
0.576995
0.303344
0.000000
0.000000
0.084915
1.011479
0.000000
0.000000
0.000000
0.000000
0.000000
0.523893
2.912976
0.000000
0.287911
0.000000
1.463509
0.000000
0.000000
0.000000
0.000000
0.000000
0.000000
0.000000
0.000000
0.000000
0.000000
0.000000
0.000000
0.000000
0.000000
0.000000
0.000000
0.000000
1.010395
0.000000
0.000000
0.000000
0.000000
0.000000
0.000000
0.000000
1.733791
0.877167
0.000000
0.000000
0.000000
0.000000
2.899069
0.000000
0.000000
0.000000
0.000000
1.415045
0.000000
0.417245
0.000000
0.000000
0.000000
0.000000
0.728597
0.000000
0.437437
0.000000
0.000000
0.000000
0.000000
0.000000
0.000000
0.000000
0.000000
0.000000
0.000000
0.000000
0.000000
0.205985
0.000000
0.000000
0.000000
0.000000
0.000000
0.000000
0.000000
0.000000
0.000000
0.000000
0.000000
0.000000
0.000000
0.000000
0.000000
0.000000
0.000000
5.409734
0.000000
0.000000
4.101002
0.000000
0.000000
0.000000
0.000000
0.000000
0.414057
0.000000
0.000000
1.227784
4.187603
0.000000
0.000000
0.000000
0.000000
0.000000
0.000000
0.000000
0.000000
1.633923
0.000000
0.000000
0.335604
0.159136
0.000000
0.000000
0.000000
0.000000
0.000000
0.000000
0.000000
1.318387
0.000000
0.000000
0.774664
0.000000
0.000000
0.000000
0.000000
0.015047
0.000000
0.731817
0.000000
6.398212
0.000000
0.000000
0.023188
0.000000
0.000000
0.000000
0.187229
1.158969
0.000000
0.000000
0.000000
0.000000
0.000000
0.644502
0.000000
0.000000
0.000000
1.163010
0.000000
0.000000
0.000000
0.000000
0.000000
0.000000
0.000000
0.000000
0.000000
0.000000
0.000000
0.483792
0.000000
0.000000
0.000000
0.000000
0.000000
0.000000
0.000000
0.000000
0.000000
0.515319
0.000000
2.189403
0.000000
0.000000
0.000000
0.000000
0.000000
0.000000
0.000000
0.794599
0.000000
0.000000
0.000000
0.000000
2.027446
0.000000
0.000000
0.000000
0.000000
0.000000
0.000000
0.000000
0.000000
0.000000
0.000000
1.379553
0.000000
0.000000
0.000000
0.000000
0.000000
0.000000
0.000000
0.000000
1.056423
0.000000
0.000000
0.000000
0.000000
0.000000
0.000000
0.000000
1.368678
0.000000
1.309495
0.000000
0.000000
0.000000
0.040974
0.000000
0.000000
0.000000
0.000000
0.000000
0.000000
0.000000
0.000000
0.000000
0.000000
0.244284
0.000000
0.000000
0.000000
0.000000
0.000000
0.000000
0.000000
0.000000
0.000000
0.840478
0.000000
0.000000
0.000000
0.000000
1.174081
0.000000
0.000000
0.000000
0.000000
0.000000
1.913104
1.800392
0.000000
0.565173
5.472354
0.000000
0.000000
1.568887
0.000000
0.000000
0.198634
0.000000
0.000000
1.711639
0.000000
0.000000
0.000000
0.000000
0.000000
0.073287
0.000000
0.000000
0.000000
0.000000
0.000000
0.000000
0.630152
0.000000
0.348678
0.000000
1.664332
0.000000
0.000000
0.000000
0.000000
0.000000
0.833587
0.000000
0.098894
0.000000
0.000000
0.000000
0.007254
0.000000
0.000000
0.000000
0.000000
0.000000
0.000000
0.000000
0.000000
0.000000
0.000000
0.397489
0.080885
0.000000
0.000000
0.000000
0.000000
0.000000
0.000000
0.000000
0.000000
0.000000
0.000000
0.000000
0.000000
0.000000
0.000000
0.000000
0.000000
2.460865
0.000000
0.000000
0.000000
0.000000
0.000000
0.000000
0.000000
0.000000
0.000000
0.134111
0.000000
0.000000
0.000000
0.000000
0.000000
0.000000
0.000000
0.000000
0.000000
0.000000
0.531537
0.000000
0.000000
0.000000
0.000000
0.000000
0.000000
0.000000
0.000000
0.000000
0.908563
0.000000
0.000000
0.000000
0.000000
0.000000
0.000000
0.250696
0.000000
0.000000
0.000000
0.000000
0.000000
0.000000
0.000000
0.000000
2.800233
0.000000
4.989957
0.000000
0.000000
0.000000
0.000000
1.456609
0.000000
0.000000
0.000000
1.003189
0.015709
0.000000
0.000000
0.000000
0.499440
0.000000
0.000000
0.000000
0.000000
0.000000
4.959062
0.000000
0.000000
0.000000
3.183764
0.000000
0.000000
1.416968
0.000000
0.000000
4.859519
0.000000
0.000000
0.000000
0.000000
0.000000
0.000000
0.000000
0.000000
0.000000
0.000000
0.000000
0.000000
1.262559
0.000000
0.000000
0.000000
1.375652
0.113325
0.000000
2.957144
0.000000
0.000000
0.000000
0.000000
3.772409
0.292896
0.000000
0.000000
0.000000
0.140797
0.000000
0.000000
0.000000
0.894108
0.000000
0.000000
0.000000
0.000000
0.000000
0.000000
0.000000
0.000000
2.843131
0.000000
0.000000
4.516757
0.000000
0.000000
0.000000
0.360789
0.000000
0.000000
0.000000
0.000000
0.000000
0.000000
0.000000
0.000000
0.000000
0.000000
2.857175
0.000000
0.000000
0.000000
0.000000
0.881192
0.000000
0.000000
0.000000
0.000000
0.000000
0.000000
0.000000
0.000000
0.000000
0.000000
0.000000
1.002160
0.000000
0.000000
0.000000
0.000000
0.000000
2.009364
0.000000
0.000000
0.000000
0.000000
0.392718
0.000000
0.000000
0.613837
0.000000
0.000000
0.000000
0.000000
0.000000
0.000000
1.066654
0.000000
0.000000
0.000000
0.000000
0.000000
0.000000
0.000000
0.000000
0.000000
2.134641
0.263988
0.000000
0.000000
0.000000
0.000000
0.000000
0.000000
0.000000
0.000000
0.000000
0.000000
1.072589
0.000000
0.000000
0.000000
0.000000
0.000000
0.000000
0.000000
0.000000
0.000000
0.000000
0.000000
0.000000
0.014657
0.226082
0.657516
0.000000
0.000000
0.000000
0.000000
0.000000
0.000000
0.000000
0.000000
0.000000
2.123700
0.000000
0.000000
0.000000
0.000000
0.000000
0.000000
0.902223
0.000000
0.000000
0.173315
0.000000
0.000000
0.000000
2.532220
0.000000
0.000000
0.000000
0.000000
0.000000
0.000000
0.845298
0.000000
0.000000
0.000000
2.744350
0.000000
0.289451
0.000000
0.000000
0.000000
0.000000
0.618922
0.000000
0.000000
0.000000
0.000000
0.000000
0.000000
1.587811
0.000000
0.000000
0.000000
0.000000
0.031099
0.000000
0.000000
0.000000
0.000000
0.000000
0.000000
0.000000
0.000000
2.475578
0.000000
0.000000
0.000000
1.469399
0.000000
0.000000
0.000000
0.000000
0.000000
0.270350
0.000000
0.000000
0.000000
0.000000
0.000000
2.769706
3.487152
0.000000
0.000000
0.000000
0.000000
0.000000
0.000000
0.000000
0.000000
1.079938
0.000000
0.000000
0.000000
0.000000
0.000000
0.564872
0.000000
0.000000
0.000000
0.000000
0.000000
0.000000
0.000000
0.000000
0.000000
0.000000
0.000000
0.000000
0.000000
0.000000
0.483551
0.000000
0.000000
0.000000
0.659217
0.000000
0.000000
0.000000
0.000000
0.000000
0.000000
1.513440
0.000000
1.368882
0.000000
0.000000
0.000000
0.000000
0.000000
0.000000
0.000000
0.364143
0.000000
0.000000
0.000000
0.000000
0.000000
0.000000
0.000000
0.157841
0.000000
0.000000
0.000000
0.000000
0.000000
1.545286
1.373690
0.000000
0.000000
0.000000
0.000000
2.334564
0.437623
0.000000
0.819326
5.343908
0.000000
0.000000
0.000000
0.000000
0.000000
0.000000
0.000000
0.000000
4.393804
0.000000
1.127843
0.000000
0.000000
0.000000
0.000000
0.000000
0.000000
0.000000
0.000000
3.130760
0.000000
0.000000
0.000000
0.000000
0.000000
0.000000
0.000000
0.000000
0.000000
0.000000
0.000000
0.000000
0.000000
0.000000
0.000000
0.000000
0.000000
0.000000
0.000000
0.000000
0.000000
0.000000
0.000000
0.000000
0.000000
0.000000
0.778017
0.088593
2.384965
1.079335
0.000000
0.000000
0.000000
0.000000
0.000000
0.793270
0.417727
0.000000
0.000000
0.000000
0.000000
0.000000
0.000000
0.000000
0.000000
0.000000
1.152138
0.000000
0.186626
0.660876
0.000000
0.000000
0.000000
0.000000
0.000000
0.681705
0.000000
0.000000
2.771507
0.000000
1.522278
4.096557
3.952621
0.000000
0.000000
0.000000
0.000000
0.000000
0.000000
0.000000
0.000000
0.000000
0.000000
0.000000
0.000000
1.061643
0.000000
0.000000
0.000000
0.000000
0.000000
0.000000
0.000000
0.000000
0.000000
1.525465
0.000000
0.000000
0.318911
0.000000
2.391463
1.623727
0.000000
0.000000
0.190437
0.000000
0.000000
0.000000
0.000000
0.000000
2.325634
0.000000
0.000000
0.000000
4.672526
0.000000
0.000000
0.000000
0.000000
0.000000
0.000000
2.720284
3.504573
0.000000
0.000000
1.110744
3.596165
0.000000
0.000000
0.000000
0.000000
0.319227
0.000000
0.000000
0.000000
0.000000
0.000000
0.000000
0.000000
0.000000
0.000000
0.000000
0.000000
0.000000
0.000000
0.000000
0.000000
0.000000
0.000000
0.000000
1.653800
0.000000
0.000000
2.253271
0.000000
0.000000
0.000000
0.000000
0.000000
0.686072
0.000000
1.666787
0.000000
0.000000
0.000000
0.000000
0.000000
0.000000
3.732984
0.000000
0.000000
0.000000
0.000000
0.000000
0.000000
0.251186
2.153884
0.000000
0.000000
0.000000
0.000000
2.441850
0.000000
0.000000
0.000000
0.000000
0.839459
0.000000
0.000000
0.000000
0.000000
0.000000
1.490133
0.000000
0.000000
0.000000
0.000000
0.000000
0.000000
0.000000
0.000000
1.388143
0.000000
0.000000
0.000000
0.000000
0.000000
0.000000
0.000000
0.000000
0.000000
0.000000
2.645445
0.000000
0.000000
0.000000
0.000000
0.000000
0.000000
0.000000
0.000000
0.000000
0.000000
0.000000
0.000000
0.934239
0.000000
2.033205
1.101052
0.000000
0.000000
0.000000
0.000000
0.000000
0.000000
0.465712
0.000000
0.000000
0.000000
0.000000
0.000000
0.000000
0.000000
0.000000
0.000000
0.908802
0.000000
0.000000
0.000000
0.000000
0.000000
1.262004
0.000000
0.038226
0.000000
1.162625
0.000000
0.000000
0.000000
0.000000
0.000000
0.000000
0.000000
0.879726
1.131112
0.000000
1.487501
0.000000
0.000000
0.000000
0.916185
2.521541
0.000000
0.000000
1.386142
0.000000
0.000000
0.000000
0.000000
4.005327
0.000000
0.000000
0.807287
0.000000
0.000000
0.000000
0.000000
0.000000
0.000000
0.000000
0.713083
0.823005
2.788360
0.000000
0.000000
0.000000
0.000000
0.000000
1.886512
0.000000
0.000000
0.361973
0.893896
3.611121
0.000000
0.000000
0.000000
0.000000
0.000000
0.000000
0.000000
0.000000
0.000000
0.000000
0.469608
0.000000
0.000000
0.000000
0.000000
0.000000
0.000000
0.000000
0.805244
0.000000
0.000000
3.310771
0.000000
0.000000
0.000000
0.000000
0.000000
3.633818
0.000000
0.000000
0.000000
0.000000
0.000000
0.083916
0.000000
1.799694
0.000000
0.000000
0.000000
0.000000
0.000000
0.000000
0.000000
0.000000
0.000000
0.000000
0.000000
0.000000
0.000000
0.000000
0.000000
0.000000
1.928777
0.000000
0.000000
4.414197
0.000000
1.278105
0.000000
2.358072
0.000000
0.000000
0.000000
0.000000
0.000000
0.000000
0.000000
0.889130
0.000000
0.000000
1.649576
0.000000
3.078760
1.916893
0.000000
0.000000
0.000000
0.000000
0.000000
0.000000
0.000000
1.735090
0.000000
0.000000
0.000000
0.000000
0.000000
0.000000
0.000000
0.000000
2.225644
0.000000
1.055588
0.000000
0.000000
0.000000
0.442091
0.000000
0.000000
0.816592
0.000000
0.000000
0.000000
0.000000
0.002914
0.638792
0.000000
0.427648
0.000000
1.040367
0.000000
0.000000
0.000000
2.672475
0.000000
0.000000
0.000000
0.000000
0.000000
3.384976
0.000000
0.000000
0.000000
0.000000
0.000000
0.000000
0.609600
0.000000
0.000000
1.648760
0.094819
0.000000
1.367033
0.000000
0.000000
0.000000
0.000000
0.727014
0.000000
0.000000
0.915831
0.000000
0.000000
0.000000
0.000000
0.000000
0.000000
0.000000
0.000000
0.268371
0.597651
2.962590
0.000000
0.000000
0.000000
0.000000
0.000000
3.445364
1.715856
0.000000
0.000000
0.000000
0.000000
0.000000
1.325684
0.000000
0.000000
0.000000
0.000000
0.000000
0.000000
0.000000
0.000000
0.000000
0.000000
0.000000
0.000000
0.000000
0.000000
2.080646
0.768700
0.000000
0.000000
0.000000
0.000000
0.000000
0.000000
0.000000
0.000000
0.000000
0.000000
0.000000
0.000000
0.000000
0.000000
0.000000
0.151184
1.878995
0.000000
0.000000
0.000000
5.243742
0.000000
0.000000
0.000000
0.000000
0.000000
0.629159
1.349881
0.000000
0.000000
0.000000
1.617083
0.000000
0.000000
0.000000
0.000000
4.263848
1.160144
0.000000
0.000000
0.000000
0.000000
0.000000
0.000000
0.000000
0.000000
0.000000
0.000000
0.000000
0.000000
0.000000
0.000000
0.000000
0.000000
0.000000
0.000000
0.000000
0.000000
0.000000
0.000000
3.727642
0.000000
0.000000
0.000000
0.000000
0.451695
0.000000
0.000000
2.701311
0.000000
0.000000
0.000000
0.000000
0.000000
0.000000
0.000000
0.000000
0.000000
0.000000
0.000000
0.000000
0.000000
0.000000
0.000000
0.000000
0.000000
0.000000
0.000000
0.000000
0.000000
3.443849
0.000000
0.000000
0.000000
0.000000
1.512178
0.000000
0.000000
0.000000
0.000000
0.000000
0.000000
0.000000
0.000000
0.000000
0.000000
0.000000
0.000000
0.000000
0.000000
1.839239
0.000000
0.000000
0.000000
0.000000
0.000000
0.000000
3.275892
0.000000
1.861223
0.000000
0.000000
0.000000
0.000000
0.000000
0.000000
0.000000
0.000000
0.000000
0.000000
0.000000
2.600752
0.000000
0.000000
0.000000
0.000000
0.000000
1.929470
0.000000
0.000000
4.595755
0.000000
2.358683
0.000000
0.000000
0.000000
0.000000
0.000000
0.007299
0.000000
0.000000
0.000000
0.000000
0.000000
0.000000
0.000000
0.000000
0.228898
0.000000
0.000000
0.459227
0.000000
0.000000
0.000000
0.000000
0.000000
0.364213
0.000000
0.000000
0.000000
0.000000
0.000000
0.000000
0.000000
0.000000
0.000000
0.000000
0.000000
1.771869
0.000000
0.000000
0.000000
3.321356
0.000000
0.000000
0.000000
0.000000
0.000000
0.000000
0.469785
0.000000
0.320238
0.000000
0.000000
0.000000
0.000000
0.000000
1.298934
0.000000
0.000000
0.000000
0.000000
0.000000
0.000000
0.000000
0.000000
0.000000
0.000000
0.000000
0.000000
0.000000
0.000000
0.000000
0.000000
0.000000
0.000000
0.000000
0.000000
0.000000
0.000000
0.000000
0.000000
1.510223
0.000000
0.000000
0.000000
0.039763
0.000000
0.000000
0.000000
0.424766
0.127728
0.000000
0.000000
1.478047
1.065643
0.000000
0.000000
0.003567
0.000000
0.000000
0.000000
0.000000
0.000000
0.000000
0.000000
0.000000
0.000000
0.000000
0.000000
0.862689
0.000000
0.000000
0.000000
0.000000
0.000000
1.347633
0.000000
0.000000
0.000000
0.000000
1.927122
0.000000
0.000000
0.000000
0.000000
0.000000
0.000000
0.000000
0.000000
0.686450
0.000000
0.000000
0.000000
0.000000
0.000000
0.000000
0.000000
0.740842
0.000000
0.000000
0.000000
1.311327
0.000000
0.000000
0.000000
0.000000
0.000000
0.669611
0.000000
0.000000
0.000000
0.000000
0.000000
0.284520
0.000000
0.000000
0.000000
0.000000
0.000000
0.000000
0.814924
0.000000
0.000000
0.000000
0.000000
0.000000
0.000000
0.000000
0.435347
0.000000
0.000000
0.000000
0.000000
0.000000
0.000000
0.000000
0.000000
0.000000
0.000000
0.000000
0.000000
0.497892
0.000000
0.000000
0.000000
0.000000
0.100324
0.000000
0.000000
0.000000
0.000000
0.000000
0.000000
0.000000
0.000000
0.000000
0.000000
0.000000
0.000000
0.109747
0.000000
0.000000
0.000000
0.000000
1.308335
0.000000
0.000000
1.599813
0.000000
0.377753
0.000000
2.840350
0.536187
0.126797
0.000000
0.000000
0.326808
0.000000
0.000000
0.000000
0.000000
0.000000
0.000000
0.000000
1.891205
0.000000
0.000000
0.000000
0.000000
0.000000
0.000000
0.000000
0.000000
0.000000
0.000000
0.000000
0.000000
0.000000
0.463639
0.000000
0.000000
0.000000
0.885657
0.000000
0.000000
0.000000
0.722501
0.000000
0.000000
0.000000
0.000000
0.000000
0.000000
0.000000
0.000000
0.767847
0.734072
1.780912
0.000000
0.000000
0.000000
0.000000
0.000000
0.000000
2.705382
0.622360
0.000000
0.643863
0.000000
0.000000
0.000000
2.423261
0.000000
0.000000
0.000000
0.000000
0.000000
0.000000
0.000000
1.221799
0.000000
0.000000
0.000000
0.000000
0.000000
0.000000
0.000000
0.000000
0.000000
0.000000
0.000000
0.000000
0.000000
0.000000
1.133375
0.000000
0.000000
0.000000
4.002419
0.501263
0.000000
1.700405
0.830539
0.000000
0.844893
0.000000
0.000000
0.000000
0.000000
0.000000
0.000000
0.000000
0.000000
0.000000
0.000000
0.308610
0.000000
0.000000
0.000000
0.000000
0.000000
0.000000
0.000000
0.000000
0.000000
0.955400
0.000000
0.000000
3.208688
0.000000
0.000000
0.000000
0.000000
0.000000
0.000000
0.011555
0.000000
0.000000
0.000000
0.156341
0.000000
0.000000
0.000000
2.426356
0.000000
0.000000
0.000000
0.000000
0.026444
0.000000
0.000000
0.000000
0.000000
0.627013
3.912699
0.000000
0.660263
0.000000
0.000000
0.000000
0.000000
0.000000
0.000000
0.000000
0.000000
0.000000
0.000000
1.623437
0.000000
0.000000
0.000000
2.898879
0.000000
0.000000
0.000000
0.000000
0.000000
0.000000
0.000000
0.508853
0.000000
0.000000
0.000000
0.285280
0.000000
0.000000
0.000000
0.000000
0.000000
0.000000
0.000000
7.737255
0.000000
0.161926
0.000000
1.936270
1.190385
0.000000
0.000000
0.000000
0.000000
0.000000
0.000000
0.000000
0.000000
0.000000
0.000000
0.000000
0.000000
1.129481
1.051139
0.000000
0.000000
0.000000
2.415754
0.000000
0.355709
0.000000
0.000000
0.000000
0.000000
0.000000
0.000000
0.000000
0.000000
0.473461
0.000000
0.000000
0.000000
0.000000
0.000000
0.000000
0.709935
0.053828
0.000000
0.851305
0.000000
1.012372
0.000000
0.000000
0.000000
0.194697
0.000000
0.000000
0.405699
0.000000
2.341317
0.856301
0.000000
0.000000
0.000000
0.000000
0.000000
0.000000
3.526848
3.265053
0.000000
0.000000
0.000000
0.000000
0.000000
0.000000
0.000000
0.000000
0.000000
0.000000
0.000000
0.000000
0.000000
0.938486
0.000000
0.000000
2.076502
0.000000
0.000000
0.623435
0.000000
0.000000
0.000000
0.000000
0.000000
1.976406
0.000000
0.000000
0.000000
0.000000
0.000000
0.000000
0.000000
0.000000
0.000000
0.000000
0.000000
0.000000
2.288002
0.739775
0.000000
0.000000
0.860607
0.000000
1.048730
5.655706
0.000000
0.000000
2.333555
0.000000
0.000000
0.000000
2.919730
1.427303
1.456918
0.000000
0.000000
2.573750
0.523708
2.831633
0.000000
0.282079
0.000000
0.000000
0.000000
0.000000
0.000000
0.341915
0.000000
3.551186
0.000000
0.278459
0.000000
0.000000
0.000000
0.000000
0.000000
0.000000
0.000000
0.000000
0.000000
0.000000
0.000000
0.000000
0.000000
0.000000
0.000000
0.907120
0.000000
0.000000
0.000000
0.000000
1.788096
0.000000
0.000000
0.000000
0.000000
0.000000
0.000000
0.000000
0.000000
2.315615
0.000000
0.000000
0.000000
0.000000
0.000000
0.000000
0.000000
0.000000
0.000000
0.000000
0.032097
0.000000
0.000000
0.106467
0.000000
0.000000
0.000000
0.000000
0.448814
2.541537
0.000000
0.000000
1.359798
0.000000
0.000000
0.000000
0.000000
1.856803
0.000000
2.884204
0.000000
0.000000
0.741625
0.000000
0.000000
2.068039
0.262576
0.000000
0.448865
0.805123
0.318356
0.133658
0.000000
1.790631
0.000000
0.000000
0.000000
0.000000
0.000000
0.000000
0.478132
0.858369
0.000000
0.000000
1.231924
0.000000
0.000000
1.882776
0.000000
0.000000
0.000000
0.000000
0.000000
0.000000
0.000000
0.100769
0.000000
0.000000
0.000000
0.000000
0.000000
0.281915
1.192604
0.000000
0.000000
0.000000
0.000000
0.000000
0.000000
0.000000
0.000000
0.000000
0.000000
2.441427
0.000000
0.000000
0.000000
2.664422
4.794786
0.000000
0.000000
0.214028
0.000000
0.000000
0.000000
0.000000
0.886470
0.000000
0.000000
2.841546
0.000000
0.000000
0.000000
0.000000
1.520693
0.000000
0.000000
0.000000
0.000000
0.000000
0.000000
0.000000
0.000000
0.000000
0.000000
0.000000
0.000000
0.000000
0.000000
0.000000
0.000000
0.000000
0.000000
1.005576
0.000000
0.238322
0.000000
0.544421
0.000000
1.222886
0.000000
0.000000
0.000000
2.346074
0.000000
2.812827
0.000000
0.000000
0.000000
0.338353
0.000000
0.000000
0.000000
0.000000
1.774662
0.379084
0.000000
0.009545
0.000000
3.715498
0.000000
2.113253
0.000000
1.195673
0.000000
0.000000
1.031779
0.000000
0.000000
0.000000
0.000000
0.000000
2.215360
0.000000
0.000000
0.000000
0.000000
0.000000
0.000000
0.000000
0.000000
0.000000
0.000000
0.000000
1.083225
0.000000
4.277841
0.000000
0.000000
0.000000
0.000000
0.000000
0.000000
0.000000
0.000000
0.224190
0.000000
0.000000
0.875739
0.000000
0.000000
0.000000
0.000000
0.788154
0.000000
0.000000
1.344202
0.802618
0.000000
0.000000
0.000000
0.000000
0.000000
0.000000
0.000000
0.000000
0.000000
0.000000
0.000000
3.090020
0.000000
0.000000
1.824918
0.000000
0.000000
0.000000
0.146858
0.000000
0.000000
0.000000
0.000000
0.000000
2.547826
0.000000
0.000000
0.000000
0.000000
2.107846
0.997995
0.000000
0.000000
0.000000
0.000000
0.540841
0.000000
0.000000
0.000000
0.000000
0.000000
0.000000
0.000000
2.343823
1.544646
0.000000
0.000000
0.000000
0.000000
0.000000
0.116238
0.000000
0.000000
1.272568
0.000000
0.000000
0.839958
0.616645
0.000000
1.230811
0.000000
0.000000
0.000000
0.000000
0.331100
0.000000
0.000000
0.000000
0.000000
0.000000
0.000000
0.000000
0.000000
2.423211
0.567519
0.000000
0.000000
0.000000
0.000000
0.000000
2.955260
0.610621
0.000000
0.000000
0.000000
0.000000
0.000000
0.000000
0.000000
0.000000
0.150302
0.212142
0.000000
0.000000
5.506537
0.000000
2.704575
0.000000
0.000000
0.000000
0.000000
0.000000
2.236827
0.000000
1.039910
0.000000
0.000000
0.000000
0.000000
0.000000
0.000000
0.000000
0.000000
0.000000
0.000000
0.895163
0.000000
1.833591
0.000000
3.682192
0.000000
0.000000
0.000000
0.000000
0.498809
0.000000
0.000000
0.000000
0.945716
0.000000
0.000000
0.000000
2.354105
0.000000
1.005351
0.000000
0.000000
0.000000
2.332633
2.434977
0.531581
0.000000
0.000000
0.000000
0.000000
0.000000
0.000000
0.000000
0.000000
0.000000
0.000000
0.000000
1.039552
0.000000
0.000000
0.810624
0.000000
0.000000
2.546889
0.000000
0.000000
0.000000
0.000000
0.000000
0.000000
0.000000
0.000000
0.000000
0.000000
0.000000
2.300924
0.670916
0.000000
0.000000
0.000000
2.708324
0.000000
2.537034
0.000000
0.000000
0.000000
5.490242
1.865502
2.018177
0.000000
0.000000
0.000000
0.000000
0.000000
0.632688
5.926409
0.000000
0.000000
0.000000
0.000000
0.000000
0.000000
0.000000
0.000000
0.000000
0.000000
0.000000
0.000000
0.000000
0.000000
0.000000
0.000000
0.000000
0.000000
0.000000
0.000000
0.000000
0.650486
2.455222
0.000000
0.000000
0.000000
0.000000
0.763781
0.000000
0.000000
0.000000
0.000000
0.000000
0.000000
0.000000
0.000000
0.285164
0.000000
0.103934
0.000000
0.000000
0.000000
2.957430
0.000000
0.495026
0.000000
0.000000
0.000000
0.000000
2.256705
0.000000
0.000000
0.000000
1.345105
0.000000
0.000000
1.499414
0.000000
0.000000
0.000000
0.000000
0.000000
0.000000
0.000000
0.000000
0.000000
0.000000
0.207522
0.000000
0.000000
0.000000
0.000000
0.000000
0.000000
0.000000
0.000000
0.000000
0.000000
0.000000
0.000000
0.051053
1.256601
2.207017
0.000000
0.000000
0.000000
0.000000
0.000000
0.000000
0.000000
0.000000
1.228935
0.000000
0.000000
0.000000
0.000000
0.000000
0.000000
0.000000
0.000000
0.000000
0.601247
0.000000
0.000000
0.000000
0.000000
0.000000
0.689271
0.000000
0.000000
0.000000
0.000000
0.000000
0.000000
1.552257
0.000000
0.000000
0.000000
2.433733
0.083489
0.000000
0.000000
0.000000
1.953812
0.000000
0.000000
0.000000
0.000000
2.253145
0.000000
0.000000
0.000000
0.000000
0.000000
0.000000
0.000000
0.070687
0.000000
0.000000
0.000000
0.000000
0.000000
0.000000
0.000000
0.000000
0.000000
0.000000
0.000000
0.000000
0.000000
0.000000
0.000000
0.000000
0.000000
0.000000
0.000000
0.000000
0.000000
0.000000
0.000000
2.119652
1.972825
0.000000
0.000000
2.603684
0.000000
0.000000
0.000000
0.000000
0.000000
0.000000
0.000000
0.000000
0.000000
0.000000
0.000000
0.000000
0.000000
1.086445
0.082941
2.396562
0.000000
0.000000
0.000000
0.000000
1.295505
0.000000
0.188563
0.000000
1.811388
0.000000
0.000000
0.000000
0.000000
0.000000
0.000000
0.000000
0.000000
0.000000
3.362261
0.000000
0.116017
0.000000
0.000000
0.000000
0.000000
0.000000
0.000000
0.000000
0.000000
0.000000
0.000000
0.000000
1.804157
0.000000
0.842509
1.423338
0.000000
0.000000
0.000000
0.000000
0.000000
0.000000
0.000000
0.000000
0.000000
0.000000
0.019224
1.609531
0.000000
3.456412
0.000000
0.000000
0.000000
0.000000
0.000000
0.000000
0.000000
0.000000
3.235379
0.000000
0.000000
0.000000
0.000000
0.000000
0.000000
0.000000
0.000000
0.084166
0.116422
2.239123
3.283207
0.000000
0.000000
0.000000
0.000000
0.362201
0.223563
0.000000
0.000000
0.000000
0.000000
0.000000
0.000000
0.000000
0.000000
0.000000
0.000000
0.000000
0.000000
0.000000
0.000000
0.000000
0.000000
3.115521
0.000000
0.000000
0.000000
0.000000
0.000000
0.000000
0.000000
0.000000
2.076892
0.000000
0.000000
0.000000
0.000000
0.000000
0.000000
0.000000
0.000000
0.000000
0.000000
0.000000
0.000000
0.000000
0.000000
0.000000
1.550202
1.472343
0.000000
0.000000
0.000000
0.000000
1.089722
0.000000
0.000000
0.000000
0.000000
0.000000
1.366059
0.000000
0.000000
0.572186
0.000000
0.000000
0.000000
0.000000
0.000000
0.000000
0.000000
0.000000
0.000000
0.000000
0.000000
0.000000
0.000000
0.000000
0.461701
0.000000
0.000000
0.000000
0.000000
0.000000
0.000000
0.000000
0.000000
0.000000
0.000000
0.000000
0.000000
0.762165
0.000000
0.000000
0.000000
0.000000
0.000000
0.000000
0.648866
0.000000
0.000000
0.000000
1.348564
0.000000
0.000000
0.000000
0.000000
0.000000
0.000000
0.000000
0.000000
0.000000
0.000000
0.000000
0.000000
0.000000
0.000000
2.297604
0.000000
0.000000
0.000000
0.000000
0.000000
0.000000
4.482890
0.000000
0.000000
1.644247
0.114272
0.000000
0.000000
0.000000
0.000000
0.000000
0.000000
0.000000
0.000000
0.000000
0.000000
3.654982
0.000000
0.000000
0.000000
0.000000
0.000000
0.000000
0.000000
0.000000
0.000000
0.000000
0.000000
0.000000
0.000000
0.000000
0.000000
0.000000
0.000000
1.580881
0.000000
0.000000
0.000000
0.680615
0.000000
0.000000
0.000000
0.000000
0.000000
0.000000
0.000000
0.000000
0.000000
0.000000
0.000000
2.258253
0.630898
0.000000
0.000000
0.000000
0.000000
1.953485
0.540965
0.000000
0.437707
0.976149
0.000000
0.000000
0.000000
0.000000
0.566582
0.259591
0.000000
0.000000
0.000000
0.000000
0.000000
0.000000
0.000000
0.000000
0.000000
0.000000
0.357817
0.000000
0.000000
0.000000
0.000000
0.000000
0.000000
0.000000
0.000000
0.000000
0.000000
0.000000
0.000000
0.000000
0.000000
0.000000
0.000000
0.000000
0.000000
0.000000
0.000000
0.000000
0.000000
0.000000
0.000000
0.000000
0.000000
3.332919
0.414747
1.278050
0.000000
1.522951
0.000000
0.000000
0.000000
0.026856
0.000000
3.133718
0.558496
0.000000
0.000000
0.000000
0.000000
0.000000
0.000000
0.000000
0.000000
0.000000
1.329493
0.000000
0.000000
0.000000
2.898949
0.000000
2.630804
0.000000
0.000000
0.000000
0.000000
0.000000
0.000000
0.000000
0.577290
0.000000
0.722943
0.742009
0.000000
2.736990
0.000000
0.000000
0.000000
0.000000
1.502387
0.000000
0.000000
0.000000
0.000000
0.008327
0.000000
0.000000
0.000000
0.000000
0.000000
0.000000
0.000000
0.000000
0.000000
0.000000
0.191438
0.000000
0.000000
0.000000
0.124217
0.000000
0.000000
0.000000
0.000000
0.000000
0.000000
0.000000
0.000000
0.000000
1.151741
0.000000
0.000000
0.000000
0.000000
0.000000
0.000000
0.000000
0.000000
0.000000
0.000000
0.000000
0.000000
0.000000
0.000000
0.000000
0.000000
0.000000
0.000000
0.000000
0.000000
0.000000
0.653697
0.000000
0.000000
7.474658
0.000000
0.000000
0.000000
0.000000
0.000000
0.000000
0.000000
0.000000
0.000000
0.000000
0.000000
0.000000
1.294395
0.241622
0.000000
0.000000
0.000000
0.000000
0.000000
1.066732
0.000000
0.000000
0.000000
0.000000
0.000000
0.000000
0.000000
0.000000
0.000000
0.000000
0.000000
0.000000
0.000000
3.005395
1.261064
0.000000
0.000000
0.000000
1.089385
0.157054
0.000000
0.000000
0.000000
0.000000
0.000000
0.000000
0.000000
0.000000
0.000000
0.000000
3.312204
0.000000
0.000000
0.000000
3.599603
0.000000
0.000000
3.802453
0.000000
0.000000
0.897285
0.000000
1.191613
0.000000
0.487470
0.000000
0.000000
0.000000
1.629712
0.000000
0.000000
0.000000
0.000000
0.000000
3.787971
1.674474
0.000000
1.191339
0.000000
0.000000
1.085499
0.000000
0.000000
0.000000
0.000000
0.000000
0.000000
0.000000
0.000000
0.000000
0.000000
0.000000
2.886144
0.000000
0.000000
0.000000
0.000000
0.000000
0.000000
0.000000
1.002357
0.000000
0.000000
0.000000
0.000000
0.000000
0.000000
0.000000
0.000000
0.000000
0.000000
0.000000
0.000000
0.000000
1.213612
3.838123
0.000000
0.000000
0.000000
0.000000
0.000000
0.000000
0.698531
0.000000
0.000000
0.000000
1.157476
0.000000
0.000000
0.000000
0.000000
0.000000
0.000000
0.000000
0.000000
0.000000
0.000000
1.220489
1.498571
0.000000
0.000000
0.000000
0.000000
0.000000
0.000000
0.000000
1.702969
0.000000
0.000000
0.000000
0.000000
0.000000
0.000000
0.000000
2.590227
1.088166
0.000000
0.000000
0.000000
0.000000
0.000000
0.000000
0.000000
1.412719
4.556575
0.000000
0.000000
0.000000
0.000000
0.000000
0.000000
0.000000
0.630992
0.000000
0.000000
0.000000
0.000000
0.000000
0.000000
0.162188
0.000000
0.000000
0.000000
0.000000
0.562616
0.000000
0.000000
0.000000
0.685173
0.000000
0.000000
0.000000
0.000000
0.000000
0.000000
0.000000
0.117437
0.000000
0.000000
0.000000
0.000000
1.317901
0.000000
0.000000
0.000000
0.000000
0.000000
0.000000
0.971392
0.000000
0.000000
1.883406
0.000000
0.000000
1.367794
0.000000
0.510345
0.000000
0.000000
0.000000
0.000000
0.000000
0.000000
0.550588
2.240480
0.000000
0.111311
0.000000
0.365303
0.000000
0.000000
0.000000
0.000000
0.000000
0.000000
0.340599
0.000000
0.000000
0.000000
1.335434
0.000000
0.406328
0.000000
0.000000
0.000000
0.000000
4.156273
0.000000
0.000000
0.891458
0.000000
0.000000
0.000000
0.000000
0.000000
0.000000
0.000000
2.647154
0.000000
0.000000
0.000000
1.307149
0.000000
0.000000
0.000000
0.000000
0.260819
0.000000
2.665107
0.000000
0.000000
0.000000
0.000000
0.000000
1.995069
0.923072
0.000000
0.000000
0.478664
0.000000
0.000000
0.000000
0.000000
0.000000
0.000000
0.000000
0.000000
0.000000
0.000000
0.000000
0.000000
0.000000
0.000000
0.000000
0.000000
0.632480
2.002419
0.000000
0.000000
0.119625
0.000000
0.082449
0.000000
0.000000
0.000000
0.000000
0.000000
0.000000
0.000000
0.000000
2.387763
0.375781
0.000000
2.698967
0.000000
0.000000
0.000000
0.000000
0.000000
0.000000
0.000000
0.000000
0.812760
0.476194
0.000000
0.000000
0.000000
0.000000
0.000000
1.570105
0.000000
0.000000
0.000000
0.000000
0.000000
0.000000
0.000000
0.000000
0.000000
0.855854
0.253432
0.000000
0.000000
0.000000
0.000000
0.000000
0.000000
0.000000
0.000000
0.000000
0.000000
0.000000
0.000000
0.106012
0.000000
0.000000
0.826956
0.839225
0.000000
0.000000
0.106003
0.000000
0.000000
0.325054
0.000000
0.268334
0.000000
0.000000
0.000000
0.000000
0.000000
3.062611
0.000000
0.000000
0.000000
0.000000
0.000000
0.000000
0.000000
0.000000
1.982895
0.000000
0.000000
0.000000
0.000000
0.000000
0.000000
0.000000
0.000000
0.000000
0.000000
0.000000
0.000000
0.000000
0.000000
0.000000
0.000000
0.598441
0.102609
0.000000
0.000000
0.000000
0.522527
1.002106
0.000000
0.000000
0.000000
0.000000
0.000000
2.009941
1.424504
0.000000
0.000000
0.000000
0.000000
0.000000
0.000000
0.000000
0.000000
0.000000
0.000000
0.000000
0.000000
0.000000
0.000000
0.000000
0.000000
0.000000
0.000000
1.836250
0.000000
0.000000
0.346105
0.000000
0.000000
0.000000
0.000000
0.000000
0.000000
0.000000
0.000000
0.829547
0.000000
2.700798
0.000000
0.000000
0.000000
0.000000
0.000000
0.000000
0.000000
0.000000
0.002508
0.000000
0.000000
0.000000
0.308651
0.000000
3.525008
0.000000
0.000000
0.000000
2.182785
0.000000
0.247775
0.000000
0.000000
0.000000
0.000000
0.000000
0.000000
0.000000
0.000000
0.000000
0.000000
0.000000
0.000000
0.000000
0.000000
0.000000
0.000000
0.000000
0.000000
1.525110
0.000000
0.000000
0.000000
2.890981
0.000000
0.000000
0.000000
0.000000
0.000000
0.000000
0.000000
0.000000
0.000000
0.000000
0.000000
0.000000
5.113978
1.154134
0.000000
0.000000
0.000000
0.000000
0.000000
0.000000
1.271596
0.000000
0.000000
0.000000
0.000000
0.000000
0.000000
0.000000
0.000000
0.000000
0.000000
0.182008
0.000000
0.000000
0.000000
0.000000
0.000000
0.000000
0.000000
0.000000
0.000000
0.000000
0.000000
0.000000
0.000000
0.000000
0.000000
0.000000
0.000000
0.018241
0.000000
0.000000
0.000000
0.000000
0.291986
0.000000
1.067415
0.000000
0.780263
0.000000
0.000000
0.000000
0.000000
0.000000
0.000000
0.000000
0.000000
0.000000
0.000000
0.858391
0.315865
0.000000
0.000000
0.000000
0.000000
0.000000
0.897036
0.000000
0.000000
0.000000
