1.303968
0.000000
0.000000
0.000000
0.000000
0.000000
0.000000
0.000000
0.000000
1.675623
0.000000
0.000000
0.000000
0.599411
0.000000
0.000000
0.000000
0.000000
0.000000
0.000000
0.000000
0.000000
0.000000
1.191172
0.000000
0.884974
0.000000
0.090122
0.000000
2.289648
1.075273
0.000000
0.000000
0.000000
0.900313
0.870913
0.000000
0.000000
0.000000
0.000000
1.348682
0.312224
0.000000
0.000000
0.000000
0.000000
0.457301
0.000000
0.000000
0.000000
0.000000
0.000000
0.000000
0.000000
2.116608
0.000000
0.000000
0.000000
0.555541
0.000000
0.288060
0.000000
1.905815
0.000000
0.000000
2.464636
0.000000
0.000000
0.000000
0.000000
0.000000
0.000000
1.127484
0.000000
0.000000
0.000000
0.000000
0.541512
0.000000
0.372193
0.000000
0.000000
0.000000
0.000000
0.000000
3.069105
0.000000
0.000000
0.000000
0.000000
0.000000
0.100209
0.000000
0.000000
0.391554
0.000000
0.000000
1.501233
0.000000
1.185388
0.000000
0.000000
0.000000
0.000000
0.435720
3.320410
0.000000
0.000000
0.000000
0.000000
0.000000
0.000000
0.000000
0.000000
0.486608
0.000000
0.000000
0.000000
0.000000
0.000000
0.000000
0.000000
0.000000
0.000000
4.200177
0.452020
0.603596
0.000000
0.000000
0.000000
0.000000
0.000000
0.000000
0.000000
0.674546
0.922427
1.790494
0.000000
0.000000
0.038672
0.236750
3.986775
0.000000
1.005393
0.000000
0.000000
0.712954
0.749762
0.000000
0.000000
1.157103
0.000000
0.000000
1.109238
0.000000
0.000000
0.000000
0.000000
0.000000
0.000000
2.217850
0.000000
0.000000
0.617374
0.000000
0.000000
0.000000
0.000000
0.000000
1.644336
0.000000
0.000000
0.000000
0.000000
0.000000
0.000000
2.136211
0.445202
0.080879
0.000000
0.000000
0.776960
0.000000
0.000000
0.000000
1.167221
1.065435
1.364044
0.000000
0.000000
1.408408
0.000000
0.000000
0.000000
0.000000
0.053650
0.703404
2.592978
0.000000
0.000000
0.000000
0.000000
0.000000
0.000000
0.000000
0.000000
0.762584
0.000000
0.946246
2.230535
0.000000
0.546177
0.000000
0.000000
0.000000
0.000000
2.689166
1.075964
0.000000
0.000000
0.000000
0.000000
0.000000
0.651232
0.000000
0.000000
0.000000
0.000000
0.000000
0.000000
2.368932
0.000000
0.000000
0.000000
0.501083
0.000000
0.000000
0.000000
0.000000
0.000000
1.404287
0.000000
0.664805
0.268747
0.281615
1.035804
0.000000
0.000000
0.000000
0.000000
0.000000
0.093359
1.749793
0.268947
0.000000
0.000000
0.000000
0.000000
0.000000
0.000000
0.000000
0.000000
0.000000
0.885483
0.000000
0.000000
0.000000
0.000000
0.000000
0.000000
0.000000
0.000000
0.000000
0.000000
1.255040
1.138261
1.748255
0.000000
0.578253
0.000000
0.000000
0.000000
0.000000
0.000000
0.183267
0.304956
0.000000
1.377715
0.000000
0.893720
0.000000
0.000000
0.000000
1.295786
0.000000
0.000000
0.000000
0.000000
0.000000
0.000000
0.000000
0.000000
0.931215
0.000000
1.215856
0.000000
0.000000
1.543251
0.000000
0.000000
0.244771
0.000000
0.000000
0.000000
0.000000
0.984687
0.000000
0.000000
0.000000
0.000000
1.463981
0.000000
1.647861
0.000000
0.000000
0.000000
1.619931
0.000000
0.000000
0.000000
0.000000
0.000000
0.000000
0.000000
0.000000
0.000000
0.000000
0.000000
0.000000
0.000000
0.000000
0.000000
0.000000
0.000000
0.000000
1.863496
0.000000
0.000000
0.265808
0.000000
0.206780
0.000000
0.000000
0.000000
0.000000
0.000000
0.000000
0.000000
0.000000
0.000000
0.000000
0.000000
0.000000
0.443848
0.000000
0.000000
0.593636
0.000000
1.373896
0.000000
0.374813
0.000000
0.000000
0.000000
0.000000
0.000000
0.000000
0.521946
1.475195
0.000000
0.000000
0.000000
0.000000
0.000000
0.000000
0.000000
0.000000
0.705679
0.000000
0.000000
0.000000
0.435034
2.441384
0.000000
0.000000
0.000000
2.346529
0.000000
0.000000
0.000000
0.000000
0.000000
0.000000
0.603427
0.000000
0.775145
1.474966
0.000000
0.170924
0.000000
0.000000
0.000000
0.000000
1.175600
0.390232
0.000000
0.000000
0.000000
0.641641
0.000000
0.049581
0.000000
0.182179
0.090884
0.000000
0.057259
0.000000
0.000000
2.845540
0.000000
0.967188
0.000000
0.000000
0.000000
0.000000
0.000000
0.000000
0.000000
0.000000
0.000000
0.000000
0.682776
0.000000
0.000000
2.627889
1.926581
0.000000
0.000000
0.000000
1.211876
0.000000
0.000000
0.000000
0.000000
0.000000
0.000000
0.000000
0.000000
0.000000
0.000000
0.116361
0.000000
0.000000
0.000000
0.000000
1.383445
0.686310
0.000000
0.000000
0.000000
0.000000
0.000000
0.000000
1.283312
0.000000
0.000000
0.000000
0.000000
0.000000
0.311263
0.000000
0.279549
0.000000
2.889333
0.000000
0.000000
1.571965
0.000000
0.735597
0.000000
0.000000
0.000000
0.404298
0.000000
0.000000
0.000000
0.000000
0.000000
0.000000
0.000000
0.000000
0.000000
0.000000
0.000000
0.000000
0.000000
0.000000
0.000000
1.062753
0.000000
0.701223
0.000000
0.000000
2.076631
0.000000
0.000000
0.004248
0.000000
0.000000
0.124833
0.210162
0.439929
0.000000
0.000000
0.000000
1.436713
0.000000
0.647152
0.000000
0.000000
0.000000
0.000000
0.000000
0.735522
0.000000
0.000000
1.133646
0.000000
0.000000
0.000000
0.000000
0.385509
0.865290
0.000000
0.000000
0.000000
0.038326
1.734692
0.000000
0.000000
0.000000
0.000000
0.000000
0.000000
0.000000
0.240219
0.000000
0.000000
0.000000
0.000000
0.000000
0.000000
0.000000
0.000000
0.000000
0.000000
0.607939
0.651637
3.572914
0.318429
0.000000
0.000000
0.000000
0.000000
0.000000
0.000000
0.331571
0.000000
0.000000
0.000000
0.000000
0.000000
0.000000
0.000000
0.000000
0.000000
0.000000
0.000000
0.000000
0.054580
0.000000
0.779062
0.000000
0.000000
0.000000
1.130783
0.000000
0.000000
0.000000
0.000000
0.000000
1.488776
0.000000
0.000000
0.000000
0.000000
0.000000
0.771622
0.000000
0.000000
2.324815
0.000000
0.000000
1.238314
0.000000
0.000000
0.095474
0.000000
0.000000
0.000000
0.000000
0.384075
0.000000
0.000000
0.000000
0.000000
0.559182
0.000000
0.000000
0.000000
0.208726
0.000000
0.000000
0.000000
0.000000
2.852363
3.115940
0.000000
1.248784
0.166582
0.204580
0.000000
0.000000
1.134829
0.000000
0.000000
0.000000
0.000000
0.192297
0.491304
4.025918
0.000000
0.000000
0.000000
0.000000
0.000000
0.678881
0.367439
0.000000
0.000000
0.635043
0.000000
0.000000
0.000000
0.000000
1.057480
0.666438
0.000000
2.175803
0.888324
0.000000
0.000000
0.000000
0.000000
0.000000
0.156891
0.662939
0.114318
0.000000
0.000000
1.459427
0.000000
0.000000
0.000000
0.000000
0.000000
0.000000
0.000000
0.000000
0.000000
0.000000
0.000000
0.000000
0.026884
2.449392
0.822298
0.000000
0.244985
0.000000
0.000000
0.000000
0.000000
0.000000
0.000000
0.000000
0.000000
0.276303
0.377123
0.000000
0.000000
0.000000
0.000000
1.308501
0.000000
0.000000
0.000000
0.000000
1.152522
0.000000
0.000000
0.000000
0.000000
0.000000
0.513091
0.592962
0.000000
1.004840
0.000000
0.000000
0.000000
1.485587
0.000000
0.000000
0.000000
0.000000
0.000000
0.000000
0.000000
0.000000
1.932190
0.000000
0.000000
0.000000
0.000000
0.000000
0.000000
0.000000
0.000000
0.000000
0.000000
0.000000
0.000000
0.516622
0.000000
0.000000
0.000000
0.656419
1.501840
0.000000
0.000000
2.307483
0.000000
0.000000
0.000000
1.512173
0.000000
0.000000
0.000000
0.000000
0.000000
0.486757
0.000000
0.000000
0.000000
0.000000
0.000000
0.000000
0.000000
0.000000
0.000000
0.000000
0.000000
0.567301
0.000000
0.061568
0.000000
0.000000
0.000000
0.000000
0.000000
0.000000
2.501002
0.000000
0.000000
0.568314
0.741880
0.000000
0.000000
0.000000
0.135747
0.000000
0.632405
0.000000
3.321016
0.000000
0.000000
0.000000
0.000000
0.000000
0.000000
0.000000
2.019273
0.000000
0.000000
0.000000
0.000000
0.000000
0.000000
0.000000
0.000000
1.028873
1.050522
0.158818
0.000000
0.000000
0.000000
0.000000
0.000000
0.000000
0.000000
0.000000
0.000000
0.000000
0.000000
0.000000
0.055428
0.000000
0.000000
0.440329
0.000000
0.000000
0.000000
0.000000
0.218232
0.000000
0.123898
0.000000
0.000000
0.000000
0.000000
2.105757
0.000000
0.655454
3.052551
0.000000
0.000000
0.000000
0.000000
0.000000
0.000000
0.000000
0.000000
0.000000
0.000000
0.000000
0.978771
0.000000
0.000000
1.221081
0.000000
0.000000
0.000000
0.000000
0.000000
0.000000
0.000000
0.000000
0.000000
3.072483
0.000000
0.000000
0.000000
0.000000
0.000000
0.000000
0.000000
0.000000
0.000000
0.000000
0.000000
0.000000
0.000000
0.038733
0.317722
0.000000
0.000000
0.000000
0.000000
0.000000
0.000000
0.000000
0.000000
0.000000
3.047626
0.000000
0.000000
0.000000
0.000000
0.644657
0.000000
0.000000
0.000000
0.000000
0.000000
0.000000
0.000000
0.000000
0.000000
2.028600
0.000000
0.000000
0.000000
0.000000
0.000000
0.217755
0.155271
0.000000
0.773565
1.480084
0.000000
0.357080
1.337196
0.000000
0.000000
0.000000
0.000000
0.414989
3.723258
0.000000
0.000000
0.000000
0.000000
0.000000
0.660054
0.000000
0.000000
0.000000
0.000000
0.000000
0.930575
0.000000
0.000000
0.059578
0.000000
0.491162
0.000000
0.000000
1.071828
0.000000
0.000000
2.623348
0.000000
0.058991
0.000000
0.000000
0.000000
0.000000
0.000000
0.000000
0.000000
0.000000
0.000000
0.020314
0.000000
0.000000
1.004089
0.000000
0.000000
0.000000
0.000000
0.000000
0.000000
0.000000
0.000000
0.000000
0.000000
0.000000
0.000000
0.000000
0.000000
0.000000
0.000000
0.000000
0.000000
0.000000
1.428828
0.000000
0.000000
0.000000
0.000000
0.000000
0.000000
0.000000
0.000000
1.439781
0.000000
0.000000
0.305958
0.000000
0.000000
0.203899
0.000000
0.000000
0.000000
0.000000
0.000000
0.204640
0.000000
0.000000
0.000000
0.000000
0.000000
0.000000
0.000000
0.000000
0.000000
0.973137
0.000000
0.000000
0.000000
0.000000
0.000000
0.000000
0.000000
0.000000
0.000000
0.000000
0.000000
0.000000
0.538300
0.000000
0.000000
1.014348
0.000000
3.423043
0.000000
0.000000
2.300651
0.000000
1.242031
0.000000
0.000000
0.000000
0.000000
0.000000
0.000000
0.000000
0.000000
0.000000
0.000000
0.551995
0.000000
1.004915
0.000000
2.201334
0.000000
0.000000
0.000000
0.390756
0.000000
0.000000
0.784142
0.000000
0.000000
2.098282
0.000000
0.000000
0.000000
0.000000
0.789690
0.000000
0.000000
0.000000
0.000000
0.000000
0.000000
3.231214
2.233490
0.000000
0.000000
0.000000
0.612675
0.000000
0.000000
1.976652
0.431697
0.000000
0.000000
0.000000
2.682889
0.000000
0.000000
0.000000
0.000000
0.773740
0.000000
0.000000
0.000000
1.159570
0.000000
0.000000
0.000000
0.000000
0.000000
0.000000
0.000000
0.000000
1.684358
0.000000
0.000000
0.977920
0.000000
0.000000
0.000000
0.000000
0.000000
0.000000
2.125662
0.891262
0.000000
0.000000
0.000000
0.000000
0.000000
0.000000
0.911659
0.000000
0.000000
0.000000
0.000000
0.269474
0.000000
0.000000
0.000000
0.000000
0.000000
0.000000
0.000000
0.000000
0.000000
0.000000
0.000000
2.633660
2.054913
0.000000
0.000000
0.000000
0.000000
0.000000
0.000000
0.000000
0.000000
0.000000
1.479521
0.000000
0.000000
0.990131
0.000000
0.000000
0.000000
0.000000
0.000000
0.000000
0.392861
0.000000
0.000000
0.000000
0.120235
0.000000
0.000000
0.000000
0.605085
0.000000
2.005710
1.359668
0.000000
0.000000
0.000000
0.557360
0.000000
0.000000
0.000000
0.000000
0.000000
0.000000
1.355308
0.000000
0.000000
0.000000
0.000000
0.000000
0.000000
0.000000
0.000000
0.000000
1.201092
0.000000
1.101065
0.000000
0.658671
0.000000
0.000000
0.000000
0.000000
0.000000
0.000000
0.000000
0.341129
0.000000
1.231133
0.837518
0.000000
0.000000
0.000000
0.000000
0.000000
0.000000
1.495370
0.000000
0.000000
0.091120
0.000000
0.000000
0.000000
1.321819
0.000000
0.000000
0.000000
0.000000
0.000000
0.662843
0.534759
1.227047
0.000000
0.000000
1.260978
0.000000
0.308834
0.000000
0.000000
0.000000
0.000000
0.000000
0.000000
0.000000
0.000000
0.000000
0.400479
0.000000
0.462969
1.906711
0.000000
0.000000
0.000000
0.000000
0.000000
0.000000
0.000000
0.000000
0.000000
0.000000
0.000000
0.477382
1.006383
0.000000
0.000000
0.515844
0.000000
0.000000
0.000000
0.000000
0.000000
0.000000
0.022848
0.000000
0.000000
0.000000
0.244964
0.209710
0.849611
0.000000
0.000000
0.000000
0.000000
0.000000
0.000000
0.000000
0.000000
0.000000
1.339601
0.000000
0.000000
0.000000
0.000000
0.995607
0.000000
0.000000
0.592677
0.000000
0.000000
0.000000
0.335967
0.000000
0.000000
0.000000
0.000000
0.000000
0.000000
0.000000
0.000000
0.664910
0.000000
0.000000
0.999895
1.221052
0.206213
0.000000
0.000000
0.000000
0.000000
0.000000
0.081256
0.418275
2.247089
0.000000
0.000000
0.384879
0.000000
0.000000
0.000000
0.000000
0.420554
0.363056
0.000000
0.025277
0.000000
0.000000
0.000000
0.000000
0.615160
0.671912
0.000000
0.000000
0.000000
0.000000
0.000000
0.037871
0.000000
0.000000
0.000000
1.493062
0.000000
0.000000
0.009960
0.746157
1.477818
0.000000
0.000000
0.000000
0.577015
0.000000
0.169514
0.000000
0.000000
0.888976
0.000000
0.908268
0.000000
0.000000
0.000000
0.000000
0.000000
0.000000
0.000000
0.000000
2.497354
0.000000
0.000000
0.000000
0.415018
0.000000
1.602138
0.000000
0.000000
0.000000
0.000000
0.000000
0.519929
0.000000
0.000000
0.000000
0.000000
0.000000
0.000000
0.000000
0.000000
0.000000
0.000000
0.000000
0.000000
0.000000
0.000000
0.745149
0.332715
1.569523
0.000000
0.000000
0.000000
0.405148
0.000000
0.000000
0.586662
0.631521
0.000000
0.000000
0.000000
0.000000
0.000000
0.000000
0.000000
0.000000
0.000000
0.000000
0.000000
0.000000
1.448591
0.000000
0.000000
1.764481
0.000000
0.000000
1.155431
0.000000
0.000000
1.726864
1.168820
0.028775
3.791489
3.484373
0.000000
0.000000
0.000000
1.498434
3.644071
0.000000
0.000000
0.242657
0.000000
0.000000
0.000000
0.000000
0.493909
0.000000
0.000000
0.000000
0.000000
0.000000
0.000000
0.013514
0.000000
0.000000
0.652902
0.000000
0.000000
1.550233
0.419409
0.000000
0.149737
0.000000
0.000000
0.000000
0.000000
0.000000
0.000000
0.000000
0.000000
0.908738
0.000000
0.000000
0.000000
0.000000
0.000000
0.000000
0.000000
0.000000
0.000000
0.000000
2.390224
2.057885
0.000000
0.000000
1.342507
0.995887
0.000000
0.000000
0.000000
0.000000
1.415427
0.000000
0.000000
0.018142
1.108976
0.000000
0.000000
0.000000
0.000000
0.699270
0.416490
0.000000
0.180385
0.000000
0.313290
0.000000
0.000000
0.000000
0.266134
1.099481
0.000000
0.000000
1.463602
0.777599
0.000000
0.000000
0.000000
0.000000
0.000000
0.000000
0.000000
0.000000
0.000000
0.357836
0.000000
0.000000
0.000000
2.595835
0.000000
0.000000
0.000000
0.000000
0.000000
0.000000
0.467463
2.512727
0.000000
0.000000
0.000000
0.000000
2.178496
0.000000
0.000000
0.000000
0.000000
0.000000
0.000000
0.000000
0.000000
0.120146
0.000000
1.159857
0.000000
0.000000
0.000000
0.000000
0.000000
0.000000
0.000000
0.390824
1.335810
0.171176
0.000000
0.000000
0.000000
0.000000
0.000000
0.000000
0.000000
0.000000
0.000000
1.577339
0.000000
0.000000
0.000000
0.000000
0.000000
0.000000
0.000000
0.000000
0.587997
1.046565
0.000000
0.000000
0.000000
0.000000
1.427264
0.511238
0.000000
0.000000
0.000000
0.000000
0.000000
0.000000
0.011986
0.000000
0.000000
1.018338
0.000000
0.478658
0.000000
0.000000
0.000000
0.000000
0.367775
0.000000
0.000000
0.352487
0.269488
0.000000
1.379312
0.000000
0.000000
0.000000
3.240403
0.000000
0.000000
0.000000
0.917271
0.000000
0.000000
0.000000
0.647502
0.648009
0.000000
0.525803
0.000000
0.000000
0.000000
0.000000
0.143991
0.000000
1.554088
0.837079
0.000000
0.000000
0.000000
0.000000
1.100581
0.000000
0.000000
0.000000
0.000000
0.127778
0.000000
0.000000
0.074704
0.000000
0.000000
0.796430
0.000000
1.707354
0.000000
0.427995
0.244982
0.000000
0.000000
2.639762
0.000000
0.000000
0.000000
0.000000
2.541414
0.000000
0.240369
0.000000
0.000000
0.000000
0.000000
0.000000
0.000000
0.000000
0.000000
2.062917
0.000000
0.000000
0.000000
0.000000
0.000000
0.000000
0.000000
0.792794
0.749106
0.000000
2.352178
0.000000
0.000000
0.000000
0.000000
0.000000
0.810478
0.000000
0.986437
0.000000
0.000000
0.000000
0.000000
0.000000
0.000000
0.391447
0.000000
0.000000
0.000000
0.000000
0.000000
0.000000
0.000000
0.000000
0.000000
0.027560
0.425260
0.000000
0.544620
0.000000
0.000000
1.296240
0.000000
0.000000
4.749857
0.000000
0.000000
0.000000
0.606393
0.000000
0.000000
0.294952
1.108283
0.000000
0.000000
0.000000
1.013336
0.000000
0.802206
1.643210
0.000000
1.572955
2.207651
0.000000
0.000000
0.000000
0.000000
0.000000
0.000000
0.000000
2.194813
0.000000
0.000000
0.000000
0.000000
0.000000
0.000000
0.000000
0.000000
1.338292
0.000000
1.218062
0.000000
0.000000
0.000000
1.362505
0.000000
0.361111
0.842188
0.000000
0.000000
0.000000
0.000000
0.000000
0.000000
0.000000
0.199760
0.000000
0.362499
0.000000
0.000000
0.000000
2.100070
0.000000
0.000000
0.000000
0.000000
0.000000
2.780252
0.000000
0.000000
0.000000
0.000000
0.867048
0.000000
0.749028
0.000000
0.000000
0.484800
0.397637
0.085777
1.812508
0.000000
0.000000
0.000000
0.000000
1.239332
0.000000
0.000000
0.571221
0.000000
0.000000
0.000000
0.000000
0.000000
0.000000
0.000000
0.000000
1.541848
1.122596
0.213512
0.000000
0.000000
0.000000
0.000000
0.000000
1.667477
1.228796
0.821952
0.000000
0.000000
0.000000
0.000000
0.000000
0.000000
0.000000
0.260685
0.492228
0.000000
0.000000
0.012251
0.000000
0.000000
0.000000
1.131251
0.000000
0.000000
0.000000
1.636708
0.000000
0.000000
0.000000
0.000000
0.000000
0.000000
0.168932
0.000000
0.000000
0.000000
0.000000
0.244334
0.000000
0.000000
0.000000
0.000000
0.000000
1.743931
0.208503
0.292611
1.856096
1.838946
0.000000
0.224251
0.000000
0.000000
0.000000
1.722265
0.949685
0.000000
0.803727
0.000000
3.198719
0.000000
0.000000
0.000000
0.000000
3.048314
2.632107
0.485787
0.000000
0.000000
0.000000
0.709905
0.000000
0.000000
0.149527
0.000000
0.000000
0.000000
0.000000
0.000000
0.000000
0.000000
0.000000
0.176723
0.000000
1.104003
0.000000
0.000000
0.000000
0.329450
0.000000
0.000000
0.000000
0.316049
1.593935
0.000000
0.490944
0.007734
0.000000
0.000000
0.000000
0.000000
0.000000
0.805251
0.000000
0.000000
0.000000
0.000000
0.000000
0.000000
0.000000
1.091261
0.000000
0.000000
0.000000
0.000000
0.327028
0.000000
0.558800
2.022274
0.000000
0.000000
0.000000
0.000000
1.578575
0.000000
0.000000
0.000000
0.000000
0.000000
0.000000
0.000000
0.000000
0.000000
0.462069
0.000000
0.000000
0.000000
0.000000
3.322081
0.000000
0.000000
0.000000
0.000000
0.000000
0.000000
3.261543
0.000000
1.514527
0.000000
0.000000
0.000000
0.000000
0.000000
0.000000
0.000000
0.000000
0.000000
1.841241
0.000000
1.737979
0.000000
0.000000
0.000000
0.000000
0.000000
0.000000
0.000000
0.000000
2.468925
0.000000
1.284993
0.000000
0.000000
0.373044
0.551706
0.000000
0.503902
0.000000
0.000000
1.202899
0.000000
0.000000
2.299928
0.000000
0.000000
1.211789
0.000000
0.000000
0.000000
0.000000
0.000000
0.000000
0.000000
0.197542
0.000000
0.000000
0.000000
0.000000
0.000000
0.000000
0.000000
0.000000
0.000000
0.850804
0.000000
0.000000
0.492804
0.000000
0.000000
0.062436
2.809041
0.000000
0.000000
0.000000
0.540212
0.000000
0.547548
2.556749
0.100038
0.000000
0.000000
0.000000
0.486771
0.000000
0.000000
0.000000
0.000000
0.000000
0.000000
2.326071
0.000000
0.000000
0.000000
0.000000
0.000000
0.000000
0.000000
0.000000
0.000000
0.000000
0.000000
0.000000
0.000000
0.000000
0.000000
0.000000
0.000000
0.000000
0.000000
0.000000
1.524675
0.000000
0.000000
0.000000
1.010463
0.000000
0.494764
0.000000
0.000000
0.994053
0.000000
0.000000
0.000000
1.630884
0.000000
1.408265
0.000000
0.000000
0.000000
0.000000
0.000000
0.000000
0.000000
0.000000
0.000000
0.000000
0.000000
0.320549
1.502197
0.000000
0.271629
0.000000
0.000000
0.000000
0.000000
0.000000
0.000000
0.000000
0.000000
0.000000
0.000000
0.000000
0.000000
0.661103
0.000000
0.274410
0.000000
0.000000
2.070923
0.000000
0.000000
0.000000
0.000000
0.000000
0.712076
0.000000
1.313219
0.000000
0.000000
0.000000
0.419170
0.000000
0.000000
0.000000
0.000000
0.000000
0.000000
0.000000
0.000000
0.000000
0.000000
0.000000
1.334116
0.000000
0.000000
0.000000
0.000000
0.000000
0.000000
0.000000
0.000000
0.000000
0.000000
0.000000
0.329944
0.000000
0.000000
0.000000
0.000000
0.000000
0.000000
0.000000
0.350397
0.000000
0.000000
0.000000
0.000000
0.000000
0.000000
0.000000
0.000000
0.000000
0.000000
0.000000
0.000000
0.000000
0.000000
0.000000
0.000000
0.000000
0.707368
0.000000
0.000000
0.000000
0.000000
0.000000
0.198903
0.000000
0.000000
0.000000
0.000000
0.000000
2.244833
0.000000
0.000000
0.000000
1.157522
0.362207
2.223111
0.000000
1.266332
1.501626
0.000000
0.000000
0.805970
0.740138
0.000000
0.000000
0.000000
0.000000
0.000000
0.000000
0.000000
0.000000
0.000000
0.000000
0.000000
0.000000
0.000000
0.000000
0.000000
0.000000
0.000000
0.672792
0.000000
0.000000
0.383002
0.331641
0.096530
0.000000
0.000000
0.000000
0.000000
0.000000
0.000000
0.000000
0.000000
0.000000
0.000000
0.000000
0.000000
0.000000
0.000000
1.613833
0.198526
0.825380
2.087117
0.486475
0.318436
0.653802
0.000000
0.000000
0.000000
3.517092
0.854384
0.000000
1.414815
0.000000
0.000000
0.000000
0.871848
0.000000
0.000000
0.000000
0.000000
0.000000
0.000000
0.521294
0.000000
0.000000
0.000000
0.000000
0.940743
0.000000
0.000000
0.000000
0.000000
0.000000
0.000000
0.000000
0.000000
0.000000
0.000000
2.608190
0.000000
0.000000
0.000000
0.843103
0.028879
0.000000
1.729972
0.135863
0.000000
0.000000
0.000000
0.000000
0.000000
0.000000
0.000000
0.000000
0.000000
0.955574
0.000000
0.000000
0.211980
0.000000
0.000000
0.000000
0.000000
0.000000
0.000000
0.000000
0.000000
0.000000
0.639247
0.000000
0.000000
0.000000
0.000000
0.000000
0.000000
0.000000
0.000000
0.000000
0.000000
0.000000
0.000000
0.000000
0.117847
0.000000
1.120696
0.000000
0.837309
0.000000
0.302128
0.000000
0.000000
2.941822
0.000000
0.000000
0.000000
0.000000
1.213239
2.028439
0.000000
0.000000
0.000000
0.475971
0.000000
0.000000
0.000000
0.000000
0.000000
0.000000
0.000000
0.000000
0.396196
0.140299
0.000000
0.000000
0.453166
0.000000
1.248387
0.000000
1.999325
0.000000
1.377704
0.000000
0.174886
0.000000
0.000000
0.000000
0.000000
0.000000
1.799002
0.000000
0.260470
0.000000
0.000000
0.000000
5.104860
0.000000
0.000000
0.000000
0.000000
0.579435
0.000000
0.000000
0.000000
0.000000
0.000000
0.000000
0.000000
0.000000
0.000000
0.000000
0.000000
0.000000
1.919152
0.642400
0.000000
0.000000
0.000000
2.845304
0.000000
0.000000
0.000000
0.000000
0.000000
0.567332
0.000000
0.000000
0.000000
0.000000
0.715130
0.000000
0.000000
0.000000
0.000000
0.000000
0.503142
0.396511
0.000000
0.000000
0.760634
0.000000
0.650129
0.000000
0.000000
0.000000
0.186120
0.000000
0.000000
0.045475
0.000000
0.000000
0.458035
1.128877
0.000000
0.000000
0.000000
0.000000
0.000000
2.371694
3.054498
1.780797
0.199783
0.000000
0.000000
0.000000
0.000000
0.000000
0.000000
0.000000
0.000000
0.000000
0.000000
0.000000
1.663981
0.191818
0.000000
1.643941
0.167680
0.000000
0.000000
0.000000
0.000000
0.000000
1.275198
0.000000
0.192691
0.000000
0.608819
0.706538
0.000000
0.000000
0.000000
0.000000
0.000000
0.694945
0.000000
0.000000
0.000000
1.658732
0.434623
0.000000
0.000000
2.520658
0.000000
0.151375
2.398536
0.000000
0.000000
3.452665
0.498197
0.462267
0.000000
1.666219
1.419392
0.889026
0.000000
0.000000
1.996695
2.041023
3.761919
0.000000
1.399588
0.000000
0.000000
0.000000
1.425642
0.000000
0.937331
0.000000
2.424764
0.000000
0.000000
0.000000
0.000000
0.000000
0.000000
0.000000
0.000000
0.000000
0.000000
0.000000
0.000000
0.000000
0.000000
0.000000
0.000000
0.000000
0.787680
0.000000
0.000000
0.967112
0.000000
0.589009
0.000000
0.607082
0.000000
0.000000
0.000000
0.000000
0.000000
0.000000
1.334073
0.000000
0.000000
0.000000
0.000000
0.000000
0.000000
0.000000
1.304210
0.000000
0.038616
0.270882
0.000000
0.000000
0.000000
0.000000
0.000000
0.000000
0.000000
0.000000
4.055650
0.000000
0.000000
2.212329
0.000000
0.000000
0.000000
0.000000
0.407205
0.000000
2.165717
0.000000
0.000000
0.476463
0.000000
0.000000
1.897199
0.498796
0.000000
0.000000
0.215827
0.096678
0.000000
0.000000
0.789391
0.000000
0.000000
0.092749
0.000000
0.044554
0.000000
0.000000
0.307672
0.000000
0.000000
0.000000
0.000000
0.000000
2.071859
0.000000
0.000000
0.000000
0.402891
0.000000
0.000000
0.000000
0.681952
0.674975
0.000000
0.000000
1.528936
0.000000
0.000000
0.689308
0.000000
0.000000
0.000000
0.000000
0.000000
0.000000
1.108494
0.000000
0.000000
0.000000
0.000000
0.000000
0.000000
0.000000
2.804261
0.000000
0.512971
0.000000
0.000000
0.000000
0.000000
0.000000
0.000000
0.470258
0.000000
0.000000
0.000000
0.000000
0.000000
0.057265
0.000000
0.000000
0.000000
0.000000
0.000000
0.295822
0.000000
0.000000
0.000000
0.000000
0.000000
0.517325
0.000000
0.000000
0.000000
0.000000
0.000000
0.000000
0.245850
0.000000
0.192966
0.000000
1.763081
0.483501
0.000000
0.000000
1.167970
0.000000
0.000000
0.000000
0.000000
0.000000
1.946114
1.035768
0.000000
0.000000
0.000000
0.000000
0.000000
0.000000
0.000000
2.981431
0.970484
0.000000
0.758062
0.000000
0.348489
0.000000
2.471821
0.000000
1.031585
0.000000
0.000000
0.743792
0.000000
0.000000
0.000000
0.000000
0.000000
1.512060
0.000000
0.000000
0.000000
0.000000
0.000000
0.000000
0.000000
0.000000
0.000000
0.000000
3.011769
1.409642
0.000000
1.307403
0.000000
0.000000
0.000000
1.466303
0.000000
0.000000
0.000000
0.000000
0.000000
0.000000
0.000000
3.067636
2.036871
0.121331
0.000000
0.000000
0.241901
0.000000
0.000000
0.237376
1.188501
0.000000
0.000000
0.000000
0.000000
0.000000
0.590948
0.000000
1.676530
0.000000
0.000000
0.000000
0.000000
0.000000
0.000000
0.000000
0.000000
0.000000
0.000000
0.000000
0.000000
0.000000
0.000000
0.278632
0.000000
2.574473
0.000000
0.000000
0.000000
0.000000
0.872023
0.000000
0.000000
1.220067
0.000000
0.000000
1.399385
0.000000
0.000000
0.000000
0.000000
0.000000
0.000000
0.000000
0.783604
0.677505
0.000000
0.000000
0.000000
0.425135
0.000000
1.144566
0.000000
1.518029
0.000000
0.000000
0.000000
0.052397
0.655622
0.000000
1.496358
0.000000
0.000000
0.118727
0.000000
3.406200
0.000000
0.000000
0.000000
0.000000
0.000000
0.000000
0.000000
0.000000
0.573128
0.062194
0.000000
0.000000
0.000000
0.351633
0.000000
0.299083
0.000000
0.000000
0.000000
0.000000
0.000000
0.000000
0.000000
0.000000
0.000000
0.000000
1.019004
0.000000
0.000000
0.953984
0.000000
1.944142
0.000000
0.000000
0.000000
0.000000
0.000000
0.806053
0.000000
0.418084
0.299596
0.000000
0.000000
0.201420
2.221075
0.000000
0.000000
0.000000
0.000000
0.000000
2.147348
0.000000
2.943192
0.000000
1.088975
0.000000
0.007402
0.000000
0.000000
0.000000
0.000000
0.000000
0.236579
1.339387
0.000000
0.000000
0.000000
2.221871
1.133102
1.335164
0.000000
1.424239
0.000000
0.719546
0.679317
0.683854
0.000000
0.000000
0.000000
0.000000
0.000000
0.000000
0.000000
0.000000
0.000000
0.000000
0.000000
0.000000
0.343427
0.000000
0.000000
0.031211
0.000000
3.874591
0.034710
0.000000
0.000000
0.000000
0.000000
0.762552
0.000000
0.000000
0.000000
0.000000
0.000000
0.988492
0.000000
0.000000
0.000000
0.000000
2.254985
0.000000
1.175545
0.000000
0.000000
0.000000
2.961750
0.000000
2.539277
0.000000
0.000000
0.000000
0.767072
0.000000
0.688909
3.229198
0.000000
0.000000
0.000000
0.000000
0.000000
1.914214
0.724174
0.045546
0.000000
0.000000
0.119840
0.000000
0.013643
0.622302
0.000000
0.000000
0.513790
0.000000
0.000000
0.000000
0.000000
0.254796
2.045214
0.000000
0.279528
0.000000
0.000000
2.233600
0.000000
0.000000
0.000000
0.000000
0.000000
0.000000
0.000000
0.000000
0.043569
0.000000
0.000000
0.000000
0.000000
0.000000
1.249505
0.000000
0.150047
0.000000
0.000000
0.000000
1.043237
0.000000
0.000000
0.000000
0.000000
2.385378
0.000000
0.000000
1.863023
0.038497
0.000000
0.000000
0.000000
0.159458
0.000000
2.018645
0.000000
0.000000
0.760224
0.000000
0.000000
1.031032
0.000000
0.000000
0.000000
0.000000
0.000000
0.000000
0.000000
0.083827
0.000000
0.000000
0.000000
1.321325
1.847199
0.000000
0.000000
0.000000
0.000000
0.000000
0.000000
0.000000
0.000000
0.000000
0.000000
0.000000
0.000000
0.000000
0.000000
0.000000
0.000000
0.000000
0.000000
0.000000
0.000000
0.000000
0.000000
0.000000
0.000000
1.102285
0.000000
0.000000
3.207050
0.254593
0.000000
0.000000
0.572543
0.000000
0.000000
0.000000
0.000000
0.000000
0.000000
0.000000
0.000000
0.000000
0.000000
0.000000
0.000000
0.000000
1.330635
0.000000
0.000000
0.000000
0.000000
0.000000
0.000000
0.000000
0.000000
0.000000
0.000000
0.413392
0.000000
0.000000
0.000000
0.000000
0.000000
0.000000
0.000000
0.000000
0.000000
0.647609
0.000000
0.000000
0.871396
0.000000
0.000000
0.000000
0.000000
0.000000
0.000000
0.354452
0.718573
2.146403
0.000000
0.000000
0.000000
0.000000
0.000000
0.000000
0.453897
0.000000
0.000000
0.000000
0.000000
0.599606
0.000000
0.000000
0.000000
0.000000
2.470159
0.842212
1.315462
0.939121
0.000000
0.000000
0.000000
0.000000
0.000000
0.259072
0.000000
1.783507
0.000000
0.000000
0.000000
0.805078
0.000000
0.324032
0.000000
0.000000
0.000000
1.113023
0.000000
0.000000
0.133832
0.000000
0.000000
0.000000
0.000000
0.000000
0.000000
0.000000
0.000000
0.000000
0.000000
2.417300
0.000000
0.805024
0.000000
0.000000
0.000000
0.000000
0.000000
0.000000
0.000000
0.000000
0.000000
1.015862
0.000000
0.000000
0.289786
0.000000
0.998853
0.000000
1.150598
1.804478
0.000000
0.000000
0.000000
0.000000
0.000000
1.960612
0.000000
0.077249
0.000000
0.000000
0.000000
0.499665
0.000000
0.000000
0.232793
0.000000
1.034051
1.293413
0.000000
0.000000
0.000000
0.000000
1.708219
2.533171
0.000000
0.000000
0.000000
1.374507
0.000000
0.000000
0.000000
0.000000
0.000000
0.000000
0.000000
0.000000
0.000000
0.033914
0.000000
0.000000
3.606700
0.000000
0.000000
0.000000
0.000000
0.000000
0.000000
0.000000
0.000000
0.233225
0.000000
0.000000
0.000000
0.000000
0.000000
0.000000
0.000000
0.931464
0.000000
0.000000
0.000000
0.000000
0.000000
0.000000
1.237845
2.226009
1.617303
0.000000
0.000000
0.083590
0.000000
0.000000
0.000000
0.000000
0.000000
0.000000
1.348784
0.859140
0.000000
0.000000
0.270919
0.000000
0.000000
0.000000
0.000000
0.000000
0.000000
0.000000
0.000000
0.541278
0.000000
0.000000
0.000000
0.000000
0.417870
0.000000
0.000000
0.000000
0.000000
0.010521
0.000000
0.000000
0.000000
0.000000
0.000000
0.000000
0.357502
0.000000
0.000000
0.000000
0.000000
0.000000
0.000000
0.000000
0.000000
0.999768
0.000000
1.294546
0.000000
0.068397
0.382509
0.000000
0.491165
0.000000
0.000000
0.141483
0.000000
0.000000
0.000000
0.000000
0.000000
0.000000
0.336541
0.000000
1.006824
0.000000
0.000000
0.000000
0.000000
0.307108
0.000000
3.503165
1.006622
0.000000
1.565079
0.000000
0.000000
0.000000
0.000000
0.000000
0.000000
0.000000
1.233341
0.000000
0.000000
0.094150
0.881677
0.000000
0.268819
0.519008
0.000000
0.000000
0.021506
0.000000
0.000000
0.000000
0.000000
0.000000
0.000000
0.000000
0.000000
0.000000
0.000000
0.000000
0.730267
0.000000
0.000000
0.000000
1.493028
0.000000
0.510472
0.000000
0.000000
0.000000
0.000000
0.000000
0.000000
0.000000
0.000000
0.000000
0.000000
1.008231
1.590524
0.864261
0.000000
0.000000
2.412655
0.000000
0.000000
0.000000
0.000000
0.000000
0.000000
0.000000
0.000000
0.000000
0.000000
0.000000
0.000000
0.000000
0.000000
0.000000
0.000000
0.000000
0.000000
0.000000
0.136437
0.300442
0.000000
0.000000
0.000000
0.000000
0.000000
0.000000
0.000000
0.000000
0.000000
0.000000
0.000000
0.000000
0.000000
0.000000
0.000000
0.000000
0.000000
0.000000
0.000000
0.000000
0.000000
0.000000
0.000000
0.000000
0.000000
0.000000
3.374168
0.000000
3.313576
0.000000
2.036592
0.000000
0.000000
0.000000
0.000000
0.000000
1.611507
0.000000
0.000000
0.000000
0.000000
2.262016
0.000000
0.000000
0.000000
0.000000
0.000000
0.000000
0.000000
0.000000
0.000000
2.472287
0.173613
1.151723
0.000000
0.000000
0.000000
0.000000
0.000000
0.000000
0.000000
1.096923
0.000000
1.375697
0.000000
0.000000
1.914828
0.000000
0.000000
0.000000
0.901252
0.453772
0.000000
0.000000
0.000000
0.000000
0.327692
0.238247
0.000000
0.089003
0.856651
1.812389
0.000000
0.000000
0.000000
0.000000
0.000000
0.082071
0.000000
0.000000
0.000000
0.000000
0.000000
0.000000
0.000000
0.241670
0.000000
0.000000
0.000000
0.000000
0.000000
0.000000
0.000000
0.000000
0.000000
0.000000
0.000000
0.000000
0.000000
0.000000
0.000000
1.227223
0.000000
0.000000
0.000000
0.000000
0.000000
0.000000
0.000000
0.000000
0.000000
0.183839
0.285007
1.109613
0.000000
0.000000
3.159824
0.301618
0.000000
0.000000
1.549207
0.000000
0.000000
0.000000
0.000000
0.000000
0.000000
0.000000
0.000000
0.000000
0.000000
0.000000
0.000000
0.000000
0.039203
0.564702
0.495282
0.000000
0.000000
0.000000
0.000000
0.000000
0.000000
0.000000
1.233328
0.000000
0.000000
0.000000
0.000000
0.000000
0.770781
0.000000
0.640115
0.000000
0.000000
0.870912
0.533252
0.000000
0.000000
0.000000
1.230759
0.000000
0.000000
0.000000
0.000000
0.677482
0.000000
3.147028
0.000000
0.000000
0.000000
0.677700
0.000000
0.000000
1.515770
0.000000
0.000000
0.000000
0.000000
1.080636
0.000000
0.000000
0.000000
0.000000
0.000000
1.599077
0.000000
0.000000
0.000000
0.000000
0.000000
1.319690
0.991343
0.000000
0.605176
0.000000
0.000000
1.820081
0.000000
0.000000
0.289145
0.000000
0.000000
0.000000
0.000000
0.000000
0.000000
0.000000
0.000000
1.650525
0.000000
0.873207
0.000000
1.626789
0.000000
0.000000
0.828540
0.000000
0.000000
2.608867
0.000000
0.000000
0.057630
0.000000
0.000000
0.000000
0.000000
0.000000
0.000000
0.000000
0.000000
1.151824
1.922481
0.320106
0.000000
1.472006
0.000000
0.000000
1.767701
0.299072
0.000000
0.000000
0.000000
1.552927
0.000000
0.087698
0.000000
0.000000
0.000000
0.000000
0.000000
0.000000
0.000000
0.000000
1.444340
0.000000
0.159132
0.000000
0.000000
1.693619
0.000000
0.000000
0.000000
0.953511
0.000000
0.000000
0.000000
0.000000
0.000000
0.000000
0.000000
0.000000
0.431432
0.000000
1.574523
0.000000
0.000000
0.834369
0.000000
0.000000
1.669071
0.049825
0.000000
0.000000
0.000000
0.000000
0.418669
0.000000
0.000000
0.905605
0.000000
0.000000
0.000000
0.000000
0.000000
0.000000
1.797225
0.000000
0.000000
0.000000
0.000000
0.000000
0.000000
0.000000
0.000000
1.225302
0.000000
0.000000
0.000000
0.000000
0.000000
0.000000
0.000000
0.000000
0.000000
0.000000
1.477804
0.000000
1.131912
0.000000
0.000000
0.000000
0.000000
1.257872
0.000000
0.000000
0.000000
0.000000
0.000000
0.000000
0.000000
1.366745
0.000000
0.000000
0.561885
0.000000
0.000000
0.000000
0.000000
0.000000
1.033120
0.158683
0.000000
2.745141
0.000000
0.000000
0.843616
0.000000
0.000000
0.587155
0.000000
0.000000
0.000000
0.000000
0.000000
0.000000
0.000000
0.000000
0.000000
0.222486
0.000000
0.000000
0.000000
0.819485
0.000000
0.000000
1.749562
0.000000
0.000000
0.253049
0.000000
0.000000
0.000000
0.000000
0.609865
0.000000
0.000000
0.000000
1.427986
0.000000
0.000000
0.000000
0.000000
0.000000
0.000000
1.247248
0.000000
0.000000
0.000000
0.000000
0.621360
1.793552
0.481715
0.000000
0.000000
0.000000
0.000000
0.000000
0.000000
0.000000
0.000000
0.190504
0.000000
0.308063
0.000000
0.517991
0.000000
0.000000
0.119076
0.180962
0.000000
0.000000
0.493291
2.616091
3.199398
0.215929
0.000000
0.000000
0.467998
0.000000
0.000000
0.000000
0.000000
0.000000
0.292816
0.000000
2.069942
0.246825
0.000000
0.000000
0.000000
0.000000
0.000000
0.000000
0.935178
0.000000
0.369895
1.091729
0.879146
3.965307
0.000000
0.000000
0.000000
0.000000
0.000000
0.000000
0.352051
0.512948
0.000000
0.000000
0.000000
0.000000
0.000000
0.000000
0.000000
0.000000
1.259628
0.676163
0.000000
0.000000
0.000000
0.000000
0.000000
0.000000
1.095008
0.000000
0.000000
0.413977
0.000000
0.000000
2.173924
0.000000
1.016601
0.654755
1.252167
0.000000
0.000000
0.600187
0.000000
0.416608
2.383472
0.000000
0.000000
0.000000
0.000000
0.000000
0.000000
0.955506
1.362329
0.000000
0.000000
0.000000
0.000000
0.000000
0.000000
0.000000
0.473797
0.000000
0.000000
0.000000
0.000000
0.000000
0.000000
0.000000
0.000000
0.000000
0.222347
0.000000
0.000000
0.000000
0.000000
0.000000
0.000000
0.000000
0.603816
0.000000
0.000000
0.590063
0.000000
0.825581
0.000000
0.000000
0.000000
0.000000
0.000000
0.000000
3.096841
0.222817
0.000000
0.000000
0.000000
0.000000
0.000000
0.000000
0.000000
1.504624
0.000000
0.400667
0.000000
0.204401
0.000000
0.000000
0.000000
0.000000
0.000000
0.000000
3.062929
0.285051
0.000000
0.000000
0.000000
0.000000
0.000000
0.000000
0.000000
0.000000
0.000000
0.000000
0.000000
0.000000
2.308404
0.000000
0.000000
0.000000
1.115856
0.000000
0.019842
0.000000
0.000000
0.000000
0.000000
0.502410
1.455786
0.000000
0.000000
1.625630
0.000000
0.000000
0.000000
2.807624
0.000000
0.539097
0.000000
0.000000
0.723319
0.000000
0.000000
0.000000
0.000000
0.000000
0.000000
0.000000
0.000000
0.000000
0.000000
0.000000
0.000000
0.000000
0.000000
0.002728
1.505136
0.000000
0.000000
0.000000
1.715128
0.000000
0.000000
0.000000
0.000000
0.000000
0.000000
0.000000
0.000000
0.000000
0.000000
0.000000
0.000000
3.508177
0.913435
0.000000
0.000000
0.832631
0.000000
0.000000
0.000000
0.999899
0.000000
0.000000
0.000000
0.000000
0.000000
0.000000
0.000000
0.000000
0.000000
0.119630
0.000000
0.000000
0.200400
0.000000
0.000000
0.000000
0.000000
0.000000
0.000000
1.419884
0.000000
0.000000
0.000000
0.000000
0.000000
0.000000
0.000000
0.135249
0.000000
0.000000
0.000000
0.000000
0.000000
0.521804
0.000000
0.456653
0.000000
1.453530
0.000000
0.000000
0.000000
0.000000
0.000000
0.000000
0.000000
0.000000
0.906273
0.000000
0.000000
0.000000
0.000000
0.985513
0.000000
0.000000
0.000000
0.000000
0.000000
0.000000
0.000000
