0.023406
0.000000
0.000000
0.000000
0.000000
0.000000
0.000000
0.000000
0.000000
0.031526
0.000000
0.202249
0.000000
1.410031
0.797698
0.000000
0.000000
0.000000
0.000000
0.000000
1.349570
1.912363
0.000000
0.787575
0.000000
0.801140
0.000000
0.029438
0.000000
0.119174
1.392390
0.702815
0.000000
0.000000
0.029782
0.000000
0.000000
0.000000
0.000000
0.000000
0.000000
0.931272
0.000000
0.000000
0.000000
1.016618
0.694059
0.027910
0.000000
0.000000
0.000000
0.000000
0.000000
0.000000
1.878723
0.000000
0.000000
0.000000
0.053449
0.000000
0.000000
0.000000
0.711147
0.000000
0.000000
0.967908
0.000000
0.000000
0.000000
0.185423
0.000000
0.000000
1.805006
0.000000
0.883244
0.000000
0.000000
0.000000
0.000000
0.217447
0.396504
0.000000
0.736006
1.375280
0.555385
0.000000
0.000000
0.000000
0.000000
0.000000
0.000000
0.330478
0.000000
0.000000
0.696786
0.000000
0.196084
2.367547
0.000000
1.858753
0.000000
0.000000
0.000000
0.000000
1.981204
0.993651
0.000000
0.000000
0.000000
0.000000
0.000000
0.000000
0.000000
0.000000
0.000000
0.000000
0.000000
0.000000
0.467218
0.000000
0.000000
0.000000
0.000000
0.000000
1.829577
0.422567
0.943482
0.000000
0.000000
0.000000
0.000000
0.000000
0.000000
0.000000
0.000000
0.521150
2.562754
0.000000
0.000000
0.469255
0.769590
2.101170
0.000000
0.000000
0.000000
0.000000
0.000000
0.000000
0.000000
0.000000
0.194349
0.344579
0.000000
0.000000
0.000000
0.000000
0.000000
0.000000
0.000000
0.000000
0.464717
0.000000
0.000000
0.000000
0.000000
0.000000
0.000000
0.000000
0.000000
0.000000
0.000000
0.298427
0.000000
0.000000
0.000000
0.932307
0.766158
0.574623
0.000000
0.000000
0.000000
2.206833
0.000000
0.526435
0.000000
0.740280
1.332646
0.000000
0.000000
0.000000
0.924397
0.000000
0.000000
0.000000
0.000000
0.054662
1.044282
2.379532
0.000000
0.000000
0.182007
0.000000
0.180623
0.000000
0.000000
0.000000
0.000000
0.000000
0.000000
1.917134
0.000000
0.000000
0.000000
0.000000
0.000000
0.000000
2.311687
1.041248
0.000000
0.000000
0.000000
0.000000
0.201743
0.659376
0.000000
0.000000
0.000000
0.000000
0.000000
0.000000
1.992743
0.000000
0.833724
0.000000
0.000000
0.000000
0.000000
0.000000
0.000000
0.000000
1.185920
0.000000
1.142038
0.000000
0.196822
0.223700
0.000000
0.000000
0.000000
0.000000
0.000000
0.000000
1.579020
1.049887
0.000000
0.000000
0.000000
0.000000
0.000000
0.000000
0.000000
0.000000
0.000000
1.352620
0.000000
0.000000
1.912926
0.129061
0.000000
0.000000
0.000000
0.000000
0.000000
0.000000
0.000000
0.000000
1.904874
0.000000
0.000000
0.000000
0.000000
0.000000
0.000000
0.000000
0.000000
0.547787
0.000000
1.557330
0.000000
1.094671
0.000000
0.107734
0.000000
0.846328
0.000000
0.000000
0.000000
0.000000
0.000000
0.000000
0.000000
0.000000
0.781013
0.000000
0.000000
0.000000
0.000000
0.743290
0.000000
0.000000
0.000000
0.000000
0.000000
0.000000
0.000000
0.000000
0.000000
0.000000
0.000000
0.000000
0.742734
0.000000
0.693487
0.996852
0.000000
0.000000
0.737574
0.096960
0.000000
0.965026
0.000000
0.000000
0.000000
0.000000
0.000000
0.521314
0.000000
0.000000
0.000000
0.000000
0.000000
0.000000
0.000000
0.000000
0.000000
1.895029
0.328389
0.000000
0.000000
0.000000
0.000000
0.000000
0.000000
0.000000
0.000000
0.189945
0.093005
0.000000
0.000000
0.000000
0.000000
0.000000
0.000000
0.000000
0.000000
0.000000
1.860072
0.000000
0.095424
0.335971
0.000000
0.000000
0.000000
0.128813
1.670726
0.000000
0.000000
0.418499
1.666996
0.000000
0.000000
0.187711
0.000000
0.000000
0.799976
0.000000
0.000000
1.214347
0.000000
0.000000
0.000000
1.660699
0.551395
0.000000
0.000000
0.655443
0.660526
0.000000
0.000000
0.000000
0.000000
0.000000
0.000000
0.830099
0.000000
0.986007
2.072655
0.000000
1.768074
0.000000
0.000000
0.000000
0.000000
1.348953
2.843106
0.000000
0.000000
0.000000
0.051134
0.000000
0.000000
0.000000
1.269697
0.000000
0.000000
0.000000
0.000000
0.000000
3.088615
0.000000
1.595302
0.000000
0.000000
0.000000
0.000000
0.211593
0.000000
0.000000
0.000000
0.000000
0.184609
0.439242
0.000000
0.000000
0.150594
1.899487
0.487856
0.000000
0.000000
0.000000
0.000000
0.000000
0.000000
0.000000
0.000000
0.000000
0.000000
0.000000
0.000000
0.000000
0.000000
0.000000
0.000000
0.425134
0.000000
0.000000
0.000000
0.000000
0.000000
0.246863
0.000000
0.000000
0.000000
0.804054
0.000000
0.000000
0.000000
0.000000
0.000000
0.000000
0.000000
1.722721
0.000000
0.000000
0.000000
0.000000
0.538900
0.000000
0.682779
0.000000
0.000000
0.000000
0.000000
0.000000
0.000000
0.000000
0.000000
0.619277
0.000000
0.000000
0.000000
0.000000
0.000000
0.768470
0.000000
0.000000
0.000000
0.000000
0.000000
0.000000
0.247946
0.000000
0.000000
0.000000
0.000000
0.000000
0.000000
0.000000
0.000000
1.007175
0.000000
0.000000
0.000000
0.000000
0.000000
2.745908
0.000000
0.295243
0.000000
0.000000
0.000000
0.000000
0.000000
0.838713
0.417840
0.000000
0.000000
0.000000
1.410524
0.000000
0.000000
0.334103
0.000000
0.000000
0.087588
0.000000
0.000000
0.527191
0.000000
0.000000
0.000000
0.000000
1.385140
0.000000
0.000000
0.000000
0.000000
0.188439
0.000000
0.235484
0.000000
0.000000
0.000000
0.000000
0.000000
0.450152
1.918016
0.000000
2.272540
0.000000
0.000000
0.000000
0.000000
0.000000
0.000000
0.000000
0.000000
0.000000
0.000000
0.000000
0.000000
0.000000
0.000000
0.000000
0.000000
0.093327
0.000000
0.000000
0.000000
0.004058
0.000000
0.000000
0.000000
0.000000
0.000000
1.244990
0.000000
0.000000
0.000000
0.000000
0.000000
1.218671
0.000000
0.000000
0.000000
0.000000
0.000000
0.000000
0.000000
0.000000
1.290987
0.000000
0.000000
0.381214
0.800896
0.000000
0.000000
0.000000
0.000000
0.000000
0.179818
0.000000
0.000000
0.000000
0.000000
0.000000
0.000000
0.000000
0.000000
0.000000
0.000000
0.000000
0.000000
0.388447
0.000000
1.942987
2.021342
0.000000
0.000000
0.000000
1.089156
0.000000
0.000000
1.108886
0.000000
0.000000
0.000000
0.000000
0.000000
0.000000
3.064105
0.000000
0.000000
0.000000
0.000000
0.000000
0.000000
0.166079
0.000000
0.000000
1.571125
0.000000
0.000000
0.000000
0.000000
2.180037
0.000000
0.000000
1.790507
0.000000
0.000000
0.000000
0.000000
0.000000
0.000000
0.223691
0.262975
1.020014
0.000000
0.000000
0.000000
0.000000
0.000000
0.000000
0.233984
0.000000
0.000000
0.000000
0.000000
0.000000
0.000000
0.000000
0.000000
0.000000
0.596024
1.415963
0.000000
0.000000
0.000000
0.008451
0.000000
0.000000
0.000000
0.000000
0.000000
0.000000
0.278743
0.031858
0.000000
0.000000
0.000000
0.000000
0.000000
0.248431
0.000000
1.772824
0.000000
0.776147
0.000000
0.000000
0.744429
0.000000
0.000000
0.000000
0.000000
0.000000
1.168219
0.000000
0.000000
0.000000
0.000000
0.000000
0.000000
0.000000
0.457586
0.000000
0.000000
0.000000
0.000000
0.000000
0.000000
0.889129
0.000000
0.000000
0.588800
0.723002
0.000000
0.000000
0.000000
0.000000
0.000000
0.000000
1.092171
0.000000
0.000000
0.000000
0.000000
1.377752
0.000000
0.000000
1.225198
0.000000
0.000000
0.344709
0.000000
0.000000
2.248964
0.000000
0.000000
1.368747
0.000000
0.000000
0.000000
0.000000
0.000000
0.000000
0.000000
0.000000
0.000000
0.000000
0.000000
0.611058
0.111027
0.000000
0.000000
0.000000
0.000000
0.000000
0.000000
0.000000
0.000000
0.480403
0.000000
0.000000
0.000000
1.002239
0.013127
0.000000
0.000000
0.259286
0.000000
0.000000
0.000000
1.654547
0.000000
0.000000
0.000000
0.000000
0.000000
0.000000
0.000000
1.757294
0.000000
0.000000
0.000000
0.000000
0.000000
0.000000
0.000000
0.000000
1.350776
1.001657
0.000000
0.000000
0.000000
0.000000
0.000000
0.000000
0.000000
0.934875
0.000000
0.000000
0.000000
0.000000
0.000000
0.000000
0.000000
0.000000
0.000000
0.000000
0.000000
0.000000
0.000000
0.271789
0.000000
0.521431
1.000550
0.000000
0.000000
0.000000
1.293703
0.000000
0.000000
0.000000
0.000000
0.000000
0.000000
1.086267
0.000000
0.000000
0.000000
0.000000
0.000000
0.000000
0.000000
0.000000
0.000000
0.000000
0.000000
0.000000
0.000000
1.105221
0.433300
0.000000
0.000000
0.000000
0.000000
0.000000
1.863436
0.000000
0.000000
0.002681
0.000000
0.000000
0.000000
0.000000
0.000000
0.222238
2.583907
0.000000
0.000000
0.000000
0.000000
0.000000
0.000000
0.000000
0.000000
0.000000
1.002356
0.000000
0.000000
0.000000
0.000000
0.992719
0.000000
0.000000
0.000000
0.000000
0.028677
0.000000
0.000000
0.000000
0.000000
0.318644
0.000000
0.000000
0.000000
0.000000
0.673089
0.000000
0.000000
0.000000
0.000000
0.000000
0.000000
0.000000
1.437208
0.000000
0.598906
0.000000
0.000000
2.363788
0.000000
0.000000
0.000000
0.000000
0.000000
1.606076
0.000000
0.000000
0.766788
0.000000
0.000000
0.572857
0.000000
0.000000
0.000000
0.000000
0.000000
0.000000
0.000000
0.000000
1.322472
0.000000
0.000000
0.000000
0.000000
0.000000
0.000000
0.471853
1.853812
0.000000
0.000000
0.000000
0.000000
0.000000
0.000000
0.000000
0.000000
1.171903
0.000000
0.000000
0.000000
0.000000
0.000000
0.000000
0.000000
0.547568
0.000000
0.428982
0.140656
0.000000
0.000000
0.255121
0.390233
0.000000
0.000000
0.110687
0.000000
0.000000
0.000000
0.000000
0.000000
0.000000
0.000000
1.786525
0.000000
0.000000
0.000000
0.000000
0.000000
0.000000
0.612338
0.000000
0.997853
0.072974
0.000000
0.000000
0.000000
0.852912
0.000000
0.000000
0.447318
0.000000
0.000000
0.000000
0.000000
0.000000
0.489749
0.000000
0.000000
0.000000
0.000000
0.000000
0.000000
0.000000
0.792723
0.000000
0.000000
0.086553
0.000000
0.000000
0.000000
0.320547
0.000000
0.257692
0.000000
0.000000
0.000000
0.000000
0.000000
0.000000
0.804838
0.000000
2.736672
0.000000
0.000000
0.000000
0.000000
2.645004
0.643428
0.000000
0.000000
0.000000
0.803497
0.000000
0.000000
0.000000
0.000000
0.572461
0.000000
0.409825
0.000000
0.000000
3.783733
0.000000
0.000000
0.127295
2.708771
0.000000
0.000000
0.355229
0.000000
0.000000
1.382589
0.000000
0.000000
0.000000
0.000000
0.000000
0.000000
0.000000
0.000000
0.000000
0.000000
0.000000
0.433053
1.618853
1.105127
0.000000
0.000000
0.422932
0.000000
0.000000
0.000000
0.770134
0.000000
0.000000
0.000000
0.925693
0.842857
0.000000
0.000000
0.000000
0.000000
0.453345
0.000000
0.000000
0.000000
1.201924
0.000000
0.096064
0.000000
0.000000
0.000000
0.000000
0.000000
3.002948
0.000000
0.000000
2.853148
0.000000
0.000000
0.000000
0.000000
0.000000
0.000000
0.795824
0.000000
0.000000
0.000000
0.000000
0.764099
0.000000
0.000000
1.273585
0.000000
0.000000
0.000000
0.000000
0.659153
0.000000
0.000000
0.000000
0.000000
0.000000
0.000000
0.000000
1.506207
0.013866
0.075347
0.000000
3.247684
0.446072
0.579850
0.000000
0.000000
0.000000
1.121434
0.000000
0.841556
0.000000
0.000000
0.705550
0.000000
0.000000
0.000000
0.000000
0.825955
0.000000
0.000000
0.000000
0.000000
0.000000
0.000000
0.000000
0.000000
0.000000
0.000000
0.000000
0.000000
0.134165
0.000000
0.185628
0.526627
0.000000
0.853471
0.000000
0.000000
0.000000
0.000000
0.000000
0.000000
0.000000
0.000000
1.240112
0.000000
0.000000
0.000000
0.000000
0.128539
0.000000
0.000000
0.000000
0.000000
0.312520
0.000000
0.000000
0.000000
0.000000
0.000000
1.338911
0.000000
0.000000
0.000000
0.964889
0.000000
0.000000
0.000000
0.669368
0.569070
0.000000
0.000000
0.000000
0.000000
0.000000
0.000000
2.176549
0.000000
0.000000
0.000000
0.483169
0.000000
0.000000
1.203543
0.000000
0.000000
0.000000
0.000000
0.000000
2.727521
0.623353
0.063950
0.000000
0.000000
0.844378
0.000000
0.000000
0.000000
0.818371
0.369758
0.000000
0.053084
0.000000
0.000000
0.000000
0.000000
0.000000
0.000000
0.799145
0.181942
0.000000
0.000000
0.000000
0.000000
0.000000
0.000000
0.000000
0.000000
0.000000
0.000000
0.725517
0.097849
0.210081
0.000000
0.000000
0.000000
0.872897
0.260025
0.000000
0.000000
0.000000
0.000000
0.000000
0.000000
0.000000
0.000000
0.796230
0.467582
1.966493
1.008822
0.000000
0.000000
0.000000
0.000000
0.000000
0.000000
0.000000
0.000000
0.314690
0.000000
0.000000
0.000000
0.680685
0.000000
0.329321
0.000000
0.533007
0.000000
0.000000
0.000000
0.000000
0.000000
0.000000
0.000000
0.000000
0.000000
0.000000
0.000000
0.000000
0.000000
0.000000
0.000000
0.880785
0.255971
0.000000
0.000000
0.000000
0.000000
0.000000
0.000000
1.248083
0.000000
0.862800
0.000000
0.000000
0.000000
0.000000
0.000000
0.000000
0.000000
2.097751
0.000000
0.000000
0.171616
0.000000
0.000000
0.000000
0.000000
0.000000
0.000000
0.144084
0.000000
0.359808
0.000000
0.000000
0.000000
0.000000
0.000000
0.000000
0.000000
0.000000
0.218472
2.164197
1.032641
0.484882
0.000000
0.000000
1.623423
0.321149
0.000000
0.000000
0.000000
0.000000
1.783886
0.000000
0.000000
0.000000
2.683106
0.000000
0.000000
0.000000
1.064313
0.000000
0.000000
1.167561
0.658823
0.000000
0.000000
0.093338
0.000000
0.000000
0.000000
0.000000
0.000000
0.000000
0.000000
0.193894
0.000000
0.000000
0.000000
0.000000
0.000000
0.199830
0.000000
0.000000
0.000000
0.000000
0.000000
0.000000
1.166090
0.000000
0.323011
0.000000
2.671295
0.000000
0.000000
0.000000
0.000000
0.000000
0.000000
0.235606
0.503257
0.434662
0.000000
0.319987
0.000000
0.000000
0.000000
0.061954
0.000000
0.000000
0.108493
0.000000
0.000000
1.544625
0.000000
0.000000
0.709300
0.000000
0.000000
0.996212
0.716758
0.000000
1.847911
0.000000
0.000000
3.869554
2.413354
0.000000
0.000000
0.000000
0.673736
1.953062
0.679132
0.000000
0.000000
0.000000
0.000000
0.000000
0.000000
0.268861
0.000000
0.000000
0.000000
0.000000
0.000000
0.000000
0.000000
0.000000
0.000000
0.311689
0.000000
0.000000
0.000000
0.516124
0.000000
0.000000
0.000000
0.000000
0.652286
0.000000
0.000000
0.265625
0.000000
0.000000
0.000000
1.421864
0.000000
0.000000
0.000000
0.648457
0.000000
0.000000
0.000000
0.000000
0.000000
1.268274
2.116491
0.000000
0.000000
0.000000
2.428099
0.000000
0.000000
0.000000
0.000000
0.000000
0.000000
0.000000
1.143073
0.000000
0.000000
0.000000
0.000000
0.000000
0.000000
0.000000
0.000000
0.000000
0.000000
0.000000
0.000000
0.000000
0.000000
0.000000
0.552875
0.000000
0.000000
0.659604
0.000000
0.000000
0.128739
0.000000
0.000000
0.000000
0.000000
0.000000
0.660688
0.323473
0.000000
0.000000
0.000000
0.000000
1.036143
0.000000
0.000000
0.000000
0.000000
0.753749
1.187366
1.788232
3.327932
0.000000
0.000000
0.000000
0.000000
1.149616
0.000000
0.000000
0.000000
0.000000
0.000000
0.000000
0.000000
0.000000
0.000000
0.000000
3.010349
0.000000
0.000000
0.000000
0.000000
0.000000
0.000000
0.000000
0.000000
1.530397
0.000000
0.000000
0.000000
0.000000
0.000000
0.000000
0.000000
0.000000
0.000000
1.614312
1.102768
0.000000
0.000000
0.000000
0.000000
0.071855
0.000000
0.000000
0.000000
0.000000
0.000000
0.000000
0.000000
0.000000
0.000000
1.227417
0.000000
0.000000
0.000000
0.000000
0.000000
0.000000
0.000000
0.705620
0.000000
0.000000
0.489097
0.000000
0.000000
0.000000
0.000000
0.000000
0.000000
0.468111
0.738898
0.000000
0.000000
0.773441
0.000000
0.831187
0.000000
0.000000
0.000000
0.079595
0.000000
0.000000
0.000000
0.238637
0.000000
0.000000
0.000000
0.000000
0.000000
0.000000
0.127270
0.523808
0.000000
0.000000
0.229803
0.861696
0.000000
0.560434
1.812537
0.000000
0.000000
0.000000
0.000000
1.223807
0.000000
0.000000
0.000000
0.000000
0.147421
0.000000
0.000000
0.000000
0.103237
0.000000
0.000000
0.000000
0.064860
0.000000
0.000000
0.000000
0.000000
0.000000
1.969646
0.000000
0.000000
0.000000
0.000000
0.006084
0.000000
0.383115
0.000000
0.000000
0.000000
0.000000
0.000000
0.000000
0.000000
1.111591
3.003049
0.000000
0.000000
0.000000
0.000000
0.836805
0.000000
0.000000
0.445818
0.000000
0.000000
1.230537
0.000000
0.000000
0.000000
0.000000
0.000000
0.772145
1.159322
0.117247
1.718080
0.000000
1.241338
1.688285
0.000000
0.000000
0.000000
0.000000
0.000000
0.000000
0.000000
0.303322
0.000000
0.000000
0.000000
0.358573
0.000000
0.000000
0.000000
0.000000
0.000000
0.000000
1.003159
0.000000
0.000000
1.206502
0.000000
0.000000
0.000000
2.294508
0.000000
0.000000
0.000000
1.552646
0.000000
0.000000
0.000000
0.000000
0.000000
0.000000
0.811264
0.000000
3.744209
0.558199
0.938706
0.000000
0.000000
0.000000
0.000000
0.000000
0.000000
0.048608
0.289748
0.000000
0.000000
0.000000
0.000000
0.000000
0.000000
0.000000
0.000000
0.000000
1.638359
0.000000
0.000000
0.000000
2.439496
0.139083
0.000000
0.432494
0.000000
0.000000
0.601171
0.000000
0.081044
0.000000
0.000000
0.000000
0.000000
0.000000
0.000000
0.000000
0.000000
1.371059
0.000000
0.000000
0.260637
0.000000
0.000000
1.195261
0.000000
0.000000
0.000000
0.000000
0.072791
0.464615
1.488472
0.000000
0.000000
2.326190
0.000000
0.000000
1.012095
0.000000
0.000000
0.000000
0.052490
1.520646
0.000000
0.000000
0.716298
0.000000
0.000000
0.000000
0.000000
0.000000
0.000000
0.000000
0.000000
0.623228
0.000000
0.000000
0.000000
0.000000
0.000000
0.000000
0.000000
0.000000
0.000000
0.000000
0.000000
0.000000
0.000000
0.000000
0.000000
0.000000
0.000000
0.000000
0.647791
0.000000
0.000000
0.439372
0.000000
0.000000
0.000000
1.377492
0.000000
0.000000
0.000000
1.124576
1.204937
0.015158
0.000000
0.000000
0.000000
0.000000
0.000000
0.000000
0.000000
0.000000
0.000000
0.000000
0.000000
0.149472
0.000000
0.000000
0.707464
0.341866
0.000000
0.000000
0.775589
2.106984
0.000000
0.000000
0.000000
0.000000
0.000000
2.705940
0.000000
0.000000
0.000000
0.000000
2.076494
0.000000
0.000000
0.000000
1.424537
0.824509
1.545971
0.000000
0.000000
0.219631
0.000000
0.684048
0.000000
0.000000
0.000000
0.000000
0.000000
0.000000
0.000000
0.000000
0.000000
0.000000
0.000000
0.000000
0.000000
0.555808
1.921245
0.000000
0.000000
0.019390
0.000000
0.000000
0.000000
1.068732
0.070494
0.000000
0.000000
0.000000
0.000000
0.000000
0.000000
0.000000
0.000000
0.886546
0.000000
0.000000
0.000000
0.000000
0.000000
0.000000
1.706667
0.000000
0.000000
0.000000
0.000000
0.000000
0.000000
0.000000
0.000000
0.000000
0.000000
0.000000
0.000000
0.000000
0.695186
0.000000
0.000000
0.000000
0.000000
0.000000
0.000000
0.000000
0.113291
0.000000
0.000000
0.014199
0.000000
0.000000
0.000000
0.717589
0.000000
0.000000
0.000000
0.000000
0.000000
0.000000
2.865721
0.000000
0.283264
0.000000
0.000000
0.000000
0.000000
0.000000
0.000000
0.000000
0.000000
0.000000
0.000000
0.000000
0.000000
0.000000
0.000000
0.000000
0.000000
0.000000
0.000000
0.000000
0.000000
1.320272
0.000000
0.000000
0.000000
0.000000
0.000000
2.349449
0.000000
0.008104
0.000000
0.000000
0.292874
0.865548
0.404968
0.000000
0.496223
0.000000
1.344437
0.000000
0.000000
0.000000
0.000000
0.000000
0.000000
0.000000
0.093585
0.000000
0.000000
0.000000
0.000000
0.000000
0.000000
0.000000
0.000000
0.000000
0.000000
0.000000
0.211453
3.042641
0.000000
0.000000
0.000000
1.107993
0.000000
0.112171
0.000000
2.550062
0.000000
0.000000
1.926788
0.616898
0.667935
0.000000
0.644874
0.179272
0.000000
0.468923
1.394890
0.000000
0.000000
0.704087
0.163323
0.000000
0.000000
0.469653
0.000000
0.000000
0.000000
0.000000
0.000000
0.756389
0.146659
0.213881
0.000000
0.000000
0.000000
0.605106
0.000000
0.000000
0.502113
1.386132
1.586364
1.857966
0.000000
0.000000
0.559984
0.000000
0.000000
0.000000
0.000000
0.000000
0.000000
0.440651
0.000000
0.712302
0.987459
0.000000
1.184974
0.000000
0.000000
0.000000
0.000000
0.000000
0.000000
0.000000
0.000000
0.000000
0.000000
0.000000
0.000000
1.637538
0.000000
0.000000
0.000000
0.000000
0.000000
0.981128
0.000000
0.190416
0.000000
0.616944
0.000000
0.000000
0.000000
0.000000
0.737262
0.000000
0.000000
0.000000
0.000000
0.000000
0.000000
0.000000
0.000000
0.000000
0.000000
0.000000
0.000000
1.428837
0.000000
0.000000
0.051402
0.000000
0.000000
0.260284
0.000000
0.000000
0.000000
0.741177
0.000000
0.000000
0.000000
0.109422
0.000000
0.000000
0.000000
0.000000
0.000000
0.000000
0.000000
0.000000
0.000000
0.000000
0.000000
0.000000
0.000000
0.000000
0.000000
0.847412
1.077556
0.000000
0.000000
0.062526
1.212126
1.226562
0.000000
0.035430
0.000000
0.000000
0.000000
0.563950
0.000000
2.667070
0.000000
0.000000
0.000000
0.222392
0.000000
0.000000
0.000000
1.136276
0.000000
1.470331
0.000000
0.295577
0.000000
0.000000
0.000000
0.037651
0.000000
0.063847
0.000000
0.000000
0.000000
0.000000
1.087145
0.000000
0.000000
0.000000
0.000000
0.000000
0.000000
0.009142
1.027519
0.000000
0.000000
0.000000
0.000000
0.000000
0.000000
0.211719
0.000000
0.000000
0.000000
0.000000
0.478674
0.000000
0.000000
0.000000
0.000000
0.000000
0.000000
0.000000
0.083979
0.000000
0.000000
0.691873
0.000000
2.019555
0.840183
0.000000
0.000000
0.000000
1.840670
0.000000
0.000000
0.000000
0.000000
0.072352
0.000000
0.000000
0.000000
0.000000
0.452445
0.000000
1.215317
0.000000
0.000000
2.699552
0.000000
0.432513
0.928283
0.000000
0.000000
0.000000
1.341054
0.214243
0.000000
0.820407
0.000000
0.000000
0.070201
1.512438
0.000000
0.000000
0.000000
0.000000
0.000000
0.000000
1.934454
0.000000
0.000000
0.000000
0.000000
0.000000
0.000000
0.000000
0.000000
0.000000
0.000000
0.000000
0.000000
0.000000
0.000000
0.000000
0.898749
0.000000
0.000000
0.136572
0.368898
0.349323
0.000000
1.164544
0.000000
0.000000
0.000000
0.000000
0.000000
0.000000
0.000000
0.000000
0.000000
0.000000
0.000000
0.000000
0.000000
0.169017
2.283520
0.000000
0.000000
0.000000
0.737500
0.000000
0.000000
0.000000
0.000000
0.000000
0.000000
0.049238
0.000000
0.884149
0.000000
0.000000
0.000000
0.000000
0.000000
0.000000
0.000000
0.000000
0.000000
0.000000
0.000000
0.000000
0.000000
0.284482
0.000000
0.415609
0.000000
0.000000
0.918709
0.000000
0.616534
0.000000
0.000000
0.504537
0.381540
0.000000
0.000000
0.000000
0.131112
0.000000
0.000000
0.000000
0.000000
0.000000
0.000000
0.000000
0.000000
0.000000
0.000000
0.000000
0.000000
2.090147
0.000000
0.000000
0.000000
0.000000
0.149126
1.257509
0.000000
0.000000
0.000000
0.000000
0.000000
0.415884
0.000000
0.671978
0.000000
0.127167
1.084240
0.000000
0.000000
4.169637
0.000000
0.000000
0.000000
0.000000
0.272021
0.000000
0.000000
0.000000
0.000000
0.000000
0.000000
0.000000
2.138777
0.000000
0.000000
0.000000
0.000000
0.578032
0.882307
0.000000
0.000000
0.000000
0.278567
0.000000
0.000000
0.000000
0.000000
0.000000
0.963776
0.000000
0.000000
0.627588
0.000000
0.000000
0.056432
0.178855
0.000000
0.000000
0.000000
0.000000
0.566360
0.277919
0.000000
0.000000
0.000000
0.369503
0.000000
0.000000
0.000000
0.000000
0.000000
0.000000
2.941142
0.000000
0.844510
0.000000
0.000000
0.000000
0.000000
0.000000
0.000000
0.000000
2.402942
1.040617
0.706578
0.193446
0.000000
0.000000
0.000000
0.114497
0.000000
0.000000
0.000000
0.231302
0.000000
0.000000
0.000000
1.842914
0.927056
0.000000
1.459838
0.000000
0.000000
0.087630
0.000000
0.000000
0.000000
0.000000
0.000000
0.568867
0.094176
0.000000
0.000000
0.075840
0.000000
0.853350
0.463201
0.000000
0.000000
0.000000
0.000000
0.000000
2.376848
0.438207
0.000000
0.000000
1.061801
0.000000
2.402593
1.119322
1.694475
0.000000
1.013095
0.138692
0.000000
0.000000
0.000000
1.176330
0.000000
0.000000
1.022451
1.586712
0.975829
1.764505
0.000000
0.562401
0.000000
0.000000
0.000000
0.000000
0.000000
1.290072
0.000000
0.210464
0.006078
0.347207
0.000000
0.068407
0.000000
0.000000
0.000000
0.000000
0.000000
0.000000
0.000000
0.000000
0.000000
0.000000
0.000000
0.000000
0.000000
0.863518
0.000000
0.000000
0.612075
0.000000
0.764671
0.000000
0.723628
0.034098
0.000000
0.000000
0.000000
0.000000
0.000000
1.720029
0.000000
0.000000
0.000000
0.000000
0.000000
0.000000
0.000000
0.000000
0.000000
1.152665
0.000000
0.000000
0.000000
0.000000
0.000000
0.000000
0.000000
0.000000
0.000000
2.165770
0.000000
0.000000
0.086339
0.000000
0.000000
0.000000
0.000000
0.000000
0.000000
1.675725
0.000000
0.000000
0.000000
0.000000
0.000000
1.065522
1.147938
0.000000
0.000000
0.195754
0.000000
0.000000
0.000000
0.019521
0.000000
0.000000
0.000000
0.483426
1.202167
0.000000
0.000000
0.000000
0.000000
0.000000
0.000000
0.000000
0.000000
0.424896
0.007143
0.000000
0.000000
0.000000
0.000000
0.000000
1.011032
0.000000
0.584406
0.000000
2.711049
0.000000
0.000000
0.542008
0.756580
0.000000
1.329159
0.334980
0.000000
0.000000
0.000000
0.000000
0.000000
0.000000
0.000000
0.000000
0.000000
0.000000
0.325572
0.949469
0.000000
0.000000
0.000000
0.000000
0.000000
1.142908
0.000000
0.061097
1.614367
1.512505
0.000000
0.000000
0.000000
0.000000
1.213725
0.000000
0.000000
0.000000
0.000000
0.000000
0.000000
1.040449
0.489610
0.000000
0.000000
0.000000
0.240459
0.000000
0.000000
0.000000
0.000000
0.000000
0.566022
0.043013
0.000000
0.000000
0.000000
0.071719
1.279491
0.000000
0.000000
0.000000
0.000000
0.000000
0.000000
1.325957
0.000000
0.748599
0.824607
0.000000
0.000000
0.078584
0.000000
0.000000
0.000000
0.000000
0.297351
1.724297
0.000000
0.000000
0.000000
1.172815
0.000000
1.401715
0.000000
0.000000
0.005548
0.721463
0.475910
0.000000
0.000000
0.000000
0.000000
0.307811
0.000000
0.000000
0.000000
0.000000
0.000000
0.000000
1.277152
0.000000
0.000000
0.702197
0.000000
0.944332
1.670465
0.000000
0.517345
0.000000
0.000000
0.426791
0.000000
0.000000
0.000000
0.000000
0.000000
0.774918
0.000000
0.000000
3.035311
1.784284
0.976914
0.000000
0.000000
0.000000
0.000000
0.000000
0.000000
0.806872
0.000000
0.000000
0.000000
0.000000
0.000000
0.234815
0.000000
0.705154
0.000000
0.000000
0.988967
1.760576
0.004945
0.000000
0.000000
0.000000
0.000000
0.000000
1.989024
0.000000
0.000000
0.000000
0.000000
0.000000
1.443992
0.000000
0.000000
0.000000
0.000000
2.387097
0.972670
0.000000
0.166516
0.000000
0.000000
1.258578
0.000000
0.000000
0.000000
0.000000
0.000000
0.000000
0.000000
0.000000
0.695162
0.000000
0.000000
0.000000
0.000000
0.000000
0.574487
2.755093
0.000000
0.681774
0.000000
0.000000
1.182226
0.000000
0.000000
0.000000
0.000000
0.000000
0.000000
0.000000
1.634748
0.000000
0.000000
0.000000
0.000000
0.000000
0.000000
0.000000
0.000000
0.000000
0.123950
0.000000
0.000000
0.000000
0.000000
0.000000
0.000000
0.000000
0.000000
0.000000
0.000000
0.000000
0.000000
0.000000
0.000000
0.025367
1.087498
1.394923
0.000000
0.000000
1.007929
0.303728
1.925612
0.000000
1.053623
0.703279
0.000000
0.000000
1.322306
0.000000
0.000000
0.000000
0.000000
0.000000
0.000000
0.000000
0.000000
0.000000
0.000000
0.000000
0.000000
0.000000
0.000000
1.967475
0.000000
1.799786
0.514566
0.000000
0.000000
0.000000
0.000000
0.000000
0.000000
0.000000
0.000000
0.000000
0.000000
0.933093
1.446730
2.377319
0.128116
0.000000
0.000000
0.000000
1.532414
1.513092
0.124120
0.000000
0.000000
0.615390
0.000000
0.000000
0.581590
0.000000
0.000000
0.778818
0.000000
0.000000
0.516174
0.760268
0.000000
0.000000
0.000000
0.000000
2.261725
0.000000
1.059535
0.714024
0.000000
0.000000
0.000000
0.000000
0.000000
0.346836
0.000000
1.020498
1.333477
0.000000
0.000000
0.000000
0.047547
1.359666
0.402301
0.000000
0.294196
0.000000
0.000000
1.854362
0.000000
1.705894
0.000000
0.000000
0.000000
0.768482
0.000000
0.565977
3.516691
0.000000
0.000000
0.000000
0.000000
0.000000
0.000000
0.296748
0.000000
0.000000
0.292343
0.000000
0.000000
0.000000
0.000000
0.000000
0.000000
0.000000
0.000000
0.000000
0.000000
0.297849
0.000000
0.000000
0.000000
1.629494
0.000000
0.000000
0.000000
0.018854
0.000000
0.000000
0.000000
0.000000
0.242227
0.000000
0.000000
0.186142
0.000000
0.000000
0.000000
0.000000
0.000000
0.189576
0.000000
0.000000
0.000000
0.000000
0.000000
0.000000
0.000000
0.000000
0.000000
0.000000
0.547009
0.000000
0.000000
0.932742
1.190118
0.000000
0.208963
0.000000
0.472615
0.000000
0.467131
0.000000
0.521267
0.000000
0.866087
0.000000
0.000000
0.000000
0.000000
0.000000
0.000000
0.000000
1.541021
0.000000
0.000000
0.000000
0.000000
0.000000
1.401834
0.000000
0.000000
0.000000
0.263347
0.000000
0.000000
0.000000
0.000000
0.000000
2.545975
0.772497
0.000000
0.000000
0.000000
0.000000
0.000000
0.000000
0.000000
0.000000
0.446314
0.000000
0.000000
0.000000
0.000000
0.000000
0.000000
0.000000
0.000000
0.372554
2.223484
0.000000
0.000000
0.049828
0.000000
0.000000
0.000000
0.000000
0.000000
0.000000
0.000000
0.054009
0.000000
0.000000
0.000000
0.000000
0.000000
0.000000
0.000000
0.000000
0.429612
0.000000
0.000000
0.000000
0.146807
0.272375
0.000000
0.000000
0.000000
0.000000
0.000000
0.000000
0.157803
0.000000
0.000000
0.000000
0.466284
0.000000
0.000000
0.841321
0.000000
0.000000
0.000000
0.000000
0.000000
0.000000
0.000000
0.000000
0.000000
1.251723
0.378712
0.000000
0.000000
0.157754
0.000000
0.000000
0.000000
0.000000
0.000000
0.000000
0.000000
0.883815
0.000000
0.000000
1.303966
0.000000
0.000000
0.709318
0.000000
1.203628
0.000000
0.000000
0.000000
0.000000
0.000000
0.000000
0.938120
0.000000
1.788613
0.000000
0.000000
0.000000
0.000000
0.000000
0.000000
0.000000
0.000000
0.000000
0.904436
0.814149
0.090530
0.719194
0.000000
0.000000
0.000000
0.000000
0.000000
0.000000
0.000000
0.461620
0.000000
0.102324
1.527207
0.000000
0.000000
0.000000
0.000000
0.000000
0.000000
0.000000
0.000000
0.000000
0.000000
0.000000
0.682108
0.422150
0.000000
0.000000
0.000000
0.397861
0.000000
0.000000
0.000000
0.000000
0.028212
0.000000
0.415871
0.224710
0.554543
0.000000
0.528746
0.000000
0.000000
0.000000
1.695722
0.000000
0.000000
0.000000
0.000000
0.406645
2.787135
0.000000
0.000000
0.000000
0.000000
0.332350
1.754701
0.000000
0.000000
0.000000
0.326154
1.061996
0.000000
0.000000
0.000000
0.000000
0.000000
0.000000
0.000000
0.000000
0.000000
0.000000
0.000000
1.193142
0.000000
0.000000
0.000000
0.000000
0.000000
0.000000
0.000000
2.221444
0.000000
0.000000
0.000000
0.000000
0.000000
0.000000
0.000000
0.000000
0.651341
0.000000
0.957355
0.451072
0.000000
0.000000
0.000000
0.000000
0.774358
0.806453
0.000000
0.000000
0.000000
0.957936
1.664565
0.000000
0.000000
0.000000
0.000000
0.000000
0.697495
0.000000
0.000000
0.626467
0.000000
0.000000
0.000000
0.000000
0.000000
0.000000
0.000000
0.000000
0.000000
0.000000
0.030143
0.000000
0.000000
0.000000
0.152200
0.000000
0.000000
0.000000
0.000000
0.000000
0.000000
0.000000
0.000000
0.000000
0.000000
0.000000
0.000000
0.000000
0.000000
0.000000
0.000000
0.000000
0.000000
1.214839
0.709396
0.000000
0.000000
0.000000
0.000000
0.601519
0.000000
0.864727
0.000000
0.000000
0.000000
0.000000
0.000000
0.000000
0.000000
0.000000
0.000000
0.000000
0.000000
0.948191
0.071233
0.000000
0.000000
0.000000
0.718741
0.000000
1.631592
0.184734
0.000000
1.503440
0.060994
0.000000
0.000000
0.000000
0.026984
0.000000
0.000000
0.000000
0.000000
0.000000
0.000000
1.768099
0.000000
0.000000
0.000000
0.000000
0.000000
0.000000
0.000000
0.000000
0.000000
0.417188
0.000000
0.000000
0.000000
0.000000
0.000000
0.000000
0.000000
0.000000
0.000000
0.000000
0.000000
0.144786
0.000000
3.109740
0.000000
0.000000
0.000000
0.130644
0.000000
0.000000
0.000000
0.000000
0.000000
0.000000
0.000000
0.000000
0.000000
0.829869
0.000000
2.223591
0.000000
0.000000
0.000000
1.266837
0.000000
0.000000
0.000000
0.000000
0.000000
0.000000
0.000000
0.000000
0.545514
0.000000
0.000000
0.000000
0.000000
0.000000
0.000000
0.000000
0.479007
0.000000
0.000000
0.000000
0.717272
0.000000
0.000000
0.000000
0.000000
0.000000
0.170380
0.000000
0.000000
0.000000
0.000000
0.000000
0.000000
0.000000
0.000000
0.091620
0.000000
0.295407
0.000000
0.000000
0.000000
0.000000
0.000000
0.528560
0.000000
2.387903
0.000000
2.224008
0.000000
0.000000
0.000000
0.000000
0.000000
2.065773
0.000000
0.000000
0.000000
0.000000
0.000000
0.000000
0.000000
0.000000
0.000000
0.000000
0.109305
0.000000
0.000000
0.000000
0.988778
0.000000
1.829705
0.000000
0.000000
0.000000
0.134338
0.000000
0.000000
0.000000
1.201966
0.000000
0.000000
0.271094
0.567767
1.692926
0.000000
0.000000
0.000000
0.433410
0.803925
0.000000
0.000000
0.000000
0.000000
0.000000
0.000000
0.000000
0.000000
0.000000
0.000000
0.181552
0.050092
0.000000
0.000000
0.000000
0.000000
0.000000
0.000000
0.000000
0.000000
0.000000
0.000000
0.000000
0.000000
0.000000
0.000000
0.000000
0.000000
0.000000
0.000000
1.287890
0.322280
0.000000
0.000000
0.000000
0.000000
0.000000
0.000000
0.000000
1.261958
0.074642
0.159859
0.000000
0.000000
0.513880
0.000000
0.000000
0.000000
0.000000
0.000000
0.342824
1.682100
0.000000
0.000000
1.800382
0.990707
0.000000
0.000000
0.000000
0.000000
0.000000
0.000000
0.000000
0.000000
1.364602
0.000000
0.000000
2.816414
1.110644
0.000000
0.000000
0.000000
0.000000
0.000000
0.909999
0.000000
0.000000
0.000000
0.000000
0.000000
0.000000
0.000000
0.895479
0.282927
0.000000
0.000000
0.000000
0.000000
0.226592
1.224743
0.281428
0.000000
0.024994
0.238838
0.275569
0.000000
0.000000
0.000000
2.775325
0.000000
0.000000
0.000000
0.000000
0.000000
0.000000
1.531537
0.000000
2.619153
0.487656
0.467501
0.000000
0.000000
0.000000
1.172730
0.000000
0.992367
0.000000
0.000000
0.000000
0.000000
0.000000
0.000000
0.000000
0.688044
0.000000
0.000000
0.000000
0.000000
0.000000
2.509830
0.760086
0.000000
0.000000
0.000000
0.000000
0.098585
0.000000
0.000000
0.706275
0.000000
0.000000
2.273004
1.563440
0.000000
0.000000
0.000000
0.000000
1.627422
0.000000
0.323459
0.000000
0.607068
0.000000
0.000000
0.000000
0.000000
0.000000
0.358555
0.000000
0.000000
0.000000
0.000000
0.000000
0.000000
0.000000
0.000000
0.000000
0.000000
0.000000
0.000000
1.341977
0.000000
1.434145
1.386630
0.000000
0.000000
2.037238
0.499054
0.000000
0.000000
0.000000
2.488398
0.000000
0.015537
0.000000
1.435876
0.000000
0.000000
0.000000
0.000000
0.000000
0.000000
0.000000
0.000000
0.000000
0.000000
0.000000
0.000000
0.000000
0.000000
0.000000
0.000000
0.000000
0.000000
0.000000
0.000000
0.000000
0.000000
0.101332
0.000000
0.000000
0.000000
0.034629
0.000000
0.000000
0.378415
0.000000
0.000000
0.907689
0.000000
0.000000
0.033749
0.000000
0.000000
0.000000
0.000000
0.000000
0.000000
0.000000
0.000000
0.000000
0.000000
0.000000
0.000000
0.000000
0.000000
0.000000
0.000000
0.000000
0.821090
0.000000
0.144851
0.000000
0.845236
0.000000
0.000000
0.000000
0.000000
0.000000
0.000000
0.000000
0.000000
0.000000
0.553990
0.000000
0.000000
0.486827
0.000000
0.000000
0.000000
0.000000
0.000000
0.000000
0.119333
0.000000
0.387442
0.000000
0.000000
0.000000
0.304092
0.000000
0.000000
0.580229
0.000000
0.000000
0.000000
0.000000
0.000000
0.880206
0.000000
0.000000
1.193367
0.000000
0.105280
0.000000
0.000000
0.000000
0.000000
0.000000
0.456507
0.000000
0.000000
0.000000
0.000000
0.420034
0.000000
0.000000
0.000000
0.000000
0.000000
0.000000
0.000000
0.000000
0.000000
0.378973
0.000000
0.000000
0.000000
0.000000
1.215985
0.000000
0.000000
2.141882
0.000000
0.000000
0.000000
2.471413
0.000000
0.000000
0.000000
0.000000
0.000000
0.000000
2.071425
0.000000
0.000000
0.000000
0.000000
0.222885
0.447572
1.579932
0.000000
1.554062
0.000000
0.000000
0.000000
0.000000
0.000000
0.000000
0.000000
0.000000
0.000000
0.000000
0.000000
0.000000
0.000000
0.000000
0.000000
0.000000
0.000000
0.186761
0.000000
1.676124
0.000000
0.000000
0.000000
0.000000
0.000000
0.099570
0.000000
0.000000
0.000000
0.871310
0.000000
0.459061
0.788297
0.637151
0.000000
0.000000
0.000000
0.000000
1.011057
0.000000
0.000000
0.000000
0.245552
0.503836
3.200662
0.240033
0.000000
0.000000
0.000000
0.000000
0.000000
0.000000
0.000000
0.289410
0.000000
0.000000
0.000000
0.000000
0.464160
0.000000
0.000000
0.000000
0.000000
0.000000
0.000000
0.700407
0.000000
0.000000
1.591966
0.000000
0.425888
0.000000
0.000000
0.000000
0.423507
0.000000
0.000000
0.493878
0.000000
0.000000
0.000000
0.000000
0.000000
0.000000
0.000000
1.212054
0.000000
0.000000
0.000000
0.000000
0.000000
0.000000
0.000000
0.000000
0.000000
0.000000
0.000000
0.000000
0.000000
0.000000
0.000000
0.060471
0.917387
0.000000
0.000000
0.000000
0.000000
0.000000
0.000000
0.000000
0.000000
1.832457
0.000000
0.000000
0.850092
0.000000
0.004472
1.572509
0.000000
0.000000
0.000000
0.000000
0.000000
0.000000
0.000000
2.191153
0.000000
0.000000
0.000000
0.000000
0.191514
1.273475
0.040815
0.000000
0.000000
0.614649
0.000000
0.000000
0.000000
1.003603
0.000000
0.000000
0.000000
0.000000
0.000000
0.000000
0.000000
0.000000
0.816147
0.000000
0.000000
2.075713
0.000000
0.000000
0.000000
0.000000
0.000000
0.000000
0.000000
0.000000
0.000000
0.647679
0.000000
0.000000
0.000000
1.864636
0.000000
0.541636
0.000000
0.000000
0.000000
0.000000
0.463347
0.402919
1.648649
0.000000
0.000000
0.000000
0.000000
0.000000
3.099577
0.000000
0.000000
0.000000
1.119479
1.086591
1.259599
0.000000
0.000000
0.000000
0.000000
0.000000
0.000000
0.000000
0.000000
1.020924
0.000000
0.000000
0.180448
0.000000
0.000000
0.570307
0.000000
1.060672
0.000000
0.000000
0.000000
0.000000
0.000000
1.178572
0.000000
0.000000
0.000000
0.000000
0.000000
0.000000
0.850606
0.000000
0.000000
0.145925
0.000000
0.000000
0.660466
0.000000
0.000000
0.000000
0.216215
0.000000
0.000000
0.000000
0.033736
1.060118
0.000000
0.000000
0.000000
0.000000
0.000000
0.000000
0.668608
0.000000
0.586529
0.000000
0.000000
0.000000
0.000000
0.000000
0.000000
0.000000
0.000000
0.000000
2.210975
0.000000
0.000000
0.000000
0.000000
0.000000
0.000000
0.000000
0.000000
0.182940
0.000000
0.000000
0.000000
0.000000
0.923493
0.000000
0.448404
0.000000
1.586542
0.000000
0.000000
0.000000
0.946031
0.000000
1.791222
0.000000
0.000000
0.000000
0.000000
0.000000
0.000000
0.000000
0.000000
0.000000
0.000000
0.000000
1.362459
0.000000
0.000000
0.000000
