0.000000
0.000000
0.000000
0.000000
0.000000
0.000000
0.000000
0.444549
0.000000
0.000000
0.000000
1.198556
0.000000
2.503431
0.000000
0.000000
0.327089
0.000000
0.000000
1.251769
0.000000
0.000000
0.000000
0.672603
0.000000
0.403249
2.503546
0.663361
0.000000
0.000000
0.000000
2.149927
0.000000
0.562419
0.000000
0.772208
0.000000
0.000000
0.000000
0.000000
0.000000
0.000000
0.210492
0.000000
1.589570
0.000000
0.000000
0.706273
0.000000
0.000000
0.000000
0.000000
0.000000
0.000000
0.000000
0.000000
0.000000
0.000000
0.000000
0.000000
0.000000
0.621912
0.000000
0.000000
0.000000
0.000000
0.000000
0.000000
1.433672
0.000000
0.000000
0.000000
0.000000
0.509364
0.000000
0.000000
1.499846
0.000000
0.000000
0.000000
0.000000
0.000000
2.210290
0.000000
0.000000
0.000000
0.000000
0.000000
0.000000
1.013859
0.000000
0.000000
0.000000
0.000000
0.000000
0.000000
0.000000
0.000000
3.084315
0.000000
0.000000
0.000000
0.000000
0.000000
0.000000
0.000000
0.000000
0.000000
0.000000
0.000000
0.000000
0.000000
0.000000
0.000000
0.904493
0.000000
0.000000
0.000000
0.000000
0.000000
0.000000
1.303694
2.403744
1.010622
0.000000
0.000000
0.000000
0.000000
0.000000
0.000000
0.000000
0.000000
0.000000
0.000000
0.000000
1.510852
0.000000
0.000000
0.000000
0.000000
0.504673
0.000000
0.000000
0.000000
0.000000
0.872748
0.000000
2.795978
0.816816
0.000000
0.000000
0.000000
0.125439
0.000000
0.000000
1.937165
0.000000
0.000000
0.000000
0.000000
0.000000
0.000000
0.000000
0.000000
0.074350
0.000000
0.000000
0.000000
0.000000
0.000000
0.000000
0.000000
0.000000
0.000000
2.416829
0.000000
0.000000
0.000000
0.000000
0.000000
0.000000
0.000000
0.000000
1.348568
0.000000
0.000000
0.000000
0.000000
0.000000
0.000000
0.236488
0.000000
0.000000
0.000000
0.282753
1.436126
0.000000
0.000000
0.775232
0.000000
1.895958
0.000000
0.000000
0.507138
0.000000
1.726066
0.000000
0.000000
0.000000
0.000000
0.000000
0.000000
0.184100
0.000000
1.581938
0.178184
0.000000
0.000000
0.000000
0.061475
0.000000
0.000000
1.334751
0.000000
0.000000
0.000000
0.000000
0.395834
0.000000
0.000000
0.000000
0.000000
0.000000
0.000000
0.000000
0.000000
0.000000
0.000000
0.000000
0.000000
0.000000
0.000000
0.000000
0.000000
0.000000
0.000000
0.000000
0.000000
0.000000
0.000000
0.000000
0.000000
0.000000
0.000000
0.000000
0.000000
0.000000
0.000000
0.000000
0.000000
0.000000
0.000000
0.000000
0.000000
0.000000
0.000000
0.000000
0.000000
0.000000
0.000000
0.000000
0.000000
0.000000
0.130529
1.371557
0.000000
0.000000
0.000000
0.000000
0.000000
0.000000
0.000000
0.000000
0.000000
0.000000
3.053128
0.000000
0.000000
0.000000
0.000000
0.000000
0.000000
0.000000
1.089444
0.000000
0.000000
0.000000
0.000000
0.000000
0.000000
0.991739
0.000000
0.000000
0.000000
0.000000
0.000000
0.556129
0.000000
0.290585
0.000000
0.000000
0.000000
1.115958
0.000000
0.000000
0.000000
0.000000
0.971498
0.040849
0.000000
0.000000
2.690254
0.000000
0.000000
0.000000
0.000000
0.000000
0.000000
0.000000
0.000000
1.151693
0.000000
0.000000
0.000000
0.000000
0.333991
1.579325
0.098291
0.000000
0.000000
1.435680
1.139249
0.000000
0.000000
0.000000
0.000000
0.000000
0.000000
0.000000
0.681122
0.000000
0.000000
0.000000
0.000000
0.000000
0.000000
0.205885
0.000000
0.000000
0.721971
0.000000
0.000000
1.792200
0.378630
0.000000
0.697538
0.895934
1.755575
0.000000
0.703405
0.000000
0.000000
0.000000
0.040836
0.000000
0.000000
0.000000
1.162044
0.000000
0.000000
2.334496
0.000000
0.000000
0.000000
0.000000
2.994735
0.000000
0.624225
0.000000
0.000000
0.000000
0.041155
0.000000
0.000000
0.000000
0.000000
0.000000
0.000000
0.000000
0.000000
0.000000
0.000000
0.000000
0.000000
0.000000
0.000000
0.000000
0.000000
0.122974
0.000000
0.000000
0.000000
0.000000
0.000000
0.000000
0.000000
0.000000
0.000000
0.000000
0.000000
0.000000
0.000000
0.590946
0.000000
0.000000
1.087237
0.000000
0.000000
0.000000
1.973492
0.322208
0.000000
0.000000
0.000000
0.000000
1.613003
3.393085
0.000000
0.000000
0.000000
0.000000
0.000000
0.000000
0.000000
0.000000
0.000000
0.000000
0.000000
0.000000
1.070561
0.000000
0.690575
0.000000
0.000000
0.000000
0.000000
0.000000
0.000000
0.000000
0.000000
0.000000
0.000000
0.000000
0.000000
0.000000
0.000000
0.000000
0.000000
4.552935
0.693974
0.000000
0.000000
0.000000
0.000000
1.707061
0.590630
0.000000
0.148805
0.000000
1.345236
0.000000
0.000000
0.000000
0.000000
0.000000
0.000000
0.000000
1.110121
0.000000
0.212336
0.000000
0.000000
0.000000
0.000000
0.000000
0.000000
3.478068
1.952132
0.000000
0.000000
1.328620
1.123492
0.000000
0.000000
0.304671
0.748860
0.837139
0.000000
0.000000
0.000000
0.000000
0.000000
0.000000
0.000000
0.000000
0.000000
0.000000
0.000000
0.000000
0.000000
0.000000
3.240308
0.000000
0.000000
0.000000
0.767157
0.000000
0.150547
0.000000
0.000000
0.000000
0.782515
0.000000
1.050073
0.000000
0.000000
0.000000
0.384983
0.000000
0.000000
0.000000
0.094251
0.000000
0.000000
0.000000
0.000000
0.000000
0.000000
0.000000
0.000000
0.000000
1.366310
0.000000
0.000000
0.000000
1.296275
0.023747
0.000000
0.404253
0.000000
0.254167
0.000000
0.000000
0.098247
0.000000
0.000000
0.000000
0.000000
0.000000
0.000000
0.000000
0.000000
0.000000
1.045539
0.000000
0.000000
0.000000
0.000000
2.096386
0.000000
0.000000
0.000000
0.000000
0.000000
0.000000
0.000000
0.000000
0.000000
0.000000
0.000000
0.000000
0.000000
2.884650
2.713972
0.000000
0.000000
0.000000
0.000000
0.000000
0.000000
0.000000
0.000000
0.000000
0.000000
0.107261
0.000000
0.000000
1.423812
0.000000
0.000000
0.000000
0.566504
0.004754
0.000000
0.000000
0.000000
0.000000
0.000000
0.754937
0.000000
0.000000
0.000000
0.000000
0.000000
0.000000
0.779320
0.579822
0.000000
0.000000
0.000000
0.197044
0.000000
0.000000
0.000000
0.000000
0.000000
0.000000
4.019060
0.000000
0.340786
0.000000
0.000000
0.000000
0.000000
0.000000
0.000000
0.000000
0.000000
0.000000
0.191078
0.000000
0.000000
0.000000
0.000000
0.000000
0.945860
0.000000
0.000000
0.000000
0.000000
0.123286
0.000000
0.000000
0.000000
0.000000
0.000000
0.064823
0.000000
0.000000
0.000000
0.000000
2.096650
0.000000
1.369909
0.000000
0.000000
0.000000
0.980167
0.000000
0.000000
0.000000
0.527517
0.000000
0.000000
0.000000
0.000000
0.000000
0.000000
0.000000
0.000000
0.000000
0.000000
0.000000
0.000000
0.000000
0.000000
0.661440
0.000000
0.000000
1.339139
0.577121
1.325335
0.000000
0.068004
1.645195
0.000000
0.000000
0.243330
0.000000
0.000000
0.000000
0.649388
0.000000
0.000000
0.000000
0.000000
0.044908
0.000000
0.363170
0.000000
0.000000
0.000000
0.450733
0.389986
0.000000
0.000000
0.000000
0.000000
0.000000
0.000000
0.000000
0.000000
0.000000
3.154845
0.645368
1.953064
0.246968
0.000000
1.362888
0.000000
0.000000
0.000000
0.000000
0.000000
0.000000
0.000000
0.932725
0.000000
0.000000
0.000000
0.920710
0.000000
1.445360
0.000000
0.000000
0.000000
0.000000
0.000000
2.582941
1.245160
0.000000
0.000000
0.000000
0.537179
0.000000
0.068087
0.000000
0.000000
0.000000
4.018493
0.000000
0.000000
0.000000
0.201126
0.000000
1.568024
0.043629
0.816624
0.000000
0.000000
0.000000
1.932662
0.000000
0.036676
0.309025
0.000000
1.769651
0.000000
0.000000
0.000000
0.025149
1.422491
0.137062
0.000000
0.135727
0.000000
0.000000
0.000000
0.000000
0.000000
0.000000
0.211986
0.000000
0.000000
0.000000
0.000000
0.000000
0.000000
0.000000
0.000000
0.000000
0.000000
0.000000
0.000000
0.000000
0.000000
0.000000
0.000000
0.000000
0.000000
0.000000
0.000000
0.000000
0.060953
0.000000
0.000000
0.000000
0.000000
0.000000
0.000000
0.000000
0.000000
0.000000
3.522116
0.000000
0.737711
2.855814
0.000000
0.000000
0.000000
0.000000
0.450163
0.000000
0.000000
0.203724
0.000000
0.000000
0.000000
0.000000
0.000000
0.000000
0.000000
0.000000
0.000000
0.000000
0.000000
0.000000
0.000000
0.000000
0.000000
0.000000
0.364600
0.000000
0.000000
0.000000
0.000000
0.561603
0.000000
0.000000
0.000000
0.000000
0.000000
0.000000
0.000000
0.000000
0.000000
0.000000
0.000000
0.000000
0.000000
2.049553
0.000000
0.983738
0.000000
0.000000
1.632480
0.000000
0.730683
0.106376
0.000000
0.000000
0.000000
0.000000
0.000000
0.000000
0.000000
0.000000
0.000000
0.000000
0.000000
0.000000
0.000000
0.000000
0.000000
0.000000
0.000000
0.000000
0.000000
0.000000
0.000000
0.000000
0.000000
0.000000
0.000000
0.000000
1.814423
0.206765
0.000000
0.000000
0.000000
0.000000
0.000000
0.000000
0.000000
0.000000
0.000000
0.000000
0.000000
0.000000
0.674115
0.000000
0.000000
0.000000
0.365434
0.000000
0.000000
0.000000
0.000000
0.000000
2.117687
0.000000
0.048208
0.000000
0.000000
0.000000
0.000000
0.000000
0.000000
0.000000
0.000000
0.000000
2.628244
0.000000
0.000000
0.000000
0.000000
0.000000
0.000000
0.000000
0.502819
0.270535
0.000000
0.000000
0.000000
2.125937
0.000000
0.939467
0.000000
0.000000
0.000000
0.000000
0.000000
0.000000
0.229986
0.000000
1.739280
0.000000
0.000000
0.000000
0.000000
0.000000
0.000000
0.000000
0.000000
0.000000
0.000000
0.000000
0.000000
0.000000
0.000000
0.000000
0.000000
0.000000
0.000000
0.000000
0.000000
0.000000
3.275465
0.000000
0.000000
0.000000
0.000000
0.000000
0.000000
0.000000
0.000000
0.000000
0.000000
0.111609
1.076723
1.884776
0.000000
0.000000
0.397215
0.309446
0.000000
0.000000
0.000000
1.067817
0.000000
0.000000
0.000000
0.000000
0.000000
0.000000
0.116208
0.000000
0.000000
0.000000
0.052297
0.000000
0.000000
0.000000
0.000000
0.000000
0.000000
0.000000
0.000000
0.000000
0.000000
1.756972
0.000000
0.000000
0.000000
0.000000
0.000000
0.000000
0.000000
0.000000
0.000000
0.195600
0.000000
0.000000
0.000000
0.000000
0.000000
0.000000
0.000000
0.000000
0.000000
0.000000
0.000000
0.000000
0.000000
0.000000
0.027743
0.000000
0.000000
0.000000
0.200599
0.000000
0.000000
0.000000
0.242263
0.000000
0.000000
0.000000
0.000000
0.000000
0.000000
0.000000
0.000000
0.000000
0.000000
0.000000
0.000000
0.000000
0.000000
0.000000
0.000000
0.000000
0.000000
0.000000
0.000000
1.938231
0.000000
0.000000
0.000000
0.000000
0.000000
0.000000
0.000000
0.000000
0.003380
0.000000
0.000000
0.661677
0.000000
0.000000
0.000000
0.000000
2.208612
0.187292
0.000000
0.114517
0.000000
0.000000
0.000000
0.440422
0.000000
0.000000
0.000000
0.000000
0.836292
0.000000
0.000000
0.000000
0.429948
0.000000
0.000000
0.000000
0.000000
0.000000
0.000000
0.000000
0.000000
2.532941
1.588812
0.000000
0.000000
0.000000
0.000000
0.000000
0.151512
0.000000
0.000000
0.000000
0.000000
0.000000
0.996012
0.000000
0.000000
5.080225
0.000000
0.000000
0.000000
0.000000
0.677915
0.000000
0.000000
0.000000
0.000000
0.000000
0.000000
0.000000
0.000000
0.000000
1.682918
0.000000
0.000000
0.000000
0.000000
0.000000
0.000000
0.206507
0.000000
0.000000
0.000000
0.000000
0.000000
0.000000
0.000000
0.000000
0.000000
0.693040
0.000000
0.000000
0.000000
0.328796
0.000000
0.000000
0.000000
0.000000
0.000000
0.000000
0.000000
0.000000
0.000000
0.000000
0.000000
0.000000
0.000000
0.000000
0.000000
0.000000
0.000000
0.000000
0.000000
0.000000
0.451950
0.000000
0.000000
0.000000
0.600477
0.000000
0.000000
0.000000
0.000000
0.000000
0.000000
0.000000
0.000000
0.000000
0.000000
0.000000
0.000000
0.000000
0.000000
0.000000
0.000000
0.000000
0.000000
0.000000
0.000000
0.000000
0.000000
0.000000
0.000000
0.000000
0.000000
0.000000
0.366512
0.000000
0.000000
0.000000
0.000000
0.000000
0.000000
0.000000
0.000000
2.821741
0.000000
1.184806
1.289443
0.000000
0.000000
0.000000
0.000000
0.000000
0.000000
0.000000
0.000000
0.000000
0.000000
2.201368
0.000000
0.000000
0.000000
0.000000
0.000000
0.000000
0.353667
0.000000
0.000000
0.000000
0.000000
0.000000
0.000000
0.000000
0.000000
0.000000
0.000000
0.000000
0.000000
0.000000
0.000000
0.000000
0.000000
0.000000
0.351335
0.000000
0.000000
0.000000
0.000000
0.000000
0.000000
0.075691
0.000000
0.000000
0.000000
0.000000
0.000000
0.000000
0.000000
2.148834
0.246492
0.000000
0.000000
0.000000
0.000000
0.000000
0.000000
0.000000
0.000000
0.000000
0.000000
0.000000
0.000000
0.000000
0.000000
0.000000
0.000000
0.000000
1.060700
0.000000
0.000000
1.203790
0.000000
0.000000
0.943581
0.000000
0.000000
0.000000
0.805249
3.044073
0.000000
0.099311
0.000000
0.000000
0.000000
0.000000
0.000000
0.435139
0.000000
0.000000
0.000000
0.000000
0.000000
0.000000
0.000000
0.775363
1.165074
0.000000
0.000000
0.000000
0.000000
0.000000
0.000000
0.000000
0.000000
0.000000
0.038320
0.058851
0.000000
0.000000
0.000000
0.000000
0.000000
0.800123
1.897097
0.000000
1.905035
0.000000
0.000000
0.565862
0.000000
0.000000
0.000000
0.000000
0.000000
0.000000
0.000000
2.808755
0.000000
2.803494
0.000000
0.000000
0.000000
1.233024
0.000000
0.000000
0.000000
0.000000
0.000000
0.158268
0.000000
0.000000
2.518061
0.956006
0.000000
0.000000
2.468394
1.441256
0.000000
0.940297
0.000000
0.000000
0.000000
0.000000
0.000000
0.000000
0.000000
0.000000
0.094460
0.000000
0.163286
0.000000
0.000000
3.004587
0.000000
0.000000
0.000000
0.736291
0.000000
0.000000
1.066296
0.000000
0.000000
0.640452
0.000000
0.623529
0.000000
0.000000
0.033091
1.516534
0.000000
0.000000
0.000000
0.000000
0.000000
0.000000
0.000000
0.000000
0.000000
2.125400
0.000000
0.000000
1.950255
0.000000
0.000000
0.000000
0.000000
0.000000
0.816345
0.000000
0.376889
0.000000
2.258848
0.000000
0.000000
0.000000
0.010209
0.000000
0.000000
1.573677
0.000000
0.000000
0.000000
0.000000
0.000000
0.000000
0.000000
0.000000
0.000000
0.000000
0.000000
1.432661
0.000000
0.000000
0.000000
2.408584
0.000000
0.000000
0.000000
0.000000
0.000000
0.000000
0.000000
0.000000
0.000000
0.000000
0.000000
0.000000
0.000000
1.361315
0.000000
0.000000
0.000000
0.369882
0.000000
0.000000
0.000000
0.000000
0.000000
0.000000
0.000000
0.000000
0.000000
0.488788
0.000000
0.000000
1.466248
0.000000
0.000000
0.323825
0.000000
0.000000
0.000000
0.000000
0.000000
0.000000
0.837411
0.000000
0.000000
0.000000
0.340256
1.956243
0.150236
0.000000
0.000000
0.000000
0.825882
0.000000
0.000000
0.000000
1.924192
0.000000
0.114834
0.000000
0.000000
0.000000
0.000000
0.000000
0.000000
0.000000
0.000000
0.000000
0.000000
0.000000
0.000000
0.000000
0.000000
0.000000
0.000000
0.000000
0.000000
1.282131
0.000000
0.000000
0.000000
0.000000
0.000000
0.000000
0.000000
0.000000
0.000000
2.024782
3.681461
0.000000
0.000000
0.000000
0.000000
2.261910
0.000000
0.000000
0.000000
0.000000
0.000000
0.000000
0.280277
2.527806
3.027620
0.000000
0.000000
0.000000
0.554041
0.000000
0.000000
0.000000
0.000000
0.000000
0.000000
0.209929
0.127441
0.000000
1.946033
0.000000
0.505246
0.000000
0.000000
0.000000
0.169800
0.272210
0.000000
0.000000
0.000000
0.000000
0.000000
0.000000
0.000000
0.000000
0.000000
0.000000
0.862311
0.000000
1.145116
0.000000
0.533222
0.000000
0.351670
1.013968
0.000000
0.000000
0.000000
0.334775
0.000000
0.000000
0.000000
1.388191
0.000000
0.000000
0.000000
1.949569
2.589966
0.000000
0.000000
0.428460
0.000000
0.000000
0.000000
0.000000
0.000000
0.000000
0.000000
0.761350
0.000000
0.000000
0.000000
0.000000
0.000000
0.070116
3.200060
0.000000
0.911490
1.282897
0.000000
0.000000
0.000000
0.000000
0.000000
0.000000
0.000000
0.000000
0.000000
0.000000
0.019787
0.000000
0.000000
0.000000
0.831094
0.000000
0.000000
0.000000
0.000000
0.000000
0.000000
1.835868
0.000000
3.727914
0.000000
0.000000
0.000000
0.000000
0.000000
1.732337
0.000000
0.943305
0.608487
0.386608
0.000000
0.000000
0.000000
0.000000
0.000000
0.000000
0.000000
0.000000
0.000000
0.000000
0.000000
0.090104
0.000000
0.000000
0.000000
1.314620
0.000000
0.000000
0.000000
0.000000
0.000000
0.000000
0.000000
0.000000
0.000000
0.000000
0.000000
0.000000
0.000000
0.000000
0.000000
3.213090
0.000000
0.000000
0.000000
0.000000
0.000000
0.000000
0.000000
0.000000
0.000000
0.000000
0.000000
0.000000
0.867717
0.415175
0.000000
0.564307
2.649180
0.000000
0.000000
0.000000
0.434755
0.000000
0.000000
1.551890
0.000000
0.267685
0.000000
0.000000
0.652724
0.000000
0.000000
0.000000
0.000000
1.070408
0.000000
0.384804
0.000000
0.000000
0.000000
1.171705
1.720411
0.000000
0.021947
0.000000
0.725908
0.993540
0.000000
0.323203
0.000000
0.000000
1.383936
0.000000
0.000000
0.000000
0.000000
1.647966
0.000000
0.000000
0.000000
0.000000
0.000000
0.000000
0.000000
0.000000
0.000000
0.124606
0.000000
0.000000
0.000000
0.000000
0.626638
0.292855
0.000000
0.232084
0.000000
0.963762
0.000000
0.000000
0.807436
0.000000
0.000000
0.000000
1.911490
0.000000
0.000000
0.000000
4.839654
0.000000
0.000000
0.602701
0.000000
0.000000
0.000000
0.476824
1.061876
0.000000
0.139284
0.000000
1.717294
0.000000
0.000000
0.000000
0.000000
0.146209
0.000000
0.000000
0.000000
0.151707
0.000000
0.000000
0.476714
0.000000
0.000000
0.000000
0.000000
0.000000
0.000000
0.000000
0.000000
0.000000
3.577766
0.000000
0.454021
0.000000
0.000000
0.000000
1.726664
0.000000
0.000000
0.000000
0.354039
1.959481
0.229860
1.204218
0.365698
0.000000
0.000000
0.000000
0.000000
0.000000
0.000000
0.348041
0.128608
0.000000
0.000000
0.000000
0.000000
0.003830
0.000000
0.926618
0.840946
0.000000
0.000000
0.000000
0.000000
0.152737
0.000000
0.000000
0.000000
0.000000
0.000000
0.005673
0.000000
0.000000
0.000000
0.000000
0.000000
0.000000
0.131511
0.000000
0.000000
0.000000
2.035820
0.000000
0.000000
0.780150
0.000000
0.000000
0.000000
0.000000
0.000000
0.000000
0.000000
0.000000
0.000000
0.000000
0.000000
0.047869
0.000000
0.000000
0.000000
0.000000
0.000000
0.000000
0.430603
0.000000
0.000000
0.000000
0.000000
0.000000
0.000000
0.000000
0.000000
0.000000
0.000000
0.000000
0.000000
0.000000
0.000000
0.000000
0.000000
0.000000
0.000000
0.000000
0.044610
0.000000
0.000000
1.977821
0.000000
0.000000
0.000000
0.000000
0.000000
0.000000
0.000000
0.000000
0.000000
0.000000
0.000000
0.000000
0.000000
0.100119
0.000000
0.000000
0.000000
1.592319
0.000000
0.000000
0.000000
0.427024
0.000000
0.000000
0.000000
0.000000
0.000000
0.000000
0.495841
0.000000
0.000000
0.000000
0.000000
0.000000
0.000000
4.258987
0.000000
0.000000
0.891848
0.000000
0.000000
0.000000
0.931640
0.000000
0.000000
0.763392
0.455778
0.000000
1.110690
0.000000
0.000000
0.000000
0.000000
0.291331
0.000000
0.000000
0.000000
0.000000
0.000000
0.000000
0.000000
0.000000
0.000000
0.000000
0.000000
2.425155
0.000000
0.000000
0.000000
0.000000
1.634915
0.003518
0.000000
0.000000
0.000000
0.284531
0.603689
0.000000
0.000000
0.000000
0.000000
0.000000
0.089429
0.000000
1.433986
0.000000
0.000000
0.000000
0.000000
0.000000
0.000000
0.000000
0.000000
0.000000
0.000000
0.000000
0.000000
2.984637
0.000000
0.000000
0.000000
0.540368
0.000000
1.871578
0.579240
3.342628
0.000000
0.000000
0.000000
0.000000
0.596224
0.000000
1.446994
0.000000
0.000000
0.000000
0.000000
0.000000
0.000000
0.000000
0.000000
0.000000
0.000000
0.000000
0.000000
0.000000
0.000000
0.000000
2.647402
0.000000
0.000000
0.000000
0.398570
0.000000
0.000000
0.705320
0.000000
0.000000
0.982423
2.006443
0.000000
0.000000
2.367262
0.000000
0.000000
0.615337
0.078498
0.477675
0.000000
0.000000
0.000000
0.000000
0.000000
0.558353
0.000000
0.000000
1.028744
0.000000
0.000000
0.000000
0.000000
0.000000
3.177956
0.000000
0.000000
0.514401
0.000000
0.000000
0.000000
0.000000
1.698424
0.000000
0.587372
0.000000
0.000000
0.000000
0.000000
0.000000
0.000000
0.000000
0.000000
0.000000
0.000000
0.000000
0.000000
0.398892
0.000000
0.000000
0.000000
0.000000
1.126587
0.000000
0.746013
0.000000
1.410544
0.739459
0.000000
0.000000
0.000000
0.000000
0.993071
0.000000
1.753807
0.000000
0.000000
0.000000
0.000000
0.064201
0.000000
0.000000
0.000000
0.000000
1.293754
0.000000
0.000000
0.000000
0.000000
0.000000
0.852676
0.000000
2.556765
0.000000
0.373339
0.000000
0.000000
0.423097
2.200142
0.000000
0.000000
0.614212
0.000000
0.000000
0.000000
0.000000
1.337330
0.000000
0.000000
0.000000
0.000000
0.000000
0.000000
0.000000
0.000000
0.000000
0.000000
0.632159
0.000000
0.000000
0.000000
0.000000
0.000000
0.000000
0.000000
0.000000
2.086960
0.000000
0.000000
0.000000
0.000000
0.000000
0.000000
0.000000
0.000000
0.510143
0.000000
0.000000
0.000000
0.000000
0.000000
0.000000
0.000000
0.000000
0.000000
0.000000
0.000000
0.000000
0.000000
0.000000
0.000000
0.000000
0.000000
0.000000
1.641883
0.000000
0.000000
0.000000
0.701518
0.754566
0.000000
0.000000
0.067284
0.000000
0.000000
0.112735
0.001993
0.000000
0.000000
0.000000
0.000000
0.000000
2.435007
0.742329
0.000000
0.000000
0.000000
1.417136
0.000000
0.000000
0.000000
0.000000
0.000000
0.000000
0.000000
0.000000
0.000000
0.000000
0.000000
0.619667
0.000000
0.000000
0.000000
0.000000
0.000000
0.000000
0.000000
0.000000
0.000000
0.000000
0.000000
0.000000
0.000000
0.000000
0.000000
0.000000
0.000000
0.467468
0.000000
0.000000
0.927431
0.000000
0.000000
0.000000
0.000000
0.718001
0.091470
0.000000
0.000000
0.000000
0.000000
0.000000
0.000000
0.442559
0.000000
1.915457
0.000000
0.000000
0.000000
0.000000
0.000000
0.000000
0.000000
0.000000
0.000000
0.000000
0.000000
0.000000
0.000000
0.000000
0.415188
0.000000
1.841408
0.000000
0.000000
0.109242
0.000000
0.000000
0.000000
0.000000
0.466202
0.000000
0.318467
0.000000
0.000000
0.000000
0.677762
0.000000
2.323314
0.379385
0.000000
0.000000
0.127849
0.000000
0.000000
0.000000
0.000000
0.000000
0.000000
0.000000
0.000000
0.000000
0.000000
1.816694
0.000000
1.189694
0.000000
1.258805
0.000000
0.000000
0.000000
0.000000
0.000000
1.669625
0.000000
0.000000
0.000000
0.000000
0.000000
0.000000
0.517052
0.787816
0.000000
0.000000
0.000000
0.000000
0.000000
0.000000
0.000000
0.000000
0.000000
0.000000
0.000000
0.000000
0.330905
0.000000
1.351612
0.710782
0.000000
0.000000
0.000000
0.000000
0.000000
0.285317
1.537232
0.000000
0.000000
0.000000
0.000000
0.000000
0.000000
0.000000
0.000000
0.000000
0.000000
1.994870
0.868006
0.000000
0.000000
0.000000
0.000000
0.000000
0.000000
1.896601
0.000000
0.000000
0.000000
0.000000
1.309075
0.000000
0.000000
0.073620
0.000000
0.799165
0.000000
0.000000
0.000000
0.000000
0.000000
0.000000
0.801160
0.000000
0.905629
0.000000
0.133568
0.253055
0.871027
0.000000
2.466328
0.000000
0.000000
0.000000
0.000000
0.000000
0.000000
0.000000
0.000000
0.037049
0.000000
0.000000
0.000000
1.096045
0.000000
0.000000
0.000000
0.000000
0.000000
0.000000
1.355515
0.000000
0.000000
0.000000
0.000000
0.000000
0.000000
0.645193
0.834788
0.000000
0.000000
0.903048
0.548432
0.000000
0.233546
0.000000
0.000000
0.000000
0.000000
0.000000
0.000000
1.533361
0.000000
0.000000
0.000000
0.000000
0.157870
0.651891
1.975899
0.000000
0.000000
0.000000
0.000000
0.090161
0.000000
0.000000
0.000000
0.000000
0.000000
0.085637
0.000000
0.000000
0.000000
0.000000
0.375647
0.000000
0.000000
0.000000
2.191352
0.000000
0.000000
0.000000
0.000000
0.000000
0.000000
0.000000
0.346899
0.000000
3.489298
0.880548
0.000000
0.000000
0.000000
0.000000
0.000000
1.342864
0.000000
0.547987
0.000000
0.000000
0.000000
0.000000
0.000000
1.529356
1.607894
0.000000
0.000000
0.000000
0.000000
2.451817
0.000000
0.000000
0.000000
0.000000
0.000000
0.000000
0.678555
0.000000
0.000000
0.000000
0.449926
2.446498
0.000000
0.000000
0.000000
0.000000
0.000000
0.000000
0.000000
0.000000
0.000000
0.000000
0.000000
0.000000
0.000000
0.000000
0.000000
0.000000
0.000000
0.000000
0.378607
0.000000
0.000000
0.000000
1.808677
0.000000
0.041374
0.000000
0.000000
0.000000
0.000000
0.000000
0.000000
0.000000
0.000000
0.004884
0.000000
0.000000
1.574326
0.000000
0.000000
0.000000
0.000000
1.752652
0.784398
0.000000
0.000000
0.847069
0.000000
0.000000
0.000000
0.000000
0.000000
1.215451
0.000000
0.000000
0.000000
0.000000
1.839500
0.000000
0.000000
0.000000
0.614304
0.000000
1.173449
0.070006
0.000000
0.000000
0.000000
0.914222
0.000000
2.149481
0.000000
0.000000
0.705246
0.146913
0.000000
0.000000
0.240806
0.000000
0.000000
0.000000
0.000000
0.000000
1.781669
0.009819
0.000000
0.000000
0.000000
0.816020
0.000000
0.000000
0.000000
0.000000
0.000000
0.000000
2.025002
0.000000
0.000000
0.674672
2.192893
0.000000
0.000000
0.000000
0.424249
0.281062
0.000000
1.223248
0.000000
0.000000
0.000000
1.894095
0.000000
0.000000
0.000000
0.000000
0.000000
0.000000
0.000000
0.000000
0.000000
0.000000
0.000000
1.600752
0.000000
0.000000
0.000000
0.000000
0.000000
0.000000
0.000000
0.000000
0.795991
4.166588
0.000000
0.000000
0.000000
0.000000
0.000000
0.000000
3.613427
0.000000
0.000000
1.925293
0.000000
0.000000
0.000000
0.000000
0.000000
0.000000
0.000000
0.000000
0.000000
1.408856
0.000000
0.000000
0.000000
0.000000
0.000000
0.000000
0.000000
0.802725
0.000000
0.000000
0.000000
0.000000
0.000000
0.000000
1.835708
0.000000
0.000000
0.355859
0.000000
0.000000
0.000000
0.000000
1.413097
0.000000
0.000000
0.803840
2.334220
0.000000
2.317983
0.000000
0.000000
0.000000
0.595870
0.102997
0.000000
0.331300
1.232415
0.001015
0.000000
0.000000
0.000000
0.000000
0.000000
0.000000
0.000000
2.010518
0.000000
0.000000
3.251181
0.000000
2.202368
0.000000
0.000000
0.000000
0.000000
0.000000
0.000000
0.000000
0.582640
0.000000
1.159104
0.000000
0.000000
1.528046
0.000000
0.000000
0.000000
0.000000
0.000000
0.000000
0.000000
0.625809
0.000000
0.000000
0.968305
0.000000
0.084457
0.000000
0.000000
0.000000
0.000000
0.000000
0.000000
0.000000
0.000000
0.000000
0.000000
1.986307
0.000000
0.000000
1.825671
0.000000
0.000000
2.153246
0.000000
0.000000
0.000000
0.736469
0.000000
0.000000
0.000000
0.000000
0.000000
0.000000
0.000000
0.000000
2.151166
0.000000
0.000000
1.455203
0.000000
0.000000
0.000000
0.000000
0.000000
1.292199
0.000000
0.000000
0.000000
0.000000
0.000000
0.000000
1.642283
0.000000
1.561785
0.000000
0.000000
0.000000
0.000000
0.000000
0.000000
0.000000
0.000000
0.000000
0.307222
0.000000
0.000000
0.000000
0.000000
0.000000
0.000000
0.639264
0.000000
0.000000
0.000000
0.000000
0.000000
0.253012
0.000000
0.000000
0.912186
0.000000
0.000000
0.000000
0.000000
1.243087
0.000000
0.000000
0.000000
0.000000
0.000000
0.000000
0.000000
0.000000
0.000000
0.000000
0.000000
0.000000
0.000000
0.000000
0.000000
0.253301
0.295151
0.000000
0.865404
0.000000
0.000000
1.242579
0.000000
0.138753
0.000000
0.000000
0.840236
0.000000
0.000000
0.000000
0.000000
0.000000
0.000000
0.000000
0.972302
1.353464
0.000000
0.000000
0.000000
0.000000
0.000000
0.000000
2.293737
0.000000
3.587856
0.000000
0.000000
0.000000
0.000000
0.000000
0.000000
0.533877
0.000000
0.173817
0.000000
1.747653
1.377076
0.000000
0.000000
1.755518
3.375141
0.181680
0.000000
0.000000
0.000000
0.000000
0.432243
0.000000
0.000000
0.862805
0.000000
0.000000
0.000000
0.000000
0.000000
0.000000
4.019150
0.000000
0.330140
0.000000
0.000000
0.000000
0.000000
1.553446
0.000000
0.000000
0.000000
0.000000
0.000000
0.000000
0.290245
0.000000
0.000000
0.000000
0.000000
0.000000
0.000000
0.000000
0.000000
0.000000
1.196639
0.000000
0.000000
1.270309
0.000000
0.000000
0.000000
0.000000
0.000000
2.295325
3.193672
0.269573
0.000000
0.069519
0.000000
0.000000
1.017001
0.000000
0.110771
0.000000
0.000000
0.000000
0.000000
0.000000
0.000000
0.000000
0.000000
0.000000
2.841948
0.000000
0.000000
0.000000
1.775829
0.000000
0.000000
1.666755
0.000000
0.000000
0.000000
0.000000
0.000000
0.000000
0.000000
0.000000
0.000000
0.000000
0.000000
0.000000
0.000000
0.000000
0.000000
0.000000
0.000000
0.000000
0.009223
0.000000
0.167723
2.032075
0.000000
0.000000
0.000000
0.000000
0.000000
0.000000
0.000000
0.000000
0.000000
0.000000
0.000000
0.000000
0.244928
0.000000
3.541287
0.000000
0.000000
0.000000
0.000000
0.000000
0.000000
1.543710
0.000000
0.000000
0.000000
0.000000
1.997230
0.000000
0.000000
0.000000
0.000000
0.000000
0.477713
0.000000
0.235098
0.000000
2.234422
2.189072
0.093906
0.000000
0.000000
0.000000
0.000000
0.000000
0.000000
0.000000
0.000000
0.022119
0.000000
0.000000
0.000000
0.000000
0.000000
0.000000
0.000000
0.000000
0.109204
0.000000
0.000000
0.902421
0.000000
0.000000
0.000000
0.000000
0.000000
0.000000
0.000000
0.000000
0.000000
0.000000
0.858539
0.756599
0.000000
0.000000
0.000000
0.000000
0.000000
0.000000
0.838339
0.000000
0.000000
0.000000
0.000000
0.000000
0.000000
0.000000
0.000000
0.269763
0.000000
0.391462
0.000000
0.253711
0.000000
0.000000
0.000000
0.000000
0.936983
0.000000
0.000000
0.000000
0.000000
1.044746
0.923194
0.000000
0.000000
0.000000
0.000000
0.000000
0.000000
0.000000
0.000000
0.000000
0.305719
0.000000
0.000000
0.000000
0.594444
0.000000
0.000000
0.000000
0.000000
0.000000
0.000000
0.000000
1.504418
0.000000
0.000000
0.000000
0.000000
1.088394
0.000000
0.000000
0.000000
0.000000
0.000000
0.000000
0.000000
2.164130
0.000000
1.840578
0.000000
0.000000
0.000000
0.000000
0.000000
0.000000
0.923783
0.000000
0.000000
4.170537
0.000000
0.000000
0.000000
0.000000
0.721594
1.215530
0.000000
0.000000
0.000000
0.000000
0.000000
0.000000
0.000000
0.000000
0.000000
1.261039
0.032945
0.000000
0.668063
0.000000
2.265086
0.000000
0.000000
0.554566
0.000000
0.992585
0.000000
0.000000
0.000000
0.000000
0.000000
0.000000
0.000000
0.056786
0.000000
0.000000
1.300611
0.000000
0.000000
0.661412
0.000000
0.000000
0.000000
1.727757
0.000000
0.000000
0.126057
0.000000
0.000000
0.000000
0.000000
0.000000
0.000000
0.000000
0.000000
0.000000
0.000000
0.000000
1.977783
1.438488
2.542746
0.000000
0.037001
0.298673
0.000000
0.000000
0.000000
0.000000
0.000000
0.000000
0.479548
0.000000
0.000000
0.000000
0.000000
0.631717
0.000000
0.000000
0.694157
0.000000
0.000000
0.000000
0.000000
0.000000
0.000000
0.000000
0.000000
0.000000
0.000000
0.000000
0.000000
0.000000
0.000000
0.000000
0.000000
0.000000
0.000000
0.000000
0.000000
0.000000
0.000000
0.000000
0.000000
0.000000
0.000000
1.171830
0.000000
0.000000
0.000000
0.000000
0.000000
0.570930
0.000000
0.000000
0.000000
0.000000
0.000000
0.000000
0.000000
0.335110
0.000000
0.000000
0.000000
0.000000
0.000000
0.292453
0.000000
0.400753
0.000000
0.000000
3.502145
2.526619
0.000000
0.000000
1.155087
0.000000
0.556710
0.000000
0.000000
0.000000
0.000000
2.639242
0.000000
0.000000
0.229654
0.000000
0.000000
0.000000
0.000000
0.000000
0.000000
0.000000
0.000000
0.000000
0.884596
0.000000
0.721299
0.077846
0.000000
0.000000
1.138029
0.000000
2.495136
0.000000
0.665030
0.000000
0.000000
0.000000
0.000000
2.311759
0.000000
0.000000
3.963188
0.000000
0.000000
0.000000
0.000000
0.000000
0.000000
0.000000
0.000000
0.401538
0.000000
0.000000
0.000000
0.000000
0.000000
0.000000
0.000000
0.000000
0.000000
0.000000
0.000000
0.000000
0.000000
0.258081
0.000000
0.000000
0.000000
0.000000
0.000000
0.000000
0.000000
0.000000
0.000000
2.396082
0.000000
0.000000
0.000000
0.890271
0.000000
0.000000
0.000000
0.000000
0.000000
0.000000
0.000000
0.000000
0.041025
0.000000
0.000000
0.000000
0.000000
0.000000
0.000000
0.000000
0.000000
1.004483
0.000000
0.576773
0.000000
0.415445
0.000000
0.000000
0.000000
0.000000
0.000000
0.481302
0.001670
0.000000
0.000000
0.000000
0.617612
0.000000
0.000000
0.000000
0.000000
0.416348
0.000000
1.926784
0.000000
0.000000
0.000000
0.061855
0.000000
0.000000
0.000000
0.000000
0.000000
0.000000
0.000000
0.000000
0.087309
0.000000
0.000000
0.000000
0.000000
0.000000
0.000000
0.000000
0.000000
0.000000
0.000000
1.586368
0.000000
0.000000
0.000000
1.816641
0.000000
0.000000
0.000000
0.000000
0.000000
0.000000
0.000000
0.000000
0.000000
0.000000
0.000000
0.606698
0.000000
0.000000
1.255399
0.000000
0.000000
0.000000
2.946857
0.526254
0.000000
0.499755
0.000000
0.000000
1.932144
0.000000
0.000000
0.000000
0.000000
0.000000
0.000000
0.000000
2.480714
0.000000
0.000000
0.000000
0.000000
0.000000
0.000000
0.648672
3.203532
0.000000
0.000000
0.000000
0.000000
0.000000
0.000000
0.000000
0.000000
0.000000
0.000000
0.000000
1.287531
0.000000
0.000000
0.000000
0.000000
0.000000
0.000000
0.000000
0.000000
0.000000
0.000000
2.148130
0.303418
0.000000
0.000000
0.000000
0.000000
0.000000
0.000000
0.000000
0.535138
0.000000
0.311287
0.000000
0.000000
0.000000
0.000000
0.000000
2.186971
0.000000
0.000000
0.000000
0.000000
0.000000
0.000000
0.540336
0.000000
0.000000
1.218810
0.000000
0.000000
0.000000
0.000000
0.000000
0.000000
0.000000
0.000000
0.000000
0.000000
0.000000
0.000000
0.000000
0.162878
0.000000
0.000000
0.000000
0.000000
0.000000
0.000000
0.000000
0.099112
0.000000
0.896933
0.000000
0.000000
0.000000
0.000000
0.000000
0.000000
0.000000
0.472062
0.000000
0.000000
0.000000
0.717871
1.192927
0.000000
0.000000
0.042798
0.000000
0.000000
0.000000
0.000000
0.541064
0.533664
0.693022
1.342510
0.000000
0.000000
0.000000
0.000000
0.000000
0.825109
0.000000
0.905038
0.000000
0.000000
0.000000
2.648211
0.000000
0.000000
0.000000
0.000000
1.239845
0.000000
0.000000
0.000000
0.000000
0.000000
0.000000
0.000000
0.000000
0.573448
0.000000
0.000000
0.712065
0.000000
1.186218
0.000000
0.822569
0.000000
0.000000
0.000000
0.000000
0.000000
0.000000
0.000000
0.000000
0.000000
0.000000
0.000000
0.000000
0.786690
0.000000
0.000000
1.480876
0.000000
0.000000
0.000000
0.000000
0.000000
0.000000
0.000000
0.000000
0.747903
0.000000
0.000000
0.000000
0.000000
0.000000
0.000000
0.000000
0.000000
0.000000
1.687521
0.000000
0.000000
0.000000
0.000000
0.000000
0.039578
0.000000
0.000000
3.409785
0.000000
0.000000
0.000000
0.000000
0.000000
0.000000
0.145565
0.000000
0.000000
0.207190
0.000000
0.000000
0.000000
0.000000
0.000000
0.000000
0.000000
0.000000
0.000000
0.000000
0.000000
0.000000
0.000000
1.515570
0.000000
1.216752
0.000000
0.000000
0.657089
0.000000
0.000000
0.000000
0.000000
0.000000
0.000000
0.894546
0.000000
0.000000
0.000000
0.000000
0.000000
0.000000
0.000000
0.000000
0.000000
0.000000
1.071770
0.000000
0.000000
0.000000
0.000000
0.000000
0.724508
0.000000
0.000000
1.283661
0.000000
0.000000
0.000000
0.000000
0.699750
0.000000
0.000000
0.000000
4.550959
0.000000
0.000000
0.000000
0.000000
0.000000
0.302071
0.000000
0.000000
0.000000
0.000000
0.000000
0.000000
0.452205
0.000000
0.000000
1.735166
0.000000
0.000000
1.973599
0.000000
0.000000
0.000000
0.000000
0.000000
0.000000
1.769021
0.000000
0.000000
0.000000
0.000000
0.000000
0.000000
0.000000
0.000000
0.147512
0.000000
0.000000
0.000000
0.000000
0.000000
0.000000
0.000000
0.000000
0.000000
0.000000
0.000000
0.330253
0.000000
0.000000
0.297303
0.430549
0.000000
0.000000
0.000000
0.000000
0.419717
0.857482
0.644515
1.798829
0.000000
0.000000
0.000000
1.494608
0.000000
0.000000
0.000000
0.000000
1.810508
0.012473
0.000000
0.000000
0.000000
0.000000
0.000000
0.000000
0.000000
0.000000
0.000000
0.000000
0.000000
0.000000
0.000000
0.569535
0.000000
0.000000
0.000000
0.000000
0.000000
0.000000
0.000000
0.000000
1.983618
0.000000
0.000000
0.000000
0.015283
0.000000
0.000000
0.000000
0.000000
0.000000
0.000000
0.000000
0.000000
0.457567
0.107584
0.000000
0.166562
3.453373
0.000000
0.000000
0.000000
0.000000
0.501301
0.000000
0.431556
0.000000
0.000000
0.000000
0.000000
0.000000
0.000000
0.000000
0.000000
1.291260
0.000000
0.000000
0.000000
0.000000
0.000000
0.000000
0.000000
0.501055
0.000000
0.040942
0.000000
0.000000
0.000000
0.000000
0.000000
0.000000
0.000000
0.000000
0.000000
0.000000
0.000000
0.000000
0.000000
0.000000
0.000000
0.000000
0.000000
0.000000
0.000000
0.397905
0.000000
0.000000
0.000000
0.000000
0.776345
3.714636
0.156827
0.000000
0.000000
0.000000
0.000000
0.000000
0.314016
3.661256
0.000000
1.882969
0.000000
0.000000
1.352211
0.000000
0.000000
0.000000
0.000000
0.000000
0.000000
1.484005
0.542529
1.421473
0.000000
0.000000
0.000000
0.000000
1.998687
0.833912
0.000000
0.000000
0.000000
0.000000
0.408391
0.000000
0.000000
0.000000
0.000000
3.014609
0.000000
0.000000
0.000000
0.000000
0.000000
0.000000
0.000000
0.000000
0.000000
0.000000
0.000000
0.000000
0.385490
0.272129
0.000000
0.972378
0.000000
0.000000
0.000000
0.000000
0.000000
0.000000
0.000000
0.000000
0.000000
0.000000
0.000000
0.000000
0.000000
0.000000
0.000000
0.000000
1.292522
0.000000
0.000000
0.000000
0.000000
0.000000
0.000000
0.000000
0.000000
0.000000
0.375534
1.463368
0.000000
0.000000
0.301564
0.000000
0.000000
0.000000
0.000000
0.000000
0.000000
0.000000
0.000000
0.000000
0.000000
1.414570
0.000000
0.580684
0.000000
0.000000
0.000000
0.000000
0.000000
0.000000
0.316932
0.000000
0.000000
0.000000
0.000000
0.000000
0.000000
0.000000
1.589240
0.000000
0.000000
0.000000
0.000000
0.000000
0.000000
0.000000
0.000000
0.000000
0.000000
0.000000
0.000000
0.000000
0.000000
0.000000
0.000000
0.000000
0.000000
0.000000
0.000000
0.000000
0.000000
0.000000
0.000000
0.000000
0.210596
0.000000
0.000000
0.000000
1.694956
0.000000
0.000000
0.000000
0.000000
2.742265
0.000000
0.000000
0.000000
0.000000
0.000000
0.000000
0.000000
0.000000
0.000000
0.000000
0.830120
0.000000
0.000000
0.000000
0.000000
0.000000
0.000000
0.745747
0.000000
0.000000
0.000000
0.000000
2.833333
0.000000
0.000000
0.000000
0.000000
0.000000
0.000000
0.000000
3.501143
0.000000
0.000000
0.000000
0.000000
0.000000
0.000000
0.000000
0.000000
0.000000
0.000000
0.000000
0.000000
0.869120
0.000000
0.000000
0.000000
0.000000
0.000000
0.000000
1.525977
0.000000
1.033761
0.704529
0.000000
0.000000
0.000000
0.438522
0.000000
0.000000
0.000000
0.000000
0.000000
0.000000
0.000000
0.000000
0.000000
0.000000
0.000000
0.000000
0.000000
0.213998
0.000000
0.000000
0.000000
