0.000000
0.000000
0.000000
0.000000
0.000000
0.000000
0.000000
0.000000
0.000000
0.000000
0.000000
0.000000
0.000000
1.339545
0.000000
0.000000
0.000000
0.000000
0.000000
0.000000
0.000000
3.134439
0.000000
1.194885
0.000000
1.131890
0.000000
0.000000
0.000000
0.000000
3.209288
0.000000
0.000000
0.000000
0.121403
0.081352
0.000000
0.000000
0.000000
0.000000
0.000000
0.000000
0.000000
0.000000
0.000000
0.000000
1.007265
0.032410
0.000000
0.000000
0.037922
0.000000
0.000000
0.000000
2.223705
0.000000
0.000000
0.000000
0.000000
0.000000
0.000000
0.000000
2.639429
0.000000
0.000000
0.008762
0.000000
0.000000
0.000000
0.000000
0.000000
0.000000
1.347340
0.000000
0.000000
0.000000
0.000000
0.364298
0.000000
1.841889
0.000000
0.000000
0.000000
0.722887
0.000000
2.295081
0.000000
0.572791
0.000000
0.000000
0.000000
0.369678
0.000000
0.000000
0.549327
0.000000
0.000000
2.917844
0.000000
0.806022
0.000000
0.000000
0.000000
0.000000
1.338790
0.000000
0.000000
0.000000
0.000000
0.000000
1.184772
2.143117
0.000000
0.000000
1.273468
0.000000
0.000000
0.000000
0.000000
0.000000
0.000000
0.000000
0.000000
0.000000
3.699189
1.621609
0.000000
0.000000
0.000000
0.000000
0.000000
0.000000
0.000000
0.000000
0.000000
0.000000
1.604591
0.000000
0.000000
0.063082
0.046488
2.167432
0.000000
2.261720
0.000000
0.000000
0.000000
0.000000
0.000000
0.000000
0.452847
0.000000
0.000000
1.125505
0.000000
0.000000
0.000000
0.000000
0.000000
0.000000
2.494830
0.000000
0.000000
2.356328
0.000000
0.000000
0.000000
0.000000
0.000000
1.286208
0.000000
0.000000
0.000000
0.000000
0.000000
0.762391
1.681579
0.000000
0.000000
0.000000
0.000000
3.464038
0.000000
0.000000
0.000000
0.000000
0.611185
3.342690
0.000000
0.000000
1.224975
0.000000
0.000000
0.000000
0.000000
0.830455
3.460969
0.645750
0.000000
0.000000
1.076691
0.000000
0.000000
0.393368
0.000000
0.000000
0.730585
0.000000
1.125741
3.476347
0.720430
0.000000
1.081019
0.000000
0.000000
0.000000
4.122637
2.592128
0.000000
0.000000
0.000000
0.000000
1.093826
2.297473
0.000000
0.000000
0.523131
0.000000
0.000000
2.313066
3.219854
0.000000
0.779084
0.000000
0.000000
0.000000
0.000000
0.000000
0.236937
0.000000
0.667672
0.000000
0.634271
0.000000
0.294373
0.000000
0.000000
0.000000
0.000000
0.000000
0.000000
0.151080
2.026353
0.000000
0.297372
0.000000
0.000000
0.000000
0.000000
0.000000
0.000000
0.000000
0.000000
1.744583
0.000000
0.000000
0.000000
0.000000
0.784364
0.000000
0.000000
0.000000
0.000000
0.000000
0.000000
0.000000
2.638988
0.000000
0.000000
0.000000
0.000000
0.000000
0.000000
0.000000
0.139959
0.000000
0.000000
1.129932
0.000000
1.051607
0.000000
0.000000
0.000000
0.000000
0.000000
1.556657
0.000000
0.000000
0.000000
0.000000
0.000000
0.000000
1.379946
0.000000
0.000000
0.000000
1.144047
2.388469
0.000000
0.000000
0.000000
0.000000
0.000000
0.000000
0.143436
0.440033
0.000000
0.000000
0.000000
0.000000
0.692739
0.000000
0.000000
0.000000
0.000000
0.000000
1.276598
0.000000
0.000000
0.000000
0.000000
0.000000
0.000000
0.102350
0.000000
0.000000
0.000000
0.000000
0.000000
0.000000
0.000000
0.000000
0.699188
0.000000
0.000000
0.390866
0.000000
0.032046
0.800339
0.000000
0.000000
0.000000
0.000000
0.000000
0.000000
0.000000
0.000000
0.000000
0.000000
0.000000
0.000000
0.000000
0.000000
0.186975
0.000000
0.000000
0.000000
0.000000
2.871346
0.000000
0.000000
0.000000
0.000000
0.000000
0.947709
0.000000
0.000000
0.000000
0.932946
0.000000
0.000000
0.000000
0.000000
0.000000
0.000000
0.000000
0.000000
1.671875
0.000000
0.000000
0.000000
1.740750
0.298661
0.000000
0.000000
0.000000
1.569263
0.000000
0.000000
0.000000
0.000000
0.000000
0.000000
0.679632
0.000000
2.044069
2.017418
0.000000
0.000000
0.000000
0.000000
0.000000
0.000000
1.262256
1.535870
0.000000
0.000000
0.000000
1.235729
0.000000
0.000000
0.000000
0.468436
0.000000
0.000000
0.000000
0.000000
0.880681
1.935377
0.000000
0.466977
0.000000
0.000000
0.000000
0.000000
0.999433
0.000000
0.000000
0.000000
0.000000
0.000000
1.946235
0.000000
0.000000
1.138748
1.856577
0.000000
0.000000
0.000000
0.000000
0.448416
0.000000
0.000000
0.000000
0.000000
0.000000
0.000000
0.000000
0.000000
0.000000
2.040756
0.000000
0.000000
0.114954
0.587117
2.389108
0.000000
0.000000
0.000000
0.000000
0.000000
0.000000
0.000000
0.417379
0.859645
0.000000
0.000000
0.000000
0.000000
0.232845
0.000000
0.517318
0.000000
2.096432
0.000000
0.000000
1.455819
0.000000
2.345719
0.000000
1.101020
0.000000
0.000000
0.000000
0.000000
0.000000
0.000000
0.000000
0.000000
0.000000
0.000000
0.000000
0.000000
0.000000
0.000000
0.000000
0.363221
0.000000
0.311186
0.000000
2.119171
0.000000
0.328902
1.543012
0.000000
0.000000
0.412773
0.000000
0.000000
0.220793
0.000000
0.000000
0.000000
0.000000
0.000000
1.409147
0.000000
0.000000
0.000000
0.000000
0.000000
0.000000
0.000000
0.000000
0.305356
0.000000
0.358438
0.000000
0.897415
0.000000
0.000000
0.000000
0.412065
0.000000
0.518244
0.000000
2.204868
2.389879
0.000000
1.349667
0.000000
0.000000
2.791578
0.000000
0.000000
0.000000
0.000000
0.000000
0.000000
0.381599
0.000000
0.000000
0.000000
0.049107
0.000000
0.000000
1.954798
0.000000
1.891253
0.000000
0.000000
0.000000
0.000000
0.000000
0.000000
0.000000
0.000000
0.000000
0.028830
0.000000
0.045937
0.000000
0.000000
0.000000
0.000000
0.000000
0.000000
0.000000
0.000000
0.893880
0.000000
0.000000
0.000000
0.000000
0.297752
0.333652
0.000000
0.000000
0.000000
0.000000
0.000000
1.765169
0.000000
0.000000
0.000000
0.000000
0.000000
0.013081
0.000000
0.000000
0.000000
0.000000
0.000000
0.000000
0.437724
0.000000
0.836981
0.000000
0.000000
0.221569
0.000000
0.000000
0.616471
0.000000
0.000000
0.000000
0.000000
0.000000
0.000000
0.000000
1.106144
1.465119
0.000000
0.000000
0.000000
0.000000
3.564990
0.000000
0.108003
0.000000
0.000000
0.671885
0.000000
1.848734
0.000000
0.000000
0.000000
0.000000
0.000000
0.000000
4.438408
0.000000
0.000000
0.000000
0.000000
0.000000
0.000000
0.000000
0.000000
0.000000
0.360497
0.000000
0.000000
0.000000
0.000000
0.221286
0.000000
0.000000
0.000000
1.774856
0.000000
0.000000
0.000000
0.000000
0.000000
0.282273
0.000000
0.000000
0.000000
0.000000
0.846024
0.000000
0.000000
0.000000
0.618690
0.000000
0.000000
0.000000
0.000000
0.000000
0.000000
0.000000
0.000000
0.000000
2.542792
0.000000
0.000000
0.000000
0.175697
0.000000
0.000000
0.000000
0.000000
0.000000
0.000000
0.000000
0.000000
0.349133
0.000000
0.000000
0.000000
0.000000
0.420852
0.000000
0.000000
0.000000
0.000000
3.126798
0.000000
0.823060
0.000000
0.000000
0.000000
0.000000
0.466466
0.000000
0.212848
0.000000
0.000000
0.000000
0.000000
0.000000
0.000000
0.000000
0.000000
0.000000
0.000000
0.000000
0.000000
0.000000
0.000000
0.000000
0.000000
0.000000
0.000000
0.000000
0.000000
0.000000
0.000000
0.000000
0.000000
0.000000
0.000000
0.000000
0.000000
0.000000
0.000000
0.695719
0.000000
0.000000
2.349546
0.000000
0.000000
0.000000
0.000000
0.000000
0.362527
0.000000
0.000000
0.451179
0.000000
0.000000
0.000000
0.000000
0.000000
0.000000
0.000000
0.000000
0.000000
0.357279
0.000000
0.000000
0.000000
0.000000
0.000000
0.000000
0.000000
0.000000
0.000000
0.000000
0.000000
0.567140
0.000000
1.115673
0.047787
0.502896
0.000000
0.000000
0.000000
1.420956
0.000000
1.574222
0.000000
3.521494
0.000000
0.000000
0.804179
0.000000
0.000000
0.000000
0.001458
2.681469
1.186112
0.000000
0.000000
0.000000
0.000000
0.000000
0.000000
0.000000
1.672472
0.672067
0.273093
0.000000
0.000000
0.000000
0.000000
0.000000
0.000000
0.000000
0.000000
0.000000
0.000000
0.000000
0.000000
0.034935
0.000000
0.000000
1.587014
0.000000
0.000000
0.000000
0.000000
0.000000
0.000000
1.010473
0.000000
0.000000
0.000000
0.000000
2.696871
0.000000
0.000000
1.797710
0.000000
0.000000
0.000000
0.000000
0.000000
0.000000
0.000000
0.000000
0.000000
0.000000
0.000000
0.000000
0.000000
0.000000
0.000000
0.000000
0.000000
0.000000
0.000000
0.000000
0.000000
0.000000
0.000000
0.000000
3.300221
0.000000
0.000000
0.117138
0.000000
0.000000
0.000000
0.000000
0.000000
0.000000
1.662010
0.000000
0.000000
0.000000
0.000000
0.000000
0.000000
0.000000
0.000000
0.000000
1.367330
0.000000
0.000000
0.000000
0.000000
3.218121
0.000000
0.000000
0.000000
0.000000
0.790699
0.000000
0.000000
0.000000
0.000000
0.723019
0.000000
0.000000
0.000000
0.000000
3.393542
0.000000
0.000000
0.131869
0.000000
0.000000
0.000000
0.922928
0.452992
0.000000
1.992779
0.000000
0.000000
0.000000
0.000000
0.000000
0.000000
0.000000
0.000000
2.429731
0.000000
0.000000
0.000000
0.000000
0.000000
0.622226
0.000000
0.000000
0.000000
0.000000
0.000000
0.694482
0.000000
0.000000
0.000000
0.000000
0.000000
0.000000
0.000000
0.253166
0.000000
0.000000
3.377009
0.000000
1.292634
0.000000
0.823051
0.000000
0.965165
0.000000
0.000000
0.000000
0.000000
0.000000
0.000000
0.000000
0.000000
1.661763
0.483208
0.151739
0.000000
0.551368
0.005409
0.000000
0.000000
0.000000
0.000000
0.000000
0.000000
0.000000
0.000000
0.000000
0.000000
0.000000
0.000000
0.115448
0.000000
3.021495
0.000000
0.000000
0.000000
0.000000
0.000000
0.000000
0.000000
0.000000
1.111993
0.000000
0.000000
1.181506
0.000000
0.000000
2.120563
0.000000
0.042663
0.000000
0.000000
0.000000
0.000000
0.000000
0.470617
0.000000
0.000000
0.000000
0.000000
0.000000
0.000000
0.000000
0.692074
0.000000
0.000000
0.000000
0.000000
0.000000
0.000000
0.000000
0.000000
0.000000
0.000000
0.000000
0.000000
0.000000
0.000000
0.000000
1.407467
0.000000
3.249289
0.000000
0.000000
0.000000
0.000000
3.316438
0.000000
0.000000
0.000000
0.000000
0.000000
0.000000
0.000000
0.000000
0.000000
0.000000
0.000000
0.000000
0.686225
0.000000
4.687346
0.000000
0.000000
0.000000
1.410688
0.000000
0.000000
1.172446
0.000000
0.000000
1.223034
0.000000
0.000000
0.000000
0.000000
0.000000
0.000000
0.000000
0.000000
0.000000
0.000000
0.000000
1.236731
1.737941
0.000000
0.133455
0.000000
1.156512
0.000000
0.000000
0.921214
0.000000
0.000000
0.263964
0.000000
0.295730
0.484858
0.000000
0.000000
0.000000
1.020729
0.719447
0.000000
0.000000
0.000000
0.000000
0.000000
0.000000
0.000000
0.000000
0.000000
0.000000
0.000000
2.234431
0.000000
0.000000
1.161423
0.000000
0.000000
0.000000
0.000000
0.000000
0.000000
0.000000
1.046648
0.000000
0.000000
0.000000
0.000000
0.048353
0.000000
0.072386
0.000000
0.000000
0.000000
0.000000
2.278187
0.000000
0.000000
0.000000
0.000000
0.000000
0.000000
0.000000
1.091336
0.577179
0.000000
0.000000
0.119255
1.134733
0.000000
0.000000
0.000000
0.000000
0.354485
0.000000
0.000000
0.855460
0.000000
1.529606
0.869737
0.000000
0.053826
0.000000
0.000000
0.000000
0.000000
0.000000
0.000000
0.051737
0.000000
0.000000
0.000000
0.000000
0.000000
0.000000
0.000000
0.000000
0.000000
2.123978
1.986681
0.000000
0.000000
0.000000
2.388739
0.000000
0.000000
0.286824
0.000000
0.000000
0.000000
1.739218
0.000000
0.000000
0.000000
0.000000
0.000000
0.000000
0.000000
0.000000
0.000000
0.400945
0.000000
2.080045
0.000000
0.000000
0.000000
0.000000
0.000000
0.000000
0.000000
0.000000
0.000000
0.683743
0.000000
2.344274
1.435424
0.000000
0.819641
0.000000
0.000000
0.000000
0.000000
2.224013
0.000000
0.000000
0.000000
0.000000
0.000000
0.000000
3.875343
0.000000
0.000000
0.000000
0.000000
0.000000
0.000000
0.731073
2.168321
0.000000
0.000000
0.851439
0.000000
0.000000
0.000000
0.000000
1.111062
0.000000
0.000000
0.000000
0.000000
0.000000
0.000000
0.000000
0.000000
1.530154
1.776078
0.000000
0.000000
0.000000
0.168655
0.000000
0.000000
0.000000
0.000000
0.000000
0.000000
0.000000
0.000000
0.257504
0.000000
0.000000
0.161587
0.000000
0.048328
0.000000
0.000000
0.000000
0.000000
1.215056
0.000000
0.000000
0.000000
0.092490
0.000000
0.335387
0.068570
0.000000
0.000000
0.000000
0.000000
0.000000
0.000000
0.000000
0.000000
0.000000
0.000000
0.208026
0.604291
0.054161
0.507374
0.000000
0.000000
0.000000
0.000000
0.000000
0.000000
0.000000
0.000000
0.000000
0.000000
0.000000
0.000000
0.000000
0.000000
0.000000
0.000000
0.000000
0.000000
0.000000
0.237709
0.000000
0.000000
0.000000
0.000000
0.000000
0.000000
0.726924
0.000000
1.212197
0.000000
0.000000
0.000000
0.000000
0.000000
0.000000
0.000000
1.787602
0.000000
0.000000
0.176428
0.000000
0.000000
0.000000
0.000000
2.224910
0.000000
0.000000
0.000000
0.000000
0.000000
1.222638
0.000000
1.223375
0.000000
0.000000
0.000000
0.000000
0.000000
0.000000
3.049643
1.573963
0.000000
0.000000
0.000000
0.000000
0.000000
0.000000
0.000000
0.000000
1.915320
0.000000
1.194912
0.000000
0.000000
0.462943
0.000000
0.000000
0.000000
0.137020
0.000000
2.550428
0.000000
0.000000
0.000000
0.000000
0.000000
1.186141
0.810339
0.000000
0.000000
0.000000
0.000000
0.106843
0.000000
0.000000
0.000000
0.000000
0.000000
0.000000
0.000000
0.000000
0.000000
0.000000
0.000000
0.000000
0.000000
0.000000
0.570073
0.000000
0.094129
0.000000
0.000000
0.000000
0.000000
0.000000
0.000000
0.413091
0.000000
0.000000
0.000000
0.000000
0.000000
0.000000
0.000000
0.352104
0.000000
0.000000
0.000000
0.000000
0.000000
0.449849
0.000000
0.000000
1.738519
0.000000
0.000000
0.000000
0.000000
0.000000
3.000510
1.685582
1.755618
4.937743
2.765599
0.000000
0.000000
0.000000
0.669723
2.661769
0.000000
0.000000
0.000000
0.000000
0.000000
0.000000
0.000000
0.723031
0.000000
0.000000
0.000000
0.000000
0.000000
0.000000
0.000000
0.000000
0.000000
0.000000
0.000000
0.000000
0.499485
0.000000
0.459429
0.000000
0.000000
0.000000
1.073862
0.528945
0.000000
0.000000
0.000000
0.000000
1.632693
0.487525
0.000000
0.000000
2.088788
0.000000
0.000000
0.000000
0.000000
0.000000
0.000000
2.946815
0.402415
0.000000
0.000000
0.111179
2.221798
0.000000
0.000000
0.000000
0.000000
0.378523
0.000000
0.000000
0.000000
1.426506
0.000000
0.000000
0.000000
0.000000
0.000000
0.000000
0.000000
0.368151
0.000000
1.953862
0.000000
0.000000
0.000000
0.000000
0.000000
0.000000
0.000000
2.097494
0.000000
0.000000
0.000000
0.000000
0.000000
0.614994
0.000000
0.000000
0.000000
0.000000
1.454360
1.088992
0.000000
0.000000
4.534753
0.000000
0.000000
0.000000
0.000000
0.000000
2.158142
1.186792
0.784088
0.000000
0.000000
0.000000
0.000000
1.186277
0.000000
0.000000
0.000000
0.000000
0.000000
0.000000
0.000000
0.000000
0.553653
0.000000
0.092906
0.000000
0.000000
0.000000
0.000000
0.000000
0.000000
0.000000
1.053236
0.205628
0.000000
0.381560
0.000000
0.000000
0.000000
0.000000
0.000000
0.000000
0.000000
0.000000
1.241708
0.000000
0.000000
0.000000
0.000000
0.000000
0.000000
0.000000
0.000000
1.457700
1.276817
0.000000
0.000000
0.442404
0.000000
0.000000
0.000000
0.000000
0.000000
0.000000
0.000000
0.000000
0.000000
2.169173
0.000000
0.000000
1.140528
0.000000
0.675114
0.000000
0.000000
0.000000
0.000000
1.068787
0.000000
0.000000
0.000000
0.000000
0.003172
1.823205
0.608257
0.000000
0.000000
2.286239
0.000000
0.000000
0.000000
0.000000
0.000000
0.000000
0.000000
0.126505
0.694565
0.000000
0.000000
0.000000
0.000000
0.000000
0.000000
2.483503
0.000000
0.966969
0.000000
0.000000
0.000000
0.000000
0.000000
0.122566
0.000000
0.000000
0.000000
0.000000
0.116990
0.000000
0.000000
0.000000
0.000000
0.000000
0.000000
0.000000
1.300451
0.000000
0.797577
0.078473
0.000000
0.000000
0.586641
0.000000
0.000000
0.000000
0.000000
2.941526
0.000000
0.000000
0.000000
0.000000
0.000000
0.000000
0.000000
0.000000
0.000000
0.000000
3.025959
0.000000
0.000000
0.000000
0.000000
0.000000
0.000000
0.000000
1.753876
0.000000
0.000000
1.049484
0.000000
0.000000
0.000000
0.000000
0.000000
0.822790
0.000000
0.000000
0.000000
0.000000
0.000000
0.000000
0.000000
0.571649
1.505502
0.000000
0.000000
0.000000
0.000000
0.000000
0.000000
0.000000
0.000000
0.000000
0.000000
0.000000
0.000000
0.000000
0.000000
0.000000
1.027111
0.000000
0.000000
3.178252
0.000000
0.000000
0.000000
0.468188
0.000000
0.000000
0.001909
0.000000
0.000000
0.000000
0.000000
1.155601
0.013356
0.459980
1.232686
0.000000
2.181531
2.262266
0.000000
0.000000
0.000000
0.000000
0.000000
0.000000
0.000000
1.239929
0.000000
0.000000
0.000000
0.000000
0.000000
0.000000
0.000000
0.000000
3.048658
0.000000
2.472566
0.000000
0.000000
0.000000
0.000000
0.000000
0.000000
2.053220
0.000000
0.000000
0.000000
0.000000
0.000000
0.000000
0.000000
0.000000
0.000000
0.000000
0.111975
0.000000
0.000000
0.391912
0.000000
0.000000
0.000000
0.000000
0.000000
4.205387
0.477177
0.000000
0.759235
0.000000
0.000000
0.000000
0.424811
0.000000
0.000000
0.398047
0.000000
0.326596
0.000000
0.000000
0.000000
0.000000
0.000000
0.000000
0.000000
0.000000
1.199203
0.000000
0.000000
0.000000
0.000000
0.000000
0.000000
0.000000
0.000000
1.159133
0.000000
1.754450
0.000000
0.000000
0.117355
0.000000
0.051585
0.000000
0.382285
0.000000
0.000000
0.000000
0.000000
0.000000
0.727403
0.000000
0.000000
0.000000
0.000000
0.000000
0.000000
1.052390
0.000000
0.000000
0.000000
0.000000
0.000000
0.000000
0.000000
0.700763
2.886920
0.000000
0.000000
0.000000
0.000000
0.000000
1.885219
0.000000
0.000000
0.000000
0.000000
0.404722
0.000000
0.000000
0.000000
0.000000
0.000000
0.250173
0.000000
0.413457
2.203954
1.975849
0.000000
0.000000
0.000000
0.000000
0.000000
1.075989
0.000000
0.000000
0.000000
0.000000
2.352699
0.000000
0.000000
0.000000
0.371973
3.488210
2.124838
0.000000
0.000000
0.000000
0.000000
0.000000
0.000000
0.000000
0.103327
0.000000
0.000000
0.000000
0.000000
0.000000
0.000000
0.000000
0.000000
0.000000
0.000000
0.881981
0.000000
0.000000
0.000000
1.245885
0.000000
0.000000
0.000000
0.000000
0.277092
0.000000
0.000000
0.307338
0.000000
0.153405
0.000000
0.000000
0.000000
0.000000
0.000000
0.000000
0.000000
0.000000
0.000000
0.000000
0.331126
1.356568
0.000000
0.000000
0.000000
0.000000
0.000000
0.000000
1.222118
0.000000
0.000000
0.000000
1.051028
0.000000
2.007593
0.000000
0.000000
0.000000
0.000000
0.000000
0.000000
0.000000
0.000000
0.000000
0.000000
0.000000
0.000000
0.000000
0.000000
0.339697
0.000000
1.616496
0.000000
0.256105
0.000000
0.000000
3.094077
0.000000
0.464255
0.000000
0.000000
0.000000
0.000000
0.000000
0.000000
0.000000
0.000000
0.000000
0.000000
0.000000
0.723605
0.000000
0.556885
0.000000
0.000000
0.583195
0.000000
0.000000
0.000000
1.769348
0.000000
1.971695
0.000000
0.000000
0.000000
0.000000
0.000000
0.000000
0.000000
0.000000
0.000000
0.000000
0.000000
0.000000
0.000000
0.150250
0.287698
0.000000
0.000000
0.000000
0.000000
0.000000
0.000000
0.000000
2.277818
0.242425
0.000000
0.000000
0.000000
0.000000
0.000000
0.000000
0.000000
0.000000
1.328373
0.000000
0.000000
1.754104
0.000000
0.000000
1.168179
3.039953
0.000000
0.000000
0.000000
1.480684
0.000000
0.000000
0.000000
0.131642
1.300828
0.000000
0.000000
0.000000
0.000000
0.124048
0.000000
0.000000
0.000000
0.000000
3.336971
0.000000
0.000000
0.000000
0.000000
0.000000
0.000000
0.000000
0.000000
0.000000
0.000000
0.000000
0.000000
0.000000
0.000000
0.000000
0.000000
0.000000
0.000000
0.968739
0.000000
0.722706
0.000000
0.000000
0.000000
0.000000
0.000000
1.445652
0.000000
0.000000
0.067013
0.000000
0.000000
0.000000
0.697126
0.000000
0.673058
0.000000
0.000000
0.000000
0.000000
1.686362
0.000000
0.000000
0.000000
0.000000
0.000000
0.000000
0.000000
0.111709
0.000000
0.000000
0.000000
1.349107
0.000000
0.287668
0.000000
0.000000
0.000000
0.000000
1.143517
0.000000
0.000000
0.000000
0.040260
0.000000
0.000000
0.000000
0.000000
0.363173
0.000000
0.000000
0.000000
0.000000
0.000000
0.000000
0.000000
1.677284
0.000000
0.000000
0.000000
0.903808
0.000000
0.000000
0.000000
0.000000
0.000000
0.000000
0.000000
0.000000
0.000000
0.000000
0.000000
0.000000
0.000000
0.000000
0.000000
0.000000
0.000000
0.000000
0.000000
0.000000
0.000000
0.000000
0.000000
0.699909
0.000000
0.000000
0.118397
0.000000
0.000000
0.000000
0.000000
0.247932
0.000000
0.000000
0.000000
0.000000
0.000000
0.000000
0.000000
0.262224
0.000000
0.000000
0.000000
0.000000
0.000000
0.000000
0.000000
0.955859
0.000000
0.000000
0.000000
0.000000
0.000000
0.000000
0.000000
0.428845
0.000000
0.556929
0.000000
0.000000
0.011378
1.457929
0.000000
0.000000
0.000000
0.000000
0.000000
0.000000
0.000000
0.000000
1.286148
0.000000
0.000000
0.000000
3.357368
1.188788
0.499074
0.000000
0.000000
0.000000
0.000000
0.000000
0.000000
0.000000
0.000000
0.000000
0.282617
0.000000
1.784776
0.000000
0.000000
0.000000
0.000000
0.000000
0.000000
0.000000
0.000000
0.000000
0.000000
0.000000
0.915603
0.000000
0.000000
0.000000
0.000000
0.000000
0.000000
0.000000
0.000000
0.000000
0.000000
0.000000
0.000000
0.000000
0.000000
0.605049
0.000000
0.621550
0.544716
1.165856
0.000000
0.000000
2.712073
0.000000
0.000000
2.594531
0.000000
0.000000
0.000000
1.189509
0.000000
0.000000
0.000000
0.000000
0.000000
0.000000
1.210533
0.000000
0.000000
0.000000
0.000000
0.716505
0.145495
0.295884
0.000000
0.000000
0.000000
0.000000
0.000000
0.000000
0.695742
0.000000
1.797348
0.000000
0.751745
0.000000
0.417988
0.868645
0.000000
0.167340
1.149277
0.000000
0.010271
0.000000
0.000000
0.000000
0.000000
0.000000
0.000000
0.000000
0.000000
0.000000
0.000000
0.000000
1.108095
0.000000
0.000000
0.000000
0.000000
0.000000
0.000000
0.000000
0.000000
1.366008
0.000000
0.000000
0.000000
0.000000
0.000000
0.000000
0.000000
0.000000
0.000000
0.000000
0.000000
0.572449
0.000000
0.170539
0.000000
0.000000
0.000000
0.039282
0.000000
0.000000
0.000000
0.000000
2.008948
0.000000
0.000000
0.000000
0.000000
0.077691
2.253342
0.000000
0.000000
0.000000
0.000000
0.000000
0.000000
0.000000
0.000000
0.000000
0.000000
0.000000
0.000000
1.239539
0.000000
0.000000
0.000000
0.745971
0.000000
0.000000
0.000000
0.000000
0.000000
0.140740
0.000000
0.000000
0.000000
0.000000
0.000000
0.000000
0.000000
0.767363
0.000000
0.000000
0.000000
0.000000
0.000000
4.795964
0.000000
0.000000
0.000000
0.498799
0.936232
0.000000
0.000000
0.000000
0.000000
0.000000
0.000000
0.000000
0.349441
0.000000
0.000000
0.000000
0.000000
1.124395
0.000000
0.000000
0.000000
0.000000
1.217850
0.000000
0.000000
0.000000
0.000000
0.000000
0.960943
0.000000
0.000000
0.000000
0.000000
0.000000
0.000000
0.000000
0.000000
0.000000
0.000000
0.000000
0.442984
0.000000
0.000000
0.000000
0.000000
0.930233
0.000000
0.000000
0.000000
0.582240
0.000000
0.000000
0.000000
0.000000
0.541169
0.107298
0.000000
0.000000
0.000000
0.000000
0.000000
0.000000
3.087815
1.387245
1.043672
0.082868
0.000000
0.000000
0.000000
0.000000
0.000000
0.000000
0.000000
0.023331
0.000000
0.000000
0.000000
0.272706
0.000000
0.000000
1.731384
0.000000
0.000000
0.000000
0.395483
0.000000
0.000000
1.090693
0.000000
2.731402
0.000000
0.000000
0.000000
0.861266
0.000000
0.310063
0.000000
0.000000
0.000000
0.000000
0.000000
0.000000
0.820101
1.776089
0.000000
0.000000
2.797191
0.000000
1.139456
3.618799
0.830229
0.000000
1.038699
1.629698
0.000000
0.000000
1.429057
0.000000
0.148092
0.000000
0.000000
3.121308
1.396698
2.880848
0.000000
0.000000
0.000000
0.000000
0.000000
1.056300
0.110888
2.396375
0.000000
2.326347
0.000000
1.729516
0.000000
0.000000
0.000000
0.019286
0.000000
0.000000
0.163513
0.000000
0.000000
0.670957
0.000000
0.000000
0.000000
0.000000
0.000000
0.000000
0.000000
0.000000
1.455140
0.000000
1.406219
0.000000
0.000000
0.000000
0.000000
0.000000
0.000000
0.000000
0.000000
2.005507
0.000000
0.000000
0.000000
0.218288
1.843107
0.000000
0.000000
0.659005
0.000000
0.120863
0.128439
0.000000
0.000000
0.000000
0.000000
0.000000
0.000000
0.000000
0.000000
4.426711
0.000000
0.000000
3.235514
0.000000
0.000000
0.000000
0.000000
0.476039
0.000000
3.856691
0.000000
0.000000
0.221784
0.000000
0.000000
1.390873
1.919523
0.058014
1.621637
0.615750
1.321440
0.000000
0.000000
0.182740
0.000000
1.391454
0.000000
0.000000
0.000000
0.000000
0.205964
1.362022
0.000000
0.000000
0.063198
0.000000
0.708825
2.388439
0.000000
0.000000
0.000000
0.000000
0.000000
0.000000
0.000000
0.129166
0.000000
0.000000
0.000000
3.932900
0.000000
0.000000
0.819028
0.000000
0.000000
0.000000
0.000000
0.000000
0.000000
0.000000
0.000000
0.000000
0.000000
0.000000
0.000000
0.000000
0.000000
0.000000
0.245864
0.000000
0.000000
0.000000
0.000000
0.184414
0.000000
0.000000
0.000000
2.289287
0.000000
0.123519
0.424743
0.000000
2.855364
1.544970
0.818648
0.000000
0.000000
0.000000
0.000000
0.000000
0.000000
0.000000
0.000000
0.000000
0.000000
0.000000
0.000000
0.000000
0.000000
0.000000
0.000000
2.229699
0.000000
0.000000
0.000000
3.455147
0.227272
0.000000
0.000000
0.249220
0.000000
0.000000
0.000000
1.086931
0.000000
1.360707
1.016438
0.000000
0.000000
0.000000
0.000000
0.000000
0.000000
0.000000
1.667957
1.473855
0.000000
1.069713
0.996085
0.000000
0.000000
0.612700
0.000000
2.528347
0.638544
0.000000
1.276477
0.000000
0.000000
0.000000
0.000000
0.000000
1.448751
0.000000
1.050876
0.000000
0.000000
0.000000
0.000000
0.000000
0.000000
0.000000
0.000000
0.000000
0.000000
0.000000
0.430849
0.000000
0.000000
0.000000
3.266246
0.000000
0.000000
0.000000
0.000000
0.000000
0.000000
0.000000
0.501963
0.862455
0.000000
0.000000
0.000000
0.000000
0.000000
0.000000
0.000000
0.000000
0.000000
0.000000
0.000000
0.000000
0.000000
1.889258
0.000000
1.020190
0.000000
0.000000
0.976960
0.000000
0.000000
1.793698
0.000000
0.000000
0.000000
0.000000
0.482959
0.000000
0.159159
0.072284
0.000000
0.000000
2.672828
0.000000
0.000000
0.000000
0.000000
1.344858
1.778974
0.000000
0.242765
0.000000
0.000000
2.181607
0.000000
0.000000
0.000000
0.000000
0.000000
0.000000
0.000000
0.000000
2.284514
0.000000
0.000000
0.178421
2.177125
0.000000
0.000000
0.405150
0.000000
0.000000
0.715365
0.000000
0.000000
0.000000
0.000000
2.832283
0.000000
0.000000
0.000000
0.000000
2.525177
0.000000
0.000000
0.000000
0.000000
0.000000
0.000000
0.000000
0.000000
0.000000
0.000000
0.000000
1.345576
0.000000
0.000000
0.000000
2.106075
0.000000
0.000000
0.000000
0.000000
0.000000
0.000000
0.000000
0.000000
0.507689
0.000000
1.315685
0.000000
0.000000
1.516146
0.000000
1.378262
0.000000
0.000000
0.000000
0.000000
0.000000
1.242390
0.000000
0.000000
0.000000
0.888570
0.000000
0.000000
0.000000
0.000000
0.000000
0.000000
0.000000
0.000000
0.000000
0.000000
2.296942
0.000000
2.391832
0.000000
0.000000
0.000000
0.000000
0.000000
0.000000
0.000000
0.000000
0.839526
0.000000
0.000000
0.000000
2.031718
0.000000
1.629453
0.000000
1.838908
0.000000
0.000000
0.698600
0.000000
0.000000
0.000000
0.000000
0.000000
0.000000
0.000000
1.043373
0.000000
0.000000
0.000000
0.000000
0.000000
0.562882
0.000000
0.000000
0.000000
0.000000
3.105864
0.000000
0.578528
0.000000
0.000000
0.000000
0.000000
0.000000
0.000000
0.000000
0.272654
1.534368
0.000000
0.119915
0.000000
0.000000
0.000000
2.217027
0.000000
0.339864
0.919989
0.000000
0.000000
0.506069
0.432231
2.003709
0.000000
0.000000
0.000000
0.000000
0.000000
0.000000
3.312497
0.000000
0.000000
0.000000
0.000000
0.000000
2.652375
0.000000
0.812881
0.000000
0.000000
0.000000
0.000000
0.139673
0.000000
0.000000
0.000000
0.229093
0.000000
0.000000
0.000000
0.000000
0.000000
3.840949
0.000000
3.729874
0.000000
0.000000
0.000000
0.162623
0.000000
0.000000
0.000000
0.000000
0.000000
0.000000
0.000000
0.118054
0.000000
0.000000
0.000000
0.000000
0.000000
0.703931
0.000000
1.050912
0.120711
0.000000
0.000000
0.000000
0.000000
0.000000
0.000000
0.000000
0.810702
0.000000
0.000000
0.935223
0.616129
0.000000
0.000000
0.000000
2.229502
0.059477
0.000000
0.000000
0.000000
1.498162
0.000000
0.000000
1.247596
0.000000
0.000000
0.000000
0.000000
0.000000
1.394906
0.000000
0.384274
0.000000
0.000000
0.000000
0.159751
0.864150
0.000000
0.000000
0.000000
0.000000
0.000000
0.000000
0.000000
0.000000
1.309187
0.533990
0.000000
0.000000
0.000000
0.000000
0.000000
0.000000
0.000000
0.000000
0.041433
0.000000
0.000000
0.000000
0.000000
0.000000
3.331469
0.000000
0.000000
1.114761
0.000000
0.000000
0.000000
2.634343
0.000000
0.208173
0.000000
0.000000
0.000000
0.000000
0.000000
0.000000
0.756208
0.000000
0.000000
0.000000
0.000000
1.851719
0.000000
0.000000
0.385029
0.193240
0.000000
0.000000
0.000000
0.000000
0.000000
0.000000
0.395385
0.000000
0.000000
0.000000
0.000000
0.000000
0.000000
0.000000
0.295625
0.000000
0.000000
0.000000
0.014952
0.178772
0.000000
0.000000
0.000000
0.000000
0.000000
0.000000
0.000000
1.989812
2.211884
0.000000
0.000000
0.000000
0.000000
0.000000
0.000000
0.000000
0.000000
0.000000
0.000000
0.000000
0.000000
0.000000
0.000000
0.000000
0.000000
2.866272
0.000000
4.660744
2.203764
0.000000
0.000000
0.000000
0.000000
0.000000
0.000000
0.000000
1.082783
0.233664
0.000000
0.000000
0.000000
0.000000
0.000000
0.000000
0.000000
0.000000
2.496338
0.294445
0.000000
0.000000
0.000000
0.000000
0.000000
0.000000
0.397564
0.000000
0.000000
0.000000
0.000000
0.000000
2.992734
0.000000
0.126342
0.223099
0.000000
0.000000
0.000000
0.000000
0.000000
0.000000
0.000000
0.000000
0.850992
0.000000
0.000000
0.140312
0.000000
0.261976
0.000000
0.132032
0.000000
0.000000
0.000000
0.000000
0.000000
0.000000
0.604504
0.000000
0.603357
0.000000
0.000000
0.000000
1.319970
0.000000
0.000000
0.333114
0.000000
1.105221
0.129988
0.000000
0.000000
0.000000
0.000000
1.472139
0.000000
0.000000
0.000000
0.000000
1.495749
0.000000
0.000000
0.000000
0.000000
0.000000
0.000000
0.000000
0.000000
0.000000
0.000000
0.000000
0.413876
2.897861
0.000000
0.000000
0.000000
0.000000
0.000000
0.000000
0.000000
0.000000
2.698479
0.000000
0.000000
0.000000
0.000000
0.000000
0.000000
0.000000
0.942315
0.000000
0.674639
0.000000
0.000000
0.000000
0.000000
0.798928
1.760920
0.000000
0.000000
0.000000
1.351824
0.000000
0.574444
0.000000
0.000000
0.404978
0.000000
0.771729
0.736820
0.000000
0.000000
0.217648
0.000000
0.000000
1.276019
0.000000
0.000000
0.000000
0.000000
0.000000
0.000000
0.000000
0.000000
0.390535
0.335771
0.000000
0.000000
0.000000
0.000000
0.000000
0.000000
0.000000
0.000000
0.000000
0.000000
0.000000
0.000000
0.000000
0.000000
1.478544
0.000000
0.000000
0.291369
0.000000
0.000000
0.111024
0.000000
0.000000
0.438998
0.000000
0.621247
0.000000
0.000000
0.000000
0.190157
0.000000
0.000000
0.000000
0.000000
0.000000
0.000000
0.000000
0.000000
0.000000
0.000000
1.181399
0.000000
0.000000
0.000000
0.000000
0.521988
0.000000
2.399914
0.000000
0.000000
0.645322
0.000000
0.000000
0.000000
0.000000
0.128109
0.000000
0.000000
0.647387
0.000000
0.000000
0.000000
3.783184
0.000000
0.000000
0.000000
0.000000
0.000000
0.000000
0.268463
0.000000
0.000000
0.000000
0.000000
0.000000
0.000000
0.000000
0.000000
0.000000
0.000000
0.000000
0.000000
0.000000
0.000000
3.089799
0.000000
0.000000
0.000000
0.000000
0.000000
0.000000
0.000000
0.000000
0.000000
0.000000
0.000000
0.637651
1.209792
0.667849
0.862476
0.000000
0.120716
1.929617
1.218428
0.000000
0.413781
1.014200
0.000000
0.000000
0.570516
0.000000
0.697798
0.001682
0.000000
0.000000
0.000000
0.000000
0.000000
0.000000
0.000000
0.000000
0.000000
0.000000
0.000000
0.000000
0.000000
1.285874
0.000000
0.000000
0.000000
0.000000
0.000000
0.000000
0.000000
0.000000
0.000000
0.000000
0.000000
0.000000
0.000000
0.000000
0.000000
0.000000
0.000000
0.000000
0.000000
0.000000
0.000000
0.000000
0.000000
3.668837
0.000000
2.665246
0.000000
1.405469
0.000000
0.000000
0.000000
0.000000
0.000000
2.978974
0.293750
0.000000
0.000000
0.000000
0.069320
0.000000
0.000000
0.000000
0.000000
0.000000
0.000000
0.000000
0.000000
0.000000
0.958362
0.242060
2.710822
0.000000
0.185660
0.000000
0.000000
0.000000
0.000000
0.000000
1.235156
0.000000
0.000000
0.000000
0.000000
1.553619
0.000000
0.000000
0.000000
2.142195
1.159734
0.000000
0.000000
0.000000
0.000000
0.000000
0.000000
0.000000
0.000000
0.174206
0.000000
0.000000
0.218955
0.000000
0.000000
0.000000
0.880447
0.000000
0.000000
0.000000
0.000000
0.000000
0.000000
0.000000
0.421291
0.000000
0.000000
0.000000
0.000000
0.000000
0.000000
0.327095
0.637532
0.000000
0.000000
0.000000
0.000000
0.000000
0.000000
0.000000
0.000000
0.000000
0.000000
0.000000
0.000000
0.000000
0.000000
0.806340
0.000000
0.000000
0.000000
0.000000
0.984395
0.000000
0.000000
5.103528
0.000000
0.000000
0.000000
0.351868
0.000000
0.000000
0.181674
0.000000
0.000000
0.064978
0.000000
0.000000
1.353077
0.000000
0.000000
0.000000
0.000000
0.000000
0.000000
1.695889
0.000000
0.000000
0.000000
0.000000
0.000000
0.000000
0.000000
0.065262
0.000000
0.210741
0.000000
0.000000
0.000000
2.529776
0.163607
0.153845
0.000000
0.000000
0.927690
0.109650
0.000000
0.000000
0.000000
2.745956
0.000000
0.000000
0.000000
0.000000
0.143001
0.000000
1.512799
0.000000
0.000000
0.000000
0.136564
0.000000
0.000000
0.658165
0.000000
0.000000
0.000000
0.000000
0.000000
0.000000
0.000000
0.000000
0.000000
0.000000
0.151176
0.000000
0.000000
0.000000
0.000000
0.000000
0.000000
0.000000
0.000000
0.000000
0.000000
0.000000
0.709750
0.000000
0.000000
0.000000
0.000000
0.000000
0.000000
0.000000
0.000000
0.000000
0.000000
0.000000
0.932554
0.000000
0.000000
0.000000
1.646846
0.000000
0.000000
0.000000
0.000000
0.000000
0.000000
0.000000
0.000000
0.000000
0.000000
0.000000
0.000000
0.000000
0.000000
0.000000
0.000000
0.000000
1.027975
0.652930
0.149710
0.000000
0.000000
0.000000
0.000000
3.092247
1.001292
0.000000
0.000000
0.000000
1.003687
0.000000
0.234118
0.000000
0.000000
0.000000
0.000000
0.000000
0.000000
0.000000
0.826916
0.000000
0.097396
0.000000
0.000000
0.000000
0.288470
0.000000
0.000000
0.000000
0.542440
0.000000
0.000000
0.906286
0.000000
0.000000
0.000000
0.000000
0.000000
0.000000
0.000000
0.681730
0.000000
0.000000
0.000000
0.000000
0.000000
2.079660
0.864254
0.000000
0.814755
0.000000
0.000000
0.000000
0.000000
0.000000
1.994189
0.000000
0.000000
0.000000
0.000000
0.000000
0.000000
1.407699
0.000000
0.000000
0.000000
0.000000
0.000000
0.000000
0.000000
0.000000
1.423328
0.000000
0.000000
0.000000
0.000000
0.000000
0.368650
0.000000
1.200316
0.000000
0.744167
0.000000
0.000000
0.401034
0.000000
0.000000
0.000000
0.000000
0.000000
0.000000
0.507216
0.000000
0.000000
0.525106
0.000000
0.000000
1.118874
0.000000
0.000000
1.021461
0.000000
0.000000
0.000000
0.000000
0.000000
0.187153
1.093644
0.000000
0.029922
0.000000
0.000000
0.000000
0.000000
0.000000
0.000000
0.000000
0.000000
0.000000
0.000000
0.000000
0.000000
0.000000
0.000000
0.000000
0.000000
0.000000
0.000000
0.000000
0.688126
0.000000
0.000000
0.820139
0.000000
0.000000
0.000000
0.000000
0.000000
0.000000
0.000000
2.879160
0.000000
0.000000
0.000000
1.708550
0.000000
0.000000
0.000000
0.000000
0.262534
0.000000
2.980802
0.000000
0.241742
0.000000
0.000000
1.658012
1.056660
1.458564
0.000000
0.000000
0.000000
0.000000
0.000000
0.000000
0.000000
0.000000
0.000000
0.000000
0.000000
0.000000
0.000000
0.000000
0.000000
0.663667
0.000000
0.000000
0.000000
0.511856
1.354885
1.224017
0.185281
0.000000
0.000000
0.000000
0.000000
0.000000
0.000000
0.000000
0.000000
0.101096
0.178635
0.582049
0.149007
0.941862
0.000000
0.000000
0.000000
0.000000
0.000000
0.579755
0.000000
0.000000
0.382153
0.334543
1.912746
0.000000
0.000000
0.000000
0.000000
0.000000
0.000000
0.000000
1.246489
0.000000
0.000000
0.000000
0.000000
0.000000
0.000000
0.000000
0.000000
0.056855
0.000000
0.000000
0.000000
0.000000
0.000000
0.000000
1.661126
0.414248
0.000000
0.000000
1.741542
0.000000
0.000000
0.881297
0.000000
1.781400
0.000000
0.000000
0.000000
0.000000
0.000000
0.000000
0.000000
1.170263
0.000000
0.000000
0.446537
0.000000
0.000000
0.000000
0.000000
0.000000
0.000000
0.000000
0.000000
0.000000
0.000000
0.000000
0.000000
0.000000
0.024064
0.000000
0.000000
0.000000
0.000000
0.000000
0.000000
0.000000
0.000000
0.000000
0.000000
0.000000
0.000000
0.000000
0.000000
0.000000
0.000000
0.000000
0.000000
0.000000
0.000000
0.000000
0.000000
0.000000
0.000000
0.000000
0.000000
0.000000
0.000000
2.435340
0.000000
0.000000
0.000000
0.000000
0.000000
0.000000
0.000000
0.000000
0.000000
0.000000
0.000000
0.000000
0.000000
0.000000
0.000000
0.000000
0.000000
0.000000
0.000000
2.853259
0.000000
0.000000
0.000000
0.000000
0.000000
0.000000
0.000000
0.069477
0.000000
0.000000
0.000000
0.000000
0.000000
0.000000
1.828870
0.000000
0.000000
0.514295
0.000000
0.000000
1.079939
0.000000
0.090567
0.000000
0.000000
0.000000
0.000000
0.000000
2.247468
0.000000
0.000000
0.000000
2.001508
0.000000
1.824174
0.000000
0.000000
0.601427
0.000000
0.000000
0.000000
0.000000
0.000000
0.000000
0.000000
0.000000
0.000000
0.000000
0.000000
0.000000
0.000000
0.000000
0.000000
0.000000
0.000000
0.000000
0.000000
2.496383
0.000000
0.000000
0.000000
0.000000
0.000000
0.000000
0.000000
0.000000
0.000000
0.000000
0.000000
0.000000
3.064362
0.000000
0.000000
0.000000
0.107457
0.000000
0.272129
0.000000
0.978378
0.230641
0.000000
0.000000
0.000000
0.000000
0.000000
0.000000
0.000000
0.000000
0.000000
0.487559
0.000000
0.000000
0.000000
0.000000
0.000000
0.000000
0.000000
0.000000
0.000000
0.000000
0.000000
0.000000
0.000000
0.000000
0.000000
0.000000
0.000000
0.000000
0.000000
0.000000
0.000000
0.000000
0.600055
0.000000
0.000000
0.000000
0.000000
0.000000
0.000000
0.000000
0.000000
0.000000
0.619338
0.000000
0.000000
0.000000
0.000000
0.000000
0.000000
0.000000
0.000000
0.000000
0.000000
0.000000
0.385648
0.000000
0.000000
0.000000
