0.000000
0.000000
0.000000
0.000000
0.000000
0.000000
0.360263
0.000000
0.000000
0.000000
0.000000
0.190802
2.182944
0.000000
0.151883
0.000000
0.000000
0.000000
0.000000
0.000000
0.000000
0.000000
0.000000
0.625138
0.000000
1.711967
0.107665
0.000000
0.000000
2.093770
0.000000
2.321694
0.000000
0.000000
0.586343
0.000000
0.000000
0.000000
0.000000
0.000000
0.000000
0.069698
0.000000
0.415618
0.000000
0.000000
0.000000
2.676800
0.000000
0.000000
0.000000
0.000000
0.000000
0.000000
0.000000
1.779079
0.059567
0.000000
0.000000
0.000000
0.000000
0.000000
0.000000
0.000000
2.318401
0.000000
0.000000
0.000000
0.000000
0.000000
0.000000
0.000000
0.000000
0.000000
0.000000
0.000000
0.000000
0.000000
0.000000
4.028976
0.000000
0.000000
0.000000
0.000000
0.000000
0.000000
0.000000
0.000000
0.000000
0.000000
0.000000
0.834719
1.206327
0.000000
0.103159
0.000000
0.000000
0.000000
0.000000
1.203050
0.000000
0.000000
0.000000
0.000000
0.000000
0.000000
0.000000
2.442333
0.000000
0.000000
0.000000
0.000000
0.000000
0.289221
0.000000
0.000000
0.000000
0.000000
0.000000
0.000000
0.000000
0.000000
2.018538
0.000000
0.000000
0.000000
0.000000
0.000000
0.000000
0.000000
0.000000
0.000000
0.000000
0.000000
0.867485
0.000000
0.000000
2.071029
0.000000
0.000000
0.000000
0.000000
0.389666
0.000000
0.000000
0.000000
0.000000
0.000000
0.000000
0.000000
0.682999
0.000000
0.000000
0.048410
0.000000
0.000000
0.000000
0.024699
0.000000
0.000000
0.000000
0.000000
0.000000
0.000000
0.000000
2.493887
0.000000
0.000000
0.000000
0.000000
0.000000
0.000000
0.000000
0.000000
0.000000
0.156220
0.000000
0.000000
0.000000
0.000000
0.000000
0.556844
0.000000
0.000000
0.000000
0.000000
0.000000
0.000000
0.000000
0.000000
0.000000
0.000000
0.000000
0.000000
0.000000
1.361667
0.000000
0.000000
0.000000
0.000000
0.000000
0.000000
0.000000
0.000000
0.000000
0.000000
0.000000
0.000000
0.000000
0.000000
0.000000
0.000000
0.000000
0.000000
0.000000
0.000000
0.330911
0.000000
0.000000
0.000000
0.000000
0.000000
0.000000
0.000000
0.000000
0.000000
0.000000
1.999404
0.000000
1.224223
0.000000
0.000000
0.000000
1.343477
0.000000
0.000000
0.000000
0.000000
0.000000
0.000000
0.000000
0.355309
1.639864
0.000000
0.310433
0.000000
0.000000
0.000000
0.000000
0.000000
0.000000
0.000000
0.000000
0.000000
0.000000
0.000000
0.000000
0.000000
0.000000
0.000000
0.000000
0.000000
0.000000
0.000000
3.694072
0.000000
1.933684
0.000000
0.000000
0.000000
0.000000
0.000000
0.000000
0.000000
0.000000
0.000000
0.000000
0.000000
0.000000
0.000000
1.763771
0.000000
1.664946
0.000000
0.000000
0.000000
0.000000
0.000000
0.561585
0.000000
0.000000
3.062153
0.000000
0.927898
0.000000
0.000000
0.000000
0.000000
0.000000
0.000000
0.000000
0.000000
0.000000
0.000000
0.000000
0.000000
0.000000
0.240857
0.000000
0.000000
0.000000
0.000000
0.000000
0.000000
0.000000
0.000000
0.000000
0.000000
0.000000
0.000000
1.578695
0.000000
0.222779
0.000000
0.000000
0.000000
0.000000
0.000000
0.000000
1.065174
0.000000
0.000000
0.000000
4.588215
0.000000
0.000000
1.502101
2.774401
0.000000
0.000000
0.000000
0.000000
0.000000
1.552313
0.000000
0.000000
0.000000
0.347052
0.000000
0.000000
0.000000
0.000000
0.000000
0.000000
0.000000
0.000000
0.000000
0.000000
0.000000
0.000000
0.000000
0.000000
0.000000
0.562120
0.000000
0.000000
0.000000
0.000000
0.000000
0.518309
0.000000
0.000000
0.000000
0.000000
0.000000
2.320482
0.000000
0.000000
1.537194
0.347623
0.000000
0.000000
0.000000
0.000000
3.225716
0.150082
0.000000
0.000000
0.000000
0.000000
0.000000
0.000000
0.000000
0.000000
0.000000
0.000000
0.000000
0.000000
0.000000
0.000000
0.000000
0.000000
0.000000
0.000000
0.000000
0.000000
0.000000
0.000000
0.000000
0.000000
0.000000
4.308850
0.000000
0.000000
0.000000
0.000000
1.984296
0.105683
0.000000
0.000000
0.000000
2.172377
1.676812
0.000000
0.000000
0.000000
0.000000
0.000000
0.000000
0.000000
0.000000
0.000000
0.000000
0.000000
0.000000
0.000000
0.000000
0.000000
0.000000
0.000000
0.000000
0.000000
0.000000
0.000000
1.664044
1.613832
0.000000
0.000000
0.000000
0.000000
0.000000
0.000000
0.101626
0.685316
0.000000
0.718820
0.000000
0.000000
0.000000
0.000000
0.438615
0.000000
0.000000
0.000000
0.536513
0.000000
0.000000
0.000000
0.000000
0.000000
0.000000
0.000000
0.000000
0.000000
0.000000
0.000000
0.000000
0.000000
0.000000
0.000000
0.000000
0.173452
0.000000
0.000000
0.000000
1.739786
1.276103
0.000000
0.000000
0.000000
0.000000
1.233999
1.093572
0.000000
0.000000
0.000000
0.000000
0.000000
0.023143
0.000000
0.000000
0.000000
0.000000
0.000000
0.000000
0.000000
0.000000
0.000000
0.000000
0.000000
0.000000
0.000000
0.000000
0.000000
0.000000
0.000000
0.000000
1.707012
0.000000
0.000000
0.000000
0.000000
0.000000
0.000000
0.000000
5.429580
0.000000
0.281823
0.000000
0.000000
2.994939
0.000000
0.000000
0.391337
0.000000
0.000000
0.000000
0.000000
0.000000
0.000000
0.000000
0.000000
0.000000
0.000000
0.000000
0.000000
0.000000
0.000000
0.000000
0.000000
0.040518
0.000000
0.000000
1.922156
0.000000
0.000000
2.225493
0.000000
0.000000
0.000000
0.000000
0.000000
0.000000
0.000000
0.000000
0.000000
0.000000
0.000000
0.000000
0.000000
0.000000
0.000000
0.000000
0.000000
0.000000
1.110926
0.000000
0.000000
0.000000
0.000000
0.000000
0.000000
0.000000
0.748081
0.000000
0.000000
0.000000
0.000000
0.000000
0.000000
0.682457
0.000000
0.000000
0.000000
0.000000
1.362346
0.000000
0.000000
0.000000
0.000000
0.000000
0.000000
0.000000
0.000000
0.000000
0.000000
0.000000
0.000000
1.038017
0.000000
0.000000
0.000000
0.000000
0.000000
0.000000
0.000000
0.582291
0.000000
0.000000
0.000000
1.159255
0.279956
0.000000
0.000000
0.983290
2.748279
0.000000
2.093862
0.000000
0.471945
0.000000
0.000000
0.285549
0.000000
0.000000
0.000000
0.000000
0.000000
0.000000
0.000000
0.000000
1.119238
0.064520
0.000000
0.000000
0.000000
0.000000
0.000000
0.033062
0.000000
0.000000
1.223504
0.000000
0.000000
0.000000
0.000000
0.000000
0.000000
1.083439
0.000000
0.000000
0.000000
0.000000
0.000000
0.000000
0.000000
0.926978
0.000000
1.118273
0.000000
0.000000
0.000000
0.000000
2.681617
0.000000
0.000000
0.000000
0.000000
0.000000
0.000000
0.000000
0.000000
0.000000
0.000000
0.000000
0.000000
0.000000
0.000000
0.566285
0.340440
0.282361
0.000000
0.000000
0.000000
0.000000
0.000000
0.000000
0.000000
0.000000
0.000000
0.000000
0.036748
0.000000
0.000000
0.000000
0.000000
1.206672
0.000000
0.000000
0.000000
0.052432
0.000000
0.000000
0.297423
0.000000
0.000000
0.000000
0.000000
0.000000
0.000000
0.000000
0.000000
0.000000
0.000000
0.000000
0.536368
0.000000
0.000000
0.824092
0.000000
0.000000
0.000000
0.000000
0.000000
0.000000
0.000000
0.000000
0.000000
0.000000
0.000000
0.000000
0.000000
0.000000
0.000000
0.000000
0.000000
0.000000
0.588652
0.000000
0.000000
0.000000
0.000000
1.323602
0.000000
0.000000
0.000000
0.000000
0.000000
0.000000
0.000000
0.000000
0.000000
0.000000
0.000000
0.000000
0.317091
0.000000
0.000000
0.666237
0.000000
0.000000
0.000000
0.000000
0.440346
0.000000
0.000000
0.000000
0.000000
0.000000
0.000000
0.000000
0.000000
0.000000
0.000000
0.000000
0.000000
0.000000
0.000000
0.000000
0.000000
0.000000
0.000000
0.000000
0.000000
0.000000
0.000000
0.000000
0.000000
0.000000
0.000000
1.636735
0.000000
0.000000
0.000000
0.000000
0.000000
0.000000
0.000000
0.000000
0.000000
0.656433
4.025528
0.000000
0.000000
0.882239
2.452745
0.000000
0.036529
0.000000
0.000000
0.000000
0.000000
0.000000
0.000000
0.000000
0.000000
0.000000
0.000000
0.000000
0.000000
1.644562
0.000000
1.350914
0.000000
0.000000
0.311429
0.000000
0.000000
0.000000
1.839959
0.000000
0.222718
0.000000
0.000000
0.000000
0.000000
0.000000
0.512146
0.000000
0.000000
0.000000
0.000000
0.000000
0.000000
0.000000
0.000000
0.000000
0.000000
0.000000
0.000000
0.000000
0.000000
0.000000
0.000000
0.000000
0.000000
0.000000
0.000000
0.000000
0.000000
0.000000
0.237661
2.751950
0.000000
0.000000
0.221936
1.728779
0.351727
0.000000
0.000000
0.000000
0.000000
0.000000
0.000000
0.000000
0.000000
0.000000
0.000000
0.000000
1.897181
0.000000
0.000000
0.000000
0.000000
0.000000
0.000000
0.000000
0.000000
0.000000
0.000000
0.000000
0.816645
0.000000
0.000000
0.010171
0.000000
0.000000
0.000000
0.000000
0.000000
1.062171
0.000000
0.000000
0.000000
0.000000
0.000000
0.725275
0.000000
0.000000
0.000000
4.382330
0.000000
0.000000
0.301097
1.965938
2.704350
0.000000
0.000000
0.000000
0.000000
0.000000
0.000000
0.000000
0.000000
0.000000
0.584023
2.229928
0.000000
0.000000
0.000000
0.000000
0.000000
0.000000
0.000000
0.000000
0.000000
0.000000
0.000000
0.000000
0.000000
0.000000
0.000000
1.036790
0.000000
0.000000
1.402947
0.972051
0.000000
0.000000
0.147108
0.000000
0.000000
0.000000
0.000000
3.070434
0.000000
0.000000
0.088709
0.175500
1.199655
0.000000
0.000000
0.000000
0.000000
0.000000
0.000000
0.000000
3.044798
0.000000
0.000000
0.000000
0.000000
0.000000
0.000000
0.000000
0.000000
0.000000
0.000000
0.000000
0.000000
0.000000
0.000000
0.000000
0.000000
0.000000
0.475548
0.000000
0.000000
0.000000
0.000000
0.250264
0.000000
0.000000
0.000000
0.000000
0.000000
0.000000
0.000000
0.000000
0.000000
0.000000
0.000000
4.468821
0.000000
0.000000
0.000000
2.516565
0.000000
0.000000
0.000000
0.000000
0.000000
0.000000
0.000000
0.000000
0.000000
0.000000
0.000000
0.000000
0.000000
0.000000
0.000000
0.000000
3.698673
0.000000
0.000000
0.620996
0.000000
0.338695
0.067010
0.000000
0.000000
0.000000
0.000000
0.505224
0.000000
0.000000
0.000000
0.000000
1.384969
0.000000
0.000000
0.000000
0.000000
2.056474
0.000000
0.000000
0.000000
0.000000
0.000000
0.000000
0.000000
0.000000
0.000000
0.000000
0.000000
0.000000
0.557937
0.000000
0.000000
0.000000
0.000000
0.000000
0.000000
0.997846
0.000000
0.000000
0.000000
0.000000
0.000000
0.000000
0.000000
0.000000
0.000000
0.000000
0.000000
0.000000
1.310532
0.000000
0.495192
0.000000
0.000000
0.000000
0.000000
0.323215
0.000000
0.000000
0.000000
0.000000
0.000000
0.000000
0.131630
0.000000
0.000000
0.000000
0.000000
0.000000
0.000000
0.000000
4.548412
0.000000
0.000000
0.000000
0.706357
0.000000
0.000000
3.342618
0.000000
1.469534
0.000000
0.000000
0.000000
0.000000
0.000000
0.000000
0.000000
0.000000
0.000000
0.000000
0.000000
0.000000
0.000000
3.882051
1.565257
0.000000
0.000000
0.000000
0.000000
0.000000
0.000000
0.000000
1.875273
0.000000
0.335888
0.000000
0.000000
0.000000
0.000000
0.000000
0.000000
0.000000
0.000000
0.000000
0.000000
0.000000
0.000000
0.000000
0.000000
0.581313
0.000000
0.175747
0.000000
0.000000
0.000000
0.000000
0.000000
0.000000
0.000000
0.000000
0.000000
0.000000
0.000000
0.000000
0.615999
0.000000
0.000000
0.000000
0.000000
3.259780
0.000000
0.000000
0.986903
0.065583
0.000000
0.000000
0.000000
3.677110
0.000000
0.000000
0.000000
5.322393
0.000000
0.000000
0.000000
0.000000
0.687656
0.000000
0.000000
0.000000
0.000000
0.892512
0.000000
0.000000
0.000000
0.000000
0.147769
0.000000
0.093066
0.000000
0.000000
0.000000
0.585996
0.958361
0.000000
0.000000
0.000000
0.000000
0.000000
0.000000
0.000000
0.000000
0.000000
0.000000
0.000000
0.000000
0.000000
0.000000
0.000000
0.000000
0.000000
0.000000
0.000000
0.000000
0.000000
0.000000
0.000000
0.000000
0.000000
0.000000
0.957061
4.979328
0.494817
0.000000
0.519069
0.000000
0.000000
0.000000
0.000000
0.000000
0.000000
0.257108
0.000000
0.000000
0.000000
0.000000
0.433690
0.000000
0.000000
0.000000
0.000000
0.000000
0.000000
0.000000
0.000000
0.000000
0.000000
0.000000
0.000000
0.000000
0.000000
0.000000
1.037781
0.098417
0.000000
0.000000
0.000000
1.859908
4.448445
0.000000
0.000000
0.000000
0.000000
0.000000
1.424205
0.000000
0.000000
0.000000
0.000000
0.000000
0.000000
3.860199
0.000000
0.000000
0.000000
0.572275
4.022645
0.000000
0.000000
0.000000
0.000000
0.670634
0.000000
0.000000
0.000000
0.000000
0.000000
1.906867
0.000000
0.000000
0.000000
0.000000
0.000000
0.967718
0.000000
0.000000
0.000000
1.857858
0.000000
0.000000
0.000000
0.853199
0.000000
0.000000
0.000000
0.000000
0.000000
0.000000
0.000000
0.000000
0.000000
0.442184
4.152323
0.000000
0.000000
0.000000
0.000000
0.000000
0.000000
0.000000
0.000000
0.000000
0.863007
0.000000
0.000000
0.000000
0.000000
0.000000
0.000000
0.000000
0.000000
0.000000
0.911128
0.000000
0.000000
3.255239
0.784401
0.000000
0.000000
0.000000
0.007595
0.000000
0.000000
0.000000
0.000000
0.190282
0.096391
0.000000
0.000000
0.000000
0.000000
0.013481
0.000000
0.000000
0.000000
3.203739
0.000000
0.000000
0.000000
2.955266
0.000000
0.000000
0.883976
0.000000
0.000000
0.000000
0.000000
0.000000
0.000000
0.000000
0.000000
0.000000
0.000000
0.000000
0.000000
0.000000
0.290278
0.000000
0.536462
0.000000
0.000000
0.000000
0.000000
4.732358
0.000000
0.000000
0.000000
0.000000
0.000000
0.000000
0.000000
0.526484
0.000000
0.543687
0.000000
0.000000
0.000000
0.000000
0.000000
0.000000
0.000000
0.000000
0.000000
0.000000
0.000000
0.000000
0.000000
0.000000
0.000000
0.000000
0.000000
0.000000
0.000000
0.000000
0.000000
0.415348
0.000000
0.000000
0.000000
0.000000
0.000000
0.000000
0.000000
0.000000
0.000000
1.767843
0.000000
0.000000
0.000000
0.785938
0.000000
1.351850
0.000000
0.000000
0.000000
0.000000
0.000000
0.000000
0.000000
0.000000
0.000000
1.969062
0.000000
0.000000
2.867513
0.000000
0.000000
0.000000
0.000000
0.000000
0.000000
0.000000
0.721466
0.000000
0.000000
0.000000
0.353020
0.000000
0.000000
0.000000
0.000000
0.000000
0.000000
0.000000
1.064278
0.000000
0.000000
0.000000
0.000000
0.000000
2.224548
0.730727
0.000000
0.000000
0.000000
0.000000
0.022348
0.000000
0.000000
0.000000
0.000000
0.000000
0.000000
0.000000
0.000000
0.000000
0.000000
0.000000
0.000000
0.000000
0.000000
0.000000
0.000000
0.000000
0.000000
0.000000
0.000000
1.163408
0.000000
0.000000
0.000000
1.239953
0.000000
0.000000
0.000000
0.000000
0.000000
0.000000
0.000000
0.000000
1.644635
0.000000
0.000000
0.000000
0.000000
0.000000
0.000000
0.000000
0.000000
0.789945
0.000000
0.000000
0.000000
0.000000
0.000000
0.000000
0.000000
0.000000
0.000000
0.000000
0.000000
0.000000
0.000000
0.000000
0.000000
0.000000
0.000000
0.000000
0.212831
0.000000
0.000000
0.000000
0.000000
0.000000
0.000000
0.000000
0.000000
0.000000
0.000000
0.000000
0.000000
0.000000
0.862035
0.445522
0.000000
0.000000
0.000000
0.000000
0.000000
0.000000
0.556544
0.000000
0.000000
0.000000
0.000000
0.000000
0.000000
0.000000
0.000000
0.186569
0.000000
0.000000
0.000000
0.000000
0.000000
0.000000
0.554225
0.000000
0.000000
0.000000
0.000000
0.000000
0.000000
0.000000
0.000000
0.000000
0.000000
0.000000
0.000000
0.000000
0.000000
0.000000
0.000000
0.000000
0.000000
0.000000
0.000000
0.000000
0.000000
0.000000
0.000000
0.000000
1.816944
0.000000
0.000000
0.000000
0.000000
0.000000
0.000000
0.000000
0.077521
0.000000
0.000000
0.000000
2.060272
0.000000
0.000000
0.000000
0.000000
0.000000
0.118925
0.000000
0.000000
0.275589
0.000000
0.000000
0.000000
0.000000
2.763568
0.000000
0.391356
0.000000
0.000000
0.000000
0.000000
0.000000
0.000000
0.000000
0.000000
0.000000
0.000000
0.000000
0.000000
0.000000
0.000000
0.000000
0.000000
0.000000
0.000000
0.000000
0.000000
0.000000
0.000000
0.000000
0.000000
0.000000
0.000000
0.000000
1.006570
0.000000
0.000000
1.676896
0.000000
0.000000
0.000000
0.610539
0.000000
0.000000
0.000000
2.204776
0.000000
0.000000
0.000000
0.000000
0.000000
0.000000
0.000000
0.000000
0.000000
0.000000
0.000000
0.000000
0.000000
0.000000
0.000000
0.000000
0.000000
0.026960
0.000000
0.000000
0.000000
0.000000
0.000000
0.000000
0.834829
0.000000
0.000000
0.856279
0.000000
0.830373
0.768205
0.000000
0.000000
0.000000
1.138965
0.000000
0.000000
3.624238
0.000000
0.000000
0.000000
0.000000
0.000000
0.000000
0.000000
0.000000
0.000000
0.000000
0.000000
0.000000
0.000000
0.000000
0.000000
0.000000
0.000000
2.434021
0.000000
0.000000
0.000000
0.898613
0.000000
0.000000
0.000000
2.009317
0.000000
0.000000
0.000000
0.000000
0.000000
0.000000
0.000000
0.000000
0.000000
0.000000
0.000000
0.000000
0.869493
0.021556
0.000000
0.000000
0.210942
0.764903
0.000000
0.000000
0.451513
0.000000
0.000000
0.236457
0.000000
0.000000
0.000000
0.000000
0.000000
0.000000
3.562485
4.226470
0.000000
0.000000
1.448818
0.000000
0.000000
0.000000
0.000000
0.000000
1.115330
1.379783
0.000000
0.000000
0.000000
0.000000
0.000000
0.000000
0.000000
0.000000
0.000000
0.000000
1.884162
0.000000
0.000000
0.000000
0.000000
0.000000
2.095429
0.229129
0.000000
0.000000
0.000000
0.000000
0.000000
4.331984
0.000000
0.000000
0.000000
0.000000
0.000000
3.542901
0.000000
0.313380
0.000000
0.000000
2.917289
0.000000
0.000000
0.000000
0.000000
0.000000
0.000000
0.000000
0.309007
1.435044
0.000000
0.000000
0.000000
0.000000
0.000000
0.000000
0.000000
1.086635
0.000000
0.211177
0.000000
0.000000
0.000000
0.000000
0.000000
0.000000
0.359667
0.000000
0.000000
0.000000
0.542842
0.000000
0.000000
0.000000
0.000000
0.000000
0.000000
1.892802
0.064660
0.000000
0.000000
0.000000
0.000000
0.000000
0.000000
0.000000
0.000000
0.046989
0.000000
0.000000
0.000000
0.000000
0.622107
0.000000
0.000000
0.000000
0.733062
0.000000
0.000000
0.000000
0.000000
0.738695
1.359183
0.242594
0.000000
0.000000
0.000000
0.000000
0.000000
0.000000
0.000000
0.000000
0.000000
0.000000
0.000000
0.000000
2.140226
0.133102
0.000000
0.000000
0.000000
0.000000
0.000000
0.000000
0.000000
0.000000
0.000000
0.000000
0.000000
0.180545
0.000000
0.000000
0.000000
0.000000
0.000000
0.000000
0.342896
0.000000
0.000000
0.032204
0.000000
0.000000
0.910785
0.000000
0.000000
0.000000
1.818742
0.000000
0.000000
0.000000
1.751105
0.000000
0.000000
1.858844
0.000000
0.000000
0.000000
0.000000
0.000000
2.474473
0.000000
0.000000
0.471472
0.000000
0.000000
0.000000
0.000000
0.000000
0.000000
0.035350
0.000000
0.000000
0.000000
0.000000
0.000000
0.000000
0.351463
0.000000
2.117782
0.000000
0.000000
0.000000
0.458778
0.000000
0.000000
0.000000
0.000000
0.454816
0.000000
0.000000
0.000000
0.000000
0.000000
0.000000
0.000000
0.005940
0.000000
2.124212
0.000000
0.000000
0.000000
0.000000
0.000000
0.000000
0.000000
0.000000
0.000000
0.000000
0.000000
0.358543
0.000000
0.000000
0.000000
0.189543
0.000000
0.000000
0.000000
0.000000
0.000000
0.000000
2.436360
0.000000
0.000000
0.000000
0.000000
0.000000
0.000000
0.000000
0.000000
0.228718
0.000000
0.000000
0.000000
0.245931
0.000000
0.000000
0.000000
0.000000
0.000000
0.000000
0.000000
0.000000
0.000000
0.000000
0.000000
0.000000
0.000000
1.032185
0.000000
0.000000
2.090302
0.000000
0.000000
0.000000
0.000000
2.759401
0.000000
0.000000
1.887249
0.000000
0.000000
0.329213
0.000000
0.000000
0.439618
0.000000
0.000000
0.299409
0.528396
0.000000
0.000000
0.000000
0.000000
0.000000
0.000000
0.000000
0.000000
0.000000
0.000000
0.000000
0.000000
0.000000
0.000000
0.000000
0.000000
0.021218
0.000000
0.000000
0.000000
0.000000
0.000000
0.000000
0.000000
0.000000
0.296675
0.000000
0.000000
0.000000
0.000000
0.000000
0.000000
0.000000
2.112334
0.000000
0.000000
0.000000
0.000000
0.000000
0.000000
1.552618
0.360801
0.000000
0.000000
0.000000
0.500331
0.000000
0.000000
0.000000
0.000000
0.000000
0.000000
0.000000
0.516621
1.177547
0.000000
0.000000
0.000000
0.000000
0.000000
0.000000
0.000000
0.000000
0.094012
1.608452
0.000000
0.000000
0.000000
0.000000
0.000000
0.000000
0.000000
0.000000
1.564253
0.000000
0.000000
0.000000
0.000000
0.000000
0.000000
0.000000
1.056122
0.000000
0.000000
0.000000
0.000000
0.000000
0.000000
0.000000
0.000000
0.000000
0.000000
0.000000
0.000000
1.756980
0.000000
0.000000
1.448405
0.000000
0.000000
1.077684
0.000000
0.000000
0.000000
0.000000
0.000000
0.000000
0.000000
0.000000
0.136905
0.000000
2.516352
0.000000
0.000000
0.000000
0.000000
0.000000
0.000000
0.000000
0.000000
0.000000
1.427456
1.254309
0.000000
0.000000
1.919456
0.000000
0.905568
0.000000
0.000000
0.000000
0.533839
0.000000
0.000000
0.000000
0.000000
0.000000
0.000000
0.000000
4.905214
0.000000
0.000000
0.000000
0.000000
0.000000
0.837821
0.000000
0.000000
0.000000
0.000000
0.000000
0.052794
0.000000
0.000000
0.000000
0.000000
0.316035
0.000000
0.000000
0.000000
0.000000
0.647234
0.143042
0.000000
0.000000
0.000000
0.000000
0.000000
0.000000
0.000000
0.000000
0.000000
0.000000
0.000000
0.000000
0.000000
0.000000
1.829923
0.000000
0.000000
0.220923
2.112948
0.000000
0.000000
0.000000
0.000000
0.000000
0.000000
0.000000
0.000000
0.000000
0.000000
0.000000
0.000000
0.000000
0.000000
0.000000
0.000000
0.000000
0.000000
0.000000
0.000000
0.000000
0.000000
0.000000
2.567677
0.000000
0.000000
0.688984
0.000000
0.000000
0.000000
0.000000
0.000000
1.320226
0.000000
0.000000
1.581260
0.000000
0.000000
0.000000
0.000000
0.000000
0.000000
0.000000
0.000000
0.000000
0.000000
1.073287
0.000000
0.000000
0.000000
0.000000
0.000000
0.000000
0.000000
0.000000
0.000000
0.000000
0.000000
0.000000
0.000000
5.034550
0.000000
0.000000
1.586942
0.000000
0.000000
0.077495
1.419709
0.000000
0.000000
0.000000
0.000000
0.000000
0.000000
0.000000
0.000000
0.164842
0.802504
1.199412
0.000000
0.000000
0.000000
0.000000
0.000000
0.000000
0.000000
0.000000
0.000000
0.000000
0.157811
0.000000
0.132461
0.000000
0.000000
0.000000
0.000000
0.000000
0.000000
0.000000
0.000000
0.000000
0.000000
0.000000
1.027025
0.000000
0.000000
0.000000
0.000000
0.390303
0.412476
0.082508
0.000000
0.000000
0.000000
0.000000
0.000000
0.000000
1.753517
0.000000
0.000000
0.000000
0.000000
0.000000
0.151674
0.000000
0.000000
0.000000
0.000000
0.000000
0.000000
0.000000
0.000000
0.000000
0.000000
0.000000
0.000000
0.000000
0.000000
0.000000
0.000000
0.000000
0.000000
0.577302
0.000000
0.000000
2.004096
0.000000
0.126151
0.000000
0.000000
3.537425
0.000000
0.000000
0.000000
0.000000
0.000000
0.000000
0.000000
0.000000
0.000000
0.000000
0.000000
0.000000
0.000000
0.843716
0.000000
0.000000
0.000000
0.710164
0.000000
0.000000
0.000000
0.000000
0.000000
0.000000
0.000000
0.000000
0.000000
0.000000
0.000000
0.000000
0.000000
0.000000
0.000000
0.000000
3.837363
0.000000
0.000000
0.000000
0.000000
0.000000
0.000000
0.000000
0.000000
0.372999
0.000000
0.000000
0.000000
0.000000
0.000000
0.000000
0.000000
2.404332
0.000000
0.000000
0.000000
0.000000
0.000000
0.000000
0.000000
0.000000
0.000000
0.000000
0.000000
0.000000
0.000000
0.000000
0.329036
0.000000
0.000000
0.000000
0.000000
0.231617
0.000000
0.000000
0.000000
0.000000
0.000000
0.000000
0.000000
0.000000
0.000000
0.000000
0.000000
0.000000
0.000000
0.000000
2.287440
0.000000
0.000000
0.000000
0.000000
0.000000
0.000000
0.000000
0.000000
0.000000
0.000000
0.000000
0.000000
0.670042
0.000000
0.000000
0.000000
0.000000
0.000000
0.000000
0.000000
0.000000
0.000000
0.000000
0.000000
0.000000
0.000000
0.000000
0.000000
0.000000
0.000000
0.000000
1.137609
0.000000
0.000000
0.000000
0.000000
0.000000
0.000000
0.000000
0.000000
0.000000
0.000000
0.000000
0.000000
0.000000
0.000000
0.000000
0.000000
0.000000
0.000000
0.000000
0.000000
0.000000
0.000000
0.000000
0.000000
0.000000
0.000000
0.000000
0.000000
0.000000
0.000000
0.000000
0.000000
2.837779
0.000000
0.000000
0.000000
0.000000
0.000000
0.000000
0.000000
0.000000
0.000000
0.000000
0.000000
0.000000
0.000000
0.000000
0.000000
0.000000
3.710433
0.000000
0.000000
0.000000
0.322457
0.000000
0.000000
1.414574
0.000000
0.000000
1.889583
0.000000
0.000000
0.000000
0.509735
0.000000
0.000000
0.000000
0.000000
0.000000
0.000000
0.000000
0.000000
0.000000
0.000000
0.000000
0.029890
0.000000
4.585320
0.000000
0.610122
1.474174
0.000000
0.000000
0.000000
0.000000
0.000000
0.000000
0.000000
0.000000
0.000000
0.000000
0.000000
0.000000
0.000000
0.000000
0.000000
0.000000
0.000000
0.000000
0.000000
0.200257
0.000000
0.451877
0.000000
0.382014
0.000000
0.618972
0.000000
0.000000
0.952804
0.000000
0.000000
0.000000
0.000000
0.000000
0.000000
0.000000
0.000000
2.305720
0.000000
0.000000
0.000000
0.000000
0.000000
1.498092
0.000000
0.158022
0.000000
0.000000
0.000000
1.852905
0.000000
0.000000
0.000000
0.000000
0.000000
0.000000
0.000000
0.000000
0.000000
0.000000
0.000000
0.000000
0.000000
0.000000
0.000000
0.000000
0.000000
0.000000
0.000000
0.000000
1.084153
0.000000
0.000000
0.000000
0.219644
0.000000
0.000000
0.000000
0.937890
2.570229
0.000000
0.141825
0.000000
0.000000
0.000000
0.000000
0.000000
0.000000
0.339466
0.000000
0.000000
0.000000
0.000000
0.000000
0.975441
0.000000
0.000000
0.000000
0.000000
0.000000
0.291527
0.000000
3.069884
0.000000
2.406175
0.000000
0.000000
0.000000
0.000000
0.000000
0.000000
0.000000
0.000000
0.902463
0.000000
0.000000
0.000000
0.000000
0.000000
0.000000
0.000000
0.000000
0.000000
0.000000
0.000000
0.000000
0.000000
0.000000
0.000000
2.723896
0.000000
0.000000
0.000000
0.000000
0.000000
0.000000
0.000000
0.000000
0.000000
0.000000
0.000000
0.060433
0.000000
0.691422
0.000000
0.000000
0.000000
0.000000
0.000000
0.000000
0.000000
1.968062
0.000000
0.000000
0.000000
0.138564
0.000000
2.523292
0.000000
0.000000
0.000000
0.000000
0.000000
0.000000
3.533102
0.000000
0.737007
0.000000
0.000000
0.000000
2.907652
0.000000
0.000000
0.000000
0.000000
2.459315
0.000000
0.000000
0.785226
0.000000
0.000000
0.614534
0.000000
0.000000
0.000000
0.000000
0.000000
0.000000
0.104746
0.000000
0.941767
0.000000
1.074457
0.000000
0.000000
0.000000
2.596654
0.000000
0.000000
0.000000
0.995914
0.000000
0.000000
0.000000
0.000000
0.000000
0.000000
0.000000
0.000000
0.000000
0.936423
0.000000
0.000000
0.000000
0.000000
0.000000
0.000000
0.000000
1.218299
4.559135
1.389785
0.000000
0.000000
0.000000
1.665675
0.000000
0.000000
0.000000
0.000000
0.000000
0.000000
0.000000
1.893470
0.000000
0.000000
0.000000
0.000000
0.000000
0.000000
0.572784
0.000000
0.000000
0.000000
2.466225
0.000000
0.000000
0.000000
0.883096
0.000000
1.359790
0.000000
0.000000
1.597826
0.000000
0.000000
0.000000
0.000000
0.000000
1.418672
0.000000
0.000000
0.000000
0.000000
1.564561
0.000000
0.000000
0.000000
0.000000
0.000000
0.000000
0.000000
0.132094
0.000000
0.000000
0.000000
0.000000
0.000000
2.138039
0.000000
0.000000
0.000000
0.000000
0.000000
0.000000
0.000000
0.000000
1.565846
0.000000
0.000000
0.000000
0.059374
0.891475
0.000000
0.000000
0.000000
1.272164
0.000000
0.000000
0.000000
0.000000
0.000000
0.000000
0.000000
0.000000
0.734243
0.000000
1.131094
0.000000
0.162593
0.000000
0.516590
0.000000
0.000000
0.000000
0.160446
0.000000
0.000000
0.000000
0.000000
0.000000
0.000000
0.000000
0.000000
0.000000
0.832305
0.000000
0.000000
0.000000
0.000000
0.000000
0.000000
0.000000
0.000000
0.000000
0.000000
0.000000
0.000000
0.000000
0.235537
0.000000
0.050233
0.000000
0.000000
4.309727
0.000000
0.000000
1.991016
0.956471
2.760329
1.290816
0.000000
0.000000
0.000000
0.000000
0.000000
0.000000
0.652070
0.000000
0.438806
0.000000
0.000000
0.000000
0.000000
0.000000
0.000000
0.000000
0.000000
0.000000
0.000000
0.000000
0.000000
0.000000
0.000000
0.000000
2.090616
0.000000
0.000000
0.000000
0.015161
0.000000
0.000000
0.635794
0.000000
0.623079
0.000000
0.000000
0.626602
0.000000
0.000000
0.000000
0.000000
0.000000
0.000000
0.000000
0.235761
0.000000
0.000000
0.061797
0.155888
0.000000
0.000000
0.000000
0.000000
0.000000
0.000000
0.000000
0.000000
1.557282
0.000000
0.000000
0.000000
0.000000
0.000000
0.000000
0.000000
2.066187
0.000000
0.000000
0.000000
0.000000
0.000000
0.000000
0.000000
0.000000
0.000000
0.000000
0.000000
0.000000
0.000000
0.000000
0.000000
0.000000
0.000000
0.000000
0.000000
0.000000
0.049542
0.000000
0.000000
0.000000
0.000000
0.000000
0.581065
0.000000
0.000000
0.000000
0.000000
0.000000
0.000000
0.000000
0.000000
0.000000
0.000000
0.000000
0.000000
0.000000
0.000000
0.000000
0.000000
0.000000
0.000000
1.694773
0.206367
0.000000
0.000000
0.965703
0.000000
0.000000
0.012020
0.000000
0.000000
0.000000
0.000000
0.000000
0.000000
1.727747
3.417732
0.000000
0.000000
0.000000
0.000000
0.000000
0.000000
0.000000
0.000000
0.000000
0.000000
0.000000
0.000000
0.000000
0.529277
0.527299
0.000000
0.000000
0.000000
0.000000
0.000000
0.000000
0.000000
0.000000
0.000000
0.000000
0.000000
0.000000
0.000000
0.000000
0.000000
0.000000
3.068412
0.296986
0.000000
0.000000
0.000000
0.000000
0.000000
0.000000
0.000000
0.000000
0.000000
0.000000
0.000000
0.647465
0.000000
0.000000
0.000000
0.000000
0.000000
0.000000
0.000000
0.000000
0.000000
0.000000
0.000000
0.000000
0.000000
0.000000
0.000000
0.000000
0.000000
0.000000
0.000000
0.000000
0.000000
0.000000
0.000000
0.150437
0.000000
0.000000
0.000000
0.000000
0.000000
1.474924
0.000000
1.485833
0.000000
0.000000
0.000000
0.000000
0.000000
1.643276
0.754581
0.000000
0.000000
0.000000
0.000000
0.000000
0.000000
0.000000
0.000000
0.000000
1.021975
0.852722
0.000000
0.220055
0.000000
0.185709
2.400365
0.000000
0.000000
0.000000
0.000000
0.000000
0.000000
0.000000
0.000000
1.042933
1.658973
0.000000
0.000000
0.000000
0.783309
0.000000
0.000000
0.000000
0.000000
0.000000
0.072511
0.390176
0.000000
0.492402
0.000000
0.071679
0.000000
1.725016
0.000000
0.000000
3.390949
0.000000
0.000000
1.276669
0.000000
0.057274
0.000000
1.092852
0.000000
0.000000
0.000000
0.000000
0.000000
0.000000
0.000000
0.000000
0.000000
0.000000
0.000000
0.337522
0.472316
1.198294
0.020427
0.000000
0.000000
1.318674
0.000000
0.617503
0.000000
0.000000
0.000000
2.135451
0.000000
0.000000
0.000000
0.000000
0.000000
0.000000
0.000000
0.935901
0.000000
0.000000
0.000000
0.000000
0.000000
0.000000
0.000000
0.000000
0.000000
0.000000
0.000000
0.000000
1.125080
0.000000
0.000000
1.322755
0.000000
0.000000
0.000000
0.000000
0.000000
0.000000
0.172314
0.000000
0.000000
0.000000
0.637147
0.000000
0.000000
0.000000
0.000000
0.000000
0.000000
0.000000
0.000000
0.000000
0.000000
0.688154
0.000000
2.304812
0.000000
0.000000
0.000000
0.000000
0.000000
0.000000
0.000000
0.000000
0.000000
0.000000
0.000000
0.000000
0.000000
0.000000
0.000000
0.000000
0.000000
0.000000
0.000000
0.000000
0.736097
0.000000
0.000000
0.000000
0.000000
0.212838
0.000000
0.000000
0.000000
0.000000
0.000000
0.000000
0.000000
0.000000
3.984925
0.000000
0.000000
0.000000
0.000000
0.000000
0.559427
0.000000
0.000000
2.123590
0.000000
0.000000
0.000000
0.000000
0.000000
0.000000
0.000000
0.000000
0.000000
0.000000
0.000000
0.059137
0.000000
0.000000
0.000000
0.000000
5.821089
0.000000
3.193359
0.000000
0.000000
0.000000
0.000000
0.000000
0.000000
0.000000
0.000000
0.000000
0.182797
0.000000
0.000000
1.267023
0.000000
0.000000
0.000000
0.000000
0.000000
0.000000
0.000000
0.000000
0.000000
0.000000
0.679866
0.000000
0.000000
0.878214
0.000000
0.000000
0.000000
0.000000
0.000000
0.000000
2.098228
0.000000
0.000000
0.000000
2.087297
0.000000
0.000000
0.000000
0.000000
0.000000
0.000000
0.000000
0.000000
0.000000
0.000000
0.000000
3.298308
0.000000
0.000000
0.000000
0.000000
0.000000
0.000000
0.000000
0.487464
0.000000
0.000000
0.000000
0.000000
0.000000
0.000000
0.000000
0.000000
0.000000
0.000000
0.175993
0.000000
0.000000
0.000000
0.000000
0.000000
0.000000
0.184852
0.000000
0.000000
0.000000
2.055385
0.000000
0.000000
0.000000
0.000000
0.000000
0.000000
1.570686
0.000000
0.000000
2.214623
0.000000
0.000000
0.000000
0.000000
0.000000
1.141627
1.528556
1.926248
0.000000
0.000000
0.000000
0.000000
0.927612
0.000000
0.000000
0.000000
0.000000
0.000000
0.000000
0.000000
0.000000
0.000000
0.000000
1.223640
0.000000
0.000000
3.657079
0.000000
0.000000
0.000000
0.000000
3.091557
0.000000
0.000000
0.000000
0.000000
0.000000
0.000000
0.000000
0.000000
0.000000
0.000000
0.000000
0.000000
0.000000
0.000000
0.000000
0.000000
0.000000
0.000000
0.000000
0.000000
0.000000
0.000000
0.000000
0.000000
0.000000
2.511238
0.000000
0.000000
0.000000
0.000000
0.000000
0.000000
0.000000
0.000000
0.000000
0.000000
0.000000
0.000000
0.333672
0.000000
0.000000
0.000000
0.000000
2.773009
0.000000
0.000000
0.000000
0.000000
2.753385
0.000000
0.000000
0.000000
0.282785
0.000000
0.282726
0.000000
0.000000
0.000000
0.000000
0.000000
0.000000
0.000000
0.000000
0.000000
0.000000
4.714358
0.000000
0.000000
0.000000
0.000000
0.000000
0.000000
0.000000
0.000000
0.000000
0.000000
0.000000
0.000000
0.099040
0.000000
0.000000
0.000000
0.000000
0.000000
0.000000
1.699402
0.279989
0.000000
0.000000
0.000000
1.062100
1.896214
0.000000
0.079126
0.000000
1.273062
0.000000
0.721468
0.000000
0.000000
0.000000
0.000000
0.000000
0.000000
0.000000
0.000000
0.000000
0.000000
0.000000
0.000000
0.000000
0.000000
0.000000
0.000000
0.000000
0.000000
0.000000
0.523631
6.006020
0.000000
0.801603
0.000000
0.000000
1.325438
0.000000
0.000000
0.487792
0.000000
0.000000
0.000000
2.388988
0.000000
0.000000
0.000000
2.551235
0.000000
0.000000
0.000000
0.000000
0.000000
0.000000
0.000000
0.000000
0.000000
0.000000
0.000000
0.418171
0.000000
0.000000
1.021577
0.000000
0.000000
1.414958
0.000000
0.000000
0.000000
0.000000
0.000000
0.793072
0.000000
0.000000
0.713284
0.000000
0.000000
0.000000
0.000000
2.855754
0.000000
0.000000
0.000000
0.000000
0.000000
0.000000
0.000000
0.000000
0.000000
0.000000
0.000000
0.000000
0.000000
0.000000
2.291444
0.531253
0.000000
0.000000
0.000000
0.000000
0.000000
1.612017
0.000000
0.000000
0.000000
0.000000
1.426436
0.000000
0.000000
0.000000
0.000000
0.000000
0.000000
0.239704
0.000000
0.000000
0.761130
0.000000
0.000000
0.000000
0.000000
0.000000
1.571279
0.000000
0.000000
0.000000
0.000000
0.000000
2.074592
0.000000
0.000000
0.000000
0.000000
0.000000
0.000000
0.000000
0.000000
3.117601
0.000000
0.000000
0.000000
0.000000
0.000000
0.720775
1.510883
0.000000
0.000000
0.000000
0.000000
0.000000
2.175376
0.000000
0.000000
0.000000
0.000000
0.000000
0.000000
1.002804
0.000000
0.000000
0.000000
0.000000
0.000000
0.000000
0.000000
0.000000
0.000000
0.000000
0.000000
0.000000
0.000000
0.000000
0.000000
0.598009
0.000000
0.000000
0.000000
0.000000
0.000000
0.000000
0.000000
0.000000
0.000000
0.000000
0.000000
1.327846
0.000000
0.000000
0.000000
2.397665
0.000000
0.000000
0.000000
0.000000
0.000000
0.000000
0.000000
0.000000
0.000000
0.000000
0.000000
0.000000
0.000000
0.000000
0.000000
0.000000
0.000000
1.086480
0.000000
0.000000
0.000000
0.000000
0.000000
0.000000
0.000000
0.000000
0.000000
1.365993
0.000000
0.000000
0.000000
0.000000
0.000000
0.000000
0.000000
0.000000
0.000000
1.100461
0.000000
0.000000
0.000000
0.000000
0.000000
0.000000
0.000000
1.114045
0.000000
0.000000
0.000000
0.000000
2.980152
0.000000
0.000000
0.000000
0.000000
0.640659
0.000000
0.000000
0.000000
0.203411
0.000000
0.473594
0.000000
0.000000
0.345213
0.000000
0.000000
0.000000
1.081487
0.000000
0.000000
0.000000
0.000000
0.000000
0.000000
0.000000
0.000000
0.000000
0.000000
0.000000
0.000000
0.000000
0.000000
0.000000
0.000000
0.000000
0.000000
0.000000
0.000000
0.000000
1.320427
0.000000
0.000000
0.000000
0.000000
0.000000
0.000000
0.406095
0.000000
0.000000
0.000000
1.153684
0.000000
1.442467
0.000000
0.000000
0.000000
0.000000
0.000000
0.000000
0.000000
0.000000
0.000000
0.000000
0.000000
0.000000
1.144369
0.000000
0.839881
2.249676
0.000000
0.000000
0.000000
3.180467
0.000000
0.000000
2.000070
0.000000
0.000000
0.000000
0.771767
0.127944
0.000000
0.000000
0.000000
0.000000
0.000000
0.000000
0.330960
0.000000
0.000000
0.000000
0.000000
0.000000
0.442344
0.000000
0.000000
0.000000
2.012018
0.000000
0.000000
0.000000
0.000000
0.000000
0.149905
0.000000
0.000000
0.000000
0.000000
0.000000
0.000000
0.000000
0.705156
0.000000
0.000000
0.000000
0.496764
0.000000
0.851414
0.000000
0.000000
0.000000
0.000000
0.000000
0.000000
0.000000
0.000000
0.564320
0.000000
0.000000
0.307912
0.000000
0.000000
0.326629
0.000000
0.054237
0.000000
0.000000
0.000000
0.000000
0.000000
0.000000
0.000000
0.000000
0.000000
0.000000
0.000000
0.000000
0.000000
0.000000
0.000000
0.000000
0.239462
0.000000
0.000000
0.000000
1.620995
0.000000
0.000000
0.000000
0.000000
0.000000
0.216329
0.000000
0.000000
0.521108
0.000000
0.000000
0.754400
0.000000
0.000000
0.000000
0.000000
0.000000
0.000000
0.000000
0.000000
0.000000
0.059218
0.000000
0.000000
0.000000
0.000000
0.000000
0.000000
0.000000
0.000000
0.273345
0.000000
0.000000
0.514324
0.000000
0.000000
0.000000
0.000000
1.391537
0.748311
0.290702
0.000000
0.000000
0.444244
0.000000
1.718037
0.000000
0.000000
0.000000
0.000000
0.000000
0.000000
0.000000
0.000000
0.000000
0.000000
0.000000
0.000000
1.941556
0.218235
0.000000
1.367125
0.000000
0.000000
0.000000
0.000000
1.105766
0.000000
0.000000
0.000000
0.000000
0.000000
0.000000
0.000000
1.142176
0.000000
1.675556
0.000000
0.000000
0.000000
0.000000
0.000000
0.000000
0.000000
0.000000
0.000000
0.000000
0.000000
0.000000
0.000000
0.279683
0.000000
0.177078
0.000000
0.000000
0.000000
0.000000
0.000000
2.346664
0.000000
0.000000
0.000000
0.000000
0.464126
0.000000
0.000000
0.000000
0.000000
1.625872
0.000000
0.000000
0.000000
0.253727
0.000000
1.399307
0.000000
0.000000
0.000000
0.948646
0.000000
0.000000
0.000000
0.000000
0.000000
0.000000
0.000000
0.000000
0.000000
0.267333
0.000000
0.000000
0.000000
0.000000
0.000000
0.000000
0.000000
0.000000
0.000000
0.000000
0.000000
0.000000
0.000000
0.000000
0.000000
0.000000
0.000000
0.000000
0.000000
0.000000
0.000000
