0.000000
0.000000
0.000000
0.000000
0.000000
0.000000
0.725420
0.000000
0.000000
0.882407
0.000000
1.016361
1.234559
0.000000
0.000000
0.000000
0.000000
0.000000
0.000000
0.000000
0.000000
0.000000
0.000000
0.636574
0.000000
1.576999
0.130938
0.000000
0.000000
1.525612
0.432372
1.410936
0.000000
0.000000
0.630393
0.000000
0.777877
0.000000
0.000000
0.000000
0.393105
0.000000
0.000000
0.134889
0.000000
0.794573
0.735941
2.678876
0.000000
0.000000
0.000000
0.000000
0.000000
0.000000
0.000000
0.332696
0.000000
0.000000
0.000000
0.000000
0.000000
0.000000
0.000000
0.000000
0.562066
0.000000
0.000000
0.000000
0.000000
0.000000
0.000000
0.000000
0.000000
0.000000
0.000000
0.081019
0.000000
0.456902
0.000000
3.728352
0.000000
0.000000
0.000000
0.000000
0.000000
0.000000
0.000000
0.000000
0.000000
0.000000
0.000000
0.675394
0.730235
0.000000
1.262926
0.000000
0.000000
0.000000
0.881657
1.540010
0.000000
0.000000
0.000000
0.000000
1.148132
0.000000
0.000000
0.259759
0.000000
0.000000
0.000000
0.000000
0.000000
0.977630
0.000000
0.373947
0.000000
0.000000
0.000000
0.000000
0.000000
0.000000
0.789224
0.000000
0.000000
0.000000
0.000000
0.000000
0.000000
0.000000
0.000000
0.000000
0.000000
0.065124
0.890534
0.000000
0.000000
2.850184
0.000000
0.000000
0.000000
1.317243
0.255958
0.000000
0.000000
0.000000
0.000000
0.000000
0.000000
0.000000
1.078821
0.110710
0.000000
0.000000
0.450125
0.000000
0.000000
0.291008
0.000000
0.000000
0.000000
0.000000
0.000000
0.714190
0.000000
0.954192
0.000000
0.000000
0.000000
0.000000
0.000000
0.000000
0.000000
0.000000
0.000000
0.000000
0.000000
0.000000
0.000000
0.000000
0.000000
0.642244
0.000000
0.000000
0.000000
0.000000
0.000000
0.000000
0.000000
0.000000
1.256762
0.000000
0.000000
0.000000
0.000000
1.480970
0.000000
0.000000
0.000000
0.000000
0.000000
0.000000
0.000000
0.000000
0.000000
0.278774
0.000000
0.000000
0.176063
0.226127
0.000000
0.000000
0.000000
0.000000
0.000000
0.000000
0.996091
0.000000
0.000000
0.000000
0.000000
0.000000
0.000000
0.000000
0.000000
0.000000
0.911496
1.818863
0.000000
0.880093
0.000000
0.000000
0.000000
0.000000
0.000000
0.000000
0.000000
0.000000
0.000000
0.000000
0.000000
0.000000
0.921314
0.000000
0.168273
0.002004
0.000000
0.000000
0.000000
0.000000
0.000000
0.000000
0.000000
1.253630
0.000000
1.396779
0.000000
0.000000
0.000000
0.000000
0.000000
0.000000
0.000000
0.000000
0.926079
0.000000
1.522254
0.000000
0.000000
0.000000
0.000000
0.177035
0.000000
0.000000
0.000000
0.000000
0.239064
0.000000
0.000000
0.000000
1.360929
0.000000
0.863273
0.000000
0.000000
0.000000
0.000000
0.000000
0.739705
0.000000
0.000000
2.224114
0.000000
1.212892
0.000000
1.579812
0.000000
0.000000
0.184942
0.426599
0.000000
0.000000
1.435684
0.000000
0.000000
0.000000
0.000000
0.000000
0.000000
0.000000
0.000000
0.000000
0.000000
0.000000
0.000000
0.000000
0.000000
0.000000
0.000000
0.000000
2.362671
0.679753
1.456769
0.091567
0.000000
0.000000
0.000000
0.000000
0.000000
0.346065
0.000000
0.000000
0.000000
3.768085
0.000000
0.000000
1.767716
2.217282
0.000000
0.000000
0.000000
0.000000
0.000000
1.735607
0.000000
0.000000
0.000000
0.066945
0.000000
0.000000
0.000000
0.077728
0.000000
0.000000
0.000000
0.000000
0.000000
0.000000
0.000000
0.340187
0.000000
0.000000
0.000000
0.892992
0.000000
0.000000
0.000000
0.000000
0.284289
0.926093
0.000000
0.000000
0.000000
0.000000
0.000000
0.963994
0.000000
0.000000
1.570372
0.543237
0.000000
0.000000
0.000000
0.000000
2.222440
0.695077
0.000000
0.000000
0.000000
0.000000
0.000000
0.829543
0.000000
0.000000
0.000000
0.000000
0.522576
0.000000
0.000000
0.802211
0.000000
0.000000
0.000000
0.000000
0.000000
0.191875
0.000000
0.000000
0.000000
0.000000
0.000000
3.478344
0.000000
0.000000
0.000000
0.000000
1.803929
0.000000
0.000000
0.000000
0.000000
1.163808
1.447417
0.000000
0.000000
0.000000
0.000000
0.000000
0.000000
0.000000
0.000000
0.000000
0.000000
0.000000
0.000000
0.000000
0.000000
0.000000
0.000000
0.000000
0.000000
0.793350
0.000000
0.000000
1.687120
1.971176
0.955914
0.000000
0.000000
0.000000
0.000000
0.000000
0.256021
0.667593
0.000000
0.000000
0.000000
0.000000
0.000000
0.000000
1.214072
0.000000
0.000000
0.000000
0.316643
0.000000
0.000000
0.219026
0.000000
0.000000
0.000000
0.000000
0.000000
0.000000
0.077542
0.000000
0.000000
0.000000
0.000000
0.000000
0.000000
2.646639
0.000000
0.000000
0.000000
1.993162
0.614517
0.000000
0.000000
0.000000
0.000000
1.296790
0.251775
0.298167
0.000000
0.000000
0.000000
0.000000
0.000000
0.000000
0.000000
0.000000
0.000000
0.000000
0.000000
0.000000
0.000000
0.000000
0.000000
0.000000
0.000000
0.000000
0.000000
0.000000
0.000000
0.000000
0.000000
1.051823
0.000000
0.000000
0.000000
0.034808
0.000000
0.000000
0.000000
4.351139
0.000000
0.000000
0.000000
0.000000
0.818611
0.000000
0.000000
1.572452
0.000000
0.000000
0.000000
0.000000
0.000000
0.000000
0.000000
0.000000
0.000000
0.000000
0.000000
0.000000
0.641615
0.000000
0.000000
0.000000
0.000000
0.188261
0.208440
0.585849
0.000000
0.000000
0.976706
0.000000
0.000000
0.000000
0.000000
0.000000
0.000000
0.000000
0.000000
0.000000
0.000000
0.000000
0.000000
0.000000
0.000000
0.000000
0.000000
0.000000
0.181685
0.386441
0.000000
0.000000
0.000000
0.000000
0.000000
0.000000
0.000000
0.016499
0.000000
0.000000
0.549250
0.000000
0.000000
0.000000
1.002963
0.000000
0.000000
0.000000
0.000000
1.727279
0.000000
0.000000
0.000000
0.000000
0.000000
0.000000
0.000000
0.000000
0.000000
0.072765
1.114863
0.000000
0.021579
0.000000
0.000000
0.000000
0.000000
0.000000
0.000000
0.000000
0.453477
0.000000
0.000000
0.000000
0.310066
1.557750
0.000000
0.000000
1.484429
2.160142
0.000000
3.070169
0.000000
0.000000
0.000000
0.000000
0.548769
0.000000
0.000000
0.000000
0.000000
0.000000
0.000000
0.000000
0.000000
1.055595
0.000000
0.000000
0.000000
0.000000
0.000000
0.000000
0.771950
0.000000
0.000000
0.248374
0.000000
0.000000
0.850214
0.000000
0.000000
0.000000
0.974948
0.000000
0.000000
0.000000
0.000000
0.000000
0.000000
0.000000
0.000000
0.000000
0.957577
0.457320
0.000000
0.000000
0.000000
1.685188
0.000000
0.000000
0.000000
1.271119
0.384918
0.000000
0.000000
0.344415
0.000000
0.000000
0.000000
0.000000
0.000000
0.000000
0.270060
0.000000
0.000000
0.000000
0.000000
0.000000
0.280989
0.000000
0.000000
0.000000
0.749878
0.087968
0.692257
0.000000
0.000000
0.000000
0.000000
0.000000
0.534300
0.000000
0.000000
0.000000
0.000000
0.000000
0.000000
1.387604
0.000000
0.000000
0.799077
0.000000
0.000000
0.000000
0.000000
0.000000
0.000000
0.131018
0.000000
0.773471
1.409305
0.000000
0.576498
0.371049
0.000000
0.000000
0.000000
0.000000
0.000000
0.000000
0.000000
0.000000
0.439858
0.000000
0.000000
0.000000
0.000000
0.000000
0.000000
0.000000
0.000000
0.132657
0.000000
0.000000
0.000000
0.000000
0.918166
0.000000
0.000000
0.000000
0.000000
0.527645
0.000000
0.474998
0.000000
0.000000
0.000000
0.000000
0.082898
0.715583
0.000000
0.000000
0.705974
0.055177
0.525936
0.000000
0.000000
0.000000
0.000000
0.000000
0.000000
0.087832
0.000000
0.000000
0.000000
0.000000
0.000000
0.000000
0.000000
0.000000
0.000000
0.000000
0.000000
0.000000
0.000000
0.000000
0.000000
0.000000
0.000000
0.000000
0.000000
0.688036
0.000000
0.000000
1.704503
0.000000
0.000000
0.000000
0.000000
0.000000
0.000000
0.000000
0.000000
0.000000
0.010591
3.439595
0.000000
0.389760
0.004723
1.520592
0.000000
0.000000
0.000000
0.000000
0.000000
0.000000
0.000000
0.000000
0.000000
0.000000
0.000000
0.000000
0.000000
0.000000
0.941926
0.000000
0.204473
0.000000
0.000000
1.134525
0.000000
0.234456
0.244614
0.597516
0.000000
0.000000
0.000000
0.000000
0.000000
0.000000
0.000000
0.122537
0.000000
0.000000
0.000000
0.000000
0.000000
0.000000
0.000000
0.000000
0.000000
0.000000
0.000000
0.000000
0.000000
0.000000
0.000000
0.000000
0.000000
0.000000
0.000000
0.000000
0.000000
0.801369
0.000000
0.000000
2.402187
0.054484
0.000000
0.000000
1.281990
0.368519
0.000000
0.000000
0.000000
0.000000
0.000000
0.000000
0.000000
0.000000
0.000000
0.000000
0.000000
1.229864
0.436054
0.000000
0.000000
1.382429
0.000000
0.000000
0.000000
0.000000
0.000000
0.000000
0.000000
0.709338
0.652012
0.000000
0.024442
0.000000
0.000000
0.000000
0.000000
0.000000
1.100241
0.000000
0.000000
0.000000
0.000000
0.000000
0.671620
0.000000
0.204358
0.000000
1.662771
0.344764
0.000000
0.000000
1.283500
2.784888
0.000000
0.000000
0.000000
0.000000
0.777317
0.000000
0.000000
0.000000
0.000000
0.075130
0.788503
0.000000
0.000000
0.363541
0.000000
0.000000
0.000000
0.180169
0.000000
0.000000
0.000000
0.000000
0.000000
0.000000
0.000000
0.693496
1.707976
0.000000
0.000000
0.935101
0.845899
0.000000
0.000000
0.439952
0.000000
0.904844
0.000000
0.000000
1.594871
0.000000
0.000000
0.000000
0.000000
0.279116
0.000000
0.000000
0.000000
0.000000
0.000000
0.144377
0.000000
0.763215
0.000000
0.000000
0.000000
0.000000
0.000000
0.000000
0.000000
0.000000
0.000000
0.262191
0.000000
0.000000
0.000000
0.042242
0.000000
0.000000
0.000000
0.000000
0.000000
0.338558
0.000000
0.000000
0.000000
0.090781
0.438187
0.000000
0.000000
0.000000
0.000000
0.000000
0.000000
0.000000
0.000000
0.000000
2.438192
0.000000
0.000000
0.000000
1.643380
0.000000
0.000000
0.000000
0.000000
0.000000
0.000000
0.000000
0.000000
0.000000
0.000000
0.000000
0.000000
0.000000
0.000000
0.000000
0.000000
2.382154
0.000000
0.000000
1.847904
0.000000
0.538725
1.127984
0.000000
0.000000
0.000000
0.000000
0.000000
0.000000
0.000000
0.000000
0.000000
1.739163
0.000000
0.000000
0.000000
0.000000
1.822840
0.000000
0.000000
0.000000
0.000000
0.000000
0.000000
0.000000
0.000000
0.000000
0.220080
0.506713
0.000000
0.000000
0.247814
0.000000
0.000000
0.000000
0.000000
0.000000
0.000000
0.000000
0.000000
0.000000
0.000000
0.000000
0.000000
0.000000
0.000000
0.000000
0.143695
0.000000
0.000000
1.019624
0.000000
1.739207
0.000000
0.000000
0.000000
0.000000
0.243455
0.000000
0.000000
0.000000
0.000000
0.000000
0.000000
0.000000
0.475949
0.000000
0.000000
0.000000
0.000000
0.000000
0.000000
2.957886
0.000000
0.035714
0.000000
0.572372
0.000000
0.000000
1.648058
0.000000
0.988325
0.000000
0.165229
0.000000
0.000000
0.000000
0.000000
0.000000
0.000000
0.000000
0.000000
0.000000
0.000000
0.057147
3.013554
1.525729
0.000000
0.000000
0.000000
0.000000
0.000000
0.000000
0.000000
1.174232
0.000000
0.500940
0.000000
0.000000
0.000000
0.000000
0.000000
0.000000
0.000000
0.000000
0.000000
0.426529
0.000000
0.000000
0.000000
0.000000
0.352762
0.000000
2.230076
0.000000
0.000000
0.000000
0.000000
0.000000
0.000000
0.000000
0.000000
0.000000
0.000000
0.000000
0.000000
0.950972
0.000000
0.000000
0.000000
0.000000
2.371085
0.000000
0.000000
1.741607
0.340470
0.000000
0.000000
0.000000
2.869948
0.000000
0.000000
0.000000
1.674109
0.174301
0.000000
0.000000
0.000000
1.396285
0.000000
0.000000
0.000000
0.000000
1.415671
0.000000
0.000000
0.000000
0.000000
0.605700
0.000000
0.000000
0.000000
0.000000
0.000000
1.157657
0.608431
0.000000
0.000000
0.000000
0.000000
0.000000
0.000000
0.000000
0.431890
0.000000
0.000000
0.690325
0.000000
0.000000
0.000000
0.000000
0.000000
0.000000
0.000000
0.000000
0.000000
0.010836
0.000000
0.000000
0.000000
0.000000
0.000000
1.583477
2.801624
0.406930
0.000000
0.861000
0.374258
0.000000
0.000000
0.000000
0.000000
0.000000
0.000000
0.000000
0.000000
0.000000
0.000000
1.848950
0.271839
0.000000
0.000000
0.000000
0.000000
0.000000
0.589943
0.000000
0.000000
0.000000
0.000000
0.000000
0.000000
0.000000
0.000000
2.257814
0.410999
0.664636
0.000000
0.000000
0.845516
2.783153
0.000000
0.000000
0.000000
0.000000
0.000000
0.507727
0.000000
0.000000
0.000000
0.000000
0.000000
0.000000
3.199796
0.000000
0.000000
0.000000
0.000000
1.755044
0.000000
0.000000
0.000000
0.000000
0.000000
0.000000
0.000000
0.000000
0.000000
0.000000
0.672855
0.000000
0.000000
0.001457
0.000000
0.000000
0.000000
0.000000
0.000000
0.000000
0.814453
0.000000
0.000000
0.000000
0.247789
0.000000
0.000000
0.000000
0.000000
0.000000
0.000000
0.000000
0.000000
0.000000
0.392902
2.976355
0.000000
0.000000
0.000000
0.000000
0.000000
0.000000
0.000000
0.900026
0.000000
0.378811
0.000000
0.000000
0.000000
0.052600
0.000000
0.615318
0.000000
0.000000
0.088788
1.945430
0.000000
0.000000
3.176930
0.120229
0.000000
0.000000
0.000000
0.000000
0.000000
0.000000
0.000000
0.000000
1.981599
1.016858
0.024929
0.000000
0.396203
0.000000
0.000000
0.000000
0.000000
0.000000
2.585214
0.000000
0.000000
0.489038
1.701730
0.000000
0.000000
0.000000
0.000000
0.000000
0.000000
0.449507
0.000000
0.000000
0.000000
0.000000
0.000000
0.000000
0.000000
0.000000
0.000000
2.182286
0.000000
0.270421
0.000000
0.000000
0.050323
1.294923
3.415646
0.000000
0.000000
0.000000
0.000000
0.000000
0.000000
0.000000
2.062105
0.000000
0.475437
0.000000
0.000000
0.000000
0.000000
0.000000
0.000000
0.000000
0.000000
0.000000
0.000000
0.000000
0.000000
0.000000
0.000000
0.000000
0.000000
0.000000
0.000000
0.000000
0.000000
0.000000
0.000000
1.432333
0.000000
0.000000
0.000000
0.000000
0.000000
0.526592
0.000000
0.000000
0.918026
0.000000
0.282496
0.119169
0.438402
0.000000
0.000000
0.000000
0.000000
0.000000
0.000000
0.000000
0.000000
0.000000
0.000000
0.000000
0.776455
0.484280
0.000000
0.962895
0.000000
0.000000
0.000000
0.212215
0.000000
0.000000
0.000000
1.255499
0.000000
0.000000
0.000000
0.000000
0.000000
0.000000
0.000000
0.000000
0.000000
0.000000
0.000000
2.427740
0.000000
0.000000
0.657496
0.000000
0.000000
1.418549
0.000000
0.000000
0.000000
0.000000
0.000000
1.188453
0.000000
0.656012
0.000000
0.000000
0.749298
0.462568
0.000000
0.024903
0.000000
0.000000
0.000000
0.000000
0.000000
0.000000
0.000000
0.000000
0.000000
0.000000
0.000000
0.000000
0.000000
0.000000
0.000000
0.000000
2.673012
0.072002
0.000000
0.000000
0.000000
0.000000
0.000000
0.000000
0.000000
1.967663
0.000000
0.000000
0.000000
0.188027
0.000000
0.410093
0.000000
0.000000
0.000000
0.000000
0.000000
0.000000
0.000000
0.000000
0.687763
0.000000
0.000000
0.000000
0.000000
0.000000
0.000000
0.000000
0.000000
0.000000
0.000000
0.000000
0.000000
0.000000
0.000000
0.000000
0.000000
0.000000
0.000000
0.000000
0.000000
0.000000
0.000000
0.000000
0.000000
0.000000
0.000000
0.400018
1.657306
0.000000
0.000000
0.000000
0.015116
0.000000
0.000000
0.611456
0.000000
0.000000
0.000000
0.000000
0.000000
0.000000
0.000000
0.000000
0.000000
0.000000
0.000000
1.106616
0.000000
0.000000
0.000000
1.145340
0.000000
0.785411
0.000000
0.000000
0.000000
0.000000
0.000000
0.000000
0.599971
0.000000
0.000000
0.000000
0.000000
0.000000
0.000000
0.000000
0.000000
0.000000
0.000000
0.000000
0.268803
0.000000
0.000000
0.000000
0.000000
2.281799
0.000000
0.000000
0.000000
0.000000
0.000000
0.000000
0.000000
0.357507
0.149614
0.401082
0.000000
1.982798
0.000000
0.000000
0.000000
0.000000
0.000000
1.387426
0.000000
0.000000
1.209109
0.000000
0.000000
0.000000
0.000000
2.563417
0.000000
1.265790
0.000000
0.000000
0.476035
0.000000
0.000000
0.000000
1.447579
0.000000
1.037481
0.000000
0.000000
0.000000
0.000000
0.000000
0.000000
0.000000
0.000000
0.000000
0.000000
0.000000
0.000000
0.000000
0.000000
0.000000
0.215800
0.000000
0.000000
0.543787
0.103340
0.000000
2.049223
0.000000
0.000000
0.000000
0.914487
0.000000
0.000000
0.000000
0.000000
1.133793
0.000000
0.000000
0.000000
0.000000
0.000000
0.000000
0.000000
0.000000
0.096323
0.000000
0.000000
0.000000
0.000000
0.000000
0.000000
0.000000
0.000000
0.055169
0.000000
0.000000
0.000000
0.000000
0.000000
0.403709
0.000000
0.000000
1.002494
0.000000
0.000000
0.492694
0.000000
0.000000
0.000000
0.495839
0.000000
0.000000
1.949611
0.000000
0.000000
0.000000
0.000000
0.000000
0.000000
0.000000
0.000000
0.000000
0.672591
0.043770
0.000000
0.169158
0.000000
0.000000
0.000000
0.000000
1.559634
0.070709
0.000000
0.000000
2.254728
0.000000
0.000000
0.079216
0.539656
0.000000
0.000000
0.000000
0.000000
0.000000
0.000000
0.000000
0.000000
0.000000
0.000000
0.000000
0.000000
2.154167
0.694284
0.000000
0.000000
0.959523
0.000000
0.000000
0.000000
0.000000
0.000000
0.000000
0.357760
0.802243
0.000000
0.000000
0.000000
0.000000
0.000000
2.006929
3.153792
0.000000
0.000000
0.770163
0.000000
0.132702
0.000000
0.000000
0.000000
1.484024
0.115214
0.000000
0.000000
0.000000
0.000000
0.000000
0.000000
0.000000
0.000000
0.000000
0.000000
1.125624
0.000000
0.000000
0.000000
0.000000
0.000000
1.113312
0.000000
0.000000
0.000000
0.000000
0.000000
0.000000
3.617571
0.000000
0.000000
0.000000
0.000000
0.185967
2.799145
0.000000
0.000000
0.000000
0.000000
1.844958
0.000000
0.000000
0.000000
0.129611
0.000000
0.000000
0.000000
0.221532
0.866432
0.000000
0.000000
0.000000
0.000000
0.000000
0.000000
0.000000
0.866604
0.465167
1.004408
0.984235
0.000000
0.000000
0.000000
0.000000
0.000000
0.596156
0.000000
0.000000
0.000000
0.000000
0.000000
0.000000
0.000000
0.000000
0.000000
0.000000
0.718085
0.091307
0.000000
0.000000
0.000000
0.000000
0.263260
0.000000
0.000000
0.196108
1.594123
0.000000
0.000000
0.000000
0.000000
0.332069
0.000000
0.000000
0.000000
0.000000
0.000000
0.000000
0.000000
0.000000
0.000000
1.660976
0.328392
0.000000
0.000000
0.000000
0.000000
0.186333
0.000000
0.000000
0.000000
0.000000
0.422704
0.000000
0.000000
1.366320
0.084076
0.000000
0.000000
0.000000
0.000000
0.000000
0.000000
0.000000
0.000000
0.000000
0.000000
0.000000
0.236601
0.000000
0.000000
0.000000
0.000000
0.000000
0.000000
0.000000
0.000000
0.165587
0.092067
0.000000
0.000000
0.417238
0.000000
0.000000
0.000000
0.761338
0.000000
0.000000
0.000000
0.660782
0.000000
0.000000
1.129935
0.000000
0.000000
0.000000
0.000000
0.000000
3.348655
0.000000
0.000000
0.000000
0.000000
0.274161
0.000000
0.000000
0.000000
0.000000
0.650014
0.000000
0.535592
0.133088
0.000000
0.000000
0.188185
1.094665
0.000000
0.408966
0.000000
0.000000
0.000000
0.000000
0.000000
0.000000
0.000000
0.000000
0.000000
0.000000
0.000000
0.000000
0.000000
0.000000
0.000000
0.000000
0.868492
0.000000
1.602992
0.000000
0.000000
0.000000
0.000000
0.000000
0.000000
0.000000
0.000000
0.000000
0.000000
0.000000
0.000000
0.000000
0.000000
0.000000
0.314029
0.000000
0.350500
0.000000
0.000000
0.000000
0.000000
1.257649
0.000000
0.000000
0.000000
0.000000
0.588392
0.000000
0.000000
0.000000
0.432334
0.000000
0.000000
0.612586
0.000000
0.000000
0.000000
0.000000
0.000000
0.000000
0.000000
0.000000
0.000000
0.000000
0.348481
0.000000
0.000000
0.000000
1.138634
0.000000
0.000000
2.109058
0.000000
0.000000
0.000000
0.000000
1.398189
0.000000
0.000000
2.000885
0.000000
0.000000
1.652256
0.000000
0.000000
0.000000
0.000000
0.000000
1.542575
1.486786
0.000000
0.000000
0.000000
0.000000
0.000000
0.000000
0.000000
0.000000
0.675624
0.000000
0.000000
0.210717
0.000000
0.000000
0.000000
1.125454
0.000000
0.000000
0.000000
0.000000
0.000000
0.000000
0.000000
0.000000
0.000000
0.883605
0.000000
0.000000
0.000000
0.000000
0.000000
0.000000
0.000000
2.933440
0.000000
0.000000
0.000000
0.000000
0.408353
0.000000
1.546942
1.207938
0.000000
0.000000
0.000000
0.000000
0.000000
0.000000
0.000000
0.000000
0.000000
0.000000
0.000000
0.749695
0.533370
0.000000
0.000000
0.000000
0.000000
0.000000
0.000000
0.000000
0.000000
0.020458
0.867764
0.000000
0.000000
0.000000
0.000000
0.000000
0.000000
0.000000
0.000000
2.492625
0.000000
0.000000
0.000000
0.000000
0.000000
0.841763
0.000000
1.686995
0.000000
0.000000
0.090813
0.000000
0.000000
0.000000
0.000000
0.000000
0.000000
0.000000
0.000000
0.000000
1.895567
0.000000
0.000000
0.263845
0.000000
0.000000
0.486584
0.000000
0.193067
0.000000
0.000000
0.000000
0.657146
0.747289
0.000000
0.000000
0.000000
2.776926
0.000000
0.000000
0.000000
0.000000
0.000000
0.000000
0.000000
0.000000
0.000000
0.465823
0.151199
0.000000
0.000000
2.595157
0.000000
0.730319
0.001238
0.000000
0.000000
0.080672
0.000000
0.000000
0.000000
0.000000
0.000000
0.000000
0.000000
2.788788
0.000000
0.000000
0.000000
0.000000
0.000000
1.069754
0.000000
0.000000
0.000000
0.000000
0.000000
0.000000
0.000000
0.000000
0.000000
0.000000
1.241391
0.454182
0.000000
0.000000
0.000000
1.228694
0.847135
0.000000
0.000000
0.000000
0.000000
0.000000
0.000000
0.000000
0.000000
0.000000
0.000000
0.000000
0.000000
0.000000
0.000000
1.396610
0.000000
0.000000
0.000000
1.743702
0.000000
0.000000
0.000000
0.000000
0.000000
0.000000
0.000000
0.000000
0.000000
0.000000
0.000000
0.000000
0.000000
0.000000
0.000000
0.000000
0.000000
0.000000
0.000000
0.430445
0.352787
0.000000
0.000000
0.558788
0.000000
0.000000
0.000000
0.000000
0.000000
0.000000
0.000000
0.000000
0.663338
0.000000
0.000000
0.884156
0.000000
0.000000
0.000000
0.000000
0.000000
0.000000
0.000000
0.000000
0.000000
0.000000
0.953665
0.000000
0.000000
0.000000
0.000000
0.000000
0.664497
0.000000
0.000000
0.000000
0.000000
0.000000
0.000000
0.000000
3.895859
0.000000
0.000000
1.774389
0.000000
0.000000
0.000000
0.821559
0.000000
0.000000
0.000000
0.000000
0.000000
0.000000
0.000000
0.000000
0.000000
0.631191
2.831727
0.000000
0.000000
0.000000
0.279594
0.000000
0.000000
0.000000
0.046895
0.000000
0.000000
0.000000
0.000000
1.540519
0.000000
0.000000
0.000000
0.000000
0.000000
0.000000
0.000000
0.000000
0.000000
0.000000
0.000000
1.379967
0.000000
0.000000
0.000000
0.000000
0.000000
0.000000
1.245323
0.000000
0.000000
0.000000
0.000000
0.000000
0.000000
1.498317
0.000000
0.000000
0.000000
0.000000
0.000000
0.000000
0.000000
0.000000
0.000000
0.000000
0.000000
0.000000
0.000000
0.000000
0.000000
0.000000
0.000000
0.000000
0.000000
0.000000
0.257620
0.000000
0.000000
0.138139
0.000000
0.000000
0.000000
1.080077
0.000000
0.903745
0.000000
0.000000
3.049645
0.000000
0.000000
0.000000
0.000000
0.000000
0.000000
0.000000
0.382919
0.018100
0.000000
0.000000
0.000000
0.000000
1.243960
0.000000
0.000000
0.000000
1.949548
0.000000
0.000000
0.000000
0.000000
0.000000
0.000000
0.000000
0.000000
0.000000
0.000000
0.000000
0.000000
0.000000
0.000000
0.621931
0.849041
2.713198
0.000000
0.000000
0.000000
0.000000
0.000000
0.000000
0.000000
0.000000
0.170107
0.000000
0.000000
0.122105
0.000000
0.404981
0.000000
0.000000
1.390578
0.000000
0.000000
0.000000
0.000000
0.000000
0.000000
0.254230
0.000000
0.000000
0.946195
0.000000
0.000000
0.000000
0.000000
1.107227
0.000000
0.000000
0.000000
0.000000
1.262997
0.000000
0.000000
0.000000
0.000000
0.000000
0.000000
0.000000
0.000000
0.000000
0.000000
0.000000
0.000000
0.000000
0.000000
0.662140
0.000000
0.000000
0.000000
0.000000
0.000000
0.000000
0.000000
0.335326
0.000000
0.000000
0.000000
0.000000
1.315843
0.000000
0.000000
0.000000
0.000000
0.000000
0.000000
0.217818
0.000000
0.000000
0.000000
0.000000
0.971256
0.000000
1.230734
0.000000
1.250478
0.000000
0.000000
0.000000
0.000000
0.000000
0.000000
0.000000
0.000000
0.000000
0.000000
0.122018
0.000000
0.000000
0.000000
0.000000
0.000000
0.000000
0.000000
0.000000
1.213647
0.324535
0.939921
0.000000
0.000000
0.000000
0.000000
0.000000
0.000000
0.000000
0.000000
0.030905
0.000000
0.000000
0.000000
0.000000
2.197314
0.000000
0.000000
0.426366
0.000000
0.000000
0.000000
0.000000
0.000000
0.000000
0.000000
0.000000
0.000000
0.000000
0.000000
0.000000
0.000000
3.184413
0.000000
0.000000
0.000000
0.768185
0.000000
0.000000
0.496237
0.000000
0.000000
2.619761
0.195649
0.000000
0.000000
1.274648
0.000000
0.000000
0.000000
0.000000
1.577040
0.000000
0.000000
0.000000
0.000000
0.000000
0.000000
0.000000
0.000000
3.870903
0.000000
0.190241
1.415707
0.000000
0.000000
0.000000
0.000000
0.000000
0.000000
0.000000
0.000000
0.000000
0.000000
0.000000
0.000000
0.000000
0.000000
0.000000
0.231628
0.000000
0.000000
0.000000
0.595211
0.000000
0.000000
0.000000
0.000000
0.000000
0.422868
0.000000
0.000000
0.485227
0.000000
0.000000
0.000000
0.000000
0.000000
0.000000
0.000000
0.000000
1.872141
0.000000
0.000000
0.000000
0.000000
0.051810
0.283611
0.465968
0.709309
0.000000
0.000000
0.000000
1.245064
0.000000
0.000000
0.000000
0.000000
0.000000
0.000000
0.000000
0.000000
0.000000
0.000000
0.000000
0.000000
0.000000
0.000000
0.000000
0.000000
0.000000
0.000000
0.000000
0.000000
0.128926
0.000000
0.000000
0.000000
0.000000
0.000000
0.000000
0.000000
1.529024
1.707297
0.000000
0.000000
0.000000
0.000000
0.000000
0.000000
0.000000
0.000000
0.186612
0.000000
0.000000
0.000000
0.000000
0.000000
1.542185
0.000000
0.000000
0.000000
0.000000
0.000000
0.000000
0.000000
1.851376
0.000000
2.217429
0.000000
0.000000
0.000000
0.000000
0.000000
0.000000
0.000000
0.000000
1.309628
0.489337
0.000000
0.000000
0.000000
0.000000
0.000000
1.511946
0.000000
0.000000
0.215710
0.000000
0.000000
0.000000
0.000000
0.000000
2.806393
0.000000
0.000000
0.000000
0.000000
0.000000
0.062939
0.000000
0.301339
0.230704
0.350416
0.323000
0.690746
0.000000
1.232619
0.000000
0.000000
0.000000
0.000000
0.000000
0.000000
0.000000
1.730476
0.000000
0.000000
0.000000
0.084542
0.000000
1.134681
0.000000
0.000000
0.000000
0.000000
0.747104
0.000000
2.286315
0.000000
0.315279
0.000000
0.000000
0.000000
0.978901
0.000000
0.000000
0.000000
0.000000
1.917485
0.000000
0.418117
0.000000
0.000000
0.000000
0.000000
0.000000
0.595709
0.000000
0.000000
0.000000
0.000000
0.403655
0.000000
0.573665
0.000000
1.860357
0.000000
0.339750
0.000000
2.557621
0.000000
0.000000
0.000000
0.000000
0.000000
0.000000
0.000000
0.000000
0.000000
0.000000
0.000000
0.000000
0.000000
0.018329
1.245321
0.000000
0.000000
0.520973
0.000000
0.000000
0.000000
0.672034
2.235547
1.394666
0.000000
0.000000
0.329376
0.087726
0.000000
0.000000
0.000000
0.000000
0.000000
0.000000
0.000000
1.350761
0.000000
0.000000
0.000000
0.000000
0.000000
0.000000
0.000000
0.000000
0.000000
0.000000
1.572520
0.000000
0.000000
0.000000
0.304543
0.000000
1.592817
0.000000
0.000000
1.346193
0.000000
0.000000
0.000000
0.000000
0.000000
1.258419
0.000000
0.000000
0.000000
0.000000
2.022230
0.000000
0.000000
0.000000
0.000000
0.000000
0.000000
0.000000
0.220838
0.000000
0.000000
0.000000
0.000000
0.000000
0.679044
0.000000
0.000000
0.000000
0.000000
0.359529
0.000000
0.000000
0.000000
0.660460
0.000000
0.222919
0.000000
0.000000
1.355059
0.000000
0.000000
0.000000
1.247802
0.000000
0.565932
0.396385
0.000000
1.392713
0.000000
0.000000
0.000000
0.372951
0.000000
2.600357
0.000000
0.000000
0.000000
1.815425
0.000000
0.000000
0.000000
0.000000
0.000000
0.000000
0.000000
0.000000
0.000000
0.000000
0.000000
0.000000
0.000000
0.478018
0.000000
0.000000
0.369671
0.000000
0.924896
0.000000
0.000000
0.000000
0.000000
0.000000
0.000000
0.000000
0.000000
0.000000
0.000000
0.500413
0.000000
0.000000
2.106601
0.000000
0.000000
1.411690
1.113908
2.575623
1.527093
0.536939
0.000000
0.000000
0.000000
0.000000
0.000000
0.962500
0.000000
0.000000
0.000000
0.193576
0.000000
0.000000
0.000000
0.000000
0.000000
0.000000
0.000000
0.127920
0.000000
0.000000
0.000000
0.000000
0.000000
1.771198
0.000000
0.000000
0.000000
1.271731
0.000000
0.000000
0.058734
0.000000
0.176101
0.000000
0.000000
0.000000
0.000000
0.000000
0.000000
0.000000
0.000000
0.000000
0.000000
0.064082
0.000000
0.000000
0.000000
0.000000
0.000000
0.000000
0.000000
0.000000
0.000000
0.000000
0.000000
0.000000
1.210722
0.271641
0.000000
0.000000
1.448608
0.000000
0.000000
0.000000
2.898643
0.000000
0.000000
0.000000
0.000000
0.377488
0.000000
0.000000
0.000000
0.000000
1.126856
0.000000
0.000000
0.000000
0.000000
0.000000
0.000000
0.000000
0.000000
0.000000
0.000000
0.567840
0.000000
0.000000
0.000000
0.000000
0.000000
0.619779
0.000000
0.000000
0.000000
0.000000
0.000000
0.000000
1.318503
0.000000
0.000000
0.000000
0.000000
0.000000
0.000000
0.000000
0.000000
0.000000
0.000000
0.000000
1.296484
0.834879
0.000000
0.000000
1.222687
0.000000
0.000000
0.925615
0.000000
0.000000
0.000000
0.000000
0.000000
0.000000
1.895752
1.675161
0.000000
0.000000
0.000000
0.000000
0.000000
0.000000
0.000000
0.000000
0.000000
0.000000
0.000000
0.000000
0.000000
0.000000
0.617660
0.000000
0.000000
0.000000
0.000000
0.167217
0.000000
0.000000
0.000000
0.000000
0.000000
0.000000
0.000000
0.000000
0.000000
0.000000
0.000000
1.499595
0.843030
0.000000
0.000000
0.000000
0.079430
0.000000
0.000000
0.000000
0.000000
0.000000
0.000000
0.000000
0.301369
0.000000
0.000000
0.000000
0.000000
0.000000
0.000000
0.000000
0.000000
0.000000
0.000000
0.000000
0.000000
0.578381
0.000000
0.396398
0.000000
0.000000
0.000000
0.000000
0.000000
0.000000
0.000000
0.000000
0.000000
0.000000
0.000000
0.000000
0.000000
0.000000
1.981957
0.000000
1.220462
0.000000
0.000000
0.000000
0.000000
0.000000
1.434915
0.976577
0.000000
0.000000
0.000000
0.000000
0.000000
0.000000
0.000000
0.000000
0.000000
1.352619
0.801272
0.000000
0.104606
0.000000
0.000000
0.371558
0.000000
0.000000
0.000000
0.000000
0.000000
0.527111
0.556060
0.000000
1.251205
0.814555
0.000000
0.000000
0.000000
0.552429
0.000000
0.000000
0.000000
0.000000
0.574079
0.676754
0.970770
0.000000
0.000000
0.085445
0.000000
0.000000
1.029194
0.065543
0.000000
1.572367
0.000000
0.000000
0.769263
0.000000
0.522409
0.064306
0.844903
0.291711
0.000000
0.000000
0.000000
0.000000
0.000000
0.000000
0.000000
0.000000
0.000000
0.000000
0.000000
0.000000
0.367130
0.360088
0.000000
0.000000
1.039761
0.000000
0.000000
0.000000
0.328390
0.000000
0.469128
0.000000
0.000000
0.000000
0.000000
0.000000
0.000000
0.000000
1.538833
0.000000
0.000000
0.000000
0.000000
0.000000
0.000000
0.221345
0.000000
0.000000
0.000000
0.000000
0.000000
0.663755
0.000000
0.000000
0.452420
0.000000
0.669362
0.000000
0.760846
0.000000
0.000000
0.838104
0.000000
0.000000
0.000000
0.000000
0.000000
0.000000
0.000000
0.000000
0.000000
0.000000
0.000000
0.000000
0.000000
0.107074
0.763365
0.000000
0.164608
0.000000
0.021533
0.000000
0.000000
0.028752
0.000000
0.000000
0.000000
0.000000
0.000000
0.000000
0.000000
0.000000
0.000000
0.000000
0.107921
0.000000
0.192988
0.000000
0.000000
1.994815
0.000000
0.000000
0.000000
0.000000
0.182011
0.000000
0.000000
0.000000
0.000000
0.000000
0.000000
0.000000
0.000000
2.921548
0.000000
0.000000
0.000000
0.000000
0.000000
0.391045
0.000000
0.000000
1.402450
0.000000
0.000000
0.000000
0.000000
0.000000
0.000000
0.000000
0.000000
0.000000
0.311281
0.000000
0.105569
0.000000
0.000000
0.000000
0.000000
4.918183
0.000000
2.069493
0.000000
0.107846
0.505444
0.000000
0.000000
0.000000
0.000000
0.000000
0.000000
0.151458
0.000000
0.000000
1.888079
0.000000
0.000000
0.000000
0.000000
0.000000
0.000000
0.000000
0.000000
0.000000
0.000000
1.697061
0.000000
0.000000
0.000000
0.000000
0.000000
0.000000
0.000000
0.000000
0.000000
0.575149
0.000000
0.000000
0.000000
2.280221
0.000000
0.000000
0.000000
0.000000
0.606517
0.000000
0.000000
0.000000
0.000000
0.000000
0.000000
2.179622
0.000000
0.000000
0.000000
0.000000
0.000000
0.000000
0.000000
0.000000
0.000000
0.000000
0.444192
0.000000
0.000000
0.000000
0.000000
0.000000
0.000000
0.000000
0.619732
0.000000
0.000000
0.000000
0.000000
0.000000
0.000000
0.365351
0.000000
0.000000
0.000000
0.829891
0.000000
0.020646
0.000000
0.000000
0.000000
0.000000
1.673754
0.000000
0.000000
2.367613
0.000000
1.495405
0.778556
0.000000
0.000000
0.855270
0.026879
1.559259
0.000000
0.000000
0.000000
0.000000
1.004262
0.000000
0.000000
0.000000
0.000000
0.000000
0.000000
0.000000
0.000000
0.000000
0.104631
0.602083
0.185890
0.000000
2.616137
0.000000
0.000000
0.000000
0.000000
0.212180
0.000000
0.000000
0.000000
0.000000
0.000000
0.000000
0.000000
0.000000
0.000000
0.000000
0.000000
0.000000
0.000000
0.000000
0.000000
0.000000
0.000000
0.000000
0.000000
0.000000
0.000000
0.000000
0.400492
0.000000
0.000000
2.704582
0.000000
0.000000
0.005393
0.000000
0.000000
0.000000
0.000000
0.000000
0.000000
0.000000
0.000000
0.000000
0.837530
0.000000
0.000000
0.000000
0.000000
1.202847
0.000000
0.000000
0.000000
0.055249
1.417006
0.219748
0.000000
0.174763
0.162693
0.000000
0.000000
0.000000
0.632372
0.000000
0.000000
0.000000
0.000000
0.000000
0.263396
0.000000
0.000000
3.256093
0.000000
0.000000
0.000000
0.000000
0.208487
0.000000
0.000000
0.000000
0.000000
0.000000
0.000000
0.000000
1.027379
0.516227
0.000000
0.000000
0.000000
0.000000
0.000000
1.148815
0.000000
0.000000
0.000000
0.000000
1.200638
0.000000
0.000000
1.289112
0.000000
1.062739
0.000000
0.000000
0.000000
0.000000
0.000000
0.000000
0.000000
0.000000
0.000000
0.000000
0.000000
0.000000
0.000000
0.060454
0.000000
0.000000
0.000000
0.000000
0.000000
0.000000
0.000000
0.537104
3.208161
0.000000
1.037820
0.000000
0.000000
1.085386
0.727941
0.000000
1.728050
0.000000
0.000000
0.000000
0.965685
0.000000
0.000000
0.000000
2.405991
0.000000
0.000000
0.000000
0.000000
0.000000
0.218580
0.036512
0.000000
0.000000
0.000000
1.654869
1.470758
0.000000
0.000000
2.283130
0.000000
0.000000
1.793341
0.000000
0.000000
0.000000
0.000000
0.000000
0.706216
0.000000
0.000000
0.160249
0.000000
0.000000
0.000000
0.000000
1.184244
0.000000
0.000000
0.000000
0.000000
0.000000
0.000000
0.000000
0.000000
0.000000
0.000000
0.000000
0.000000
0.000000
0.000000
3.709428
0.035984
0.000000
0.000000
0.000000
0.000000
0.000000
0.200118
0.704419
0.840912
0.000000
0.000000
0.000000
0.000000
0.000000
0.000000
0.000000
0.000000
0.000000
0.000000
0.000000
0.000000
0.398921
0.000000
1.150815
0.000000
0.000000
0.000000
0.533074
0.000000
0.000000
0.000000
0.000000
0.000000
2.506201
0.000000
0.000000
0.000000
0.000000
0.000000
0.000000
0.000000
0.000000
1.343948
0.000000
0.000000
0.000000
0.000000
0.000000
0.000000
0.403850
0.000000
0.000000
0.000000
0.000000
0.000000
1.287828
0.000000
0.000000
0.000000
0.000000
0.000000
0.000000
0.504660
0.526864
0.000000
0.000000
0.000000
0.000000
0.000000
0.000000
0.000000
0.000000
0.000000
0.000000
0.000000
0.000000
0.000000
0.000000
0.000000
0.000000
0.000000
0.000000
0.000000
0.000000
0.000000
0.000000
0.186342
0.000000
0.000000
0.000000
1.822828
0.000000
0.000000
0.000000
0.703610
0.000000
0.000000
0.000000
0.000000
0.278613
0.000000
0.000000
0.175184
0.000000
0.000000
0.000000
0.000000
0.000000
0.000000
0.000000
0.000000
0.000000
1.151175
0.529526
0.000000
0.000000
0.000000
0.000000
0.000000
0.000000
0.000000
0.000000
0.000000
0.077026
0.000000
0.000000
0.000000
0.000000
0.000000
0.000000
0.000000
0.000000
0.913726
0.000000
0.000000
0.000000
0.000000
0.000000
0.078000
0.180828
0.000000
0.000000
0.000000
0.000000
0.000000
1.424073
0.000000
0.000000
0.000000
0.000000
0.000000
0.000000
0.000000
0.000000
0.452904
0.000000
0.567281
0.000000
0.000000
1.343775
0.000000
0.000000
0.127673
0.185653
0.000000
0.000000
0.000000
0.000000
0.000000
0.000000
0.000000
0.000000
0.000000
0.000000
0.000000
0.000000
0.000000
0.000000
0.000000
0.000000
0.899541
1.618748
0.000000
0.000000
0.000000
1.242411
0.000000
0.000000
0.000000
0.000000
0.000000
0.000000
0.979406
0.000000
0.000000
0.000000
1.212246
0.000000
2.108587
0.000000
0.000000
0.000000
0.000000
0.000000
0.000000
0.000000
0.000000
0.000000
0.000000
0.138609
0.000000
0.000000
0.000000
0.270947
2.666795
0.000000
0.180492
0.000000
1.313281
0.000000
0.000000
0.707859
0.000000
0.000000
0.000000
0.467921
1.475031
0.071410
0.000000
0.000000
0.000000
0.363910
0.000000
0.000000
0.000000
0.000000
0.000000
0.000000
0.000000
2.521425
0.000000
0.000000
0.000000
1.307908
0.000000
0.000000
0.000000
0.000000
0.000000
0.040562
0.000000
0.000000
0.000000
0.000000
0.000000
0.000000
0.000000
0.000000
0.000000
0.000000
0.000000
0.285184
0.000000
1.405774
0.000000
0.000000
0.000000
0.000000
0.000000
0.000000
0.000000
0.000000
0.605889
0.000000
0.000000
0.000000
0.000000
0.000000
0.405071
0.000000
0.000000
0.502981
0.000000
0.000000
0.000000
0.000000
0.000000
0.000000
0.000000
0.000000
0.000000
0.000000
0.000000
0.000000
0.000000
0.000000
0.000000
0.296743
0.000000
0.000000
0.000000
0.188734
0.000000
0.000000
0.000000
0.000000
0.000000
0.826911
0.000000
0.000000
0.821788
0.000000
0.000000
1.317137
0.000000
0.000000
0.000000
0.000000
0.000000
0.460093
0.000000
0.000000
0.000000
0.000000
0.000000
0.000000
0.000000
0.000000
0.000000
0.000000
0.000000
0.000000
0.000000
0.000000
0.000000
0.309342
0.000000
0.000000
0.000000
0.000000
1.913918
0.000000
1.577070
0.000000
0.000000
0.407190
0.000000
2.099670
0.214765
0.000000
0.000000
0.000000
0.000000
0.000000
0.000000
0.000000
0.000000
0.000000
0.000000
0.000000
1.370161
0.385691
0.000000
0.793455
0.000000
0.000000
0.000000
0.202511
1.464207
0.000000
0.000000
0.000000
0.000000
0.000000
0.000000
1.370566
0.632929
0.000000
0.674821
0.000000
0.000000
0.311958
0.000000
0.000000
0.000000
0.000000
0.000000
0.000000
0.016010
0.000000
0.000000
0.000000
0.625706
0.000000
0.000000
0.000000
0.000000
0.000000
0.000000
0.000000
2.653102
0.000000
0.000000
0.000000
0.000000
0.314553
0.000000
0.000000
0.000000
0.000000
2.024992
0.000000
0.000000
0.000000
0.229621
0.000000
1.310546
0.000000
0.000000
0.000000
0.803624
0.000000
0.000000
0.000000
0.000000
0.000000
0.586178
0.000000
0.000000
0.000000
0.001744
0.000000
0.000000
0.000000
0.000000
0.000000
0.000000
0.000000
0.000000
0.000000
0.000000
0.000000
0.164559
0.000000
0.000000
0.000000
0.000000
0.000000
0.000000
0.000000
0.000000
0.000000
