0.000000
0.000000
0.000000
0.000000
0.000000
0.000000
0.475030
0.000000
0.475212
0.487768
0.000000
0.624111
0.000000
0.637171
0.000000
0.000000
0.448067
0.000000
0.000000
0.000000
0.000000
0.000000
0.000000
0.690594
0.000000
0.000000
0.000000
0.000000
0.000000
3.515186
0.000000
0.000000
0.000000
0.000000
0.000000
0.000000
0.236540
0.000000
0.000000
0.000000
2.371785
0.000000
0.000000
0.000000
0.000000
0.114446
0.000000
0.654375
0.000000
0.000000
0.000000
0.000000
0.000000
0.000000
0.000000
0.000000
0.000000
0.000000
0.000000
0.000000
0.000000
0.000000
0.853161
0.000000
0.000000
0.000000
0.000000
0.000000
0.000000
0.000000
0.000000
0.000000
0.000000
0.000000
0.000000
0.000000
0.000000
1.361110
0.000000
1.063341
0.000000
1.223024
0.000000
0.000000
0.000000
0.000000
0.000000
0.000000
1.317241
0.000000
0.000000
0.222946
0.000000
0.000000
0.000000
0.000000
0.000000
0.000000
0.000000
2.115689
0.000000
0.000000
0.000000
0.000000
0.000000
0.000000
0.000000
0.000000
0.000000
0.000000
0.000000
0.000000
0.000000
0.000000
0.000000
0.583517
0.000000
0.000000
0.212661
0.000000
0.000000
0.000000
1.647836
0.000000
0.000000
1.758112
0.000000
0.000000
0.000000
0.000000
0.000000
0.000000
0.000000
0.000000
1.316330
0.000000
0.000000
0.943416
0.000000
0.000000
0.000000
0.000000
2.082103
0.000000
0.000000
0.000000
0.000000
0.000000
0.000000
0.000000
0.000000
0.000000
0.000000
0.022396
0.000000
0.000000
0.000000
0.627223
0.000000
0.000000
0.000000
0.000000
0.000000
0.846198
0.000000
0.000000
0.000000
0.000000
0.000000
0.000000
0.000000
1.293895
0.000000
1.864394
0.000000
0.000000
0.000000
0.000000
0.000000
0.000000
0.000000
0.000000
0.000000
0.000000
0.000000
0.000000
0.000000
0.000000
0.000000
0.000000
0.000000
0.000000
0.000000
0.000000
0.000000
0.000000
0.000000
0.000000
0.000000
0.000000
0.000000
0.000000
0.000000
0.000000
0.000000
0.000000
0.000000
0.000000
0.000000
0.000000
0.000000
0.000000
0.000000
0.374885
0.000000
0.000000
0.000000
0.000000
0.000000
0.000000
0.000000
0.000000
0.000000
0.000000
0.000000
0.000000
0.000000
0.779898
0.000000
1.355234
0.000000
0.000000
0.000000
0.000000
0.000000
0.000000
0.000000
0.000000
0.000000
0.000000
0.000000
0.314806
0.000000
0.000000
0.324012
2.295291
0.000000
0.000000
0.000000
0.000000
0.000000
0.293064
0.000000
0.942525
0.000000
0.000000
0.000000
0.000000
0.000000
0.000000
0.680882
1.265894
0.000000
0.000000
0.298456
0.000000
0.998219
0.000000
0.000000
0.000000
0.000000
0.229764
0.000000
0.000000
0.000000
0.000000
0.594443
0.000000
0.000000
0.000000
0.689525
0.000000
0.030919
0.000000
0.000000
0.000000
0.000000
0.000000
1.338700
0.000000
0.000000
0.445483
0.000000
0.000000
0.000000
0.000000
0.000000
0.000000
0.724897
0.418655
0.000000
0.000000
0.790976
0.000000
0.000000
0.000000
0.000000
0.000000
0.000000
0.000000
0.379533
0.666854
0.236731
0.000000
0.000000
0.000000
0.000000
0.000000
0.000000
0.000000
0.937587
0.388714
1.090664
0.000000
0.047385
0.000000
0.000000
0.000000
0.000000
0.000000
0.000000
0.000000
0.000000
1.323605
0.000000
0.000000
0.000000
2.646906
0.000000
0.000000
0.000000
0.000000
0.000000
1.543389
0.000000
0.000000
0.000000
0.000000
0.000000
0.000000
0.000000
0.000000
0.000000
0.000000
0.000000
0.000000
0.000000
0.000000
0.000000
0.000000
0.000000
0.000000
0.000000
0.875542
0.000000
0.000000
0.000000
0.000000
1.380515
0.000000
0.000000
0.000000
0.000000
0.000000
0.000000
2.852217
0.000000
0.257506
1.126890
0.000000
0.000000
0.000000
0.000000
0.000000
0.000000
0.000000
0.000000
0.803231
0.000000
0.000000
0.000000
0.639382
0.784497
0.000000
0.000000
0.000000
0.302492
0.000000
0.000000
0.616865
0.000000
0.000000
0.000000
0.000000
0.000000
0.000000
0.000000
0.000000
0.000000
0.000000
0.000000
0.802167
0.000000
0.000000
0.000000
0.000000
1.427494
0.063757
0.000000
0.000000
0.000000
0.000000
0.000000
0.000000
0.000000
0.000000
0.000000
0.000000
0.000000
0.000000
0.000000
0.000000
0.000000
0.000000
0.000000
0.000000
1.389922
0.000000
0.000000
0.000000
0.000000
1.003881
0.000000
0.000000
3.238645
1.463323
2.126341
0.000000
0.000000
0.000000
0.000000
0.439770
0.000000
0.000000
0.000000
0.000000
0.000000
0.000000
0.000000
0.000000
1.642524
0.000000
0.000000
0.000000
0.000000
0.000000
0.000000
0.199783
0.000000
0.000000
0.000000
0.000000
0.000000
0.000000
0.000000
0.000000
0.000000
0.000000
0.000000
0.000000
0.000000
1.470089
0.000000
0.000000
0.000000
0.119522
0.000000
0.000000
0.000000
0.000000
0.000000
0.000000
1.723843
0.000000
0.000000
0.442250
0.000000
0.000000
0.000000
0.000000
0.000000
0.000000
0.000000
0.000000
0.000000
0.158578
0.000000
0.000000
0.000000
0.000000
0.000000
0.000000
0.000000
0.000000
0.000000
0.000000
0.789336
1.381439
0.000000
0.000000
0.000000
0.002696
0.000000
0.000000
0.000000
0.633590
0.000000
0.000000
0.000000
0.000000
0.000000
0.718717
0.000000
0.338644
0.000000
0.000000
0.000000
0.000000
0.000000
0.000000
0.000000
0.000000
0.000000
0.000000
0.000000
0.000000
0.000000
0.000000
0.000000
0.000000
0.000000
0.000000
0.227608
2.600397
0.000000
0.000000
0.146935
0.000000
0.000000
0.000000
0.000000
0.000000
0.000000
0.000000
0.000000
0.000000
0.000000
0.000000
0.000000
0.000000
0.000000
0.000000
0.000000
0.000000
1.668637
0.000000
0.000000
0.000000
0.000000
0.000000
0.000000
0.000000
0.000000
0.000000
0.000000
0.000000
2.003866
0.000000
0.000000
0.000000
0.281584
0.000000
0.000000
0.000000
1.242951
0.013971
0.000000
0.000000
0.000000
1.117204
0.000000
0.000000
0.000000
0.000000
0.000000
0.045882
0.000000
0.000000
0.000000
0.000000
0.000000
1.672995
0.000000
0.000000
0.000000
0.000000
0.000000
0.000000
0.000000
0.000000
0.000000
1.922467
0.000000
0.000000
0.070906
0.623543
0.000000
2.652588
0.000000
0.124289
0.000000
0.000000
0.000000
0.000000
0.000000
0.480720
2.787750
0.000000
0.000000
0.000000
0.000000
1.093257
0.000000
0.089475
0.000000
0.000000
0.000000
0.000000
0.000000
0.000000
0.000000
0.541500
0.000000
0.000000
0.000000
0.000000
0.000000
0.097699
0.000000
0.294563
0.000000
0.000000
0.455091
0.000000
0.411536
0.000000
0.000000
0.000000
0.341556
0.000000
0.000000
0.000000
0.000000
0.099476
0.000000
0.485512
2.112409
0.000000
0.000000
0.000000
0.000000
0.542756
0.000000
0.000000
0.000000
0.000000
0.000000
0.285935
0.000000
0.000000
0.305824
0.000000
0.000000
0.000000
0.000000
0.000000
0.000000
0.000000
0.000000
0.425179
1.018390
0.000000
0.000000
0.006796
0.000000
0.000000
0.399986
0.051039
0.000000
0.000000
0.000000
0.000000
0.125807
1.666539
0.000000
0.000000
0.634275
0.000000
0.000000
0.000000
0.000000
0.000000
0.000000
0.000000
0.000000
0.602201
0.000000
0.000000
0.553353
1.710413
0.000000
0.303716
0.000000
0.000000
0.000000
0.000000
0.000000
0.000000
0.000000
0.000000
0.000000
0.000000
0.000000
0.000000
0.000000
0.000000
0.000000
0.000000
0.000000
0.000000
0.000000
0.000000
1.289742
0.000000
0.000000
0.000000
0.000000
0.000000
0.000000
0.000000
0.000000
0.000000
0.000000
0.000000
0.266816
0.000000
0.000000
0.000000
0.000000
0.000000
0.894301
0.000000
0.000000
0.000000
0.153547
0.000000
0.000000
0.000000
0.000000
0.000000
0.000000
0.000000
0.000000
0.000000
0.000000
0.767151
0.000000
0.000000
0.000000
0.000000
0.000000
0.000000
0.000000
0.000000
0.000000
0.000000
0.000000
0.000000
0.000000
0.000000
1.645281
0.000000
0.000000
0.000000
0.000000
0.000000
0.313615
0.000000
0.000000
0.000000
0.000000
0.666920
0.000000
0.000000
0.000000
1.284000
0.000000
0.000000
0.000000
0.000000
0.000000
0.000000
0.000000
0.000000
0.000000
0.000000
0.000000
0.000000
0.000000
0.000000
0.220870
0.000000
0.000000
0.789743
0.000000
0.000000
0.000000
0.000000
0.729413
0.000000
0.000000
0.000000
0.000000
0.000000
0.000000
0.000000
1.115529
0.217726
0.000000
0.000000
0.000000
0.567160
0.000000
0.000000
0.000000
0.000000
0.000000
0.000000
0.000000
0.000000
0.000000
0.000000
0.000000
0.000000
0.000000
0.000000
0.000000
0.000000
0.263215
0.960248
0.000000
0.239727
2.340542
0.000000
1.537377
0.000000
2.342901
0.000000
0.000000
0.000000
0.000000
0.000000
0.000000
0.000000
0.000000
0.000000
0.000000
0.000000
0.000000
0.000000
0.000000
0.000000
0.000000
1.850885
0.000000
0.000000
0.000000
0.000000
0.000000
0.000000
0.000000
1.935732
0.000000
0.000000
0.000000
0.000000
0.000000
0.000000
0.000000
0.000000
0.000000
0.000000
0.000000
0.000000
0.000000
0.000000
0.024776
0.000000
0.000000
0.000000
2.065586
1.614713
0.000000
0.000000
0.000000
3.098156
0.000000
0.445176
0.882952
0.000000
2.156156
2.233590
0.000000
0.000000
0.077647
0.000000
0.000000
0.000000
0.000000
0.000000
0.000000
0.000000
0.000000
0.134188
0.000000
0.000000
0.000000
0.000000
0.000000
0.000000
0.000000
0.000000
0.987818
0.000000
0.000000
0.000000
0.000000
0.000000
0.000000
1.346993
0.000000
0.000000
0.000000
0.000000
0.484629
0.000000
0.000000
0.000000
0.000000
0.000000
0.000000
0.292862
0.000000
0.000000
0.000000
0.000000
0.000000
1.240124
0.000000
0.000000
0.000000
0.000000
0.000000
0.000000
0.000000
0.000000
0.000000
0.517883
0.000000
0.000000
0.000000
0.000000
0.000000
0.000000
0.000000
2.015217
0.000000
0.204521
0.000000
0.000000
0.000000
0.000000
0.000000
2.406554
0.000000
0.000000
0.000000
0.000000
0.000000
0.000000
0.000000
0.354415
2.010655
0.000000
0.000000
0.000000
0.636983
0.000000
0.000000
0.000000
0.000000
1.458697
0.000000
0.000000
0.000000
0.000000
0.000000
0.254526
0.689299
0.000000
0.000000
0.000000
0.000000
0.000000
0.000000
0.000000
3.590700
0.000000
0.000000
1.648586
0.000000
0.000000
0.000000
0.116640
0.000000
0.000000
0.000000
0.000000
0.000000
0.739855
0.000000
0.000000
0.302620
0.000000
0.000000
0.000000
0.000000
0.000000
0.299401
0.000000
0.000000
0.000000
0.000000
0.000000
0.000000
0.000000
0.000000
0.000000
1.012426
0.000000
0.000000
0.000000
0.000000
0.000000
0.000000
0.000000
0.000000
0.000000
0.000000
0.000000
0.000000
0.000000
0.000000
0.000000
0.000000
0.000000
0.000000
0.000000
0.000000
0.519979
0.000000
0.000000
0.000000
0.000000
0.811294
0.641559
0.000000
0.000000
0.000000
0.000000
0.000000
0.000000
0.790687
0.000000
0.000000
0.000000
0.000000
0.000000
0.000000
1.739533
0.000000
0.000000
0.000000
0.000000
0.000000
0.000000
0.955300
0.000000
1.607632
0.000000
0.000000
0.000000
0.000000
0.000000
0.000000
0.000000
0.000000
0.000000
0.000000
0.000000
0.000000
0.000000
0.592683
0.000000
0.000000
0.000000
0.000000
0.000000
0.000000
0.000000
0.000000
0.700567
0.000000
0.366707
0.000000
0.000000
0.000000
0.000000
0.000000
0.000000
0.000000
0.000000
0.151683
0.000000
0.070179
0.000000
0.000000
0.000000
0.817816
0.311591
1.826310
0.000000
0.000000
0.000000
1.539613
0.184498
0.000000
0.000000
0.000000
0.000000
0.000000
0.000000
0.000000
0.000000
0.000000
0.000000
0.000000
0.000000
0.000000
0.000000
0.000000
0.794732
0.000000
0.000000
0.000000
0.000000
0.199233
0.000000
0.000000
0.000000
1.145732
0.000000
0.000000
0.000000
0.000000
0.000000
0.000000
0.000000
1.559605
0.000000
0.584131
0.000000
0.000000
0.000000
0.000000
0.000000
0.000000
0.000000
0.000000
0.000000
0.000000
0.000000
0.630803
0.000000
0.000000
0.000000
0.000000
0.000000
0.000000
0.000000
0.981521
0.000000
0.000000
2.204932
0.349787
0.000000
0.000000
0.000000
0.000000
0.000000
0.000000
0.817120
0.000000
1.882587
0.000000
0.000000
0.000000
0.000000
0.000000
1.548396
2.266998
0.659532
0.000000
1.644012
0.000000
0.000000
0.000000
0.000000
0.000000
0.000000
0.000000
0.046848
0.011320
0.000000
0.000000
0.000000
0.000000
0.000000
0.000000
0.000000
0.000000
0.000000
2.351938
0.000000
0.000000
0.000000
0.000000
0.000000
0.000000
0.000000
0.000000
1.749826
0.000000
0.000000
0.000000
0.000000
2.260164
0.447788
0.000000
0.000000
0.000000
0.000000
0.000000
0.000000
0.000000
0.000000
0.000000
0.000000
0.440347
0.000000
0.966957
0.000000
0.000000
0.000000
0.000000
0.000000
0.000000
0.886221
0.000000
0.000000
0.000000
0.000000
0.000000
0.000000
0.000000
0.000000
0.000000
0.000000
0.000000
0.000000
0.000000
0.000000
0.000000
0.000000
0.000000
0.000000
1.119805
0.000000
0.596424
0.000000
0.000000
0.000000
0.000000
0.000000
0.398156
0.000000
0.000000
0.000000
0.000000
0.000000
0.162484
0.000000
0.000000
0.000000
0.000000
0.000000
1.321417
0.454770
0.000000
0.450774
0.000000
0.000000
0.000000
0.000000
0.000000
0.221626
0.000000
0.853145
0.000000
0.000000
0.000000
0.833648
0.000000
0.000000
1.120685
0.000000
0.000000
0.000000
0.000000
0.000000
0.000000
1.329082
0.000000
0.000000
1.562920
1.985193
0.000000
0.164181
0.920075
0.000000
0.000000
0.000000
0.000000
0.000000
3.875124
0.000000
0.000000
0.000000
1.613105
0.000000
0.191949
0.000000
0.000000
0.000000
0.000000
0.409887
0.000000
0.000000
0.000000
0.000000
0.000000
0.000000
0.029163
0.000000
0.000000
3.723367
0.000000
0.000000
0.000000
0.000000
0.000000
2.663746
3.796007
0.000000
0.000000
0.000000
0.000000
0.374821
0.000000
0.000000
0.000000
0.000000
0.316675
0.000000
0.000000
0.000000
0.000000
0.000000
0.000000
0.000000
0.000000
0.106817
0.467934
0.000000
0.000000
0.000000
0.312338
0.000000
0.003951
0.000000
0.000000
0.000000
0.000000
0.000000
0.000000
1.404959
0.000000
0.000000
0.000000
0.000000
0.000000
3.034762
0.000000
0.000000
0.000000
0.000000
0.851102
1.370344
0.525001
0.000000
0.093821
0.000000
0.000000
0.333050
0.000000
0.000000
0.000000
0.000000
0.000000
0.000000
0.711611
1.597864
0.000000
2.484596
0.000000
0.000000
0.000000
0.000000
0.000000
0.000000
0.000000
0.981571
0.000000
0.000000
0.000000
0.787685
0.000000
0.000000
0.000000
0.272632
0.299693
0.000000
0.000000
1.178551
0.000000
0.000000
2.218668
0.000000
0.000000
0.888154
0.000000
0.000000
0.000000
0.000000
0.000000
0.897440
0.000000
1.169631
0.000000
0.000000
0.095443
3.881314
0.000000
0.000000
0.000000
0.000000
0.000000
0.000000
0.000000
0.000000
0.000000
0.000000
0.000000
0.000000
0.785227
0.273841
0.000000
0.433174
0.000000
0.000000
0.000000
0.000000
0.000000
0.000000
0.000000
0.000000
0.971891
0.000000
0.000000
0.780688
0.000000
0.000000
0.000000
1.578785
0.000000
0.000000
0.000000
0.000000
0.000000
0.000000
0.000000
0.000000
0.000000
2.440011
0.000000
0.000000
0.000000
0.000000
0.000000
0.000000
0.000000
0.000000
0.000000
0.000000
0.000000
0.000000
0.000000
0.000000
0.000000
0.000000
0.000000
0.000000
2.308385
0.000000
0.575797
0.000000
0.000000
0.000000
0.000000
0.000000
0.000000
0.000000
0.000000
0.000000
0.000000
0.000000
0.000000
0.000000
0.747151
0.086979
0.000000
0.000000
0.000000
0.000000
0.000000
0.000000
0.000000
0.000000
0.000000
0.000000
0.000000
0.178745
0.038164
0.000000
0.000000
0.000000
0.000000
1.700142
0.000000
0.000000
0.000000
0.000000
0.000000
0.000000
1.883605
0.000000
0.000000
0.000000
0.000000
0.000000
1.827874
0.000000
0.000000
0.000000
0.000000
0.000000
0.772382
0.000000
0.000000
0.000000
0.000000
0.040190
0.000000
0.000000
0.000000
0.000000
0.000000
0.000000
0.028291
0.481394
0.000000
0.272111
0.000000
0.000000
0.000000
0.000000
0.000000
0.000000
0.000000
0.832362
0.000000
0.000000
0.926596
0.000000
0.448028
0.000000
0.000000
1.598909
0.000000
0.949599
0.000000
0.000000
0.000000
0.000000
0.000000
0.000000
0.049341
0.652427
0.569892
0.000000
0.000000
0.058434
0.000000
0.000000
0.000000
0.000000
0.000000
0.000000
0.000000
0.000000
0.000000
0.097383
0.000000
0.000000
0.000000
0.000000
0.000000
0.000000
0.000000
1.700978
0.864834
0.000000
0.000000
0.000000
1.121721
0.000000
0.314369
0.000000
0.000000
2.156587
0.000000
0.000000
0.000000
0.000000
0.000000
0.000000
0.000000
0.000000
0.000000
0.000000
0.000000
0.000000
0.000000
0.000000
0.000000
0.000000
0.000000
0.999440
0.000000
0.000000
0.000000
1.530667
0.000000
0.000000
0.000000
0.000000
0.815461
0.000000
0.000000
1.775949
0.000000
0.000000
0.000000
0.220173
0.000000
0.000000
2.880342
0.000000
0.000000
0.000000
0.000000
0.000000
0.000000
0.000000
0.000000
0.000000
0.000000
1.408171
0.000000
0.000000
0.000000
0.000000
0.000000
0.455338
0.180954
0.439052
0.000000
0.000000
1.976269
0.000000
0.000000
0.000000
0.000000
0.000000
0.000000
0.000000
0.000000
0.000000
0.000000
1.646657
0.000000
0.000000
0.000000
0.000000
0.000000
1.187704
0.000000
0.000000
0.000000
0.000000
0.000000
0.000000
0.000000
0.000000
0.000000
0.000000
0.240828
0.000000
0.000000
0.000000
0.000000
0.000000
0.000000
1.051046
3.192972
0.000000
0.000000
0.010945
0.000000
0.446714
0.000000
0.000000
0.289929
0.000000
0.264103
0.000000
0.000000
0.000000
0.572926
0.000000
0.000000
0.885340
0.000000
0.000000
0.000000
0.525499
0.000000
0.000000
0.000000
0.000000
0.000000
0.000000
0.000000
0.000000
0.000000
0.000000
0.000000
0.000000
0.450942
0.000000
0.000000
0.000000
0.000000
0.000000
0.962661
0.000000
0.000000
0.000000
0.000000
0.598515
0.000000
0.000000
0.000000
0.000000
0.000000
0.000000
0.000000
0.000000
0.000000
0.000000
0.000000
0.000000
0.000000
0.000000
0.000000
0.000000
0.609204
0.000000
0.000000
0.000000
0.000000
0.000000
0.000000
0.000000
0.000000
0.000000
0.000000
0.000000
0.000000
0.000000
0.000000
0.000000
0.000000
0.000000
0.000000
0.000000
0.000000
0.000000
0.000000
0.000000
0.000000
0.070849
0.000000
0.000000
0.000000
0.500292
0.315174
0.000000
0.000000
1.369432
0.000000
0.000000
0.000000
0.000000
0.000000
0.000000
0.000000
0.000000
0.658323
0.000000
0.000000
0.012765
0.000000
0.000000
0.000000
0.000000
0.000000
1.881508
0.000000
0.000000
0.000000
0.046919
0.000000
0.000000
0.366265
0.000000
0.000000
0.000000
0.000000
0.000000
0.000000
0.000000
0.000000
0.000000
0.000000
0.000000
0.000000
0.220216
0.000000
0.000000
0.000000
0.000000
0.000000
0.000000
0.000000
0.000000
0.000000
0.000000
1.014229
0.094944
0.000000
0.000000
0.000000
0.000000
0.000000
0.193124
0.000000
0.000000
0.000000
0.526640
0.000000
0.000000
0.000000
0.000000
0.000000
0.000000
0.000000
0.000000
4.917954
0.000000
0.000000
0.000000
0.000000
1.352307
0.000000
0.000000
0.000000
0.000000
0.283673
0.000000
0.000000
0.000000
0.000000
0.000000
0.041821
2.177859
0.000000
0.000000
0.000000
0.000000
0.000000
0.000000
0.000000
0.000000
0.000000
0.000000
0.000000
0.000000
0.000000
0.000000
0.000000
0.000000
0.000000
0.000000
0.467565
0.000000
1.052872
0.000000
0.000000
0.000000
0.000000
0.000000
0.000000
0.000000
0.000000
0.000000
0.000000
0.000000
0.000000
0.000000
0.288931
0.000000
0.099112
0.000000
0.000000
0.000000
0.000000
0.000000
0.000000
0.000000
0.548370
0.000000
1.856521
0.000000
0.000000
0.000000
0.000000
0.000000
0.000000
0.000000
0.000000
2.606056
0.000000
0.000000
0.000000
0.000000
0.000000
0.000000
0.000000
0.000000
0.000000
0.000000
0.000000
0.000000
0.000000
0.000000
0.968067
0.000000
0.000000
0.000000
0.521156
0.000000
0.000000
0.000000
0.000000
0.000000
0.228080
0.763441
0.000000
0.000000
2.975176
0.000000
0.000000
0.000000
0.000000
0.000000
0.080072
0.000000
0.000000
0.000000
0.540477
0.000000
0.000000
0.000000
0.000000
0.000000
0.078015
0.000000
0.000000
0.000000
0.000000
0.000000
0.000000
0.000000
0.000000
0.000000
0.000000
0.000000
0.000000
0.000000
0.000000
0.000000
0.000000
0.000000
0.000000
0.000000
0.000000
0.000000
0.000000
0.000000
0.000000
3.078015
0.000000
0.000000
0.000000
0.000000
0.906407
0.000000
0.635991
0.644233
0.000000
0.000000
0.000000
0.000000
0.000000
0.000000
0.000000
0.000000
0.000000
0.000000
0.000000
0.000000
0.000000
0.000000
0.000000
0.000000
0.000000
0.000000
1.535726
0.000000
0.000000
0.000000
1.840366
0.000000
0.000000
0.000000
0.000000
0.000000
0.000000
0.000000
0.000000
1.059696
0.000000
0.000000
0.000000
0.000000
0.000000
0.000000
0.000000
1.525864
0.000000
0.000000
0.623229
1.034826
0.000000
0.000000
0.000000
0.000000
0.000000
0.000000
0.000000
0.000000
1.292531
0.000000
0.000000
0.000000
0.000000
0.000000
0.000000
0.000000
0.000000
0.000000
0.000000
0.000000
0.000000
0.000000
0.000000
0.000000
0.000000
0.168804
0.000000
0.000000
0.000000
0.000000
0.000000
0.000000
0.578678
0.000000
0.000000
0.000000
0.000000
0.000000
0.000000
0.947533
0.000000
1.253711
0.000000
0.000000
0.425507
0.000000
0.000000
0.000000
0.000000
0.000000
0.000000
0.000000
0.000000
1.999143
0.000000
0.000000
0.000000
0.000000
0.000000
0.145165
0.000000
0.000000
1.060850
0.000000
0.732000
0.000000
0.000000
0.000000
0.000000
0.000000
0.000000
0.000000
0.000000
0.000000
0.000000
0.000000
0.000000
0.000000
0.000000
0.000000
0.000000
0.000000
0.000000
0.227574
0.000000
0.000000
0.000000
0.000000
0.000000
0.000000
0.012753
0.000000
0.170185
0.000000
0.000000
1.426295
0.000000
0.000000
0.000000
0.000000
0.000000
0.000000
0.000000
0.000000
0.000000
0.000000
0.504874
0.000000
0.000000
0.000000
0.000000
0.000000
0.555032
0.000000
0.000000
0.000000
1.061520
0.000000
0.000000
0.389771
0.000000
0.000000
0.000000
0.000000
0.000000
0.000000
0.000000
0.000000
0.782268
0.000000
0.000000
0.000000
0.000000
0.000000
0.000000
0.000000
0.000000
0.000000
0.000000
0.000000
0.000000
0.000000
0.934006
0.000000
0.000000
0.000000
0.000000
0.000000
0.000000
0.000000
0.000000
0.000000
0.000000
0.000000
0.000000
0.000000
2.098441
0.000000
0.000000
2.028500
0.000000
0.000000
0.000000
0.000000
0.000000
0.000000
0.000000
0.000000
0.000000
0.000000
0.000000
0.000000
0.000000
0.441278
1.521639
0.000000
0.000000
0.000000
1.190013
0.000000
0.000000
0.000000
0.000000
0.000000
0.000000
0.000000
0.000000
0.878792
0.000000
0.000000
0.000000
0.000000
0.000000
0.000000
0.000000
0.000000
0.000000
0.000000
0.000000
0.325153
0.000000
0.000000
0.000000
0.000000
0.000000
0.454351
2.156132
0.000000
0.000000
0.000000
0.000000
0.334313
0.000000
2.976692
0.000000
0.000000
0.000000
0.000000
0.000000
0.000000
0.000000
0.000000
0.000000
0.000000
0.000000
0.000000
0.000000
0.000000
0.000000
0.000000
0.000000
0.000000
0.270344
0.000000
0.000000
0.000000
0.000000
0.000000
0.000000
0.000000
0.000000
1.050732
0.000000
1.957958
0.000000
0.000000
0.804140
0.000000
0.000000
0.318982
0.000000
0.000000
0.000000
0.000000
0.000000
0.324363
0.000000
0.000000
0.000000
0.000000
0.109176
1.149375
0.000000
0.000000
2.449028
0.000000
0.000000
0.000000
0.000000
0.000000
0.000000
0.640142
0.000000
0.000000
0.000000
0.000000
0.000000
0.000000
0.000000
1.987551
0.000000
0.789010
0.000000
0.000000
0.000000
0.000000
0.000000
0.056254
0.000000
0.682445
0.228812
0.657854
0.000000
0.000000
0.000000
0.000000
0.000000
0.000000
2.100856
0.395406
0.000000
0.000000
0.000000
0.000000
0.000000
0.793182
0.000000
0.000000
0.000000
0.000000
0.000000
0.000000
0.000000
0.000000
2.520223
0.392145
0.000000
0.000000
2.237957
0.000000
0.000000
0.000000
0.000000
0.000000
0.000000
0.000000
0.000000
0.000000
0.000000
0.000000
0.000000
0.000000
0.828719
0.000000
0.000000
0.074019
0.000000
0.000000
0.000000
0.000000
0.000000
0.880489
0.000000
0.000000
0.000000
0.000000
0.000000
0.000000
0.000000
0.000000
0.000000
0.000000
0.000000
0.526477
0.000000
0.247910
0.000000
2.414062
0.000000
1.076786
0.000000
0.000000
1.820082
0.717069
0.000000
0.000000
0.000000
1.350719
0.000000
0.000000
0.000000
0.000000
0.597032
0.000000
0.097100
0.000000
0.000000
0.000000
0.000000
0.401046
0.000000
0.000000
2.680461
0.000000
0.000000
0.000000
0.000000
0.000000
0.000000
0.000000
0.000000
0.000000
0.000000
0.000000
0.000000
0.000000
0.000000
0.000000
1.207533
0.000000
0.000000
1.056651
0.000000
0.000000
0.000000
0.000000
0.000000
0.000000
0.000000
0.000000
0.000000
0.000000
0.000000
0.000000
0.000000
1.198650
0.000000
0.000000
0.000000
1.275989
0.000000
0.000000
0.000000
0.783777
0.000000
1.826446
0.141567
0.000000
0.000000
0.000000
0.000000
0.000000
0.000000
0.000000
0.332758
0.000000
0.000000
0.000000
0.000000
0.000000
0.000000
0.000000
0.000000
2.521755
0.000000
0.000000
3.290198
0.000000
0.000000
0.000000
0.181655
0.000000
0.000000
0.000000
0.000000
0.000000
0.000000
0.000000
0.000000
0.000000
0.000000
0.000000
0.690673
0.000000
0.000000
0.000000
0.000000
1.294986
0.000000
0.000000
0.000000
0.000000
0.000000
0.000000
0.000000
0.000000
0.000000
0.000000
0.000000
0.000000
0.000000
0.000000
0.192076
0.000000
0.000000
0.000000
0.000000
0.000000
0.000000
0.000000
0.103849
0.450131
0.000000
0.000000
0.000000
0.000000
0.000000
0.000000
0.000000
0.000000
0.000000
0.000000
0.000000
0.000000
0.000000
0.000000
0.000000
0.000000
0.000000
0.000000
0.000000
0.000000
0.000000
0.000000
0.051886
0.000000
0.000000
0.000000
0.000000
0.000000
0.000000
0.000000
0.000000
0.000000
0.000000
1.386686
0.000000
2.267223
0.309672
0.000000
0.316187
0.931195
0.000000
0.000000
0.000000
0.277575
0.000000
0.000000
0.093871
0.000000
0.000000
0.148667
0.000000
0.000000
0.000000
0.000000
0.000000
0.000000
0.000000
0.256493
0.540820
0.249171
0.264976
0.000000
0.000000
0.000000
0.000000
0.000000
0.000000
0.000000
3.148539
0.000000
0.000000
0.000000
0.000000
0.000000
0.000000
0.537896
1.105219
2.086381
0.000000
0.000000
0.048726
0.000000
0.000000
0.000000
1.893825
0.000000
0.004643
0.000000
0.000000
0.000000
0.000000
0.000000
1.031699
0.000000
0.000000
0.000000
0.000000
0.000000
2.080380
0.000000
0.431920
0.000000
0.000000
0.000000
0.000000
0.000000
0.268034
0.000000
0.000000
0.000000
0.000000
0.000000
1.048298
0.000000
1.004785
0.000000
0.000000
0.000000
0.000000
1.282819
0.000000
1.546172
0.000000
0.000000
0.000000
0.254220
0.000000
0.000000
0.522612
0.000000
0.740748
0.000000
0.192874
0.134941
0.000000
0.000000
0.000000
0.000000
0.781612
0.000000
0.000000
0.000000
2.945389
0.545103
1.151399
1.773761
0.360411
2.768555
0.000000
0.000000
0.000000
1.003267
0.000000
0.000000
0.000000
0.000000
1.108953
0.000000
0.000000
0.019895
0.000000
0.000000
0.000000
0.000000
0.000000
0.000000
0.000000
0.000000
0.000000
0.239501
0.000000
0.000000
0.000000
0.000000
0.128952
2.611612
0.000000
0.000000
0.000000
0.733369
0.000000
0.000000
0.000000
0.000000
0.000000
0.091158
0.000000
0.000000
0.000000
0.000000
0.000000
0.000000
0.000000
1.238421
0.000000
0.000000
0.000000
0.000000
1.558569
0.000000
0.000000
0.000000
1.339060
0.000000
0.000000
0.000000
0.000000
0.162765
0.000000
0.000000
0.000000
0.000000
0.000000
0.531217
0.000000
0.000000
0.000000
0.000000
0.000000
0.000000
0.000000
0.000000
0.000000
0.000000
0.000000
0.000000
0.549249
0.000000
0.000000
0.000000
0.000000
0.000000
1.356449
0.000000
0.000000
0.000000
0.000000
0.000000
0.000000
0.000000
0.359432
0.691252
0.000000
0.193528
0.000000
0.236356
0.051316
0.000000
0.697823
0.000000
2.053054
0.000000
0.000000
0.000000
0.000000
2.370436
0.000000
0.000000
0.079604
0.562972
0.000000
2.065410
0.000000
0.000000
0.000000
0.000000
0.000000
0.444322
0.000000
0.000000
0.000000
0.000000
0.000000
0.000000
0.000000
0.000000
0.000000
0.000000
0.380917
0.000000
0.270765
0.000000
0.204245
0.000000
0.000000
0.000000
0.000000
0.000000
0.000000
0.000000
0.000000
0.000000
0.000000
0.000000
0.000000
0.000000
0.000000
0.000000
0.309809
0.000000
0.000000
0.000000
0.296489
0.942761
0.662867
0.000000
0.000000
0.000000
0.000000
0.425447
0.000000
0.090402
0.000000
0.935141
0.000000
1.068580
0.000000
0.000000
0.000000
0.133042
0.000000
0.000000
0.000000
0.810405
0.000000
0.000000
0.000000
0.000000
0.000000
0.321008
0.000000
0.000000
0.000000
0.000000
0.000000
0.000000
0.000000
0.000000
0.000000
0.000000
0.871249
0.000000
0.000000
0.000000
0.000000
0.000000
0.000000
0.000000
1.833697
0.081464
0.000000
1.369428
0.000000
1.548481
1.930831
0.000000
0.000000
0.000000
0.000000
0.000000
0.000000
0.000000
0.803067
0.000000
1.250706
0.000000
1.371066
0.000000
0.000000
0.207717
1.136596
0.000000
0.000000
0.000000
0.000000
1.098795
1.312101
0.000000
0.000000
0.000000
2.248832
0.000000
0.000000
0.000000
0.000000
0.000000
0.000000
0.000000
0.000000
0.000000
0.000000
1.083231
0.000000
0.000000
0.000000
0.000000
0.000000
0.000000
0.000000
0.000000
0.000000
0.000000
0.000000
0.000000
0.000000
0.000000
0.000000
0.000000
0.000000
0.000000
0.000000
0.000000
0.000000
0.000000
0.392924
0.000000
0.455746
0.784408
0.000000
0.000000
0.000000
0.000000
0.418632
0.000000
0.000000
0.000000
0.000000
0.000000
0.000000
0.000000
0.000000
0.141909
0.000000
0.000000
0.000000
0.000000
0.000000
0.000000
0.000000
0.000000
0.000000
0.000000
0.000000
0.000000
0.000000
0.000000
0.740788
0.000000
0.000000
0.044986
0.000000
0.000000
0.000000
0.000000
0.000000
0.000000
0.016970
0.000000
0.000000
0.000000
0.000000
0.000000
0.000000
0.000000
0.000000
0.000000
0.000000
0.000000
0.000000
0.000000
0.000000
0.000000
0.000000
0.000000
0.000000
0.000000
1.510284
0.000000
0.000000
0.000000
0.000000
0.000000
0.000000
0.000000
0.007706
0.000000
0.000000
0.000000
1.329717
0.000000
2.306730
0.000000
0.000000
0.000000
0.000000
0.000000
0.000000
0.000000
0.506400
0.000000
0.000000
0.000000
0.000000
0.000000
0.000000
0.000000
0.000000
0.000000
0.000000
0.000000
0.000000
0.000000
0.000000
0.000000
1.828664
0.000000
0.000000
0.000000
0.000000
0.000000
0.000000
0.000000
0.000000
0.000000
0.000000
2.000531
0.253215
0.000000
0.000000
0.000000
0.598541
0.000000
0.000000
0.000000
0.000000
0.000000
0.000000
0.000000
0.000000
2.150196
0.927850
0.000000
0.000000
0.000000
0.000000
0.057139
0.000000
0.000000
0.000000
0.000000
0.000000
0.000000
1.330146
0.000000
0.000000
0.000000
0.000000
0.028910
0.000000
0.000000
0.000000
2.268092
0.000000
0.883311
0.000000
0.000000
0.203431
0.409292
0.000000
0.000000
0.000000
0.000000
0.000000
0.000000
0.000000
0.000000
0.000000
0.000000
0.000000
0.000000
0.000000
0.000000
1.403682
0.000000
0.000000
0.000000
0.693347
1.122374
0.000000
0.000000
0.000000
0.000000
0.000000
0.000000
0.000000
0.000000
1.047323
0.000000
0.000000
0.000000
0.826133
0.000000
1.272810
0.000000
0.000000
0.000000
0.000000
0.000000
0.000000
0.000000
0.000000
0.000000
0.000000
0.368689
0.000000
0.000000
0.000000
0.000000
0.009187
0.000000
0.000000
0.000000
0.000000
1.504607
0.000000
0.000000
0.000000
0.000000
0.000000
0.000000
0.000000
0.000000
0.000000
0.000000
0.000000
0.000000
0.611690
0.215282
0.000000
0.000000
0.220281
0.000000
0.871532
0.000000
0.000000
0.000000
0.000000
0.000000
0.000000
0.000000
0.000000
0.000000
0.000000
0.000000
0.000000
0.000000
0.637072
2.095427
0.036460
0.000000
0.000000
0.987010
0.000000
0.000000
0.000000
0.000000
0.000000
0.000000
0.000000
0.000000
0.000000
0.000000
0.000000
0.294660
0.000000
2.139273
0.000000
0.199100
0.000000
0.000000
0.000000
0.040506
0.000000
0.000000
0.763464
0.000000
0.000000
0.000000
0.000000
0.000000
0.000000
0.000000
0.000000
0.000000
0.181784
0.000000
0.099883
0.000000
0.000000
0.376208
0.000000
1.958166
0.000000
0.000000
0.862283
0.008644
0.572942
0.000000
0.000000
0.000000
0.000000
0.000000
0.000000
0.000000
0.000000
0.000000
0.383612
0.000000
0.000000
0.000000
0.000000
0.000000
0.000000
0.000000
0.000000
0.000000
0.455332
0.794191
0.000000
0.000000
0.202952
0.000000
0.000000
0.000000
0.000000
0.000000
0.000000
0.000000
0.000000
0.000000
0.000000
2.041576
0.000000
0.000000
0.000000
0.000000
0.000000
0.000000
0.000000
0.000000
0.000000
0.000000
0.000000
0.000000
0.000000
0.000000
0.000000
0.000000
0.000000
0.000000
0.000000
0.737341
0.000000
0.000000
0.233958
0.000000
0.000000
0.000000
0.000000
0.000000
0.000000
0.000000
0.054136
0.000000
0.000000
0.000000
0.000000
0.000000
0.000000
0.000000
0.642341
0.000000
0.086933
0.000000
0.000000
1.527390
0.000000
0.000000
0.000000
0.000000
1.293528
0.000000
0.000000
0.003167
0.000000
0.000000
0.238595
0.147066
0.000000
0.595898
0.000000
0.000000
0.000000
0.000000
0.000000
0.000000
0.000000
0.412393
0.000000
0.000000
0.000000
0.000000
0.000000
0.000000
0.000000
0.000000
0.000000
0.004811
0.000000
0.000000
0.169992
0.066508
0.000000
0.000000
0.000000
0.000000
0.000000
0.000000
0.312356
1.585536
0.000000
0.000000
0.000000
0.000000
0.000000
0.000000
0.000000
0.000000
0.000000
0.000000
0.000000
0.000000
0.000000
0.000000
0.000000
0.000000
0.000000
0.000000
0.000000
0.000000
0.000000
0.828199
0.000000
0.000000
0.454209
0.000000
0.000000
0.000000
0.000000
0.000000
0.000000
0.000000
0.000000
0.000000
0.340338
0.000000
1.679680
0.000000
0.000000
0.000000
0.000000
0.000000
0.000000
1.098020
0.519940
1.154804
0.000000
0.000000
0.091480
0.000000
0.000000
0.000000
1.001110
0.000000
0.000000
0.000000
0.000000
0.000000
0.000000
0.000000
0.000000
1.372159
0.000000
0.000000
0.571792
0.000000
0.447841
0.000000
0.000000
0.000000
0.000000
0.000000
0.000000
0.000000
0.688248
0.930412
0.000000
0.000000
0.000000
0.000000
0.000000
0.000000
0.000000
0.000000
0.000000
0.000000
0.000000
0.000000
0.000000
0.902122
0.000000
0.000000
0.000000
0.000000
0.000000
0.000000
0.000000
0.000000
0.000000
0.000000
0.000000
0.000000
0.000000
0.000000
0.000000
0.000000
0.000000
0.000000
0.000000
0.543484
0.000000
0.000000
0.000000
0.000000
2.129023
0.000000
0.000000
0.000000
0.000000
0.463723
1.722116
0.000000
0.000000
0.000000
0.000000
0.000000
1.217778
0.000000
0.000000
0.000000
0.443624
0.000000
0.000000
0.000000
0.000000
0.000000
0.000000
0.000000
1.686418
0.000000
0.000000
0.599252
0.000000
0.000000
0.000000
1.837663
0.000000
0.000000
0.000000
0.000000
0.264489
0.000000
0.000000
0.000000
0.000000
0.000000
0.000000
1.474606
0.000000
0.000000
0.000000
0.801876
0.000000
0.000000
0.000000
0.825009
0.000000
0.000000
0.000000
0.000000
0.000000
0.000000
0.000000
0.000000
0.000000
0.000000
0.000000
0.000000
0.000000
0.000000
0.000000
0.000000
0.000000
0.000000
0.000000
1.405855
1.282551
0.000000
0.000000
0.000000
0.086166
1.064629
0.000000
0.000000
0.000000
0.000000
0.000000
0.000000
0.000000
0.000000
0.000000
0.751676
0.000000
0.000000
0.000000
0.000000
0.054623
0.000000
0.000000
0.000000
0.000000
1.199122
0.000000
0.000000
0.000000
0.000000
0.000000
0.000000
0.000000
0.000000
1.863845
0.000000
0.000000
0.000000
0.000000
0.000000
0.000000
0.000000
0.000000
1.528680
0.000000
0.000000
0.000000
0.537280
0.000000
0.000000
0.000000
0.000000
0.000000
0.000000
1.700921
0.206923
0.000000
0.000000
0.542078
0.000000
0.000000
0.000000
0.000000
0.000000
0.531367
0.920597
0.000000
0.000000
0.000000
0.000000
0.000000
0.000000
0.000000
0.000000
0.000000
0.000000
0.000000
0.000000
0.000000
0.000000
0.000000
0.000000
0.723580
0.000000
0.000000
0.000000
0.000000
0.000000
0.000000
0.000000
0.000000
0.147912
0.604123
0.000000
0.000000
0.000000
0.000000
0.000000
0.000000
0.000000
0.000000
0.000000
0.000000
0.000000
0.000000
0.603044
0.000000
0.000000
0.000000
0.000000
0.000000
0.000000
0.000000
0.000000
1.470696
0.000000
0.000000
0.000000
0.000000
0.000000
0.000000
0.000000
0.000000
0.000000
0.920817
0.779449
0.000000
0.000000
0.000000
0.000000
0.000000
0.000000
0.081400
0.000000
0.000000
0.000000
0.000000
0.362610
0.000000
0.000000
0.000000
0.000000
0.000000
0.000000
0.000000
0.000000
0.000000
0.000000
0.346012
0.000000
0.000000
0.000000
0.000000
0.000000
0.000000
0.000000
0.000000
0.000000
0.000000
0.000000
0.000000
0.000000
0.000000
0.000000
0.000000
0.000000
0.000000
0.000000
0.000000
0.000000
0.000000
0.003205
0.000000
1.795195
0.000000
0.188742
0.000000
0.000000
0.000000
0.000000
0.000000
0.000000
0.000000
1.737466
0.251989
0.462041
0.000000
0.000000
0.452025
0.000000
1.174675
0.000000
0.000000
0.000000
0.000000
0.000000
0.000000
0.000000
0.000000
0.000000
1.909727
0.000000
0.000000
0.000000
0.720992
0.000000
2.106559
0.000000
0.846560
0.000000
0.197603
0.000000
0.000000
0.000000
0.000000
1.770222
0.019975
0.000000
0.980762
0.000000
0.000000
0.000000
0.000000
0.000000
0.000000
0.000000
0.000000
0.000000
0.000000
0.000000
0.000000
0.512795
0.000000
0.000000
0.000000
0.000000
0.000000
0.000000
0.000000
0.000000
0.000000
0.052018
0.000000
0.000000
0.000000
0.000000
0.000000
0.000000
0.000000
0.000000
0.318766
0.000000
0.000000
0.000000
0.000000
2.191198
0.000000
0.000000
0.000000
0.000000
0.000000
0.744942
0.000000
0.000000
0.969682
0.000000
0.000000
0.000000
0.000000
0.000000
2.923538
0.000000
0.000000
1.645456
0.000000
0.171499
1.687833
0.000000
1.006347
0.000000
0.626749
0.000000
0.000000
0.000000
0.000000
1.097702
2.054689
0.000000
0.000000
0.053526
0.000000
0.000000
0.000000
0.000000
0.000000
0.000000
0.000000
0.000000
1.026407
0.289478
0.000000
0.000000
0.066228
0.000000
0.000000
0.591583
0.000000
0.000000
1.376918
0.000000
0.000000
0.000000
0.000000
0.000000
0.000000
0.811682
0.000000
0.000000
0.000000
0.000000
0.000000
0.000000
0.000000
0.000000
0.000000
0.000000
0.000000
1.077854
0.000000
0.000000
0.000000
0.000000
2.148985
0.000000
0.000000
0.000000
0.000000
0.000000
0.566722
0.178599
0.722773
0.000000
0.000000
0.000000
0.000000
0.000000
0.000000
0.000000
0.000000
0.000000
0.000000
0.000000
0.000000
0.000000
0.000000
0.000000
0.766085
0.000000
0.000000
0.655503
2.612706
0.000000
0.000000
0.000000
0.000000
0.000000
0.000000
0.644406
0.105669
0.000000
0.000000
0.000000
0.765936
0.759440
0.000000
0.000000
0.455191
0.000000
0.000000
0.000000
0.000000
0.000000
0.000000
0.000000
1.204559
0.000000
0.000000
0.000000
0.000000
0.000000
0.000000
0.000000
0.449903
0.000000
0.000000
0.000000
0.000000
2.368291
0.000000
0.000000
0.000000
0.000000
1.252759
0.000000
0.000000
0.000000
0.004550
0.000000
0.616545
0.000000
0.000000
0.000000
0.227717
0.024574
0.000000
0.000000
0.000000
0.000000
0.000000
0.000000
0.423893
0.000000
0.440396
0.000000
0.000000
0.000000
0.000000
0.000000
0.000000
0.000000
0.000000
0.000000
0.000000
0.000000
0.000000
0.000000
0.000000
0.000000
0.000000
0.000000
0.000000
0.000000
0.000000
0.000000
