0.000000
0.000000
0.000000
0.000000
0.000000
0.000000
1.197367
0.000000
0.000000
0.627454
0.000000
0.205932
3.086358
0.000000
0.000000
0.000000
0.000000
0.000000
0.000000
0.000000
0.000000
0.410895
0.000000
0.628381
0.000000
1.031947
0.000000
0.000000
0.059273
1.174170
0.533898
2.994391
0.000000
0.000000
0.529848
0.000000
0.125109
0.000000
0.000000
0.000000
0.668142
0.000000
0.000000
0.000000
0.000000
0.000000
0.384035
3.004722
0.000000
0.000000
0.000000
0.000000
0.000000
0.000000
0.000000
0.280881
0.000000
0.563137
0.000000
0.000000
0.000000
0.000000
0.000000
0.000000
1.982436
0.000000
0.000000
0.000000
0.000000
0.000000
0.000000
0.000000
0.072314
0.000000
0.000000
0.000000
0.000000
0.301979
0.000000
4.638811
0.000000
0.000000
0.000000
0.000000
0.000000
0.000000
0.000000
0.000000
1.150790
0.000000
0.000000
0.656087
1.822078
0.000000
0.313451
0.000000
0.000000
0.000000
0.000000
2.953171
0.000000
0.000000
0.000000
0.000000
0.000000
0.000000
0.000000
2.024104
0.000000
0.000000
0.000000
1.033160
0.000000
0.252585
0.000000
0.000000
0.000000
0.000000
0.000000
0.000000
0.000000
0.000000
0.597341
0.000000
0.000000
0.000000
0.000000
0.000000
0.000000
0.000000
0.000000
1.211678
0.000000
0.000000
0.994333
0.000000
0.000000
1.388637
0.000000
0.000000
0.000000
0.418823
1.200463
0.000000
0.000000
0.000000
0.000000
0.000000
0.000000
0.000000
1.524106
0.000000
0.000000
0.000000
0.354509
0.000000
0.000000
0.473019
0.000000
0.000000
0.000000
0.000000
0.000000
0.383960
0.000000
1.495112
0.000000
0.000000
0.000000
0.000000
0.000000
0.000000
1.536525
0.000000
0.000000
0.193583
0.000000
0.000000
0.000000
0.055382
0.843282
0.858547
0.000000
0.000000
0.000000
0.000000
0.000000
0.000000
0.000000
0.000000
0.349881
0.000000
0.000000
0.000000
0.000000
2.394289
0.000000
0.000000
0.000000
0.000000
0.000000
0.000000
0.000000
0.000000
0.000000
0.000000
0.000000
0.000000
0.763952
0.000000
0.000000
0.000000
0.000000
0.000000
0.000000
0.000000
0.928082
0.000000
0.000000
0.000000
0.000000
0.000000
0.000000
0.000000
0.000000
0.094863
0.913886
1.608214
0.000000
0.758835
0.000000
0.000000
0.000000
0.162280
0.000000
0.000000
0.000000
0.000000
0.000000
0.000000
0.000000
0.000000
0.029731
0.000000
0.216532
0.000000
0.000000
0.000000
0.000000
0.000000
0.000000
0.000000
0.000000
0.000000
0.000000
0.011622
0.000000
0.172063
0.000000
0.000000
0.000000
0.000000
0.000000
0.000000
2.322792
0.000000
2.008265
0.000000
0.000000
0.000000
0.000000
0.000000
0.000000
0.000000
0.000000
0.000000
0.000000
0.000000
0.000000
0.000000
1.189350
0.000000
0.723545
0.000000
0.000000
0.000000
0.000000
0.000000
0.159155
0.000000
0.000000
2.362951
0.000000
0.230834
0.000000
0.000000
0.000000
0.000000
0.345127
0.000000
0.000000
0.000000
0.187168
0.000000
0.000000
0.000000
0.000000
0.084042
0.000000
0.000000
0.000000
0.000000
0.000000
0.000000
0.000000
0.000000
0.000000
0.000000
0.000000
0.000000
1.130427
1.686173
0.853929
0.000000
0.154035
0.000000
0.000000
0.000000
0.000000
0.000000
0.000000
0.000000
0.000000
3.027049
0.000000
0.000000
1.284194
2.715662
0.000000
0.000000
0.000000
0.000000
0.000000
0.143598
0.000000
0.000000
0.031855
0.000000
0.000000
0.000000
0.000000
0.046821
0.000000
0.000000
0.000000
0.000000
0.000000
0.000000
0.000000
0.000000
0.000000
0.000000
0.000000
2.004829
0.000000
0.000000
0.000000
0.000000
0.430461
1.753400
0.000000
0.000000
0.000000
0.000000
0.000000
2.188661
0.000000
0.000000
0.000000
1.817945
0.000000
0.000000
0.000000
0.000000
1.909724
0.632210
0.000000
0.000000
0.000000
0.000000
0.000000
0.000000
0.000000
0.000000
0.000000
0.000000
0.380534
0.000000
0.116114
0.248469
0.000000
0.000000
0.000000
0.000000
0.000000
0.000000
0.000000
0.000000
0.000000
0.000000
0.000000
3.613217
0.000000
0.000000
0.000000
0.000000
2.356520
0.455327
0.000000
0.000000
0.000000
0.961221
0.000000
0.000000
0.000000
0.000000
0.000000
0.000000
0.000000
0.000000
0.000000
0.000000
0.000000
0.000000
0.000000
0.000000
0.000000
0.000000
0.000000
0.000000
0.000000
0.086238
0.000000
0.000000
1.641499
2.621420
2.304369
0.000000
0.000000
0.000000
0.000000
0.000000
0.000000
0.046728
0.000000
0.000000
0.000000
0.000000
0.695823
0.000000
0.073172
0.000000
0.000000
0.000000
1.174385
0.000000
0.000000
0.461819
0.000000
0.000000
0.000000
0.000000
0.000000
0.000000
0.000000
0.000000
0.000000
0.000000
0.000000
0.000000
0.000000
1.455453
0.000000
0.000000
0.000000
1.477956
1.119448
0.000000
0.000000
0.000000
0.000000
1.083987
2.241621
0.000000
0.299608
0.000000
0.000000
0.000000
0.000000
0.000000
0.000000
0.000000
0.000000
0.000000
0.000000
0.000000
0.000000
0.000000
0.000000
0.000000
0.000000
0.000000
0.000000
0.000000
0.000000
0.000000
0.000000
0.000000
0.113716
0.000000
0.000000
0.000000
0.000000
0.000000
0.000000
3.861952
0.000000
0.000000
0.000000
0.000000
2.029045
0.000000
0.000000
0.000000
0.000000
0.000000
0.000000
0.000000
0.000000
0.000000
0.000000
0.000000
0.000000
0.000000
0.000000
0.000000
0.000000
0.000000
0.000000
0.000000
0.047958
0.000000
2.246850
0.671320
0.000000
0.000000
1.942689
0.000000
0.000000
0.000000
0.000000
0.000000
0.000000
0.000000
0.000000
0.000000
0.000000
0.000000
0.000000
0.000000
0.000000
0.000000
0.000000
0.000000
1.953016
0.754701
0.000000
0.000000
0.000000
0.000000
0.000000
0.000000
0.000000
1.167124
0.000000
0.000000
0.069004
0.000000
0.000000
0.000000
0.000000
0.000000
0.000000
0.000000
0.000000
1.337804
0.000000
0.000000
0.000000
0.000000
0.000000
0.000000
0.000000
0.000000
0.000000
0.000000
0.000000
0.000000
0.851708
0.000000
0.000000
0.000000
0.000000
0.000000
0.000000
0.000000
0.000000
0.000000
0.000000
0.000000
1.534737
0.400405
0.000000
0.000000
0.629944
1.698218
0.000000
1.471047
0.000000
0.405697
0.000000
0.000000
0.000000
0.000000
0.000000
0.000000
0.000000
0.000000
0.957821
0.000000
0.000000
1.942274
0.409699
0.000000
0.000000
0.000000
0.000000
0.000000
0.000000
0.000000
0.000000
1.078624
0.000000
0.000000
0.000000
0.000000
0.000000
0.692229
1.183568
0.557651
0.000000
0.000000
0.000000
0.000000
0.000000
0.000000
1.169309
0.000000
0.529392
1.068726
0.000000
0.000000
0.000000
2.383941
0.000000
0.000000
0.100442
0.000000
0.000000
0.000000
0.000000
0.000000
0.000000
0.000000
0.000000
0.000000
0.000000
0.000000
0.016488
1.676362
0.000000
0.000000
0.000000
0.000000
0.000000
0.000000
0.000000
0.000000
0.353330
0.000000
0.000000
0.135062
0.000000
0.118547
0.000000
0.000000
0.023026
0.000000
0.000000
0.000000
1.370996
0.000000
0.000000
1.789765
0.000000
0.000000
0.000000
0.000000
0.163335
0.000000
0.000000
0.000000
0.000000
0.000000
0.464014
3.161198
0.178846
0.000000
0.000000
0.452460
0.000000
0.000000
0.000000
0.653733
0.000000
0.000000
0.000000
0.080220
0.000000
0.000000
0.000000
0.000000
0.000000
0.000000
0.000000
0.000000
0.000000
0.346009
0.000000
0.000000
0.000000
0.000000
0.912746
0.000000
0.000000
0.000000
0.000000
0.414364
0.000000
0.686876
0.000000
0.003011
0.000000
0.000000
0.000000
0.196591
0.000000
0.000000
0.060312
0.000000
0.000000
0.000000
0.000000
0.000000
0.000000
0.000000
0.000000
0.000000
0.000000
0.000000
0.000000
0.000000
0.000000
0.000000
1.194914
0.000000
0.000000
0.000000
0.000000
0.000000
0.000000
0.000000
0.000000
0.000000
0.000000
0.000000
0.000000
0.000000
0.000000
0.000000
1.600791
0.000000
0.000000
0.000000
0.000000
0.000000
0.000000
0.000000
0.000000
0.000000
0.000000
4.127720
0.000000
0.000000
0.448475
2.346660
0.000000
0.000000
0.000000
0.000000
0.000000
0.000000
0.000000
0.000000
0.000000
0.000000
0.000000
0.000000
0.000000
0.000000
1.212102
0.000000
0.676508
0.000000
0.000000
1.246903
0.000000
0.000000
0.000000
2.796674
0.072766
0.471699
0.000000
0.000000
0.000000
0.000000
0.000000
1.075410
0.013487
0.000000
0.000000
0.000000
0.389720
0.000000
0.000000
0.000000
0.000000
0.000000
0.000000
0.000000
0.000000
0.000000
0.000000
0.061337
0.000000
0.000000
0.000000
0.000000
0.000000
0.000000
0.000000
0.244123
3.564358
0.000000
0.000000
0.000000
1.132017
0.000000
0.000000
0.000000
0.000000
0.000000
0.000000
0.000000
0.000000
0.000000
0.078482
0.000000
0.000000
1.807055
0.824471
0.000000
0.000000
1.283457
0.000000
0.000000
0.000000
0.000000
0.000000
0.000000
0.000000
0.713614
0.000000
0.000000
0.000000
0.000000
0.000000
0.000000
0.000000
0.000000
1.939142
0.000000
0.000000
0.000000
0.000000
0.000000
1.199344
0.000000
0.000000
0.000000
4.672056
0.838904
0.000000
0.000000
1.894406
3.364681
0.000000
0.000000
0.454327
0.000000
0.000000
0.000000
0.000000
0.000000
0.000000
1.347028
1.962918
0.000000
0.043633
0.000000
0.000000
0.000000
0.000000
0.469760
0.000000
0.000000
0.000000
0.000000
0.000000
0.000000
0.000000
0.000000
0.514042
0.000000
0.000000
0.000000
0.000000
0.000000
0.000000
1.294689
0.000000
0.000000
0.000000
0.000000
1.361528
0.000000
0.000000
0.000000
0.423657
0.000000
0.000000
0.504412
0.000000
0.000000
0.000000
0.133058
0.000000
1.743917
0.000000
0.000000
0.000000
0.000000
0.000000
0.000000
0.000000
0.000000
0.000000
0.254495
0.000000
0.000000
0.000000
0.493336
0.000000
0.000000
0.000000
1.199676
0.000000
0.000000
0.000000
0.000000
0.000000
0.000000
0.000000
0.000000
0.000000
0.000000
0.000000
0.000000
0.000000
0.000000
0.000000
0.000000
2.964643
0.000000
0.000000
0.000000
2.094460
0.000000
0.855334
0.000000
0.000000
0.000000
0.000000
0.000000
0.000000
0.000000
0.000000
0.000000
0.000000
0.000000
0.000000
0.000000
0.000000
2.685235
0.000000
0.000000
0.131366
0.000000
1.135083
2.086616
0.000000
0.000000
0.000000
0.000000
1.391160
0.000000
0.000000
0.000000
0.000000
1.835183
0.000000
0.000000
0.000000
0.000000
1.900907
0.000000
0.000000
0.000000
0.000000
0.000000
0.000000
0.000000
0.000000
0.000000
0.060210
0.762031
0.000000
0.000000
1.231918
0.000000
0.000000
0.000000
0.000000
0.000000
0.854344
0.000000
0.000000
0.000000
0.000000
0.000000
0.000000
0.000000
0.000000
0.000000
0.836972
0.000000
0.000000
1.963159
0.000000
0.759004
0.000000
0.000000
0.000000
0.000000
0.000000
0.000000
0.000000
0.000000
0.000000
0.000000
0.000000
0.308989
0.311885
0.000000
0.000000
0.000000
0.000000
0.000000
0.000000
3.745746
0.198271
0.000000
0.000000
0.349689
0.000000
0.000000
2.549700
0.000000
0.718325
0.000000
0.130332
0.000000
0.000000
0.000000
0.000000
0.000000
0.000000
0.000000
0.000000
0.000000
0.000000
0.000000
3.945194
2.509450
0.000000
0.000000
0.000000
0.000000
0.000000
0.000000
0.000000
1.698979
0.000000
0.204704
0.000000
0.000000
0.000000
0.000000
0.000000
0.000000
0.143665
0.000000
0.000000
0.000000
0.000000
0.000000
0.000000
0.000000
0.000000
0.000000
1.876745
0.000000
0.000000
0.000000
0.000000
0.000000
0.000000
0.000000
0.000000
0.000000
0.000000
0.000000
0.000000
0.927884
0.000000
0.000000
0.000000
0.000000
4.201663
0.000000
0.000000
0.107257
0.000000
0.000000
0.000000
0.000000
2.495566
0.000000
0.000000
0.000000
3.284339
0.765101
0.000000
0.000000
0.000000
1.046832
0.000000
0.000000
0.000000
0.192624
1.156745
0.000000
0.000000
0.172729
0.000000
0.000000
0.000000
0.215554
0.000000
0.000000
0.000000
0.457785
1.558922
0.000000
0.000000
0.000000
0.000000
0.000000
0.000000
0.000000
0.000000
0.000000
0.000000
1.184709
0.000000
0.000000
0.000000
0.000000
0.000000
0.000000
0.000000
0.000000
0.000000
0.083542
0.000000
0.000000
0.103273
0.000000
0.000000
1.176116
4.731432
0.393167
0.000000
0.000000
0.818918
0.142368
0.000000
0.000000
0.000000
0.000000
0.099055
0.000000
0.000000
0.000000
0.000000
0.000000
0.187883
0.000000
0.000000
0.000000
0.000000
0.000000
0.259225
0.000000
0.000000
0.000000
0.000000
0.000000
0.000000
0.000000
0.000000
1.672651
0.000000
0.000000
0.000000
0.000000
0.429390
2.882777
0.000000
0.000000
0.000000
0.000000
0.000000
1.921148
0.000000
0.000000
0.000000
0.000000
0.000000
0.000000
4.557372
0.000000
0.000000
0.000000
1.442752
4.150162
0.000000
0.000000
0.000000
0.000000
0.614364
0.000000
0.000000
0.000000
0.000000
0.000000
1.225789
0.000000
0.000000
0.152395
0.000000
0.000000
0.153107
0.000000
0.000000
0.000000
1.541694
0.000000
0.000000
0.000000
0.123866
0.000000
0.000000
0.000000
0.000000
0.000000
0.000000
0.000000
0.000000
0.000000
0.000000
3.142638
0.000000
0.000000
0.000000
0.000000
0.000000
0.000000
0.000000
0.390120
0.000000
0.725174
0.000000
0.000000
0.000000
0.000000
0.000000
0.408781
0.000000
0.000000
0.000000
1.627414
0.000000
0.348214
3.163809
0.000000
0.000000
0.000000
0.000000
1.281860
0.000000
0.000000
0.000000
0.000000
1.767388
0.963744
0.000000
0.000000
0.275368
0.000000
0.000000
0.000000
0.000000
0.000000
3.843417
0.000000
0.000000
0.000000
3.821482
0.000000
0.000000
0.187944
0.000000
0.000000
0.000000
0.290471
0.000000
0.000000
0.000000
0.000000
0.000000
0.000000
0.000000
0.000000
0.000000
2.533766
0.000000
0.000000
0.000000
0.000000
0.000000
0.660387
3.704446
0.000000
0.000000
0.000000
0.000000
0.000000
0.000000
0.000000
2.185731
0.000000
0.399607
0.000000
0.000000
0.000000
0.000000
0.000000
0.000000
0.000000
0.000000
0.000000
0.000000
0.000000
0.000000
0.000000
0.000000
0.000000
0.000000
0.000000
0.000000
0.000000
0.000000
0.000000
0.000000
1.356237
0.000000
0.000000
0.000000
0.816259
0.000000
0.929158
0.722007
0.000000
2.308709
0.000000
1.440819
0.000000
0.000000
0.000000
0.181052
0.000000
0.000000
0.000000
0.000000
0.000000
0.000000
0.000000
0.000000
0.000000
0.485058
0.000000
0.000000
2.840464
0.000000
0.000000
0.000000
0.000000
0.000000
0.000000
0.000000
1.019377
0.000000
0.000000
0.000000
0.209434
0.000000
0.000000
0.000000
0.000000
0.000000
0.000000
0.000000
0.754975
0.000000
0.000000
1.455954
0.000000
0.000000
1.299868
1.710947
0.000000
0.000000
0.000000
0.000000
0.000000
0.000000
0.280564
0.000000
0.000000
0.000000
0.000000
0.000000
1.542797
0.000000
0.000000
0.000000
0.000000
0.000000
0.000000
0.000000
0.000000
0.000000
0.000000
0.000000
0.000000
0.000000
0.000000
0.977792
0.000000
0.549485
1.241716
0.000000
0.000000
0.000000
0.000000
0.000000
0.000000
0.000000
0.479788
0.121198
0.000000
0.000000
1.070903
0.000000
0.000000
0.000000
0.000000
1.306459
0.000000
0.000000
0.000000
0.000000
0.000000
0.000000
0.000000
0.000000
0.000000
0.000000
0.000000
0.000000
0.000000
0.000000
0.000000
0.000000
0.000000
0.000000
0.000000
0.000000
0.000000
0.000000
0.000000
1.318233
0.000000
0.000000
0.000000
0.000000
0.000000
0.000000
0.000000
0.000000
0.433455
0.000000
0.000000
0.000000
0.000000
1.472129
0.000000
0.000000
0.551434
0.000000
0.000000
0.000000
0.000000
0.000000
0.000000
0.000000
0.000000
0.280509
0.000000
0.000000
0.000000
0.000000
0.000000
0.000000
0.291275
0.724477
0.767017
0.000000
0.000000
0.000000
0.000000
0.000000
0.000000
0.804815
0.000000
0.000000
0.000000
0.000000
0.000000
0.000000
0.000000
0.000000
0.000000
0.000000
0.000000
0.104313
0.000000
0.000000
0.000000
0.000000
1.880088
0.000000
0.000000
0.000000
0.000000
0.000000
0.000000
0.000000
0.205988
0.000000
0.000000
0.000000
2.689223
0.000000
0.000000
0.000000
0.000000
0.151145
1.280474
0.000000
0.000000
1.817016
0.000000
0.000000
0.000000
0.000000
2.912679
0.000000
1.266946
0.000000
0.000000
0.000000
0.000000
0.000000
0.000000
1.560684
0.000000
1.141926
0.000000
0.000000
0.000000
0.000000
0.000000
0.000000
0.000000
0.000000
0.000000
0.000000
0.000000
0.000000
0.000000
0.000000
0.000000
0.088377
0.000000
0.000000
0.472808
0.000000
0.000000
2.010323
0.000000
0.000000
0.000000
2.134810
0.000000
0.000000
0.000000
0.000000
1.370485
0.000000
0.000000
0.000000
0.000000
0.000000
0.000000
0.000000
0.000000
0.000000
0.000000
0.000000
0.000000
0.000000
0.000000
0.000000
0.000000
0.000000
0.000000
0.000000
0.000000
0.000000
0.000000
0.000000
0.000000
0.000000
0.000000
1.875564
0.000000
0.032714
1.513382
0.000000
0.000000
0.000000
1.259436
0.000000
0.000000
2.627111
0.000000
0.000000
0.000000
0.000000
0.000000
0.000000
0.000000
0.000000
0.000000
0.164511
0.000000
0.000000
0.000000
0.000000
0.000000
0.000000
0.000000
1.774129
0.000000
0.000000
0.000000
2.128934
0.000000
0.000000
0.000000
0.745581
0.000000
0.000000
0.000000
0.000000
0.000000
0.000000
0.000000
0.000000
0.000000
0.000000
0.000000
0.000000
0.783502
0.000000
0.736755
0.000000
0.281871
0.000000
0.000000
0.000000
0.628257
0.000000
0.000000
0.000000
0.000000
0.000000
0.000000
0.000000
0.000000
0.000000
3.639117
3.448509
0.000000
0.000000
1.351583
0.000000
0.077661
0.000000
0.000000
0.000000
0.000000
2.048728
0.000000
0.000000
0.000000
0.000000
0.000000
0.000000
0.000000
0.000000
0.000000
0.000000
1.305048
0.000000
0.000000
0.000000
0.000000
0.000000
1.809472
0.329694
0.000000
0.000000
0.000000
0.000000
0.000000
2.616870
0.000000
0.000000
0.000000
0.000000
0.000000
3.512093
0.000000
0.876807
0.000000
0.000000
2.897291
0.000000
0.000000
0.000000
0.000000
0.000000
0.000000
0.000000
0.000000
3.533641
0.000000
0.000000
0.000000
0.000000
0.000000
0.000000
0.000000
1.341354
0.000000
0.000000
0.000000
0.088671
0.000000
0.000000
0.000000
0.000000
0.000000
0.000000
0.000000
0.000000
0.755103
0.000000
0.000000
0.000000
0.000000
0.000000
0.000000
2.977677
0.090701
0.000000
0.000000
0.000000
0.000000
0.502045
0.000000
0.000000
0.000000
0.307016
0.000000
0.000000
0.000000
0.109078
1.285885
0.000000
0.000000
0.000000
0.461755
0.000000
0.000000
0.000000
0.000000
0.000000
0.316770
0.597768
0.000000
0.000000
0.000000
0.000000
0.000000
0.000000
0.000000
0.000000
0.000000
0.000000
0.000000
0.801163
0.616262
0.000000
0.000000
0.000000
0.000000
0.000000
0.000000
0.000000
0.000000
0.000000
0.000000
0.000000
0.000000
1.024844
0.000000
0.000000
0.000000
0.000000
0.000000
0.000000
0.214595
0.000000
0.000000
0.000000
0.000000
0.000000
0.000000
0.000000
0.000000
0.000000
0.000000
0.000000
0.000000
0.000000
1.222955
0.000000
0.000000
0.000000
0.000000
0.000000
0.000000
0.000000
0.000000
3.604613
0.000000
0.000000
0.000000
0.000000
0.000000
0.000000
0.000000
0.000000
0.000000
0.042891
0.000000
0.000000
0.000000
0.000000
0.000000
0.000000
0.803449
0.000000
1.377073
0.072419
0.000000
0.000000
1.002156
0.000000
0.000000
0.000000
0.000000
0.038842
0.000000
0.000000
0.000000
0.000000
0.000000
0.000000
0.000000
0.000000
0.000000
1.537001
0.000000
0.000000
0.000000
0.000000
0.000000
0.000000
0.000000
0.000000
0.000000
0.000000
0.000000
0.000000
0.000000
0.000000
0.000000
0.549090
0.000000
0.000000
0.000000
0.000000
0.000000
0.000000
1.877409
0.000000
0.000000
0.000000
0.000000
0.000000
0.000000
0.000000
0.000000
0.000000
0.000000
0.000000
0.717418
0.000000
0.000000
0.000000
0.000000
0.000000
0.000000
0.000000
0.000000
0.000000
0.000000
0.000000
0.000000
0.000000
0.000000
1.511060
0.000000
0.000000
0.861160
0.000000
0.000000
0.000000
0.000000
1.364566
0.000000
0.000000
1.715604
0.000000
0.000000
1.329737
0.000000
0.000000
0.514077
0.000000
0.000000
1.247086
0.000000
0.000000
0.000000
0.213765
0.000000
0.000000
0.000000
0.000000
0.000000
0.000000
0.000000
0.000000
0.149242
0.000000
0.000000
0.000000
0.396277
0.000000
0.000000
0.000000
0.000000
0.000000
0.000000
0.000000
0.000000
0.000000
1.634790
0.000000
0.000000
0.000000
0.000000
0.000000
0.000000
0.000000
2.284020
0.000000
0.000000
0.000000
0.000000
0.000000
0.000000
1.480283
0.640002
0.000000
0.000000
0.000000
0.383737
0.000000
0.000000
0.000000
0.000000
0.000000
0.000000
0.000000
0.000000
1.493902
0.000000
0.000000
0.000000
1.311029
0.000000
0.000000
0.000000
0.000000
0.000000
1.649236
0.000000
0.000000
0.148363
0.000000
0.000000
0.000000
0.000000
0.000000
1.757326
0.000000
0.000000
0.000000
0.189829
0.000000
0.000000
0.000000
0.744460
0.000000
0.000000
1.194926
0.000000
0.000000
0.000000
0.000000
0.000000
0.000000
0.000000
0.000000
0.709864
3.208492
0.000000
0.000000
0.000000
0.000000
0.000000
0.763938
0.000000
0.000000
0.000000
0.000000
0.000000
0.000000
0.000000
0.000000
0.000000
0.000000
2.344367
0.000000
0.000000
0.000000
0.000000
0.000000
0.000000
0.000000
0.000000
0.000000
1.384632
0.930106
0.000000
0.000000
2.765436
0.000000
2.624344
0.633310
0.000000
1.212548
0.700130
0.000000
0.000000
0.000000
0.000000
0.000000
0.000000
0.000000
4.608053
0.000000
0.000000
0.000000
0.000000
0.000000
2.514829
0.000000
0.000000
0.000000
0.000000
0.000000
0.000000
0.000000
0.000000
0.000000
0.000000
0.241446
0.892591
0.000000
0.000000
0.000000
0.281448
0.319634
0.000000
0.000000
0.000000
0.000000
0.000000
0.000000
0.000000
0.000000
0.000000
0.000000
0.000000
0.000000
0.000000
0.000000
1.705200
0.000000
0.000000
0.658726
2.425852
0.000000
0.000000
0.000000
0.000000
0.000000
0.000000
0.000000
0.000000
0.000000
0.000000
0.000000
0.000000
0.000000
0.241874
0.000000
0.000000
0.000000
0.000000
0.401577
0.000000
0.278964
0.000000
0.000000
2.189313
0.000000
0.000000
0.062026
0.000000
0.000000
0.000000
0.535689
0.000000
2.310374
0.000000
0.000000
1.201628
0.000000
0.000000
0.000000
0.000000
0.000000
0.000000
0.000000
0.000000
0.000000
0.000000
1.327275
0.000000
0.000000
0.000000
0.000000
0.000000
0.000000
0.000000
0.000000
0.000000
0.000000
0.000000
0.000000
0.000000
5.154160
0.000000
0.000000
2.202152
0.000000
0.000000
0.557344
0.478029
0.000000
0.000000
0.000000
0.000000
0.000000
0.000000
0.000000
0.000000
0.000000
0.513993
1.453293
0.000000
0.000000
0.000000
0.000000
0.000000
0.000000
0.000000
0.000000
0.000000
0.000000
0.045815
0.000000
0.974475
0.000000
0.000000
0.000000
0.000000
0.000000
0.000000
0.000000
0.000000
0.000000
0.000000
0.000000
1.645208
0.000000
0.000000
0.000000
0.000000
0.223256
0.688601
0.760125
0.000000
0.000000
0.000000
0.000000
0.000000
0.000000
1.963521
0.000000
0.000000
0.000000
0.000000
0.000000
0.000000
0.000000
0.000000
0.000000
0.000000
0.000000
0.000000
0.000000
0.000000
0.000000
0.000000
0.000000
0.000000
0.000000
0.000000
0.000000
0.000000
0.000000
0.000000
0.000000
0.000000
0.000000
2.530863
0.440949
0.000000
0.000000
0.000000
2.753877
0.000000
0.000000
0.000000
0.000000
0.000000
0.000000
0.000000
0.000000
0.045420
0.000000
0.000000
0.000000
0.000000
3.172405
0.000000
0.000000
0.770012
0.859160
0.000000
0.000000
0.000000
1.242411
0.000000
0.000000
0.000000
0.000000
0.000000
0.000000
0.000000
0.000000
0.000000
0.000000
0.000000
0.000000
1.696351
0.000000
0.000000
0.000000
0.000000
0.000000
0.516014
0.000000
0.000000
0.085985
0.000000
0.000000
0.000000
0.000000
0.000000
0.014060
0.000000
2.926624
0.000000
0.000000
0.000000
0.000000
0.000000
0.000000
0.704367
0.000000
0.000000
0.000000
0.000000
0.000000
0.000000
0.000000
1.318644
0.088056
0.000000
0.000000
0.000000
0.000000
0.000000
0.000000
0.000000
0.000000
0.000000
0.000000
0.000000
0.000000
0.000000
0.000000
0.000000
0.000000
0.000000
0.000000
1.986958
0.000000
0.376163
0.000000
0.000000
0.000000
0.000000
0.000000
0.000000
0.000000
0.000000
0.000000
0.000000
1.906306
0.000000
0.000000
0.000000
0.000000
0.000000
0.000000
0.000000
0.000000
0.613118
0.000000
0.000000
0.210478
0.000000
0.000000
0.000000
0.378023
0.000000
0.000000
2.203119
0.000000
0.000000
0.000000
0.000000
0.000000
0.000000
0.000000
0.000000
0.000000
0.000000
0.000000
0.000000
0.000000
0.000000
0.000000
0.000000
1.001311
0.000000
0.000000
0.000000
0.000000
0.000000
0.000000
0.000000
0.000000
0.000000
0.000000
0.000000
0.000000
0.000000
0.000000
0.000000
3.116234
0.000000
0.000000
0.000000
0.000000
0.000000
0.000000
0.000000
0.000000
0.000000
0.000000
0.000000
0.000000
0.000000
0.000000
0.000000
0.000000
3.169751
0.000000
0.000000
0.000000
2.512830
0.000000
0.000000
1.060468
0.745787
0.000000
2.407572
0.041151
0.000000
0.000000
0.486183
0.000000
0.000000
0.000000
0.000000
0.000000
0.000000
0.000000
0.000000
0.000000
0.000000
0.000000
0.000000
0.000000
5.026666
0.000000
0.375954
2.089900
0.398210
0.000000
0.000000
0.435771
0.000000
0.000000
0.000000
0.000000
0.000000
0.000000
0.000000
0.000000
0.000000
0.000000
0.000000
0.000000
0.001002
0.000000
0.000000
0.000000
0.000000
0.597067
0.000000
1.096299
0.000000
0.294163
0.000000
0.000000
0.000000
0.000000
0.000000
0.000000
0.000000
0.000000
0.000000
0.000000
0.000000
0.688447
0.000000
0.000000
0.000000
0.000000
0.000000
1.607811
0.284344
1.054857
0.000000
0.000000
0.000000
1.461248
0.000000
0.000000
0.000000
0.000000
0.000000
0.000000
0.000000
0.448996
0.000000
0.000000
0.000000
0.000000
0.000000
0.400867
0.000000
0.000000
0.064386
0.000000
0.000000
0.000000
0.067707
0.091822
0.000000
0.175882
0.000000
0.000000
0.000000
0.000000
0.024686
1.930033
0.000000
0.000000
0.000000
0.000000
0.569751
0.000000
0.000000
0.000000
0.293359
0.000000
0.000000
0.000000
0.398961
0.000000
0.826638
0.000000
0.000000
0.000000
0.000000
0.000000
0.580003
0.000000
1.857094
0.000000
2.436562
0.000000
0.524793
0.000000
0.000000
0.000000
0.000000
0.000000
0.000000
1.308993
0.000000
0.000000
0.000000
0.000000
0.000000
0.000000
0.024813
0.000000
0.000000
0.041435
0.000000
0.000000
0.000000
0.000000
0.000000
3.072952
0.000000
0.000000
0.000349
0.000000
0.000000
0.000000
0.000000
0.000000
0.331954
0.422465
0.000000
0.000000
0.000000
0.565591
0.000000
0.000000
0.000000
0.000000
0.000000
0.000000
0.000000
0.961676
0.000000
0.000000
0.000000
0.000000
0.000000
0.810533
0.000000
0.000000
0.000000
0.353783
0.000000
0.000000
3.873298
0.000000
0.944989
0.000000
0.000000
0.000000
1.866701
0.000000
0.000000
0.000000
0.000000
0.959209
0.000000
0.203502
0.000000
0.000000
0.000000
0.000000
0.000000
0.000000
0.000000
0.000000
0.000000
0.000000
0.673600
0.000000
1.489029
0.000000
0.512468
0.000000
0.000000
0.000000
2.403795
0.000000
0.000000
0.000000
0.000000
0.000000
0.000000
0.000000
0.000000
0.000000
0.000000
0.000000
0.000000
0.000000
0.340965
1.420320
0.000000
0.000000
0.068865
0.000000
0.000000
0.000000
0.093381
2.365143
0.140004
0.000000
0.398669
0.000000
1.072448
0.000000
0.000000
0.000000
0.000000
0.000000
0.000000
0.000000
1.199844
0.000000
0.000000
0.000000
0.000000
0.000000
0.000000
0.710778
0.000000
0.000000
0.713726
2.783419
0.000000
0.000000
0.752670
2.311823
0.000000
0.537438
0.000000
0.000000
0.000000
0.000000
0.000000
0.000000
0.000000
0.000000
0.721562
0.000000
0.000000
0.159200
0.000000
1.569756
0.000000
0.000000
0.000000
0.000000
0.000000
0.000000
0.000000
0.000000
0.000000
0.000000
0.000000
0.000000
0.000000
0.818437
0.000000
0.000000
0.000000
0.000000
0.000000
0.000000
0.000000
0.000000
0.766691
0.000000
0.000000
0.000000
1.190018
0.000000
0.000000
0.000000
0.000000
2.026017
0.000000
0.000000
0.000000
0.000000
1.514209
0.000000
0.000000
0.000000
0.000000
0.000000
0.859937
0.000000
0.270414
0.000000
0.190544
0.000000
0.920251
0.000000
0.016557
0.000000
0.000000
0.000000
0.000000
0.000000
0.000000
0.000000
0.000000
0.000000
1.733725
0.000000
0.000000
0.626360
0.000000
0.000000
0.000000
0.000000
0.000000
0.000000
0.000000
0.000000
0.000000
0.000000
0.000000
0.000000
0.325518
0.000000
0.000000
3.618675
0.000000
0.000000
1.627974
1.438990
2.780250
1.073944
0.000000
0.000000
0.000000
0.000000
0.000000
0.000000
0.000000
0.000000
0.000000
0.000000
0.000000
0.000000
0.000000
0.000000
0.000000
0.000000
0.000000
0.000000
0.000000
0.000000
0.000000
0.000000
0.000000
0.000000
2.116544
0.000000
0.000000
0.000000
0.433708
0.000000
0.000000
1.600247
0.000000
0.000000
0.000000
0.000000
0.000000
0.000000
0.000000
0.000000
0.000000
0.000000
0.000000
0.000000
0.220682
0.000000
0.000000
0.000000
1.160174
0.000000
0.000000
0.000000
0.000000
0.000000
0.000000
0.000000
0.000000
1.680124
0.000000
0.000000
0.000000
0.000000
0.000000
0.000000
0.000000
2.535420
0.000000
0.000000
0.000000
0.000000
0.000000
0.000000
0.000000
0.000000
0.000000
0.320226
0.000000
0.000000
0.000000
0.000000
0.000000
0.000000
0.000000
0.000000
0.000000
0.000000
0.738219
0.000000
0.000000
0.000000
0.000000
0.000000
0.000000
0.000000
0.000000
0.000000
0.000000
0.000000
0.000000
0.000000
0.000000
0.000000
0.000000
0.000000
0.000000
0.000000
0.000000
0.000000
0.000000
0.000000
0.000000
0.835536
0.237107
0.000000
0.000000
1.147291
0.000000
0.622493
0.000000
0.000000
0.000000
0.000000
0.000000
0.000000
0.000000
2.305737
3.184536
0.000000
0.000000
0.000000
0.000000
0.000000
0.000000
0.000000
0.000000
0.000000
0.000000
0.000000
0.000000
0.000000
0.923889
0.452640
0.000000
0.000000
0.000000
0.000000
0.000000
0.000000
0.000000
0.000000
0.000000
0.000000
0.000000
0.000000
0.000000
0.000000
0.000000
0.000000
3.273194
0.000000
0.000000
0.000000
0.000000
0.000000
0.000000
0.000000
0.000000
0.000000
0.000000
0.462792
0.000000
0.885538
0.000000
0.000000
0.000000
0.000000
0.000000
0.000000
0.000000
0.000000
0.000000
0.000000
0.000000
0.000000
0.563133
0.000000
0.127656
0.000000
0.000000
0.000000
0.000000
0.000000
0.000000
0.000000
0.000000
0.617661
0.000000
0.000000
0.000000
0.000000
0.000000
0.000000
0.000000
1.856817
0.000000
0.000000
0.000000
0.000000
0.000000
2.983045
0.873830
0.000000
0.000000
0.000000
0.000000
0.000000
0.000000
0.000000
0.000000
0.000000
0.000000
0.390092
0.000000
0.000000
0.000000
0.000000
2.664590
0.000000
0.000000
0.000000
0.000000
0.000000
0.000000
0.000000
0.000000
2.533044
2.429880
0.000000
0.000000
0.000000
1.704035
0.000000
0.000000
0.416414
0.000000
0.557459
0.727272
0.000000
0.000000
0.548825
0.000000
0.000000
0.000000
2.179535
0.000000
0.000000
3.907558
0.000000
0.791342
0.936440
0.000000
0.000000
0.000000
1.378357
0.000000
0.000000
0.000000
0.000000
0.000000
0.000000
0.000000
0.000000
0.000000
0.000000
0.000000
0.000000
1.085694
0.294760
1.246161
0.000000
0.861188
1.284749
0.000000
1.275297
0.000000
0.000000
0.095205
0.907735
0.000000
0.000000
0.000000
0.151317
0.000000
0.000000
0.000000
2.866445
0.000000
0.000000
0.290317
0.000000
0.000000
0.000000
0.000000
0.000000
0.000000
0.000000
0.000000
0.000000
1.137653
0.000000
0.000000
1.383952
0.000000
0.000000
0.000000
0.000000
0.000000
0.000000
0.309521
0.000000
0.000000
0.000000
0.000000
0.000000
0.000000
0.000000
0.000000
0.000000
0.000000
0.000000
0.000000
0.000000
0.000000
0.759498
0.000000
2.755072
0.033005
0.000000
0.000000
0.000000
0.000000
0.000000
0.000000
0.000000
0.000000
0.000000
0.000000
0.000000
0.000000
0.000000
0.000000
0.000000
0.449069
0.000000
0.000000
0.000000
1.343113
0.000000
0.000000
0.000000
0.000000
0.830648
0.000000
0.000000
0.000000
0.000000
0.000000
0.000000
0.000000
0.000000
4.117171
0.000000
0.596850
0.000000
0.000000
0.000000
0.269872
0.000000
0.000000
0.911639
0.000000
0.000000
0.000000
0.000000
0.000000
0.000000
0.000000
0.000000
0.000000
0.000000
0.000000
0.095131
0.000000
0.000000
0.000000
0.000000
5.115096
0.000000
2.587888
0.000000
0.000000
0.326285
0.000000
0.000000
0.000000
0.000000
0.000000
0.000000
0.492113
0.000000
0.000000
0.891968
0.000000
0.000000
0.000000
0.000000
0.000000
0.000000
0.000000
0.000000
0.000000
0.000000
0.403301
0.000000
0.000000
0.142624
0.000000
0.000000
0.000000
0.000000
0.000000
0.538026
1.183318
0.000000
0.000000
0.000000
1.419247
0.000000
0.000000
0.000000
0.000000
0.674434
0.000000
0.000000
0.000000
0.000000
0.000000
0.000000
2.650181
0.000000
0.000000
0.000000
0.000000
0.000000
0.000000
0.000000
0.000000
0.000000
0.000000
0.054863
0.000000
0.105050
0.000000
0.000000
0.000000
0.000000
0.000000
0.015704
0.000000
0.000000
0.000000
0.000000
0.000000
0.000000
0.129367
0.000000
0.000000
0.000000
0.787096
0.000000
0.000000
0.000000
0.000000
0.000000
0.000000
0.908779
0.000000
0.000000
1.643457
0.000000
0.418712
0.494668
0.000000
0.000000
1.548008
2.096745
0.966619
0.000000
0.000000
0.000000
0.000000
0.000000
0.290345
0.000000
0.000000
0.000000
0.000000
0.000000
0.427911
0.000000
0.000000
0.000000
0.224881
0.109484
0.000000
3.924633
0.000000
0.000000
0.000000
0.000000
0.719526
0.000000
0.000000
0.000000
0.000000
0.000000
0.000000
0.000000
0.000000
0.000000
0.000000
0.000000
0.000000
0.000000
0.000000
0.000000
0.000000
0.000000
0.000000
0.000000
0.000000
0.000000
0.000000
0.000000
0.000000
0.000000
0.892991
0.438527
0.000000
0.000000
0.025064
0.000000
0.000000
0.000000
0.000000
0.000000
0.000000
0.000000
0.000000
1.281535
0.000000
0.000000
0.000000
0.000000
1.592959
0.000000
0.000000
0.000000
0.000000
2.018305
0.386109
0.000000
0.000000
0.000000
0.000000
0.000000
0.000000
0.000000
0.000000
0.000000
0.000000
0.000000
0.000000
0.000000
0.000000
0.000000
4.505187
0.000000
0.000000
0.000000
0.000000
0.000000
0.000000
0.000000
0.000000
0.000000
0.000000
0.000000
0.237757
0.926022
0.429466
1.626863
0.000000
0.000000
0.000000
0.000000
1.995305
0.000000
0.000000
0.000000
0.000000
1.981698
1.289843
0.000000
1.122013
0.000000
1.022977
0.000000
0.055458
0.000000
0.000000
0.000000
0.000000
0.000000
0.000000
0.000000
0.000000
0.000000
0.000000
0.000000
0.000000
0.000000
0.000000
0.000000
0.000000
0.000000
0.000000
0.000000
0.028925
3.163107
0.000000
0.305293
0.000000
0.000000
0.000000
2.407540
0.000000
1.119658
0.000000
0.000000
0.000000
3.324967
0.000000
0.000000
0.000000
1.007766
0.000000
0.000000
0.000000
0.000000
0.000000
0.000000
0.000000
0.000000
0.000000
0.000000
0.254639
1.353234
0.000000
0.000000
1.516176
0.000000
0.000000
0.663319
0.000000
0.000000
0.000000
0.000000
0.000000
0.000000
0.000000
0.000000
0.000000
0.000000
0.000000
0.000000
0.000000
1.703913
0.000000
0.000000
0.000000
0.000000
0.000000
0.000000
0.000000
0.000000
0.000000
0.000000
0.000000
0.000000
0.000000
0.000000
1.956067
0.000000
0.000000
0.000000
0.000000
0.000000
0.000000
0.023529
0.000000
0.586357
0.000000
0.000000
0.937327
0.000000
0.000000
0.000000
0.000000
0.000000
0.000000
0.698269
0.000000
0.000000
1.373352
0.000000
0.000000
0.000000
0.000000
0.000000
1.115267
0.000000
0.000000
0.000000
0.000000
0.000000
0.747445
0.000000
0.000000
0.000000
0.000000
0.000000
0.000000
0.000000
0.000000
2.456456
0.000000
0.000000
0.000000
0.000000
0.000000
0.881982
0.000000
0.000000
0.000000
0.000000
0.000000
0.000000
0.271722
0.000000
0.000000
0.000000
0.000000
0.000000
0.000000
0.957605
0.000000
0.000000
0.000000
0.000000
0.000000
0.000000
0.000000
0.000000
0.000000
0.000000
0.000000
0.000000
0.000000
0.000000
0.000000
0.922252
0.000000
0.000000
0.000000
0.000000
0.000000
0.000000
0.692541
0.000000
0.000000
0.000000
0.000000
1.138483
0.000000
0.000000
0.000000
2.254471
0.000000
0.000000
0.000000
0.000000
0.000000
0.000000
0.000000
0.000000
0.000000
0.000000
0.633848
0.000000
0.000000
0.000000
0.000000
0.000000
0.000000
0.442792
0.000000
0.000000
0.000000
0.000000
0.000000
0.000000
0.000000
0.000000
0.000000
0.000000
0.540362
0.000000
0.000000
0.000000
0.000000
0.000000
0.050097
0.000000
0.711817
0.702971
0.000000
0.000000
0.000000
0.000000
0.000000
0.058599
0.000000
0.673286
0.000000
0.000000
0.000000
0.000000
2.302751
0.704523
0.000000
0.000000
0.000000
0.000000
0.000000
0.000000
0.000000
1.297640
0.000000
0.000000
0.000000
0.000000
1.179982
0.000000
0.000000
0.000000
0.226674
0.126427
0.000000
0.261453
0.000000
0.000000
0.000000
0.000000
0.000000
0.000000
0.000000
0.000000
0.000000
0.000000
0.000000
0.000000
0.297541
0.000000
2.145654
0.000000
0.000000
0.064219
1.863924
0.000000
0.000000
0.000000
0.000000
0.000000
0.000000
1.586721
0.000000
0.000000
0.000000
0.241346
0.000000
1.974020
0.000000
0.000000
0.000000
0.000000
0.000000
0.000000
0.000000
0.000000
0.000000
0.000000
0.408045
0.000000
1.681239
0.000000
0.381511
1.741243
0.000000
0.000000
0.000000
2.247999
0.000000
0.000000
1.687804
0.000000
0.000000
0.000000
1.162848
1.248031
0.397805
0.000000
0.000000
0.228079
0.000000
0.000000
0.326732
0.000000
0.000000
0.000000
0.000000
0.000000
1.028805
0.000000
0.000000
0.000000
3.237124
0.000000
0.716641
0.000000
0.000000
0.000000
0.045395
0.000000
0.000000
0.000000
0.000000
0.000000
0.000000
0.000000
1.056438
0.000000
0.000000
0.000000
0.000000
0.000000
1.046934
0.000000
0.000000
0.000000
0.000000
0.000000
0.000000
0.000000
0.000000
0.000000
0.000000
0.000000
0.000000
0.000000
0.000000
0.560900
0.000000
0.000000
0.607499
0.000000
0.000000
0.000000
0.000000
0.000000
0.000000
0.000000
0.000000
0.000000
0.000000
0.000000
0.000000
0.487879
0.000000
0.000000
0.000000
0.000000
0.000000
0.000000
0.635117
0.000000
0.000000
0.000000
0.000000
0.000000
1.112072
0.000000
0.000000
0.000000
0.000000
0.000000
0.000000
0.000000
0.000000
0.039324
0.000000
0.000000
0.329469
0.000000
0.000000
0.000000
0.000000
0.000000
0.000000
0.000000
0.000000
0.000000
0.000000
0.000000
0.000000
0.000000
0.066752
0.040449
0.671143
0.000000
0.000000
0.000000
0.000000
3.310561
1.510184
0.176841
0.000000
0.000000
0.429213
0.000000
0.566671
0.868543
0.000000
0.000000
0.000000
0.000000
0.000000
0.000000
0.000000
0.000000
0.000000
0.000000
0.000000
3.541472
0.000000
0.000000
1.743603
0.000000
0.000000
0.000000
0.000000
0.391539
0.000000
0.000000
0.000000
0.000000
0.000000
0.000000
1.810317
0.638688
0.000000
1.520792
0.000000
0.000000
0.000000
0.000000
0.000000
0.000000
0.000000
0.000000
1.188489
0.000000
0.000000
0.000000
0.000000
0.422969
0.000000
1.553782
0.000000
0.000000
0.000000
0.000000
0.000000
3.386640
0.000000
0.000000
0.000000
0.000000
0.000000
0.000000
0.000000
0.000000
0.000000
1.377439
0.000000
0.452027
0.000000
0.000000
0.000000
0.322036
0.000000
0.000000
0.000000
0.485872
0.006197
0.000000
0.000000
0.000000
0.000000
0.216229
0.000000
0.000000
0.000000
0.309073
0.000000
0.000000
0.000000
0.000000
0.000000
0.000000
0.000000
0.000000
0.000000
0.000000
0.000000
0.000000
0.000000
0.000000
0.000000
0.000000
0.000000
0.000000
0.000000
0.000000
0.000000
