0.000000
0.000000
0.000000
0.000000
0.000000
0.000000
2.959579
0.000000
0.000000
2.296562
0.000000
0.000000
2.304827
0.000000
0.005703
0.000000
0.000000
0.000000
0.000000
0.000000
0.000000
0.000000
0.000000
0.279890
0.504535
2.150372
0.985924
0.000000
0.000000
2.389681
0.000000
3.778377
0.000000
0.000000
0.000000
0.000000
0.000000
0.000000
0.000000
0.000000
0.000000
2.339603
0.000000
0.000000
0.126292
0.000000
2.040720
2.289685
0.000000
0.000000
0.000000
0.000000
0.000000
0.000000
0.000000
0.693102
0.000000
0.868142
0.000000
0.000000
0.000000
0.000000
0.000000
0.000000
0.024259
0.349469
0.000000
0.000000
0.000000
0.000000
0.000000
0.000000
0.658570
0.000000
0.000000
0.000000
0.000000
0.778099
0.000000
4.460436
0.000000
0.000000
0.000000
0.000000
0.000000
0.000000
0.000000
0.000000
0.000000
0.000000
0.000000
0.470803
0.462311
0.000000
1.752493
0.000000
0.000000
0.000000
0.000000
3.012289
0.000000
0.000000
0.000000
0.000000
0.000000
0.000000
0.000000
1.467538
0.000000
0.000000
0.000000
0.000000
0.000000
0.000000
0.000000
0.000000
0.000000
0.000000
0.000000
0.000000
0.000000
0.000000
0.419773
0.470293
0.000000
0.000000
0.000000
0.000000
0.000000
0.000000
0.000000
0.726485
1.160035
0.000000
0.000000
0.000000
0.000000
0.000000
0.000000
0.392461
0.000000
0.000000
2.438734
0.000000
0.000000
0.000000
0.000000
0.000000
0.000000
0.000000
1.576215
0.000000
0.000000
0.000000
0.000000
0.000000
0.000000
0.085573
0.000000
0.000000
0.000000
0.000000
0.000000
0.661149
0.000000
2.490915
0.000000
0.000000
0.023612
0.000000
0.000000
0.000000
0.000000
0.000000
0.000000
0.000000
0.000000
0.000000
0.000000
1.344415
0.823318
1.627004
0.000000
0.000000
0.000000
0.000000
0.000000
0.000000
0.000000
0.000000
1.130545
0.000000
0.000000
0.000000
0.000000
4.342007
0.000000
0.000000
0.000000
0.000000
0.000000
0.000000
0.000000
0.000000
0.000000
0.372057
0.704282
0.000000
0.000000
0.000000
0.000000
0.000000
0.000000
0.000000
0.000000
0.000000
0.000000
0.000000
0.000000
0.000000
0.000000
0.000000
0.000000
0.000000
0.000000
0.000000
1.405133
1.144079
1.460737
0.000000
0.000000
0.000000
0.000000
0.000000
0.000000
0.000000
0.000000
0.000000
0.000000
0.000000
0.000000
0.000000
0.000000
0.000000
0.000000
4.548296
0.000000
0.000000
0.000000
0.000000
0.000000
0.000000
0.000000
0.000000
0.000000
0.000000
0.000000
0.000000
0.000000
0.000000
0.000000
0.000000
0.000000
0.000000
4.156681
0.040668
1.607660
0.000000
0.000000
0.000000
0.000000
0.000000
0.000000
0.000000
0.000000
0.000000
0.000000
0.000000
0.000000
0.000000
1.950346
0.000000
2.966848
0.000000
0.000000
0.000000
0.000000
0.000000
0.000000
0.869646
0.000000
3.714646
0.000000
0.175770
0.000000
0.000000
0.000000
0.000000
0.000000
0.346284
0.454123
0.378389
0.000000
0.000000
0.000000
0.000000
0.000000
0.000000
0.000000
0.000000
0.000000
0.000000
0.000000
0.000000
0.000000
0.000000
0.000000
0.000000
0.000000
0.000000
0.000000
2.529999
0.257011
0.000000
0.000000
0.000000
0.000000
0.000000
0.000000
0.000000
0.000000
0.000000
0.000000
1.358215
0.013530
0.000000
0.363153
3.383984
0.000000
0.000000
0.000000
0.000000
0.000000
1.241104
0.000000
0.000000
2.302707
0.000000
0.000000
0.000000
0.000000
0.000000
0.000000
0.000000
0.000000
2.728394
2.518348
0.000000
0.000000
0.000000
0.000000
0.000000
0.000000
2.102340
0.000000
0.000000
0.000000
0.000000
0.000000
5.282454
0.000000
0.000000
0.000000
0.000000
0.000000
6.031080
0.000000
0.000000
0.281710
2.416008
0.000000
0.000000
0.000000
0.000000
0.933699
0.089063
0.000000
0.000000
0.000000
0.000000
0.000000
0.000000
0.000000
0.000000
0.000000
0.000000
1.811594
0.000000
0.000000
0.000000
0.000000
0.000000
0.000000
0.000000
0.000000
0.000000
0.000000
0.000000
0.000000
0.000000
0.000000
1.918909
0.000000
0.000000
0.000000
0.000000
0.000000
0.000000
0.000000
0.000000
0.495368
2.620751
0.000000
0.000000
0.000000
0.000000
0.000000
0.000000
0.000000
0.000000
0.000000
0.000000
0.000000
0.000000
0.000000
0.000000
0.000000
0.000000
0.000000
0.000000
0.000000
0.000000
0.000000
0.000000
0.000000
2.160291
0.658764
0.000000
0.000000
0.000000
0.000000
0.000000
0.000000
0.000000
0.000000
1.450178
0.000000
0.000000
0.000000
0.000000
0.000000
0.000000
0.000000
0.000000
0.000000
0.000000
0.000000
0.000000
0.000000
0.038817
0.000000
0.000000
0.000000
0.000000
0.000000
0.000000
0.000000
1.399246
0.000000
0.000000
0.000000
2.455222
0.000000
0.000000
0.000000
0.000000
0.884666
0.000000
0.000000
0.000000
0.000000
0.783239
4.309325
0.000000
0.000000
0.000000
0.000000
0.000000
0.000000
0.000000
0.000000
0.000000
0.000000
0.000000
0.000000
0.000000
0.000000
0.000000
0.000000
0.000000
0.000000
1.408213
0.000000
0.000000
0.000000
0.000000
0.000000
0.000000
0.000000
0.000000
0.000000
0.000000
0.000000
0.000000
0.000000
1.527167
0.000000
2.115279
0.000000
0.000000
1.127038
0.000000
0.000000
0.000000
0.000000
0.000000
0.000000
0.000000
0.000000
0.000000
0.000000
0.000000
0.000000
0.000000
0.000000
0.000000
0.000000
0.000000
0.000000
0.000000
1.572421
0.000000
0.255302
0.082232
0.000000
1.971552
0.000000
0.000000
0.000000
1.332669
0.000000
0.000000
0.000000
0.000000
0.000000
0.000000
0.000000
0.000000
0.000000
0.000000
0.000000
0.000000
0.000000
0.000000
0.658290
1.514950
0.859398
0.000000
0.000000
0.000000
0.000000
0.000000
0.000000
0.000000
0.000000
0.000000
0.000000
0.000000
0.000000
0.000000
0.000000
0.000000
0.000000
0.000000
0.000000
0.440773
0.000000
0.000000
0.094097
0.000000
0.000000
0.000000
0.315143
0.000000
0.000000
0.000000
0.000000
0.000000
0.534461
0.000000
0.000000
0.000000
0.000000
0.000000
0.000000
0.000000
0.000000
0.000000
0.000000
0.000000
0.075712
0.000000
0.000000
0.000000
0.000000
0.000000
0.000000
1.806956
0.000000
0.000000
0.000000
0.000000
0.664912
0.000000
0.000000
0.780781
0.000000
0.000000
0.000000
0.000000
0.000000
1.985410
0.000000
0.000000
0.000000
0.000000
0.000000
0.000000
0.000000
0.000000
0.000000
0.385009
0.000000
0.000000
0.000000
0.000000
0.000000
1.747517
2.287434
0.000000
0.000000
0.000000
0.000000
0.000000
0.000000
0.000000
1.170707
0.000000
0.000000
1.229043
0.000000
0.000000
0.000000
0.643153
0.000000
0.000000
0.000000
0.926120
0.000000
0.000000
0.060165
1.532851
0.000000
0.000000
0.000000
0.000000
0.000000
0.000000
0.000000
2.917572
0.000000
0.000000
0.000000
0.000000
1.132596
0.000000
0.000000
0.000000
0.000000
0.000000
0.000000
0.000000
0.000000
0.106331
0.000000
0.000000
2.337417
0.000000
2.846679
0.000000
1.279556
0.000000
0.000000
1.472593
0.000000
0.000000
0.000000
0.000000
2.081619
0.000000
0.000000
0.000000
0.000000
0.000000
0.006357
0.000000
1.125810
0.000000
0.000000
0.000000
0.000000
0.000000
0.000000
0.069631
0.000000
0.000000
0.000000
0.000000
0.000000
0.000000
0.000000
0.000000
0.209054
0.000000
0.000000
0.000000
0.000000
1.941617
0.000000
0.000000
0.000000
0.000000
1.704090
0.000000
0.000000
0.000000
0.000000
0.000000
0.000000
0.143616
0.000000
0.000000
0.000000
0.000000
0.000000
0.000000
0.096070
0.000000
0.966982
0.244515
0.000000
0.000000
0.000000
0.000000
0.000000
0.000000
0.000000
0.000000
0.000000
0.000000
0.000000
0.000000
0.000000
0.000000
0.000000
0.000000
0.000000
0.000000
0.000000
0.000000
0.000000
0.000000
0.000000
0.000000
0.000000
0.000000
0.000000
1.054923
0.228432
0.000000
2.118258
0.000000
0.000000
0.000000
0.000000
0.000000
0.000000
0.000000
0.000000
0.000000
0.000000
2.736809
0.000000
0.000000
0.535248
0.807255
0.000000
0.131275
0.000000
0.000000
0.000000
0.000000
0.000000
0.000000
0.724370
0.000000
0.000000
0.000000
0.000000
0.000000
0.572744
0.000000
0.184643
0.296397
0.000000
0.127187
0.000000
0.000000
0.000000
2.717150
0.000000
0.311262
0.000000
0.000000
0.000000
0.000000
0.000000
0.618768
0.147770
0.000000
0.000000
0.000000
0.532810
0.000000
0.000000
0.000000
0.000000
0.000000
0.000000
0.000000
0.000000
0.000000
0.000000
0.000000
0.000000
0.000000
0.000000
0.000000
0.000000
0.000000
0.000000
0.000000
10.128241
0.000000
0.000000
0.000000
2.720391
0.000000
0.000000
0.000000
0.000000
0.000000
0.000000
0.658346
0.000000
0.000000
0.000000
0.000000
0.000000
0.000000
1.218716
0.000000
0.000000
0.161844
0.000000
0.000000
0.000000
0.000000
0.000000
0.000000
0.000000
0.000000
0.000000
0.000000
0.000000
0.000000
0.000000
0.000000
0.000000
0.000000
0.000000
0.000000
0.000000
0.000000
0.000000
0.000000
1.595522
0.000000
0.000000
0.000000
3.785159
0.884516
0.000000
0.000000
2.010942
2.434737
0.000000
0.000000
0.000000
0.000000
0.000000
0.229950
0.000000
0.000000
0.000000
1.968061
2.472573
0.000000
0.000000
1.059457
0.000000
0.000000
0.000000
0.639263
0.000000
0.000000
0.000000
0.000000
0.000000
0.000000
0.000000
0.000000
0.583688
0.000000
0.000000
0.000000
0.000000
0.000000
0.000000
0.973084
0.563567
1.584369
0.000000
0.000000
0.381815
0.000000
0.000000
0.000000
0.738140
0.000000
0.000000
0.253749
0.000000
0.000000
0.000000
1.168220
0.000000
0.015255
0.000000
0.000000
0.000000
0.000000
0.000000
0.000000
0.000000
0.000000
0.000000
0.000000
0.000000
0.000000
0.000000
0.000000
0.000000
0.000000
0.000000
0.000000
0.000000
2.379195
0.000000
0.000000
0.000000
0.521514
0.000000
0.000000
0.000000
0.000000
0.000000
0.000000
0.000000
0.000000
0.000000
0.000000
1.851129
0.000000
0.000000
0.000000
0.868575
0.000000
0.801089
0.000000
0.000000
0.000000
0.000000
0.000000
0.000000
0.000000
0.000000
0.000000
0.000000
0.000000
0.000000
0.000000
0.000000
2.438695
0.000000
0.000000
0.469243
0.000000
3.720555
2.636361
0.000000
0.000000
0.000000
0.000000
0.875494
0.000000
0.000000
0.000000
0.000000
0.000000
0.000000
0.000000
0.000000
0.000000
0.000000
0.000000
0.000000
0.000000
0.000000
0.000000
0.000000
0.000000
0.000000
0.000000
0.000000
5.015025
0.000000
0.000000
0.000000
0.000000
0.000000
0.000000
0.000000
0.000000
0.000000
0.000000
0.000000
0.000000
0.000000
0.000000
0.000000
0.000000
0.000000
0.000000
0.000000
0.000000
0.000000
1.129651
0.000000
0.000000
0.000000
0.000000
0.166388
0.000000
0.000000
0.000000
0.000000
0.000000
0.000000
0.000000
0.000000
0.272916
1.721099
0.000000
0.000000
0.000000
0.000000
0.000000
0.000000
5.554135
0.000000
0.000000
0.000000
0.000000
0.000000
0.000000
0.000000
0.000000
0.000000
1.803901
0.000000
0.000000
0.000000
0.000000
0.000000
0.000000
0.000000
2.227541
0.000000
0.000000
0.000000
0.362782
2.899660
0.000000
0.000000
0.000000
0.000000
0.000000
0.000000
0.000000
0.000000
0.000000
0.000000
0.000000
0.000000
0.000000
0.000000
0.000000
0.000000
0.000000
0.000000
0.000000
0.000000
0.000000
0.000000
0.000000
0.000000
0.000000
2.082501
0.000000
3.619869
0.000000
0.000000
0.000000
0.000000
0.895855
0.000000
0.000000
0.000000
0.000000
0.000000
0.000000
0.000000
1.838466
0.000000
0.000000
0.000000
0.000000
1.538873
0.000000
0.000000
0.000000
0.000000
0.000000
0.000000
0.000000
2.234339
0.000000
0.000000
0.000000
5.788568
0.000000
0.000000
0.000000
0.000000
1.787807
0.000000
0.000000
0.000000
2.282585
0.000000
0.000000
0.000000
0.000000
0.000000
1.258627
0.000000
0.000000
0.000000
0.000000
0.000000
0.000000
0.000000
0.000000
0.000000
0.000000
0.000000
0.000000
0.000000
0.000000
0.000000
0.000000
0.000000
3.537562
0.000000
0.000000
0.000000
0.000000
0.000000
0.000000
0.000000
0.000000
0.000000
0.000000
0.000000
0.000000
0.000000
0.000000
0.000000
2.206242
1.957620
0.944859
0.000000
1.122499
0.000000
0.000000
0.000000
0.000000
0.000000
0.000000
0.000000
0.000000
0.000000
0.000000
0.161910
0.034933
2.073040
0.000000
0.000000
0.253075
0.000000
0.000000
1.785149
0.000000
0.000000
0.000000
0.000000
0.000000
0.000000
0.000000
0.000000
4.489022
0.000000
0.000000
0.000000
0.000000
0.000000
1.528215
0.000000
0.000000
0.000000
0.000000
0.000000
0.958067
0.000000
0.000000
0.000000
0.000000
1.964999
0.000000
4.309659
0.000000
0.000000
0.000000
0.690840
3.547222
0.000000
0.000000
0.000000
0.000000
0.000000
0.000000
0.000000
0.000000
0.000000
0.000000
0.000000
0.000000
0.000000
0.000000
0.000000
2.205945
0.000000
0.000000
0.000000
0.000000
0.000000
0.000000
0.000000
0.000000
0.000000
0.000000
0.000000
0.000000
0.000000
0.000000
0.000000
0.000000
0.000000
0.000000
0.000000
3.497163
0.000000
0.563639
0.000000
0.000000
0.000000
0.000000
0.000000
0.000000
0.000000
0.538548
0.000000
0.000000
0.000000
0.000000
0.000000
0.000000
0.000000
0.000000
0.000000
1.792768
0.000000
2.246731
2.230602
0.000000
0.000000
0.000000
0.000000
0.000000
0.000000
0.000000
0.000000
0.000000
0.491026
0.183515
0.000000
0.000000
1.053578
0.000000
2.088678
0.000000
0.000000
0.000000
6.620946
0.000000
0.000000
0.000000
2.570603
0.000000
0.000000
0.000000
0.000000
0.000000
0.000000
0.015246
0.000000
0.000000
0.000000
0.000000
0.000000
0.000000
0.000000
0.000000
0.000000
0.165455
0.000000
0.656644
0.000000
0.000000
0.000000
0.000000
3.153385
0.000000
0.000000
0.000000
0.000000
0.000000
0.000000
0.000000
3.929810
0.000000
0.631515
0.000000
0.000000
0.000000
0.000000
0.592526
0.000000
0.000000
0.000000
0.000000
0.000000
0.000000
0.000000
0.000000
0.000000
0.000000
0.000000
0.000000
0.000000
0.000000
0.000000
0.000000
0.000000
0.070979
0.000000
0.000000
0.000000
0.000000
0.000000
1.616346
0.000000
0.656558
1.590698
0.000000
1.209972
0.000000
0.000000
0.000000
0.000000
0.000000
0.000000
0.000000
0.000000
0.000000
0.000000
0.000000
0.000000
0.000000
0.838621
0.575545
0.000000
2.377348
0.000000
0.000000
0.000000
0.000000
0.000000
0.000000
0.000000
0.000000
0.000000
0.000000
0.000000
2.383497
0.000000
0.188539
0.000000
0.000000
0.000000
0.000000
0.889053
0.924642
0.000000
0.000000
0.199724
0.000000
0.000000
0.000000
0.000000
0.000000
0.000000
0.000000
0.000000
1.360566
0.000000
0.000000
0.000000
0.000000
0.000000
0.255823
0.000000
0.000000
0.000000
0.000000
0.000000
0.000000
0.000000
0.000000
0.000000
0.000000
0.000000
0.000000
0.000000
0.000000
0.000000
1.729114
0.000000
0.000000
0.282572
0.000000
0.000000
0.000000
0.000000
0.000000
0.000000
0.000000
0.000000
0.137911
0.000000
0.000000
0.000000
0.000000
0.000000
0.000000
0.000000
0.000000
3.079690
0.000000
0.000000
0.000000
0.639799
0.000000
0.000000
0.000000
0.000000
0.000000
0.000000
0.000000
0.000000
0.000000
0.000000
0.426191
0.000000
0.000000
1.695783
0.000000
0.000000
0.000000
0.000000
0.000000
2.685593
0.000000
0.000000
0.000000
0.000000
0.000000
0.000000
0.000000
1.276866
0.480766
0.000000
0.000000
0.000000
0.000000
0.281954
1.118817
0.000000
1.617077
0.000000
0.000000
0.000000
0.000000
0.000000
0.000000
0.000000
0.000000
0.541653
0.000000
0.000000
1.218701
0.000000
0.000000
0.000000
0.000000
0.000000
0.000000
0.000000
0.000000
0.000000
0.000000
0.000000
0.000000
0.000000
0.000000
0.000000
0.000000
0.000000
1.081159
0.000000
0.000000
0.000000
0.000000
0.000000
0.000000
0.000000
0.000000
0.000000
0.000000
0.000000
0.000000
0.000000
0.000000
0.000000
0.000000
0.000000
0.000000
0.000000
0.260050
0.000000
0.000000
0.000000
6.492148
0.000000
0.000000
0.000000
0.000000
0.000000
0.077144
0.000000
0.000000
2.293529
0.000000
0.000000
0.000000
0.000000
3.864888
0.000000
1.433638
0.000000
0.000000
0.000000
0.000000
0.000000
0.000000
0.000000
0.076131
0.000000
0.000000
0.000000
0.000000
0.000000
0.599182
0.000000
0.000000
0.000000
0.000000
0.000000
0.000000
0.000000
0.000000
0.000000
0.000000
0.000000
0.000000
0.000000
0.000000
0.000000
0.000000
0.000000
0.000000
0.000000
0.000000
1.888439
0.000000
0.643705
0.000000
0.730372
3.011182
0.000000
0.000000
0.000000
0.000000
0.000000
0.000000
0.118243
0.000000
0.000000
0.000000
0.000000
0.000000
0.000000
0.000000
0.000000
0.625640
0.000000
0.000000
0.000000
0.000000
0.000000
0.000000
0.000000
0.000000
0.000000
0.000000
0.000000
0.000000
0.349016
1.215420
0.000000
0.000000
0.000000
1.593722
0.000000
0.000000
1.365459
0.000000
0.000000
0.000000
0.000000
0.000000
0.000000
0.000000
0.000000
0.205695
1.562610
0.000000
0.000000
0.000000
0.000000
0.000000
0.000000
2.081071
0.557332
0.000000
0.000000
0.000000
4.759538
0.000000
0.000000
0.396536
2.257238
0.000000
0.000000
0.000000
0.000000
0.000000
0.000000
0.000000
0.000000
0.000000
0.000000
0.000000
0.000000
6.113480
0.000000
1.007721
0.000000
0.000000
0.000000
0.000000
0.000000
0.000000
0.130729
0.000000
2.916421
0.000000
0.000000
0.000000
0.000000
0.000000
0.000000
5.211860
4.768934
0.000000
0.000000
1.239507
0.000000
0.083341
0.000000
0.000000
0.000000
1.098695
0.000000
0.000000
0.000000
0.000000
0.000000
0.000000
0.000000
2.802641
0.000000
0.000000
0.000000
1.224972
0.000000
0.000000
0.000000
0.000000
0.000000
0.000000
0.000000
0.000000
0.000000
0.000000
0.456293
0.000000
2.384888
0.000000
0.000000
0.000000
0.000000
0.000000
3.389875
0.000000
0.156365
0.000000
0.000000
3.711302
0.000000
0.000000
0.000000
0.000000
0.000000
0.000000
0.000000
0.000000
4.207438
0.000000
0.000000
0.000000
0.000000
0.000000
0.000000
0.000000
1.737591
0.000000
2.051854
0.000000
0.000000
0.000000
0.000000
0.000000
0.000000
0.056389
0.000000
0.000000
0.000000
0.000000
0.000000
0.000000
0.000000
0.000000
0.000000
0.000000
2.501913
0.178005
0.000000
0.000000
0.000000
0.000000
0.000000
0.000000
0.000000
0.000000
1.281703
0.000000
0.000000
0.000000
0.000000
0.000000
0.000000
0.000000
0.000000
0.000000
0.000000
0.000000
1.018673
0.000000
0.000000
1.589706
1.762060
0.000000
0.000000
0.000000
0.000000
0.592812
0.000000
1.480526
0.000000
0.226183
0.000000
0.000000
1.905908
0.659198
0.000000
0.000000
1.934960
0.000000
0.000000
0.000000
0.000000
0.000000
0.000000
0.000000
0.000000
0.000000
0.935785
0.000000
0.000000
0.000000
0.000000
0.000000
0.000000
0.398947
0.000000
1.173077
2.545878
0.000000
0.002769
1.253977
0.000000
0.000000
0.000000
1.055247
0.000000
0.000000
0.000000
4.624686
0.000000
0.000000
0.445721
0.000000
0.000000
0.000000
0.000000
0.000000
4.887673
0.296406
0.000000
0.000000
0.000000
2.412383
0.000000
0.000000
0.000000
0.000000
0.000000
0.000000
0.000000
0.142621
0.000000
0.000000
0.000000
3.162586
0.000000
0.000000
0.000000
0.000000
0.000000
5.019294
0.000000
0.000000
0.000000
0.000000
0.000000
0.000000
0.000000
0.000000
0.000000
0.000000
0.000000
0.000000
0.000000
0.000000
1.558900
0.000000
0.000000
0.000000
0.000000
0.253747
0.000000
0.000000
0.000000
0.000000
0.000000
0.000000
0.443100
0.000000
0.000000
0.000000
0.153989
0.000000
0.000000
0.000000
0.000000
0.000000
0.000000
1.644396
0.000000
0.000000
0.000000
0.000000
0.146836
0.000000
0.000000
0.000000
0.000000
0.000000
0.000000
0.000000
0.000000
0.000000
0.000000
0.000000
0.000000
0.000000
0.000000
0.000000
0.000000
0.000000
0.000000
0.000000
0.000000
0.000000
1.282727
0.000000
0.000000
1.967620
0.000000
0.000000
0.000000
0.000000
4.771606
0.000000
0.000000
2.426754
0.000000
0.000000
3.241666
0.000000
0.000000
2.512366
0.000000
0.000000
4.829430
0.000000
0.000000
0.000000
0.000000
0.000000
0.000000
0.000000
0.000000
0.000000
0.000000
0.000000
0.000000
0.000000
0.000000
0.000000
0.000000
0.000000
0.000000
0.000000
0.000000
0.000000
0.000000
0.000000
0.000000
0.000000
0.000000
2.328030
0.000000
0.000000
0.000000
0.000000
0.000000
0.000000
0.000000
3.425332
0.000000
0.000000
0.000000
0.000000
0.000000
0.000000
0.000000
0.000000
0.000000
0.319228
0.000000
0.000000
0.000000
0.000000
0.000000
0.000000
0.000000
0.000000
0.000000
0.000000
0.000000
0.000000
0.000000
0.000000
0.156410
0.037518
0.000000
0.000000
0.000000
0.000000
0.363357
0.000000
0.000000
0.000000
0.000000
0.000000
0.000000
0.000000
0.000000
0.455401
0.000000
0.000000
0.000000
0.000000
0.000000
0.000000
0.000000
1.906419
0.666273
0.000000
0.000000
0.000000
0.000000
0.000000
0.000000
0.000000
0.000000
0.000000
0.000000
0.446829
3.148286
0.000000
0.000000
0.000000
0.000000
0.000000
0.000000
0.000000
0.000000
0.000000
0.000000
0.000000
0.000000
0.000000
0.000000
0.000000
0.000000
3.148408
0.000000
0.000000
0.000000
0.000000
0.173844
0.000000
0.000000
0.000000
0.000000
0.000000
0.268792
0.000000
0.000000
2.838005
0.000000
1.659439
0.000000
0.000000
0.406489
0.000000
0.000000
0.000000
0.000000
0.000000
0.000000
0.000000
0.000000
3.909887
0.000000
0.000000
0.000000
0.000000
0.000000
3.280282
0.000000
0.000000
0.000000
0.000000
0.000000
0.000000
0.000000
0.000000
0.000000
0.000000
1.085644
0.000000
0.000000
0.000000
0.000000
0.263878
1.742411
0.000000
0.000000
0.000000
0.000000
0.000000
0.000000
0.000000
0.000000
0.000000
0.000000
0.000000
0.103614
0.000000
0.000000
3.611589
0.000000
0.000000
0.621397
0.155316
0.000000
0.000000
0.000000
0.000000
0.000000
0.000000
0.000000
0.000000
0.000000
0.000000
0.457289
0.000000
0.000000
0.000000
0.000000
0.000000
0.000000
0.000000
0.000000
0.000000
0.123372
0.000000
0.000000
0.000000
0.000000
0.000000
0.000000
0.000000
1.348161
0.000000
0.000000
0.000000
4.341196
0.000000
0.000000
1.565660
0.000000
0.000000
0.000000
0.000000
0.000000
1.115530
0.000000
0.000000
0.000000
0.000000
0.000000
0.000000
0.000000
0.000000
0.000000
0.000000
0.000000
0.000000
0.000000
0.000000
0.000000
0.000000
0.000000
0.000000
2.646875
0.000000
0.000000
3.270631
0.000000
0.000000
0.000000
0.338264
0.000000
0.000000
0.000000
0.000000
0.000000
0.000000
0.000000
0.031858
0.000000
0.676795
1.527616
0.000000
1.538463
0.000000
0.000000
0.000000
0.000000
0.000000
0.000000
0.000000
0.000000
1.843246
0.000000
0.396305
0.000000
0.000000
0.000000
0.000000
0.000000
0.000000
0.000000
0.000000
0.000000
0.000000
0.000000
1.686593
0.000000
0.000000
0.000000
0.000000
0.000000
0.000000
0.264498
0.000000
0.000000
0.000000
0.000000
0.000000
0.000000
4.143572
0.000000
0.000000
0.000000
0.000000
0.000000
0.000000
0.000000
0.000000
0.000000
0.000000
0.000000
0.000000
0.000000
0.000000
0.000000
0.000000
0.000000
0.000000
0.000000
0.000000
0.736213
0.000000
0.000000
0.000000
0.000000
0.000000
0.000000
4.898011
0.000000
0.000000
0.000000
0.000000
4.759599
0.000000
0.000000
0.000000
0.000000
0.000000
0.000000
0.000000
0.000000
0.000000
0.000000
0.000000
0.000000
0.000000
2.277345
0.000000
0.000000
0.000000
0.317806
0.000000
0.000000
0.000000
1.524127
0.000000
0.000000
0.000000
0.000000
0.000000
0.000000
0.000000
0.000000
0.000000
0.000000
0.000000
0.000000
4.844880
0.000000
0.000000
0.000000
0.000000
0.000000
0.000000
0.000000
1.124190
0.605649
0.000000
0.000000
0.000000
0.000000
0.000000
0.000000
0.000000
1.852166
0.000000
0.000000
0.000000
0.000000
0.000000
0.000000
1.081216
0.000000
0.000000
0.000000
0.000000
0.000000
1.328738
0.000000
1.239103
0.000000
0.000000
0.000000
0.000000
0.608897
0.949809
0.000000
0.000000
0.000000
0.000000
0.000000
0.000000
0.000000
0.000000
0.000000
0.000000
0.000000
0.000000
0.000000
2.769865
0.000000
0.000000
0.000000
0.000000
0.000000
0.000000
0.965371
0.000000
0.000000
0.000000
0.000000
0.000000
4.779226
0.000000
0.000000
0.000000
0.000000
0.000000
0.000000
0.000000
0.000000
3.211020
0.000000
0.000000
1.507497
0.000000
0.000000
0.000000
1.259473
0.000000
0.000000
4.869600
0.000000
0.000000
0.000000
0.000000
0.000000
0.000000
0.000000
0.792672
1.087652
0.000000
0.000000
0.000000
0.000000
0.000000
3.390427
0.000000
0.783082
0.000000
0.000000
0.000000
0.000000
1.082221
0.000000
0.000000
0.000000
3.900742
0.000000
0.000000
0.774091
0.000000
0.000000
0.000000
3.510827
0.000000
0.000000
0.231552
0.000000
0.000000
0.000000
0.000000
0.000000
0.000000
0.000000
0.000000
0.000000
0.000000
0.000000
0.000000
0.000000
1.896559
0.000000
0.000000
0.000000
1.107774
0.000000
0.000000
1.962461
0.000000
0.000000
0.927829
0.289886
0.000000
0.000000
0.000000
0.000000
0.000000
0.000000
0.000000
0.000000
0.000000
0.000000
0.000000
0.000000
2.119193
0.000000
0.000000
0.000000
4.217826
0.000000
0.000000
1.696117
0.360944
0.000000
0.000000
0.582485
0.000000
0.000000
0.000000
0.000000
0.000000
0.000000
0.000000
0.000000
0.000000
0.000000
0.000000
0.000000
0.000000
0.000000
0.000000
0.245170
0.000000
0.199252
0.000000
0.000000
0.000000
0.000000
0.000000
0.000000
0.000000
0.000000
0.000000
0.000000
0.000000
0.000000
0.000000
1.021297
0.000000
0.534529
0.000000
0.000000
0.000000
0.000000
0.000000
0.000000
0.000000
0.000000
0.000000
0.000000
0.000000
1.016271
0.000000
0.000000
0.000000
0.155157
0.000000
0.000000
0.000000
0.000000
0.000000
0.000000
0.000000
0.000000
0.000000
0.000000
0.000000
0.094659
0.000000
0.000000
0.000000
0.000000
0.735305
0.000000
0.000000
0.000000
0.000000
0.000000
0.000000
0.000000
0.000000
1.961019
0.000000
0.000000
0.000000
0.000000
0.046608
0.000000
0.000000
0.000000
0.199547
0.000000
0.000000
0.000000
1.203596
0.000000
0.000000
0.000000
0.000000
0.000000
0.000000
0.000000
1.872783
0.000000
0.797654
0.253946
0.468710
0.000000
2.705405
0.000000
0.000000
0.000000
0.000000
0.000000
0.000000
0.000000
0.000000
0.000000
0.107647
0.000000
0.000000
0.000000
0.366896
0.000000
0.000000
0.000000
0.000000
0.000000
0.000000
0.000000
0.000000
2.074880
0.000000
0.249154
0.000000
0.000000
0.000000
0.000000
0.000000
0.000000
0.000000
0.000000
0.329027
0.000000
0.000000
1.783134
0.000000
0.000000
0.000000
0.000000
0.000000
0.000000
0.000000
0.000000
0.000000
0.000000
0.000000
0.000000
0.000000
1.162391
0.000000
1.035696
0.000000
0.000000
0.000000
0.000000
1.295424
0.000000
1.483374
0.641262
0.850585
0.000000
3.552559
1.135635
0.000000
0.000000
0.000000
0.160828
0.266696
0.484008
0.000000
0.000000
0.000000
0.000000
0.000000
0.000000
0.278955
0.000000
0.000000
0.000000
0.000000
0.000000
0.000000
0.000000
0.028855
0.432177
0.000000
0.000000
1.178827
0.000000
0.000000
0.000000
1.878628
0.000000
0.000000
0.000000
0.000000
0.000000
0.000000
0.000000
0.000000
0.136547
0.000000
0.000000
0.000000
0.000000
0.619427
0.000000
0.000000
0.000000
0.000000
0.104587
0.000000
0.000000
0.000000
1.182094
3.937227
0.000000
0.000000
0.000000
0.000000
0.000000
0.000000
0.000000
0.000000
0.444353
0.000000
0.000000
0.000000
0.000000
0.000000
1.189425
0.578410
0.000000
0.000000
3.318025
0.000000
0.649122
0.000000
0.911677
0.000000
0.000000
0.000000
0.000000
0.000000
0.000000
0.000000
0.000000
0.000000
0.000000
0.000000
0.000000
0.000000
0.312396
0.000000
0.374158
0.000000
1.007411
0.000000
0.000000
0.000000
0.000000
0.000000
0.000000
0.000000
0.000000
0.000000
0.000000
0.710407
0.000000
0.000000
0.000000
0.000000
0.000000
0.000000
0.000000
0.000000
0.000000
0.000000
0.000000
0.000000
0.000000
1.021087
0.000000
0.000000
0.000000
0.000000
1.820995
0.000000
1.119097
1.094631
0.000000
3.245981
0.000000
0.000000
0.000000
0.000000
3.984935
0.655237
0.000000
2.117668
0.000000
2.123724
0.000000
0.000000
0.000000
0.000000
0.000000
0.000000
0.000000
0.000000
0.000000
0.000000
0.000000
0.000000
0.000000
1.199226
0.000000
0.000000
0.000000
0.000000
0.000000
0.000000
0.000000
0.000000
0.000000
0.000000
0.000000
0.000000
0.000000
0.000000
0.000000
0.000000
0.000000
0.000000
2.007812
0.000000
0.000000
1.733299
0.000000
2.469180
1.097728
0.148817
0.000000
0.000000
0.000000
0.000000
0.000000
0.000000
0.000000
0.000000
0.000000
0.000000
0.000000
0.000000
0.000000
0.000000
0.000000
0.000000
0.000000
0.000000
0.000000
0.000000
0.258180
0.000000
0.000000
1.564341
0.000000
0.000000
0.000000
0.000000
0.000000
0.000000
2.801133
0.000000
0.000000
0.411648
0.000000
0.536424
0.000000
0.000000
0.000000
0.000000
0.000000
0.000000
0.000000
0.252553
0.000000
0.000000
0.000000
2.741589
0.000000
0.000000
0.000000
0.000000
0.000000
0.000000
0.000000
0.000000
0.000000
0.000000
0.000000
0.000000
0.000000
0.000000
0.000000
0.000000
1.724131
0.000000
0.000000
0.000000
0.000000
0.000000
1.264771
0.000000
0.000000
0.000000
3.447745
0.000000
0.000000
0.000000
0.000000
0.000000
0.000000
0.000000
0.000000
0.000000
0.000000
0.454914
0.000000
0.000000
0.000000
0.000000
0.000000
0.000000
0.000000
0.178327
0.000000
0.000000
0.000000
0.000000
0.000000
0.000000
0.000000
0.000000
0.000000
0.000000
0.000000
0.000000
0.000000
0.000000
0.000000
0.000000
0.463502
0.000000
0.000000
0.000000
0.000000
0.000000
2.468800
0.000000
0.000000
0.000000
0.000000
0.000000
0.000000
0.000000
4.676591
0.305464
0.000000
0.000000
0.000000
0.000000
0.000000
0.000000
0.000000
0.000000
0.000000
0.000000
0.000000
0.000000
0.000000
1.126623
0.000000
0.000000
0.000000
0.000000
0.000000
0.000000
0.000000
0.000000
0.000000
0.000000
0.000000
0.000000
0.000000
0.000000
0.000000
0.000000
0.000000
4.628717
0.000000
0.000000
0.000000
0.000000
0.000000
0.000000
0.000000
0.000000
0.000000
0.000000
0.000000
0.000000
5.081795
0.000000
0.000000
0.000000
0.000000
0.000000
0.000000
0.000000
0.000000
0.000000
0.000000
0.000000
0.000000
0.000000
0.000000
0.000000
0.000000
0.000000
0.000000
0.000000
0.000000
0.000000
0.000000
0.000000
0.211067
0.000000
0.000000
0.000000
0.000000
0.000000
0.111074
0.000000
1.075382
0.000000
0.000000
0.000000
0.469423
0.000000
4.028215
0.705546
0.000000
0.000000
0.000000
0.000000
0.000000
0.000000
0.000000
0.000000
0.000000
0.000000
0.000000
0.000000
0.000000
0.000000
3.053466
0.000000
0.000000
0.000000
0.000000
0.000000
0.000000
0.968854
0.000000
0.000000
2.811342
0.000000
0.000000
0.000000
0.000000
1.122457
0.000000
0.000000
1.957470
0.000000
0.000000
0.000000
0.000000
0.000000
0.000000
0.092821
0.000000
0.000000
2.811596
0.576427
0.000000
0.411936
0.000000
0.000000
0.011332
0.000000
0.643581
0.000000
3.027704
0.000000
0.000000
0.000000
0.000000
0.000000
0.000000
0.000000
0.000000
0.941825
0.000000
0.000000
0.000000
0.536377
0.000000
0.000000
0.000000
1.179169
1.323931
0.000000
0.000000
0.000000
0.000000
0.000000
0.000000
0.000000
0.000000
0.000000
0.000000
0.000000
0.000000
0.000000
2.752910
0.000000
0.000000
0.000000
0.000000
0.000000
0.000000
0.000000
0.000000
0.000000
0.000000
0.000000
0.000000
1.121730
0.000000
0.000000
0.000000
0.000000
0.887512
0.000000
0.000000
0.000000
0.000000
0.000000
0.000000
0.000000
0.000000
0.000000
0.000000
0.000000
0.000000
0.185155
0.000000
0.000000
0.000000
0.000000
0.000000
0.000000
0.000000
0.000000
0.000000
0.000000
0.000000
0.000000
0.000000
0.000000
0.000000
0.000000
0.000000
0.000000
0.000000
0.000000
0.000000
0.000000
0.000000
0.000000
0.000000
0.536664
0.000000
0.000000
0.000000
0.264162
0.000000
0.000000
0.000000
0.000000
0.000000
0.000000
0.000000
0.000000
0.000000
0.000000
1.402784
0.000000
0.000000
3.914971
0.000000
0.000000
0.000000
0.000000
0.000000
0.966365
0.000000
0.047127
0.178846
0.000000
0.000000
0.000000
0.000000
0.000000
0.000000
0.000000
0.000000
0.000000
0.000000
0.000000
0.004961
0.000000
0.000000
0.000000
0.000000
4.098734
0.000000
0.113872
0.000000
0.049287
0.835084
0.000000
0.000000
0.000000
0.000000
0.000000
0.000000
0.403870
0.000000
0.000000
0.000000
0.000000
0.000000
0.000000
0.000000
0.000000
0.000000
0.000000
0.000000
0.000000
0.000000
0.365500
0.000000
0.000000
0.000000
0.000000
0.000000
0.000000
0.000000
0.000000
1.233880
0.000000
0.000000
0.000000
0.000000
1.703494
0.000000
0.000000
0.000000
0.000000
0.000000
0.000000
0.000000
0.000000
0.000000
0.000000
0.000000
3.972798
0.000000
0.000000
0.000000
0.000000
0.000000
0.000000
0.000000
0.000000
0.000000
0.000000
0.055686
0.000000
0.000000
0.000000
0.000000
0.000000
0.000000
0.000000
0.000000
0.000000
0.000000
0.000000
0.000000
0.000000
0.000000
0.000000
0.000000
0.000000
0.000000
0.000000
1.454164
0.000000
0.000000
0.000000
0.000000
0.000000
0.062403
0.000000
0.000000
1.252082
0.000000
0.087292
0.000000
0.000000
0.000000
0.657611
3.237400
0.000000
0.000000
0.000000
0.000000
0.000000
0.764444
0.000000
0.000000
0.000000
0.000000
0.000000
0.000000
0.135623
0.000000
0.000000
0.000000
0.000000
0.000000
0.000000
1.466286
0.000000
0.000000
0.000000
0.000000
0.000000
0.000000
0.000000
0.000000
0.000000
0.000000
0.000000
0.000000
0.000000
0.000000
0.000000
0.000000
0.000000
0.000000
0.000000
0.000000
0.000000
0.000000
0.000000
0.000000
0.000000
0.000000
0.000000
0.000000
0.000000
0.000000
3.355124
0.224406
0.000000
0.000000
0.000000
0.000000
0.000000
0.000000
0.000000
1.418169
0.000000
0.000000
0.000000
0.000000
0.000000
0.000000
0.000000
0.000000
0.072320
0.000000
0.000000
0.000000
0.000000
0.793504
0.000000
0.000000
0.000000
0.000000
0.000000
0.000000
0.000000
0.000000
0.000000
0.000000
0.000000
0.000000
0.000000
0.000000
0.000000
0.000000
2.855100
0.000000
0.000000
0.000000
0.000000
0.000000
0.000000
0.000000
0.000000
0.000000
0.000000
0.000000
0.000000
0.070638
0.000000
0.000000
0.000000
0.000000
0.000000
0.000000
2.371256
0.000000
0.000000
0.000000
0.000000
1.161680
1.370803
0.000000
0.080351
0.000000
1.415838
0.000000
1.708225
0.000000
0.000000
0.000000
0.000000
0.000000
0.000000
0.000000
0.000000
0.000000
0.000000
0.000000
0.000000
0.000000
0.000000
0.000000
0.000000
0.000000
0.000000
0.000000
0.000000
1.627965
0.000000
0.000000
0.000000
0.000000
0.000000
1.352227
0.000000
2.030631
0.000000
0.000000
0.000000
1.537905
0.000000
0.000000
0.000000
1.551366
0.000000
0.000000
0.000000
0.000000
0.000000
0.000000
0.000000
0.000000
0.000000
0.000000
0.000000
0.911904
0.000000
0.000000
2.009669
0.000000
0.000000
1.931238
0.000000
0.000000
0.222764
0.000000
0.000000
0.000000
0.000000
0.000000
0.000000
0.000000
0.000000
0.000000
0.000000
0.000000
0.000000
0.000000
0.000000
0.000000
0.000000
0.000000
0.000000
0.000000
0.000000
3.814840
0.000000
0.000000
0.000000
0.000000
3.368062
0.000000
0.000000
0.000000
0.000000
0.000000
0.000000
0.000000
0.000000
0.000000
0.000000
0.000000
0.231039
0.000000
0.000000
0.962089
0.000000
0.000000
0.000000
0.000000
0.000000
0.000000
0.722578
0.000000
0.000000
0.000000
0.000000
0.000000
2.143564
0.000000
0.000000
0.000000
0.000000
0.000000
0.000000
0.000000
0.000000
0.000000
0.161500
0.000000
0.000000
0.000000
0.000000
2.238219
0.000000
0.000000
0.000000
0.000000
0.000000
0.102640
0.000000
0.000000
0.000000
0.000000
0.000000
0.000000
1.359248
0.000000
0.000000
0.000000
0.000000
0.000000
0.000000
1.060618
0.000000
0.000000
0.000000
0.000000
0.000000
0.000000
0.000000
0.000000
0.000000
0.000000
0.000000
0.000000
0.000000
0.000000
0.000000
1.953636
0.000000
0.000000
0.000000
0.000000
0.000000
0.000000
0.000000
0.047767
0.235378
0.000000
0.000000
1.595911
0.000000
0.000000
0.000000
1.886990
0.000000
0.000000
0.000000
0.000000
0.000000
0.000000
0.000000
0.000000
0.000000
0.000000
0.000000
0.000000
0.000000
0.000000
0.000000
0.000000
0.000000
0.000000
0.000000
2.664990
0.000000
0.000000
0.000000
0.000000
0.000000
0.000000
0.000000
0.000000
0.039390
0.000000
0.000000
0.000000
0.000000
0.000000
0.078723
0.000000
0.000000
1.821421
0.000000
0.000000
0.000000
0.000000
0.000000
0.000000
0.000000
0.000000
0.000000
0.000000
0.000000
0.000000
1.332778
0.732989
0.000000
0.000000
0.000000
0.000000
0.000000
0.000000
0.000000
0.889439
0.000000
0.000000
0.000000
0.000000
0.577606
0.000000
0.000000
0.000000
0.000000
0.000000
0.000000
0.000000
0.000000
0.000000
0.000000
0.000000
0.000000
0.000000
0.000000
0.201630
0.000000
0.000000
0.000000
0.000000
0.000000
0.387494
0.695624
0.000000
0.172995
0.000000
0.000000
0.000000
0.000000
1.847753
0.000000
0.000000
0.000000
2.331621
0.000000
2.616519
0.000000
0.000000
0.000000
0.000000
0.000000
0.000000
0.000000
0.000000
0.000000
0.000000
0.000000
0.000000
0.000000
0.000000
0.000000
0.000000
1.573160
0.000000
0.000000
3.109132
0.000000
0.000000
0.000000
6.213788
0.000000
0.000000
2.493085
0.000000
0.000000
0.000000
1.108962
1.849822
0.000000
0.000000
0.000000
0.000000
0.000000
0.000000
0.000000
0.000000
0.000000
0.000000
0.000000
0.000000
0.225868
0.000000
0.000000
0.000000
3.091251
0.000000
0.000000
0.000000
0.000000
0.000000
0.304048
0.000000
0.000000
0.000000
0.000000
0.000000
0.000000
0.000000
2.973142
0.000000
0.000000
0.000000
0.000000
0.000000
2.203142
0.000000
0.000000
0.000000
0.000000
0.000000
0.000000
0.000000
0.000000
0.000000
0.840006
0.000000
0.000000
0.000000
0.000000
0.000000
0.000000
0.000000
0.000000
0.000000
0.000000
0.000000
0.000000
0.000000
0.000000
0.000000
0.000000
0.000000
0.000000
0.000000
0.000000
0.000000
0.000000
0.000000
0.000000
0.000000
0.000000
0.000000
0.000000
0.000000
0.000000
0.000000
0.000000
0.000000
0.268348
0.000000
0.000000
5.469170
0.000000
0.000000
0.000000
0.000000
0.000000
0.555068
0.000000
0.000000
1.582703
0.000000
0.000000
0.000000
1.025687
0.000000
0.000000
0.000000
0.000000
0.000000
2.002288
0.000000
0.000000
0.000000
0.000000
1.251473
0.896193
0.000000
0.000000
1.103207
0.000000
5.120635
0.111561
0.785338
0.000000
0.653517
0.000000
0.000000
0.636835
0.000000
0.000000
0.000000
0.000000
0.000000
0.000000
0.000000
0.000000
0.000000
0.000000
0.000000
0.000000
3.275663
0.000000
0.000000
0.233153
0.000000
0.000000
0.000000
0.000000
0.313886
0.000000
0.000000
0.000000
0.000000
0.000000
0.000000
0.932873
0.000000
0.000000
0.000000
0.000000
0.000000
0.000000
0.000000
0.000000
0.000000
0.000000
0.000000
0.000000
0.000000
0.200750
0.000000
0.000000
0.000000
0.000000
1.719693
0.000000
0.696358
0.000000
0.000000
0.000000
4.857307
0.527879
0.000000
0.000000
0.000000
1.686214
0.000000
0.000000
0.000000
0.000000
0.689547
0.000000
0.000000
0.000000
0.000000
0.000000
0.000000
0.000000
0.000000
0.000000
0.703361
0.000000
0.000000
0.000000
0.000000
0.000000
0.000000
0.000000
0.000000
0.000000
1.539958
0.000000
0.000000
0.000000
0.000000
0.000000
0.000000
0.000000
0.000000
0.000000
0.000000
0.000000
0.000000
0.000000
0.000000
0.000000
0.000000
0.000000
0.000000
0.000000
0.000000
0.000000
