0.000000
0.000000
0.000000
0.000000
0.000000
0.000000
1.831771
0.000000
0.000000
2.074926
0.000000
0.936158
2.128516
0.000000
0.152309
0.000000
0.000000
0.000000
0.000000
0.000000
0.000000
1.001552
0.000000
0.000000
0.000000
1.497542
0.000000
0.000000
0.000000
1.577710
0.000000
1.314417
0.000000
0.000000
0.000000
0.000000
0.972288
0.000000
0.000000
0.000000
0.784261
0.000000
0.000000
0.000000
0.479913
0.000000
1.203798
1.797672
0.000000
0.000000
0.000000
0.000000
0.000000
0.000000
0.000000
0.000000
0.000000
0.000000
0.000000
0.000000
0.000000
0.000000
1.473432
0.000000
0.000000
0.000000
0.000000
0.000000
0.000000
0.000000
0.000000
0.000000
0.098384
0.000000
0.000000
0.000000
0.000000
0.093310
0.000000
1.691540
0.000000
0.000000
0.000000
0.000000
0.000000
0.000000
0.000000
0.000000
1.045071
0.000000
0.000000
0.559653
0.920412
0.000000
0.000000
0.000000
0.000000
0.000000
0.147819
2.554699
0.000000
0.000000
0.000000
0.000000
0.000000
0.000000
0.000000
0.483493
0.000000
0.000000
0.000000
0.136672
0.000000
1.681182
0.000000
0.791819
0.000000
0.000000
0.000000
0.000000
0.000000
0.000000
1.115711
0.000000
0.000000
0.000000
0.000000
0.000000
0.000000
0.000000
0.000000
1.271289
0.000000
0.000000
0.031672
0.000000
0.000000
0.000000
0.000000
0.000000
0.000000
1.078518
1.065901
0.000000
0.000000
0.000000
0.000000
0.000000
0.000000
0.000000
2.503219
0.000000
0.000000
0.000000
0.000000
0.000000
0.000000
1.694159
0.000000
0.000000
0.000000
0.000000
0.000000
0.837084
0.000000
0.273554
0.000000
0.000000
0.000000
0.000000
0.000000
0.000000
0.000000
0.487079
0.000000
0.000000
0.000000
0.000000
0.000000
0.000000
0.015083
1.403111
0.000000
0.000000
0.000000
0.000000
0.000000
0.000000
0.000000
0.000000
2.041936
1.326645
0.000000
0.000000
0.000000
0.044110
0.000000
0.250946
0.000000
0.000000
0.000000
0.000000
0.000000
0.000000
0.000000
0.000000
0.000000
0.000000
2.101090
0.000000
0.000000
0.000000
0.000000
0.000000
0.000000
0.000000
0.585994
0.000000
0.000000
0.000000
0.000000
0.000000
0.000000
0.000000
0.000000
0.000000
1.965247
1.898341
0.000000
0.000000
0.000000
0.000000
0.000000
0.000000
0.000000
0.000000
0.000000
0.000000
0.000000
0.000000
0.000000
0.000000
0.000000
0.000000
0.000000
0.000000
0.000000
0.000000
0.000000
0.000000
0.000000
0.000000
0.000000
0.000000
0.000000
0.000000
0.000000
0.000000
0.000000
0.000000
0.000000
0.000000
0.000000
0.000000
0.075198
0.000000
1.584473
0.000000
0.000000
0.000000
0.000000
0.000000
0.000000
0.000000
0.000000
0.000000
0.000000
0.000000
0.000000
0.000000
1.484406
0.000000
0.000000
0.000000
0.000000
0.000000
0.000000
0.000000
1.022848
0.000000
0.000000
0.059617
0.000000
0.000000
0.000000
0.000000
0.000000
0.000000
0.457508
0.500251
0.000000
0.000000
1.324587
0.000000
0.000000
0.000000
0.521357
0.000000
0.000000
0.000000
0.000000
0.000000
0.000000
0.000000
0.000000
0.000000
0.000000
0.000000
0.000000
0.000000
1.722510
1.638453
0.775149
0.000000
0.976500
0.000000
0.000000
0.000000
0.000000
0.000000
0.000000
0.000000
0.000000
4.516947
0.000000
0.000000
0.256908
2.994134
0.000000
0.000000
0.000000
0.000000
0.000000
0.000000
0.000000
0.000000
0.615581
0.000000
0.000000
0.000000
0.000000
0.437328
0.000000
0.000000
0.000000
0.000000
1.628201
0.000000
0.000000
0.956483
0.000000
0.000000
0.000000
1.336995
0.000000
0.000000
0.000000
0.000000
0.000000
1.916519
0.000000
0.000000
0.000000
0.000000
0.000000
1.312363
0.000000
0.000000
1.716604
1.632004
0.000000
0.000000
0.000000
0.000000
0.000000
1.049823
0.000000
0.468371
0.000000
0.000000
0.000000
0.000000
0.000000
0.000000
0.000000
0.000000
1.584165
0.000000
0.000000
0.145108
0.000000
0.000000
0.330427
0.000000
0.000000
0.000000
0.000000
0.000000
0.000000
0.000000
0.000000
1.896844
0.000000
0.000000
0.000000
0.000000
2.720777
0.000000
0.000000
0.000000
0.000000
0.000000
0.000000
0.000000
0.000000
0.000000
0.000000
0.000000
0.000000
0.000000
0.000000
0.861161
0.000000
0.000000
0.000000
0.000000
0.000000
0.000000
0.000000
0.000000
0.000000
1.142113
0.000000
0.000000
0.813979
2.043731
2.994580
0.000000
0.000000
0.000000
0.000000
0.000000
0.000000
0.000000
0.000000
0.000000
0.000000
0.000000
0.000000
0.000000
0.000000
0.000000
0.000000
0.000000
0.000000
0.000000
0.000000
0.483239
0.000000
0.000000
0.000000
0.000000
0.000000
0.000000
0.000000
0.000000
0.000000
0.000000
0.000000
0.000000
0.000000
2.862161
0.000000
0.000000
0.000000
0.000000
0.000000
0.000000
0.000000
0.000000
0.000000
0.000000
2.019189
0.000000
0.000000
0.000000
0.000000
0.000000
0.000000
0.000000
0.000000
0.000000
0.000000
0.000000
0.000000
0.000000
0.000000
0.000000
0.000000
0.000000
0.000000
0.000000
0.000000
0.000000
0.000000
0.000000
0.000000
0.000000
0.022257
0.000000
0.000000
0.000000
0.000000
0.000000
0.000000
2.677316
0.000000
0.344012
0.000000
0.000000
0.000000
0.000000
0.000000
0.518442
0.000000
0.000000
0.000000
0.000000
0.000000
0.000000
0.000000
0.000000
0.000000
0.000000
0.000000
0.000000
0.000000
0.000000
0.000000
0.000000
0.000000
0.000000
1.140291
0.000000
0.000000
0.000000
1.235757
0.000000
0.000000
0.000000
0.000000
0.000000
0.000000
0.000000
0.000000
0.000000
0.000000
0.000000
0.000000
0.000000
0.000000
0.000000
0.000000
0.000000
0.505191
0.000000
0.000000
0.000000
0.000000
0.000000
0.000000
0.000000
0.000000
0.116966
0.000000
0.000000
0.822343
0.000000
0.000000
0.000000
0.185324
0.000000
0.000000
0.000000
0.000000
2.001472
0.000000
0.000000
0.000000
0.702517
0.000000
0.000000
0.000000
0.000000
0.000000
0.819162
1.200849
0.000000
0.154309
0.000000
0.000000
0.000000
0.000000
0.000000
0.000000
0.000000
0.000000
0.000000
0.000000
0.000000
0.418986
0.000000
0.000000
0.000000
0.023360
1.277208
0.000000
2.706781
0.000000
0.000000
0.000000
0.000000
0.000000
0.000000
0.000000
0.000000
0.000000
0.000000
0.000000
0.000000
0.000000
1.973517
0.000000
0.000000
0.000000
0.000000
0.000000
0.000000
0.000000
0.000000
0.000000
1.082296
0.000000
0.000000
0.000000
0.000000
0.000000
1.549952
0.000000
0.000000
0.000000
0.000000
0.000000
0.000000
0.000000
0.000000
0.652654
0.000000
0.000000
0.694360
0.000000
0.000000
0.000000
2.602948
0.000000
0.000000
0.000000
0.000000
0.023423
0.000000
0.000000
0.000000
0.000000
0.000000
0.000000
0.000000
0.000000
0.000000
0.000000
0.695923
0.000000
0.000000
0.000000
0.000000
0.000000
0.000000
0.000000
0.000000
1.590161
0.861773
0.000000
0.000000
0.000000
0.000000
0.000000
0.000000
0.687216
0.000000
0.803657
0.000000
0.000000
0.000000
1.088996
0.975944
0.000000
0.000000
0.000000
0.000000
0.000000
0.000000
0.000000
0.000000
0.000000
0.000000
0.000000
0.941481
0.000000
0.000000
0.000000
0.000000
0.000000
0.000000
0.000000
0.000000
0.000000
0.000000
0.000000
0.000000
0.000000
0.000000
0.000000
0.000000
0.000000
0.000000
0.000000
0.000000
0.000000
0.000000
0.000000
0.000000
0.000000
0.000000
0.437248
0.000000
0.000000
0.000000
0.000000
0.390723
0.000000
0.370570
0.000000
0.000000
0.000000
0.000000
0.000000
0.000000
0.000000
0.000000
0.000000
0.000000
0.000000
0.000000
0.000000
0.000000
0.000000
0.000000
0.000000
0.000000
0.000000
0.000000
0.000000
0.000000
0.000000
0.000000
0.989718
0.000000
0.000000
0.000000
0.000000
0.000000
0.000000
0.000000
0.000000
0.000000
0.000000
0.000000
0.000000
0.000000
0.000000
0.000000
2.055557
0.000000
0.000000
0.000000
0.000000
0.000000
0.000000
0.000000
0.000000
0.000000
0.000000
3.657090
0.000000
0.000000
0.000000
1.369696
0.000000
0.514274
0.000000
0.000000
0.000000
0.000000
0.000000
0.000000
0.000000
0.000000
0.000000
0.000000
0.000000
0.000000
2.355178
0.000000
0.896810
0.254214
0.000000
2.435758
0.000000
0.000000
0.000000
1.235830
0.000000
0.246417
0.000000
0.000000
0.000000
0.000000
0.000000
0.000000
0.000000
0.000000
0.000000
0.000000
0.137178
0.000000
0.000000
0.000000
0.000000
0.000000
0.000000
0.000000
0.000000
0.000000
0.000000
0.000000
0.000000
0.000000
0.000000
0.000000
0.000000
0.000000
0.000000
0.648878
2.500928
0.000000
0.000000
0.187545
2.007495
0.387551
0.000000
0.000000
0.000000
0.000000
0.000000
0.000000
0.000000
0.000000
0.000000
0.000000
0.000000
0.000000
0.325400
0.000000
0.000000
0.110464
0.000000
0.000000
0.000000
0.000000
0.000000
0.000000
0.000000
0.000000
0.000000
0.000000
0.000000
0.000000
0.000000
0.387654
0.000000
0.000000
2.404028
0.000000
0.000000
0.000000
0.000000
0.000000
0.000000
0.000000
0.000000
0.000000
2.094879
0.896066
0.000000
0.000000
1.280752
2.410896
0.000000
0.274196
1.205136
0.000000
1.858675
0.034976
0.000000
0.000000
0.000000
0.068495
0.288213
0.000000
0.000000
0.000000
0.000000
0.000000
0.000000
0.000000
0.000000
0.000000
0.000000
0.000000
0.000000
0.000000
0.000000
0.000000
1.095790
0.000000
0.000000
0.000000
0.000000
0.000000
0.000000
2.004205
0.000000
0.587196
0.000000
0.000000
1.181078
0.000000
0.000000
0.000000
0.193921
0.000000
0.000000
0.898888
0.000000
0.000000
0.000000
0.000000
0.000000
1.220250
0.000000
0.000000
0.000000
0.000000
0.000000
0.000000
0.000000
0.000000
0.000000
0.000000
0.000000
0.000000
0.000000
0.000000
0.000000
0.000000
0.000000
0.990631
0.000000
0.040360
0.000000
0.000000
0.000000
0.000000
0.000000
0.000000
0.000000
0.000000
0.000000
0.000000
0.000000
0.000000
0.000000
0.000000
2.510897
0.000000
0.000000
0.000000
0.169856
0.000000
0.292679
0.000000
0.000000
0.000000
0.000000
0.000000
0.000000
0.000000
0.000000
0.000000
0.000000
0.000000
0.000000
0.000000
0.000000
1.461482
0.000000
0.000000
2.009552
0.000000
0.869882
2.497240
0.000000
0.000000
0.000000
0.000000
0.217106
0.000000
0.000000
0.000000
0.000000
2.064587
0.431836
0.000000
0.000000
0.000000
0.454571
0.000000
0.000000
0.000000
0.000000
0.000000
0.000000
0.000000
0.000000
0.000000
1.093324
0.276217
0.000000
0.000000
0.848898
0.000000
0.000000
0.000000
0.000000
0.000000
0.000000
0.000000
0.000000
0.000000
0.000000
0.000000
0.000000
0.000000
0.000000
0.000000
0.528284
0.000000
0.000000
0.736156
0.000000
0.000000
0.000000
0.000000
0.000000
0.000000
0.000000
0.705074
0.000000
0.000000
0.000000
0.000000
0.000000
0.000000
0.490802
0.000000
0.000000
0.000000
0.000000
0.000000
0.000000
1.497535
1.376613
0.000000
0.000000
0.778819
0.000000
0.000000
0.895074
0.000000
2.810195
0.000000
0.128000
0.000000
0.000000
0.000000
0.000000
0.000000
0.000000
1.582727
0.000000
0.000000
0.000000
1.108676
3.388611
2.558210
0.000000
0.000000
0.000000
0.000000
0.000000
0.000000
0.396599
0.000000
0.000000
0.432118
0.000000
0.000000
0.000000
0.000000
0.000000
0.000000
0.000000
0.000000
0.000000
0.000000
0.000000
0.000000
0.140888
0.000000
0.000000
0.000000
3.706095
0.000000
0.000000
0.000000
0.414420
0.716080
0.000000
0.000000
0.000000
0.000000
0.000000
0.000000
0.000000
0.620047
0.000000
0.000000
0.000000
0.000000
3.142221
0.000000
0.000000
0.087304
0.000000
0.000000
0.000000
0.000000
2.426093
0.000000
0.000000
0.000000
1.279253
0.000000
0.000000
0.000000
0.000000
0.000000
0.000000
0.000000
0.000000
0.000000
2.621075
0.000000
0.009496
0.000000
0.000000
0.592368
0.000000
0.000000
0.000000
0.000000
0.000000
0.000000
0.262925
0.000000
0.000000
0.000000
0.000000
0.000000
0.000000
0.000000
0.000000
0.000000
0.000000
1.271292
0.000000
0.000000
0.000000
0.000000
0.000000
0.520291
0.000000
0.000000
0.000000
0.000000
0.000000
0.000000
0.000000
0.000000
0.000000
0.312715
2.462463
0.241082
0.000000
0.000000
0.000000
0.000000
0.000000
0.000000
0.000000
0.000000
0.000000
0.000000
0.000000
0.000000
0.000000
0.093885
0.446902
0.000000
0.000000
0.000000
0.000000
0.000000
1.247339
0.000000
0.483599
0.000000
0.000000
0.000000
0.000000
0.000000
0.000000
1.500700
0.000000
0.000000
0.000000
0.000000
0.666384
1.099147
0.000000
0.000000
0.000000
0.000000
0.000000
0.474196
0.000000
0.000000
0.000000
0.000000
0.000000
0.000000
2.723907
0.000000
0.000000
0.000000
0.553530
1.897534
0.000000
0.000000
0.000000
0.000000
0.000000
0.000000
0.000000
0.000000
0.000000
0.000000
0.026841
0.000000
0.000000
0.000000
0.314438
0.000000
0.106531
0.000000
0.000000
0.000000
0.315224
0.000000
0.000000
0.000000
0.000000
0.000000
0.000000
0.000000
0.000000
0.000000
0.000000
0.000000
0.000000
0.672066
0.000000
0.880855
0.000000
0.000000
0.000000
0.000000
1.158533
0.000000
0.000000
0.940304
0.000000
0.000000
0.000000
0.000000
0.000000
0.000000
0.000000
1.751584
0.000000
0.000000
0.000000
0.963022
0.000000
0.000000
2.072346
0.000000
0.000000
0.000000
0.000000
0.114396
0.000000
0.000000
0.000000
0.000000
2.247733
0.959301
0.000000
0.000000
0.432833
0.000000
0.000000
0.000000
0.000000
0.000000
2.751257
0.000000
0.000000
0.000000
3.041171
0.000000
0.000000
0.000000
0.000000
0.000000
0.000000
0.000000
0.000000
0.000000
0.000000
0.000000
0.000000
0.000000
0.000000
0.000000
0.000000
2.418028
0.000000
0.000000
0.000000
0.000000
0.000000
2.781206
2.782531
0.000000
0.000000
0.000000
0.000000
0.000000
0.000000
0.000000
2.111296
0.000000
0.264074
0.000000
0.000000
0.000000
0.000000
0.000000
0.000000
0.000000
0.000000
0.170371
0.000000
0.000000
0.000000
0.000000
0.000000
0.000000
0.000000
0.000000
0.000000
0.000000
0.000000
0.000000
0.000000
1.339425
0.000000
0.000000
0.000000
0.000000
0.000000
0.941738
0.389086
0.000000
0.000000
0.000000
0.698789
0.020320
0.000000
0.000000
0.000000
0.000000
0.000000
0.000000
0.000000
0.000000
0.000000
0.000000
0.000000
0.000000
0.284180
0.000000
0.000000
1.703848
0.000000
0.000000
0.000000
0.000000
0.000000
0.000000
0.000000
0.291888
0.000000
0.000000
0.000000
0.000000
0.000000
0.000000
0.000000
0.000000
0.000000
0.000000
0.000000
2.265942
0.000000
0.000000
0.426245
0.000000
0.000000
1.439913
0.000000
0.000000
0.000000
0.000000
0.000000
2.235128
0.000000
0.073115
0.000000
0.000000
2.100503
1.238502
0.000000
0.000000
0.000000
0.000000
0.000000
0.000000
0.000000
0.000000
0.000000
0.296211
0.000000
0.000000
0.000000
0.000000
0.000000
0.000000
0.000000
0.000000
0.000000
2.552255
0.000000
0.000000
0.000000
0.000000
0.000000
0.000000
0.000000
0.000000
0.000000
0.000000
0.000000
1.900410
0.000000
0.000000
0.000000
0.000000
0.234019
0.000000
0.000000
0.000000
0.000000
0.000000
0.000000
0.000000
0.000000
0.000000
0.000000
0.000000
0.000000
0.000000
0.000000
0.000000
0.000000
0.000000
0.000000
0.000000
0.000000
0.000000
0.000000
0.000000
1.273583
0.000000
0.000000
0.000000
0.000000
0.000000
0.335016
0.000000
0.853276
0.000000
0.000000
0.000000
0.000000
0.000000
0.466568
0.000000
0.000000
0.252693
0.000000
0.000000
0.000000
0.000000
0.000000
0.000000
0.000000
0.000000
0.000000
0.000000
0.000000
0.143969
0.185224
0.000000
0.000000
0.000000
0.000000
0.000000
0.000000
0.000000
0.000000
0.000000
0.000000
0.000000
0.662091
0.000000
0.000000
0.000000
0.000000
0.000000
0.317389
0.000000
0.000000
0.000000
0.000000
0.000000
0.000000
0.000000
0.000000
0.000000
0.000000
1.470480
0.000000
0.000000
0.000000
0.000000
0.000000
0.000000
0.000000
0.201715
0.000000
0.000000
0.000000
1.071063
0.000000
0.000000
0.000000
0.000000
0.000000
1.249758
0.000000
0.000000
0.808022
0.000000
0.103261
0.000000
0.000000
3.471379
0.000000
0.672283
0.000000
0.000000
0.000000
0.000000
0.000000
0.000000
1.158189
0.000000
2.399128
0.000000
0.000000
0.000000
0.000000
0.000000
0.000000
0.000000
0.000000
0.000000
0.000000
0.000000
0.000000
0.000000
0.000000
0.000000
0.000000
0.000000
0.000000
0.000000
0.000000
0.104599
1.405422
0.000000
0.000000
0.000000
0.414909
0.000000
0.690951
0.000000
0.000000
2.023190
0.000000
0.000000
0.000000
0.000000
0.000000
0.000000
0.000000
0.000000
0.000000
0.000000
0.000000
0.000000
0.000000
0.000000
0.000000
0.000000
0.000000
0.000000
0.000000
0.000000
0.000000
0.000000
0.000000
0.000000
0.000000
0.000000
0.674194
0.000000
0.000000
1.952059
0.000000
0.000000
0.000000
0.000000
0.000000
0.000000
1.540300
0.000000
0.000000
0.000000
0.000000
0.000000
0.000000
0.000000
0.000000
0.000000
0.965314
0.000000
0.000000
0.144115
0.000000
0.000000
0.000000
0.000000
0.000000
0.000000
0.000000
0.000000
1.069392
0.000000
0.000000
0.000000
0.000000
0.000000
0.000000
0.000000
0.000000
0.000000
0.000000
0.000000
0.000000
0.000000
0.000000
0.000000
0.000000
1.825465
0.000000
0.000000
0.000000
0.336576
0.000000
0.000000
0.000000
0.000000
0.000000
0.335679
1.219544
0.000000
0.000000
0.000000
0.000000
0.000000
0.000000
2.568746
1.787744
0.000000
0.000000
0.000000
0.000000
1.215786
0.000000
0.000000
0.000000
0.619046
0.000000
0.000000
0.000000
0.000000
0.000000
0.000000
0.000000
2.108987
0.000000
0.000000
0.262555
0.427073
0.000000
0.000000
0.000000
0.000000
0.000000
0.580129
0.000000
0.000000
0.000000
0.000000
0.000000
0.000000
0.316509
0.000000
0.000000
0.000000
0.203938
0.000000
1.311525
0.000000
0.000000
0.000000
0.000000
0.552184
0.000000
0.000000
0.000000
0.000000
0.000000
0.000000
0.000000
0.000000
1.330325
0.000000
0.000000
0.000000
0.000000
0.000000
0.000000
0.000000
1.008310
0.000000
0.000000
0.000000
0.000000
0.000000
0.000000
0.000000
0.000000
0.000000
0.000000
0.000000
0.000000
0.000000
0.000000
0.000000
0.000000
0.000000
0.000000
0.000000
2.133171
0.000000
0.000000
0.000000
0.000000
0.000000
0.000000
0.000000
0.000000
0.000000
2.155674
0.000000
0.000000
0.000000
0.000000
1.480175
0.013575
0.000000
0.000000
0.000000
0.000000
0.000000
1.194596
0.000000
0.000000
0.957413
0.293350
0.000000
0.000000
0.000000
0.000000
0.000000
0.000000
0.000000
0.000000
0.000000
0.000000
0.000000
0.087463
1.211635
0.000000
0.000000
0.000000
0.000000
0.000000
0.000000
0.000000
0.000000
0.000000
0.000000
0.000000
0.000000
0.465817
0.000000
0.000000
0.000000
0.000000
0.000000
0.000000
0.000000
0.000000
0.000000
0.000000
0.000000
0.000000
0.000000
0.000000
0.000000
0.000000
0.573650
0.000000
0.000000
0.000000
1.562795
0.000000
0.000000
0.000000
0.000000
0.000000
0.000000
0.000000
0.000000
3.329914
0.000000
0.000000
0.000000
0.000000
0.099983
0.000000
0.000000
0.000000
0.000000
0.053290
0.000000
0.000000
0.191552
0.000000
0.000000
0.000000
1.163666
0.000000
1.135593
0.000000
0.000000
0.000000
0.309911
0.000000
0.000000
0.000000
0.000000
0.000000
0.000000
0.000000
0.000000
0.000000
0.000000
0.000000
0.000000
0.000000
0.000000
1.968887
0.000000
0.000000
0.000000
0.000000
0.000000
0.000000
0.000000
0.000000
0.000000
0.000000
0.000000
0.000000
0.000000
0.000000
0.000000
0.503923
0.000000
0.000000
0.000000
0.000000
0.000000
0.000000
1.024777
0.000000
0.000000
0.549737
0.000000
0.000000
0.000000
0.000000
0.000000
0.000000
0.000000
0.000000
0.498219
0.000000
0.000000
0.000000
0.000000
0.000000
0.000000
0.000000
0.000000
0.000000
0.000000
0.178639
0.000000
0.000000
0.000000
0.198941
0.000000
0.000000
1.495740
0.000000
0.000000
0.000000
0.000000
1.486607
0.000000
0.000000
3.284851
0.000000
0.000000
0.189659
0.000000
0.000000
0.000000
0.000000
0.000000
0.862313
0.851991
0.000000
0.000000
0.539789
0.000000
0.000000
0.000000
0.000000
0.000000
0.219588
0.000000
0.000000
0.000000
0.000000
0.101863
0.000000
0.000000
0.000000
0.000000
0.000000
0.000000
0.000000
0.000000
0.000000
0.000000
0.000000
0.000000
0.000000
0.000000
0.000000
0.000000
0.000000
0.000000
0.000000
4.359719
0.000000
0.000000
0.000000
0.000000
0.000000
0.000000
0.868778
0.057833
0.000000
0.000000
0.000000
0.123259
0.000000
0.000000
0.000000
0.000000
0.000000
0.000000
0.000000
0.000000
1.209824
0.000000
0.000000
0.000000
0.336515
0.000000
1.201275
0.000000
0.000000
0.000000
0.000000
0.000000
0.000000
0.000000
0.000000
0.000000
0.000000
0.000000
0.000000
2.632851
0.000000
0.000000
0.000000
0.000000
0.000000
0.000000
0.000000
1.662840
0.000000
0.000000
0.000000
0.000000
0.000000
0.000000
0.000000
0.000000
0.000000
0.000000
0.000000
0.072795
1.052611
0.000000
0.000000
0.000000
0.000000
0.000000
0.000000
0.376647
0.000000
0.000000
0.000000
0.000000
0.000000
0.671670
0.000000
0.000000
0.000000
2.814092
0.000000
0.000000
0.000000
0.000000
0.054890
0.000000
0.000000
0.000000
0.000000
0.000000
0.000000
0.000000
0.000000
3.266045
0.000000
2.575101
0.088884
0.000000
2.473835
0.000000
0.000000
0.000000
0.000000
0.000000
0.000000
0.000000
0.000000
3.746624
0.000000
0.000000
0.000000
0.000000
0.000000
2.393353
0.000000
0.000000
0.000000
0.000000
0.000000
0.321990
0.000000
0.000000
0.000000
0.000000
0.828383
0.249846
0.000000
0.000000
0.000000
0.770473
0.000000
0.000000
0.000000
0.000000
0.000000
0.000000
0.000000
0.452053
0.000000
0.000000
0.000000
0.000000
0.000000
0.000000
0.000000
2.210063
0.000000
0.000000
0.000000
1.878465
0.000000
0.000000
0.000000
0.000000
0.000000
0.000000
0.000000
0.333775
0.000000
0.000000
0.313573
0.000000
0.000000
0.000000
0.000000
0.000000
0.000000
0.000000
0.000000
0.000000
1.319170
0.000000
0.000000
0.481254
0.000000
0.000000
0.000000
0.000000
0.000000
0.000000
0.000000
0.000000
1.422465
0.000000
0.000000
1.473926
0.000000
0.000000
0.000000
0.000000
0.000000
0.236333
0.000000
0.000000
0.000000
0.000000
0.809562
0.196983
0.000000
0.000000
0.000000
0.000000
0.000000
0.000000
0.000000
0.000000
0.000000
0.000000
0.000000
0.000000
1.234249
0.000000
0.000000
0.899218
0.000000
0.000000
0.628144
0.000000
0.000000
0.000000
0.000000
0.000000
0.000000
0.000000
0.000000
0.000000
0.000000
0.479489
3.383006
0.000000
0.000000
0.000000
1.912038
0.000000
0.000000
0.000000
0.000000
0.000000
0.000000
0.000000
0.000000
1.822856
0.000000
0.000000
0.000000
0.000000
0.891110
0.000000
0.000000
0.000000
0.000000
0.000000
0.000000
1.378180
0.000000
0.000000
0.000000
0.000000
0.000000
0.000000
0.866978
0.000000
0.000000
0.000000
0.000000
0.000000
0.000000
1.506961
0.000000
0.000000
0.000000
0.000000
0.000000
0.000000
0.000000
0.000000
0.000000
0.000000
0.000000
0.059454
0.000000
0.000000
0.000000
0.000000
0.000000
0.000000
0.000000
0.000000
0.134562
0.000000
0.000000
0.000000
0.000000
0.000000
0.000000
3.459855
0.000000
0.955496
0.000000
0.000000
2.196658
0.000000
0.000000
0.000000
0.000000
0.000000
0.000000
0.000000
0.000000
0.891311
0.000000
0.000000
0.000000
0.000000
1.409913
0.250119
0.000000
0.000000
1.518043
0.000000
0.000000
0.000000
0.601159
0.000000
0.000000
0.000000
0.000000
0.000000
0.000000
0.000000
0.000000
0.000000
0.000000
0.000000
0.000000
1.722588
0.000000
0.000000
0.000000
0.000000
0.000000
0.000000
0.000000
0.000000
0.251006
0.000000
0.000000
0.000000
0.000000
0.000000
0.000000
0.000000
1.364463
0.000000
0.000000
0.000000
0.000000
0.000000
0.000000
0.501358
0.000000
0.000000
0.000000
0.000000
0.000000
0.000000
0.000000
0.416960
0.000000
0.000000
0.000000
0.000000
0.094135
0.000000
0.000000
0.000000
0.374815
0.000000
0.000000
0.000000
0.000000
0.110178
0.000000
0.000000
0.000000
0.000000
0.000000
0.875459
0.000000
0.233515
0.000000
0.000000
0.000000
0.000000
0.000000
0.000000
0.000000
0.000000
0.000000
0.000000
0.522513
0.000000
0.000000
0.000000
0.000000
0.000000
0.000000
0.000000
0.000000
1.041564
0.000000
0.000000
2.518915
0.000000
1.481307
0.000000
0.754798
0.000000
0.000000
0.000000
0.000000
0.000000
0.000000
0.000000
0.000000
0.116835
0.000000
0.000000
0.856002
0.000000
0.000000
0.000000
0.000000
0.000000
0.000000
0.000000
3.295838
0.000000
0.000000
0.000000
0.000000
0.000000
0.000000
0.000000
0.000000
0.000000
0.000000
0.000000
0.000000
0.000000
0.000000
0.000000
0.752902
0.000000
0.000000
0.000000
0.000000
0.000000
0.000000
0.000000
0.000000
0.000000
0.000000
0.000000
0.000000
0.000000
0.000000
0.000000
0.000000
1.156907
0.000000
0.000000
0.000000
2.135453
0.000000
0.000000
1.106372
1.886337
0.000000
2.755487
0.043963
0.000000
0.441406
0.000000
0.000000
0.000000
0.000000
0.000000
0.000000
0.000000
0.000000
0.000000
0.000000
0.000000
0.000000
0.000000
0.000000
2.925695
0.000000
1.109171
2.184936
0.000000
0.000000
0.000000
0.391235
0.000000
0.000000
0.000000
0.000000
0.000000
0.000000
0.000000
0.000000
0.000000
0.000000
0.000000
0.249077
0.000000
0.000000
0.000000
0.000000
0.000000
0.000000
0.000000
0.565206
0.000000
0.535668
0.000000
0.000000
0.000000
0.000000
0.000000
0.000000
0.000000
0.000000
0.000000
0.000000
0.000000
1.410712
0.000000
0.000000
0.000000
0.000000
0.000000
1.443613
1.078000
0.000000
0.000000
0.000000
0.000000
0.000000
0.000000
0.000000
0.000000
0.000000
0.000000
0.000000
0.000000
0.000000
0.000000
0.000000
0.000000
0.000000
0.000000
0.000000
0.000000
0.197370
0.000000
0.000000
0.000000
0.000000
0.000000
0.000000
0.000000
0.000000
0.000000
0.000000
0.000000
0.000000
0.000000
0.426004
0.000000
0.000000
0.000000
0.000000
0.000000
0.000000
0.103356
0.000000
0.677251
0.000000
0.000000
0.049102
0.000000
0.000000
0.512532
0.000000
0.000000
0.000000
0.000000
0.000000
0.782064
0.000000
0.660839
0.347860
0.228268
0.000000
0.000000
0.000000
0.000000
0.000000
0.000000
0.000000
0.000000
0.000000
0.000000
0.000000
0.000000
0.000000
0.000000
0.000000
0.613017
0.000000
0.000000
0.358447
0.000000
0.000000
0.000000
0.000000
0.000000
2.769904
0.000000
0.000000
0.000000
0.000000
0.000000
0.000000
0.000000
0.000000
0.000000
0.000000
0.000000
0.282774
0.000000
1.268765
0.000000
0.000000
0.000000
0.000000
0.000000
0.000000
0.000000
0.328748
0.000000
0.000000
0.000000
0.000000
0.000000
0.689878
0.000000
0.000000
0.000000
0.000000
0.031777
0.000000
2.955523
0.000000
0.382449
0.000000
0.209674
0.000000
0.000000
0.905713
0.000000
0.000000
0.000000
1.298520
0.000000
0.000000
0.000000
0.000000
0.000000
0.000000
0.000000
0.000000
0.000000
0.000000
0.000000
1.182742
0.084254
0.000000
1.882308
0.000000
0.061659
2.805529
0.000000
0.000000
1.594388
0.000000
0.000000
0.000000
0.646022
0.000000
0.000000
0.000000
0.000000
0.000000
0.000000
0.000000
0.000000
0.000000
0.000000
1.865356
0.000000
0.000000
0.000000
0.000000
0.000000
0.000000
0.000000
0.555786
0.000000
0.000000
0.000000
0.000000
0.070844
0.000000
0.000000
0.000000
0.000000
0.000000
0.000000
0.000000
0.000000
0.000000
0.000000
0.000000
0.000000
0.000000
0.000000
0.000000
0.335649
0.000000
0.000000
2.150176
0.000000
0.000000
0.000000
2.335035
0.000000
0.046708
0.000000
0.000000
0.030220
0.000000
0.000000
0.000000
0.000000
0.000000
0.000000
0.000000
0.000000
0.000000
0.000000
1.500979
0.000000
0.000000
0.000000
0.000000
0.000000
0.000000
0.000000
0.075052
0.000000
0.000000
0.000000
0.000000
0.819298
0.000000
0.000000
0.000000
0.000000
0.000000
0.142769
0.000000
0.000000
0.000000
0.852380
0.000000
0.000000
0.000000
0.676674
0.000000
0.000000
0.000000
0.000000
0.996669
0.000000
0.688184
0.436506
0.000000
2.265532
0.000000
0.000000
0.185275
0.000000
0.419125
2.751600
0.000000
0.000000
0.000000
1.581154
0.000000
0.206056
0.000000
0.000000
0.000000
0.000000
0.000000
0.000000
0.000000
0.000000
0.000000
0.000000
0.000000
0.413928
0.000000
0.000000
0.010187
0.000000
0.000000
0.000000
0.000000
0.000000
0.000000
0.000000
0.000000
0.000000
0.000000
0.000000
0.000000
0.000000
0.000000
0.000000
1.654881
0.000000
0.000000
1.820984
0.389734
3.050117
0.020941
0.000000
0.000000
0.000000
0.000000
0.000000
0.000000
0.000000
0.000000
0.000000
0.000000
0.000000
0.000000
0.000000
0.000000
0.638777
0.000000
0.000000
0.000000
0.573691
0.000000
0.000000
0.000000
0.000000
0.000000
0.929441
0.000000
0.000000
0.000000
0.545617
0.000000
0.000000
1.213607
0.000000
0.000000
0.000000
0.000000
0.000000
0.000000
0.000000
0.000000
0.000000
0.000000
0.000000
0.000000
0.101537
0.000000
0.000000
0.000000
3.884557
0.549573
0.000000
0.000000
0.000000
0.000000
0.000000
0.000000
0.000000
1.356076
0.000000
0.000000
0.000000
0.256498
0.000000
0.000000
0.067369
2.547553
0.000000
0.000000
0.000000
0.000000
1.493092
0.042778
0.000000
0.000000
0.000000
1.160520
0.000000
0.000000
0.000000
0.000000
0.000000
0.000000
0.000000
0.000000
0.000000
0.000000
0.000000
0.000000
0.000000
0.000000
0.000000
0.000000
0.000000
0.000000
0.602613
0.000000
0.000000
0.000000
0.000000
0.000000
0.000000
0.000000
0.000000
0.000000
0.000000
0.000000
0.000000
0.000000
0.000000
0.542553
0.000000
0.000000
0.000000
0.000000
0.000000
1.688455
0.000000
0.000000
0.000000
0.000000
0.000000
0.000000
0.000000
0.000000
0.000000
1.101192
0.709068
0.000000
0.000000
0.000000
0.000000
0.000000
0.000000
0.000000
0.000000
0.000000
0.000000
0.000000
0.000000
0.000000
0.000000
0.379648
0.000000
0.000000
0.000000
0.000000
0.000000
0.000000
0.000000
0.000000
0.000000
0.000000
0.000000
0.000000
0.000000
0.000000
0.000000
0.000000
0.387912
0.000000
0.000000
0.000000
0.000000
0.000000
0.000000
0.000000
0.000000
0.000000
0.000000
0.000000
0.000000
0.000000
0.000000
0.000000
0.000000
0.000000
0.000000
0.000000
0.000000
0.731214
0.000000
0.000000
0.000000
0.141577
0.000000
0.000000
0.000000
0.000000
0.000000
0.000000
0.000000
0.000000
0.000000
0.000000
0.000000
0.000000
0.000000
0.000000
0.000000
0.000000
0.000000
0.783532
0.000000
0.849755
0.000000
0.000000
0.000000
0.000000
0.000000
1.676753
1.202711
0.000000
0.000000
0.000000
0.000000
0.000000
0.000000
0.000000
0.000000
0.000000
0.000000
1.185835
0.000000
0.000000
0.000000
0.995677
0.000000
0.000000
0.000000
0.000000
0.000000
0.000000
0.000000
0.000000
0.000000
2.038875
0.206963
0.000000
0.000000
0.000000
0.870923
0.000000
0.000000
0.000000
0.000000
0.000000
0.919380
0.000000
0.000000
0.000000
0.000000
0.000000
0.000000
0.428872
0.000000
0.000000
2.069373
0.000000
0.647578
0.855097
0.000000
1.476200
1.458341
0.395770
0.000000
0.000000
0.000000
0.000000
0.000000
0.000000
1.525134
0.000000
0.000000
0.000000
0.000000
0.000000
0.000000
0.000000
0.482990
0.000000
0.000000
0.000000
0.000000
0.000000
0.000000
0.062156
0.184582
0.000000
0.000000
0.000000
0.000000
0.000000
0.000000
0.000000
0.000000
1.775321
0.000000
0.000000
0.000000
0.328338
0.000000
0.000000
0.000000
0.000000
0.000000
0.000000
0.000000
0.000000
0.000000
0.000000
0.000000
0.420148
0.928101
0.062558
0.000000
0.000000
0.000000
0.000000
0.000000
0.144009
0.000000
0.000000
0.000000
0.000000
0.000000
0.000000
0.000000
0.000000
0.000000
0.000000
0.000000
0.000000
0.000000
0.000000
0.000000
0.000000
1.575718
0.000000
0.000000
0.000000
0.000000
0.000000
0.000000
0.000000
0.000000
0.000000
0.000000
0.000000
0.000000
0.000000
0.000000
0.000000
2.340018
0.000000
0.000000
0.000000
1.726893
0.000000
0.000000
0.000000
0.000000
0.000000
0.000000
0.000000
0.000000
0.000000
0.000000
0.000000
0.000000
0.000000
1.587072
0.000000
0.808223
0.000000
0.000000
0.000000
0.600709
0.000000
0.000000
1.508229
0.000000
0.000000
0.000000
0.405669
0.000000
0.000000
0.000000
0.000000
0.000000
0.000000
0.000000
0.103054
0.000000
0.000000
0.000000
0.000000
3.534822
0.000000
2.681859
0.000000
0.253376
0.000000
0.000000
0.000000
0.000000
0.000000
0.000000
0.000000
0.825064
0.000000
0.000000
0.000000
0.000000
0.000000
0.000000
0.000000
0.000000
0.000000
0.000000
0.000000
0.000000
0.000000
2.480852
0.000000
0.000000
0.000000
0.000000
0.000000
0.000000
0.000000
0.000000
0.000000
0.000000
0.000000
0.000000
0.000000
0.087779
0.000000
0.000000
0.000000
0.000000
0.000000
0.000000
0.000000
0.000000
0.000000
0.000000
0.000000
1.557171
0.000000
0.000000
0.000000
0.000000
0.000000
0.000000
0.000000
0.000000
0.000000
0.000000
0.625990
0.000000
0.000000
0.000000
0.000000
0.000000
0.000000
0.000000
0.370934
0.000000
0.000000
0.000000
0.000000
0.000000
0.000000
0.000000
0.100691
0.000000
0.351670
1.149904
0.000000
0.000000
0.000000
0.000000
0.000000
0.000000
2.031271
0.000000
0.000000
1.760312
0.000000
0.730555
0.000000
0.000000
0.000000
2.245744
0.000000
0.325681
0.000000
0.000000
0.000000
0.000000
0.000000
0.721373
0.000000
0.000000
0.000000
0.000000
0.000000
0.000000
0.000000
0.000000
0.000000
0.172285
0.000000
0.000000
0.419738
0.000000
0.000000
0.000000
0.000000
0.000000
0.000000
0.000000
0.000000
0.000000
0.000000
0.000000
0.000000
0.000000
0.000000
0.000000
0.000000
0.000000
0.000000
0.000000
0.000000
0.000000
0.000000
0.000000
0.000000
0.000000
0.000000
0.000000
0.000000
0.000000
0.000000
0.458045
0.000000
0.000000
0.000000
0.000000
0.000000
0.000000
0.000000
0.000000
0.000000
0.000000
0.000000
0.000000
0.000000
0.000000
0.000000
0.000000
0.000000
0.402894
0.000000
0.000000
0.000000
0.466732
0.000000
0.379440
0.000000
0.000000
0.000000
0.000000
0.000000
0.000000
0.000000
0.000000
0.000000
0.000000
0.000000
0.000000
0.015826
0.000000
0.000000
3.466396
0.000000
0.000000
0.000000
0.000000
0.016295
0.000000
0.000000
0.000000
0.000000
0.000000
0.000000
0.000000
0.171247
0.094671
0.000000
0.000000
0.000000
0.000000
0.000000
0.477563
0.000000
0.000000
0.000000
0.000000
1.885638
0.000000
0.000000
1.099022
0.000000
0.309690
0.000000
0.117440
0.000000
0.000000
0.000000
0.000000
0.000000
0.000000
0.000000
0.000000
0.000000
0.000000
0.000000
0.000000
0.000000
0.000000
0.000000
0.000000
0.000000
0.000000
0.000000
0.000000
2.233687
0.000000
0.000000
0.000000
0.000000
0.000000
1.911825
0.000000
0.563355
0.000000
0.000000
0.000000
0.202192
0.000000
0.000000
0.000000
0.476409
0.000000
0.000000
0.000000
0.000000
0.000000
0.000000
0.000000
0.000000
0.000000
0.000000
0.651138
0.000000
0.000000
0.000000
1.950343
0.000000
0.000000
2.305202
0.494179
0.000000
0.000000
0.000000
0.000000
0.000000
0.000000
0.000000
1.181172
0.000000
0.000000
0.000000
1.226200
0.015868
0.000000
0.000000
0.000000
0.000000
0.000000
0.000000
0.000000
0.000000
0.000000
0.000000
0.000000
0.000000
0.000000
0.000000
2.358526
0.000000
0.000000
0.102826
0.000000
0.000000
0.000000
0.000000
0.039796
0.000000
0.000000
0.000000
0.000000
0.000000
0.000000
0.000000
0.000000
0.000000
0.000000
0.569494
0.000000
0.000000
0.000000
0.000000
0.000000
0.000000
0.000000
0.000000
0.000000
0.000000
0.000000
0.000000
0.000000
0.000000
0.000000
0.000000
0.000000
0.000000
0.637841
0.000000
0.110217
0.000000
0.000000
1.115440
0.000000
0.000000
0.000000
0.000000
0.000000
0.000000
0.000000
0.000000
0.000000
0.000000
0.000000
0.000000
0.000000
0.000000
0.000000
0.000000
0.000000
0.000000
0.000000
1.267759
0.000000
0.000000
0.000000
0.000000
0.000000
0.000000
0.000000
0.000000
0.000000
0.000000
0.000000
0.000000
0.000000
0.000000
0.000000
0.000000
0.000000
0.000000
0.000000
0.000000
0.000000
0.000000
0.121420
0.000000
0.000000
0.000000
0.000000
1.882965
0.000000
0.000000
0.000000
1.297147
0.629045
0.000000
0.143187
0.000000
0.000000
0.000000
0.000000
0.038611
0.000000
0.000000
0.000000
0.000000
0.000000
0.000000
0.000000
0.000000
0.000000
0.000000
0.000000
0.000000
0.000000
0.000000
0.000000
0.000000
0.000000
0.000000
0.000000
0.000000
0.775069
0.000000
0.000000
0.000000
0.000000
0.000000
0.000000
0.000000
0.203572
0.791423
0.000000
0.000000
0.000000
0.000000
0.000000
0.000000
0.000000
0.000000
0.000000
0.000000
0.000000
0.000000
2.121003
0.000000
0.000000
0.000000
0.000000
0.000000
0.000000
0.000000
0.000000
0.000000
0.000000
0.000000
0.000000
0.000000
0.668101
0.000000
0.000000
0.000000
0.000000
0.000000
0.000000
0.905608
0.000000
0.000000
0.000000
0.000000
0.000000
0.000000
0.000000
0.000000
0.000000
0.000000
0.000000
0.000000
0.553530
0.594834
2.269640
0.000000
0.000000
0.000000
0.000000
0.000000
0.000000
0.000000
0.000000
0.000000
0.000000
1.506779
0.000000
0.000000
0.000000
0.000000
0.000000
0.489994
0.000000
0.000000
0.000000
0.000000
0.000000
0.000000
0.348241
0.000000
0.000000
0.000000
0.000000
0.000000
0.000000
0.000000
0.000000
2.362082
0.000000
0.000000
0.000000
2.054167
0.000000
0.000000
0.000000
0.000000
0.235823
0.304215
0.000000
2.359947
1.554089
0.000000
0.000000
0.000000
0.000000
0.000000
0.000000
0.000000
0.000000
0.000000
0.000000
0.000000
0.620686
0.000000
0.000000
0.000000
2.072338
0.000000
0.126848
0.000000
0.000000
0.000000
0.000000
0.000000
0.000000
0.000000
0.000000
0.000000
0.000000
0.000000
0.041058
0.000000
0.000000
0.000000
0.000000
0.000000
2.757098
0.000000
0.000000
0.000000
0.000000
0.000000
0.000000
0.000000
0.000000
0.000000
0.033088
0.000000
0.000000
0.000000
0.000000
1.197695
0.000000
0.000000
0.000000
0.000000
0.000000
0.000000
0.000000
0.000000
0.000000
0.000000
0.000000
0.000000
0.000000
0.422629
0.000000
1.339455
0.000000
0.000000
0.000000
0.000000
0.000000
0.000000
0.000000
0.000000
0.000000
0.000000
0.000000
0.000000
0.000000
0.000000
0.000000
2.012162
0.000000
0.000000
0.000000
0.000000
0.000000
0.000000
0.000000
0.000000
0.956092
0.000000
0.000000
0.000000
0.000000
0.000000
0.000000
0.000000
0.000000
0.000000
0.000000
0.000000
0.000000
0.000000
0.000000
0.000000
0.365060
0.000000
0.000000
0.000000
0.000000
0.655667
0.000000
1.214919
0.000000
0.579643
0.000000
0.000000
0.000000
1.407767
0.000000
0.000000
0.000000
0.000000
0.000000
0.000000
0.000000
0.000000
0.000000
0.000000
0.000000
1.591182
0.000000
0.000000
0.306308
0.000000
0.000000
0.000000
0.172906
0.614244
0.000000
0.000000
0.000000
0.000000
0.000000
0.000000
0.912559
0.000000
0.000000
0.908481
0.000000
0.000000
0.113120
0.000000
0.000000
0.000000
0.000000
0.000000
1.769449
0.000000
0.000000
0.000000
0.000000
0.683963
0.000000
0.727914
0.000000
0.000000
0.000000
0.000000
0.000000
3.263973
0.000000
0.000000
0.000000
0.000000
0.000000
0.000000
0.000000
0.000000
0.000000
0.594395
0.000000
0.271991
0.000000
0.000000
0.000000
0.000000
0.000000
0.000000
0.000000
0.230256
0.163187
0.000000
0.000000
0.000000
0.000000
0.000000
0.000000
0.000000
0.000000
0.000000
0.000000
0.000000
0.000000
0.000000
0.000000
0.000000
0.000000
0.000000
0.000000
0.000000
0.000000
0.000000
0.000000
0.000000
0.000000
0.000000
0.000000
0.000000
0.000000
0.000000
0.000000
