0.000000
0.000000
0.000000
0.000000
0.000000
0.000000
0.962840
0.000000
0.000000
0.389233
0.000000
0.000000
4.508728
0.000000
0.093624
0.000000
0.000000
0.000000
0.000000
0.000000
0.000000
0.000000
0.000000
0.798869
0.000000
1.882498
0.000000
0.000000
0.000000
0.000000
0.000000
1.072900
0.000000
0.544472
0.000000
0.000000
0.000000
0.000000
0.000000
0.000000
0.000000
0.000000
0.000000
0.599442
0.000000
0.040547
1.253122
2.514833
0.000000
0.000000
0.000000
0.000000
0.000000
0.000000
0.000000
1.793000
0.000000
0.000000
0.000000
0.000000
0.000000
0.000000
0.000000
0.000000
1.897553
0.000000
0.000000
0.000000
0.000000
0.000000
0.000000
0.000000
0.000000
0.000000
0.000000
0.000000
0.000000
0.000000
0.000000
5.798981
0.000000
0.000000
0.000000
0.000000
0.000000
0.000000
0.000000
0.000000
0.000000
0.000000
0.000000
1.419679
0.975728
0.000000
0.000000
0.000000
0.000000
0.000000
0.000000
1.411513
0.000000
0.000000
0.000000
0.000000
0.000000
0.000000
0.000000
0.552879
0.000000
0.000000
0.000000
0.000000
0.000000
0.605620
0.000000
0.000000
0.000000
0.000000
0.000000
0.000000
0.000000
0.000000
0.000000
0.000000
0.000000
0.000000
0.000000
0.000000
0.000000
0.000000
0.000000
0.000000
0.000000
0.000000
0.000000
0.000000
0.000000
2.776980
0.000000
0.000000
0.000000
1.377217
0.170988
0.000000
0.000000
0.000000
0.000000
0.000000
0.000000
0.000000
0.918356
0.000000
0.000000
0.000000
0.000000
0.000000
0.000000
0.040887
0.000000
0.000000
0.000000
0.000000
0.000000
0.000000
0.000000
1.968237
0.000000
0.000000
0.000000
0.000000
0.000000
0.000000
0.315136
0.000000
0.000000
0.000000
0.000000
0.000000
0.000000
0.000000
0.000000
0.593615
0.000000
0.000000
0.000000
0.000000
0.000000
0.000000
0.000000
0.000000
0.429660
0.000000
0.000000
0.000000
0.000000
2.957845
0.000000
0.000000
0.000000
0.000000
0.000000
0.000000
0.000000
0.000000
0.000000
0.000000
0.000000
0.000000
0.270363
0.000000
0.000000
0.000000
0.000000
0.000000
0.000000
0.000000
0.546828
0.000000
0.000000
0.000000
0.000000
0.000000
0.000000
0.000000
0.000000
0.066154
0.224918
1.850681
1.365996
1.030039
0.000000
0.000000
0.000000
1.690052
0.000000
0.000000
0.000000
0.000000
0.000000
0.000000
0.000000
0.000000
1.221201
0.000000
0.102249
0.000000
0.000000
0.000000
0.000000
0.000000
0.630130
0.000000
0.000000
0.000000
0.000000
0.000000
0.000000
0.000000
0.000000
0.000000
0.000000
0.000000
0.000000
0.000000
1.513165
0.000000
0.199244
0.000000
0.000000
0.000000
0.000000
0.000000
0.000000
0.000000
0.000000
0.000000
0.000000
0.000000
0.000000
0.000000
0.000000
0.000000
2.858763
0.000000
0.000000
0.000000
0.000000
0.000000
0.164784
0.000000
0.000000
4.971558
0.000000
0.000000
0.000000
0.000000
0.000000
0.000000
0.000000
0.000000
0.000000
0.000000
0.000000
0.000000
0.000000
0.000000
0.000000
0.000000
0.000000
0.000000
0.000000
0.000000
0.000000
0.000000
0.000000
0.000000
0.000000
0.000000
0.000000
0.000000
2.318976
0.604021
0.811054
0.000000
0.000000
0.000000
0.000000
0.000000
0.000000
0.000000
0.000000
0.000000
0.000000
4.086840
0.000000
0.000000
3.963410
3.951689
0.000000
0.000000
0.000000
0.000000
0.000000
0.000000
0.000000
0.000000
0.000000
0.195769
0.000000
0.000000
0.000000
0.000000
0.000000
0.000000
0.000000
0.000000
0.912056
0.000000
0.000000
0.000000
0.000000
0.008819
0.000000
1.216043
0.000000
0.000000
0.000000
0.000000
0.000000
1.690147
0.000000
0.000000
0.000000
0.000000
0.000000
2.612702
0.000000
0.741306
1.567505
0.000000
0.000000
0.000000
0.000000
0.000000
3.309077
0.000000
0.000000
0.000000
0.000000
0.000000
0.000000
0.000000
0.000000
0.000000
0.000000
0.000000
0.353259
0.000000
0.000000
0.000000
0.000000
0.000000
0.000000
0.000000
0.000000
0.067856
0.000000
0.629401
0.000000
0.000000
0.000000
5.610606
0.000000
0.000000
0.000000
0.000000
2.027779
0.000000
0.000000
0.000000
0.000000
1.356788
0.171177
0.000000
0.000000
0.000000
0.000000
0.000000
0.000000
0.000000
0.000000
0.390888
0.089813
0.000000
0.000000
0.000000
0.000000
0.000000
0.000000
0.000000
0.000000
0.000000
0.000000
0.000000
0.000000
3.260875
0.000000
0.000000
0.000000
0.000000
0.000000
0.000000
0.043952
0.486958
0.000000
0.000000
0.000000
0.000000
0.000000
0.000000
0.000000
0.000000
0.000000
0.000000
0.000000
0.000000
0.000000
0.180917
0.000000
0.000000
0.000000
0.000000
0.000000
0.272686
0.000000
0.000000
0.000000
0.000000
0.000000
0.000000
0.000000
0.747703
0.000000
0.000000
0.000000
1.046054
1.823652
0.000000
0.000000
0.000000
0.000000
0.700534
2.715384
0.000000
0.000000
0.000000
0.000000
0.000000
0.293416
0.000000
0.000000
0.000000
0.000000
0.000000
0.000000
0.000000
0.000000
0.000000
0.000000
0.000000
0.000000
0.000000
0.000000
0.000000
0.000000
0.000000
0.000000
0.896563
0.565006
0.000000
0.000000
0.000000
0.000000
0.000000
0.000000
4.752291
0.000000
0.242474
0.000000
0.000000
3.709481
0.000000
0.000000
0.384753
0.000000
0.000000
0.000000
0.000000
0.000000
0.000000
0.000000
0.000000
0.000000
0.000000
0.583039
0.000000
0.000000
0.000000
0.000000
0.000000
0.000000
0.000000
0.000000
0.000000
0.000000
0.000000
1.847027
0.000000
0.000000
0.294048
0.000000
0.000000
0.000000
0.000000
0.000000
0.000000
0.000000
0.000000
0.000000
0.000000
0.000000
0.000000
0.000000
0.000000
1.619877
1.068109
0.000000
0.000000
0.000000
0.000000
0.000000
0.000000
0.000000
2.841615
0.000000
0.000000
0.000000
0.000000
0.000000
0.000000
0.000000
0.000000
0.000000
0.000000
0.000000
2.416246
0.000000
0.000000
0.000000
0.000000
0.000000
0.000000
0.000000
0.000000
0.000000
0.000000
0.000000
0.000000
2.560066
0.000000
0.000000
0.000000
0.000000
0.000000
0.000000
0.000000
0.652917
0.000000
0.000000
0.000000
0.362223
0.000000
0.000000
0.000000
0.000000
1.681074
0.000000
1.004496
0.000000
0.581079
0.000000
0.000000
0.804544
0.000000
0.000000
0.000000
0.000000
0.000000
0.000000
0.000000
0.000000
0.178947
1.425745
0.000000
0.000000
0.000000
0.000000
0.000000
0.545747
0.000000
0.000000
1.969157
0.000000
0.000000
0.000000
0.000000
0.000000
0.000000
1.111778
0.000000
0.000000
0.000000
0.000000
0.000000
0.000000
0.000000
1.589199
0.000000
2.307354
0.000000
0.000000
0.000000
0.000000
2.742889
0.000000
0.000000
0.000000
0.000000
0.000000
0.000000
0.000000
0.243976
0.000000
0.000000
0.000000
0.000000
0.000000
0.000000
0.000000
1.413649
0.000000
0.000000
0.000000
0.000000
0.000000
0.000000
0.000000
0.000000
3.141637
0.068128
0.000000
0.000000
0.000000
0.000000
0.000000
0.000000
0.000000
0.000000
0.000000
0.000000
1.791725
0.000000
0.000000
2.310359
0.000000
0.000000
0.000000
0.000000
0.000000
0.000000
0.000000
0.000000
0.000000
0.000000
0.000000
1.533513
0.000000
0.000000
0.465159
0.000000
0.000000
0.000000
0.000000
0.000000
0.000000
0.000000
0.000000
0.000000
0.000000
0.000000
0.000000
0.000000
0.000000
0.000000
0.000000
0.000000
0.000000
0.231459
0.000000
0.000000
0.000000
0.000000
0.000000
0.000000
0.000000
0.000000
0.000000
0.000000
0.000000
0.000000
0.000000
0.000000
0.000000
0.000000
0.000000
0.000000
0.000000
0.000000
0.048749
0.000000
0.000000
0.000000
0.000000
0.649173
0.000000
0.000000
0.000000
0.000000
0.000000
0.000000
0.000000
0.000000
0.000000
0.000000
2.005229
0.000000
0.000000
0.000000
0.000000
0.000000
0.000000
0.000000
0.000000
0.000000
0.000000
0.000000
0.000000
0.160491
0.000000
0.000000
0.499624
0.000000
0.000000
0.000000
0.000000
0.000000
0.000000
0.000000
0.000000
0.000000
0.012686
2.487603
0.000000
0.080702
0.000000
1.764824
0.000000
0.000000
0.000000
0.000000
0.000000
0.000000
0.000000
0.000000
0.000000
0.000000
0.000000
0.000000
0.000000
0.000000
0.112177
0.000000
0.000000
0.000000
0.000000
0.000000
0.000000
0.000000
0.000000
2.652371
0.000000
0.000000
0.000000
0.000000
0.000000
0.000000
0.000000
3.969124
0.000000
0.000000
0.000000
0.000000
2.320547
0.000000
0.000000
0.460060
0.000000
0.000000
0.000000
0.000000
0.000000
0.000000
0.000000
0.000000
0.000000
0.000000
0.000000
0.000000
0.000000
0.000000
0.000000
0.000000
4.209080
0.000000
0.000000
0.000000
0.000000
1.827757
0.000000
0.000000
0.000000
0.000000
0.000000
0.000000
0.000000
0.868425
0.000000
0.000000
0.000000
2.490536
0.571351
0.000000
0.000000
0.531927
0.000000
0.000000
0.000000
0.000000
0.000000
0.000000
0.000000
1.461096
0.000000
0.000000
0.000000
0.000000
0.000000
0.000000
0.000000
0.000000
0.883351
0.000000
0.000000
0.000000
0.000000
0.000000
1.655543
0.000000
0.000000
0.000000
2.858601
0.000000
0.000000
0.000000
4.463093
0.364584
0.000000
0.000000
0.000000
0.000000
0.327996
0.000000
0.000000
0.000000
0.000000
0.000000
2.425493
0.000000
0.000000
0.000000
0.000000
0.000000
0.000000
0.254862
0.000000
0.000000
0.000000
0.000000
0.000000
0.000000
0.000000
0.000000
0.000000
0.000000
0.000000
0.381786
0.000000
0.000000
0.000000
0.000000
0.354247
0.392538
0.000000
0.000000
2.655449
0.000000
0.000000
0.000000
0.000000
0.000000
0.000000
0.000000
0.000000
0.000000
0.000000
0.000000
0.000000
2.164873
0.000000
0.000000
0.000000
0.000000
0.000000
0.000000
0.000000
0.000000
0.000000
0.000000
0.000000
0.000000
0.000000
0.000000
0.335466
0.000000
0.000000
0.000000
0.000000
0.000000
0.000000
0.000000
0.000000
0.000000
0.000000
0.000000
0.000000
0.000000
0.000000
0.000000
0.000000
0.000000
0.000000
0.000000
1.859969
0.000000
0.000000
0.000000
1.980532
0.000000
0.733408
0.000000
0.000000
0.041039
0.000000
0.000000
0.000000
0.000000
0.000000
0.000000
0.000000
0.000000
0.000000
0.000000
0.000000
3.074995
0.000000
0.000000
1.347758
0.000000
1.447601
0.000000
0.000000
0.000000
1.104215
0.000000
0.780657
0.000000
0.000000
0.000000
0.000000
1.594184
0.000000
0.000000
0.000000
0.000000
1.516135
0.000000
0.000000
0.000000
0.000000
0.000000
0.000000
0.000000
0.000000
0.000000
0.000000
1.029857
0.000000
0.000000
0.000000
0.000000
0.000000
0.000000
0.000000
0.000000
0.000000
0.000000
0.000000
0.000000
0.000000
0.000000
0.000000
0.000000
0.000000
0.000000
0.000000
0.000000
0.000000
2.656528
0.000000
0.000000
0.000000
0.000000
0.000000
0.000000
0.000000
0.000000
0.000000
0.000000
0.000000
0.000000
0.000000
0.655839
0.000000
0.000000
0.000000
0.000000
0.000000
0.000000
0.000000
4.790101
0.000000
0.000000
0.000000
2.615542
0.000000
0.000000
2.010057
0.000000
0.000000
0.335406
0.000000
0.000000
0.000000
0.000000
0.000000
0.000000
0.000000
0.000000
0.000000
0.000000
0.000000
0.000000
3.822482
1.835155
0.000000
0.000000
0.000000
0.000000
0.000000
0.000000
0.000000
0.000000
0.000000
0.334102
0.000000
0.000000
0.000000
0.000000
0.000000
0.000000
0.000000
0.000000
0.000000
0.000000
0.000000
0.000000
0.000000
0.000000
1.560263
0.000000
0.189738
0.000000
0.000000
0.000000
0.000000
0.000000
0.000000
0.000000
0.000000
0.000000
0.000000
0.000000
0.000000
0.000000
0.000000
0.000000
0.000000
0.000000
3.222583
0.000000
0.000000
1.082739
0.000000
0.000000
0.000000
0.000000
3.955902
0.000000
0.000000
0.000000
4.496166
0.000000
0.000000
0.000000
0.000000
0.000000
0.000000
0.000000
0.000000
1.691605
0.000000
0.000000
0.000000
0.000000
0.000000
4.552785
0.000000
0.493970
0.000000
0.000000
0.000000
1.484383
2.399173
0.000000
0.000000
0.263416
0.000000
0.000000
0.000000
0.000000
0.000000
0.000000
0.000000
1.073368
0.000000
0.000000
0.000000
0.000000
0.000000
0.000000
0.000000
0.000000
0.000000
0.329845
0.000000
0.000000
0.000000
0.000000
0.000000
0.000000
4.777469
0.388497
0.000000
0.000000
0.000000
0.000000
0.000000
0.000000
0.000000
0.000000
0.000000
0.369492
0.000000
0.000000
0.000000
0.000000
0.000000
0.000000
0.000000
0.000000
0.000000
0.000000
0.000000
0.000000
0.000000
0.000000
0.000000
0.000000
0.000000
0.000000
0.000000
0.000000
0.627362
0.000000
0.000000
1.096532
1.807623
4.320890
0.000000
0.000000
0.000000
0.000000
0.000000
2.879187
0.000000
0.000000
0.000000
0.000000
0.000000
0.000000
2.806231
0.000000
0.000000
0.000000
0.498815
3.211588
0.000000
0.000000
0.000000
0.000000
0.000000
0.000000
0.333754
0.000000
0.000000
0.000000
3.379930
0.000000
0.000000
0.868780
0.000000
0.000000
0.456084
0.000000
0.000000
0.000000
3.387379
0.000000
0.000000
0.000000
0.225643
0.000000
0.000000
0.000000
0.000000
0.000000
0.000000
0.000000
0.000000
0.000000
0.000000
3.847062
0.000000
0.000000
0.000000
0.000000
0.000000
0.000000
0.000000
0.000000
0.000000
0.191452
0.000000
0.000000
0.000000
0.000000
0.000000
0.000000
0.000000
0.000000
0.000000
0.523891
0.000000
0.000000
3.822567
0.000000
0.000000
0.000000
0.000000
2.609544
0.000000
0.000000
0.000000
0.000000
0.640519
0.000000
0.000000
0.000000
0.645208
0.000000
0.000000
0.000000
0.000000
0.000000
1.775147
0.000000
0.000000
0.929605
3.030065
0.000000
0.000000
0.000000
0.000000
0.000000
0.000000
0.000000
0.000000
0.000000
0.000000
0.000000
0.105332
0.000000
0.000000
0.000000
0.000000
1.938753
0.000000
0.860875
0.000000
0.000000
0.000000
0.000000
2.419968
0.000000
0.000000
0.000000
0.000000
0.000000
0.000000
0.000000
1.632421
0.000000
0.618509
0.000000
0.000000
0.000000
0.000000
0.000000
0.000000
0.000000
0.000000
0.000000
0.000000
0.000000
0.000000
0.000000
0.000000
0.000000
0.000000
0.575014
0.000000
0.000000
0.000000
0.000000
0.000000
0.000000
0.000000
0.000000
0.000000
0.000000
0.000000
0.471776
1.011067
0.000000
4.924775
0.000000
0.000000
0.000000
0.000000
0.000000
0.000000
0.000000
0.000000
0.000000
0.000000
0.000000
0.000000
0.000000
0.000000
0.000000
2.276583
0.000000
0.000000
0.000000
0.000000
0.000000
0.000000
0.000000
0.000000
0.000000
0.000000
0.984813
0.000000
0.000000
0.000000
0.586439
0.000000
0.000000
0.000000
0.000000
0.000000
0.000000
1.545505
0.861693
0.000000
0.000000
0.000000
0.000000
0.000000
0.000000
0.000000
0.000000
0.000000
0.000000
0.000000
0.416163
0.000000
0.678914
0.000000
0.000000
0.000000
0.000000
0.000000
0.000000
0.000000
0.000000
0.000000
0.000000
0.000000
0.000000
0.000000
0.000000
0.000000
0.000000
0.000000
0.000000
0.527746
0.000000
0.000000
0.000000
0.000000
0.000000
0.000000
0.000000
0.000000
0.000000
0.000000
0.000000
0.000000
1.657082
0.000000
0.000000
0.000000
0.000000
0.000000
0.000000
0.000000
0.000000
1.807536
0.000000
0.000000
0.000000
0.000000
0.000000
0.786580
0.000000
0.000000
0.000000
0.000000
0.000000
0.000000
0.000000
0.000000
0.000000
0.000000
0.000000
0.000000
0.000000
0.000000
0.000000
0.000000
0.000000
0.000000
0.000000
0.000000
0.000000
0.000000
0.000000
0.000000
0.000000
0.000000
0.000000
0.000000
0.000000
0.000000
0.000000
0.503988
0.000000
0.000000
1.616278
0.000000
0.000000
0.000000
0.000000
0.000000
0.000000
0.000000
0.000000
0.000000
0.000000
0.000000
0.578358
0.000000
0.000000
0.000000
0.649734
0.000000
0.000000
0.000000
0.000000
0.000000
0.000000
0.000000
0.000000
0.000000
0.000000
0.000000
0.000000
0.000000
0.074599
0.000000
0.000000
0.000000
0.000000
0.000000
0.000000
0.000000
0.000000
0.000000
0.000000
0.000000
3.716286
0.000000
0.000000
0.000000
0.000000
0.000000
0.000000
0.000000
0.000000
0.000000
0.015092
0.000000
4.615922
0.000000
0.000000
0.000000
0.000000
0.000000
0.000000
0.000000
0.000000
0.000000
0.000000
0.000000
0.000000
0.000000
1.882064
0.000000
2.463672
0.000000
0.000000
0.000000
0.000000
0.000000
0.000000
0.452565
0.000000
0.000000
0.000000
0.000000
0.000000
0.000000
0.000000
0.000000
0.000000
0.000000
0.000000
0.000000
0.000000
0.000000
0.000000
0.000000
0.000000
0.000000
0.000000
0.000000
0.908675
0.000000
0.000000
2.353694
0.000000
0.000000
0.000000
2.203950
0.000000
0.000000
0.000000
0.672405
0.000000
0.000000
0.000000
0.000000
0.000000
0.000000
0.000000
0.000000
0.000000
0.948695
0.000000
0.000000
0.000000
0.000000
0.000000
0.250449
0.000000
0.000000
0.000000
0.000000
0.000000
0.000000
0.000000
0.000000
0.000000
0.000000
0.000000
2.209666
0.000000
0.000000
1.375311
0.000000
0.000000
0.000000
1.868291
0.000000
0.000000
3.614335
0.000000
0.000000
0.000000
0.000000
0.000000
0.000000
0.000000
0.000000
0.000000
0.000000
0.000000
0.000000
0.000000
0.000000
0.000000
0.000000
0.492605
1.224702
0.000000
0.000000
0.000000
0.923537
0.000000
0.000000
0.000000
0.000000
0.000000
0.000000
0.000000
0.000000
0.000000
0.000000
0.000000
0.000000
0.000000
0.000000
0.000000
0.000000
0.604393
0.000000
0.000000
0.000000
0.000000
0.000000
0.000000
0.000000
1.648741
0.000000
0.000000
1.742206
0.000000
0.000000
0.000000
0.000000
0.000000
0.000000
7.089339
3.276278
0.000000
0.000000
0.000000
0.000000
0.206267
0.000000
0.000000
0.000000
1.486313
2.817379
0.000000
0.000000
0.000000
0.000000
0.000000
0.000000
0.020749
0.000000
0.000000
0.000000
1.211964
0.000000
0.000000
0.000000
0.000000
0.000000
1.919199
0.000000
0.000000
0.000000
0.000000
0.000000
0.000000
5.691421
0.000000
0.000000
0.000000
0.000000
0.000000
6.262383
0.000000
0.000000
0.000000
0.000000
4.735592
0.000000
0.000000
0.000000
0.000000
0.000000
0.000000
0.000000
0.000000
2.443225
0.000000
0.000000
0.000000
0.000000
0.000000
0.000000
0.000000
0.872638
0.000000
0.104434
0.000000
0.000000
0.000000
0.000000
0.000000
0.000000
0.000000
0.000000
0.000000
0.000000
0.000000
0.000000
0.000000
0.000000
0.000000
0.000000
0.000000
1.050112
0.173224
0.000000
0.000000
0.000000
0.000000
0.418502
0.000000
0.000000
0.000000
0.222320
0.000000
0.000000
0.000000
0.461921
0.000000
0.000000
0.000000
0.000000
0.361559
0.000000
0.000000
0.000000
0.000000
0.000000
0.000000
0.000000
0.000000
0.000000
0.000000
0.000000
0.000000
0.000000
0.413154
0.000000
0.000000
0.000000
0.000000
0.000000
3.347267
0.178642
0.000000
0.000000
0.000000
0.000000
0.447335
0.000000
0.000000
0.000000
0.000000
0.000000
0.000000
1.033300
0.000000
0.719062
0.000000
0.000000
0.000000
0.000000
1.871176
0.000000
0.609955
0.000000
0.000000
0.000000
0.457849
0.000000
0.000000
0.000000
1.841110
0.000000
0.000000
0.000000
1.240202
0.000000
0.000000
2.419806
0.000000
0.000000
0.000000
0.000000
0.000000
1.302589
0.000000
0.000000
0.000000
0.000000
0.686046
0.000000
0.000000
0.000000
0.000000
0.967373
0.000000
0.000000
0.000000
0.000000
0.000000
0.000000
1.436345
0.000000
1.823406
0.000000
0.000000
0.000000
2.364590
0.000000
0.000000
0.000000
0.000000
0.000000
0.000000
0.000000
0.000000
0.610441
0.000000
0.000000
0.000000
0.000000
0.000000
2.161558
0.000000
0.000000
0.000000
0.000000
0.000000
0.000000
0.000000
0.000000
0.000000
0.000000
0.000000
0.470111
0.000000
0.000000
0.000000
0.000000
0.000000
1.327713
0.000000
0.000000
0.000000
0.000000
2.353464
0.000000
0.000000
0.000000
0.000000
0.000000
0.000000
0.000000
0.000000
0.679832
0.000000
0.000000
0.000000
0.000000
0.000000
0.000000
0.000000
0.000000
0.000000
0.000000
0.000000
0.000000
0.000000
0.000000
0.000000
0.000000
0.000000
0.958998
0.000000
0.000000
2.400122
0.000000
0.000000
0.000000
0.000000
1.879966
0.000000
0.000000
2.227502
0.000000
0.000000
1.959138
0.000000
0.000000
1.686780
0.000000
0.000000
4.046212
0.000000
0.000000
0.000000
0.000000
0.000000
0.000000
0.000000
0.000000
0.000000
0.000000
0.000000
0.000000
0.000000
0.000000
0.000000
0.000000
0.308868
0.000000
0.000000
0.000000
0.000000
0.069338
0.000000
0.000000
0.000000
0.000000
1.816659
0.000000
0.000000
0.000000
0.000000
0.000000
0.000000
0.000000
3.380429
0.000000
0.000000
0.000000
0.000000
0.027812
0.000000
2.635465
0.000000
0.000000
0.000000
0.000000
0.000000
0.000000
0.000000
0.000000
0.000000
0.000000
0.000000
0.000000
0.000000
1.170995
0.000000
0.000000
0.000000
0.800509
0.000000
0.000000
0.000000
0.000000
0.805895
0.000000
0.000000
0.000000
0.000000
0.485562
0.000000
0.000000
0.000000
0.000000
4.915782
0.000000
0.000000
0.000000
0.000000
0.000000
0.000000
0.000000
0.000000
0.000000
0.000000
0.000000
0.000000
0.722532
0.000000
0.000000
0.000000
0.000000
0.000000
0.000000
1.225367
3.827854
0.000000
0.000000
0.000000
0.000000
0.000000
1.516273
0.000000
0.000000
0.000000
0.000000
0.000000
0.969350
0.000000
0.000000
0.000000
0.000000
1.741702
0.000000
0.000000
0.000000
0.000000
0.000000
0.000000
0.000000
0.000000
0.000000
0.000000
1.807953
0.000000
0.000000
3.189731
0.000000
1.144624
0.244341
0.000000
0.000000
0.000000
0.000000
0.000000
0.000000
0.000000
0.000000
0.000000
0.000000
3.685095
0.000000
0.000000
0.000000
0.000000
0.000000
0.721625
1.224384
0.000000
0.000000
0.000000
0.000000
0.000000
0.000000
0.000000
0.000000
0.000000
2.842319
0.000000
0.000000
0.000000
0.000000
1.216486
1.421680
0.000000
0.000000
0.000000
0.000000
0.000000
0.000000
0.000000
0.000000
0.000000
0.000000
0.000000
0.000000
0.000000
0.000000
1.917797
0.000000
0.000000
0.232226
1.433934
0.000000
0.000000
0.000000
0.000000
0.000000
0.000000
0.000000
0.000000
0.000000
0.000000
0.000000
0.000000
0.000000
0.301432
0.000000
0.000000
0.000000
0.000000
0.000000
0.000000
0.000000
0.000000
0.000000
0.813425
0.000000
0.000000
1.461021
0.000000
0.000000
0.000000
0.000000
0.482777
2.804795
0.000000
0.000000
3.337149
0.000000
0.000000
0.000000
0.000000
0.000000
0.000000
0.000000
0.000000
0.000000
0.000000
1.500661
0.000000
0.000000
0.000000
0.000000
0.000000
0.000000
0.000000
1.583413
0.000000
0.000000
0.000000
0.000000
0.000000
4.833723
0.000000
0.000000
1.922427
0.000000
0.000000
0.000000
0.191337
0.000000
0.000000
0.000000
0.000000
0.000000
0.000000
0.000000
0.000000
0.000000
0.889214
0.512512
0.000000
0.000000
0.000000
0.000000
0.000000
0.000000
0.000000
0.000000
0.000000
0.000000
0.000000
0.000000
0.872166
0.000000
0.000000
0.000000
0.000000
0.000000
0.000000
0.000000
0.000000
0.000000
0.000000
0.000000
1.086141
0.000000
0.000000
0.000000
0.000000
0.172711
0.000000
0.452116
0.000000
0.000000
0.000000
0.000000
0.000000
0.000000
1.956623
0.000000
0.000000
0.000000
0.000000
0.000000
0.000000
0.000000
0.000000
0.000000
0.000000
0.000000
0.000000
0.000000
0.000000
0.000000
0.000000
0.000000
0.000000
0.000000
0.000000
0.000000
0.000000
0.000000
0.000000
0.000000
0.000000
0.000000
1.806726
0.582895
0.000000
0.000000
0.000000
4.459654
0.000000
0.000000
0.000000
0.000000
0.000000
0.000000
0.000000
0.000000
0.000000
0.000000
0.000000
0.000000
0.000000
2.095953
0.000000
0.000000
1.082658
1.269850
0.000000
0.000000
0.000000
1.154338
0.000000
0.000000
0.000000
0.000000
0.000000
0.000000
0.000000
0.000000
0.000000
0.000000
0.000000
0.000000
3.907895
0.000000
0.000000
0.000000
0.000000
0.000000
0.129157
0.000000
1.468495
0.284015
0.000000
0.000000
0.000000
0.000000
0.000000
0.000000
0.000000
2.343472
0.000000
0.000000
0.000000
0.000000
0.000000
0.000000
0.000000
0.000000
0.000000
0.000000
0.000000
0.000000
0.000000
0.000000
0.000000
0.000000
0.000000
0.000000
0.000000
0.000000
0.000000
0.000000
0.000000
0.000000
0.000000
0.000000
0.000000
0.000000
0.000000
0.000000
0.000000
0.000000
0.000000
0.000000
0.757316
0.000000
0.000000
0.000000
0.000000
0.000000
0.000000
0.725146
0.000000
0.000000
0.000000
0.000000
0.000000
0.000000
0.000000
0.000000
0.000000
0.000000
0.000000
0.000000
0.000000
0.000000
0.000000
0.000000
0.000000
0.000000
0.000000
0.886030
0.000000
0.000000
0.000000
0.000000
1.713192
0.000000
0.000000
1.178207
0.000000
0.000000
0.000000
0.000000
0.000000
0.000000
0.000000
0.000000
0.000000
0.000000
0.000000
0.000000
0.000000
0.000000
0.000000
0.979866
0.000000
0.000000
0.000000
0.000000
0.000000
0.000000
0.746625
0.000000
0.000000
0.000000
0.000000
0.000000
0.000000
3.124844
0.000000
0.000000
0.000000
0.000000
0.000000
0.000000
0.000000
0.000000
0.000000
0.000000
0.000000
0.000000
0.000000
0.000000
0.000000
0.000000
1.406830
0.000000
0.000000
0.000000
2.228668
0.000000
0.000000
2.012585
0.400987
0.000000
1.181344
0.526260
0.000000
0.000000
1.262457
0.000000
0.000000
0.000000
0.000000
0.000000
0.000000
0.000000
0.000000
0.000000
1.023337
0.000000
0.000000
0.000000
3.498398
0.000000
0.000000
2.215780
0.000000
0.000000
0.000000
0.000000
0.000000
0.000000
0.000000
0.000000
0.000000
0.000000
0.000000
0.000000
0.000000
0.000000
0.000000
0.000000
0.000000
0.000000
0.000000
1.423630
0.000000
0.003531
0.000000
0.000000
0.000000
0.304798
0.000000
0.000000
0.000000
0.000000
1.161637
0.000000
0.000000
0.000000
0.000000
0.000000
0.000000
3.613078
0.000000
0.000000
0.000000
0.000000
0.000000
0.745316
0.000000
0.047936
0.000000
0.000000
0.000000
1.381263
0.000000
0.000000
0.000000
0.000000
0.000000
0.000000
0.000000
0.000000
0.000000
0.000000
0.000000
0.000000
0.000000
0.000000
0.000000
0.000000
0.000000
0.000000
0.000000
0.000000
0.000000
0.074407
1.092037
0.000000
0.000000
0.000000
0.000000
0.000000
1.196725
3.635291
0.000000
0.000000
0.000000
0.000000
0.000000
0.000000
0.000000
0.000000
2.092490
0.000000
0.000000
0.000000
0.000000
0.000000
1.779068
0.000000
0.000000
0.000000
0.000000
0.000000
1.209494
0.000000
0.000000
0.000000
3.353916
0.000000
0.000000
0.000000
0.000000
0.000000
0.000000
0.000000
0.000000
0.000000
0.000000
0.000000
0.000000
0.000000
0.000000
0.000000
0.000000
0.000000
0.000000
0.000000
0.000000
0.000000
0.000000
0.000000
0.000000
1.507651
0.000000
0.000000
0.000000
0.000000
0.000000
0.000000
0.000000
0.000000
0.000000
0.000000
2.147377
0.195793
0.000000
0.000000
0.000000
0.000000
0.000000
0.000000
0.000000
0.000000
0.000000
1.570575
0.000000
0.000000
0.000000
0.000000
0.000000
2.443806
0.000208
0.000000
0.000000
0.000000
0.000000
0.000000
5.505252
0.000000
0.951045
0.000000
0.000000
0.000000
0.699479
0.000000
0.000000
0.000000
0.000000
0.794323
0.000000
1.205802
0.000000
0.000000
0.000000
0.000000
0.000000
0.000000
0.000000
0.000000
0.000000
0.000000
0.000000
0.000000
0.000000
0.000000
0.000000
0.000000
0.629352
0.000000
0.432035
0.000000
0.000000
0.000000
0.349793
0.000000
0.000000
0.000000
0.000000
0.000000
0.000000
0.000000
0.000000
0.000000
0.000000
0.969819
0.000000
0.000000
0.239853
0.000000
0.000000
0.000000
0.927207
3.393037
0.000000
0.000000
0.000000
0.000000
1.395667
0.000000
0.000000
0.000000
0.000000
0.000000
0.000000
0.000000
0.690449
0.000000
0.000000
0.000000
0.000000
0.000000
0.000000
0.575378
0.000000
0.000000
0.000000
2.267379
0.000000
0.000000
0.000000
0.161408
0.000000
0.272986
0.074087
0.000000
0.494786
0.000000
0.000000
0.000000
0.000000
0.000000
1.312072
0.000000
0.000000
0.000000
0.000000
3.167278
0.000000
0.000000
0.000000
0.000000
0.000000
0.000000
0.000000
0.000000
0.000000
0.000000
0.000000
0.000000
0.696745
0.971893
0.000000
0.000000
0.000000
0.000000
0.000000
0.000000
0.000000
0.000000
0.000000
0.000000
0.000000
0.000000
1.734693
0.202111
0.000000
0.000000
0.000000
0.509758
0.000000
0.000000
0.000000
0.000000
0.082671
0.000000
0.000000
0.000000
0.000000
0.892323
1.748905
0.000000
3.291590
0.000000
2.127084
0.000000
0.000000
0.000000
0.000000
0.000000
0.000000
0.000000
0.000000
0.000000
0.000000
0.000000
0.000000
0.000000
1.563537
0.000000
0.000000
0.000000
0.000000
0.000000
0.000000
0.000000
0.000000
0.000000
0.000000
0.000000
0.000000
0.000000
0.000000
0.000000
0.000000
0.000000
0.000000
4.548785
0.000000
0.000000
1.271313
2.462469
4.317173
0.563475
0.000000
0.000000
0.000000
0.000000
0.000000
0.000000
0.000000
0.000000
0.000000
0.000000
0.000000
0.000000
0.000000
0.000000
0.000000
0.000000
0.000000
0.000000
0.282631
0.000000
0.000000
1.561251
0.000000
0.000000
3.959083
0.000000
0.000000
0.000000
0.000000
0.000000
0.000000
0.696376
0.000000
0.745453
0.000000
0.000000
0.000000
0.000000
0.635848
0.000000
0.000000
0.000000
0.000000
0.000000
0.000000
0.000000
0.000000
0.000000
0.666994
0.000000
0.000000
0.000000
0.000000
0.000000
0.000000
0.000000
0.000000
2.076193
0.000000
0.000000
0.000000
0.000000
0.000000
0.000000
0.000000
1.782068
0.000000
0.000000
0.000000
0.000000
0.000000
0.000000
0.000000
0.000000
0.000000
0.000000
0.000000
0.000000
0.000000
0.000000
0.000000
0.000000
0.000000
0.000000
0.000000
0.000000
1.057217
0.000000
0.000000
0.000000
0.000000
0.000000
0.000000
0.000000
0.000000
0.000000
0.000000
0.000000
0.000000
0.000000
0.000000
0.000000
0.000000
0.000000
0.000000
0.000000
0.000000
0.000000
0.000000
0.000000
0.000000
2.521833
0.585916
0.000000
0.000000
1.176133
0.000000
0.000000
0.000000
0.000000
0.000000
0.000000
0.000000
0.000000
0.000000
3.561534
3.775344
0.000000
0.000000
0.000000
0.000000
0.000000
0.000000
0.000000
0.000000
0.000000
0.000000
0.000000
0.000000
0.000000
0.000000
0.000000
0.000000
0.000000
0.000000
0.000000
0.000000
0.000000
0.000000
0.000000
0.311709
0.000000
0.000000
0.000000
0.000000
0.000000
0.000000
0.000000
4.359878
0.187443
0.000000
0.000000
0.000000
0.000000
0.000000
0.000000
0.000000
0.000000
0.000000
0.000000
0.000000
2.004711
0.000000
0.000000
0.000000
0.000000
0.000000
0.000000
0.000000
0.000000
0.000000
0.000000
0.000000
0.000000
0.000000
0.000000
0.235984
0.000000
0.000000
0.000000
0.000000
0.000000
0.000000
0.000000
0.000000
0.035442
0.000000
0.000000
0.000000
0.000000
0.000000
3.336403
0.000000
1.314115
0.000000
0.000000
0.000000
0.000000
0.000000
3.695201
0.396713
0.000000
0.000000
0.000000
0.000000
0.000000
0.000000
0.000000
0.000000
0.000000
1.100099
0.114828
0.000000
0.000000
0.000000
0.000000
0.788407
0.000000
0.000000
0.000000
0.000000
0.112058
0.000000
0.000000
0.000000
0.000000
0.000000
0.000000
0.000000
0.000000
1.770781
0.000000
0.000000
0.675708
0.000000
2.640369
0.000000
0.000000
0.000000
0.000000
0.000000
0.000000
0.000000
5.028587
0.579457
0.000000
1.883178
0.000000
0.000000
0.103784
0.000000
0.000000
0.000000
3.762529
0.000000
0.000000
0.000000
0.000000
0.000000
0.000000
0.000000
0.000000
0.000000
0.000000
0.000000
1.198702
0.000000
1.659460
1.273846
0.000000
0.000000
2.704791
0.000000
0.872924
0.508412
0.000000
0.000000
0.000000
0.000000
0.000000
0.000000
0.000000
0.000000
0.000000
0.000000
2.238063
0.000000
0.000000
0.000000
0.000000
0.411569
0.000000
0.000000
0.000000
0.000000
0.000000
0.000000
0.000000
0.730742
0.000000
0.000000
0.000000
0.000000
0.000000
0.000000
0.000000
0.000000
0.000000
2.540194
0.000000
0.000000
0.000000
0.000000
0.000000
0.000000
0.000000
0.000000
0.000000
0.000000
0.000000
0.000000
0.000000
0.000000
0.263932
0.000000
0.000000
0.000000
0.000000
0.000000
0.000000
0.000000
0.000000
0.000000
0.000000
0.000000
0.000000
0.000000
0.000000
0.000000
0.000000
0.000000
1.282584
0.000000
0.000000
0.000000
0.000000
0.623951
0.000000
0.000000
0.000000
0.000000
0.792794
0.000000
0.000000
0.000000
0.000000
0.000000
0.000000
0.000000
0.000000
2.672312
0.000000
0.000000
0.000000
0.000000
0.000000
0.594301
0.000000
0.000000
1.671492
0.000000
0.000000
0.000000
0.000000
0.000000
0.000000
0.000000
0.000000
0.000000
0.000000
0.000000
0.012605
0.000000
0.000000
0.000000
0.000000
7.314690
0.000000
2.280749
0.000000
1.109132
0.000000
0.000000
0.000000
0.000000
0.000000
0.000000
0.000000
1.535423
0.000000
0.000000
0.000000
0.000000
0.000000
0.000000
0.000000
0.000000
0.000000
0.000000
0.000000
0.000000
0.000000
0.480203
0.000000
0.000000
0.000000
0.000000
0.000000
0.000000
0.000000
0.000000
0.000000
0.864431
0.000000
0.000000
0.000000
1.350666
0.000000
0.000000
0.000000
0.000000
0.000000
0.000000
0.000000
0.000000
0.000000
0.000000
0.000000
2.444751
0.000000
0.000000
0.000000
0.000000
0.000000
0.000000
0.000000
0.451015
0.000000
0.000000
0.000000
0.000000
0.000000
0.000000
0.000000
0.000000
0.000000
0.000000
1.215168
0.000000
0.272350
0.000000
0.000000
0.000000
0.000000
0.000000
0.000000
0.000000
0.000000
0.573517
1.111227
0.000000
0.000000
0.000000
0.000000
0.000000
2.423237
0.000000
0.000000
3.281114
0.000000
0.155710
0.000000
0.000000
0.000000
0.000000
3.142461
3.547802
0.000000
0.000000
0.000000
0.000000
4.485168
0.000000
0.000000
0.000000
0.000000
0.000000
0.000000
0.000000
0.000000
0.000000
0.000000
1.980744
0.000000
0.000000
3.414752
0.000000
0.000000
0.000000
0.000000
3.354705
0.000000
0.000000
0.000000
0.000000
0.000000
0.000000
0.000000
0.303905
0.000000
0.333882
0.000000
0.000000
0.000000
0.000000
0.000000
0.000000
0.000000
0.000000
0.000000
0.000000
0.000000
0.000000
0.044611
0.000000
0.000000
5.437347
0.000000
0.000000
0.000000
0.000000
0.000000
0.000000
0.000000
0.000000
1.656035
0.000000
0.000000
0.000000
1.371812
0.000000
0.000000
0.000000
0.000000
1.735889
0.000000
0.000000
0.000000
0.000000
5.905872
0.000000
0.000000
0.122125
0.000000
0.000000
0.000000
0.000000
0.000000
0.000000
0.000000
0.000000
0.000000
0.000000
0.000000
0.000000
0.000000
4.569128
0.000000
0.000000
0.000000
0.000000
0.000000
0.000000
0.000000
0.000000
0.000000
0.000000
0.000000
0.000000
0.000000
0.000000
0.000000
0.000000
0.000000
0.000000
0.000000
1.949692
0.000000
0.000000
0.000000
0.000000
1.608689
0.322662
0.000000
0.983248
0.000000
0.000000
0.000000
1.316422
0.000000
0.000000
0.000000
0.000000
0.000000
0.000000
0.000000
0.000000
0.000000
0.000000
0.000000
0.000000
0.000000
0.000000
0.000000
0.000000
0.000000
0.000000
0.000000
0.000000
4.630869
0.000000
0.000000
0.000000
0.000000
0.000000
0.000000
0.000000
0.402967
0.000000
0.000000
0.000000
1.480514
0.000000
0.000000
0.000000
4.217405
0.000000
0.000000
0.000000
0.000000
0.000000
0.000000
0.000000
0.000000
0.000000
0.000000
0.000000
1.620460
0.000000
0.000000
2.224826
0.000000
0.000000
1.337013
0.000000
0.000000
0.000000
0.000000
0.000000
0.000000
0.000000
0.000000
0.646482
0.000000
0.000000
0.000000
0.000000
0.000000
0.000000
0.000000
0.000000
0.000000
0.000000
0.000000
0.000000
0.000000
0.000000
1.380850
0.000000
0.000000
0.000000
0.000000
0.964831
0.782221
0.000000
0.000000
0.000000
0.000000
0.000000
0.000000
0.000000
0.000000
0.000000
0.000000
1.058036
0.000000
0.000000
0.000000
0.000000
0.000000
0.000000
1.419519
0.000000
0.000000
0.056475
0.000000
0.000000
0.000000
0.000000
0.000000
0.964695
0.000000
0.000000
0.000000
0.000000
0.000000
1.361095
0.000000
0.000000
0.000000
1.018042
0.000000
0.000000
0.000000
0.000000
1.709115
0.000000
0.000000
0.000000
0.000000
0.000000
0.000000
0.000000
0.000000
0.097348
0.000000
0.000000
0.000000
0.000000
0.000000
0.000000
0.000000
0.000000
0.000000
0.000000
0.000000
0.000000
0.000000
0.000000
0.000000
0.000000
0.000000
0.000000
0.000000
0.000000
0.000000
0.000000
0.000000
0.000000
0.000000
0.000000
2.573288
0.000000
0.000000
0.000000
0.000000
0.000000
0.000000
0.000000
0.000000
0.000000
0.000000
0.000000
1.678845
0.083240
0.000000
0.000000
2.501968
0.000000
0.000000
0.000000
0.000000
0.000000
0.000000
0.000000
0.000000
0.000000
0.000000
0.000000
0.000000
0.000000
0.000000
0.000000
0.000000
0.000000
2.706247
0.000000
0.000000
0.000000
0.000000
0.000000
0.000000
0.000000
0.000000
0.000000
0.000000
0.000000
0.000000
0.000000
0.000000
0.000000
0.000000
0.000000
0.000000
0.000000
0.887097
0.000000
0.000000
0.000000
0.000000
0.000000
0.000000
0.000000
0.841614
0.000000
0.000000
0.000000
0.000000
2.037796
0.000000
0.000000
0.000000
0.000000
0.000000
0.000000
0.000000
0.000000
0.000000
0.000000
0.380908
0.000000
0.000000
0.000000
0.000000
0.000000
0.000000
1.318119
0.000000
0.000000
0.000000
1.396388
0.000000
0.000000
0.000000
0.000000
0.000000
0.000000
0.000000
0.000000
0.000000
0.000000
0.000000
0.000000
1.642233
1.604718
0.000000
0.000000
0.000000
0.476167
0.000000
0.000000
0.000000
0.000000
0.000000
0.000000
1.307574
0.000000
0.000000
0.000000
0.125031
0.000000
1.191962
0.000000
0.000000
0.000000
0.000000
0.000000
0.000000
0.577747
0.000000
0.000000
0.000000
1.494308
0.000000
0.000000
0.000000
0.000000
0.769404
0.000000
0.000000
0.000000
5.018539
0.000000
0.000000
2.083610
0.000000
0.000000
0.000000
0.929776
0.615648
0.000000
0.000000
0.000000
0.000000
0.000000
0.000000
0.430029
0.000000
0.000000
0.000000
0.000000
0.000000
1.762089
0.000000
0.000000
0.000000
3.167969
0.000000
0.000000
0.000000
0.000000
0.000000
0.079737
0.000000
0.000000
0.000000
0.000000
0.000000
0.000000
0.000000
1.836535
0.000000
0.000000
0.000000
0.000000
0.000000
0.815192
0.000000
0.000000
0.000000
0.000000
0.000000
0.000000
0.000000
0.000000
0.017606
0.000000
0.000000
0.000000
0.000000
0.000000
0.000000
0.000000
0.000000
0.000000
0.000000
0.000000
0.465080
0.000000
0.000000
0.000000
0.000000
0.000000
0.000000
0.000000
0.000000
0.000000
0.000000
0.000000
0.000000
0.000000
0.000000
0.000000
0.000000
1.616883
0.000000
0.000000
0.000000
0.000000
0.000000
0.000000
0.000000
0.000000
0.170374
0.000000
0.000000
0.696421
0.000000
0.000000
0.000000
0.000000
0.000000
0.651347
0.000000
0.000000
0.000000
0.048460
0.000000
0.000000
0.000000
0.000000
0.000000
0.000000
0.000000
0.000000
0.000000
0.000000
1.452355
0.000000
0.000000
0.000000
0.000000
0.000000
2.518571
1.767115
3.510966
0.000000
0.546441
2.316710
0.591158
0.000000
0.896619
0.000000
0.000000
0.000000
0.000000
0.000000
0.000000
0.000000
0.000000
0.000000
0.000000
0.000000
0.916897
0.051573
0.000000
1.545550
0.000000
0.000000
0.000000
0.274091
1.179725
0.000000
0.000000
0.000000
0.000000
0.000000
0.000000
0.000000
0.000000
0.000000
1.045403
0.000000
0.000000
0.000000
0.000000
0.000000
0.000000
0.000000
0.000000
0.000000
0.000000
0.016950
0.000000
0.000000
0.036753
0.000000
0.695644
0.000000
0.000000
0.000000
0.000000
0.000000
5.809993
0.000000
0.000000
0.000000
0.000000
2.638632
0.000000
0.000000
0.000000
0.083173
1.876226
0.000000
0.000000
0.000000
0.000000
0.000000
0.000000
0.000000
0.000000
0.000000
0.989767
0.000000
0.000000
0.000000
0.000000
0.000000
0.000000
0.000000
0.000000
0.000000
0.000000
0.000000
0.000000
0.000000
0.000000
0.000000
0.000000
0.000000
0.000000
0.000000
0.000000
0.000000
0.000000
0.000000
0.000000
0.000000
0.000000
0.000000
0.000000
0.000000
0.000000
0.000000
