0.000000
0.000000
0.000000
0.000000
0.000000
0.000000
1.158897
0.000000
0.000000
0.396739
0.000000
0.000000
4.000774
0.000000
0.000000
0.477131
0.000000
0.000000
0.000000
0.000000
0.000000
1.900733
0.000000
0.577325
0.000000
2.877372
0.000000
0.000000
0.000000
1.195172
0.000000
3.463309
0.000000
0.000000
0.000000
0.000000
0.000000
0.575438
0.000000
0.000000
0.339121
0.000000
0.000000
0.901875
0.007904
0.000000
2.546417
1.795646
0.316763
0.000000
0.000000
0.000000
0.000000
0.000000
0.000000
0.194949
0.052227
0.000000
0.000000
0.000000
0.000000
0.000000
1.297056
0.000000
1.127368
0.000000
0.000000
0.000000
0.000000
0.000000
0.218360
0.000000
0.000000
0.000000
0.000000
0.000000
0.000000
0.000000
0.000000
1.904974
0.000000
0.000000
0.000000
0.475931
0.000000
0.000000
0.000000
1.051614
0.478984
0.000000
0.000000
0.618792
2.068774
0.000000
0.000000
0.000000
0.000000
0.000000
0.000000
3.224092
0.000000
0.000000
0.000000
0.000000
0.000000
0.000000
0.000000
0.932482
0.000000
0.000000
0.000000
0.000000
0.000000
1.518572
0.000000
0.000000
0.000000
0.000000
0.000000
0.000000
0.000000
0.000000
0.000000
0.197710
0.000000
0.114565
0.000000
0.000000
0.000000
0.000000
0.000000
0.000000
0.000000
0.000000
0.000000
0.354711
2.449459
0.972641
0.000000
0.000000
0.000000
1.336021
0.848751
0.000000
0.000000
0.000000
0.000000
0.000000
0.000000
0.000000
2.761355
0.323353
0.000000
0.000000
0.000000
0.112503
0.000000
0.036936
0.000000
0.000000
0.000000
0.000000
0.000000
0.000000
0.000000
0.650566
0.000000
0.000000
0.000000
0.000000
0.000000
0.000000
0.075997
0.000000
0.000000
0.364171
0.000000
0.000000
0.000000
0.491892
0.000000
0.521325
0.000000
0.198086
0.000000
0.000000
0.000000
0.000000
0.000000
0.000000
0.416167
0.000000
0.000000
0.000000
0.000000
1.676877
0.000000
1.360083
0.000000
0.000000
0.000000
0.000000
0.000000
0.000000
0.000000
0.000000
0.000000
0.000000
3.311490
0.000000
0.000000
0.000000
0.000000
0.000000
0.000000
0.000000
2.535963
0.000000
0.000000
0.000000
0.000000
0.000000
0.000000
0.000000
0.000000
0.000000
2.654348
1.213248
0.886151
0.602747
0.000000
0.331561
0.000000
0.000000
0.000000
0.000000
0.000000
0.000000
0.000000
0.000000
0.000000
0.000000
0.148547
0.000000
0.213990
0.000000
0.000000
0.104989
0.000000
0.000000
0.000000
0.000000
0.000000
0.000000
0.000000
0.228306
0.000000
0.000000
0.000000
0.000000
0.000000
0.000000
0.000000
0.000000
1.852003
0.000000
2.004781
0.000000
0.000000
0.000000
0.000000
0.000000
0.000000
0.000000
0.000000
0.000000
0.000000
0.000000
0.000000
1.027128
1.049011
0.000000
1.406557
0.000000
0.000000
0.000000
0.000000
0.000000
0.489482
0.000000
0.000000
1.876207
0.000000
0.324864
0.000000
0.000000
0.000000
0.000000
1.337023
0.331666
0.000000
0.000000
0.000000
0.000000
0.000000
0.000000
1.588069
0.000000
0.000000
0.000000
0.000000
0.000000
0.000000
0.000000
0.000000
0.000000
0.000000
0.000000
0.000000
0.000000
2.631028
1.328737
0.000000
0.000000
0.000000
0.000000
0.000000
0.000000
0.000000
0.043755
0.000000
1.281104
0.000000
5.012166
0.601102
0.000000
2.174945
1.437697
0.000000
0.000000
1.132664
0.000000
0.000000
0.311142
0.000000
0.000000
0.000000
0.000000
0.000000
1.273718
0.000000
0.135805
0.000000
0.000000
0.000000
0.000000
0.124972
0.000000
0.000000
2.278667
0.000000
0.000000
0.000000
2.207261
0.000000
0.000000
0.000000
0.000000
0.000000
1.040091
0.000000
0.000000
0.000000
0.000000
0.000000
0.193945
0.000000
0.000000
0.000000
1.994659
0.000000
0.000000
0.000000
0.000000
1.459269
0.000000
0.000000
0.000000
0.000000
0.000000
0.000000
0.000000
0.467615
0.000000
0.000000
0.000000
0.619690
0.000000
0.000000
0.420704
0.000000
0.000000
0.396299
0.000000
0.000000
0.114365
0.000000
0.000000
0.002720
0.000000
0.000000
1.968377
0.000000
0.000000
0.000000
0.000000
2.192583
0.933303
0.000000
0.000000
0.508463
0.897467
0.532715
0.000000
0.000000
0.000000
0.032318
0.000000
0.000000
0.000000
0.000000
1.467375
0.000000
0.000000
0.000000
0.000000
0.000000
0.000000
0.000000
0.000000
0.000000
0.000000
0.000000
0.000000
0.153302
1.764223
0.928003
0.000000
0.000000
0.000000
0.000000
2.294594
0.000000
0.009751
0.000000
1.368764
0.000000
0.000000
1.357749
0.000000
0.000000
0.000000
0.000000
0.000000
2.210567
0.000000
0.000000
1.449242
0.000000
0.000000
0.000000
0.000000
0.000000
0.000000
0.000000
0.000000
0.000000
0.000000
0.000000
0.000000
0.000000
0.709607
0.000000
0.000000
0.000000
0.821971
1.224927
0.000000
0.000000
0.000000
0.000000
1.133065
0.603990
0.000000
0.366107
0.000000
0.000000
0.000000
0.000000
0.281387
0.000000
0.000000
0.000000
0.000000
0.000000
0.110217
0.000000
0.000000
0.000000
0.000000
0.000000
0.000000
0.000000
0.000000
0.000000
0.000000
0.000000
0.000000
0.939626
0.000000
0.000000
0.000000
0.000000
0.000000
0.000000
4.191461
0.000000
2.481988
0.000000
0.000000
0.799822
0.000000
0.000000
0.000000
0.000000
0.000000
0.000000
0.000000
0.000000
0.000000
0.000000
0.000000
0.000000
0.000000
0.000000
0.000000
0.000000
0.000000
0.000000
0.000000
0.000000
0.647954
0.000000
0.381680
1.578417
0.000000
2.603833
0.000000
0.000000
0.000000
0.000000
0.557097
0.000000
0.000000
0.000000
0.000000
0.000000
0.000000
0.000000
0.000000
0.000000
0.000000
0.000000
0.000000
0.235674
0.000000
1.495418
0.000000
0.000000
0.000000
0.901563
0.000000
0.000000
0.048439
0.000000
0.000000
0.000000
0.000000
0.000000
0.000000
1.574569
0.000000
0.000000
0.000000
0.000000
1.693082
0.000000
0.000000
0.000000
1.975397
0.000000
0.000000
0.000000
0.000000
0.000000
0.000000
0.926145
0.000000
0.140393
0.000000
1.203538
0.000000
0.000000
0.000000
0.000000
0.000000
1.145515
0.000000
0.000000
0.000000
2.500247
0.000000
0.000000
0.243811
0.000000
0.229113
0.000000
1.528320
0.000000
0.089153
0.000000
0.000000
0.027782
0.000000
0.000000
0.000000
0.000000
0.000000
2.019279
0.000000
0.000000
0.000000
1.833216
0.000000
0.000000
0.000000
0.000000
0.000000
0.681480
0.000000
0.356106
2.414079
0.000000
0.000000
0.377421
0.000000
0.491401
0.000000
0.000000
0.000000
0.000000
0.000000
0.000000
0.000000
0.000000
0.000000
4.082369
0.000000
1.208547
0.173250
0.000000
0.000000
0.000000
0.913795
0.000000
0.000000
0.128660
0.000000
0.000000
0.000000
0.000000
0.000000
0.000000
0.000000
0.000000
0.000000
0.000000
0.020149
0.000000
1.705838
0.000000
0.000000
0.000000
0.000000
0.000000
0.000000
0.000000
0.000000
0.626126
0.000000
0.000000
0.000000
0.000000
0.079370
0.000000
0.000000
0.000000
0.000000
0.000000
0.000000
1.398553
0.000000
0.000000
0.790417
0.000000
0.000000
0.000000
0.000000
0.116448
0.000000
0.000000
0.000000
0.000000
0.271538
0.000000
1.920111
0.000000
0.000000
0.000000
0.000000
0.000000
0.000000
0.000000
0.000000
0.000000
0.000000
0.000000
0.000000
0.000000
0.000000
0.000000
0.323290
0.000000
0.000000
0.000000
0.000000
0.000000
1.017891
0.000000
0.000000
0.000000
0.000000
0.000000
0.000000
0.000000
0.000000
0.000000
0.388548
0.000000
2.077487
0.000000
0.000000
0.000000
0.000000
0.000000
1.186023
2.156211
0.000000
0.000000
0.000000
0.000000
0.000000
0.000000
0.130577
0.000000
0.000000
0.000000
0.000000
0.000000
0.000000
0.000000
1.043986
0.000000
0.000000
0.791488
0.000000
0.000000
0.000000
0.000000
0.000000
0.000000
0.000000
0.000000
0.000000
0.000000
0.000000
0.000000
0.000000
0.000000
0.000000
1.346055
0.000000
0.000000
0.000000
0.000000
0.000000
0.000000
0.000000
0.000000
0.091960
0.000000
4.243678
0.000000
0.000000
0.400380
2.403952
0.000000
0.000000
0.000000
0.000000
0.000000
0.000000
0.000000
0.000000
0.000000
0.000000
0.000000
0.000000
0.624350
0.175226
1.253780
0.000000
0.372032
1.700576
0.000000
2.543489
0.000000
0.000000
0.469132
2.000768
0.000000
0.000000
0.000000
0.000000
0.000000
0.000000
0.000000
0.000000
0.000000
0.000000
0.000000
0.000000
0.000000
0.000000
0.000000
2.313638
0.000000
0.000000
0.000000
0.072999
0.000000
0.000000
0.000000
0.727103
0.000000
0.000000
0.000000
0.928146
0.000000
0.000000
0.000000
0.613273
1.285967
0.000000
0.000000
0.000000
1.727799
2.002319
0.000000
0.000000
0.000000
0.000000
0.000000
0.000000
0.000000
0.000000
0.000000
0.089368
0.000000
1.694726
0.369388
0.000000
0.282954
0.000000
0.000000
0.000000
0.000000
0.000000
0.000000
0.000000
0.000000
0.000000
0.151018
0.000000
0.000000
0.000000
0.000000
0.000000
0.000000
0.000000
0.973412
0.000000
0.000000
0.000000
0.398915
0.000000
1.765583
0.000000
1.122585
0.000000
3.639661
0.412761
0.000000
0.000000
1.909468
3.909418
0.000000
0.000000
0.102751
0.196679
0.000000
0.068732
0.000000
0.000000
0.000000
2.252762
1.746755
0.300296
0.425805
0.083381
0.000000
0.000000
0.000000
0.353730
0.000000
0.000000
0.000000
0.000000
0.000000
0.000000
0.000000
0.000000
0.000000
0.000000
0.000000
1.188494
0.000000
0.000000
0.000000
0.000000
0.000000
0.000000
0.000000
0.000000
2.514502
0.000000
0.000000
0.000000
0.000000
0.941797
0.000000
0.000000
0.000000
0.000000
0.000000
0.000000
0.327972
0.852283
0.000000
0.000000
0.000000
0.000000
0.711822
0.000000
0.000000
0.000000
0.000000
0.536436
0.000000
0.000000
0.000000
0.199241
0.000000
0.000000
0.000000
0.000000
0.000000
0.488539
0.000000
0.000000
0.000000
0.000000
0.000000
0.000000
0.000000
0.000000
0.000000
0.000000
0.000000
0.000000
0.000000
0.000000
1.743854
0.000000
0.000000
0.000000
1.901537
0.000000
1.321362
0.000000
0.000000
0.907894
0.000000
0.000000
0.000000
0.000000
0.000000
0.746197
0.000000
0.000000
0.000000
0.000000
0.000000
1.745048
0.000000
0.000000
0.000000
0.000000
0.000000
1.236588
0.000000
0.000000
0.029067
0.000000
1.018540
0.887412
0.000000
0.000000
0.000000
0.307518
0.193117
0.000000
0.000000
0.000000
1.350944
0.000000
0.000000
0.000000
0.000000
0.000000
0.000000
0.000000
0.000000
0.000000
2.344344
0.189031
0.000000
0.000000
0.000000
0.000000
0.000000
0.000000
0.000000
0.000000
0.000000
0.000000
0.000000
0.000000
0.000000
0.000000
0.000000
0.000000
0.000000
0.000000
1.029395
0.000000
0.000000
1.653450
0.000000
0.000000
0.000000
0.000000
0.659291
0.000000
0.000000
0.369433
0.000000
0.000000
0.000000
0.000000
0.043843
1.306243
0.000000
0.000000
0.361278
0.000000
0.000000
0.000000
0.000000
3.414096
0.094256
0.000000
0.000000
0.471218
0.000000
0.000000
2.603903
0.000000
0.000000
0.000000
0.695596
0.000000
0.000000
0.000000
0.000000
0.000000
1.067517
0.841274
0.270027
0.000000
0.416299
0.000000
3.640173
0.773498
0.000000
0.000000
0.000000
0.000000
0.000000
0.000000
0.000000
0.000000
1.943338
0.303875
0.000000
0.000000
0.000000
0.000000
0.000000
0.000000
1.680211
0.000000
0.000000
0.000000
0.000000
0.000000
0.000000
0.000000
0.000000
0.000000
0.222919
0.000000
0.000000
0.000000
0.000000
0.154691
0.000000
0.000000
0.000000
0.000000
0.000000
0.000000
0.000000
0.000000
0.000000
0.000000
0.000000
0.000000
2.894844
0.000000
0.000000
0.105267
0.000000
0.000000
0.000000
0.000000
2.885453
0.000000
0.000000
0.000000
2.818384
0.365582
0.000000
0.000000
0.000000
0.000000
0.000000
0.000000
0.000000
0.000000
2.575031
0.000000
0.000000
0.000000
0.000000
0.000000
0.000000
0.000000
0.000000
0.000000
0.000000
1.363956
0.058316
0.000000
0.000000
0.200305
0.000000
0.000000
0.000000
0.000000
0.000000
0.000000
0.000000
0.615047
0.000000
0.000000
0.000000
0.000000
0.000000
0.000000
0.000000
0.373354
0.000000
0.000000
0.000000
0.000000
0.000000
0.000000
0.000000
1.059414
1.725070
0.231213
0.000000
0.000000
1.107769
0.000000
0.000000
0.000000
0.000000
0.000000
0.480875
0.017556
0.000000
0.000000
0.000000
0.664340
1.414248
0.000000
0.000000
0.959429
0.000000
0.000000
2.170346
0.000000
0.000000
0.000000
0.000000
0.000000
0.000000
0.000000
0.000000
0.000000
0.248981
0.000000
0.000000
0.058922
2.109721
5.982316
0.000000
0.000000
0.000000
0.000000
0.000000
1.875385
0.000000
0.000000
0.000000
0.000000
0.000000
0.000000
3.433265
0.000000
0.000000
0.000000
0.828638
3.565245
0.000000
0.000000
0.000000
0.000000
0.498543
0.016071
0.044350
0.000000
0.000000
0.000000
1.388674
0.000000
0.000000
0.000000
0.023614
0.000000
1.471142
0.000000
0.000000
0.000000
0.151889
0.000000
0.068805
0.000000
0.769476
0.000000
0.000000
0.000000
0.000000
0.000000
0.000000
0.000000
0.000000
0.000000
1.607136
1.494252
0.574209
0.000000
0.000000
0.000000
0.000000
0.000000
0.000000
1.265029
0.000000
0.000000
0.000000
0.000000
0.000000
0.000000
0.000000
0.000000
0.000000
0.000000
0.000000
1.094682
0.000000
0.780880
1.519712
0.000000
0.000000
0.000000
0.000000
1.243483
0.000000
0.000000
0.000000
2.259156
2.231517
0.000000
0.000000
0.000000
0.883825
0.000000
0.440962
0.000000
0.000000
0.000000
4.471946
0.000000
0.000000
0.000000
3.550390
0.000000
0.000000
0.000000
0.000000
1.641374
0.000000
0.192649
0.000000
0.000000
0.000000
0.000000
0.000000
0.000000
0.000000
0.000000
0.000000
0.487641
0.000000
0.000000
0.000000
0.000000
0.664750
0.739113
0.360541
0.000000
0.000000
0.000000
0.000000
0.261718
0.000000
0.000000
1.313082
0.000000
0.497531
0.000000
0.000000
0.000000
0.000000
0.000000
0.000000
0.000000
0.000000
0.000000
0.000000
0.000000
0.000000
0.000000
0.000000
0.000000
0.000000
0.000000
0.000000
0.000000
0.000000
0.175162
0.000000
0.661370
0.000000
0.000000
0.000000
1.544652
0.000000
0.382814
0.000000
1.052122
2.112612
0.471376
0.466516
0.000000
0.000000
0.000000
0.000000
0.000000
0.000000
0.000000
0.000000
0.000000
0.000000
0.000000
0.000000
0.000000
0.231366
0.272918
0.000000
0.000000
0.000000
0.000000
0.000000
0.234102
0.000000
0.000000
0.000000
0.739957
0.000000
0.000000
0.000000
0.016535
0.000000
0.000000
0.000000
0.000000
0.000000
0.000000
0.000000
0.000000
0.000000
0.000000
0.244399
0.010264
0.000000
1.694910
0.000000
0.000000
0.000000
0.000000
0.000000
0.000000
0.000000
0.000000
0.000000
0.000000
1.784866
0.697022
0.000000
0.340538
0.000000
0.000000
0.000000
0.000000
0.000000
0.000000
0.000000
0.000000
0.000000
0.000000
0.000000
0.000000
0.000000
0.000000
0.601647
1.521185
0.571912
1.929666
0.777794
0.000000
0.000000
0.000000
0.000000
0.000000
0.000000
0.000000
0.000000
0.000000
0.000000
0.000000
0.000000
1.979027
0.431342
0.000000
0.000000
0.000000
0.000000
0.000000
0.000000
0.000000
0.852443
0.000000
0.000000
0.000000
0.000000
0.000000
0.000000
0.919549
0.000000
0.000000
0.000000
0.000000
0.000000
0.000000
0.793727
0.000000
0.000000
0.000000
0.000000
0.847554
0.000000
0.000000
0.000000
0.000000
0.000000
0.000000
0.000000
0.000000
0.000000
0.000000
0.000000
0.000000
0.869272
0.000000
0.000000
0.000000
0.000000
0.000000
0.000000
0.000000
0.048931
0.000000
0.000000
0.000000
0.414333
1.559608
0.000000
0.250331
0.482516
0.000000
0.000000
0.000000
0.000000
0.000000
0.000000
0.000000
0.000000
0.000000
0.000000
0.000000
0.000000
0.000000
0.000000
0.000000
0.000000
0.000000
0.000000
0.551275
0.000000
0.000000
0.000000
0.000000
0.455262
0.000000
0.000000
0.000000
0.000000
2.074592
0.000000
0.000000
0.000000
0.000000
0.000000
0.179780
0.000000
0.150117
0.000000
0.000000
0.000000
1.657472
0.000000
0.000000
0.000000
0.000000
0.000000
2.015104
0.000000
0.000000
1.884518
0.000000
0.000000
0.000000
0.013309
0.757855
0.000000
0.000000
0.000000
0.000000
0.573799
0.000000
0.000000
0.000000
0.279606
0.000000
2.057907
0.000000
0.000000
0.000000
0.000000
0.000000
0.000000
0.000000
0.000000
0.000000
0.000000
0.000000
0.000000
0.000000
0.000000
0.000000
0.000000
1.083751
0.000000
1.426263
0.827717
0.000000
1.168573
0.000000
0.000000
0.000000
0.877405
0.000000
0.000000
0.000000
0.000000
0.000000
0.000000
0.000000
0.000000
0.000000
0.000000
0.000000
0.000000
0.827456
0.000000
0.000000
0.000000
0.000000
0.000000
0.000000
0.381449
0.782629
0.000000
0.000000
1.606132
0.000000
0.000000
0.000000
0.000000
0.254984
0.000000
0.000000
0.000000
0.000000
0.000000
0.415455
0.000000
0.000000
0.000000
0.000000
0.000000
0.000000
2.798645
0.000000
0.000000
0.000000
0.000000
0.000000
0.000000
0.000000
0.000000
0.000000
2.653538
0.000000
0.000000
0.335259
0.000000
0.000000
0.000000
0.000000
0.000000
0.000000
0.000000
0.000000
0.000000
0.000000
0.000000
0.000000
1.907717
0.000000
0.000000
0.752432
0.000000
0.000000
0.000000
0.000000
0.000000
0.188467
0.000000
0.000000
0.000000
0.262907
0.000000
0.000000
0.000000
0.000000
0.960872
0.000000
0.000000
0.829168
0.000000
0.000000
0.461804
0.000000
0.000000
0.000000
0.000000
0.000000
0.000000
2.287081
3.350367
0.000000
0.000000
0.000000
0.000000
0.459136
0.000000
0.000000
0.000000
1.043383
0.344638
0.000000
0.272071
0.000000
0.000000
0.000000
0.000000
0.971478
0.000000
0.000000
0.000000
1.944779
0.000000
0.000000
0.000000
0.000000
0.000000
2.280206
0.940420
0.000000
0.000000
0.000000
0.000000
0.000000
2.931522
0.000000
1.057341
0.000000
0.867817
0.000000
1.613481
0.000000
0.000000
0.000000
0.000000
2.324129
0.000000
0.000000
0.000000
0.000000
0.000000
0.000000
0.000000
0.150868
2.867154
0.000000
0.000000
0.000000
0.000000
0.000000
0.000000
0.000000
0.504276
0.000000
0.000000
0.000000
0.000000
0.000000
0.000000
0.000000
0.000000
0.000000
0.000000
0.000000
0.000000
0.270540
0.000000
0.000000
0.000000
0.000000
0.000000
0.000000
0.777008
0.000000
0.000000
0.000000
0.527789
0.000000
0.000000
0.000000
0.000000
0.000000
1.059655
0.000000
0.000000
0.000000
0.668302
1.101272
0.195950
0.000000
0.000000
0.000000
0.000000
0.000000
0.456446
0.000000
0.000000
0.791515
0.868579
0.000000
0.000000
0.000000
0.000000
0.000000
0.000000
0.000000
0.000000
0.000000
0.000000
0.401671
0.000000
0.680764
0.265140
0.000000
0.000000
0.000000
0.000000
0.000000
0.000000
0.000000
0.000000
0.000000
0.000000
0.000000
2.779937
0.000000
0.000000
0.000000
0.000000
0.000000
0.000000
1.969347
0.000000
0.000000
1.063891
0.000000
0.000000
0.000000
0.000000
0.000000
0.000000
1.192077
0.000000
0.000000
0.000000
0.000000
0.000000
0.000000
0.510469
0.628312
0.000000
0.136525
0.000000
0.000000
0.969566
0.000000
0.000000
0.000000
0.000000
0.561318
0.000000
0.000000
0.000000
0.000000
0.000000
0.000000
0.000000
0.000000
0.000000
0.258254
0.196022
0.000000
0.000000
4.720897
0.253789
0.000000
0.000000
1.830109
0.000000
0.000000
0.000000
0.000000
0.000000
0.000000
0.000000
0.000000
0.000000
0.000000
0.000000
0.000000
0.396488
0.000000
2.472856
0.000000
0.000000
0.000000
0.606694
0.000000
0.000000
0.000000
0.000000
0.000000
0.000000
0.000000
0.908507
0.000000
0.000000
0.136221
0.000000
0.000000
0.000000
0.108764
0.000000
0.000000
0.000000
1.151465
0.000000
0.000000
0.000000
0.000000
0.000000
0.165813
0.000000
0.000000
0.525080
0.000000
0.000000
0.000000
0.000000
0.000000
0.000000
0.000000
0.000000
0.000000
0.000000
0.000000
0.000000
0.000000
0.000000
0.000000
0.000000
0.000000
0.000000
0.000000
0.000000
1.877285
0.000000
0.000000
0.595711
0.000000
0.224460
0.000000
0.000000
2.206523
0.000000
0.000000
1.157991
0.000000
0.000000
0.465401
0.000000
0.000000
1.412448
0.260205
0.000000
0.000000
0.000000
1.439857
0.000000
0.000000
0.000000
0.000000
0.442867
0.000000
0.000000
0.000000
0.000000
0.000000
0.000000
0.558168
0.000000
0.000000
0.000000
0.000000
0.000000
0.000000
0.000000
0.000000
0.000000
1.810055
0.000000
0.000000
0.000000
0.000000
0.000000
0.000000
0.000000
3.171748
0.000000
0.000000
0.000000
0.108452
0.000000
0.000000
1.468895
0.000000
0.000000
0.000000
0.000000
1.326218
0.000000
0.425907
0.000000
0.000000
0.000000
0.000000
0.000000
0.000000
2.772386
0.000000
0.000000
0.000000
0.000000
0.000000
0.000000
0.000000
0.000000
0.000000
0.875347
0.000000
0.000000
0.000000
0.000000
0.000000
0.158435
0.000000
0.000000
3.791815
0.000000
0.000000
0.000000
0.000000
0.000000
0.000000
0.000000
0.355164
0.000000
0.000000
0.664556
0.342740
0.000000
0.000000
0.000000
0.000000
0.000000
0.000000
0.000000
0.600886
1.872527
0.000000
0.000000
1.887165
0.000000
0.000000
0.000000
0.000000
0.000000
0.000000
0.000000
0.000000
0.000000
0.914168
0.000000
0.000000
0.847532
3.773779
0.000000
0.371105
0.000000
0.000000
0.000000
0.000000
0.000000
0.000000
0.000000
0.000000
0.000000
0.000000
0.000000
0.954493
0.000000
0.539812
1.193583
0.000000
0.784091
0.842743
0.000000
0.000000
0.000000
0.000000
0.000000
0.260673
1.357820
2.989522
0.000000
0.000000
0.000000
0.000000
0.000000
1.052204
0.000000
0.000000
0.000000
0.000000
0.000000
1.416263
0.000000
0.000000
0.000000
0.000000
1.411141
0.186275
0.127713
0.000000
0.000000
2.458422
0.000000
0.000000
0.000000
0.000000
0.000000
0.000000
0.000000
1.548709
0.000000
0.000000
0.000000
0.000000
0.000000
0.000000
0.000000
0.836590
0.000000
0.000000
0.728863
2.902181
0.000000
0.000000
0.000000
0.000000
0.027480
0.000000
0.000000
0.000000
0.000000
0.000000
0.000000
0.000000
0.000000
0.045517
0.000000
0.000000
0.000000
0.000000
0.000000
0.000000
1.471016
0.000000
0.000000
2.950297
0.000000
0.000000
0.449358
0.000000
0.000000
0.879593
0.000000
0.000000
3.247015
0.656533
0.000000
1.233133
0.000000
0.000000
0.000000
0.000000
0.000000
1.508321
0.000000
0.000000
0.000000
0.000000
2.209487
0.000000
2.123840
0.000000
0.000000
0.000000
0.000000
0.000000
0.716827
0.000000
0.000000
0.000000
0.000000
0.000000
1.868484
0.000000
0.000000
3.350066
0.000000
0.000000
0.091286
0.000000
0.000000
0.000000
0.000000
0.000000
0.000000
0.000000
0.000000
0.000000
0.000000
0.446903
3.805260
0.000000
0.000000
0.000000
0.000000
0.000000
0.000000
0.000000
0.000000
0.000000
0.000000
0.000000
0.000000
1.281861
0.000000
0.000000
0.000000
0.000000
1.017968
0.000000
0.000000
0.000000
0.000000
0.000000
0.000000
1.325816
0.000000
0.000000
0.000000
0.000000
0.000000
0.000000
0.973155
0.931061
0.880706
0.000000
0.000000
0.000000
0.000000
0.000000
0.000000
0.000000
0.000000
0.000000
0.000000
0.000000
0.000000
0.264911
0.000000
0.000000
0.000000
0.000000
0.000000
0.000000
0.000000
0.000000
0.000000
0.000000
0.204176
0.000000
0.408457
0.000000
0.000000
0.000000
0.000000
0.000000
0.000000
1.534465
0.000000
0.000000
0.000000
0.000000
2.747087
0.000000
0.000000
0.000000
0.000000
0.000000
0.000000
0.000000
0.000000
0.859739
0.000000
0.000000
0.000000
0.000000
2.517167
0.000000
0.000000
0.000000
0.000000
0.000000
0.000000
0.000000
1.195211
0.000000
0.000000
0.000000
0.000000
0.000000
0.000000
0.000000
0.000000
0.000000
0.000000
0.000000
1.169083
3.147407
0.000000
0.000000
0.000000
0.000000
0.000000
0.000000
0.000000
0.000000
0.122721
0.000000
0.000000
0.000000
0.000000
0.000000
0.810663
0.000000
1.285426
0.000000
0.000000
0.000000
0.000000
0.000000
0.000000
0.000000
0.000000
0.000000
0.000000
0.617702
0.000000
0.000000
0.000000
0.000000
0.000000
0.000000
0.000000
0.000000
1.266817
0.000000
0.000000
0.000000
0.000000
0.153464
0.000000
0.000000
0.000000
0.000000
0.000000
0.000000
0.000000
0.000000
0.000000
0.000000
0.000000
0.473132
0.000000
0.000000
0.000000
0.606067
0.000000
0.000000
0.000000
0.000000
0.000000
0.000000
0.000000
0.000000
0.000000
0.000000
0.000000
0.000000
0.000000
0.000000
0.000000
0.554161
0.000000
0.000000
1.152254
0.000000
2.173399
0.000000
0.000000
0.000000
0.000000
0.485257
0.000000
0.000000
0.000000
0.000000
0.000000
0.776143
0.000000
0.154207
0.089931
0.000000
0.000000
0.000000
0.000000
0.000000
0.000000
0.000000
1.567060
2.049453
0.000000
0.000000
0.000000
0.000000
0.000000
0.000000
0.000000
0.222028
0.000000
0.309023
0.000000
0.000000
0.000000
0.000000
1.745088
0.849520
0.000000
0.000000
0.000000
0.000000
0.421720
0.000000
0.000000
0.000000
0.000000
0.000000
0.000000
0.893177
0.000000
0.000000
0.000000
2.358611
0.000000
0.000000
0.000000
2.239110
0.000000
0.000000
1.295629
2.259607
0.000000
2.258985
0.225490
0.000000
0.624566
0.284060
0.000000
0.000000
0.000000
0.000000
0.000000
0.000000
0.000000
0.000000
0.000000
0.000000
0.000000
0.000000
0.000000
3.721181
0.000000
1.032432
2.284561
1.035636
0.000000
0.000000
0.000000
0.000000
0.000000
0.000000
0.000000
0.000000
0.000000
0.255078
0.000000
0.000000
0.000000
0.000000
0.000000
0.199199
0.000000
0.000000
0.000000
0.000000
0.000000
0.000000
1.715942
0.000000
0.000000
0.000000
0.000000
0.000000
0.000000
0.000000
0.000000
0.000000
0.000000
0.000000
0.472866
0.000000
1.716545
0.000000
0.000000
0.000000
0.000000
0.000000
1.733685
0.000000
0.000000
0.000000
0.000000
0.000000
1.248589
0.000000
0.000000
0.000000
0.000000
0.000000
0.000000
0.000000
0.000000
0.000000
0.000000
0.000000
0.000000
0.000000
0.000000
0.000000
1.096042
0.000000
0.000000
0.000000
0.000000
0.000000
0.149929
0.000000
0.000000
0.000000
0.000000
0.000000
0.440812
0.740879
3.180006
0.000000
0.000000
0.000000
0.000000
0.000000
0.000000
0.000000
0.000000
0.016274
0.000000
0.000000
0.000000
1.118629
0.000000
1.123851
0.000000
0.000000
0.000000
0.000000
0.000000
2.490667
0.000000
0.823279
1.219673
0.631180
0.000000
0.000000
0.000000
0.000000
0.000000
0.000000
0.000000
1.249238
0.299681
0.000000
0.000000
0.000000
0.000000
0.000000
0.000000
0.000000
0.000000
0.000000
0.056493
0.000000
0.000000
0.000000
0.000000
0.000000
0.362148
0.000000
0.456881
0.132232
0.000000
0.000000
0.000000
0.000000
0.361559
0.399989
0.000000
0.000000
0.000000
0.000000
1.052577
0.000000
0.000000
0.000000
0.000000
0.000000
0.000000
0.000000
3.541468
0.000000
0.000000
0.000000
0.000000
0.000000
1.598594
0.000000
0.000000
0.000000
0.000000
0.000000
0.000000
3.215345
0.000000
1.799879
1.469167
0.582078
0.000000
1.326000
0.842867
0.000000
0.000000
0.000000
0.000000
0.000000
0.000000
0.000000
0.000000
0.000000
0.000000
0.140324
0.000000
0.000000
0.000000
0.000000
0.000000
0.000000
0.000000
1.686716
0.000000
0.668951
1.065161
0.000000
0.000000
3.046446
0.000000
0.000000
0.000000
0.164621
0.000000
0.000000
0.000000
0.000000
0.000000
0.000000
0.000000
0.000000
0.000000
0.000000
0.331522
0.000000
0.000000
0.000000
0.000000
0.000000
0.000000
0.195800
3.052346
0.000000
0.000000
2.151533
0.301402
2.860138
0.000000
0.272550
0.000000
0.000000
0.000000
0.000000
0.000000
0.000000
0.000000
0.000000
0.000000
0.000000
0.000000
0.000000
0.871281
0.259334
0.000000
0.000000
0.700666
0.000000
0.000000
0.000000
2.674844
0.000000
1.828056
0.000000
0.000000
1.194848
0.000000
0.000000
1.284911
0.000000
0.000000
0.896748
0.000000
0.000000
0.000000
0.000000
0.713605
0.000000
0.000000
0.000000
0.000000
0.000000
0.000000
0.000000
0.000000
0.000000
0.000000
0.000000
0.000000
1.182122
0.000000
0.000000
0.000000
0.000000
0.000000
1.810164
0.000000
0.000000
0.000000
0.000000
0.000000
0.000000
0.000000
0.292667
0.000000
0.000000
0.000000
0.000000
0.000000
0.000000
0.000000
0.000000
0.000000
1.320465
0.000000
0.000000
0.225644
0.000000
0.885513
1.598628
0.000000
1.040685
0.000000
1.170480
0.000000
0.000000
0.000000
1.234459
0.000000
0.000000
0.000000
0.000000
0.000000
0.000000
0.000000
0.092736
0.000000
1.113283
0.000000
0.000000
0.000000
0.110094
0.360456
0.000000
0.000000
0.000000
0.000000
0.000000
0.000000
0.000000
0.000000
2.939103
0.000000
0.993776
0.000000
0.000000
3.456915
0.000000
0.000000
2.383041
0.000000
2.952965
0.123725
0.000000
0.000000
0.000000
0.000000
0.000000
0.000000
0.708172
0.000000
0.000000
0.000000
0.000000
0.000000
0.000000
0.000000
1.152447
0.000000
0.000000
0.000000
0.000000
0.000000
0.000000
1.109511
0.000000
0.000000
2.478966
0.000000
0.000000
0.000000
0.000000
0.000000
0.091063
0.135215
0.000000
0.000000
0.000000
0.000000
0.549680
0.000000
0.000000
0.000000
0.000000
0.000000
0.000000
0.000000
0.268817
0.000000
0.000000
0.000000
1.996162
0.000000
0.000000
0.000000
0.000000
0.000000
0.000000
0.000000
0.000000
1.843828
0.000000
0.000000
0.000000
0.567285
0.000000
0.000000
0.000000
1.692707
0.000000
0.000000
0.000000
0.000000
0.000000
0.260183
0.000000
0.000000
0.000000
0.000000
0.000000
0.000000
0.000000
0.000000
0.000000
0.000000
0.000000
0.000000
0.000000
0.000000
0.000000
0.000000
0.000000
0.000000
0.000000
0.000000
0.284450
0.000000
0.810124
0.000000
0.000000
0.000000
0.000000
0.000000
0.000000
0.000000
0.000000
0.000000
0.000000
0.000000
0.000000
0.000000
0.000000
0.000000
0.000000
1.043978
0.785461
0.000000
0.000000
1.440123
0.000000
0.000000
0.000000
0.000000
0.000000
0.000000
0.000000
0.000000
0.000000
2.677104
3.462951
0.000000
0.000000
0.000000
0.000000
0.000000
0.000000
0.000000
0.000000
0.000000
0.000000
0.000000
1.729581
0.000000
0.124764
0.000000
0.000000
0.000000
0.000000
0.000000
0.000000
0.000000
0.000000
0.000000
0.486967
0.000000
0.000000
0.000000
0.000000
0.000000
0.000000
0.000000
0.356404
0.766911
0.000000
0.000000
0.000000
0.000000
0.000000
0.000000
0.000000
0.000000
0.000000
0.000000
0.000000
0.000000
0.000000
0.000000
0.000000
0.000000
0.000000
0.000000
0.000000
0.000000
0.000000
0.000000
0.884443
0.000000
0.000000
0.000000
0.257775
0.000000
0.000000
0.000000
0.595575
0.000000
0.000000
0.000000
0.000000
1.229430
0.000000
0.000000
1.246321
0.000000
0.000000
0.374001
0.000000
2.667429
0.000000
0.000000
0.000000
0.000000
0.000000
0.000000
1.388042
0.000000
0.000000
0.000000
0.000000
0.000000
0.000000
0.000000
0.000000
0.000000
1.167756
0.353504
0.000000
0.000000
0.000000
0.875895
0.000000
0.000000
0.000000
0.000000
0.000000
0.000000
0.000000
0.000000
0.000000
0.897649
0.000000
0.000000
0.000000
0.000000
0.000000
0.000000
0.000000
1.586486
0.000000
0.888980
0.666545
0.000000
0.000000
1.170045
0.000000
0.000000
0.000000
2.212502
0.492428
0.000000
2.951139
0.000000
1.013674
0.000000
0.000000
2.555673
0.000000
0.000000
0.000000
0.000000
0.000000
0.000000
0.000000
0.000000
0.000000
0.000000
0.000000
0.000000
0.000000
0.000000
1.508773
0.403937
1.207102
0.000000
0.189655
0.000000
0.000000
0.000000
0.000000
0.000000
0.738121
1.388241
0.000000
0.000000
0.000000
0.475665
0.000000
0.000000
0.000000
0.922805
0.000000
1.031780
0.000000
0.000000
0.000000
0.000000
0.000000
0.000000
0.000000
0.000000
0.000000
0.000000
0.077820
0.000000
0.000000
0.264368
0.624034
0.000000
0.000000
0.000000
0.000000
0.112605
0.000000
2.721800
0.000000
0.000000
0.000000
0.000000
0.000000
0.771255
0.000000
0.000000
0.000000
0.000000
0.000000
0.000000
0.000000
0.000000
0.000000
0.540432
0.732739
0.000000
0.000000
0.000000
0.321001
0.000000
0.000000
1.731791
0.000000
0.000000
0.000000
0.000000
0.000000
0.000000
0.000000
0.000000
0.000000
0.000000
0.000000
0.000000
1.955060
0.000000
0.000000
0.000000
0.000000
0.937530
0.000000
0.000000
0.000000
0.000000
0.000000
0.000000
0.000000
0.000000
3.471991
0.000000
0.314203
0.000000
0.000000
0.000000
0.489429
0.000000
0.000000
0.590818
0.000000
0.000000
0.000000
0.000000
0.000000
0.000000
0.000000
0.000000
0.000000
0.662664
0.000000
0.096123
0.000000
0.000000
0.000000
0.000000
3.167419
0.000000
2.266596
0.000000
0.385447
0.000000
0.000000
0.000000
0.000000
0.000000
0.000000
0.000000
0.000000
0.000000
0.000000
0.000000
0.000000
0.000000
0.000000
0.787257
0.000000
0.000000
0.000000
0.000000
0.000000
0.000000
0.676244
0.000000
0.000000
0.000000
0.000000
0.000000
0.000000
0.067379
0.000000
0.915618
1.919487
0.003251
0.000000
0.000000
1.516618
0.000000
0.000000
0.000000
0.031702
0.000000
0.000000
0.000000
0.000000
0.000000
0.000000
0.000000
4.138164
0.000000
0.000000
0.686516
0.000000
0.000000
0.000000
0.000000
0.000000
0.000000
0.000000
0.000000
0.000000
0.000000
0.000000
0.000000
0.000000
0.000000
0.000000
0.792945
0.000000
0.000000
0.000000
0.000000
0.000000
0.000000
0.949063
0.132999
0.000000
0.000000
1.425171
0.000000
0.000000
0.000000
0.000000
0.000000
0.000000
0.693298
0.000000
0.000000
2.576179
0.000000
2.499267
0.000000
0.000000
0.000000
0.572204
1.529903
2.161023
0.000000
0.000000
0.000000
0.000000
2.552713
0.830135
0.000000
0.000000
0.000000
0.000000
0.000000
0.000000
0.000000
0.000000
0.000000
0.528064
0.000000
0.000000
1.115079
0.741237
0.000000
0.000000
0.000000
0.000000
0.000000
0.000000
0.000000
0.000000
0.000000
0.000000
0.000000
0.000000
0.000000
0.770598
0.000000
0.000000
0.000000
0.000000
0.000000
0.000000
0.000000
0.000000
0.000000
0.000000
0.000000
0.000000
0.000000
0.000000
0.000000
0.000000
1.504763
0.000000
0.000000
0.811063
0.000000
0.000000
0.000000
0.000000
0.000000
0.000000
0.000000
0.000000
1.216980
0.000000
0.000000
0.000000
0.000000
0.935298
0.000000
0.000000
0.000000
0.000000
0.944327
0.000000
0.000000
0.000000
0.000000
0.000000
0.270596
0.000000
0.000000
0.000000
0.000000
0.000000
0.000000
0.000000
0.000000
0.000000
0.000000
3.150843
0.000000
0.000000
0.000000
0.188191
0.000000
0.000000
0.000000
0.000000
0.000000
0.000000
0.000000
0.396809
0.625857
0.000000
0.000000
0.000000
0.000000
0.000000
0.000000
2.116359
0.000000
0.000000
0.000000
0.000000
2.152027
0.000000
0.000000
1.692312
0.000000
0.434206
0.000000
0.000000
0.000000
0.000000
0.000000
0.000000
0.000000
0.000000
0.000000
0.000000
0.000000
0.000000
0.000000
0.318816
0.000000
0.000000
0.000000
0.000000
0.000000
0.000000
0.511636
0.000000
3.532244
0.000000
0.000000
0.000000
0.000000
0.000000
1.587992
0.000000
0.603117
0.000000
0.975388
0.000000
0.000000
0.000000
0.000000
0.000000
1.743983
0.000000
0.000000
0.000000
0.000000
0.000000
0.000000
0.000000
0.000000
0.000000
0.000000
0.371283
1.388929
0.000000
0.000000
0.327193
0.000000
0.000000
1.784659
0.000000
0.000000
1.315802
0.000000
0.000000
0.200426
0.000000
0.000000
2.007014
0.000000
0.000000
0.000000
0.000000
1.520192
0.000000
0.000000
0.000000
0.000000
0.000000
0.000000
0.000000
0.000000
0.000000
0.000000
0.000000
0.000000
0.000000
0.000000
1.822517
1.655332
0.000000
0.000000
0.000000
0.000000
0.000000
0.000000
0.000000
0.094183
0.000000
0.000000
0.895030
0.000000
0.000000
0.102910
0.000000
0.000000
0.000000
0.573833
0.000000
0.000000
1.031801
0.000000
0.632753
0.000000
0.000000
0.000000
0.000000
0.047906
0.000000
0.000000
0.000000
0.000000
0.000000
0.193522
0.000000
0.000000
1.571651
0.000000
0.000000
0.000000
0.000000
1.438459
0.000000
0.000000
0.000000
0.000000
0.000000
0.000000
0.000000
0.000000
0.000000
0.000000
0.000000
0.000000
0.678110
0.000000
0.000000
0.000000
0.000000
0.000000
0.000000
0.000000
0.000000
0.000000
0.000000
0.000000
0.000000
0.000000
0.000000
0.000000
0.000000
0.000000
0.000000
0.000000
0.000000
0.000000
0.000000
0.613700
0.000000
0.000000
0.000000
0.000000
0.000000
0.000000
2.036940
0.000000
0.000000
0.000000
0.000000
2.094376
0.000000
0.000000
0.000000
1.360893
0.000000
0.000000
0.000000
0.000000
0.000000
0.000000
0.000000
0.000000
0.000000
0.000000
0.000000
0.000000
0.000000
0.000000
0.000000
0.000000
0.000000
0.000000
0.000000
0.000000
0.000000
0.000000
0.000000
0.000000
0.000000
0.000000
0.000000
0.000000
0.614790
0.000000
0.000000
0.000000
0.000000
0.000000
0.000000
0.000000
2.231352
0.306243
0.000000
0.000000
0.000000
0.000000
0.000000
0.000000
1.252524
0.000000
0.000000
0.000000
0.000000
0.000000
2.678449
1.104975
0.000000
0.000000
0.000000
0.000000
0.000000
0.000000
0.000000
0.000000
0.000000
0.000000
0.000000
1.956479
0.867966
0.000000
0.000000
0.000000
0.000000
0.000000
0.000000
0.204688
0.000000
0.000000
0.000000
0.349481
0.000000
0.000000
0.000000
0.000000
0.000000
0.000000
0.000000
0.000000
0.660415
0.144214
2.068056
0.000000
0.000000
0.000000
0.737945
0.000000
0.000000
1.334183
0.000000
0.000000
0.515363
1.565593
0.000000
0.000000
0.000000
0.370158
0.000000
0.336299
0.000000
0.000000
0.000000
0.018018
0.000000
0.000000
1.800467
0.000000
0.000000
0.000000
0.092211
0.000000
0.924413
0.000000
0.000000
0.505011
0.000000
0.000000
0.000000
1.595103
0.000000
0.000000
2.253824
0.000000
0.000000
1.764128
0.000000
0.000000
2.537333
0.000000
0.000000
1.586062
0.000000
0.000000
0.423494
0.000000
0.000000
0.000000
0.000000
0.000000
1.405794
0.000000
0.000000
0.000000
1.658163
0.000000
0.000000
0.000000
0.000000
0.000000
0.137383
0.000000
0.000000
0.000000
0.000000
0.000000
0.000000
0.000000
0.000000
0.000000
0.000000
0.000000
0.000000
0.000000
3.464484
0.000000
0.000000
0.000000
0.000000
0.000000
0.000000
0.000000
0.000000
0.000000
0.506838
0.000000
0.000000
0.000000
0.000000
0.000000
0.000000
0.000000
0.000000
0.000000
0.000000
0.000000
0.000000
0.474227
0.000000
0.000000
0.000000
0.000000
0.000000
0.000000
0.000000
0.000000
0.000000
0.000000
0.000000
0.000000
0.000000
0.000000
0.329107
0.000000
0.000000
0.000000
0.000000
0.000000
0.000000
0.000000
0.000000
0.000000
0.000000
0.000000
1.751284
0.000000
0.000000
0.000000
0.000000
0.000000
0.008606
0.000000
0.000000
0.000000
1.175173
0.000000
0.000000
0.000000
0.000000
0.000000
0.405919
0.000000
0.000000
0.064674
0.000000
2.422679
0.000000
0.000000
0.000000
0.000000
0.000000
1.644373
1.215310
0.763352
0.000000
0.905311
2.313390
1.114125
0.000000
0.000000
0.000000
0.000000
0.000000
0.000000
0.000000
0.000000
0.000000
0.000000
0.000000
0.000000
0.000000
3.133514
0.000000
0.000000
2.541361
0.000000
0.000000
0.000000
0.000000
0.000000
0.000000
0.000000
0.000000
0.000000
0.000000
0.000000
0.895549
0.000000
0.000000
2.010457
0.000000
0.000000
0.000000
0.000000
0.000000
0.185819
0.000000
0.000000
3.320486
0.329555
0.030493
0.000000
0.000000
0.586376
1.360492
0.236488
0.000000
0.114932
0.000000
0.000000
0.000000
3.556263
0.000000
0.000000
0.000000
0.000000
0.000000
0.000000
0.000000
0.000000
0.164081
1.636431
0.000000
1.375684
0.000000
0.000000
0.000000
0.000000
0.000000
0.000000
0.000000
0.120956
0.392056
0.349030
0.000000
0.000000
0.000000
0.000000
0.000000
0.000000
0.424454
1.232705
0.000000
0.000000
0.000000
0.000000
0.000000
0.000000
0.000000
0.000000
0.000000
0.000000
0.000000
0.473916
0.000000
0.000000
0.000000
0.000000
0.000000
0.000000
0.000000
0.000000
0.000000
