0.000000
1.259659
0.219282
0.000000
0.000000
0.000000
0.000000
0.000000
0.000000
0.000000
0.000000
0.000000
0.000000
1.150610
0.000000
1.084968
0.000000
0.000000
0.000000
1.682472
0.228821
0.774544
0.000000
0.458670
0.000000
0.000000
1.112029
0.000000
1.053892
0.000000
0.708541
2.858592
0.000000
0.000000
0.000000
0.000000
0.000000
0.251875
1.668017
0.000000
0.000000
0.000000
0.556910
0.000000
0.000000
0.000000
0.000000
0.000000
2.318317
2.667734
0.000000
0.172804
0.000000
0.000000
0.000000
0.000000
0.000000
3.214699
0.000000
0.000000
0.673027
0.000000
0.000000
0.716647
0.000000
0.000000
0.906995
1.948056
0.000000
1.867908
0.571696
0.000000
0.000000
0.000000
2.284275
0.000000
0.000000
0.000000
0.000000
0.000000
0.000000
0.103457
0.000000
0.427844
0.298663
0.000000
0.000000
0.000000
0.000000
0.000000
1.359219
0.180692
0.000000
2.280246
0.000000
0.000000
0.000000
1.033326
0.000000
0.000000
0.000000
0.000000
0.000000
0.000000
0.000000
0.000000
1.599447
0.000000
0.000000
0.000000
0.118046
0.000000
0.000000
0.000000
0.000000
0.000000
0.140325
0.000000
0.000000
0.000000
0.600435
0.000000
0.000000
0.000000
0.000000
0.000000
0.000000
0.000000
0.000000
0.000000
0.895518
0.000000
2.100661
1.102130
0.487897
1.889503
0.000000
0.000000
0.000000
0.197460
0.222930
0.362977
0.086037
0.040473
0.921774
0.000000
0.000000
0.000000
2.150540
0.000000
0.000000
0.000000
0.153399
0.000000
0.000000
0.000000
0.000000
0.020105
0.000000
0.000000
0.000000
0.000000
0.000000
0.000000
0.230070
0.872376
0.463364
0.000000
0.000000
0.000000
0.000000
0.000000
0.000000
0.000000
0.000000
0.000000
0.000000
0.000000
0.000000
0.000000
0.000000
0.246492
0.000000
0.000000
0.000000
0.000000
0.000000
0.000000
0.000000
0.000000
0.000000
0.000000
0.000000
0.000000
0.000000
0.772228
0.000000
0.000000
0.000000
0.000000
0.000000
0.000000
0.000000
0.000000
0.000000
0.000000
0.000000
0.000000
0.000000
0.210643
0.000000
0.000000
0.554744
0.000000
0.000000
0.000000
0.000000
0.000000
0.000000
0.000000
0.000000
1.594230
0.000000
0.000000
0.000000
0.000000
0.000000
0.000000
0.000000
0.000000
0.000000
0.065243
0.000000
0.000000
0.000000
0.000000
0.000000
0.000000
0.383261
0.000000
0.000000
0.000000
0.119077
0.000000
0.000000
0.771353
0.613566
0.000000
0.000000
0.000000
0.000000
0.000000
0.000000
0.000000
0.000000
0.664832
0.972648
0.000000
0.000000
0.974248
0.000000
0.000000
0.000000
0.000000
0.000000
1.079702
0.000000
0.000000
0.000000
0.129816
0.298669
0.000000
0.645107
0.000000
0.000000
0.000000
0.000000
0.000000
0.000000
0.000000
0.000000
0.000000
0.000000
0.464248
0.000000
0.000000
0.000000
0.000000
0.000000
0.565781
0.000000
0.210729
0.000000
0.000000
0.250959
0.000000
0.000000
1.411378
0.000000
0.000000
0.000000
0.000000
0.000000
0.000000
0.332883
0.000000
0.000000
0.158055
0.000000
0.607455
0.000000
0.000000
0.158479
0.000000
0.000000
0.000000
0.000000
0.000000
0.000000
0.000000
0.000000
0.000000
0.000000
0.298704
1.256999
0.000000
0.000000
0.024711
0.000000
1.746206
0.000000
0.000000
0.000000
0.475584
1.098444
0.000000
0.000000
0.000000
0.000000
0.000000
0.545060
0.000000
0.000000
0.032618
0.000000
0.000000
0.000000
0.000000
0.000000
1.617848
0.000000
0.000000
0.038844
0.000000
0.495898
0.000000
1.875160
0.000000
0.000000
0.000000
0.000000
0.217202
0.885660
0.000000
0.000000
0.000000
0.000000
0.000000
0.083565
0.000000
0.000000
0.000000
0.000000
0.000000
0.000000
0.000000
0.000000
0.000000
0.000000
1.595277
0.000000
0.000000
0.000000
0.000000
0.000000
0.000000
0.000000
0.000000
0.000000
0.893493
0.000000
0.391885
0.000000
0.000000
0.000000
0.000000
0.000000
0.000000
0.000000
0.000000
0.000000
0.000000
0.000000
1.799001
0.000000
0.000000
0.415495
0.000000
0.000000
1.596596
0.000000
0.000000
0.463174
0.000000
0.000000
0.000000
0.000000
1.196954
0.068818
0.000000
0.000000
0.000000
0.000000
0.382734
0.000000
0.000000
0.000000
0.000000
0.000000
0.000000
0.000000
0.000000
0.000000
0.000000
0.000000
0.000000
0.000000
0.000000
0.000000
0.000000
0.000000
0.000000
0.000000
0.000000
0.661323
0.000000
2.016497
1.703117
2.056351
0.000000
0.000000
0.000000
0.067297
0.421082
0.000000
0.000000
2.246307
0.206114
0.000000
0.000000
1.121421
0.000000
0.000000
0.000000
0.000000
0.000000
0.000000
0.455002
0.000000
0.000000
0.000000
0.756613
0.000000
0.000000
0.000000
0.000000
0.000000
0.000000
0.000000
0.000000
0.000000
0.000000
0.000000
0.000000
1.624181
0.000000
0.000000
0.000000
0.444537
0.000000
0.000000
0.000000
0.000000
0.000000
0.000000
0.000000
0.000000
0.000000
1.930037
0.000000
0.000000
0.000000
0.396520
0.462759
0.000000
0.000000
2.229986
0.000000
0.000000
0.000000
0.000000
0.000000
0.000000
0.983952
0.000000
0.000000
0.000000
0.000000
0.000000
0.000000
0.000000
0.000000
0.120213
0.000000
1.385235
0.000000
0.000000
0.000000
0.000000
0.000000
2.340000
0.000000
0.000000
0.000000
0.000000
1.190326
0.000000
1.585752
0.342366
1.448382
0.000000
0.000000
0.164020
0.000000
0.000000
0.000000
0.000000
0.000000
0.000000
0.000000
0.000000
0.000000
1.886230
0.119343
0.000000
0.000000
0.000000
0.000000
0.000000
0.273172
0.000000
1.696551
0.000000
0.000000
0.000000
0.000000
0.000000
1.225655
0.000000
0.000000
0.000000
0.000000
1.291007
0.000000
0.000000
0.000000
0.000000
0.793460
0.000000
0.196670
0.327920
0.000000
0.300047
0.000000
0.000000
0.925064
0.000000
0.000000
0.625614
0.000000
0.000000
0.000000
0.000000
0.000000
0.000000
0.000000
0.000000
0.000000
1.574649
0.000000
0.000000
0.000000
0.000000
0.000000
0.000000
0.000000
0.000000
0.000000
0.000000
0.000000
0.000000
0.000000
0.000000
1.271325
0.000000
0.240373
0.000000
0.000000
0.000000
0.000000
0.000000
0.000000
0.000000
0.000000
0.000000
0.000000
0.000000
0.000000
0.000000
0.224831
0.000000
0.000000
1.656135
0.000000
0.000000
0.000000
0.000000
0.224102
0.000000
0.016900
0.000000
0.000000
0.000000
1.861035
0.494168
0.000000
0.000000
0.683119
0.000000
0.000000
0.000000
0.000000
0.000000
2.619918
0.000000
0.000000
0.152080
0.000000
0.000000
0.000000
0.000000
0.000000
0.242761
0.000000
0.000000
0.000000
0.000000
0.000000
0.000000
0.000000
0.107502
0.000000
0.000000
0.000000
0.000000
0.000000
0.299112
0.537832
0.000000
0.000000
0.000000
0.116576
0.000000
0.000000
2.084458
0.000000
0.000000
1.320830
0.655448
1.114387
0.000000
0.661909
0.798376
0.000000
0.000000
0.000000
0.000000
0.000000
0.000000
0.000000
0.000000
0.884953
0.000000
0.000000
0.000000
0.000000
0.000000
0.172912
0.017981
0.000000
0.000000
0.928404
0.100067
0.000000
0.000000
0.463147
0.001972
0.000000
0.000000
0.000000
0.000000
0.000000
0.517768
0.000000
0.000000
0.000000
0.693262
0.000000
0.000000
0.000000
0.000000
0.000000
0.000000
0.000000
0.106143
0.000000
0.965028
3.334703
0.000000
0.000000
0.000000
0.000000
0.000000
0.181200
2.642688
0.000000
1.865601
0.000000
0.000000
0.000000
0.000000
0.000000
0.000000
0.434860
0.000000
0.000000
0.000000
0.000000
0.000000
2.572087
0.000000
0.000000
0.000000
0.000000
0.576769
0.000000
0.000000
0.000000
0.000000
0.000000
0.000000
0.266266
0.000000
0.000000
0.000000
0.000000
0.632133
0.000000
1.437292
0.000000
0.000000
0.000000
1.132139
0.000000
0.000000
0.000000
0.000000
0.000000
0.000000
0.000000
0.000000
0.296365
0.000000
0.204477
0.000000
0.000000
0.000000
1.470533
0.743499
0.440306
0.481615
0.000000
0.000000
0.000000
0.000000
0.000000
0.000000
0.000000
0.000000
0.000000
0.000000
0.000000
0.000000
1.429651
0.000000
0.000000
0.000000
0.468069
0.000000
0.000000
0.000000
0.000000
0.000000
0.000000
0.000000
0.000000
1.722484
0.000000
0.000000
0.000000
0.000000
0.000000
0.000000
0.000000
0.490878
0.353052
0.000000
0.000000
0.000000
0.000000
0.413948
0.665457
0.000000
0.162205
0.000000
0.000000
0.000000
0.378991
2.086193
0.000000
0.738545
0.102526
0.228598
0.000000
2.579585
0.000000
0.000000
0.000000
0.000000
3.923992
0.000000
0.000000
0.000000
0.000000
0.000000
0.000000
0.963188
0.000000
0.000000
0.000000
1.027452
0.000000
0.000000
0.000000
0.000000
0.000000
0.000000
0.000000
0.000000
0.000000
0.000000
0.000000
0.000000
0.000000
0.000000
0.000000
0.000000
0.391832
0.000000
0.000000
0.000000
0.000000
0.000000
0.000000
0.000000
0.000000
0.000000
0.456331
0.000000
0.000000
0.000000
0.000000
0.000000
0.000000
0.089889
0.000000
0.000000
0.000000
1.007641
0.000000
0.000000
0.000000
0.000000
0.964127
0.951813
0.790699
0.000000
0.000000
1.555879
0.391844
0.000000
0.348768
0.000000
0.000000
1.120601
0.000000
0.000000
1.097171
0.000000
0.000000
0.000000
0.000000
0.000000
0.000000
0.000000
0.292001
0.106007
0.000000
1.279479
0.000000
0.000000
1.580524
0.000000
0.000000
0.000000
0.000000
0.147770
0.000000
0.000000
0.000000
0.000000
0.000000
0.802817
2.112744
0.000000
0.000000
0.000000
0.000000
3.045497
0.000000
0.000000
0.000000
0.000000
0.000000
0.000000
0.192621
0.000000
0.389054
0.000000
1.930096
0.000000
0.000000
0.000000
0.000000
0.000000
0.000000
0.111903
0.000000
0.038828
0.000000
0.000000
0.000000
0.206722
1.664169
0.000000
0.000000
0.426351
0.000000
0.000000
0.000000
0.000000
0.000000
0.000000
0.000000
0.000000
0.000000
0.000000
0.000000
0.000000
2.319541
0.000000
0.000000
0.000000
0.000000
0.000000
0.185028
0.348864
0.000000
0.000000
0.454223
0.000000
0.000000
0.279041
0.000000
0.923442
0.000000
0.000000
0.000000
0.000000
0.000000
1.275955
1.344553
0.000000
0.000000
0.000000
0.000000
0.000000
0.386724
0.000000
1.255997
0.000000
0.959068
0.000000
0.000000
1.454656
0.000000
0.226542
0.000000
0.000000
0.087074
0.000000
0.000000
0.000000
1.781987
0.000000
0.000000
0.000000
0.000000
0.000000
0.000000
0.000000
0.000000
0.000000
0.809007
0.000000
0.686689
0.000000
0.000000
1.201802
0.000000
0.000000
0.000000
0.146367
0.000000
0.000000
0.209552
0.000000
2.881258
0.000000
1.070523
0.000000
0.000000
0.000000
1.947516
0.000000
0.000000
2.283470
0.000000
0.000000
0.000000
0.000000
0.000000
0.000000
2.404864
0.000000
0.148951
0.000000
0.000000
0.000000
0.000000
0.000000
0.000000
2.763735
0.000000
0.000000
1.072063
0.000000
0.000000
0.359425
0.000000
1.930806
0.000000
3.102746
0.000000
0.000000
0.437602
0.000000
0.000000
0.000000
0.000000
0.000000
0.000000
0.000000
0.000000
0.000000
0.241077
0.000000
0.000000
0.000000
0.000000
0.000000
0.366055
0.000000
0.788609
0.000000
1.975677
0.000000
0.376506
0.000000
0.177775
0.482308
0.000000
0.000000
0.000000
0.000000
0.000000
0.000000
0.000000
0.000000
0.146641
0.000000
0.385476
1.505671
0.000000
0.000000
0.000000
0.000000
0.000000
0.000000
0.000000
0.631688
0.000000
0.000000
0.000000
0.000000
0.000000
0.000000
0.000000
0.000000
0.000000
0.000000
0.000000
0.000000
0.000000
0.000000
0.000000
0.000000
0.704451
1.446052
0.000000
0.000000
0.000000
0.000000
0.232706
0.000000
0.000000
0.407364
0.898588
0.000000
0.000000
0.000000
0.000000
0.000000
0.000000
0.000000
0.000000
1.447149
0.440607
0.000000
0.657772
0.000000
0.000000
1.904525
0.000000
0.000000
0.000000
0.000000
0.000000
0.242683
1.996821
0.000000
0.000000
1.311526
0.000000
0.000000
1.253309
0.000000
0.000000
0.000000
0.000000
0.000000
0.000000
0.000000
0.000000
1.825565
0.000000
0.000000
0.076818
0.000000
0.162019
1.768434
0.000000
0.000000
0.719123
0.000000
0.000000
0.000000
0.000000
0.000000
0.000000
0.000000
0.000000
1.101149
0.000000
3.805937
0.000000
1.574791
0.000000
0.000000
0.000000
0.000000
0.620262
0.140774
0.000000
0.000000
0.798581
0.000000
0.000000
0.000000
0.000000
0.000000
0.000000
0.357359
0.000000
0.311358
0.000000
0.000000
0.000000
0.000000
0.000000
0.000000
0.000000
0.000000
0.000000
0.000000
0.000000
0.000000
0.000000
0.000000
1.370021
0.670584
0.000000
0.000000
0.000000
0.000000
0.492659
0.000000
0.000000
1.301116
0.000000
0.000000
0.000000
0.000000
0.000000
0.001952
1.337288
0.000000
0.020567
0.000000
0.000000
1.471717
0.000000
0.000000
0.000000
0.130115
0.000000
0.006506
0.000000
0.000000
0.000000
0.684104
0.000000
0.000000
0.000000
0.000000
0.000000
0.000000
0.000000
0.000000
0.000000
0.000000
0.000000
0.000000
0.000000
0.000000
0.000000
0.000000
0.000000
0.000000
0.690344
0.000000
0.850845
0.000000
0.000000
0.000000
0.039450
0.051993
0.000000
0.000000
0.000000
0.000000
0.000000
0.000000
0.000000
0.000000
0.000000
0.479700
0.000000
0.000000
0.000000
0.000000
0.000000
0.000000
0.000000
0.467774
0.000000
1.785691
0.000000
0.000000
0.731445
0.000000
1.049425
0.000000
0.000000
0.000000
0.000000
0.000000
0.000000
0.000000
0.000000
0.000000
1.741680
0.497309
0.000000
0.885352
0.000000
0.795466
1.309164
0.000000
0.000000
1.964698
0.332913
0.000000
0.000000
2.797126
0.000000
0.000000
0.000000
1.289597
0.000000
0.000000
0.000000
0.000000
0.000000
0.000000
0.000000
0.000000
0.000000
0.000000
0.000000
0.000000
0.000000
1.557556
0.000000
0.841234
0.000000
0.930052
0.000000
0.000000
0.000000
0.000000
0.101252
0.272701
0.000000
0.013856
0.000000
0.000000
1.157381
0.000000
0.000000
0.000000
0.000000
0.171711
0.000000
0.000000
0.000000
0.000000
0.000000
0.000000
0.000000
0.401818
0.000000
1.314466
0.000000
1.057223
0.000000
0.000000
0.000000
0.000000
0.000000
0.000000
0.000000
2.069048
0.000000
0.577240
0.000000
0.122302
0.000000
0.000000
1.428004
0.000000
0.000000
0.000000
0.000000
0.000000
0.000000
0.000000
0.000000
0.000000
0.000000
1.024717
0.575152
0.000000
0.000000
0.000000
0.000000
0.261963
0.000000
0.000000
0.000000
0.000000
0.000000
0.131478
0.000000
0.000000
0.000000
0.000000
0.000000
0.000000
0.000000
0.000000
0.000000
0.000000
0.000000
0.000000
0.571773
0.000000
0.000000
0.000000
0.000000
0.000000
0.000000
0.000000
0.000000
0.000000
0.000000
0.000000
0.892442
0.000000
0.000000
0.000000
0.584861
0.000000
0.000000
0.000000
0.000000
0.000000
0.000000
0.000000
0.000000
0.000000
0.000000
0.000000
0.000000
1.462963
0.087898
0.000000
1.603261
0.000000
0.000000
0.000000
0.303842
0.000000
0.000000
0.000000
0.000000
0.000000
0.000000
0.000000
0.000000
0.000000
1.223891
0.000000
0.000000
1.876367
0.000000
0.000000
0.000000
0.000000
0.000000
0.000000
0.072210
0.000000
0.000000
0.000000
0.000000
0.950664
0.246813
0.000000
0.000000
0.000000
0.000000
3.200981
0.000000
0.000000
0.243531
0.000000
0.000000
0.000000
0.207883
0.000000
0.136484
0.000000
0.000000
0.000000
0.000000
0.386128
0.000000
0.000000
1.909775
0.000000
0.000000
2.058834
2.443228
0.932411
0.000000
0.158009
0.000000
0.000000
0.000000
0.000000
0.149980
0.000000
0.000000
0.000000
0.000000
0.000000
0.000000
0.000000
0.630446
1.775347
0.000000
0.000000
0.000000
0.000000
0.043044
0.000000
0.000000
0.000000
0.000000
0.000000
0.786780
1.176283
0.000000
0.000000
0.486637
0.000000
0.000000
0.000000
0.000000
0.000000
0.704649
0.000000
1.527438
0.000000
0.000000
0.000000
1.605808
0.000000
0.320308
0.000000
0.000000
0.000000
0.067455
0.000000
0.000000
0.000000
0.000000
1.009545
0.000000
0.000000
0.000000
0.608209
0.000000
0.224158
0.000000
0.574399
0.000000
0.000000
0.000000
0.000000
0.000000
0.000000
0.000000
0.000000
0.446024
0.000000
0.000000
0.000000
0.000000
0.000000
0.000000
0.000000
0.605933
0.000000
0.000000
0.000000
0.000000
2.066229
0.000000
0.000000
0.605553
1.169992
0.000000
0.000000
1.089002
0.000000
0.000000
0.000000
0.000000
0.000000
1.101382
0.000000
1.522386
0.000000
0.950746
0.000000
3.055727
0.000000
0.447368
0.772868
0.000000
0.448031
0.000000
0.284876
0.288662
0.000000
0.000000
0.000000
0.000000
0.000000
0.000000
0.000000
2.052344
0.297727
0.412780
0.539082
0.000000
0.000000
0.000000
0.000000
0.000000
0.000000
0.000000
0.000000
3.520588
0.000000
0.263134
0.000000
0.000000
0.076455
0.000000
0.000000
0.000000
0.663492
0.000000
1.739352
0.000000
0.000000
0.000000
0.000000
1.430594
0.000000
1.301558
0.944055
0.389400
0.797372
0.000000
0.190996
0.000000
0.000000
0.000000
1.485161
0.000000
0.000000
0.444962
0.000000
0.000000
0.000000
0.000000
0.000000
0.000000
0.000000
0.000000
0.000000
0.000000
0.000000
0.233442
0.000000
0.000000
0.000000
0.000000
0.000000
0.000000
0.000000
0.000000
0.000000
0.000000
0.000000
0.000000
0.000000
1.292918
0.000000
0.422371
0.000000
0.000000
0.000000
0.000000
0.000000
0.000000
0.000000
0.000000
0.000000
0.342187
0.000000
0.000000
0.000000
0.000000
0.000000
0.000000
0.000000
0.000000
0.000000
0.000000
1.136918
0.000000
0.000000
0.000000
0.000000
0.000000
0.000000
0.000000
0.216312
0.000000
0.000000
0.000000
1.461949
0.000000
0.000000
0.000000
0.000000
0.000000
0.000000
0.000000
0.000000
2.167650
0.000000
0.000000
0.042169
0.000000
0.000000
0.000000
0.000000
0.338271
0.000000
1.455818
0.000000
0.000000
0.000000
0.000000
0.000000
0.000000
0.000000
0.867241
0.000000
0.000000
0.444829
0.000000
0.080424
0.000000
1.222281
0.000000
0.000000
0.000000
1.120087
0.312992
1.416476
0.027209
0.000000
0.075560
0.000000
0.000000
0.053102
0.000000
0.000000
0.000000
0.274500
0.000000
0.128564
0.000000
0.251479
0.000000
1.547595
0.000000
0.204524
1.675646
0.000000
0.319879
0.000000
0.000000
0.936320
0.102969
0.000000
0.000000
0.000000
0.000000
0.000000
1.849339
1.146412
0.000000
0.000000
0.000000
0.000000
0.000000
0.000000
0.000000
0.000000
0.000000
0.000000
0.000000
1.999929
0.000000
0.000000
0.000000
0.000000
0.000000
0.015973
0.582988
0.000000
0.000000
0.000000
0.000000
0.000000
0.000000
0.000000
0.000000
0.871821
0.000000
0.000000
0.000000
0.000000
0.000000
0.000000
0.000000
0.000000
0.000000
0.217218
0.000000
0.000000
0.057741
0.000000
0.523597
0.000000
0.000000
0.023830
0.149212
0.000000
0.000000
0.000000
0.000000
0.000000
0.887083
1.337866
0.000000
0.000000
0.028275
0.000000
0.000000
0.000000
0.000000
0.000000
0.000000
0.000000
0.000000
0.000000
0.000000
0.000000
0.449122
0.000000
0.000000
0.000000
0.000000
0.000000
0.000000
0.998294
0.000000
0.000000
0.000000
0.000000
0.000000
0.000000
0.000000
0.000000
0.000000
0.000000
0.000000
0.000000
0.000000
0.643054
0.000000
0.000000
0.000000
0.000000
0.000000
0.000000
1.549029
0.000000
0.000000
0.000000
0.000000
1.787097
0.000000
0.000000
0.000000
0.000000
0.000000
0.473018
0.000000
0.000000
0.000000
0.000000
0.000000
0.000000
0.000000
0.000000
0.000000
0.000000
0.000000
0.000000
0.207198
0.000000
0.003340
0.000000
0.000000
0.225753
0.575743
0.000000
0.000000
0.000000
2.742128
0.000000
0.000000
0.601254
0.000000
0.000000
0.000000
0.000000
0.229999
0.000000
0.000000
0.000000
0.000000
0.000000
0.000000
0.000000
1.664629
0.000000
0.000000
0.000000
0.000000
0.051954
0.000000
0.000000
0.000000
0.000000
0.000000
0.000000
0.000000
0.000000
0.000000
0.096841
2.750994
1.051805
0.000000
0.000000
0.168670
0.000000
0.000000
0.000000
0.000000
0.000000
0.000000
0.000000
0.000000
0.000000
0.000000
0.230713
0.000000
0.000000
0.000000
0.000000
0.125004
0.000000
0.000000
0.000000
0.708824
0.000000
0.000000
0.000000
0.000000
0.104100
0.000000
0.000000
1.248799
0.000000
0.000000
0.000000
0.000000
0.000000
0.000000
0.000000
0.707077
0.000000
1.636813
0.029965
0.000000
0.957757
0.000000
0.000000
2.282388
1.464815
0.529469
0.000000
0.000000
0.000000
0.000000
0.000000
0.426734
0.000000
0.000000
0.000000
0.000000
0.000000
0.448053
0.000000
0.000000
0.000000
0.249124
0.688379
0.000000
0.000000
0.990166
0.000000
0.000000
0.000000
0.000000
0.090965
0.000000
0.000000
0.000000
0.000000
0.000000
0.000000
0.000000
0.383460
0.000000
0.208777
0.000000
0.000000
0.957866
0.000000
0.000000
0.000000
2.341841
0.000000
0.000000
0.000000
0.000000
0.000000
0.106656
0.000000
0.000000
0.000000
0.000000
0.000000
0.000000
0.000000
0.442103
0.000000
0.000000
0.701759
0.000000
0.000000
0.000000
1.691850
1.081128
0.000000
0.000000
0.153088
0.000000
0.000000
1.037239
0.720244
0.000000
0.000000
0.626939
0.416710
0.505334
0.000000
0.000000
1.591656
0.000000
0.000000
0.000000
0.000000
0.000000
0.000000
0.000000
0.000000
0.000000
0.000000
0.514556
0.194836
0.000000
0.000000
0.000000
0.916581
0.000000
0.000000
0.000000
0.581474
0.000000
1.364941
0.000000
0.000000
0.000000
0.000000
0.436782
0.000000
0.000000
0.000000
0.000000
0.000000
0.000000
0.000000
0.083041
0.000000
0.000000
0.000000
0.000000
0.000000
0.000000
0.000000
0.000000
0.000000
0.000000
0.982120
0.000000
0.327135
0.000000
0.000000
0.000000
0.000000
0.000000
0.000000
0.000000
0.000000
0.935822
0.000000
0.000000
0.000000
0.000000
1.057003
0.000000
0.000000
0.000000
0.000000
0.000000
0.000000
0.000000
0.000000
0.000000
0.000000
0.000000
0.385230
0.000000
0.000000
0.000000
0.000000
0.000000
2.064960
0.000000
0.561668
0.000000
0.000000
0.000000
0.000000
0.000000
0.000000
0.000000
0.000000
0.000000
0.000000
0.000000
0.000000
0.000000
1.164660
0.081394
0.156166
0.000000
0.320851
0.000000
0.000000
0.000000
0.000000
0.000000
0.113689
0.000000
0.000000
0.000000
0.000000
0.000000
0.777133
0.000000
0.000000
0.000000
0.000000
0.000000
0.000000
0.596213
0.000000
0.000000
1.217465
0.000000
0.000000
0.000000
0.000000
0.487408
1.687946
0.000000
0.000000
0.000000
0.000000
0.000000
0.000000
0.000000
0.000000
0.000000
0.276366
0.000000
0.000000
0.000000
0.000000
1.570721
0.000000
0.000000
0.000000
0.000000
0.000000
0.000000
0.000000
0.000000
0.000000
0.000000
0.000000
0.000000
0.473674
1.613403
1.289271
0.000000
0.000000
1.519526
0.000000
0.000000
1.479595
0.000000
0.000000
0.000000
0.000000
2.511165
0.000000
0.000000
0.000000
1.048984
0.000000
0.000000
0.000000
0.000000
0.000000
0.000000
0.000000
0.000000
0.000000
0.000000
0.000000
0.000000
0.000000
0.000000
0.000000
0.000000
0.000000
0.000000
0.000000
0.000000
0.000000
0.000000
0.000000
0.000000
0.000000
0.000000
0.000000
0.000000
0.000000
0.351440
0.000000
0.301348
0.000000
0.348785
0.378101
0.000000
0.000000
0.000000
0.000000
0.000000
0.000000
0.000000
0.028256
1.177141
0.000000
0.000000
0.000000
0.000000
0.000000
0.369750
0.000000
0.000000
0.000000
0.000000
0.000000
0.000000
0.000000
0.000000
0.000000
0.000000
0.000000
1.842382
0.893405
0.000000
0.714446
0.000000
0.000000
0.000000
0.000000
0.000000
0.000000
1.188995
0.000000
0.251216
0.000000
0.000000
0.000000
0.000000
0.276124
2.846710
0.000000
0.000000
0.000000
0.000000
0.000000
0.000000
0.000000
0.000000
0.000000
0.000000
0.000000
0.366386
0.000000
0.873651
0.222024
0.000000
0.000000
0.708500
0.000000
0.066675
0.000000
0.000000
0.000000
1.623346
0.000000
0.000000
0.000000
0.000000
0.000000
0.086210
0.256593
0.000000
0.000000
1.100053
0.000000
0.000000
0.560492
0.000000
0.000000
0.000000
0.638799
0.000000
0.000000
1.175768
0.000000
0.000000
0.000000
0.000000
0.000000
0.000000
0.000000
0.000000
0.000000
0.000000
0.000000
0.000000
0.000000
0.000000
0.000000
0.000000
2.511848
0.000000
0.440277
0.000000
0.000000
0.198458
0.000000
2.401161
0.000000
0.000000
1.808444
0.000000
0.231187
0.000000
2.666530
0.250081
0.000000
2.299244
0.154337
0.000000
0.000000
0.000000
0.000000
0.000000
0.000000
1.652897
1.914647
2.530270
0.000000
0.000000
0.000000
0.000000
0.000000
0.000000
0.000000
1.771244
0.000000
0.000000
0.000000
0.000000
0.000000
0.000000
0.000000
0.000000
0.000000
0.000000
0.000000
0.000000
0.264593
0.000000
0.000000
0.000000
0.386418
0.000000
0.000000
0.000000
0.000000
0.000000
0.610699
0.000000
0.000000
0.000000
0.000000
0.000000
0.000000
0.000000
0.222963
0.507584
0.000000
0.520606
0.000000
0.000000
0.397058
0.000000
0.000000
0.000000
0.873995
0.000000
0.000000
0.000000
0.000000
0.000000
0.000000
0.000000
0.000000
0.000000
0.102994
0.000000
0.000000
1.572091
0.000000
0.001713
0.000000
0.000000
0.000000
0.000000
0.159856
0.000000
0.031157
0.000000
0.000000
0.000000
0.259061
0.000000
0.000000
1.806634
0.105395
0.000000
0.000000
0.000000
0.000000
0.000000
0.000000
0.000000
0.000000
0.000000
0.104232
0.000000
0.000000
1.771574
0.000000
0.548853
0.257308
0.000000
0.000000
0.000000
0.000000
0.000000
2.202468
0.000000
0.180289
0.000000
0.000000
0.000000
0.000000
0.000000
0.000000
0.000000
0.588847
0.000000
1.336392
0.000000
0.000000
3.055423
0.000000
0.000000
0.000000
0.000000
0.000000
2.013767
0.000000
0.000000
0.000000
0.000000
0.000000
0.000000
0.000000
0.085268
0.000000
0.000000
0.181321
0.000000
0.654127
0.000000
0.217501
0.000000
3.366178
0.276817
0.087002
0.000000
0.000000
0.000000
0.000000
0.000000
0.000000
0.000000
0.000000
0.038433
0.000000
0.000000
0.090296
0.000000
0.000000
0.000000
0.570135
0.000000
0.000000
0.000000
1.993467
0.000000
0.000000
0.748730
1.194024
1.702810
0.030590
0.029357
0.000000
0.000000
0.000000
0.000000
0.297714
0.000000
0.000000
0.000000
0.000000
0.000000
1.826178
0.000000
0.000000
0.000000
0.515085
0.777916
0.000000
0.000000
0.000000
0.000000
0.000000
0.423924
0.000000
0.000000
0.000000
0.000000
0.000000
0.000000
0.000000
0.027940
0.000000
0.000000
0.000000
0.000000
0.000000
0.503929
0.000000
0.000000
0.000000
1.481769
0.481732
0.988672
0.000000
0.034493
1.568087
0.000000
0.000000
0.000000
0.000000
0.000000
1.171228
0.000000
0.889916
0.000000
0.000000
0.000000
0.000000
0.000000
2.395587
0.000000
0.000000
0.083392
0.000000
2.124846
0.000000
0.000000
0.025137
0.000000
0.501577
0.000000
0.000000
0.166122
0.000000
0.000000
0.000000
0.400274
0.000000
0.000000
0.000000
0.000000
0.000000
0.000000
0.000000
0.000000
0.000000
0.000000
0.000000
0.000000
0.000000
1.144080
1.018577
0.000000
0.000000
0.000000
0.000000
0.000000
0.000000
0.000000
0.000000
0.000000
0.000000
3.383398
1.216382
0.000000
0.307081
0.000000
0.000000
0.000000
0.000000
0.395372
0.000000
0.000000
0.000000
0.000000
0.000000
0.520872
0.000000
0.489292
0.669207
0.000000
0.000000
0.000000
0.278802
0.000000
0.928329
0.000000
0.000000
0.000000
0.599837
0.000000
0.000000
0.000000
0.000000
0.000000
0.000000
0.000000
0.000000
0.000000
0.000000
0.000000
0.000000
0.000000
0.204534
0.000000
0.000000
0.000000
0.000000
0.000000
0.039211
0.130943
0.000000
0.000000
0.000000
1.817343
0.977825
0.000000
0.827906
0.000000
0.000000
1.031850
0.000000
1.974980
0.000000
0.000000
0.000000
1.483768
0.000000
0.120374
0.000000
0.275241
0.077191
2.299900
0.000000
2.912715
0.000000
1.458939
0.000000
0.411395
0.000000
0.000000
0.000000
0.000000
1.568968
1.440603
0.000000
0.000000
0.000000
0.000000
0.000000
0.000000
0.000000
0.555674
0.639353
0.000000
0.000000
0.000000
0.038742
0.000000
0.000000
0.000000
0.000000
0.000000
0.000000
0.000000
0.000000
0.000000
2.072130
0.465273
0.000000
0.563999
0.000000
1.521445
0.000000
0.000000
1.106059
0.000000
0.000000
0.000000
0.000000
0.000000
0.000000
0.000000
0.000000
0.000000
2.724179
0.000000
0.000000
0.000000
0.136550
0.000000
0.000000
0.000000
0.292259
0.000000
0.000000
0.661708
0.000000
0.000000
0.598608
0.281399
0.000000
0.000000
0.000000
0.000000
1.690713
0.000000
0.000000
0.000000
0.000000
0.000000
0.000000
0.000000
0.000000
0.000000
0.130414
0.000000
0.000000
0.000000
0.700412
0.000000
0.000000
0.816688
0.000000
0.000000
0.159330
0.000000
0.000000
0.000000
0.000000
0.000000
0.000000
0.000000
0.000000
0.000000
0.000000
0.000000
0.000000
0.000000
0.000000
0.000000
0.000000
0.000000
0.000000
0.000000
0.624732
0.000000
0.000000
0.000000
0.000000
0.000000
0.000000
0.000000
0.839597
0.000000
0.000000
0.000000
0.000000
0.000000
0.000000
0.000000
0.000000
1.082379
0.906413
0.478133
0.000000
0.000000
0.000000
0.000000
0.000000
0.000000
0.000000
0.000000
0.000000
0.000000
0.000000
2.694004
0.000000
0.000000
0.000000
0.000000
0.000000
0.000000
0.000000
0.000000
0.000000
0.067602
0.000000
0.000000
0.000000
0.437842
0.000000
0.000000
0.000000
0.000000
0.000000
0.143245
0.000000
0.000000
0.000000
0.000000
0.000000
0.000000
0.055042
0.000000
0.000000
0.521219
0.000000
0.000000
0.000000
1.323166
0.493579
0.000000
0.000000
0.000000
0.000000
0.000000
0.182571
0.000000
1.468311
0.000000
0.000000
0.000000
0.000000
0.072932
0.000000
0.000000
0.000000
0.000000
0.226355
0.000000
0.000000
0.000000
0.000000
0.000000
0.000000
0.183086
0.000000
0.000000
0.837331
1.297364
0.000000
0.000000
0.000000
0.452839
0.000000
0.000000
0.000000
0.000000
0.000000
0.666557
0.000000
0.119470
0.000000
0.000000
0.000000
0.000000
0.000000
0.000000
1.259161
0.000000
0.010555
0.000000
0.000000
0.000000
0.000000
0.000000
0.000000
0.000000
0.000000
0.000000
0.039739
0.162523
0.000000
0.000000
0.000000
0.000000
0.054794
0.000000
0.000000
0.000000
0.000000
0.000000
0.000000
0.000000
0.000000
0.000000
0.000000
0.000000
0.000000
0.000000
0.000000
0.412846
0.390958
0.000000
0.000000
0.771050
0.000000
2.100580
0.000000
0.000000
0.000000
0.000000
0.000000
0.000000
0.000000
0.000000
0.000000
0.451497
0.000000
0.000000
0.000000
2.084803
0.000000
0.000000
0.000000
0.000000
0.000000
1.966411
0.000000
0.000000
0.000000
0.980284
0.000000
0.000000
0.315503
0.000000
0.000000
0.000000
0.000000
0.834307
1.514026
0.895831
0.000000
0.000000
0.000000
0.000000
0.000000
0.000000
0.000000
0.000000
0.080508
0.000000
0.000000
0.000000
0.000000
0.000000
0.000000
0.000000
0.000000
0.685287
1.354689
0.000000
0.061761
0.000000
0.000000
0.386644
0.000000
0.000000
0.000000
0.000000
1.331208
0.000000
0.000000
0.000000
0.000000
0.000000
0.000000
0.000000
0.740641
0.614357
0.000000
0.000000
0.000000
1.615442
0.000000
0.000000
1.107900
0.000000
0.000000
0.186665
0.000000
0.000000
0.000000
0.054852
0.000000
1.251031
0.000000
0.000000
0.000000
0.000000
0.000000
0.000000
0.233441
0.000000
0.000000
0.639317
0.000000
0.000000
0.000000
1.036054
0.000000
0.000000
0.000000
0.000000
1.603403
0.959363
0.000000
0.756755
0.000000
0.000000
0.000000
0.000000
0.000000
0.410811
4.434860
0.354082
0.000000
0.000000
1.249867
0.000000
0.000000
0.000000
0.000000
0.000000
0.000000
1.916848
0.000000
0.000000
0.000000
0.000000
1.448872
1.496214
0.000000
0.000000
1.619522
0.564249
0.000000
0.000000
0.000000
0.000000
0.000000
0.532081
0.000000
0.410155
0.000000
0.000000
0.000000
0.000000
0.000000
0.000000
0.000000
0.000000
0.000000
0.000000
0.000000
0.000000
0.000000
0.000000
0.000000
0.000000
0.000000
3.665375
0.000000
0.000000
0.000000
0.000000
0.000000
0.000000
0.832870
0.000000
0.000000
0.000000
0.000000
1.385646
0.000000
0.000000
0.000000
0.000000
0.215717
0.000000
0.000000
0.000000
0.000000
0.000000
0.000000
0.000000
0.000000
1.335713
0.000000
0.000000
0.000000
0.000000
0.000000
0.000000
0.876572
0.000000
0.000000
0.765314
0.976020
0.000000
0.000000
0.000000
0.000000
0.000000
0.000000
0.264782
0.204277
0.000000
0.475079
0.061127
0.028643
0.000000
0.000000
0.000000
0.000000
0.126851
0.000000
0.023969
0.000000
0.000000
0.000000
0.000000
0.000000
0.000000
0.000000
0.000000
0.000000
0.117742
0.045277
0.000000
0.000000
0.000000
0.000000
0.374089
0.508799
0.000000
0.299878
0.000000
0.000000
0.000000
0.000000
0.000000
0.000000
0.000000
0.000000
1.112869
0.000000
0.000000
0.000000
0.000000
0.594216
0.000000
0.000000
0.000000
0.418088
0.000000
0.000000
0.000000
0.000000
0.000000
0.000000
0.433023
1.459796
0.000000
0.000000
0.000000
0.000000
0.000000
0.000000
0.000000
0.000000
0.000000
0.000000
0.000000
0.000000
0.000000
0.000000
0.000000
0.650589
0.000000
0.000000
0.000000
0.000000
0.000000
0.533312
0.000000
0.832545
0.000000
0.000000
0.000000
0.000000
0.000000
0.000000
0.192401
0.000000
0.221108
0.000000
0.421582
0.000000
0.000000
0.318020
0.000000
0.917219
0.000000
0.000000
0.000000
0.000000
0.000000
0.000000
0.943674
0.113448
0.000000
0.000000
0.000000
0.000000
0.000000
0.000000
0.000000
0.000000
0.000000
1.672942
0.176201
0.000000
0.000000
0.178324
0.575018
0.000000
0.000000
0.609450
0.000000
0.000000
0.000000
0.554236
0.000000
0.000000
0.000000
0.000000
0.439788
0.000000
0.233309
0.000000
0.000000
0.000000
0.000000
0.000000
0.000000
0.000000
0.084090
0.000000
0.127599
0.000000
0.000000
0.000000
0.000000
0.000000
0.000000
0.000000
0.000000
0.000000
0.000000
0.000000
0.000000
0.000000
0.000000
0.000000
0.000000
0.000000
0.000000
0.496088
0.000000
0.000000
0.000000
1.253726
0.000000
0.000000
0.000000
0.000000
0.000000
0.000000
0.561911
0.000000
1.794560
0.000000
0.305051
0.000000
0.000000
0.000000
0.000000
0.000000
1.205281
0.000000
0.000000
0.000000
0.078197
0.000000
0.000000
1.078107
2.390256
0.000000
0.956624
0.892660
0.000000
0.000000
0.000000
0.000000
0.000000
2.325597
0.441855
0.000000
0.615945
0.000000
0.000000
0.000000
0.000000
0.000000
2.164240
0.000000
0.000000
0.386558
0.000000
0.000000
0.457063
0.000000
0.000000
0.000000
0.000000
0.000000
0.000000
0.000000
0.555837
0.000000
0.000000
0.000000
1.059510
0.000000
0.000000
0.012368
0.000000
0.000000
0.000000
0.565818
0.000000
3.210646
0.205551
0.000000
1.751013
0.000000
0.000000
0.000000
1.458261
0.096610
0.240812
0.000000
2.508577
0.000000
0.342286
0.000000
0.005980
0.008189
0.000000
0.000000
0.000000
0.000000
0.000000
1.568715
0.000000
0.000000
0.226192
0.000000
0.000000
0.000000
0.000000
1.784084
0.000000
0.000000
0.353457
0.000000
0.000000
0.743586
0.000000
0.000000
0.000000
0.000000
0.969696
0.000000
0.000000
0.813924
0.000000
0.000000
0.000000
0.000000
0.000000
0.044865
0.825262
0.000000
0.000000
0.000000
0.000000
0.000000
0.000000
0.000000
0.000000
0.000000
0.000000
0.000000
1.207168
1.644483
0.316262
0.350588
0.000000
0.000000
1.047666
2.111925
0.000000
0.123963
0.031539
0.022768
0.000000
0.000000
0.000000
0.000000
0.000000
0.045624
0.000000
0.000000
0.000000
0.000000
0.000000
1.118528
0.000000
0.000000
0.000000
0.000000
0.000000
0.000000
0.000000
0.000000
0.000000
0.000000
0.000000
0.000000
0.000000
0.991161
0.000000
0.000000
0.000000
0.241566
0.000000
0.000000
0.000000
0.000000
0.000000
0.000000
0.000000
0.000000
0.000000
0.103530
0.000000
0.851585
0.000000
0.520173
0.000000
0.000000
0.000000
0.000000
0.000000
0.000000
0.000000
0.000000
0.000000
0.000000
0.000000
0.000000
0.000000
0.188724
1.022494
0.000000
0.000000
2.844160
0.000000
0.000000
0.905655
0.000000
0.000000
0.000000
0.000000
0.000000
0.867667
0.000000
0.000000
1.843191
0.000000
0.000000
0.000000
0.000000
0.000000
1.507488
0.631225
0.842379
0.000000
0.000000
0.000000
0.000000
0.000000
0.000000
0.000000
0.000000
0.000000
0.000000
0.918491
0.000000
0.000000
0.000000
0.000000
0.000000
0.000000
0.000000
0.000000
0.000000
0.000000
0.000000
0.000000
0.000000
0.000000
0.000000
0.000000
0.000000
0.009134
0.000000
0.000000
0.877664
0.000000
0.000000
0.000000
0.000000
0.000000
0.000000
0.000000
0.532789
0.000000
0.000000
0.097476
0.000000
0.000000
0.000000
0.404298
0.430915
0.000000
0.000000
0.000000
0.000000
0.000000
0.000000
1.447086
0.000000
1.931534
0.000000
0.000000
0.000000
2.276836
0.000000
0.000000
0.929575
0.000000
0.000000
0.579589
0.000000
0.000000
0.000000
0.000000
1.559265
0.000000
0.000000
0.000000
0.490688
0.000000
0.000000
0.000000
0.000000
0.000000
0.000000
0.000000
0.000000
0.000000
0.000000
0.000000
0.000000
0.272598
0.448206
0.000000
1.764745
0.000000
0.000000
0.000000
0.000000
0.000000
0.000000
0.000000
0.000000
0.000000
0.000000
0.000000
0.000000
0.000000
0.000000
0.000000
0.000000
0.000000
0.000000
0.000000
0.000000
3.072251
0.585457
0.447215
1.454248
0.000000
0.912221
0.442434
0.000000
0.000000
0.000000
0.000000
0.000000
0.313559
0.209970
0.926220
0.000000
0.000000
0.000000
0.000000
0.750056
0.000000
0.000000
0.000000
1.863484
0.000000
0.000000
0.127925
0.000000
0.000000
0.034325
0.810682
0.000000
0.000000
0.000000
0.080300
0.000000
0.000000
0.263734
0.000000
0.000000
0.210350
0.064539
0.000000
0.000000
2.024391
0.000000
1.599805
0.000000
0.000000
0.480255
0.000000
0.597718
0.000000
0.000000
0.000000
0.000000
0.000000
0.000000
0.000000
0.000000
0.000000
0.365542
0.000000
0.000000
0.000000
0.000000
0.161502
0.384011
0.000000
0.000000
0.000000
0.000000
0.000000
0.000000
0.000000
0.760676
0.000000
0.000000
0.381546
0.000000
0.000000
0.000000
0.276234
0.000000
0.012741
0.362716
0.000000
0.000000
0.000000
0.000000
0.000000
0.058492
0.539512
0.000000
0.000000
0.000000
0.000000
0.000000
0.000000
0.000000
0.000000
0.000000
0.000000
0.000000
0.074492
0.000000
0.784531
0.000000
0.000000
0.000000
1.543637
0.000000
2.538645
2.141577
0.000000
0.130498
0.314271
0.000000
0.000000
0.000000
2.063159
0.000000
0.483610
0.000000
0.286428
0.000000
0.000000
0.000000
0.000000
0.000000
0.000000
0.000000
0.000000
0.000000
0.000000
0.000000
0.000000
1.252764
0.359468
0.000000
0.000000
0.000000
0.000000
0.000000
0.000000
2.499552
0.000000
0.335354
0.000000
0.000000
0.000000
0.264815
0.000000
0.102485
0.000000
0.216802
0.000000
0.000000
0.000000
0.000000
0.000000
0.000000
0.918874
0.000000
0.000000
0.000000
0.000000
0.000000
0.062532
0.000000
0.000000
0.000000
0.000000
0.000000
0.000000
0.000000
0.000000
0.000000
0.000000
0.000000
1.203214
0.000000
0.000000
0.000000
0.536563
0.004352
0.000000
0.000000
0.000000
0.000000
0.000000
0.153262
0.000000
0.000000
0.000000
0.000000
0.000000
0.000000
0.000000
0.000000
0.991631
0.000000
0.000000
0.000000
1.069353
0.000000
0.297507
0.000000
0.000000
0.000000
0.853477
0.000000
0.000000
0.000000
0.000000
0.765560
0.000000
0.000000
0.000000
0.000000
0.000000
0.000000
0.000000
0.000000
0.000000
0.000000
1.253152
0.127826
0.000000
0.000000
0.665302
0.505245
0.000000
1.622076
1.568078
1.570933
0.000000
0.000000
0.000000
0.000000
0.000000
0.176921
0.374607
0.000000
1.598361
0.306353
0.000000
1.814013
0.755499
0.078440
0.000000
0.000000
0.000000
0.000000
0.057794
0.000000
0.000000
0.000000
0.400639
0.000000
0.000000
0.000000
0.000000
0.724377
0.000000
0.000000
0.000000
0.000000
0.000000
0.000000
0.000000
0.000000
0.000000
0.000000
0.000000
2.438645
0.000000
0.000000
0.000000
0.000000
0.000000
0.000000
0.000000
0.783175
0.000000
