0.000000
0.000000
0.921667
0.000000
0.000000
0.000000
0.000000
0.000000
0.000000
0.202767
0.000000
0.000000
0.000000
0.161954
0.000000
1.402390
0.000000
0.000000
0.000000
1.765889
0.185981
1.011362
0.000000
0.000000
0.333792
0.000000
0.000000
0.000000
0.315162
0.000000
1.484352
2.029204
0.000000
0.000000
0.000000
0.000000
0.000000
0.381225
0.128576
0.000000
0.000000
0.000000
1.213068
0.000000
0.000000
0.000000
0.000000
0.000000
1.663650
0.646292
0.000000
0.019018
0.000000
0.000000
0.000000
0.000000
0.000000
2.655251
0.285167
0.000000
1.193775
0.000000
0.000000
0.298121
0.103719
0.000000
0.436890
1.048604
0.000000
1.977570
1.000700
0.000000
0.000000
0.255207
0.918227
0.000000
0.000000
0.478097
0.000000
0.000000
0.000000
0.755173
0.000000
0.026900
0.426313
0.000000
0.000000
0.000000
0.000000
0.000000
1.168450
0.135488
0.000000
0.000000
0.267230
0.018067
0.000000
0.650920
0.000000
0.000000
0.000000
0.000000
1.730094
0.000000
0.000000
0.000000
0.825437
0.000000
0.000000
0.000000
0.000000
0.000000
0.000000
0.000000
0.000000
0.000000
0.000000
0.000000
0.000000
0.000000
0.645577
0.000000
0.000000
0.195605
0.333174
0.000000
0.000000
0.000000
0.000000
1.273443
0.000000
0.000000
2.213052
0.641041
0.000000
2.308027
0.585604
0.000000
0.000000
0.242375
0.515929
0.000000
0.508711
0.557778
0.795529
0.544843
0.000000
0.000000
0.316139
0.000000
0.342006
0.000000
0.000000
0.000000
0.000000
0.000000
0.000000
0.000000
0.000000
0.000000
0.203510
0.000000
0.291263
0.000000
0.000000
0.616335
1.466054
0.000000
0.000000
0.025070
0.000000
0.000000
0.000000
0.000000
0.000000
0.000000
0.336198
0.000000
0.000000
0.000000
0.000000
0.725132
0.000000
0.514796
0.000000
0.000000
0.912097
0.000000
0.000000
0.000000
0.000000
0.000000
0.000000
0.000000
0.000000
0.000000
0.679065
0.000000
0.000000
0.000000
0.000000
0.000000
0.000000
0.000000
0.000000
0.000000
0.000000
0.000000
0.000000
0.000000
0.000000
0.613350
0.000000
0.000000
0.000000
0.000000
0.121153
0.000000
0.000000
0.000000
0.000000
1.481711
0.000000
0.000000
0.296989
0.000000
0.000000
0.000000
0.000000
0.000000
0.000000
0.306245
0.000000
0.000000
0.000000
0.000000
0.000000
0.000000
0.224564
0.000000
0.000000
0.000000
0.833633
0.000000
0.000000
0.707731
0.673435
0.000000
0.000000
0.000000
0.000000
0.000000
0.000000
0.000000
0.000000
0.607306
0.563498
0.000000
0.000000
0.057456
0.000000
0.000000
0.000000
0.000000
1.051897
1.846279
0.000000
0.000000
0.000000
0.000000
1.004021
0.750956
0.658876
0.000000
0.000000
0.000000
0.000000
0.000000
0.000000
0.000000
0.000609
0.000000
0.000000
0.000000
0.000000
0.000000
0.000000
0.000000
0.000000
0.164763
0.000000
1.285599
0.000000
0.000000
0.000000
0.000000
0.000000
0.846622
0.000000
0.000000
0.000000
0.000000
0.000000
0.000000
0.246352
0.000000
0.000000
0.000000
0.000000
0.617439
0.000000
0.000000
0.000000
0.000000
0.000000
0.000000
0.000000
0.000000
0.000000
0.000000
0.627246
0.000000
0.000000
0.153965
0.000000
0.000000
0.000000
0.420839
1.356253
0.434113
0.151538
0.000000
0.000000
0.372410
0.605662
0.000000
0.000000
0.000000
0.000000
0.000000
0.000000
0.000000
0.000000
0.421777
0.000000
0.101078
0.561115
0.000000
0.000000
1.345799
0.000000
0.000000
0.607259
0.000000
0.000000
0.001918
1.050548
0.000000
0.000000
0.000000
0.000000
0.083296
0.982819
0.000000
0.000000
0.000000
0.000000
0.000000
0.589151
0.000000
0.350048
0.000000
0.000000
0.000000
0.000000
0.968499
0.000000
0.000000
0.000000
0.752789
0.000000
0.000000
0.099534
0.000000
0.000000
0.000000
0.000000
0.136803
0.000000
0.000000
0.000000
0.000000
0.000000
0.000000
0.000000
0.000000
0.000000
0.000000
0.000000
0.969211
0.000000
0.000000
0.000000
1.292933
0.000000
0.000000
0.000000
0.000000
0.000000
1.049365
0.000000
0.032486
0.199115
0.000000
0.000000
0.000000
0.000000
0.109477
0.000000
0.065874
0.000000
0.000000
0.000000
0.000000
0.000000
0.000000
0.000000
0.000000
0.000000
0.000000
0.000000
0.000000
0.000000
0.553400
0.000000
0.383737
0.000000
0.000000
0.000000
0.000000
0.000000
0.000000
0.000000
0.000000
0.000000
0.000000
2.378659
1.420616
1.176430
0.000000
0.204709
0.000000
0.000000
0.000000
0.249595
0.000000
1.661848
0.000000
0.000000
0.000000
0.956682
0.000000
0.000000
0.000000
0.000000
0.891371
0.000000
0.000000
0.000000
0.000000
0.000000
0.000000
0.000000
0.426190
0.000000
0.000000
0.000000
0.000000
0.000000
0.468141
0.000000
0.000000
0.000000
0.000000
0.541158
0.000000
0.000000
0.000000
0.343148
0.000000
0.000000
0.000000
0.000000
0.000000
0.000000
0.000000
0.000000
0.000000
0.787641
0.000000
0.000000
0.000000
0.875819
0.000000
0.000000
0.000000
0.054686
0.000000
1.088400
0.456770
0.120485
0.259528
0.000000
0.011465
0.000000
0.000000
0.000000
0.000000
0.000000
0.000000
0.160820
0.045274
0.752943
0.000000
0.884617
1.199764
0.000000
0.000000
0.000000
0.000000
1.829658
0.000000
0.000000
0.000000
0.000000
0.507765
0.000000
1.153206
0.000000
0.375613
0.467262
0.000000
0.518933
0.877573
0.000000
0.000000
0.000000
0.000000
0.000000
0.801067
0.000000
0.000000
2.254537
0.513364
0.000000
0.000000
0.000000
0.000000
0.000000
0.539470
0.000000
1.230317
0.000000
0.000000
0.000000
0.000000
0.530417
1.038611
0.000000
0.164194
0.000000
0.000000
0.783535
0.000000
0.000000
0.000000
0.000000
0.171995
0.000000
0.207435
0.223843
0.000000
0.417785
0.000000
0.000000
0.975008
0.000000
0.147083
0.538764
0.000000
0.713940
0.000000
0.000000
0.000000
0.000000
0.103241
0.000000
0.000000
1.332915
0.000000
0.000000
0.000000
0.000000
0.000000
0.000000
0.000000
0.000000
0.000000
0.000000
0.642080
0.436549
0.000000
0.000000
0.344674
0.000000
0.764180
0.225140
0.543979
0.000000
0.000000
0.000000
0.000000
0.000000
0.000000
0.000000
0.000000
0.327652
0.000000
0.392270
0.000000
0.000000
0.000000
2.078345
0.113641
0.000000
0.000000
0.000000
0.306828
0.087299
0.000000
0.000000
0.000000
0.000000
0.932384
0.448804
0.000000
0.159799
0.000000
0.000000
0.414961
0.551120
0.000000
0.000000
1.164137
0.000000
0.000000
0.000000
0.000000
0.000000
0.000000
0.000000
0.000000
0.000000
0.538463
0.000000
0.000000
0.000000
0.584448
0.000000
0.000000
0.169325
0.000000
0.000000
0.000000
0.000000
1.335411
1.282946
1.848434
0.000000
0.000000
0.000000
0.000000
0.000000
0.000000
1.221938
0.000000
0.000000
0.152414
0.000000
0.213476
0.000000
0.000000
0.442432
0.000000
0.000000
0.000000
0.000000
0.000000
0.618743
0.000000
0.346096
0.478824
0.000000
0.000000
0.000000
0.000000
0.000000
0.158253
0.078699
0.000000
1.093362
0.506488
0.731992
0.000000
0.287423
0.314303
0.000000
0.000000
0.000000
0.165512
0.000000
0.000000
0.000000
0.000000
0.112251
0.000000
0.303808
0.112079
0.000000
0.000000
0.061977
0.053616
0.511001
0.000000
0.487623
0.000000
1.572723
2.512313
0.033952
0.203287
0.238598
0.000000
0.000000
0.000000
1.168223
0.120287
2.281618
0.000000
0.000000
0.440307
0.000000
0.000000
0.000000
0.000000
0.000000
0.000000
0.000000
0.070354
0.000000
2.449587
0.000000
0.000000
0.166569
0.000000
0.202727
0.000000
0.000000
0.000000
0.208509
0.000000
0.550551
0.179408
0.000000
0.000000
0.000000
0.000000
0.940535
0.000000
0.078746
0.000000
0.000000
0.000000
2.103577
0.000000
0.000000
0.000000
0.000000
0.000000
0.000000
0.000000
0.000000
0.000000
0.000000
0.187885
0.579782
0.000000
0.000000
0.000000
0.000000
0.000000
1.553160
0.000000
0.000000
0.000000
0.000000
0.717744
0.000000
1.502392
0.000000
0.164721
0.000000
0.779376
0.000000
0.555497
0.000000
0.534843
0.000000
1.111376
0.000000
0.000000
0.000000
0.000000
0.013426
0.000000
0.000000
0.000000
1.796978
0.000000
0.000000
0.000000
0.410515
0.000000
0.000000
0.000000
2.056852
0.475669
0.000000
0.000000
0.000000
0.000000
0.224165
1.098688
0.000000
0.825918
0.222356
0.000000
0.000000
0.000000
3.091599
0.000000
1.033818
0.000000
0.598907
0.000000
2.334784
0.000000
0.000000
0.000000
0.000000
2.405629
0.000000
0.000000
0.000000
0.000000
0.000000
0.000000
0.314189
0.000000
0.000000
0.000000
0.254010
0.000000
0.000000
0.000000
0.000000
0.000000
0.000000
0.000000
0.000000
0.000000
0.000000
0.000000
0.351516
0.000000
0.000000
0.000000
0.000000
0.000000
0.000000
0.000000
0.000000
0.000000
0.000000
0.000000
0.000000
0.000000
0.346197
0.763759
0.000000
0.000000
0.000000
0.000000
0.439251
0.000000
0.486336
0.000000
0.238652
0.000000
0.000000
0.000000
0.000000
0.000000
0.000000
0.664409
0.081153
0.201025
0.000000
0.000000
0.609797
0.000000
1.448136
1.124489
0.000000
0.000000
0.883933
0.000000
0.208328
0.948577
0.000000
0.000000
0.089141
0.000000
0.000000
0.071375
0.000000
1.022946
0.404725
0.842083
0.717185
0.000000
0.664766
0.596923
0.000000
0.000000
0.000000
0.301310
0.408122
0.000000
0.000000
0.627000
0.000000
0.000000
0.464533
1.716761
0.000000
0.000000
0.000000
0.000000
2.934947
0.000000
0.000000
0.000000
0.000000
0.000000
0.000000
0.000000
0.000000
0.881782
0.000000
1.154350
0.000000
0.330070
0.000000
0.000000
0.000000
0.000000
0.000000
0.000000
0.000000
0.000000
0.000000
0.000000
0.567449
1.808835
0.596814
0.256435
0.835725
0.000000
0.000000
0.000000
0.000000
0.000000
0.000000
0.000000
0.000000
0.000000
0.000000
0.159259
0.000000
2.094822
0.000000
0.641296
0.719308
0.462369
0.903128
0.182261
0.884954
0.000000
0.000000
1.621035
0.000000
0.000000
1.216788
0.000000
0.090298
0.000000
0.310819
0.000000
0.000000
0.431523
0.000000
0.143485
0.000000
0.000000
0.129737
0.000000
0.000000
0.000000
0.000000
0.129900
0.000000
0.261987
0.000000
0.000000
0.000000
0.000000
0.000000
0.000000
0.828758
0.148811
0.062259
0.000000
0.000000
0.000000
0.000000
0.000000
0.000000
0.000000
0.000000
0.000000
0.000000
0.000000
0.000000
0.000000
0.000000
0.460647
0.000000
0.000000
1.545200
0.000000
0.000000
0.000000
0.000000
0.059341
0.000000
0.156823
0.353538
1.689083
0.092762
1.365894
0.000000
0.000000
0.000000
0.738346
0.252623
0.000000
1.026161
0.000000
0.000000
0.000000
0.056486
0.000000
0.000000
1.083218
0.000000
0.736723
0.000000
0.000000
0.000000
0.000000
0.000000
0.000000
0.688540
0.000000
0.000000
0.481632
0.000000
0.000000
1.068916
0.037944
0.500254
0.000000
2.953555
0.000000
0.000000
0.021029
0.000000
0.000000
0.000000
0.000000
1.176058
0.000000
0.121189
0.000000
0.000000
0.000000
0.000000
0.000000
0.000000
0.000000
0.000000
0.695701
0.000000
0.111739
0.000000
0.656673
0.000000
1.122537
0.000000
0.000000
0.286609
0.000000
0.629885
0.000000
0.000000
0.000000
0.000000
0.000000
0.000000
0.143291
0.000000
0.300232
3.039804
0.000000
0.000000
0.000000
0.000000
0.000000
0.345172
0.182630
0.056787
0.000000
0.000000
0.000000
0.000000
0.465537
0.000000
0.000000
0.000000
0.000000
0.000000
0.000000
0.000000
0.000000
0.000000
0.000000
0.000000
0.000000
0.869570
0.000000
0.000000
0.000000
0.000000
0.000000
0.000000
0.000000
0.883062
0.000000
0.000000
0.000000
0.000000
1.134537
0.000000
0.000000
0.000000
0.000000
0.554246
0.000000
0.000000
0.000000
0.000000
0.000000
1.782705
0.000000
0.000000
0.000000
0.000000
0.000000
0.000000
2.107567
0.000000
0.000000
1.225860
0.000000
0.000000
0.086619
0.504728
0.000000
0.000000
0.000000
1.372651
0.000000
1.050573
0.304952
1.380377
0.000000
0.000000
0.000000
0.444636
0.000000
0.480336
0.000000
0.000000
0.450529
0.149902
0.000000
0.000000
0.427470
0.000000
0.000000
0.000000
0.000000
2.290751
0.000000
1.947229
0.000000
2.194743
0.000000
0.000000
0.000000
0.000000
0.264844
0.000000
0.000000
0.000000
1.494930
0.000000
0.000000
0.000000
0.000000
0.000000
0.000000
0.342532
0.466452
0.000000
0.306088
0.000000
0.748402
0.000000
0.000000
0.635926
0.000000
0.000000
0.000000
0.000000
0.000000
0.000000
0.000000
0.000000
1.439950
0.276342
0.069602
0.000000
0.000000
0.000000
0.000000
0.000000
0.000000
0.364790
0.000000
0.000000
0.000000
0.000000
0.000000
0.000000
1.224339
0.000000
0.000000
0.353331
0.000000
2.046072
0.000000
0.000000
0.000000
0.454295
0.000000
0.020729
0.000000
0.000000
0.000000
0.384620
0.000000
0.000000
0.000000
0.000000
0.000000
0.000000
0.000000
0.000000
0.000000
0.000000
0.000000
0.000000
0.000000
0.036951
0.353020
0.000000
0.000000
0.000000
0.523911
0.000000
2.034351
0.000000
0.000000
0.000000
0.768075
0.172218
0.014922
0.000000
0.598720
0.000000
0.495593
0.000000
0.477225
0.000000
0.000000
0.000000
0.000000
0.000000
0.000000
0.000000
0.000000
0.000000
0.000000
0.000000
0.000000
0.578307
0.000000
0.000000
0.000000
0.000000
0.706434
0.000000
0.000000
0.089614
0.000000
0.000000
0.000000
0.006452
0.000000
0.854224
0.812642
1.235499
0.000000
0.751916
1.547764
0.000000
1.163458
0.489476
0.000000
1.644498
0.000000
0.000000
0.000000
1.943548
0.000000
0.000000
0.613183
0.947004
0.000000
0.000000
0.000000
0.370832
0.031454
0.000000
0.000000
0.000000
0.000000
0.000000
0.000000
0.000000
0.000000
0.000000
0.000000
0.221647
0.000000
0.108891
0.000000
0.000000
0.000000
0.000000
0.279096
0.000000
0.000000
0.000000
0.000000
0.000000
0.488902
0.000000
0.000000
0.000000
0.000000
0.082024
0.000000
0.000000
0.000000
0.000000
0.000000
0.000000
0.000000
1.103625
0.000000
1.067814
0.000000
0.455333
0.000000
0.000000
0.000000
0.000000
0.000000
1.333088
0.000000
1.367140
0.000000
0.805186
0.155236
0.616777
0.000000
0.000000
1.822337
0.000000
0.000000
0.000000
0.636226
0.000000
0.000000
0.000000
0.000000
0.000000
0.000000
1.113354
0.795703
0.000000
0.375217
0.000000
0.000000
0.475205
0.000000
0.000000
0.000000
0.000000
0.000000
0.000000
0.000000
0.000000
0.000000
0.000000
0.000000
0.000000
0.000000
0.280069
0.000000
0.000000
0.000000
0.000000
0.541520
0.000000
0.000000
0.000000
0.000000
0.000000
0.000000
0.000000
0.000000
0.000000
0.000000
0.000000
0.625791
0.046583
0.000000
0.612132
0.826241
0.000000
0.000000
0.215081
0.000000
0.039158
0.000000
0.000000
0.000000
0.235497
0.000000
0.000000
0.000000
0.370493
0.188676
0.000000
0.365369
0.000000
0.000000
0.000000
0.366023
0.000000
0.000000
0.000000
0.000000
0.000000
0.000000
0.507131
0.000000
0.000000
0.800044
0.000000
0.000000
0.625176
0.298469
0.000000
0.122148
0.000000
0.000000
0.000000
0.000000
0.374411
0.000000
0.000000
0.000000
0.115001
0.352226
0.000000
0.000000
0.000000
0.000000
0.669064
0.000000
0.000000
1.870024
0.000000
0.000000
0.000000
0.000000
0.000000
0.000000
0.000000
0.000000
0.000000
0.287761
1.482210
0.000000
0.000000
1.326841
0.000000
0.000000
1.813910
2.436693
0.189897
0.274501
0.555786
0.820697
0.000000
0.000000
0.000000
0.000000
0.000000
0.000000
1.294982
0.000000
0.000000
0.191218
0.000000
0.383999
1.517596
0.000000
0.000000
0.000000
0.000000
0.006910
0.000000
0.000000
0.000000
0.163750
0.173744
0.000000
0.687992
0.000000
0.000000
0.465006
0.000000
0.000000
0.000000
0.000000
0.000000
1.223176
0.000000
2.195410
0.725670
0.000000
0.000000
1.910976
0.000000
0.822908
0.000000
0.000000
0.000000
0.014135
0.000000
0.000000
0.000000
0.000000
0.735483
0.000000
0.000000
0.398157
0.000000
0.000000
0.000000
0.000000
0.000000
0.000000
0.000000
0.000000
0.000000
0.000000
0.000000
0.000000
0.000000
1.067479
0.000000
0.000000
0.000000
0.000000
0.000000
0.000000
1.050971
0.631350
0.037412
0.000000
0.000000
0.028607
0.000000
0.000000
0.404263
0.000000
0.406237
0.000000
0.000000
2.755409
0.339115
0.000000
0.000000
0.000000
0.000000
0.713993
0.000000
0.758447
0.000000
0.000000
0.156573
0.635828
0.000000
0.000000
0.525017
0.000000
0.000000
0.000000
0.000000
0.135156
0.000000
0.006691
0.000000
0.000000
0.110175
0.000000
0.109880
0.508050
0.499735
0.016449
0.282942
0.000000
0.000000
0.000000
0.000000
0.000000
0.000000
0.000000
0.000000
1.913012
0.000000
0.682462
0.000000
0.000000
0.171134
0.000000
0.000000
0.000000
1.024620
0.000000
1.232663
0.000000
0.054633
0.000000
0.000000
1.122565
0.000000
0.745836
1.785715
0.075939
0.116723
0.000000
0.276665
0.000000
0.000000
0.799720
0.476906
0.000000
0.000000
0.000000
0.000000
0.000000
0.287594
0.000000
0.000000
0.000000
0.000000
1.295819
0.000000
0.000000
0.000000
0.561686
0.000000
1.180597
0.000000
0.000000
0.000000
0.000000
0.000000
0.000000
0.000000
0.000000
0.000000
1.169003
0.000000
0.972191
0.000000
0.895497
0.064040
0.000000
0.000000
0.016912
0.000000
0.000000
0.000000
0.000000
0.000000
0.000000
0.000000
0.000000
0.000000
0.000000
0.000000
0.000000
0.000000
0.000000
0.000000
0.000000
1.701683
0.437946
0.000000
0.715592
0.000000
0.000000
0.000000
0.000000
0.000000
0.000000
0.000000
0.035996
0.377015
0.000000
0.310715
0.000000
0.000000
0.000000
0.000000
0.000000
0.000000
1.566310
1.160413
0.000000
1.436398
0.000000
0.000000
0.487176
0.000000
0.527999
0.330753
0.418401
0.000000
0.000000
0.140400
0.000000
0.000000
0.000000
0.000000
0.000000
0.000000
0.000000
0.000000
0.000000
0.000000
0.000000
1.979655
0.000000
0.000000
0.000000
1.645499
0.000000
1.612378
0.380367
0.000000
0.015301
0.000000
0.000000
0.859744
0.000000
0.340889
0.000000
0.091757
0.000000
0.490474
0.000000
0.000000
0.000000
2.046247
0.000000
0.263182
0.375730
0.000000
1.076181
0.000000
0.000000
1.613874
0.000000
0.000000
0.000000
0.000000
0.000000
0.000000
0.686306
0.294123
0.000000
0.000000
0.000000
0.282485
0.000000
0.000000
0.000000
0.000000
0.000000
0.000000
0.000000
1.669127
0.000000
0.000000
0.000000
0.000000
0.018710
0.000000
0.205378
0.000000
0.000000
0.000000
0.000000
0.000000
0.000000
0.000000
0.000000
1.149496
0.000000
0.000000
0.000000
0.000000
0.000000
0.000000
0.000000
0.000000
0.000000
0.064761
0.075268
0.000000
0.000000
0.000000
1.036333
0.000900
0.000000
0.898250
0.000000
0.000000
0.478265
0.000000
0.264228
0.000000
0.142998
0.549489
0.000000
0.000000
0.524823
0.000000
0.000000
0.000000
0.000000
0.000000
0.000000
0.000000
0.000000
0.000000
0.000000
0.000000
0.598392
0.000000
0.000000
0.000000
1.272815
0.000000
0.000000
0.033521
0.000000
0.000000
0.000000
0.000000
0.000000
0.000000
0.000000
0.000000
0.000000
0.000000
0.000000
0.000000
0.000000
0.585019
0.000000
0.000000
0.000000
0.000000
0.000000
0.000000
1.182305
0.000000
0.000000
0.000000
0.000000
0.982323
0.000000
0.000000
0.000000
0.000000
0.000000
0.000000
0.000000
0.000000
0.000000
0.000000
0.000000
0.000000
0.000000
0.000000
0.000000
0.534410
0.000000
0.579616
0.000000
0.000000
0.000000
0.000000
0.000000
0.261660
0.501608
0.000000
0.000000
0.000000
1.519094
0.338209
0.000000
0.786793
0.000000
0.000000
0.000000
0.000000
0.000000
0.000000
0.000000
0.000000
0.000000
0.000000
0.000000
0.000000
1.624785
0.000000
0.000000
0.000000
0.000000
0.000000
0.000000
0.000000
0.000000
0.000000
0.000000
0.000000
0.000000
0.153147
0.000000
0.000000
0.719545
0.678428
0.000000
0.000000
0.361419
0.000000
0.000000
0.000000
0.000000
0.000000
0.000000
0.218246
0.000000
0.265490
0.000000
0.000000
0.000000
0.000000
0.000000
0.000000
0.000000
0.000000
0.000000
0.581782
0.183240
0.000000
0.000000
0.802881
0.000000
0.597182
0.000000
0.000000
0.342366
0.000000
0.000000
0.000000
0.000000
0.000000
0.000000
0.000000
0.000000
0.677451
0.979985
0.000000
0.948694
0.970567
0.000000
0.000000
1.872064
1.197732
0.261359
0.000000
0.000000
0.000000
0.045179
0.000000
0.000000
0.000000
0.000000
0.000000
0.000000
0.427479
0.410392
0.000000
0.000000
0.000000
0.338887
0.014718
0.382135
0.000000
0.265079
0.000000
0.000000
0.000000
0.000000
0.754546
0.000000
0.000000
0.571015
0.000000
0.000000
0.000000
0.000000
0.000000
0.000000
0.028668
0.000000
0.000000
0.696033
0.000000
0.000000
0.000000
1.973887
0.000000
0.000000
0.000000
0.014288
0.000000
0.000000
0.000000
0.000000
0.000000
0.000000
0.000000
0.000000
0.000000
0.173414
0.000000
0.000000
1.099799
0.000000
0.000000
0.000000
0.945257
1.162139
0.000000
0.000000
0.000000
0.000000
0.000000
1.012230
0.938991
0.000000
0.224033
0.617681
0.272676
0.000675
0.000000
0.000000
1.412622
0.077874
0.000000
0.000000
0.000000
0.000000
0.000000
0.000000
0.000000
0.000000
0.094168
0.000000
0.000000
0.000000
0.000000
0.000000
0.387594
0.000000
0.000000
0.000000
0.210140
0.000000
1.162353
0.000000
0.171178
0.000000
0.000000
0.198899
0.000000
0.000000
0.000000
0.000000
0.000000
0.624467
0.000000
0.000000
0.000000
0.000000
0.120536
0.000000
0.000000
0.000000
0.000000
0.000000
0.000000
0.400607
1.157861
0.593730
0.000000
0.158753
0.000000
0.000000
0.000000
0.000000
0.000000
0.000000
0.287966
0.874041
0.000000
0.000000
0.367486
0.000000
0.484988
0.000000
0.000000
0.000000
0.000000
0.000000
0.000000
0.000000
0.000000
0.000000
0.000000
0.000000
0.520936
0.000000
0.000000
0.000000
0.000000
0.000000
1.137274
0.000000
0.000000
0.000000
0.178939
0.000000
0.000000
0.000000
0.000000
0.000000
0.000000
0.063385
0.000000
0.449595
0.000000
0.000000
0.399288
0.000000
0.091051
0.327496
0.000000
0.000000
0.000000
0.000000
0.000000
0.000000
0.004282
0.000000
0.357240
0.000000
0.000000
0.000000
0.343420
0.000000
0.000000
0.000000
0.000000
0.027399
0.781484
0.355144
0.000000
0.000000
0.740203
0.000000
0.000000
0.000000
0.000000
0.000000
0.640337
0.000000
0.000000
0.000000
0.000000
0.000000
0.000000
0.000000
0.000000
0.000000
0.000000
0.000000
0.000000
0.000000
0.000000
1.617181
0.000000
0.000000
0.000000
0.585704
0.000000
0.000000
0.507671
0.000000
0.000000
0.624719
0.000000
0.100249
1.760592
0.000000
1.062479
0.000000
0.000000
0.000000
0.000000
0.000000
1.184799
0.000000
0.000000
0.000000
0.350421
2.322771
0.000000
0.482434
0.000000
0.918129
0.000000
0.692412
0.046410
0.000000
0.000000
0.000000
0.000000
0.000000
0.000000
0.000000
0.227265
0.000000
0.228293
0.000000
0.000000
0.000000
0.000000
0.000000
0.000000
0.000000
0.000000
1.034749
0.000000
0.000000
0.000000
0.782160
0.000000
0.000000
0.000000
0.888509
0.000000
0.000000
0.376862
0.000000
0.806237
0.000000
0.000000
0.000000
0.000000
0.000000
0.000000
0.000000
0.082256
0.000000
0.000000
0.000000
0.000000
0.000000
0.000000
0.515093
0.000000
0.414125
0.000000
0.000000
0.000000
0.000000
0.000000
0.000000
0.000000
0.000000
0.033887
0.569104
0.873344
0.000000
0.603339
0.000000
0.000000
0.000000
0.000000
0.000000
0.047646
1.382861
0.000000
0.253601
0.000000
0.028658
0.000000
0.000000
0.000000
0.600478
0.000000
0.000000
0.000000
0.000000
0.000000
0.000000
0.000000
0.000000
0.063187
0.000000
0.000000
0.000000
0.000000
0.000000
0.378377
0.000000
0.000000
0.074527
0.000000
0.450026
0.000000
0.000000
0.000000
0.000000
0.000000
0.000000
0.000000
0.000000
0.582000
0.000000
0.233685
0.000000
0.000000
0.063441
0.000000
0.000000
0.026973
0.226261
0.000000
0.000000
0.000000
0.000000
0.000000
0.300806
0.000000
0.580293
0.000000
0.000000
0.000000
0.000000
0.246572
0.365889
0.000000
1.946490
0.000000
0.000000
0.000000
0.625743
0.000000
0.000000
1.892071
0.000000
0.770817
0.000000
0.000000
0.000000
0.000000
1.711293
0.000000
0.000000
1.266064
0.000000
0.000000
0.000000
0.218413
0.000000
0.000000
0.676246
0.304420
0.000000
0.000000
0.000000
0.000000
0.000000
0.000000
1.729348
2.130159
2.088338
0.000000
0.000000
0.000000
0.000000
0.000000
0.186885
0.000000
1.465955
0.000000
0.000000
0.725404
0.000000
0.000000
0.000000
0.000000
0.000000
0.000000
0.001258
0.000000
0.042290
0.000000
0.000000
0.000000
0.000000
0.725361
0.000000
0.880619
0.000000
0.000000
0.000000
0.000000
0.304230
0.000000
0.000000
0.000000
0.000000
0.000000
0.000000
0.000000
0.000000
0.000000
0.000000
0.534307
0.000000
0.000000
0.397076
0.000000
0.000000
0.900918
0.087264
0.000000
0.000000
0.000000
0.460099
0.139140
0.000000
0.000000
0.126256
0.546633
0.000000
0.133220
0.000000
0.000000
0.000000
0.000000
0.000000
0.000000
0.000000
0.776175
0.000000
0.000000
0.088761
0.000000
0.000000
0.488414
0.000000
0.000000
1.898363
0.000000
0.000000
0.000000
0.000000
0.000000
0.000000
0.232730
1.232869
0.710635
0.000000
0.102126
0.000000
0.000000
1.060140
0.000000
0.000000
0.000000
0.596591
0.000000
0.000000
0.000000
0.000000
0.836202
0.686147
1.784601
0.392535
0.000000
0.000000
0.000000
0.000000
0.000000
0.000000
0.000000
0.000000
1.224239
0.000000
0.000000
2.963349
0.000000
0.000000
0.000000
0.000000
0.000000
1.170680
0.000000
0.360406
0.000000
0.000000
0.788800
0.000000
0.000000
0.000000
0.000000
0.000000
0.000000
0.000000
1.353459
0.000000
0.000000
0.000000
0.851497
1.382356
0.574395
0.000000
0.000000
0.000000
0.000000
0.000000
0.000000
0.000000
0.000000
0.425570
0.000000
0.665530
0.000000
0.000000
0.000000
0.146591
1.409390
0.391782
0.433085
0.494671
1.817863
0.000000
0.000000
0.000000
0.997602
1.057109
0.000000
0.441408
0.000000
0.000000
0.000000
0.000000
0.798004
0.000000
0.000000
0.000000
0.000000
0.000000
1.552616
0.534124
0.000000
0.000000
0.641100
0.017808
0.000000
0.307346
0.000000
0.000000
0.003641
0.595407
0.000000
0.039923
0.000000
0.000000
0.000000
0.000000
0.000000
0.147841
0.000000
0.000000
0.000000
0.000000
0.000000
0.962024
0.000000
0.000000
0.000000
1.064996
0.879843
1.214191
0.000000
0.048919
0.736733
0.000000
0.000000
0.000000
0.000000
0.000000
1.562490
0.203121
0.259694
0.000000
0.171766
0.000000
0.000000
0.000000
0.000000
0.000000
0.511262
0.000000
0.000000
2.017278
0.000000
0.000000
0.000000
0.000000
0.000000
0.000000
0.000000
0.517530
0.000000
0.000000
0.000000
0.000000
0.000000
0.000000
0.000000
0.000000
0.000000
0.000000
0.000000
0.000000
0.000000
0.059804
0.000000
0.000000
0.000000
1.323438
0.632389
0.000000
0.000000
0.000000
0.000000
0.000000
0.000000
0.000000
0.000000
0.000000
0.000000
3.285443
0.810065
0.000000
0.195485
0.000000
0.000000
0.000000
0.000000
1.070216
0.000000
0.000000
0.000000
0.000000
0.000000
1.368264
0.000000
0.000000
0.000000
0.000000
0.000000
0.632554
0.000000
0.000000
1.471748
0.000000
0.000000
1.034682
0.000000
0.000000
0.000000
0.000000
0.000000
0.000000
0.000000
0.000000
0.000000
0.000000
0.000000
0.000000
0.000000
0.000000
0.840153
0.000000
0.000000
0.000000
0.000000
0.000000
0.000000
0.000000
0.000000
0.886574
0.000000
0.704463
0.553611
0.000000
0.160933
0.000000
0.000000
0.000000
0.000000
0.000000
0.000000
0.532966
0.529197
0.945182
0.000000
0.248119
0.000000
0.033579
0.000000
2.458919
0.000000
2.465154
0.000000
0.000000
0.000000
1.413945
0.000000
0.000000
0.000000
0.000000
1.412662
1.603490
0.000000
0.000000
0.000000
0.000000
0.000000
0.000000
0.000000
0.536529
0.000000
0.000000
0.000000
0.000000
0.277555
0.000000
0.000000
0.000000
0.150275
0.000000
0.000000
0.000000
0.000000
0.000000
1.212898
0.303039
0.000000
0.830534
0.000000
1.221291
0.000000
0.000000
0.000000
0.000000
0.000000
0.000000
0.000000
0.000000
0.000000
0.000000
0.000000
0.000000
1.597066
0.000000
0.461736
0.000000
0.265604
0.574851
0.000000
0.078571
0.134902
0.000000
0.068716
0.675037
0.460075
0.000000
0.025305
0.000000
0.108986
0.000000
0.000000
0.000000
0.847965
0.062122
0.000000
0.000000
0.000000
0.000000
0.000000
0.000000
0.000000
0.000000
0.259527
0.000000
0.159696
0.000000
0.627826
0.825562
0.000000
0.000000
0.000000
0.000000
0.901028
0.000000
0.162499
0.000000
0.000000
0.000000
0.000000
0.000000
0.000000
0.000000
0.000000
0.339530
0.000000
0.000000
0.000000
0.000000
0.000000
0.000000
0.000000
0.000000
1.108019
0.000000
0.000000
0.000000
0.000000
0.000000
0.000000
0.000000
0.000000
0.000000
0.000000
0.000000
0.000000
0.000000
0.000000
0.000000
0.000000
1.573634
1.187369
0.701861
0.000000
0.000000
0.000000
0.446572
0.000000
0.000000
0.000000
0.000000
0.000000
0.000000
0.000000
0.910736
0.797829
0.000000
0.000000
0.000000
0.071614
0.000000
0.000000
0.000000
0.000000
0.113737
0.000000
0.000000
0.000000
0.698977
0.000000
0.000000
0.000000
0.000000
0.383333
0.000000
0.000000
0.348200
0.009196
0.000000
1.651402
0.719560
0.724909
0.000000
0.199610
1.632710
0.000000
0.000000
0.000000
1.136832
0.000000
0.653273
0.444481
0.000000
0.000000
0.000000
0.416018
0.000000
0.000000
0.000000
0.000000
0.000000
0.000000
0.512939
0.000000
0.287650
0.000000
0.000000
0.617118
0.000000
0.000000
0.000000
0.000000
0.000000
0.000000
0.000000
0.000000
0.000000
0.000000
0.444681
0.000000
0.000000
0.000000
0.765111
0.000000
0.000000
0.000000
0.000000
0.000000
0.211589
0.000000
0.320422
0.000000
0.000000
0.000000
0.000000
0.000000
0.996473
1.611459
0.000000
0.103582
0.000000
0.000000
0.000000
0.000000
0.268950
0.345320
1.237635
0.000000
0.000000
0.000000
1.420738
0.000000
0.000000
0.000000
0.000000
0.105183
0.000000
0.000000
0.000000
0.000000
0.000000
0.000000
0.000000
0.000000
0.000000
0.000000
0.000000
0.000000
0.000000
0.000000
0.000000
0.215968
0.152152
0.593803
0.000000
0.000000
0.333716
0.000000
0.677445
0.000000
0.000000
0.000000
0.000000
0.055234
0.000000
0.000000
0.317572
0.000000
0.000000
0.000000
0.741910
0.000000
0.000000
0.000000
0.000000
0.000000
0.573643
0.000000
0.000000
0.000000
1.595004
0.000000
0.537222
0.000000
0.000000
0.000000
0.000000
0.515082
0.423814
1.532554
0.000000
0.000000
0.000000
0.000000
0.000000
0.000000
0.000000
0.093769
0.000000
0.000000
0.000000
0.000000
0.000000
0.000000
0.000000
0.000000
0.000000
1.740722
0.000000
0.297590
0.000000
0.000000
0.381946
0.000000
0.635624
0.000000
0.000000
0.000000
0.000000
0.261613
0.000000
0.000000
0.000000
0.000000
0.000000
0.000000
0.064280
1.359213
1.019766
0.000000
0.000000
0.000000
0.471067
0.079467
0.000000
1.887069
0.000000
0.000000
0.000000
0.000000
0.000000
0.000000
0.906002
0.000000
0.190295
0.000000
0.354715
0.862913
0.000000
0.000000
0.000000
0.000000
0.000000
0.000000
0.000000
0.000000
0.000000
0.000000
1.280442
0.000000
0.000000
0.000000
0.000000
2.397844
0.000000
0.000000
1.900877
0.537042
0.000000
0.000000
0.000000
0.000000
0.819306
2.074615
0.000000
0.000000
0.275973
0.507309
0.159647
0.000000
0.000000
0.000000
0.000334
0.000000
0.928893
0.525256
0.000000
0.000000
0.000000
1.053450
1.672980
0.000000
0.000000
0.143017
0.000000
0.000000
0.000000
0.000000
0.704827
0.000000
0.051208
0.000000
0.000000
0.086942
0.024049
0.000000
0.000000
0.000000
0.000000
0.000000
0.000000
0.000000
0.085537
0.000000
0.369773
0.000000
0.000000
0.000000
0.000000
0.000000
1.709844
0.000000
0.000000
0.000000
0.000000
0.000000
0.000000
0.310167
0.000000
0.000000
0.191714
0.000000
0.000000
0.584948
0.000000
0.000000
0.000000
0.159105
0.000000
0.000000
0.111383
0.000000
0.000000
0.000000
0.000000
0.000000
1.735954
0.000000
0.000000
0.000000
0.000000
0.000000
0.000000
1.067198
0.000000
0.000000
0.006478
0.414026
0.000000
0.000000
0.000000
0.163777
0.000000
0.000000
0.000000
0.338243
0.000000
1.215401
0.299910
0.000000
0.000000
0.000000
1.282434
0.000000
0.000000
0.204465
0.151938
0.000000
0.000000
0.000000
0.249549
0.000000
0.000000
0.000000
0.000000
0.000000
0.480996
0.277864
0.000000
0.000000
0.000000
0.000000
0.665030
0.268256
0.000000
0.000000
0.000000
0.000000
0.000000
0.045142
0.000000
0.000000
0.000000
0.000000
0.000000
0.000000
0.000000
0.000000
0.000000
0.000000
0.000000
0.000000
0.000000
1.044986
0.107558
0.000000
0.000000
0.000000
0.000000
0.000000
0.000000
0.191638
0.000000
0.000000
0.000000
0.000000
0.339191
0.628197
0.000000
0.000000
0.000000
0.010931
0.000000
0.000000
0.000000
0.000000
0.000000
1.974695
0.000000
0.000000
0.000000
0.000000
0.431166
0.000000
0.741980
0.305587
0.000000
0.000000
1.010085
0.000000
0.000000
0.000000
0.863128
0.000000
1.061480
0.000000
0.000000
0.000000
0.000000
0.817477
0.000000
1.022235
0.000000
0.000000
0.000000
0.000000
0.000000
0.000000
0.697191
0.252842
0.000000
0.000000
0.000000
0.000000
0.000000
0.000000
0.000000
0.000000
0.000000
1.507564
0.204650
0.000000
0.000000
0.000000
0.547934
0.000000
0.000000
0.000000
0.000000
0.000000
0.000000
0.682828
0.000000
0.000000
0.891005
0.125241
0.000000
0.228003
0.900010
0.000000
0.000000
0.052909
0.000000
0.000000
0.000000
0.000000
0.000000
0.000000
0.323511
0.000000
0.000000
0.000000
0.000000
0.000000
0.000000
0.681020
0.000000
0.000000
0.000000
0.000000
0.000000
0.222931
0.000000
0.000000
0.212509
0.042395
0.000000
0.000000
0.000000
0.000000
0.000000
0.665094
0.040244
0.000000
0.000000
0.000000
0.000000
0.000000
1.318872
0.000000
0.000000
0.000000
0.711929
0.000000
0.000000
0.000000
0.000000
0.000000
0.954774
0.204461
0.000000
0.000000
0.000000
0.000000
0.000000
0.000000
1.635210
0.000000
0.598885
0.189717
0.000000
0.000000
0.000000
0.438810
0.000000
0.000000
1.987336
0.000000
1.200369
0.000000
0.000000
0.000000
0.000000
0.000000
0.083353
0.083275
0.000000
0.000000
0.000000
0.000000
0.238825
0.000000
0.000000
0.000000
0.000000
0.000000
0.000000
0.000000
0.000000
0.000000
0.000000
0.000000
0.008078
0.878944
0.000000
0.566852
0.000000
0.000000
0.000000
2.439869
0.000000
3.553596
0.219716
0.000000
0.997311
0.384808
0.104493
0.000000
0.809893
0.000000
0.000000
0.615711
1.600349
0.309811
0.000000
0.000000
0.067806
0.000000
0.000000
0.000000
0.000000
0.000000
0.000000
0.748041
0.000000
0.000000
0.205921
0.973289
0.000000
0.000000
0.000000
1.837808
0.000000
0.000000
0.558388
0.000000
0.000000
1.415438
0.000000
0.000000
0.000000
0.000000
0.103212
0.000000
0.000000
1.040980
0.101576
0.000000
0.000000
0.000000
0.000000
1.218315
0.089978
0.000000
0.000000
0.000000
0.000000
0.000000
0.000000
0.000000
0.000000
0.000000
0.000000
0.000000
0.000000
1.355655
0.088223
0.711881
0.000000
0.000000
2.213668
0.689994
0.693876
0.367194
0.174109
0.000000
0.000000
0.000000
0.000000
0.000000
0.000000
0.054939
0.000000
0.000000
0.000000
0.000000
0.000000
0.426384
0.000000
0.000000
0.000000
0.000000
0.000000
0.000000
0.000000
0.000000
0.000000
0.719436
0.038637
0.000000
0.000000
0.263598
0.000000
0.000000
0.000000
0.958511
0.000000
0.000000
0.000000
0.000000
0.000000
0.000000
0.000000
0.000000
0.000000
0.054665
0.000000
0.000000
0.000000
1.783751
0.944599
0.000000
0.000000
0.000000
0.000000
0.865981
0.000000
0.114474
0.097987
0.000000
0.000000
0.000000
0.000000
0.000000
1.550170
0.000000
0.000000
2.094823
0.000000
0.000000
0.000000
0.000000
0.000000
0.000000
0.000000
0.042330
0.019855
0.000000
0.000000
2.230208
0.000000
0.000000
0.000000
0.000000
0.000000
1.301009
0.740222
0.091784
0.000000
0.000000
0.000000
0.000000
0.000000
0.000000
0.000000
0.000000
0.000000
0.000000
1.030495
0.000000
0.000000
0.000000
0.000000
0.000000
0.000000
0.000000
0.000000
0.000000
0.000000
0.000000
0.000000
0.000000
0.000000
0.568789
0.000000
0.000000
0.000000
0.000000
0.000000
0.949642
0.000000
0.000000
0.000000
0.000000
0.000000
0.216081
0.000000
0.286197
0.000000
0.000000
0.000000
0.000000
0.000000
0.000000
0.000000
0.000000
0.000000
0.267606
0.000000
0.000000
0.000000
0.286085
2.022133
0.000000
0.953968
0.000000
0.000000
0.000000
1.868768
0.000000
0.000000
1.004839
0.000000
0.000000
0.719119
0.000000
0.169778
0.000000
0.119384
1.230268
0.000000
0.000000
0.000000
0.426694
0.000000
0.000000
0.000000
0.000000
0.000000
0.529554
0.000000
0.504839
0.252989
0.000000
0.244150
0.000000
0.000000
0.191862
0.513643
1.314725
0.543668
0.355993
0.000000
0.000000
0.000000
0.000000
0.000000
0.000000
0.000000
0.000000
0.000000
0.000000
0.000000
0.000000
0.000000
0.396463
0.000000
0.000000
0.000000
0.000000
1.181810
0.405977
0.834885
1.359252
0.000000
0.000000
0.000000
0.000000
0.000000
0.000000
0.000000
0.000000
0.206694
1.657884
1.048270
0.000000
0.000000
0.000000
0.186815
0.761484
0.000000
0.000000
0.000000
1.010350
0.000000
0.000000
0.201156
0.000000
0.000000
0.792753
1.243570
0.000000
0.000000
0.000000
0.192267
0.000000
0.000000
0.000000
0.000000
0.074745
0.000000
0.000000
0.000000
0.316660
0.511058
0.000000
2.246484
0.000000
0.000000
0.207508
0.000000
0.801697
0.000000
0.000000
0.000000
0.000000
0.000000
0.000000
0.000000
0.000000
0.000000
0.000000
0.050570
0.000000
0.000000
0.000000
0.000000
0.000000
0.000000
0.000000
0.000000
0.000000
0.000000
0.000000
0.000000
0.142764
0.241971
0.000000
0.000000
0.000000
0.000000
0.000000
0.000000
0.000000
0.000000
0.000000
0.000000
0.517567
0.000000
0.000000
0.000000
0.116830
0.082693
0.000000
0.000000
0.000000
0.000000
0.000000
0.089472
0.000000
0.000000
0.693794
0.000000
0.204561
0.314770
0.139594
0.141741
0.000000
0.000000
0.000000
1.487934
0.000000
0.401309
0.610415
0.335633
0.320471
0.000000
0.000000
0.000000
0.000000
2.847237
0.000000
0.194132
0.000000
0.422828
0.000000
0.000000
0.000000
0.000000
0.000000
0.000000
0.000000
0.000000
0.000000
0.000000
0.000000
0.395952
1.003987
0.846207
0.000000
0.000000
0.000000
0.000000
0.000000
0.000000
0.729102
0.000000
0.000000
0.075492
0.000000
0.000000
0.367002
0.601617
1.216011
0.000000
0.000000
0.000000
0.000000
0.000000
0.000000
0.000000
0.000000
0.945612
0.000000
0.000000
0.000000
0.000000
0.000000
1.225680
0.000000
0.000000
0.000000
0.000000
0.000000
0.000000
0.000000
0.117148
0.000000
0.000000
0.000000
1.823879
0.000000
0.000000
0.000000
0.000000
0.065081
0.000000
0.000000
0.000000
0.000000
0.000000
0.174285
0.000000
0.748579
0.000000
0.000000
0.384233
0.000000
0.000000
0.000000
0.013069
0.000000
0.000000
0.069633
1.062206
0.850340
0.160833
0.144549
0.000000
0.000000
0.645762
0.000000
0.590820
0.000000
0.000000
1.181470
0.000000
0.000000
0.000000
0.000000
0.874914
0.000000
0.000000
0.000000
0.000000
0.000000
1.167828
0.455224
0.000000
0.000000
0.633320
0.000000
0.000000
0.992844
0.495181
1.529343
0.000000
0.000000
0.000000
1.392701
0.000000
0.000000
0.000000
0.000000
0.497144
1.187646
1.123299
1.360353
1.037903
0.868559
0.116020
0.000000
0.000000
0.000000
0.000000
0.000000
0.000000
0.191818
0.999143
0.000000
0.000000
0.000000
0.000000
0.324514
0.000000
0.000000
0.000000
0.000000
0.000000
0.000000
0.000000
0.000000
0.057526
0.000000
0.000000
1.854356
0.000000
0.000000
0.000000
0.000000
0.000000
0.581784
0.000000
0.158230
0.000000
