0.000000
0.000000
0.000000
0.000000
0.000000
0.000000
0.000000
0.907998
0.000000
0.000000
0.000000
1.685536
0.336179
0.351384
0.000000
0.000000
1.597594
0.000000
0.000000
0.000000
0.000000
0.000000
0.000000
0.696731
0.000000
1.679815
0.000000
0.730255
0.000000
0.876699
0.000000
1.908398
0.000000
0.000000
1.822102
0.412605
0.000000
0.000000
0.000000
0.000000
0.000000
0.000000
0.000000
0.000000
0.000000
0.104202
2.843454
2.535825
0.000000
0.000000
0.000000
0.000000
0.000000
0.038333
0.000000
0.000000
0.000000
0.000000
0.374323
0.000000
0.000000
0.022727
0.000000
0.000000
0.000000
0.000000
0.000000
0.000000
2.783573
0.000000
0.000000
0.000000
0.000000
0.000000
0.000000
1.030495
0.984484
0.000000
0.000000
0.000000
0.000000
0.000000
0.474860
0.000000
0.000000
0.000000
0.000000
0.000000
0.000000
0.000000
0.000000
0.108481
0.000000
0.000000
0.000000
0.000000
0.000000
0.000000
2.036606
0.000000
0.567640
0.000000
0.000000
0.754857
0.000000
0.215229
0.000000
0.000000
0.000000
0.000000
0.431738
0.000000
0.000000
0.000000
0.000000
0.324636
0.853947
0.000000
0.797165
0.000000
0.000000
0.000000
0.000000
1.488062
0.359142
0.000000
0.000000
0.000000
0.000000
0.000000
0.000000
0.000000
0.000000
0.000000
0.000000
0.000000
0.000000
0.000000
0.000000
0.000000
0.000000
0.000000
0.036478
0.305177
0.000000
0.000000
0.000000
1.400439
0.000000
0.450014
0.000000
0.143312
0.000000
0.000000
0.000000
1.269040
0.000000
0.000000
0.000000
0.000000
0.000000
0.000000
0.000000
0.000000
0.779186
0.000000
1.674868
0.000000
0.000000
0.000000
0.671480
0.000000
0.000000
0.000000
0.000000
0.000000
0.000000
0.852255
0.915414
0.000000
0.000000
0.000000
0.000000
0.951982
0.000000
0.000000
0.000000
0.328234
0.000000
0.000000
2.497628
0.000000
0.000000
0.000000
0.000000
0.000000
0.493010
0.000000
0.000000
0.000000
2.400513
0.000000
0.000000
0.000000
0.000000
0.658240
0.000000
0.474404
0.497431
0.000000
0.000000
0.000000
0.000000
1.287806
0.646320
1.836859
0.000000
0.000000
0.000000
0.034575
0.000000
0.000000
1.273074
0.000000
0.000000
0.000000
0.000000
0.000000
0.000000
0.260971
0.000000
0.000000
0.000000
0.000000
0.000000
0.000000
0.000000
0.000000
0.000000
0.000000
0.000000
0.000000
0.000000
0.000000
0.103120
0.205849
0.000000
0.000000
0.000000
0.000000
0.000000
0.000000
0.000000
0.000000
0.000000
0.000000
0.000000
0.000000
0.000000
0.000000
1.309467
0.000000
0.000000
0.000000
0.000000
0.000000
0.000000
0.000000
0.000000
0.000000
1.610644
0.000000
0.000000
0.000000
0.000000
0.000000
0.000000
0.000000
0.000000
0.000000
0.000000
0.000000
0.503339
0.186334
0.000000
1.132947
0.000000
0.088644
0.000000
0.000000
0.000000
0.000000
0.000000
1.196117
0.000000
1.055737
0.000000
0.000000
0.115736
0.503798
0.000000
0.982561
0.272648
0.000000
0.000000
0.000000
0.000000
0.000000
0.123286
0.257276
0.000000
0.000000
0.000000
0.000000
0.000000
0.000000
0.000000
1.064541
0.000000
0.000000
0.000000
2.103156
0.000000
0.000000
0.916919
0.000000
0.000000
0.000000
0.000000
0.000000
0.000000
0.000000
0.000000
0.000000
0.000000
1.018837
0.213582
0.000000
0.000000
0.000000
0.190820
0.000000
0.000000
0.825895
0.000000
0.000000
0.000000
0.000000
0.000000
0.000000
0.000000
0.658641
0.000000
0.000000
0.000000
0.000000
0.000000
0.000000
0.000000
0.000000
0.000000
0.000000
0.090731
0.000000
0.000000
1.396933
0.000000
0.934027
0.000000
0.000000
0.000000
0.000000
0.000000
0.000000
0.000000
0.000000
0.327895
0.000000
0.000000
0.000000
0.110659
0.000000
0.000000
0.000000
0.000000
2.001868
0.000000
1.276271
0.000000
0.000000
0.000000
0.000000
0.000000
0.560657
0.000000
0.871111
0.000000
0.821330
0.000000
0.000000
0.000000
0.000000
0.776535
0.000000
0.000000
0.000000
0.750933
0.000000
0.000000
0.249562
0.000000
0.000000
0.000000
0.000000
0.000000
0.000000
0.000000
0.000000
0.104712
0.000000
0.756134
0.000000
2.193633
0.000000
0.000000
0.000000
0.000000
0.000000
0.000000
0.983845
1.883901
0.000000
0.000000
0.000000
0.000000
0.000000
2.720636
0.000000
0.000000
0.168843
0.000000
0.000000
0.000000
0.000000
0.000000
0.000000
0.000000
0.000000
0.000000
0.112158
0.000000
1.337500
0.000000
0.000000
0.000000
0.000000
0.000000
0.000000
0.000000
0.000000
0.000000
0.890926
0.000000
0.000000
0.653529
0.000000
0.000000
0.000000
1.336747
0.000000
0.410776
0.000000
0.000000
0.000000
0.920526
0.000000
0.000000
0.209678
0.000000
0.708129
0.000000
0.000000
0.533373
0.000000
0.000000
0.000000
0.525064
0.915936
0.000000
1.890392
0.000000
0.000000
0.000000
0.000000
0.000000
0.349112
0.167957
0.000000
0.000000
0.000000
0.700198
0.000000
0.000000
0.000000
0.000000
0.000000
0.000000
0.000000
0.000000
0.000000
0.000000
0.000000
0.000000
0.000000
0.000000
0.000000
0.000000
0.000000
0.000000
0.000000
0.000000
0.000000
0.000000
0.000000
0.000000
0.000000
0.000000
0.318263
0.000000
0.000000
0.000000
0.921406
0.000000
1.386868
0.000000
0.000000
0.000000
0.000000
0.000000
0.000000
0.000000
0.000000
0.000000
0.000000
0.000000
0.000000
0.000000
0.000000
0.000000
0.000000
0.238881
0.000000
0.000000
0.000000
0.000000
0.589587
0.000000
0.000000
0.000000
0.000000
1.285085
0.000000
0.000000
0.000000
1.615670
0.000000
0.000000
0.000000
0.000000
0.000000
0.000000
0.000000
0.000000
0.000000
0.000000
0.000000
0.000000
0.000000
0.818637
0.000000
0.000000
0.000000
0.000000
0.000000
0.000000
0.000000
0.000000
0.299427
0.000000
0.000000
0.000000
0.000000
0.000000
0.000000
0.000000
0.000000
0.144066
0.000000
0.000000
0.000000
1.398453
0.000000
0.000000
0.000000
0.000000
0.000000
0.000000
0.000000
0.000000
0.000000
0.000000
1.811069
0.000000
0.000000
0.939357
0.000000
0.000000
0.000000
0.000000
0.000000
0.000000
0.307023
0.000000
0.620890
0.000000
0.000000
0.000000
1.182133
0.000000
0.000000
1.080298
0.000000
0.000000
0.000000
0.000000
0.000000
0.000000
2.605054
0.000000
0.000000
0.000000
0.000000
0.000000
0.000000
0.000000
0.000000
0.000000
0.000000
0.000000
0.000000
0.000000
0.154476
0.000000
0.000000
0.000000
1.221541
0.000000
0.000000
0.000000
0.000000
0.000000
0.000000
0.000000
0.000000
0.000000
0.000000
0.265101
0.000000
0.000000
0.000000
0.000000
0.698333
0.959969
0.360994
0.000000
0.000000
0.000000
0.894280
0.000000
0.000000
0.000000
0.710358
1.274299
0.000000
0.000000
0.000000
0.000000
0.000000
0.000000
0.000000
0.000000
0.300353
0.000000
0.000000
1.305741
0.000000
0.204352
0.000000
0.000000
0.946285
0.533598
0.000000
0.000000
0.081347
0.895980
0.000000
0.000000
0.403316
0.000000
0.000000
0.000000
1.010415
0.000000
1.584359
0.000000
0.000000
0.000000
0.000000
0.095901
0.000000
0.000000
0.000000
0.000000
0.000000
0.000000
0.000000
0.000000
0.000000
0.000000
2.066626
0.000000
0.000000
0.000000
0.000000
0.000000
0.577864
0.000000
1.243014
0.000000
0.096811
0.000000
0.000000
0.000000
1.829588
0.000000
0.000000
0.019479
0.000000
0.000000
0.000000
0.000000
0.000000
0.000000
0.688772
0.000000
1.343537
0.000000
0.000000
1.531415
0.000000
0.000000
0.000000
1.988038
1.838017
0.000000
1.035678
0.000000
0.000000
0.000000
2.647361
0.000000
0.000000
0.000000
0.000000
0.000000
0.230506
0.000000
0.000000
0.000000
0.000000
0.000000
0.000000
0.000000
0.000000
0.000000
0.000000
0.661688
0.000000
0.000000
0.000000
0.777943
0.359287
0.000000
0.000000
0.000000
0.000000
0.000000
0.000000
0.000000
0.000000
0.000000
0.611538
0.000000
0.000000
1.473018
0.000000
0.000000
0.000000
0.000000
0.000000
0.000000
0.000000
0.000000
0.000000
1.985156
0.000000
0.000000
0.000000
0.000000
0.000000
0.000000
0.276048
0.000000
0.000000
0.000000
0.000000
0.000000
0.000000
0.000000
0.000000
0.000000
0.000000
0.313017
2.343325
0.000000
0.494242
0.000000
3.018238
0.000000
0.000000
0.000000
0.000000
0.000000
0.000000
0.030410
0.000000
0.000000
0.000000
0.000000
0.000000
0.000000
0.000525
0.000000
0.000000
0.000000
0.000000
0.525388
0.000000
0.000000
0.000000
0.000000
0.000000
0.000000
0.000000
0.000000
0.000000
0.817835
0.000000
0.000000
0.000000
0.000000
0.147195
0.522978
0.139081
0.000000
0.000000
2.124586
0.000000
0.000000
0.000000
0.683113
0.105863
0.314699
0.189450
0.279120
2.508710
0.000000
0.170091
0.971586
0.399879
0.000000
0.000000
0.000000
0.000000
0.000000
0.390567
0.000000
0.000000
0.000000
0.000000
0.000000
0.000000
0.000000
0.000000
0.000000
0.000000
0.879519
0.000000
1.750171
0.000000
0.000000
0.000000
0.000000
0.783218
0.000000
0.000000
2.145455
0.000000
0.000000
0.000000
2.806882
0.000000
0.000000
0.000000
0.000000
1.735669
0.000000
0.000000
0.000000
0.178441
0.000000
0.000000
0.000000
0.366105
0.000000
0.000000
0.000000
0.000000
0.000000
1.891503
0.000000
0.000000
0.000000
0.000000
0.000000
0.000000
0.000000
0.000000
0.000000
0.000000
0.000000
2.169425
0.260646
0.000000
0.000000
0.000000
0.015932
0.000000
0.000000
0.000000
0.000000
0.642746
0.000000
0.000000
0.000000
0.000000
0.000000
0.000000
0.000000
0.000000
0.000000
0.000000
0.000000
3.395350
0.000000
0.404077
0.000000
0.000000
0.000000
0.000000
0.117237
0.000000
0.000000
0.000000
0.000000
0.000000
0.000000
0.000000
0.286082
0.000000
0.000000
0.000000
0.000000
0.000000
0.000000
0.000000
0.359320
1.791416
0.000000
0.000000
0.000000
0.000000
0.000000
0.000000
0.000000
0.000000
0.385163
0.000000
0.000000
0.000000
1.062594
0.000000
0.919065
0.000000
0.000000
0.000000
0.000000
0.000000
0.000000
0.000000
0.000000
0.000000
0.000000
0.000000
0.000000
0.000000
0.000000
0.000000
0.000000
0.151017
0.000000
0.000000
0.000000
0.000000
0.000524
0.000000
0.000000
0.000000
0.000000
0.794090
0.000000
0.000000
0.000000
0.025708
0.000000
0.000000
0.000000
0.000000
0.000000
0.000000
1.412910
0.000000
0.000000
0.000000
0.000000
0.000000
0.000000
0.000000
0.000000
0.000000
0.930976
0.000000
0.000000
0.000000
0.000000
2.480389
0.000000
0.000000
0.000000
0.000000
0.000000
0.000000
0.000000
0.831455
0.000000
0.000000
0.000000
0.000000
0.000000
0.000000
0.000000
0.000000
0.000000
0.000000
0.000000
0.000000
1.415662
0.000000
0.000000
0.192895
0.000000
0.000000
0.000000
0.000000
2.218789
0.000000
2.023129
0.000000
0.683500
0.000000
0.000000
0.000000
0.000000
0.000000
0.304029
0.000000
0.000000
0.000000
0.000000
0.000000
0.000000
0.000000
0.000000
0.000000
0.000000
0.000000
0.000000
0.000000
0.439997
0.361744
0.000000
0.000000
0.000000
0.000000
0.000000
0.000000
0.000000
0.074227
0.000000
0.591255
0.000000
0.000000
0.000000
0.000000
0.000000
0.000000
0.368760
0.886263
0.000000
0.000000
0.000000
0.000000
0.000000
0.000000
0.000000
0.000000
0.547165
0.000000
0.000000
0.162840
0.090422
0.000000
1.192716
0.000000
0.000000
0.000000
0.000000
0.000000
0.000000
0.000000
0.000000
0.000000
0.000000
0.000000
0.000000
0.000000
0.000000
0.000000
0.000000
0.000000
1.634253
0.000000
0.000000
1.405644
1.248981
0.000000
1.526348
0.000000
0.000000
0.000000
0.000000
0.000000
0.037563
0.000000
0.000000
0.000000
0.000000
0.000000
0.332877
0.000000
0.695592
0.000000
0.000000
0.000000
0.000000
0.000000
0.000000
0.403410
0.000000
0.000000
0.000000
0.562321
0.000000
0.000000
0.000000
0.000000
0.000000
0.000000
0.000000
0.000000
0.000000
0.000000
0.000000
0.000000
0.000000
0.000000
0.000000
0.000000
0.000000
0.000000
0.503763
0.000000
0.000000
0.000000
0.000000
0.000000
0.000000
0.000000
0.210011
0.534739
0.000000
0.000000
0.000000
0.000000
0.000000
0.000000
0.000000
0.000000
0.000000
0.000000
0.000000
0.857868
0.000000
0.576155
0.000000
0.000000
0.000000
0.000000
0.000000
2.173558
1.970005
0.000000
0.368817
1.368532
0.000000
0.000000
0.000000
0.000000
0.520497
0.000000
0.000000
0.000000
0.000000
0.000000
0.985276
0.000000
0.000000
0.000000
0.000000
0.000000
0.000000
0.000000
0.000000
0.000000
0.000000
0.000000
0.000000
0.000000
0.000000
0.000000
0.000000
0.000000
0.000000
0.387297
0.000000
0.000000
0.000000
0.000000
0.328863
1.797074
0.000000
0.000000
0.000000
0.000000
0.000000
0.000000
0.000000
0.317270
0.000000
0.727434
0.000000
0.000000
0.304762
0.000000
0.000000
0.000000
0.000000
0.658502
0.000000
0.000000
0.000000
0.000000
0.824817
1.639080
0.000000
0.000000
0.000000
0.000000
0.000000
0.000000
3.161595
0.000000
0.747396
0.000000
0.000000
0.000000
0.000000
0.000000
0.000000
1.604219
0.000000
0.000000
2.346895
1.185480
2.804544
0.000000
0.000000
0.000000
0.000000
0.663187
0.000000
0.000000
0.000000
0.000000
0.063859
0.000000
0.000000
1.313716
1.334870
0.000000
1.841149
0.725548
0.000000
0.000000
0.000000
0.000000
0.000000
0.000000
0.000000
0.000000
0.000000
0.000000
0.000000
0.000000
0.000000
0.000000
0.000000
0.000000
0.000000
0.000000
0.000000
1.526223
0.000000
0.000000
1.262753
0.000000
0.000000
0.000000
0.031864
0.000000
0.000000
0.000000
0.000000
0.000000
0.000000
0.000000
0.000000
0.000000
0.000000
0.000000
0.000000
0.388597
0.237274
0.000000
0.000000
0.000000
0.000000
0.615150
0.000000
0.000000
0.000000
0.000000
1.209360
0.000000
0.000000
0.000000
0.000000
0.000000
0.000000
0.000000
0.000000
0.000000
0.142778
0.000000
0.000000
0.000000
0.000000
0.000000
0.768054
0.000000
0.000000
0.000000
3.025167
0.000000
0.000000
1.582214
0.000000
0.000000
0.775077
0.000000
0.000000
0.000000
0.000000
0.076856
0.000000
0.000000
0.000000
0.109483
0.000000
0.000000
0.000000
0.000000
0.000000
0.000000
0.282144
0.000000
0.000000
0.000000
0.000000
0.000000
0.000000
1.335862
0.931026
0.000000
0.000000
0.000000
0.000000
0.000000
0.000000
0.000000
0.000000
0.484805
0.196477
0.000000
0.529873
0.000000
0.000000
0.000000
0.000000
0.000000
0.000000
0.000000
0.000000
0.000000
0.000000
0.000000
0.000000
0.000000
0.273035
0.000000
0.399160
0.594579
0.000000
0.000000
0.000000
0.000000
0.000000
0.000000
0.000000
0.000000
0.000000
0.000000
0.000000
0.000000
0.298211
0.000000
0.000000
0.000000
0.565782
0.096369
0.000000
1.488799
0.000000
0.000000
0.000000
0.000000
0.000000
0.000000
0.307478
0.000000
0.000000
1.250569
0.000000
0.000000
1.375991
0.000000
0.000000
0.000000
0.000000
0.000000
2.028588
1.170303
0.000000
1.348468
0.000000
0.000000
0.000000
0.000000
1.699184
0.000000
0.000000
0.000000
0.000000
0.000000
0.458284
0.000000
0.000000
0.000000
0.000000
0.000000
0.000000
1.320005
0.000000
0.000000
0.000000
0.000000
0.000000
0.000000
0.000000
0.000000
0.000000
1.136682
0.000000
0.000000
0.000000
1.684476
0.000000
0.000000
0.000000
0.000000
0.000000
0.000000
0.000000
0.000000
0.000000
0.776265
0.000000
0.000000
0.000000
0.000000
0.000000
0.000000
0.942527
0.000000
0.000000
0.000000
0.000000
0.000000
0.000000
0.000000
2.582932
0.462374
0.000000
0.000000
0.000000
0.000000
0.000000
0.000000
0.000000
0.000000
0.000000
0.241495
0.000000
0.000000
0.000000
0.000000
0.000000
0.000000
0.000000
0.000000
0.000000
0.000000
0.501419
0.000000
0.000000
0.667627
0.000000
0.000000
1.237339
1.099263
0.132563
0.957300
0.000000
0.000000
0.000000
0.000000
0.000000
2.125585
0.000000
0.000000
0.000000
0.000000
0.000000
0.000000
0.000000
0.000000
0.000000
0.000000
1.518866
0.023904
0.000000
0.000000
0.000000
1.329140
0.000000
0.000000
0.000000
1.725794
0.000000
0.035352
0.000000
0.000000
0.000000
0.000000
0.000000
0.000000
0.000000
0.000000
0.000000
0.000000
0.000000
0.991335
0.456477
0.000000
0.000000
0.000000
0.000000
0.000000
0.000000
0.000000
0.000000
0.000000
0.000000
0.000000
0.000000
0.000000
0.000000
0.000000
0.000000
0.000000
0.000000
0.000000
0.680095
0.000000
0.000000
0.000000
0.000000
0.000000
1.667693
0.901420
0.000000
0.000000
0.000000
0.559848
0.000000
0.000000
0.307815
0.288112
0.000000
0.000000
0.000000
0.000000
0.000000
0.000000
0.000000
0.000000
0.000000
0.000000
0.000000
0.000000
0.000000
0.000000
0.000000
0.000000
0.555879
0.000000
0.000000
1.040045
1.267988
0.000000
0.000000
0.000000
0.000000
0.000000
0.000000
0.738709
0.205027
0.000000
0.000000
0.000000
0.000000
0.000000
0.000000
0.000000
0.000000
0.000000
0.937899
0.000000
0.000000
0.000000
0.000000
0.000000
0.000000
0.000000
0.000000
0.000000
0.000000
0.925857
0.000000
0.000000
0.000000
1.356403
0.000000
0.000000
0.123254
1.219187
0.104636
0.000000
0.000000
0.000000
0.141792
0.000000
1.777902
0.000000
0.000000
0.000000
0.075798
0.000000
0.000000
0.000000
0.000000
0.000000
0.153748
0.503868
0.000000
1.782808
0.000000
1.225891
0.000000
0.000000
0.000000
0.311500
0.000000
0.000000
0.000000
0.000000
0.233220
0.000000
0.946848
0.000000
0.000000
0.000000
0.000000
0.000000
1.336444
0.000000
0.000000
0.000000
0.000000
1.297946
0.706034
0.000000
0.000000
0.000000
0.000000
0.000000
0.000000
0.000000
0.000000
0.000000
1.343601
0.000000
0.409852
0.000000
0.000000
0.570216
0.000000
0.514560
0.000000
0.000000
0.508835
0.000000
0.000000
0.000000
1.218214
0.142486
0.206267
1.980185
0.362787
1.367180
0.000000
0.000000
0.000000
0.000000
0.000000
0.000000
0.000000
0.544828
0.000000
0.000000
0.000000
0.000000
0.000000
0.000000
0.000000
0.000000
0.000000
0.000000
0.000000
0.000000
0.000000
2.887655
0.000000
0.965535
0.000000
0.000000
0.000000
0.000000
0.948707
0.000000
0.000000
0.646006
1.582100
0.000000
0.000000
0.322862
0.000000
0.000000
0.000000
1.034088
0.000000
0.693513
0.856533
0.633737
0.000000
0.000000
0.000000
0.000000
0.225872
0.000000
0.427532
1.114022
0.000000
1.318028
0.000000
0.000000
0.482734
0.000000
0.000000
0.000000
0.000000
0.000000
0.347686
0.000000
0.000000
0.000000
0.000000
0.000000
0.000000
0.000000
0.000000
0.000000
0.000000
0.552653
0.000000
0.000000
0.000000
0.000000
0.000000
0.000000
0.000000
0.000000
0.000000
0.000000
0.000000
0.672783
0.000000
0.000000
1.027905
0.000000
0.000000
0.000000
0.680875
0.000000
2.033524
0.228334
0.000000
1.231208
0.000000
0.220071
0.000000
0.000000
0.000000
0.000000
0.000000
0.000000
0.000000
0.000000
0.000000
0.000000
0.000000
0.000000
0.000000
0.000000
0.000000
0.000000
0.000000
0.000000
0.000000
0.000000
0.000000
0.000000
0.000000
0.000000
0.000000
0.000000
0.000000
0.000000
0.920133
0.000000
0.000000
1.071925
0.402988
0.000000
0.288827
0.000000
0.000000
0.208507
0.000000
0.000000
3.200495
1.113643
0.000000
0.000000
0.000000
0.000000
0.000000
0.000000
0.000000
0.000000
0.026798
0.000000
0.479855
0.000000
2.191935
0.000000
0.000000
4.573481
0.801612
0.000000
0.000000
0.000000
0.000000
0.000000
1.844329
0.000000
0.000000
0.000000
0.000000
0.000000
0.000000
0.000000
0.506114
0.000000
0.000000
0.000000
0.000000
0.000000
0.000000
0.000000
0.000000
0.000000
0.435212
0.000000
2.396646
0.000000
0.209246
0.000000
0.000000
0.490754
0.000000
0.000000
0.000000
0.000000
0.224072
0.000000
0.000000
0.422963
0.000000
0.000000
0.000000
0.000000
0.000000
1.116482
0.060871
0.000000
0.000000
0.000000
0.000000
0.926540
0.715363
0.000000
0.000000
0.000000
1.216758
0.000000
1.091658
0.000000
0.000000
2.066856
0.000000
0.000000
0.000000
0.414034
1.908205
0.000000
0.000000
0.000000
0.000000
0.000000
0.000000
1.770541
0.000000
0.000000
0.000000
0.000000
0.693555
0.000000
0.000000
0.000000
0.043721
0.000000
0.000000
0.000000
0.576856
0.000000
1.195132
2.887129
0.000000
0.000000
0.000000
0.000000
0.000000
0.000000
0.000000
0.000000
0.000000
1.016486
0.949150
0.000000
0.811404
1.272253
0.000000
0.000000
0.180146
0.000000
0.446284
0.000000
0.000000
0.000000
0.000000
0.000000
0.000000
0.000000
0.000000
0.000000
0.000000
0.000000
0.000000
0.000000
0.000000
0.477008
0.000000
0.000000
1.032686
0.000000
0.000000
0.000000
0.000000
0.000000
0.000000
0.738787
0.000000
0.000000
0.000000
0.000000
0.000000
0.000000
0.641112
0.000000
0.000000
0.000000
0.849581
0.000000
3.233710
0.000000
1.474101
0.000000
0.000000
0.684182
0.000000
0.425301
0.000000
0.000000
0.000000
0.000000
0.000000
0.000000
0.000000
1.730029
0.000000
2.030667
0.000000
0.000000
0.000000
0.000000
0.000000
0.000000
0.000000
0.000000
0.000000
0.000000
1.619687
0.000000
0.131695
1.469753
0.000000
0.321626
0.000000
0.915898
0.000000
0.000000
0.000000
0.000000
0.000000
0.853354
0.000000
0.000000
2.127257
0.420337
0.000000
0.000000
0.537582
0.062583
0.000000
0.000000
0.000000
0.000000
0.000000
0.127417
0.000000
0.000000
0.000000
0.000000
0.000000
0.000000
0.000000
0.000000
0.000000
0.000000
0.000000
0.000000
0.000000
0.000000
0.000000
0.000000
0.000000
0.000000
0.000000
0.000000
0.000000
0.000000
3.150431
0.000000
0.000000
0.000000
0.000000
0.000000
0.000000
0.000000
0.000000
0.000000
0.000000
0.000000
0.316635
0.000000
0.000000
0.000000
0.000000
0.000000
0.000000
0.927834
0.000000
0.000000
0.000000
0.000000
0.686542
1.503257
0.000000
0.000000
0.000000
0.000000
0.468061
0.000000
0.000000
0.000000
0.000000
0.550379
0.000000
0.705013
0.816524
0.000000
0.000000
0.000000
2.330779
0.000000
0.000000
0.000000
0.000000
0.000000
0.000000
0.000000
0.000000
0.000000
0.000000
0.000000
0.000000
0.000000
0.000000
0.000000
0.962061
0.000000
0.000000
0.000000
1.129451
0.000000
0.000000
0.000000
0.000000
0.000000
0.000000
0.000000
0.000000
0.000000
0.000000
0.799913
0.532388
1.906427
0.000000
0.000000
0.000000
1.149271
0.092717
0.820196
0.000000
0.000000
0.000000
0.000000
0.188148
0.000000
1.177227
0.000000
2.804161
0.000000
0.000000
0.000000
0.000000
0.000000
0.000000
0.000000
0.000000
2.251080
0.000000
0.000000
0.000000
0.000000
0.000000
0.000000
0.779341
0.571292
0.000000
0.000000
0.000000
0.612586
0.000000
0.000000
0.000000
0.263858
0.000000
0.000000
0.000000
0.000000
0.000000
0.000000
0.000000
0.000000
0.089236
0.902545
0.000000
0.000000
1.156283
0.000000
0.000000
0.000000
0.000000
0.000000
0.000000
0.575770
0.000000
0.000000
0.000000
0.000000
0.000000
0.000000
1.299597
0.000000
0.000000
0.000000
0.320626
0.000000
0.000000
0.000000
0.000000
0.000000
0.000000
0.000000
0.000000
0.381050
0.000000
0.000000
0.000000
0.772693
0.000000
0.000000
0.000000
0.000000
1.001204
0.000000
0.592168
0.000000
0.000000
0.000000
0.995538
0.000000
0.000000
0.000000
0.000000
0.000000
0.288667
0.123454
1.244459
0.000000
0.000000
0.060618
0.000000
0.000000
0.000000
0.000000
0.012462
0.000000
0.000000
0.590805
0.000000
0.000000
0.070644
0.000000
0.000000
0.000000
0.000000
0.000000
0.000000
0.000000
0.000000
0.000000
0.611305
1.016135
0.000000
0.000000
0.254024
0.000000
0.000000
0.000000
0.000000
0.000000
2.056290
0.000000
0.000000
0.000000
0.000000
0.000000
0.000000
0.000000
0.000000
0.639825
5.474068
0.745219
0.000000
0.000000
2.173810
0.000000
1.028947
0.000000
0.000000
0.000000
0.000000
0.000000
0.000000
0.000000
0.332532
0.231872
0.000000
0.000000
0.000000
0.000000
0.000000
3.040921
0.000000
0.000000
0.000000
0.000000
0.000000
0.000000
0.034416
1.101689
0.000000
0.000000
0.000000
1.429768
0.390402
0.246442
0.000000
0.915557
0.411522
0.000000
0.083287
0.000000
0.412377
0.000000
0.000000
0.000000
1.097468
0.000000
0.000000
1.463582
0.000000
0.000000
0.000000
0.000000
0.000000
0.000000
0.117289
0.000000
0.000000
1.049216
0.012008
0.483955
0.641364
0.000000
0.000000
0.000000
0.000000
0.000000
0.000000
0.000000
0.000000
0.000000
0.000000
0.000000
0.000000
0.323487
0.167465
0.412421
0.000000
1.922930
0.615532
0.000000
0.127878
0.000000
0.000000
0.000000
0.000000
0.000000
0.000000
0.000000
0.000000
0.000000
0.987680
0.211130
2.688772
0.872692
0.000000
0.000000
0.833996
0.086391
0.000000
0.000000
0.454991
0.000000
0.000593
0.149356
0.000000
0.850442
0.000000
0.000000
0.000000
1.582429
2.475995
0.389092
0.000000
0.000000
0.000000
0.000000
0.000000
0.000000
0.000000
0.000000
0.000000
0.000000
0.000000
0.000000
0.000000
0.000000
0.000000
0.000000
0.000000
0.000000
0.000000
0.000000
0.000000
3.085365
0.000000
2.052800
0.000000
0.000000
0.000000
0.000000
0.000000
0.000000
0.000000
0.000000
0.265568
0.000000
2.618712
0.183775
0.000000
0.000000
0.000000
0.000000
0.683923
1.341311
0.000000
0.000000
0.000000
0.000000
0.008225
0.000000
0.133710
0.000000
0.243924
0.000000
0.780436
0.000000
0.000000
0.000000
0.000000
0.000000
0.000000
0.000000
0.000000
1.628903
0.258698
0.000000
0.000000
0.000000
0.039333
0.104955
1.093852
0.000000
0.000000
0.935926
0.000000
0.000000
0.000000
0.000000
0.000000
1.166617
0.000000
0.000000
0.989230
0.000000
0.107427
0.000000
0.000000
0.000000
0.000000
1.031716
0.000000
0.000000
0.000000
0.000000
0.000000
0.974238
0.000000
0.000000
0.000000
0.000000
0.000000
2.233281
0.000000
1.163639
0.945988
0.000000
0.000000
0.000000
0.000000
0.047070
0.000000
0.000000
0.000000
0.000000
0.000000
0.000000
0.000000
0.000000
0.452888
0.440845
0.368067
0.000000
2.478118
0.000000
0.000000
0.000000
1.157784
0.000000
0.000000
0.000000
0.019706
1.616501
2.478859
0.000000
0.000000
0.000000
0.000000
0.000000
0.000000
1.799733
0.767899
0.000000
0.000000
0.339188
0.000000
0.000000
0.000000
0.000000
0.000000
0.000000
0.000000
0.000000
0.430864
0.000000
0.000000
0.000000
0.000000
0.000000
0.000000
0.000000
1.568343
0.000000
0.000000
0.000000
0.000000
0.265021
0.057034
2.023277
0.000000
0.000000
0.000000
0.000000
0.000000
0.000000
0.000000
0.363509
0.000000
0.000000
0.000000
0.000000
0.000000
0.162602
0.426981
0.000000
0.000000
0.000000
0.433680
0.000000
0.501589
1.060268
0.000000
0.000000
0.000000
0.608950
0.067245
0.000000
0.000000
0.055267
1.412878
0.000000
0.000000
1.956590
0.000000
1.768318
0.000000
1.067506
1.037689
0.810247
0.000000
0.000000
0.000000
0.659164
0.000000
0.000000
0.000000
0.000000
0.076490
0.000000
0.000000
0.000000
0.000000
0.000000
0.000000
0.239704
0.000000
0.000000
0.000000
0.000000
0.000000
1.320256
0.000000
0.920648
0.000000
0.000000
0.000000
0.000000
0.000000
0.000000
0.000000
0.000000
2.091303
0.000000
0.000000
0.778925
0.000000
0.000000
0.000000
0.717777
0.358592
0.000000
1.164736
0.000000
0.000000
0.000000
0.000000
0.698555
0.000000
0.000000
0.138919
2.466304
0.000000
0.000000
0.000000
0.000000
0.000000
0.000000
0.000000
0.000000
1.412435
0.000000
0.000000
0.000000
0.000000
0.000000
0.000000
0.609153
1.093157
0.000000
0.000000
0.000000
0.000000
0.000000
0.234004
0.000000
0.000000
0.000000
0.000000
0.000000
0.000000
0.000000
0.000000
0.000000
0.000000
0.154887
0.000000
0.000000
0.120516
0.000000
1.957634
0.000000
0.000000
0.000000
0.000000
2.748264
0.000000
0.000000
1.065027
0.000000
2.751028
0.000000
2.057015
0.000000
0.000000
0.000000
0.000000
0.000000
0.285762
0.000000
0.000000
0.081761
0.417791
0.000000
0.000000
0.000000
0.000000
0.000000
0.253531
2.304949
0.000000
0.000000
1.345802
0.000000
0.000000
0.000000
0.047151
0.000000
1.893287
0.204340
0.840304
0.000000
0.000000
0.000000
0.000000
0.000000
0.000000
0.000000
0.000000
0.000000
0.000000
0.000000
0.000000
0.000000
0.538721
2.428991
0.000000
0.000000
0.000000
0.523661
0.000000
0.000000
0.000000
0.000000
1.620771
0.000000
0.000000
1.465528
0.000000
0.000000
0.000000
1.157396
0.168030
0.000000
0.703483
0.988566
0.000000
0.783455
0.951179
0.000000
0.000000
0.000000
0.000000
0.557930
0.817841
0.000000
1.630422
1.243992
0.000000
0.000000
0.000000
0.000000
1.061921
0.000000
0.000000
0.007226
0.000000
0.000000
0.000000
0.000000
0.000000
2.387010
0.000000
0.000000
1.952857
0.000000
0.000000
0.254723
0.000000
0.000000
0.000000
0.486042
0.000000
0.000000
0.644230
0.000000
0.000000
0.000000
0.625521
0.000000
0.691736
0.150661
0.000000
0.000000
0.000000
0.000000
0.000000
0.000000
0.000000
0.000000
0.071156
0.000000
0.341826
0.000000
0.000000
0.505703
0.000000
0.000000
0.000000
0.325712
0.000000
0.000000
0.000000
0.000000
0.000000
0.000000
0.000000
0.000000
0.000000
0.000000
0.452184
0.046744
0.215671
0.000000
0.000000
0.000000
0.000000
0.821917
0.000000
0.000000
0.000000
0.000000
0.000000
0.000000
0.048637
0.426985
0.000000
0.425013
1.504479
1.448195
0.000000
0.000000
0.417570
0.000000
0.000000
0.000000
0.000000
1.036154
0.000000
0.000000
0.660115
0.744043
1.413319
0.665811
0.000000
0.000000
0.000000
0.407664
0.812250
0.000000
0.000000
0.393044
0.000000
0.000000
0.000000
0.000000
0.000000
0.000000
0.000000
0.000000
0.407374
0.000000
0.000000
0.564732
0.000000
0.000000
0.328859
1.194310
0.000000
0.000000
0.000000
0.143238
0.000000
0.000000
0.000000
0.000000
0.000000
0.000000
0.000000
0.000000
0.714548
0.584739
0.000000
0.000000
0.635772
0.603605
0.000000
0.000000
0.000000
0.000000
0.000000
0.000000
0.000000
0.000000
0.000000
0.000000
0.000000
0.000000
1.029764
0.610622
0.000000
0.400736
0.000000
0.061390
0.000000
0.000000
0.000000
0.000000
0.000000
0.000000
0.047193
0.000000
0.000000
0.000000
0.000000
0.127481
0.659071
0.000000
0.013402
0.000000
0.000000
0.000000
0.015963
0.000000
0.000000
0.000000
1.623829
0.000000
0.000000
0.116569
0.433818
0.000000
0.000000
0.000000
0.000000
0.000000
1.063731
0.000000
0.000000
3.708533
0.000000
0.000000
0.000000
0.000000
0.000000
0.000000
0.000000
0.000000
0.645805
1.015218
0.904479
0.000000
0.000000
0.812143
0.000000
0.000000
0.000000
0.000000
0.000000
2.585369
0.000000
0.076442
0.582475
0.000000
0.000000
0.000000
1.558884
0.000000
3.976785
0.000000
0.000000
0.000000
1.481173
0.361593
0.000000
0.000000
0.000000
0.000000
1.880095
0.000000
0.994454
0.000000
0.392416
0.000000
0.000000
0.000000
0.000000
0.000000
0.000000
0.491985
0.000000
0.000000
0.000000
0.000000
0.000000
1.186640
0.000000
0.000000
0.000000
1.652969
0.000000
0.262871
0.510851
0.000000
1.558007
0.000000
0.000000
0.000000
0.000000
0.000000
0.000000
0.000000
0.616002
0.000000
0.000000
0.000000
0.000000
0.171990
0.000000
0.427800
0.000000
0.000000
0.000000
0.000000
0.000000
0.000000
0.000000
0.000000
0.000000
0.420240
0.000000
0.000000
0.000000
0.000000
0.000000
0.000000
0.010131
1.702362
0.190163
0.000000
0.000000
0.000000
0.252880
0.000000
0.000000
0.000000
0.000000
0.000000
0.000000
0.000000
0.000000
0.000000
0.000000
0.000000
0.000000
0.659131
0.272867
0.113399
0.445317
2.422196
0.000000
0.000000
0.000000
0.000000
0.000000
0.000000
0.000000
0.000000
0.000000
0.000000
0.000000
0.000000
0.000000
0.122299
0.000000
0.424651
0.000000
0.000000
0.000000
0.000000
1.720771
0.000000
0.925161
0.000000
0.000000
0.000000
0.000000
0.000000
0.000000
0.000000
0.266794
0.000000
0.000000
0.000000
0.000000
0.000000
0.000000
0.000000
0.122142
0.000000
0.000000
0.181246
0.000000
0.000000
0.000000
0.000000
0.547464
0.000000
0.000000
1.199277
0.699070
1.811825
0.000000
0.000000
0.000000
0.000000
0.000000
0.000000
0.000000
0.000000
1.406394
0.000000
0.000000
0.000000
0.611715
0.000000
0.000000
0.000000
0.000000
0.000000
0.240397
0.413397
1.169629
0.000000
0.000000
1.251984
1.841360
0.017717
0.000000
0.000000
0.223321
0.000000
0.000000
0.468154
0.000000
0.000000
0.000000
0.000000
0.002257
0.000000
0.196911
0.634337
0.710049
0.000000
0.000000
1.558422
0.000000
0.000000
0.077813
0.000000
0.000000
0.000000
1.806866
0.000000
0.000000
0.000000
0.000000
0.000000
0.000000
0.000000
0.000000
0.000000
0.000000
0.000000
0.139973
0.696741
0.484317
0.000000
0.000000
0.699416
0.000000
0.000000
0.571996
0.000000
0.388271
0.291951
0.000000
0.000000
0.000000
0.000000
0.000000
0.000000
1.087548
0.000000
0.000000
0.000000
0.000000
0.000000
0.000000
0.000000
0.257649
0.000000
1.063360
0.084971
0.000000
0.000000
1.037503
0.000000
0.000000
0.000000
0.000000
0.000000
0.000000
0.888774
0.000000
0.537026
0.000000
0.000000
0.000600
0.000000
0.000000
0.000000
0.000000
0.000000
0.000000
0.000000
0.209011
0.000000
2.128617
1.206378
0.000000
0.000000
0.838499
0.000000
0.000000
0.000000
0.000000
0.000000
0.000000
0.000000
0.000000
1.338194
0.000000
0.000000
0.000000
0.000000
0.000000
0.000000
0.000000
0.000000
0.000000
0.000000
0.100690
0.000000
0.000000
0.000000
0.000000
0.000000
0.000000
0.000000
0.663508
0.000000
0.000000
0.000000
0.000000
0.000000
0.000000
0.316073
0.000000
0.000000
0.000000
1.324837
0.000000
0.000000
0.000000
1.343008
0.733233
0.000000
0.000000
0.544355
0.000000
0.000000
0.000000
0.118862
0.000000
0.027767
0.172504
0.000000
0.000000
2.054980
0.000000
0.000000
0.051330
0.000000
0.108762
0.000000
0.000000
0.300020
0.000000
0.000000
0.000000
0.000000
0.000000
0.000000
0.000000
0.000000
0.000000
0.000000
0.000000
0.000000
0.000000
0.000000
0.000000
0.474637
0.000000
0.000000
0.000000
0.000000
0.000000
0.000000
2.643702
0.000000
0.000000
0.622349
0.000000
0.000000
0.000000
0.000000
0.000000
0.000000
0.000000
0.000000
0.000000
0.000000
0.000000
0.000000
0.000000
0.000000
0.000000
0.000000
0.000000
1.336317
0.000000
0.000000
2.294360
0.000000
0.000000
0.000000
0.000000
0.000000
0.000000
0.000000
1.051127
0.000000
0.000000
0.000000
0.000000
0.000000
0.000000
0.000000
0.000000
1.181719
0.000000
0.000000
0.162494
0.000000
0.000000
0.000000
0.000000
0.000000
0.037007
0.000000
0.000000
0.000000
0.000000
0.000000
0.000000
0.000000
0.000000
2.048889
0.000000
0.000000
0.000000
0.000000
0.000000
0.751280
0.000000
0.000000
0.000000
0.000000
0.000000
0.000000
1.888603
0.311415
0.000000
1.904770
0.000000
0.000000
0.000000
0.000000
0.000000
1.019387
0.000000
0.000000
0.000000
0.000000
0.000000
2.495126
0.000000
0.000000
0.000000
0.000000
0.000000
0.000000
0.000000
0.000000
0.000000
0.409930
0.000000
0.050236
0.000000
0.936408
0.000000
0.000000
0.774037
0.688885
0.000000
0.000000
0.000000
0.000000
0.000000
0.000000
0.000000
0.000000
0.000000
0.000000
0.000000
0.000000
0.000000
0.000000
0.000000
0.458592
0.000000
0.000000
0.000000
0.000000
0.000000
0.000000
0.000000
0.013056
0.000000
1.268265
0.000000
0.899485
0.000000
0.000000
0.000000
0.000000
0.000000
0.000000
0.000000
0.000000
0.000000
0.000000
0.000000
0.000000
0.000000
0.000000
0.903077
0.000000
0.000000
0.000000
0.649715
0.000000
0.000000
0.000000
0.000000
0.896412
0.000000
3.021360
0.000000
0.000000
0.043779
0.000000
0.000000
0.000000
0.000000
0.000000
0.000000
0.000000
1.287354
0.000000
0.000000
0.506797
0.000000
0.000000
0.000000
0.000000
0.000000
0.000000
0.000000
0.000000
0.000000
0.000000
0.000000
0.000000
0.000000
0.437912
0.052456
0.000000
0.000000
0.000000
0.000000
0.000000
0.539812
1.215380
0.000000
0.000000
0.000000
0.000000
0.000000
0.000000
0.000000
0.000000
0.545937
1.666147
0.000000
1.451727
1.150404
0.000000
0.000000
0.000000
0.000000
0.000000
0.000000
0.000000
0.000000
0.000000
0.427869
0.000000
0.000000
0.000000
0.000000
0.000000
0.452333
1.037777
0.000000
0.000000
0.000000
0.000000
0.000000
0.000000
0.000000
0.000000
0.000000
0.000000
2.230496
0.000000
0.000000
0.000000
0.511909
0.000000
0.000000
0.000000
0.000000
0.000000
0.000000
0.000000
0.000000
0.340129
0.000000
0.000000
0.970400
0.000000
0.000000
0.000000
0.686221
0.000000
0.000000
0.000000
0.000000
0.000000
0.000000
0.000000
2.156324
0.000000
0.000000
0.000000
0.491278
0.000000
0.000000
0.000000
0.000000
0.000000
0.000000
0.000000
0.000000
0.000000
0.000000
0.000000
1.838788
0.000000
0.000000
0.000000
0.000000
1.394382
0.000000
0.000000
0.708429
1.169114
0.000000
0.000000
0.000000
0.000000
0.000000
0.000000
0.000000
0.000000
0.000000
1.124350
0.000000
0.000000
0.000000
1.293315
0.000000
0.000000
0.431243
0.000000
0.000000
2.578361
0.000000
0.000000
0.000000
0.000000
0.000000
0.000000
0.272919
0.000000
2.168271
0.000000
0.000000
0.060643
0.000000
0.908792
0.000000
0.000000
0.000000
0.548169
0.000000
0.297586
0.000000
1.587638
0.000000
0.000000
0.000000
0.000000
0.000000
0.611480
0.000000
0.000000
0.000000
0.000000
0.444854
0.000000
0.000977
0.000000
0.000000
0.000000
0.000000
0.000000
1.200087
0.000000
2.525095
0.000000
0.000000
0.000000
0.000000
0.000000
0.000000
0.000000
0.000000
0.000000
0.000000
0.000000
0.000000
0.000000
0.000000
0.000000
0.000000
0.000000
0.000000
0.000000
0.000000
0.000000
0.000000
0.000000
0.000000
0.513565
3.742867
0.000000
0.000000
0.000000
0.000000
0.000000
0.000000
0.000000
0.000000
0.000000
0.000000
0.000000
0.000000
0.000000
0.000000
0.000000
0.000000
0.000000
0.962395
0.000000
0.000000
0.122387
1.176631
0.000000
0.000000
0.072634
0.000000
0.000000
0.603954
0.000000
0.000000
0.000000
0.000000
0.000000
0.000000
0.855669
0.090143
0.000000
0.054660
0.000000
0.000000
0.000000
0.000000
0.946231
0.000000
0.000000
0.000000
0.046989
0.000000
1.653882
0.000000
0.000000
0.000000
0.000000
0.000000
0.000000
0.000000
0.000000
0.000000
0.000000
1.879414
0.000000
0.000000
0.000000
0.000000
0.000000
0.025875
0.000000
1.864843
0.866480
0.000000
0.000000
0.000000
0.000000
0.021252
0.000000
0.000000
0.000000
0.000000
0.000000
0.000000
0.000000
2.552264
0.585008
0.000000
0.000000
0.000000
0.000000
0.000000
0.000000
0.000000
0.000000
0.000000
0.757237
0.000000
0.011469
0.000000
0.000000
1.322127
0.000000
0.000000
0.000000
0.000000
0.000000
0.000000
0.087750
0.000000
0.000000
0.000000
0.000000
0.000000
0.000000
0.000000
1.275712
1.273481
0.000000
0.000000
0.000000
0.000000
0.000000
0.000000
0.000000
0.460460
0.000000
0.000000
0.555528
0.000000
0.000000
0.240830
0.000000
0.000000
0.000000
0.000000
0.000000
0.000000
0.000000
1.626581
0.000000
0.000000
0.643196
0.482233
0.440752
0.000000
0.000000
1.396569
0.000000
0.280588
0.060387
0.498734
0.000000
0.000000
0.000000
0.000000
0.748622
0.000000
0.000000
0.000000
0.814219
0.000000
0.000000
0.000000
0.000000
1.198187
0.000000
0.310896
0.000000
0.620602
0.000000
0.000000
0.000000
0.000000
3.658705
0.000000
0.000000
0.000000
0.979493
0.000000
0.000000
0.000000
1.226042
0.000000
0.000000
2.153898
0.000000
0.000000
0.000000
0.000000
0.000000
0.000000
0.000000
0.000000
0.000000
0.590568
0.340003
0.000000
0.000000
0.000000
0.000000
0.419990
1.965924
0.000000
1.192815
0.000000
0.000000
0.000000
0.000000
0.000000
0.808750
0.009262
1.992558
0.000000
0.000000
0.000000
0.000000
0.000000
1.067489
0.000000
0.000000
0.000000
0.000000
0.000000
0.000000
0.000000
0.000000
