0.000000
0.000000
0.000000
0.000000
0.000000
0.000000
0.000000
0.000000
0.000000
0.477041
0.000000
0.000000
0.000000
0.831483
0.000000
0.000000
0.000000
0.000000
0.000000
1.037905
0.000000
0.000000
0.000000
0.021806
1.144865
0.000000
2.396713
0.376838
0.000000
0.000000
0.000000
0.296687
0.000000
0.000000
0.216825
0.290349
0.000000
0.000000
2.379909
0.000000
0.022385
0.000000
0.613367
0.000000
0.000000
0.000000
0.000000
0.748032
1.672944
0.000000
0.010382
0.000000
0.000000
0.000000
0.000000
0.000000
0.000000
0.000000
0.092436
0.000000
0.000000
0.038830
0.000000
0.657299
0.000000
0.000000
0.000000
0.000000
0.000000
0.000000
0.000000
0.000000
0.000000
0.000000
0.000000
1.048642
0.000000
0.000000
0.000000
0.000000
0.000000
0.000000
0.000000
0.000000
0.000000
0.000000
0.000000
0.000000
0.000000
0.000000
0.000000
0.042956
0.000000
1.329557
0.000000
0.000000
0.000000
0.000000
0.000000
0.000000
0.000000
0.000000
0.000000
0.000000
0.000000
0.286173
0.000000
0.000000
0.992324
0.000000
0.476815
0.341775
0.000000
0.692877
0.000000
0.000000
0.000000
0.000000
0.000000
0.000000
0.000000
0.457881
0.363823
0.000000
0.000000
0.000000
0.000000
0.000000
0.000000
0.262950
0.000000
0.000000
0.000000
0.831614
0.993337
0.000000
0.000000
0.111323
0.000000
0.000000
0.000000
0.000000
0.000000
0.673255
0.000000
0.000000
0.000000
0.000000
0.798992
0.000000
0.000000
0.000000
0.000000
0.382123
0.568969
0.000000
0.000000
0.000000
0.000000
0.000000
0.000000
0.524629
0.210372
0.224638
0.000000
0.000000
0.000000
0.000000
0.000000
0.000000
0.000000
0.000000
0.000000
0.000000
0.000000
0.000000
1.490825
0.013621
2.935702
0.000000
0.000000
0.000000
0.000000
0.000000
0.000000
0.000000
0.000000
0.000000
0.000000
0.000000
1.831452
0.000000
0.000000
0.000000
0.000000
0.000000
0.166816
0.000000
0.541593
0.000000
0.000410
0.000000
0.000000
0.000000
0.000000
0.000000
0.000000
0.000000
0.000000
0.000000
0.000000
0.000000
0.000000
0.000000
0.000000
0.000000
0.000000
0.000000
0.134867
0.000000
0.000000
1.289274
0.000000
0.000000
0.715436
0.000000
0.000000
0.365360
0.000000
0.000000
0.000000
0.000000
0.000000
0.000000
1.202838
0.000000
0.000000
0.000000
0.000000
0.000000
0.000000
0.000000
0.358713
0.000000
0.000000
0.000000
0.921515
0.000000
0.000000
0.000000
0.801610
0.000000
0.000000
0.151043
0.000000
0.000000
0.000000
0.000000
0.000000
1.078044
0.000000
0.000000
0.000000
0.113274
0.000000
0.000000
0.000000
0.000000
0.000000
0.661759
0.360261
0.000000
0.423721
0.000000
0.000000
0.000000
0.000000
0.000000
0.000000
0.000000
0.000000
0.000000
0.000000
0.902425
0.000000
0.000000
0.000000
0.117133
0.000000
0.000000
0.000000
0.219641
0.000000
0.000000
0.000000
0.000000
0.000000
0.000000
0.000000
0.000000
0.000000
0.000000
0.000000
0.000000
0.000000
0.000000
0.226059
0.000000
0.000000
0.000000
0.000000
0.000000
0.001701
0.074375
0.235084
0.142928
0.000000
0.000000
0.280910
0.000000
0.793281
0.000000
0.000000
0.000000
0.427242
0.000000
0.000000
0.000000
0.736675
0.000000
0.000000
0.000000
0.000000
0.748573
0.000000
0.000000
0.704737
0.133040
0.000000
0.000000
0.000000
0.000000
0.000000
1.427948
0.000000
0.000000
0.000000
0.000000
0.000000
0.000000
0.000000
0.000000
1.262955
0.000000
3.268136
0.000000
0.366622
0.000000
0.000000
0.000000
0.000000
0.000000
0.978967
0.000000
2.095703
0.000000
0.000000
0.752554
0.000000
0.000000
0.000000
0.000000
0.000000
0.000000
0.000000
0.000000
0.000000
0.000000
0.000000
0.000000
0.000000
0.000000
0.000000
0.000000
0.000000
0.000000
0.000000
1.429797
0.000000
1.231271
0.000000
0.000000
0.000000
0.000000
0.000000
0.000000
0.000000
0.000000
0.000000
0.000000
0.000000
0.042379
0.000000
0.000000
0.000000
0.000000
0.000000
0.000000
0.000000
2.012988
0.704686
0.000000
0.000000
0.000000
0.000000
0.000000
0.139887
0.567959
0.000000
0.000000
0.000000
0.000000
0.000000
0.093393
0.855716
0.000000
0.000000
0.000000
0.000000
0.000000
0.000000
2.392572
0.000000
0.000000
0.000000
0.000000
0.000000
0.000000
0.000000
0.000000
0.000000
0.072838
0.000000
0.000000
0.000000
0.000000
0.165155
0.940461
1.122798
0.877468
0.000000
0.405652
0.000000
0.137559
0.055022
0.000000
3.170344
0.219890
0.000000
0.000000
0.898649
0.000000
0.000000
0.000000
0.000000
0.000000
0.000000
0.000000
0.000000
0.575120
0.000000
0.000000
0.000000
0.000000
0.000000
0.000000
0.353680
0.205632
0.000000
0.000000
0.000000
0.000000
0.000000
0.000000
0.151277
0.000000
1.779097
0.000000
0.000000
0.000000
0.957036
0.000000
0.000000
0.000000
0.000000
0.471392
0.069323
0.000000
0.000000
0.000000
0.887599
0.000000
1.145836
0.000000
0.000000
0.119209
0.000000
0.000000
0.000000
0.096409
0.000000
0.000000
0.000000
0.000000
0.000000
0.000000
0.000000
0.000000
0.151788
0.000000
0.000000
0.000000
0.000000
0.000000
0.898669
0.881136
0.000000
0.000000
0.000000
0.000000
1.703869
0.000000
0.000000
0.399596
0.000000
0.000000
0.000000
0.013615
0.000000
0.000000
0.470459
0.000000
0.612107
1.441324
0.000000
0.000000
1.751849
0.000000
0.000000
1.840431
0.000000
0.000000
0.000000
1.063677
0.000000
0.000000
0.000000
0.000000
0.000000
0.000000
0.962746
1.220082
0.000000
0.000000
0.000000
0.000000
0.000000
0.000000
0.000000
0.073258
0.000000
0.000000
0.944962
0.353074
0.000000
0.000000
0.000000
0.000000
0.000000
0.000000
0.000000
0.000000
0.000000
0.000000
0.000000
0.000000
0.000000
0.000000
0.721408
0.000000
0.000000
1.349108
0.282717
0.145756
0.000000
0.000000
1.103757
0.000000
1.875653
0.000000
0.000000
0.000000
0.000000
0.000000
0.000000
0.000000
0.000000
0.000000
0.187869
0.902954
1.051403
0.000000
0.000000
0.000000
0.056732
0.906147
0.552687
0.000000
0.000000
0.442374
0.000000
0.000000
0.086683
0.000000
0.139373
0.017511
0.000000
0.000000
0.000000
0.000000
0.257872
0.000000
0.000000
0.000000
0.000000
0.000000
0.000000
0.000000
0.000000
0.665374
0.000000
0.204763
0.000000
0.000000
1.311970
0.000000
0.000000
0.000000
0.000000
0.000000
0.000000
0.000000
0.000000
0.000000
0.000000
0.194263
0.000000
0.000000
0.000000
0.000000
0.000000
0.000000
0.000000
0.000000
0.000000
0.000000
0.000000
0.000000
0.000000
0.069978
0.000000
0.010301
0.000000
1.343450
0.000000
0.000000
0.000000
0.000000
0.000000
0.097150
0.000000
0.000000
0.000000
0.000000
0.000000
0.000000
0.000000
0.531868
0.000000
0.000000
0.219319
0.952758
0.000000
0.348522
0.000000
0.000000
0.000000
0.000000
0.054281
0.000000
0.577798
0.000000
0.000000
0.000000
0.000000
0.000000
0.000000
0.103738
0.000000
0.000000
0.000000
1.439958
0.000000
0.000000
0.000000
0.000000
0.000000
0.000000
0.000000
0.465594
0.000000
2.866995
0.000000
0.888558
0.000000
0.000000
0.000000
0.000000
0.000000
0.000000
0.000000
0.000000
0.000000
1.045235
0.000000
0.000000
0.157347
0.000000
0.000000
0.000000
0.000000
0.000000
0.000000
0.369933
0.000000
0.000000
1.118115
0.000000
0.000000
0.000000
0.000000
0.000000
0.000000
0.000000
1.921789
0.000000
0.000000
0.216668
0.000000
0.000000
0.000000
0.493207
0.000000
0.000000
1.207433
0.027118
0.000000
0.000000
0.398004
0.439792
0.000000
0.000000
0.000000
0.000000
0.824467
0.000000
0.000000
0.000000
0.000000
0.000000
0.000000
0.233900
1.572832
0.000000
0.000000
0.000000
0.224462
0.000000
0.000000
0.000000
0.000000
1.983057
0.000000
0.529242
1.488417
0.000000
0.000000
0.000000
0.000000
1.446321
0.000000
0.000000
0.000000
0.000000
0.000000
0.366780
0.033192
0.000000
0.000000
0.000000
0.000000
0.000000
0.000000
0.000000
0.017061
0.000000
0.000000
0.691732
0.000000
0.243815
0.000000
0.001583
1.181738
0.000000
0.000000
0.000000
0.128132
0.000000
0.000000
0.000000
0.000000
0.000000
0.000000
0.000000
1.364040
0.000000
0.000000
0.000000
0.000000
0.000000
0.000000
0.317750
0.000000
0.100533
0.181229
0.000000
0.000000
0.639121
0.068590
0.000000
0.759376
0.000000
0.000000
0.112349
1.962425
0.095532
0.000000
0.000000
0.000000
1.021652
0.000000
0.000000
0.000000
0.000000
0.000000
0.000000
0.000000
0.000000
0.000000
0.000000
0.000000
0.016361
0.000000
0.000000
0.000000
0.000000
0.000000
0.000000
0.000000
0.000000
0.000000
0.000000
0.832425
0.000000
0.000000
0.000000
0.000000
0.064917
0.000000
0.000000
0.000000
0.000000
0.000000
0.000000
0.000000
0.000000
0.000000
0.000000
0.774870
0.000000
0.000000
0.000000
0.146710
0.000000
0.000000
0.000000
0.000000
0.000000
1.591142
0.000000
0.195541
0.000000
0.000000
0.000000
0.000000
2.244819
0.000000
0.000000
2.368006
0.000000
0.000000
0.439530
0.311919
0.000000
0.000000
0.000000
0.000000
0.000000
0.000000
0.000000
0.000000
0.000000
0.000000
1.111354
0.000000
0.000000
0.000000
0.000000
0.005439
0.000000
0.000000
0.000000
0.786661
0.000000
0.000000
0.325179
0.333711
0.000000
0.000000
0.000000
0.000000
0.733732
0.000000
0.000000
0.000000
0.000000
0.000000
0.000000
0.000000
0.000000
0.000000
0.000000
0.000000
0.000000
0.092643
0.870981
0.000000
0.319320
0.000000
0.000000
0.000000
0.000000
0.000000
0.229995
0.000000
0.000000
0.000000
0.000000
0.000000
0.000000
0.102327
0.000000
0.000000
0.000000
0.000000
0.000000
0.000000
0.000000
0.000000
0.000000
0.000000
0.000000
0.000000
0.000000
0.000000
0.000000
0.000000
0.000000
0.000000
1.246289
0.000000
0.000000
0.099957
0.000000
0.000000
0.000000
0.167349
0.000000
0.000000
0.000000
0.447983
0.000000
1.575399
0.000000
0.000000
0.000000
1.253898
0.116468
0.000000
0.000000
0.000000
1.127308
0.000000
0.000000
0.000000
0.201258
0.000000
0.000000
0.000000
0.000000
0.000000
0.000000
0.000000
0.000000
0.000000
0.000000
0.000000
0.000000
0.000000
0.000000
0.208527
0.000000
0.000000
0.000000
0.000000
0.000000
0.000000
0.000000
0.000000
0.000000
0.000000
0.000000
0.000000
0.000000
0.000000
0.492799
0.000000
0.000000
1.077898
0.000000
0.000000
0.000000
0.003700
0.000000
0.000000
1.545958
0.000000
0.000000
0.000000
1.287160
0.000000
0.005631
0.000000
1.386574
0.000000
0.000000
0.000000
0.340110
0.000000
0.000000
0.000000
0.000000
0.000000
0.674024
0.000000
0.000000
0.000000
0.000000
0.000000
0.000000
0.000000
0.253060
0.000000
0.000000
0.142508
1.237795
0.000000
0.000000
1.115929
0.127049
0.000000
0.000000
0.000000
0.000000
0.000000
0.000000
0.000000
0.000000
0.000000
0.000000
0.000000
0.000000
0.000000
0.000000
0.000000
0.960709
0.000000
0.000000
0.361030
0.939945
0.000000
0.000000
0.000000
0.000000
0.000000
0.000000
0.000000
1.010589
0.000000
0.000000
0.000000
0.000000
0.000000
0.000000
0.000000
0.000000
0.358621
0.000000
1.935056
0.000000
0.000000
0.000000
0.000000
0.000000
0.000000
0.000000
0.846985
0.000000
0.000000
0.000000
0.000000
0.000000
0.000000
0.000000
0.000000
0.000000
0.000000
0.000000
0.000000
0.000000
0.000000
0.000000
0.000000
0.000000
0.000000
0.000000
1.010251
1.160540
0.000000
0.000000
0.000000
0.000000
0.000000
0.000000
0.000000
0.000000
0.000000
0.000000
0.000000
0.339566
0.000000
0.000000
0.000000
0.000000
0.000000
2.397565
0.203683
0.654699
1.247040
0.000000
0.000000
2.324006
2.417915
0.000000
0.000000
0.000000
0.000000
0.000000
0.000000
0.000000
0.000000
0.000000
0.000000
0.000000
0.000000
0.000000
0.862037
0.000000
0.000000
0.000000
0.000000
0.000000
0.000000
0.000000
0.000000
0.000000
0.000000
0.000000
0.000000
0.000000
1.018447
0.000000
0.000000
0.000000
0.000000
0.000000
0.000000
0.000000
0.000000
0.000000
0.000000
0.000000
1.546743
0.000000
0.000000
0.161108
0.000000
0.366328
0.000000
0.000000
0.000000
0.215704
0.000000
0.000000
0.000000
0.000000
0.000000
0.000000
0.000000
0.000000
0.000000
0.000000
0.525671
0.000000
0.000000
0.000000
0.000000
0.000000
0.000000
0.000000
0.000000
0.000000
0.000000
0.000000
0.241005
0.000000
0.000000
0.000000
0.000000
3.144662
0.000000
0.000000
0.000000
0.000000
0.000000
0.000000
0.000000
0.000000
0.401921
0.000000
0.000000
0.000000
0.000000
0.000000
0.000000
0.000000
0.211814
0.000000
0.000000
0.000000
1.583509
0.000000
0.831537
0.000000
0.000000
0.000000
0.428975
0.000000
0.000000
0.406331
0.000000
0.000000
0.000000
0.000000
0.000000
0.000000
0.000000
0.401100
0.000000
0.000000
0.000000
0.000000
0.000000
0.000000
2.025536
0.000000
0.000000
0.000000
0.000000
0.000000
0.000000
0.000000
0.000000
0.000000
0.000000
0.000000
0.000000
0.000000
0.000000
0.000000
0.000000
0.000000
0.000000
0.000000
0.000000
0.000000
0.000000
0.000000
0.000000
0.541367
0.000000
0.000000
0.000000
0.585256
1.256681
0.000000
0.747979
0.000000
0.000000
0.000000
0.000000
0.659042
0.000000
0.000000
0.752236
0.000000
0.000000
0.000000
0.000000
0.000000
1.246761
0.000000
0.000000
0.000000
0.000000
1.692232
0.000000
0.000000
0.000000
0.000000
0.000000
1.577664
0.000000
0.000000
0.000000
0.000000
1.840533
0.000000
0.000000
0.000000
0.000000
0.000000
0.000000
0.000000
0.000000
0.000000
0.000000
0.000000
0.000000
0.000000
0.000000
0.229077
0.000000
0.154167
1.958448
0.000000
0.000000
0.939346
0.000000
0.000000
0.000000
1.169646
1.461064
0.000000
0.000000
0.000000
0.000000
1.387653
0.000000
0.000000
0.000000
2.067510
0.092516
0.000000
0.000000
0.028483
0.000000
0.000000
0.000000
0.072607
0.000000
0.000000
0.372489
0.000000
0.000000
0.000000
0.000000
0.000000
0.000000
0.000000
0.000000
0.000000
0.138541
0.000000
1.278421
0.000000
0.000000
0.000000
0.000000
0.000000
0.000000
0.000000
0.000000
0.000000
0.000000
0.000000
0.000000
0.000000
0.000000
0.000000
0.299429
0.000000
0.000000
1.976863
0.000000
0.198649
0.000000
0.000000
0.000000
0.588010
0.000000
0.000000
0.000000
0.000000
0.000000
0.149853
0.000000
0.000000
0.000000
0.000000
0.527939
0.000000
0.000000
0.000000
0.000000
0.000000
1.249366
0.000000
0.000000
0.000000
0.000000
0.390993
0.094105
0.886935
0.000000
0.000000
0.000000
0.000000
0.000000
0.000000
0.000000
0.000000
1.021277
0.000000
0.731677
0.000000
0.000000
0.662616
0.000000
0.000000
0.000000
0.000000
0.000000
0.000000
0.692404
0.000000
0.000000
0.000000
0.000000
0.785338
0.053120
0.293655
2.261182
0.000000
0.977786
0.000000
0.000000
0.487683
0.000000
0.000000
0.000000
0.000000
0.000000
0.000000
1.657717
0.000000
0.000000
0.000000
0.704082
0.000000
0.000000
0.635944
0.000000
0.504144
0.000000
0.000000
0.042867
0.000000
0.000000
0.000000
0.000000
1.989653
0.119215
0.000000
0.638410
0.000000
0.000000
0.000000
0.000000
0.000000
0.000000
0.000000
0.000000
0.000000
0.000000
0.000000
0.000000
0.000000
0.000000
0.000000
0.000000
0.000000
0.000000
0.000000
0.000000
0.000000
2.599273
0.000000
0.000000
0.000000
0.000000
0.000000
0.000000
0.296395
0.000000
0.000000
0.787560
0.000000
0.000000
0.521259
1.575538
0.000000
0.000000
0.000000
0.000000
0.000000
0.000000
0.000000
0.000000
0.000000
0.000000
1.075912
0.000000
0.112939
0.111280
3.712815
0.000000
0.239100
0.000000
0.000000
0.459463
0.000000
0.000000
0.000000
0.151589
0.000000
0.000000
0.000000
0.000000
0.000000
0.000000
0.000000
0.000000
0.106722
0.000000
0.000000
0.000000
0.000000
0.000000
0.216006
0.000000
0.611611
0.000000
0.000000
0.000000
0.000000
0.000000
0.000000
0.000000
0.094579
0.000000
0.000000
0.000000
1.186391
0.000000
0.446292
0.000000
0.000000
0.000000
0.000000
0.000000
0.000000
0.000000
1.252947
0.037838
0.000000
0.000000
0.000000
0.000000
0.000000
0.000000
0.000000
0.000000
0.000000
0.000000
0.000000
0.000000
0.000000
0.000000
0.000000
0.000000
0.000000
0.000000
0.000000
0.000000
3.540584
0.000000
0.000000
0.000000
0.000000
0.000000
0.000000
0.000000
0.000000
1.682276
0.000000
0.000000
0.469292
0.000000
0.000000
0.000000
1.472897
0.000000
0.000000
0.000000
0.000000
0.000000
0.000000
0.000000
0.000000
0.000000
0.000000
0.000000
0.655263
0.000000
0.000000
0.000000
0.000000
0.000000
0.199690
0.000000
0.000000
0.000000
1.955246
0.000000
0.000000
1.098089
0.000000
0.000000
0.000000
0.000000
0.000000
0.000000
0.000000
2.434621
1.461191
0.837014
0.854611
0.000000
0.000000
0.000000
0.000000
0.343565
0.000000
0.000000
0.000000
0.000000
0.000000
0.000000
0.000000
0.000000
0.000000
0.000000
1.084517
0.000000
0.162966
0.000000
0.485895
0.150412
0.000000
0.000000
0.523246
0.000000
0.000000
0.000000
0.000000
0.000000
0.000000
0.000000
1.039605
0.000000
0.000000
0.000000
1.910380
0.000000
0.000000
0.161737
0.000000
0.600076
0.192974
0.474741
0.960761
0.000000
0.989319
0.000000
0.000000
1.244991
0.000000
0.000000
0.941857
0.000000
0.124677
0.000000
0.000000
2.138369
0.013198
0.000000
0.000000
0.000000
0.000000
0.000000
0.000000
0.000000
0.000000
0.556979
0.000000
0.000000
0.000000
0.613644
0.000000
0.000000
0.000000
0.000000
0.000000
0.309042
2.449467
0.553378
0.000000
0.000000
0.000000
0.000000
0.000000
0.000000
0.869171
0.000000
0.000000
0.296671
0.000000
0.000000
0.000000
1.354177
0.000000
0.000000
0.000000
0.000000
0.000000
0.000000
0.000000
0.000000
0.000000
0.947850
0.332836
0.000000
0.000000
0.000000
0.457520
2.192498
0.000000
0.000000
0.000000
0.000000
0.000000
0.000000
0.000000
0.000000
0.000000
0.000000
0.000000
0.000000
0.000000
0.098769
0.000000
0.335867
0.473755
0.000000
0.000000
0.073014
0.315503
0.000000
0.000000
0.000000
0.970662
1.970482
0.000000
0.000000
0.000000
0.000000
1.926559
0.000000
0.000000
0.000000
0.000000
0.000000
0.000000
0.000000
0.000000
0.000000
0.000000
0.000000
0.000000
0.000000
0.000000
0.000000
0.037009
0.000000
0.000000
0.000000
0.000000
0.237653
0.000000
0.000000
0.000000
0.227432
0.000000
0.000000
0.008933
0.187803
0.000000
0.000000
0.000000
0.000000
0.000000
0.000000
0.031917
0.000000
0.000000
0.000000
0.000000
0.000000
0.000000
0.000000
0.000000
0.357681
0.000000
0.140996
0.000000
0.000000
0.000000
0.000000
0.000000
0.000000
0.000000
0.000000
0.000000
0.000000
0.000000
0.000000
0.000000
0.000000
0.000000
0.238576
0.685713
0.000000
0.000000
0.000000
0.000000
0.000000
0.175077
0.000000
0.000000
0.000000
0.587199
0.853805
0.415644
0.000000
0.000000
0.000000
0.000000
2.413069
0.713397
1.533681
0.000000
0.587225
0.000000
0.000000
0.000000
0.000000
0.000000
0.000000
0.000000
0.000000
0.000000
0.848553
0.000000
0.000000
0.929947
1.197724
0.000000
0.000000
0.000000
2.998007
0.000000
0.000000
0.000000
0.000000
1.188720
0.000000
0.224575
0.000000
0.000000
0.000000
0.000000
0.000000
0.000000
0.000000
0.000000
0.000000
0.000000
0.000000
1.588331
0.000000
0.000000
0.000000
0.000000
0.000000
0.000000
0.000000
0.414308
0.000000
1.228598
0.000000
0.000000
1.481928
0.000000
0.000000
0.000000
0.000000
0.579936
0.000000
0.000000
0.000000
0.000000
0.000000
0.000000
0.000000
0.000000
0.000000
0.000000
0.000000
0.711115
0.446179
0.000000
1.628989
0.000000
0.000000
0.000000
0.000000
0.000000
1.097573
0.000000
1.143489
1.432492
0.000000
0.194169
0.000000
0.000000
0.000000
0.000000
0.000000
0.000000
0.000000
0.283443
0.353555
0.000000
0.000000
0.529211
0.000000
0.000000
0.000000
0.000000
0.000000
0.000000
0.000000
0.417632
0.000000
0.000000
0.000000
0.000000
0.000000
0.030031
0.292982
1.263262
0.000000
0.000000
0.000000
0.000000
0.000000
0.000000
0.000000
0.000000
0.000000
0.000000
0.196923
0.119210
0.000000
0.000000
3.100150
0.000347
0.000000
0.000000
0.708039
0.000000
0.000000
0.000000
1.742062
1.070459
0.000000
0.184355
0.347232
0.000000
1.642072
0.000000
0.000000
0.000000
0.562905
0.000000
0.000000
0.000000
0.000000
0.000000
0.000000
0.000000
0.000000
0.000000
0.000000
0.000000
0.000000
0.000000
0.592687
0.000000
0.000000
1.502454
0.533252
0.000000
0.000000
0.000000
0.000000
0.073833
0.000000
0.000000
0.000000
0.000000
0.000000
2.079938
0.000000
0.000000
0.440124
0.000000
0.000000
0.000000
0.000000
0.000000
0.000000
0.000000
0.603268
0.000000
0.000000
0.000000
0.000000
0.000000
0.000000
0.000000
0.000000
1.051206
0.589957
0.026780
0.000000
0.000000
0.000000
0.917661
0.000000
0.000000
0.000000
0.000000
0.000000
0.000000
0.000000
0.000000
0.000000
0.000000
0.000000
0.000000
0.000000
0.000000
0.000000
0.000000
0.000000
0.684997
0.000000
0.000000
0.901863
0.777187
0.000000
0.762665
0.000000
0.383034
2.583532
0.000000
0.000000
0.000000
0.000000
0.000000
0.000000
0.000000
0.000000
0.000000
0.000000
0.000000
0.000000
0.000000
0.000000
0.240634
0.000000
0.000000
0.000000
0.000000
0.000000
0.000000
0.415050
0.000000
0.000000
0.000000
0.000000
0.000000
0.000000
0.000000
0.522247
0.000000
0.000000
0.000000
0.000000
0.000000
0.000000
0.000000
0.000000
0.504817
0.000000
0.000000
0.000000
0.000000
1.000794
0.000000
0.000000
0.472056
0.000000
0.000000
0.000000
0.000000
0.000000
0.099822
0.000000
0.000000
0.000000
0.000000
0.000000
0.000000
0.259591
0.000000
0.000000
0.000000
0.985723
0.000000
0.000000
0.000000
0.000000
0.000000
0.000000
0.000000
0.000000
0.000000
0.000000
0.000000
0.000000
0.000000
0.000000
0.000000
0.000000
0.000000
0.000000
0.000000
1.318586
1.963585
0.000000
0.000000
0.200509
0.000000
0.000000
1.008787
0.000000
0.000000
0.000000
0.000000
0.000000
0.000000
0.000000
0.000000
0.000000
0.000000
0.041022
0.991092
0.000000
0.000000
0.000000
0.000000
0.292888
0.000000
0.000000
0.000000
2.338395
0.000000
0.635615
0.000000
0.000000
0.000000
0.000000
0.000000
0.623527
0.000000
0.000000
0.000000
0.000000
0.000000
0.000000
0.000000
0.000000
0.435177
0.000000
0.000000
0.000000
0.000000
0.000000
0.000000
0.000000
0.000000
0.000000
0.000000
0.468305
0.000000
0.000000
0.000000
0.000000
0.174226
0.000000
0.172838
0.000000
0.000000
1.133077
0.000000
0.000000
0.000000
0.000000
0.729892
0.000000
0.583631
0.000000
0.978626
0.000000
0.000000
0.000000
0.000000
0.000000
0.000000
0.000000
0.608111
0.000000
0.000000
0.000000
0.000000
0.000000
0.000000
0.325232
0.000000
0.000000
0.000000
0.260479
0.099861
0.000000
0.000000
0.000000
1.251875
0.000000
0.000000
0.000000
0.000000
0.000000
0.000000
0.000000
0.775557
0.000000
0.000000
0.000000
1.049770
0.000000
0.923900
0.000000
0.000000
1.509260
0.000000
0.000000
0.000000
0.000000
0.126855
0.000000
0.000000
0.000000
0.000000
0.000000
0.000000
0.000000
0.000000
0.000000
0.000000
0.782470
0.000000
0.000000
0.550095
0.210546
0.000000
1.044689
0.000000
0.000000
0.000000
1.279507
0.000000
0.000000
0.000000
0.000000
0.316852
0.000000
0.000000
0.000000
0.000000
0.000000
0.000000
0.000000
0.000000
0.000000
0.000000
2.230402
0.000000
0.000000
0.000000
0.000000
0.000000
0.000000
0.000000
0.000000
0.000000
0.000000
0.000000
0.000000
0.000000
0.063501
0.000000
0.000000
0.000000
0.000000
0.000000
0.000000
0.000000
0.575638
0.000000
0.000000
0.000000
0.121540
0.000000
0.000000
0.000000
0.000000
0.000000
0.000000
0.000000
0.000000
0.459011
0.566260
0.000000
0.000000
0.000000
1.033172
0.000000
0.892120
0.000000
0.000000
0.000000
0.000000
0.000000
0.000000
0.977578
0.000000
0.000000
0.000000
0.000000
0.000000
0.000000
0.192276
0.000000
0.689402
0.000000
0.000000
0.000000
0.000000
2.435576
0.000000
0.000000
0.000000
0.000000
0.000000
0.000000
0.000000
0.078831
0.992261
0.000000
0.060616
0.049447
0.000000
0.000000
0.000000
0.000000
0.987740
0.000000
1.683145
0.000000
0.000000
0.000000
0.901947
0.000000
0.000000
0.000000
0.000000
0.054490
0.000000
0.000000
0.000000
0.000000
0.000000
0.000000
0.000000
0.000000
0.296893
0.000000
0.000000
0.000000
1.458075
0.000000
0.000000
0.721888
0.115871
0.000000
0.000000
0.232318
0.000000
0.000000
0.000000
0.191393
0.000000
0.000000
0.000000
0.000000
0.000000
0.000000
0.000000
0.000000
0.000000
0.622476
0.000000
0.000000
0.271336
0.000000
0.000000
0.000000
0.000000
0.000000
0.000000
0.000000
0.000000
0.000000
0.000000
0.000000
0.000000
0.000000
0.000000
0.000000
0.000000
0.000000
0.224495
1.185829
0.000000
1.025573
0.000000
0.000000
0.000000
0.385543
0.000000
0.000000
0.000000
0.000000
0.389804
0.770136
0.000000
0.919944
0.102071
0.000000
0.000000
0.000000
0.413608
0.000000
0.000000
0.000000
0.378718
0.548990
0.000000
0.000000
0.000000
2.239012
0.000000
0.000000
0.000000
0.262822
0.000000
0.000000
0.995866
0.000000
0.792668
0.000000
0.000000
0.000000
0.000000
0.000000
0.000000
0.000000
0.000000
0.690876
0.791381
0.000000
0.000000
0.000000
0.000000
0.760321
0.487520
0.258126
0.000000
0.000000
0.000000
0.787906
2.044277
0.000000
0.000000
0.000000
0.000000
0.439120
0.240301
1.393781
0.000000
0.000000
0.000000
0.000000
0.000000
0.000000
0.000000
0.000000
0.000000
0.000000
0.000000
0.000000
1.380457
0.000000
0.000000
0.000000
0.000000
0.000000
0.175277
0.000000
0.000000
0.000000
0.000000
0.000000
0.000000
0.000000
0.000000
0.077573
0.000000
1.351913
0.882605
0.000000
0.000000
0.000000
0.000000
0.000000
0.825686
0.000000
0.000000
0.219959
0.000000
0.000000
0.000000
0.427557
0.000000
0.000000
0.000000
0.000000
0.000000
0.000000
0.000000
0.000000
0.000000
0.000000
0.000000
0.000000
0.141991
0.592177
0.000000
1.446781
0.000000
0.000000
0.000000
0.392432
0.000000
0.000000
0.466828
0.198201
0.640480
0.000000
0.070088
0.000000
0.000000
0.000000
0.000000
0.000000
0.000000
0.000000
0.000000
1.572512
0.000000
0.000000
0.000000
0.000000
0.000000
0.000000
0.000000
0.000000
0.000000
0.801126
0.000000
0.153065
0.929106
0.000000
0.000000
0.000000
0.000000
0.000000
0.914982
0.679619
0.000000
0.000000
0.065474
0.000000
0.047644
0.000000
0.923111
0.000000
1.025951
0.000000
0.000000
0.000000
0.000000
0.000000
0.000000
0.000000
0.279311
0.000000
0.000000
0.000000
0.000000
0.000000
0.000000
0.000000
0.000000
0.694762
0.000000
0.000000
0.000000
0.000000
0.000000
0.124922
0.000000
0.873885
0.000000
0.000000
0.000000
0.000000
0.556380
0.567133
0.000000
0.087015
0.000000
0.000000
0.000000
0.000000
0.000000
0.000000
0.000000
1.422869
0.142801
0.000000
0.000000
0.000000
0.000000
0.118964
2.871621
0.180798
0.897303
0.000000
0.059246
0.000000
0.000000
0.130345
0.000000
0.000000
0.000000
0.000000
0.000000
0.000000
0.064665
0.000000
0.000000
0.000000
0.000000
0.000000
0.000000
0.408813
0.318540
0.000000
0.502669
0.000000
0.000000
0.000000
0.000000
0.000000
0.000000
0.000000
0.000000
0.000000
0.000000
0.000000
0.000000
0.000000
0.000000
0.000000
0.000000
0.518418
0.000000
0.000000
0.000000
0.000000
0.000000
0.000000
0.000000
0.705803
0.000000
0.733151
0.637040
0.606920
0.000000
0.379977
0.000000
0.000000
0.000000
0.051726
0.000000
0.234610
0.242646
0.000000
0.037455
0.000000
0.490989
0.000000
0.000000
0.000000
0.000000
0.000000
0.000000
0.913772
0.000000
0.000000
0.000000
1.226340
0.000000
0.000000
0.000000
0.000000
0.000000
0.244383
0.283792
0.000000
0.166744
0.000000
1.745576
0.078947
0.000000
0.000000
0.000000
1.409758
0.377937
0.000000
0.000000
0.000000
0.000000
0.921025
0.095643
0.000000
0.000000
0.000000
0.000000
0.000000
0.000000
1.019263
0.000000
0.000000
0.000000
0.000000
0.000000
0.000000
0.000000
0.000000
0.000000
0.304845
0.000000
0.000000
0.000000
0.000000
0.000000
0.000000
0.000000
0.000000
0.000000
0.000000
0.477957
0.000000
0.623063
0.000000
0.000000
0.000000
0.000000
0.063602
0.807061
0.000000
0.576322
0.074085
0.062086
0.019681
0.455230
0.000000
0.000000
0.000000
0.000000
0.000000
1.590067
0.000000
1.299065
0.000000
0.000000
0.000000
0.000000
0.000000
0.000000
0.000000
0.038317
0.197298
0.636663
0.000000
0.000000
0.000000
0.000000
0.000000
0.000000
0.290276
0.000000
0.000000
0.000000
0.000000
0.000000
0.000000
0.000000
0.000000
0.293468
0.000000
0.000000
0.000000
0.000000
0.000000
0.000000
0.000000
0.772511
0.000000
0.000000
0.000000
0.000000
0.377557
0.000000
0.875943
0.000000
0.000000
0.000000
1.369742
0.000000
0.691211
0.184091
0.000000
0.000000
0.000000
0.000000
0.000000
0.000000
0.000000
0.372558
0.073532
0.000000
0.000000
0.000000
0.000000
0.000000
0.418715
0.000000
0.000000
1.138273
0.000000
0.000000
0.000000
0.250096
0.000000
1.796967
0.892756
0.339549
0.000000
0.000000
0.071648
0.000000
0.000000
0.000000
0.000000
0.915569
1.587511
0.000000
0.000000
0.000000
0.000000
0.000000
1.826015
0.225208
0.000000
0.000000
1.382969
0.000000
0.000000
0.205490
0.000000
0.207144
0.000000
0.689996
0.117072
0.000000
0.104176
0.000000
0.000000
1.780156
0.000000
0.000000
0.000000
0.000000
1.960616
0.000000
0.000000
0.000000
1.982926
0.000000
0.000000
0.000000
0.000000
0.000000
0.000000
0.000000
0.000000
0.000000
0.000000
0.000000
0.000000
1.225232
0.000000
0.355013
0.274759
0.000000
0.000000
0.729230
0.000000
0.000000
0.000000
0.000000
0.165141
0.000000
0.000000
0.000000
0.000000
0.000000
0.176223
1.441879
0.294941
0.000000
0.000000
0.000000
0.000000
0.000000
0.000000
0.508121
0.000000
0.000000
0.000000
0.000000
0.000000
1.351342
0.000000
0.000000
0.102670
0.000000
0.000000
1.720059
0.236689
0.000000
0.000000
0.000000
0.626593
0.000000
0.000000
0.000000
0.000000
0.462512
0.000000
0.619554
0.000000
0.000000
0.000000
0.000000
0.358203
0.000000
0.000000
0.000000
0.642837
0.000000
1.012470
0.551478
1.270697
0.000000
0.000000
0.000000
1.332941
0.000000
0.000000
0.468407
1.570691
0.051842
1.072178
0.633261
0.000000
0.000000
0.000000
0.000000
0.000000
0.000000
0.856958
0.000000
0.000000
0.693183
0.000000
0.093814
0.000000
0.000000
0.000000
0.000000
0.000000
0.000000
0.000000
0.000000
0.000000
1.154908
0.000000
0.836265
0.000000
0.000000
0.519543
0.000000
0.000000
0.000000
0.049484
0.474970
0.000000
0.000000
0.370119
0.000000
0.000000
0.193933
1.074871
0.000000
0.000000
0.000000
0.449751
0.000000
0.629874
0.000000
0.000000
0.000000
0.388578
0.000000
0.000000
0.000000
0.178508
0.000000
1.049101
0.000000
0.000000
0.000000
0.000000
0.000000
0.000000
0.861396
0.000000
0.000000
0.000000
0.148038
0.000000
0.000000
0.000000
0.000000
0.000000
0.000000
0.000000
0.119167
2.390110
0.000000
0.000000
0.000000
0.000000
0.000000
0.248099
0.000000
0.842054
0.000000
0.000000
0.000000
0.000000
0.000000
0.000000
0.000000
0.000000
0.000000
1.084122
0.000000
0.000000
0.000000
0.000000
0.000000
0.000000
0.618170
0.000000
0.000000
0.038410
0.000000
0.352903
0.000000
0.000000
0.000000
1.188359
0.000000
0.000000
0.000000
0.000000
0.000000
0.000000
0.000000
0.000000
0.000000
0.000000
0.000000
0.000000
0.000000
0.000000
0.000000
0.780456
0.357896
0.000000
0.000000
0.000000
0.151451
0.850065
0.000000
0.000000
0.000000
0.000000
0.000000
0.000000
0.000000
0.000000
0.000000
0.000000
1.268103
1.636711
0.973933
2.490829
0.425490
0.000000
0.211478
0.000000
0.000000
0.000000
2.990860
0.866431
0.178196
0.000000
0.000000
0.656169
0.000000
0.208997
0.000000
0.000000
0.000000
0.781025
0.000000
0.000000
0.000000
1.023202
0.000000
0.000000
0.000000
0.000000
0.788038
0.000000
0.000000
0.000000
0.199787
0.000000
0.000000
0.000000
0.000000
0.000000
0.000000
0.000000
0.000000
0.041324
0.000000
0.000000
0.000000
0.000000
0.000000
0.000000
0.937413
0.000000
0.000000
0.000000
0.000000
0.124984
0.000000
0.760670
0.026766
0.000000
0.000000
0.000000
0.000000
0.000000
0.000000
0.000000
0.000000
0.000000
0.000000
0.000000
0.773137
0.000000
0.000000
0.000000
0.000000
0.000000
0.000000
0.000000
1.742840
0.319458
0.000000
0.000000
0.000000
0.000000
0.053539
0.934080
0.000000
0.000000
0.000000
0.000000
1.078206
0.000000
0.000000
0.000000
0.000000
0.000000
0.000000
0.000000
0.000000
0.588383
0.504718
0.000000
0.000000
0.000000
0.000000
0.000000
0.000000
0.000000
0.000000
0.000000
0.000000
0.000000
0.834580
0.000000
0.111633
0.000000
0.000000
0.000000
0.000000
0.000000
0.000000
0.802836
0.000000
0.893405
0.000000
0.872867
0.000000
0.000000
0.273357
0.000000
0.000000
0.000000
0.000000
0.000000
0.000000
0.000000
0.496289
1.364019
0.226839
0.000000
0.000000
0.058549
0.000000
0.000000
0.772848
0.000000
0.000000
1.959554
0.114566
0.589832
0.000000
0.000000
0.000000
0.000000
0.373988
0.000000
0.452587
0.259519
0.000000
0.000000
0.000000
0.000000
0.000000
0.000000
0.000000
0.000000
0.647542
0.000000
0.000000
0.000000
0.000000
0.000000
0.828463
0.000000
0.000000
0.000000
0.476021
0.000000
0.000000
0.000000
0.000000
0.000000
0.000000
0.000000
0.000000
0.000000
0.000000
0.000000
0.000000
0.000000
0.006766
0.150958
0.000000
0.000000
0.000000
0.000000
0.000000
0.000000
0.489783
1.052049
0.000000
0.000000
0.000000
0.113984
0.000000
0.423302
0.000000
1.597040
0.000000
0.000000
0.000000
0.000067
0.000000
0.000000
0.432106
0.000000
0.000000
0.000000
0.000000
0.000000
0.000000
0.000000
0.000000
0.151553
0.000000
0.991625
0.000000
0.724981
0.539718
0.480148
0.000000
0.000000
0.000000
0.000000
0.657294
0.000000
0.000000
0.000000
0.000000
1.970496
0.000000
0.000000
0.090080
0.000000
0.000000
0.000000
0.767174
0.324176
0.000000
0.813198
0.000000
0.000000
0.000000
0.000000
0.000000
0.000000
0.000000
0.000000
0.000000
0.000000
0.000000
0.000000
0.559090
0.000000
1.200312
0.000000
0.000000
0.052489
0.000000
0.000000
0.000000
0.220729
0.000000
0.589737
0.135066
0.000000
0.000000
0.000000
0.000000
0.000000
0.000000
0.320195
1.069915
0.000000
0.000000
0.000000
0.109713
0.000000
0.000000
0.000000
0.000000
0.000000
0.000000
0.000000
0.000000
0.036386
0.000000
0.000000
0.000000
0.000000
2.073461
0.000000
0.000000
0.190632
0.000000
0.846569
0.000000
0.000000
0.000000
0.000000
0.000000
0.000000
0.000000
0.366526
1.097516
0.518770
0.000000
0.000000
0.000000
0.000000
0.000000
0.000000
0.222620
0.155971
0.000000
0.144076
0.000000
0.000000
0.000000
0.621526
0.000000
0.000000
0.893865
0.000000
0.000000
0.033550
0.193973
0.000000
0.000000
0.000000
0.000000
0.349963
0.000000
1.352110
0.000000
0.000000
1.186085
0.000000
0.000000
0.000000
0.000000
0.058564
0.000000
0.000000
0.000000
0.000000
0.542372
0.000000
0.605537
0.000000
0.000000
0.000000
0.000000
0.000000
0.000000
0.000000
0.000000
0.000000
0.000000
0.000000
0.000000
0.000000
0.159701
0.000000
0.409266
0.000000
0.000000
0.079024
0.000000
1.120268
0.000000
0.000000
0.000000
0.000000
0.094123
0.000000
0.000000
0.000000
0.706141
0.019217
0.000000
0.000000
0.000000
0.000000
0.446721
0.211611
0.000000
0.000000
0.672256
0.000000
0.000000
0.051130
0.096160
1.389439
0.000000
0.000000
0.141496
0.094505
0.000000
0.000000
0.000000
0.000000
0.000000
0.000000
0.000000
0.000000
0.000000
0.000000
0.000000
0.000000
1.471458
0.000000
0.000000
0.721152
0.000000
0.000000
0.353422
0.000000
0.000000
0.849183
0.177487
0.000000
0.712281
0.000000
0.000000
0.000000
0.000000
0.000000
0.168499
0.000000
0.000000
0.000000
0.000000
0.000000
0.000000
0.000000
0.000000
0.000000
0.000000
0.000000
0.000000
0.000000
0.082119
0.000000
0.000000
0.000000
0.000000
0.000000
0.777151
0.000000
0.000000
0.000000
0.000000
0.000000
0.000000
1.402332
0.000000
0.000000
0.000000
0.000000
0.000000
0.000000
0.002058
0.000000
0.992611
0.000000
0.000000
0.000000
0.000000
0.000000
0.392371
0.075293
0.000000
0.550960
0.000000
0.000000
0.000000
0.000000
0.175563
1.318044
1.039346
0.000000
0.000000
0.000000
0.051496
0.000000
0.000000
0.000000
0.097406
0.926375
0.000000
0.000000
1.786335
0.000000
0.000000
0.453811
0.000000
0.000000
0.000000
0.000000
0.000000
0.000000
0.066464
0.474570
0.000000
0.000000
0.000000
0.334700
0.000000
0.000000
0.000000
0.000000
0.623117
0.000000
0.000000
0.000000
0.000000
0.000000
0.000000
0.000000
0.492729
0.000000
0.000000
0.000000
0.000000
0.000000
0.000000
0.000000
0.760364
1.238433
0.698879
1.472617
0.000000
0.000000
0.412072
0.148034
0.000000
0.000000
0.000000
0.000000
0.000000
0.607613
0.000000
0.205643
0.000000
0.000000
0.000000
0.348683
0.000000
0.000000
0.000000
0.000000
0.000000
0.000000
0.000000
0.006124
0.000000
0.000000
0.000000
0.000000
0.000000
0.000000
0.572056
0.000000
0.000000
0.000000
0.000000
0.000000
0.000000
0.912364
0.000000
0.000000
0.875627
0.000000
0.000000
0.000000
0.000000
0.000000
0.000000
0.186080
0.000000
0.000000
0.000000
0.000000
0.000000
0.000000
0.000000
0.000000
0.000000
0.000000
0.944263
0.647571
0.000000
0.218315
0.000000
0.000000
0.454854
0.000000
0.000000
0.000000
0.000000
0.000000
0.000000
0.000000
0.234708
0.000000
0.439932
0.000000
0.000000
0.000000
0.000000
0.176663
1.418039
0.000000
0.000000
0.000000
0.000000
0.000000
0.000000
0.000000
0.000000
0.000000
0.000000
1.383362
0.000000
0.000000
0.000000
0.000000
0.383258
0.000000
0.000000
0.000000
0.000000
0.000000
0.631557
0.000000
0.000000
0.000000
0.000000
0.000000
0.000000
0.965277
2.093488
0.000000
0.000000
0.000000
0.000000
0.000000
0.000000
0.000000
0.000000
0.000000
0.000000
0.000000
0.000000
0.000000
0.000000
0.000000
0.000000
0.000000
0.000000
0.000000
0.000000
0.000000
0.000000
0.096449
0.000000
0.000000
0.000000
0.000000
0.000000
0.000000
0.000000
0.000000
0.000000
0.000000
0.000000
0.875631
0.000000
0.614300
1.108077
0.000000
0.000000
0.000000
0.000000
0.000000
0.000000
0.160024
0.000000
0.000000
0.000000
0.000000
0.000000
0.378453
0.000000
0.072077
0.000000
0.000000
0.000000
0.000000
0.000000
0.000000
0.000000
2.042341
0.000000
0.000000
0.536328
0.000000
0.000000
0.000000
0.000000
0.000000
0.000000
0.322750
0.000000
0.000000
0.000000
0.000000
0.000000
0.000000
0.000000
0.000000
0.000000
0.000000
0.000000
0.000000
0.000000
0.000000
0.000000
0.000000
0.231533
0.000000
0.000000
0.856250
1.276798
0.000000
0.470573
0.000000
1.228341
0.000000
0.000000
0.000000
0.000000
0.000000
0.000000
0.000000
0.000000
0.000000
0.000000
0.000000
0.000000
0.000000
0.000000
0.000000
0.000000
0.000000
0.000000
0.000000
0.000000
0.071633
0.000000
0.000000
0.000000
0.000000
0.287703
0.000000
0.000000
0.000000
0.000000
0.941893
0.000000
0.000000
0.000000
0.899929
0.000000
0.019472
0.225057
0.000000
0.000000
0.000000
0.000000
0.000000
0.000000
0.074799
0.000000
0.000000
0.000000
0.000000
0.000000
0.000000
0.000000
0.000000
1.580953
0.000000
0.000000
0.000000
0.000000
0.000000
0.000000
0.000000
0.000000
0.000000
0.000000
1.204163
0.737876
0.000000
0.000000
0.000000
0.000000
0.884378
0.000000
0.000000
0.336645
0.000000
