0.000000
0.320653
0.000000
0.000000
0.000000
0.000000
0.000000
0.000000
0.000000
1.507094
0.000000
0.000000
0.000000
0.000000
0.000000
0.000000
0.000000
0.000000
0.000000
1.063027
0.000000
0.000000
0.000000
0.126427
0.032163
0.183022
1.062394
0.000000
0.360724
0.000000
0.526878
1.254647
0.000000
0.000000
0.000000
0.000000
0.000000
0.191883
0.968443
0.000000
0.448891
0.000000
0.668456
0.000000
0.000000
0.130033
0.000000
0.000000
3.240499
0.000000
0.000000
0.000000
0.000000
0.000000
0.000000
0.000000
0.000000
1.677953
0.000000
0.000000
0.468280
0.000000
0.100180
0.382325
0.000000
0.000000
0.000000
0.000000
0.000000
0.135169
0.056384
0.000000
0.000000
0.283978
1.385601
0.000000
0.000000
0.000000
0.074807
0.087336
0.000000
0.992420
0.000000
0.000000
0.587084
0.000000
0.000000
0.000000
0.000000
0.000000
0.000000
0.324045
0.000000
1.042825
0.000000
0.000000
0.000000
0.000000
0.000000
0.375966
0.000000
0.000000
0.711631
0.000000
0.000000
0.233450
0.367655
0.000000
0.215018
0.000000
0.392680
0.000000
0.000000
1.302541
0.000000
0.000000
0.000000
0.000000
0.000000
0.000000
0.000000
0.000000
0.175554
0.477398
0.000000
0.000000
0.000000
0.000000
0.000000
0.847068
0.000000
0.000000
0.000000
0.827831
0.728281
0.368573
1.638370
0.000000
0.000000
0.000000
0.000000
0.047271
0.000000
0.414438
1.182374
0.000000
0.000000
0.000000
0.689419
0.000000
0.000000
0.000000
0.000000
0.000000
0.000000
0.000000
0.000000
1.060018
0.000000
0.000000
0.000000
0.000000
1.189477
0.599271
0.000000
0.295737
0.000000
0.000000
0.000000
1.175962
0.000000
0.000000
0.000000
0.000000
0.000000
0.000000
1.122098
0.000000
0.848366
0.000000
0.000000
0.000000
0.000000
0.465873
0.000000
0.000000
0.000000
0.000000
0.000000
0.000000
0.260419
0.228633
0.000000
0.000000
0.000000
0.000000
0.258602
0.000000
0.000000
0.000000
0.447579
0.000000
0.000000
0.000000
0.475908
0.000000
0.000000
0.265331
0.000000
0.000000
0.000000
0.000000
0.000000
0.901381
0.333888
0.000000
0.000000
0.879008
0.000000
0.000000
0.000000
1.117543
0.000000
0.000000
0.000000
0.000000
0.000000
0.368018
0.000000
0.000000
0.000000
0.000000
0.000000
0.000000
0.000000
0.000000
0.000000
0.000000
0.966493
0.571364
0.000000
0.000000
0.769750
0.000000
0.000000
0.000000
2.253894
0.000000
0.000000
0.000000
0.000000
0.000000
0.000000
0.752261
0.000000
0.699773
0.585205
0.456884
0.000000
0.000000
0.000000
0.442328
0.000000
0.000000
0.305764
0.000000
0.000000
0.000000
0.000000
0.000000
0.442791
0.000000
1.599894
0.000000
0.000000
0.000000
0.000000
0.000000
0.000000
0.000000
0.241002
0.000000
0.000000
0.563167
0.000000
0.000000
0.000000
0.506207
0.000000
0.000000
0.000000
0.679957
0.000000
0.000000
0.000000
0.000000
0.000000
0.000000
0.000000
0.000000
0.000000
0.272266
0.000000
0.000000
0.000000
0.000000
0.000000
0.585019
0.000000
0.000000
0.518735
0.000000
0.236947
0.000000
0.204166
0.000000
0.000000
0.000000
0.000000
0.000000
1.303260
0.043052
0.000000
0.000000
0.000000
0.000000
0.000000
0.000000
0.000000
0.000000
0.000000
0.000000
0.000000
0.581827
0.235042
0.000000
1.016494
0.802488
0.000000
0.103041
0.000000
0.000000
0.000000
0.422918
0.000000
0.000000
0.000000
0.000000
0.605266
1.620194
0.000000
0.000000
0.791701
0.000000
1.463572
0.000000
0.207893
0.000000
0.000000
0.000000
0.000000
0.136777
0.517684
0.000000
1.004672
0.000000
0.000000
0.000000
0.000000
0.000000
0.000000
0.000000
0.000000
0.000000
0.000000
0.719048
0.000000
0.155020
0.000000
1.042148
0.000000
0.000000
0.000000
0.000000
0.000000
0.000000
0.000000
1.113032
0.000000
0.523552
0.000000
0.000000
0.000000
0.000000
0.000000
0.000000
0.000000
0.000000
0.000000
0.002816
0.000000
0.059822
0.000000
1.035671
0.000000
0.000000
0.398930
0.000000
0.000000
1.775518
0.242466
0.000000
0.000000
0.000000
0.000000
0.108881
0.000000
0.000000
0.000000
0.000000
0.265520
0.598821
0.000000
1.060153
0.000000
0.000000
0.000000
0.000000
0.000000
0.000000
0.248135
0.794782
0.384876
0.000000
0.000000
0.000000
0.000000
0.000000
0.000000
0.000000
0.000000
0.000000
0.000000
0.000000
0.266414
1.415811
0.706166
0.446194
1.115515
0.880728
0.000000
0.304924
0.000000
0.225392
0.000000
0.000000
1.817889
0.850819
0.000000
0.000000
0.464075
0.000000
0.000000
0.000000
0.032188
1.026605
0.000000
0.000000
0.000000
0.500193
0.000000
0.000000
0.000000
0.000000
0.000000
0.000000
1.027450
0.810795
0.000000
0.000000
0.000000
0.000000
0.000000
0.000000
1.064453
0.000000
0.000000
0.000000
0.000000
0.000000
0.000000
0.000000
0.000000
0.000000
0.000000
1.122243
0.000000
0.000000
1.112816
1.155448
0.253428
0.374455
0.610302
0.000000
0.000000
0.000000
0.000000
0.000000
0.000000
0.000000
0.000000
0.082427
0.000000
0.000000
0.000000
0.000000
0.000000
0.000000
0.310974
0.000000
0.000000
0.000000
0.000000
0.000000
1.017055
0.573934
0.000000
0.044533
0.000000
0.000000
1.002912
0.000000
0.000000
0.000000
0.000000
0.503703
0.000000
0.703900
0.000000
0.000000
0.000000
0.765749
0.611793
1.091892
0.000000
0.000000
0.000000
0.035209
0.000000
1.374556
0.000000
0.000000
0.768445
0.142634
0.000000
0.000000
0.000000
0.000000
0.406620
0.000000
0.165834
0.968636
0.000000
0.000000
0.000000
0.000000
0.000000
0.000000
0.000000
0.306862
0.000000
0.000000
1.995049
0.000000
0.000000
0.000000
0.000000
0.342922
0.000000
0.384639
0.000000
0.157322
0.000000
1.314960
0.000000
0.000000
0.000000
0.000000
0.343261
0.000000
0.099266
0.134985
0.298738
1.143239
0.555329
0.000000
0.251339
0.000000
1.674819
0.110899
0.000000
0.000000
0.000000
0.000000
0.000000
0.000000
0.000000
0.317527
0.252709
0.544787
1.297077
0.000000
0.000000
0.000000
0.613982
0.000000
0.711135
0.000000
0.000000
0.000000
0.000000
0.000000
0.000000
0.000000
0.518567
0.000000
0.267702
0.000000
0.000000
0.000000
0.000000
0.000000
0.252344
0.000000
0.000000
0.000000
0.000000
0.000000
0.000000
0.000000
0.000000
0.000000
0.000000
0.000000
0.579746
0.000000
0.000000
0.000000
0.061939
0.000000
0.962934
0.000000
0.000000
0.000000
0.000000
0.000000
1.304784
0.000000
0.000000
0.000000
0.000000
0.000000
0.155364
0.000000
0.000000
0.000000
0.000000
0.000000
0.000000
0.000000
0.000000
0.000000
0.000000
0.792991
0.000000
1.522667
0.000000
0.850209
0.000000
0.000000
0.304476
0.000000
0.000000
0.000000
0.376810
0.000000
0.000000
2.378472
0.000000
0.000000
0.050176
1.150885
0.000000
0.938761
0.000000
0.000000
0.111187
0.000000
1.199937
0.000000
0.000000
0.036744
0.000000
0.000000
0.000000
0.000000
0.000000
0.181205
0.000000
0.000000
0.000000
0.251722
0.046906
0.000000
0.000000
0.479319
0.408638
0.000000
0.000000
0.000000
0.885071
1.360348
0.000000
0.705000
0.000000
0.953237
0.400159
0.000000
0.000000
0.000000
0.000000
0.000000
0.000000
0.000000
0.000000
0.000000
0.062953
0.933007
0.000000
0.000000
0.000000
0.000000
0.000000
0.246898
0.000000
0.000000
1.956752
0.000000
0.000000
0.000000
0.000000
0.000000
0.000000
0.000000
0.350614
0.043695
0.000000
0.000000
0.000000
1.744959
0.000000
0.509082
0.041079
0.000000
1.354850
0.000000
0.000000
0.000000
0.000000
0.000000
0.219258
0.000000
0.000000
0.000000
0.471460
0.000000
0.000000
0.000000
0.000000
0.000000
0.000000
0.257576
2.025320
0.000000
0.000000
0.738094
0.000000
0.000000
0.000000
0.000000
0.000000
1.072652
0.000000
0.000000
1.324523
0.000000
0.000000
0.000000
0.000000
0.347530
1.540733
0.000000
0.000000
0.000000
0.000000
0.000000
0.404416
0.000000
0.000000
0.000000
0.000000
0.000000
0.000000
0.549603
0.000000
0.000000
0.000000
1.497630
0.000000
0.292995
0.000000
0.000000
0.344439
0.000000
0.000000
0.000000
0.681509
0.000000
0.000000
0.000000
0.000000
0.000000
0.000000
0.000000
0.478152
0.000000
0.000000
0.000000
0.000000
0.000000
0.000000
0.908829
0.000000
1.428187
0.175899
0.000000
0.000000
0.275464
1.563897
0.000000
0.479264
0.000000
0.039961
0.000000
2.191314
0.919286
0.000000
0.000000
0.034885
2.234561
0.000000
0.000000
0.836303
0.000000
0.000000
0.000000
0.279095
0.000000
0.000000
0.000000
0.000000
0.000000
0.000000
0.000000
0.000000
0.000000
0.000000
0.000000
0.000000
0.000000
0.000000
0.000000
0.000000
0.000000
0.000000
0.000000
0.000000
0.893392
0.000000
0.000000
0.000000
0.000000
0.000000
0.000000
0.000000
0.000000
0.000000
0.000000
0.143908
0.000000
0.064639
0.000000
0.873014
0.000000
0.000000
0.000000
0.000000
0.000000
1.237991
0.000000
0.277154
0.000000
0.000000
0.574009
0.000000
1.851739
0.000000
0.000000
1.395937
0.650187
0.000000
0.795511
0.000000
0.000000
0.295899
0.000000
0.000000
0.000000
0.000000
0.000000
1.231419
0.591865
0.000000
1.142472
0.000000
0.093622
0.518622
0.000000
0.274371
0.000000
0.000000
0.000000
0.143001
0.000000
0.000000
0.000000
0.591069
0.000000
0.000000
0.287324
0.000000
0.116627
0.000000
0.101463
0.000000
0.000000
0.000000
0.000000
0.616971
0.000000
0.000000
0.000000
0.000000
0.000000
0.000000
0.106454
0.000000
0.000000
0.000000
0.010043
0.000000
0.000000
0.000000
0.000000
0.000000
0.000000
0.000000
0.000000
0.385728
0.000000
0.000000
0.000000
0.006890
0.000000
0.000000
0.000000
0.256611
0.000000
0.000000
0.000000
0.000000
0.000000
0.000000
0.000000
0.000000
0.000000
0.000000
0.037058
0.000000
0.801998
0.000000
0.000000
0.000000
0.000000
0.415130
0.328903
0.663657
0.000000
0.000000
0.000000
0.000000
0.000000
0.304523
0.000000
0.000000
0.000000
2.069962
0.000000
0.000000
0.000000
0.518552
0.036165
0.000000
0.000000
0.000000
0.283765
0.000000
0.000000
0.000000
0.000000
0.000000
0.000000
0.000000
0.000000
0.000000
0.000000
0.547878
0.000000
0.000000
0.000000
0.582996
0.000000
0.000000
0.171484
0.000000
0.000000
0.000000
0.163203
0.000000
0.000000
0.000000
0.000000
0.000000
0.000000
0.000000
1.271128
0.000000
0.000000
0.167145
0.000000
0.193923
0.000000
0.036778
0.000000
0.000000
0.237756
0.142249
0.000000
0.000000
1.910646
0.000000
0.000000
0.000000
1.348272
0.000000
0.000000
0.346342
0.000000
0.000000
0.000000
0.000000
0.000000
0.000000
2.105173
0.000000
0.000000
0.000000
0.000000
0.000000
0.000000
0.318497
1.745408
0.000000
0.000000
0.000000
1.452128
0.000000
0.000000
2.073138
1.107541
0.000000
0.000000
1.720456
0.000000
0.000000
0.000000
0.000000
0.000000
0.000000
0.000000
0.000000
0.000000
0.000000
0.000000
0.000000
1.486580
0.000000
0.000000
0.000000
0.536290
0.196522
0.000000
0.000000
0.000000
0.000000
1.251927
0.000000
1.995817
0.000000
0.000000
0.000000
0.000000
0.000000
0.000000
0.000000
0.210094
0.241630
0.000000
0.103802
0.000000
0.000000
0.496615
0.355204
0.000000
0.000000
0.000000
0.000000
0.000000
0.000000
0.118009
0.009355
0.000000
0.000000
0.000000
0.000000
0.000000
0.000000
0.000000
0.000000
0.000000
0.000000
0.000000
0.000000
0.000000
0.000000
0.000000
0.156973
0.301426
0.000000
0.309009
0.000000
0.000000
0.000000
0.653237
0.000000
0.000000
0.000000
0.993765
0.000000
0.000000
0.000000
0.000000
0.000000
0.000000
0.000000
0.171518
1.468489
0.000000
0.617795
0.000000
0.000000
1.207687
1.494047
0.000000
0.000000
0.000000
0.000000
0.000000
0.000000
0.000000
0.000000
0.000000
0.000000
0.000000
0.000000
0.000000
0.000000
0.000000
0.000000
0.000000
0.000000
0.000000
0.797133
0.000000
0.081561
0.000000
0.000000
0.420069
0.257857
0.000000
1.336974
0.000000
0.000000
1.209684
0.632686
0.000000
0.000000
0.000000
0.000000
0.000000
0.764741
0.000000
1.167861
0.380142
0.919382
0.000000
0.000000
0.000000
0.000000
0.000000
0.000000
0.252448
0.000000
0.000000
0.000000
0.511803
0.000000
0.000000
0.000000
0.000000
0.000000
0.000000
0.349176
0.496114
1.560863
0.000000
0.000000
0.000000
0.026524
0.000000
0.285190
0.299711
0.580835
0.000000
0.167113
0.000000
0.000000
0.000000
0.000000
2.294875
0.000000
0.000000
0.000000
0.000000
0.000000
0.000000
0.000000
0.000000
0.303136
0.556294
0.000000
0.000000
0.000000
0.066840
0.039174
0.000000
0.000000
0.000000
0.000000
0.000000
1.709152
0.000000
0.234773
0.000000
0.000000
0.000000
0.191406
0.000000
0.000000
0.000000
0.000000
0.000000
0.000000
0.000000
0.172684
0.000000
0.886898
0.401098
0.000000
0.000000
0.000000
0.000000
0.000000
0.000000
1.777025
0.000000
0.000000
0.000000
0.000000
0.000000
0.000000
0.000000
0.000000
0.000000
0.300376
0.106275
0.000000
0.000000
0.000000
0.000000
0.000000
0.000000
0.000000
0.000000
0.000000
0.000000
0.433291
0.000000
0.000000
0.000000
0.000000
0.000000
0.000000
0.616660
1.682294
0.000000
1.358221
0.000000
0.000000
0.000000
0.000000
1.568366
0.000000
0.000000
1.296178
0.000000
0.000000
0.000000
0.000000
0.000000
0.304025
0.775481
0.509785
0.000000
1.471073
1.899761
0.000000
0.000000
0.000000
0.102341
0.000000
1.284176
0.000000
0.000000
0.744598
0.000000
0.514374
0.499871
1.134307
0.000000
0.000000
0.000000
0.000000
0.273451
0.000000
0.000000
0.000000
0.000000
0.000000
0.000000
0.000000
0.000000
0.103601
0.060162
1.238887
0.636914
0.000000
0.207964
0.000000
0.000000
1.024730
0.583698
0.483829
0.000000
0.000000
0.000000
0.000000
0.336951
0.000000
0.000000
0.000000
1.395748
0.176023
0.000000
0.000000
0.000000
0.000000
0.000000
0.000000
0.000000
0.000000
0.161501
1.437344
0.000000
0.653378
0.000000
0.000000
0.000000
0.515805
0.000000
0.000000
0.000000
0.970836
0.000000
1.379021
0.000000
0.000000
0.000000
0.000000
1.019449
0.000000
0.502838
0.000000
0.000000
0.000000
0.250985
0.000000
0.000000
0.000000
0.000000
0.000000
0.000000
0.000000
1.001245
0.000000
0.000000
1.814090
0.000000
0.000000
0.513031
0.000000
0.000000
0.000000
0.307164
0.000000
0.082136
0.000000
0.000000
0.000000
0.000000
0.555984
0.000000
0.000000
0.000000
0.000000
0.000000
0.070794
0.000000
0.000000
0.000000
0.000000
0.000000
0.615013
0.237029
0.000000
0.000000
0.000000
0.000000
0.000000
0.000000
0.000000
0.000000
0.000000
0.000000
0.826673
0.000000
0.000000
1.665937
0.000000
0.000000
0.000000
0.000000
0.000000
0.000000
1.869816
0.000000
0.000000
0.000000
0.000000
0.000000
0.000000
1.433075
1.264869
0.000000
0.616192
0.000000
0.000000
0.000000
0.859021
0.000000
0.000000
0.535690
0.502189
0.000000
1.858439
0.170797
0.000000
0.000000
0.000000
0.000000
0.321009
0.000000
0.000000
0.368611
0.000000
0.000000
1.788950
0.381719
0.000000
0.000000
0.000000
1.018701
1.154061
0.000000
0.000000
0.594263
0.000000
0.000000
0.000000
0.000000
0.000000
0.246581
0.000000
0.000000
0.000000
0.000000
0.794100
0.000000
0.000000
0.000000
0.000000
0.000000
0.553996
1.293452
0.286190
0.000000
2.224912
0.000000
0.018912
0.097857
0.000000
0.000000
0.000000
0.047427
0.000000
0.000000
0.000000
0.000000
0.403003
0.000000
1.133421
0.000000
0.000000
0.000000
0.000000
0.926112
0.000000
0.000000
0.000000
0.220239
0.000000
1.370443
0.000000
0.602760
0.000000
2.155519
0.000000
0.000000
0.000000
0.000000
0.000000
0.000000
0.000000
0.644909
1.155697
0.000000
0.000000
0.092156
0.000000
1.573718
0.000000
0.000000
0.000000
0.848354
0.000000
0.000000
0.101958
0.000000
0.542397
0.631160
0.000000
0.000000
0.136634
0.000000
0.000000
0.000000
0.000000
0.000000
0.000000
0.028558
0.000000
0.000000
0.000000
0.199251
0.000000
1.040370
0.000000
0.000000
0.000000
0.697126
0.000000
0.000000
0.770304
1.291198
0.000000
0.000000
0.000000
0.000000
0.036765
0.000000
0.000000
0.807429
0.634389
0.000000
0.000000
0.334048
0.000000
0.000000
0.000000
0.000000
0.000000
0.416676
0.000000
0.971724
0.000000
1.548163
0.000000
0.106116
0.000000
0.000000
0.000000
0.000000
0.000000
0.000000
0.544297
0.000000
0.000000
0.000000
0.000000
0.000000
0.000000
1.463249
0.000000
0.000000
0.592232
0.000000
0.156571
0.000000
0.000000
0.000000
0.000000
0.000000
0.000000
0.477718
0.000000
0.000000
0.000000
0.000000
0.000000
0.000000
0.000000
0.754651
0.000000
1.092669
0.000000
0.000000
1.208761
0.000000
0.000000
0.000000
0.000000
0.647385
0.000000
0.000000
2.063135
0.588288
0.496757
0.638963
0.000000
0.974662
0.000000
0.000000
0.173536
0.000000
0.000000
0.000000
0.000000
0.000000
0.000000
0.000000
0.000000
0.000000
0.708766
0.000000
0.000000
0.000000
0.000000
0.444450
0.000000
0.000000
0.000000
0.520066
0.000000
0.000000
0.000000
0.000000
0.000000
0.000000
0.000000
0.869413
0.000000
0.271045
0.000000
2.316334
0.000000
0.000000
0.000000
0.000000
0.000000
0.000000
0.653201
0.656136
0.000000
0.524019
0.000000
0.000000
0.000000
0.000000
0.000000
0.086385
0.000000
0.000000
0.613897
0.000000
1.106476
0.563380
0.000000
0.000000
0.000000
0.000000
0.000000
0.000000
0.000000
0.000000
0.960630
0.000000
0.498746
0.000000
0.000000
0.000000
0.000000
0.000000
0.000000
0.000000
1.061986
2.886623
0.939963
0.000000
0.691584
0.000000
0.000000
0.000000
0.019756
0.659234
0.000000
0.000000
0.084086
0.000000
0.000000
0.740132
0.000000
0.000000
0.000000
0.000000
0.000000
0.000000
0.340587
0.000000
0.000000
0.000000
0.697839
0.000000
0.000000
0.000000
1.042030
0.000000
0.808913
0.000000
0.000000
0.000000
0.000000
0.000000
0.000000
0.000000
0.000000
0.000000
0.000000
0.000000
0.083004
0.000000
0.000000
0.000000
0.618710
0.000000
1.229730
0.000000
0.000000
0.100400
0.000000
0.000000
0.000000
0.148290
0.532784
0.000000
0.000000
0.000000
0.000000
0.114054
0.000000
0.000000
0.000000
0.000000
0.000000
0.000000
0.000000
0.000000
0.000000
0.000000
0.000000
0.000000
2.111665
0.000000
0.000000
0.000000
0.000000
0.032577
1.529728
1.570849
0.000000
0.000000
0.000000
0.000000
0.000000
0.000000
0.000000
0.000000
1.427035
0.000000
0.000000
0.000000
0.000000
0.000000
0.000000
0.000000
0.000000
0.000000
0.000000
0.372432
0.000000
0.000000
0.000000
0.704994
0.641429
0.000000
1.527503
0.000000
0.000000
0.000000
0.000000
0.000000
0.000000
0.000000
0.743659
0.000000
0.000000
0.000000
0.000000
0.000000
0.000000
0.000000
1.330539
0.682583
0.000000
0.000000
0.000000
0.000000
0.000000
0.000000
0.000000
0.000000
0.000000
0.000000
0.434345
0.000000
0.517463
0.105536
0.000000
0.000000
0.530080
0.000000
0.000000
0.000000
0.000000
0.000000
0.000000
0.000000
0.000000
0.000000
0.842994
0.000000
0.000000
0.000000
0.080580
0.606131
0.000000
2.330399
0.000000
0.000000
0.000000
0.000000
1.316901
0.000000
0.000000
0.000000
0.000000
0.872676
0.000000
0.908184
0.000000
0.000000
0.000000
0.000000
0.000000
0.000000
0.000000
0.000000
0.000000
0.000000
0.000000
0.713064
0.000000
0.000000
0.000000
0.000000
0.000000
0.000000
0.256771
0.000000
0.000000
1.364582
1.314705
0.000000
0.684207
0.000000
0.000000
0.000000
0.000000
0.414954
0.000000
0.000000
0.000000
0.000000
0.000000
0.000000
0.000000
0.000000
0.000000
0.000000
0.000000
0.000000
0.500336
0.051812
0.818778
0.000000
0.000000
0.387343
0.000000
0.000000
1.485445
0.000000
0.000000
1.071168
0.000000
0.000000
0.000000
0.000000
0.000000
0.000000
0.000000
0.000000
0.023011
0.000000
0.000000
0.000000
0.186954
0.000000
0.000000
0.000000
0.000000
0.000000
0.000000
0.000000
0.000000
0.632283
0.054837
0.000000
0.000000
0.000000
0.000000
0.249015
1.505136
0.707613
0.000000
0.308453
0.000000
0.000000
0.000000
0.000000
0.000000
0.000000
0.000000
0.000000
0.177410
0.287497
0.000000
0.000000
2.103613
0.000000
0.000000
1.258359
0.000000
0.000000
0.000000
0.000000
0.407575
0.000000
0.000000
1.067137
0.411581
0.000000
0.546128
0.000000
0.000000
0.000000
0.000000
0.000000
0.000000
0.998044
0.000000
0.294898
0.000000
0.000000
0.402024
0.000000
0.000000
0.000000
0.140652
0.000000
1.408850
0.000000
0.000000
0.160322
0.000000
0.000000
0.000000
0.000000
0.282032
0.660026
0.000000
0.000000
0.000000
0.000000
0.000000
3.054220
0.000000
0.000000
0.091201
0.000000
1.232800
0.600864
0.000000
0.000000
0.000000
0.000000
0.000000
0.000000
0.000000
0.000000
0.000000
0.000000
0.942921
1.049134
0.000000
0.000000
1.665078
0.541168
0.000000
0.000000
0.000000
0.211924
0.000000
0.000000
0.000000
0.000000
0.267601
0.000000
0.000000
0.000000
0.000000
0.000000
0.707140
0.000000
0.000000
0.000000
0.000000
0.000000
0.000000
0.119215
0.000000
0.000000
0.035241
0.778120
0.053604
0.474042
0.000000
0.444151
1.739184
0.000000
0.000000
0.000000
0.000000
1.036951
0.787857
0.000000
0.000000
0.000000
0.000000
0.000000
0.000000
0.000000
0.000000
0.000000
0.000000
0.052860
0.000000
0.000000
0.000000
0.000000
0.000000
0.000000
0.000000
0.000000
0.000000
0.000000
0.000000
0.000000
2.028267
0.000000
0.112401
0.000000
0.000000
0.000000
0.061092
0.000000
0.000000
0.000000
0.000000
0.000000
0.000000
0.000000
0.000000
0.602221
0.024002
0.000000
0.830011
0.000000
0.342625
0.000000
0.000000
0.000000
0.000000
0.047220
0.000000
0.000000
0.000000
0.000000
0.000000
1.005913
0.283441
0.000000
1.796152
0.000000
0.000000
0.147775
0.000000
0.000000
0.000000
0.000000
0.000000
0.000000
0.000000
0.000000
0.000000
0.000000
0.000000
0.000000
0.508653
0.000000
0.260188
0.000000
0.000000
0.800939
0.000000
0.000000
0.000000
0.000000
0.065111
0.608591
0.000000
0.000000
0.000000
0.000000
0.000000
0.000000
0.000000
0.000000
0.000000
0.000000
0.000000
1.308010
0.000000
0.000000
1.013333
0.000000
1.133093
0.000000
0.000000
0.000000
0.757724
0.000000
0.000000
0.000000
0.000000
0.000000
0.000000
0.000000
0.000000
0.000000
0.000000
0.207889
0.000000
0.000000
0.000000
0.117677
0.000000
0.000000
0.000000
0.000000
0.000000
0.000000
0.760595
0.361684
0.505148
0.000000
0.000000
0.978881
1.682207
0.000000
0.000000
0.000000
0.000000
0.000000
0.000000
0.000000
0.000000
0.000000
0.000000
0.226382
0.000000
0.000000
0.000000
0.813516
0.000000
1.463783
0.000000
2.227997
0.079709
0.000000
0.346866
0.000000
0.092647
0.000000
0.000000
0.000000
0.000000
0.000000
0.000000
0.000000
0.000000
0.000000
0.000000
0.000000
0.000000
0.000000
0.720660
0.000000
0.000000
0.000000
0.000000
0.534224
0.091792
0.000000
0.000000
0.000000
0.000000
0.000000
0.000000
0.473447
0.077437
0.000000
0.000000
0.000000
0.000000
0.000000
0.000000
0.000000
0.000000
0.000000
0.000000
0.000000
0.000000
0.000000
0.030347
0.000000
0.000000
0.476709
0.000000
0.000000
0.000000
0.000000
0.000000
0.025735
0.499548
0.000000
0.000000
1.326546
0.415359
0.000000
0.712838
0.000000
0.000000
0.000000
0.000000
0.944828
0.000000
1.367549
0.000000
0.314813
0.000000
0.000000
0.000000
0.000000
0.000000
0.788755
0.000000
0.000000
0.000000
0.000000
0.000000
0.000000
0.000000
0.000000
0.000000
0.000000
0.000000
0.000000
0.000000
0.779274
0.065768
0.000000
0.000000
0.000000
0.000000
0.000000
0.000000
0.000000
0.000000
0.000000
0.000000
0.000000
0.738068
0.000000
0.000000
0.000000
0.077253
0.322045
0.000000
0.536589
0.000000
0.000000
0.103560
0.000000
0.000000
0.000000
0.544767
0.000000
0.000000
0.000000
0.515010
0.096406
0.000000
0.000000
0.000000
0.000000
0.000000
0.089888
0.000000
0.173282
0.000000
0.000000
0.000000
0.000000
0.000000
0.000000
1.801444
0.000000
0.000000
0.000000
0.000000
0.000000
0.000000
2.404593
0.000000
0.000000
0.000000
0.000000
0.000000
0.000000
1.037905
0.909533
0.000000
0.000000
0.000000
0.000000
0.000000
0.503206
0.000000
0.000000
0.000000
0.464987
1.606535
1.094470
0.000000
0.000000
0.584642
0.000000
0.000000
0.272628
0.000000
1.680995
0.000000
0.000000
0.000000
0.000000
0.000000
0.000000
0.000000
0.000000
0.000000
0.000000
0.000000
0.000000
0.000000
0.000000
0.000000
0.082431
1.136724
0.000000
1.281330
0.000000
0.000000
0.000000
0.943468
0.000000
0.000000
0.000000
0.757622
0.000000
0.000000
0.000000
0.000000
0.023689
0.000000
0.000000
0.000000
0.000000
0.000000
0.236921
0.000000
0.000000
0.000000
0.000000
0.000000
0.000000
0.000000
0.000000
0.000000
0.000000
0.000000
0.007622
0.000000
0.000000
0.000000
0.000000
0.177223
0.906827
0.000000
0.136635
0.000000
0.000000
0.000000
0.000000
0.000000
0.000000
0.000000
0.000000
0.888111
0.746514
0.000000
1.179204
0.310469
0.000000
0.000000
0.000000
0.282740
0.000000
0.351573
0.000000
0.432426
0.748061
0.000000
0.000000
0.000000
2.278012
0.402076
1.031610
0.000000
1.424745
0.000000
1.000986
1.760339
0.000000
1.459759
0.000000
0.000000
0.000000
0.000000
0.000000
0.000000
0.000000
0.000000
0.000000
0.000000
0.000000
0.110932
0.000000
1.149886
1.260343
0.000000
0.052982
0.000000
0.000000
0.000000
0.716742
0.498499
0.000000
0.000000
0.000000
0.276118
0.000000
1.038714
1.018465
0.000000
0.000000
0.000000
0.000000
0.000000
0.000000
0.000000
0.000000
1.232368
1.590503
0.000000
0.000000
0.290158
0.000000
0.000000
0.000000
0.000000
0.000000
0.127750
0.000000
0.000000
0.000000
0.000000
0.000000
0.000000
0.175379
0.000000
0.000000
0.000000
1.285580
0.729898
0.000000
0.263990
0.000000
0.000000
0.000000
1.799089
0.000000
0.000000
0.000000
0.000000
0.000000
0.000000
0.000000
0.000000
0.308404
0.000000
0.870257
1.614452
0.000000
0.000000
0.000000
0.000000
0.000000
0.000000
0.000000
0.000000
0.315162
0.000000
1.767711
0.000000
1.344074
0.000000
0.000000
0.000000
0.000000
0.000000
0.001544
0.000000
0.662542
0.000000
0.000000
0.000000
0.435243
0.000000
0.000000
0.000000
0.000000
0.000000
1.107812
0.000000
0.066352
0.300501
0.000000
0.000000
0.000000
0.000000
0.000000
0.000000
0.223906
0.719647
0.139329
0.200827
0.000000
0.075478
0.000000
0.000000
0.000000
1.018714
0.000000
0.387857
0.272355
0.000000
0.000000
0.000000
0.000000
0.846791
0.000000
0.736844
0.000000
0.000000
0.000000
0.273298
0.000000
0.000000
0.000000
0.000000
0.000000
0.000000
0.000000
0.000000
0.000000
0.000000
0.217514
0.000000
0.000000
0.087365
0.560050
0.000000
0.000000
0.000000
0.000000
0.000000
0.000000
0.000000
0.171727
0.276457
0.000000
0.572688
1.985371
0.836710
0.000000
0.448228
0.000000
0.000000
0.000000
0.000000
0.000000
0.000000
0.114168
0.000000
0.000000
0.118304
0.050105
0.000000
0.175637
2.038378
0.000000
1.212813
0.899065
0.150236
0.000000
0.472879
0.299125
0.000000
0.000000
0.000000
0.000000
0.000000
0.000000
0.000000
0.000000
0.000000
0.000000
0.000000
0.000000
0.000000
0.000000
0.000000
0.000000
1.466274
0.000000
0.106860
0.000000
0.238321
0.000000
0.000000
0.000000
0.037950
0.000000
0.000000
0.889700
0.000000
0.000000
0.000000
0.000000
0.000000
0.000000
0.000000
0.000000
0.000000
0.112219
0.375956
0.000000
0.000000
0.407292
0.000000
0.530005
0.335380
2.030806
0.000000
1.477758
0.015105
0.000000
0.000000
0.618077
0.069017
0.000000
0.631574
0.000000
0.692602
0.000000
0.000000
0.000000
0.000000
0.000000
0.000000
0.000000
0.000000
0.000000
0.000000
0.000000
0.000000
0.000000
0.000000
0.000000
0.000000
0.000000
0.000000
0.350810
0.000000
0.000000
0.000000
0.000000
1.896166
0.768677
0.000000
0.000000
0.000000
0.539775
0.000000
0.000000
0.000000
0.401527
0.000000
0.858846
0.000000
0.000000
0.069273
0.000000
0.175010
0.000000
1.215945
0.000000
0.000000
0.000000
0.000000
0.454330
0.000000
0.701706
1.353189
0.000000
0.307584
0.000000
0.000000
0.000000
0.080169
0.000000
0.000000
0.000000
0.122841
0.000000
0.624383
1.174706
0.000000
0.000000
0.000000
0.000000
0.000000
0.000000
0.000000
0.588951
0.554746
0.000000
1.126050
0.000000
0.000000
0.000000
0.895278
0.457654
0.000000
0.000000
0.000000
0.000000
0.356012
0.000000
0.297171
0.000000
0.000000
0.000000
0.000000
0.082633
0.000000
0.000000
0.000000
0.000000
0.000000
0.000000
0.000000
0.000000
0.000000
0.000000
0.028453
0.000000
0.000000
0.070092
0.000000
0.000000
0.000000
0.000000
0.000000
0.000000
0.154349
0.000000
0.000000
0.063132
0.000000
0.000000
0.000000
0.574532
1.965622
0.000000
0.000000
0.471071
0.000000
0.886250
0.000000
0.154160
0.000000
0.074747
0.000000
1.166784
0.000000
0.470217
0.621340
0.000000
0.000000
0.000000
0.000000
0.000000
0.000000
0.464729
0.206257
0.233498
0.000000
0.000000
0.000000
0.950575
0.000000
0.000000
0.000000
0.000000
0.528113
0.245729
0.000000
0.000000
0.608740
0.000000
1.288268
0.511618
1.494424
0.000000
0.000000
1.454932
0.481793
0.000000
0.000000
1.307578
0.233487
1.782443
0.000000
0.000000
0.000000
0.000000
0.000000
0.000000
0.871756
0.000000
0.025545
0.000000
0.000000
0.000000
0.000000
0.000000
0.000000
0.000000
0.478131
0.524411
0.000000
0.000000
0.000000
0.127370
1.464735
0.000000
0.000000
0.000000
0.000000
1.598313
0.000000
0.000000
0.000000
0.468161
0.000000
0.000000
0.000000
0.000000
0.000000
0.000000
0.000000
0.000000
0.000000
0.000000
0.000000
0.000000
0.763455
0.061000
0.000000
1.196242
0.000000
0.000000
0.283710
0.000000
0.000000
0.000000
0.000000
0.297037
0.000000
0.000000
0.000000
0.000000
0.000000
0.000000
0.064233
0.000000
0.000000
0.146635
0.000000
0.000000
0.000000
0.000000
0.000000
0.651088
0.000000
0.000000
0.000000
0.000000
1.157682
0.000000
0.000000
0.000000
0.000659
0.000000
0.226623
0.137522
0.000000
0.000000
0.000000
0.605905
1.553897
0.000000
0.096933
0.000000
0.000000
0.000000
0.548550
0.000000
0.000000
0.000000
0.000000
0.831350
0.612113
0.000000
0.000000
0.107584
0.000000
2.442655
0.000000
0.000000
0.000000
0.000000
0.000000
0.649546
0.000000
0.000000
0.000000
1.381258
0.198450
0.714358
0.569589
0.000000
0.000000
0.000000
0.000000
0.000000
0.000000
0.916787
0.000000
0.000000
0.775067
0.000000
0.168848
0.000000
0.000000
0.000000
0.000000
0.000000
0.000000
0.000000
0.965943
0.000000
0.108771
0.000000
0.000000
0.000000
0.000000
0.000000
0.000000
0.000000
0.000000
1.521751
0.347586
0.000000
0.000000
0.000000
0.000000
0.000000
0.568726
1.869547
0.000000
0.000000
0.000000
1.020832
0.420252
0.000000
0.858034
0.000000
0.000000
0.000000
0.000000
0.000000
0.000000
0.090529
0.000000
0.155971
0.000000
0.000000
0.000000
0.000000
0.000000
0.000000
0.000000
0.000000
0.000000
0.000000
0.000000
0.000000
0.000000
0.000000
0.000000
0.000000
0.000000
0.000000
1.253427
1.449105
0.000000
0.455848
0.000000
0.000000
0.000000
0.000000
0.000000
0.056887
0.988369
0.000000
0.000000
0.205044
0.651071
0.000000
0.000000
0.000000
0.000000
0.466136
0.000000
0.000000
0.278756
0.407171
0.000000
0.000000
0.127561
0.000000
0.000000
0.811091
0.000000
0.000000
0.000000
0.000000
0.000000
0.434332
0.000000
0.509840
0.000000
0.000000
0.000000
0.000000
0.000000
0.000000
0.000000
0.000000
0.000000
0.000000
0.000000
0.000000
0.000000
0.000000
0.000000
0.014902
0.000000
0.000000
0.708384
1.916696
0.127849
0.000000
0.000000
0.000000
0.000000
0.000000
0.000000
0.000000
0.000000
0.000000
1.062483
1.173960
1.021084
1.190920
0.000000
0.000000
0.570541
0.000000
0.000000
1.082955
1.289114
0.032689
0.000000
0.000000
0.000000
0.286121
0.000000
0.010388
0.000000
0.000000
0.000000
0.000000
0.262668
0.000000
0.000000
1.503161
0.774649
0.000000
0.000000
0.000000
0.686740
0.000000
0.000000
0.000000
0.000000
0.145164
0.000000
0.000000
0.954873
0.000000
0.000000
0.000000
0.000000
0.000692
0.000000
0.000000
0.000000
0.000000
0.000000
0.000000
0.195900
0.000000
0.000000
0.000000
0.000000
1.115263
0.000000
0.000000
0.768299
0.000000
0.000000
0.415525
0.193431
0.000000
0.115789
0.000000
0.000000
0.000000
0.000000
0.000000
0.000000
0.000000
0.000000
0.125063
0.000000
0.000000
0.000000
0.000000
0.255922
0.215639
0.000000
0.370435
0.509920
0.328983
0.346103
0.000000
0.007369
0.000000
0.000000
0.000000
0.256060
0.000000
0.000000
0.000000
0.000000
0.000000
0.000000
0.310322
0.085662
0.101185
0.000000
0.000000
0.000000
0.000000
0.000000
0.000000
0.708074
0.000000
0.000000
0.000000
0.000000
0.683727
0.000000
0.000000
0.269035
0.000000
0.000000
0.000000
0.000000
0.000000
0.000000
0.915657
0.000000
0.542044
0.000000
0.251426
0.000000
0.000000
0.858416
0.000000
0.022535
0.000000
0.000000
0.000000
0.000000
0.000000
1.109108
0.597369
0.288775
0.000000
0.000000
0.342130
0.000000
0.000000
0.476503
0.000000
0.000000
0.169792
1.085627
0.112974
0.000000
0.000000
0.000000
0.013151
0.885977
0.000000
0.252313
1.126163
0.000000
0.000000
0.000000
0.000000
0.000000
0.706207
0.000000
0.087166
1.377987
0.094464
0.000000
0.000000
1.249348
0.000000
0.000000
0.000000
0.000000
0.000000
0.563091
0.000000
0.000000
0.000000
0.000000
0.000000
0.000000
0.000000
0.000000
0.000000
0.000000
0.000000
0.000000
0.000000
0.051574
0.442378
0.000000
0.000000
0.000000
0.000000
0.000000
0.106409
0.000000
0.250491
1.587937
0.000000
0.000000
0.000000
0.000000
0.000000
0.000000
0.000000
0.025728
0.000000
0.000000
0.505404
0.000000
0.000000
0.228521
0.231742
0.769721
0.000000
0.000000
0.000000
0.000000
0.000000
0.000000
0.515467
0.000000
0.442466
0.000000
1.245268
0.012211
0.000000
0.000000
0.000000
0.000000
0.000000
1.359161
0.629536
0.000000
0.000000
0.000000
0.998832
0.000000
0.000000
0.000000
0.000000
0.000000
0.000000
0.655879
0.000000
0.000000
0.406610
0.000000
0.000000
0.267023
0.000000
0.000000
0.133967
0.000000
0.000000
0.000000
0.000000
0.000000
0.000000
0.719722
0.000000
0.582724
0.000000
0.000000
0.000000
0.448905
0.100100
1.476027
0.392243
0.000000
0.891253
0.000000
0.028736
0.000000
0.000000
0.000000
0.000000
0.000000
0.000000
0.153313
0.776048
0.000000
1.113512
0.894204
0.000000
0.000000
0.000000
0.000000
0.454155
0.000000
0.000000
0.000000
0.143276
1.258708
0.000000
0.000000
0.000000
2.570206
0.000000
0.000000
0.399268
0.000000
0.000000
0.519625
0.000000
0.000000
0.000000
0.000000
0.000000
0.000000
0.407950
1.499592
0.000000
0.000000
0.000000
0.000000
0.009037
0.861046
0.000000
0.000000
0.000000
0.000000
0.000000
0.000000
0.000000
0.000000
0.000000
0.000000
0.000000
0.000000
1.042936
0.328498
1.114512
0.762058
0.000000
0.000000
0.735414
0.242158
0.000000
0.000000
0.000000
0.000000
0.107417
0.550995
0.000000
0.000000
0.000000
0.000000
0.141185
0.000000
0.000000
0.000000
0.000000
0.007227
0.000000
0.235281
0.000000
0.000000
0.000000
0.000000
0.000000
0.000000
0.000000
0.000000
0.000000
0.000000
0.000000
0.000000
0.000000
0.040900
0.000000
1.283758
0.521988
0.000000
0.178951
0.000000
0.909515
0.000000
0.000000
0.000000
0.000000
0.145515
0.000000
0.000000
0.000000
1.865491
1.045250
0.000000
0.000000
0.000000
0.000000
0.714109
0.892778
0.000000
0.000000
0.045245
0.000000
0.493900
0.000000
0.333511
1.968371
0.000000
0.000000
1.823683
0.000000
0.000000
0.000000
0.000000
0.000000
0.000000
0.000000
0.000000
0.000000
0.000000
0.000000
0.639571
0.000000
0.626962
0.000000
0.000000
0.000000
0.000000
0.000000
0.831336
0.000000
0.000000
0.949911
0.000000
0.000000
0.764342
0.000000
0.000000
0.000000
0.000000
1.175485
1.261027
0.000000
0.000000
0.000000
0.000000
0.000000
0.000000
0.000000
0.000000
0.000000
0.000000
0.000000
0.000000
0.000000
0.000000
0.000000
0.000000
0.000000
0.000000
0.000000
1.635770
0.000000
0.000000
0.000000
0.390600
0.000000
0.000000
0.314383
0.000000
0.000000
0.000000
0.026434
0.000000
0.000000
0.001940
0.685644
0.258519
0.000000
0.000000
0.000000
0.000000
0.000000
0.000000
1.082051
0.000000
0.275275
0.000000
0.000000
0.000000
0.454425
0.000000
1.268255
0.849905
0.000000
0.000000
0.000000
0.000000
0.000000
0.000000
0.000000
0.236408
0.000000
0.000000
0.000000
1.506489
0.000000
0.000000
0.000000
0.000000
0.000000
0.000000
0.000000
0.000000
0.117721
0.000000
0.974912
0.000000
0.000000
0.000000
0.129413
0.372243
1.126443
0.000000
0.000000
0.230414
0.000000
0.000000
0.000000
0.000000
0.000000
0.000000
0.000000
0.236404
0.000000
0.000000
0.000000
0.000000
0.000000
0.000000
0.000000
0.143261
1.521289
1.582734
0.329210
0.827344
0.000000
0.253998
0.620538
0.000000
0.000000
0.000000
0.000000
0.000000
0.000000
2.141975
2.179613
0.185488
0.159828
0.000000
1.422270
0.190634
0.000000
0.000000
0.000000
0.000000
0.000000
0.000000
0.000000
0.000000
0.000000
1.555251
0.000000
0.000000
0.000000
0.368547
0.000000
0.735860
0.000000
0.000000
0.000000
0.000000
0.472923
0.213889
0.712727
0.641430
0.000000
0.000000
0.000000
0.000000
0.000000
0.961687
0.000000
0.062390
0.000000
0.000000
0.000000
0.000000
0.112987
0.000000
0.000000
0.000000
0.000000
1.393143
0.517540
0.000000
0.000000
0.000000
0.000000
0.233581
0.012153
0.511797
0.000000
0.000000
0.000000
0.000000
0.000000
0.278179
0.000000
0.820181
0.000000
0.000000
0.786679
0.000000
0.066233
0.000000
0.000000
0.000000
0.000000
0.498034
0.000000
0.451017
0.000000
0.000000
0.000000
0.000000
0.366676
0.000000
0.000000
0.000000
0.000000
0.000000
0.000000
0.000000
0.000000
0.000000
0.104228
0.116565
0.000000
0.000000
0.000000
0.000000
1.068122
0.000000
0.482870
1.243993
0.000000
0.069268
0.631435
0.000000
0.000000
0.000000
0.161064
0.000000
0.000000
0.000000
0.000000
0.000000
0.324028
0.000000
0.000000
0.000000
0.000000
0.000000
0.000000
0.000000
0.000000
0.000000
0.000000
0.000000
0.000000
0.262594
0.000000
0.000000
0.000000
0.000000
0.000000
0.000000
0.000000
0.540749
0.479557
0.000000
0.098745
0.222254
0.119653
0.000000
0.000000
0.000000
0.000000
0.000000
0.000000
0.000000
0.000000
0.000000
0.000000
0.000000
0.000000
0.729706
0.004357
0.000000
0.115935
0.000000
0.000000
0.000000
0.000000
0.320084
0.775661
0.000000
0.000000
0.000000
0.000000
0.000000
1.079885
0.000000
0.000000
0.000000
0.999700
0.379409
0.000000
0.000000
0.000000
0.000000
0.000000
0.000000
0.000000
0.000000
0.000000
0.000000
0.321868
0.000000
0.000000
0.000000
0.937408
0.308007
0.000000
0.000000
0.000000
0.736330
0.000000
0.000000
0.000000
0.000000
0.000000
0.000000
0.000000
0.000000
0.000000
0.000000
0.000000
0.000000
0.000000
0.000000
0.492578
0.276652
0.000000
0.000000
0.000000
0.000000
0.000000
0.000000
0.000000
0.000000
1.056924
0.000000
0.000000
0.355211
0.000000
0.601110
0.000000
0.000000
0.000000
0.000000
0.177555
0.000000
0.000000
0.000000
0.578996
0.000000
0.483348
0.997728
0.527194
0.422569
0.000000
0.000000
0.000000
0.000000
0.285751
0.000000
0.000000
0.000000
0.377869
0.000000
0.000000
0.000000
0.000000
1.431916
0.000000
0.000000
0.000000
0.000000
0.000000
0.000000
0.000000
0.000000
0.080656
0.000000
2.022262
0.937253
0.000000
0.000000
0.000000
0.000000
0.000000
0.000000
0.000000
0.276148
0.000000
