0.000000
0.280728
0.000000
0.000000
0.000000
0.000000
0.000000
0.000000
0.000000
0.000000
0.000000
0.000000
0.000000
1.362783
0.000000
0.100664
0.000000
0.000000
0.000000
0.000000
0.000000
0.368732
0.730848
0.300347
0.000000
0.000000
0.000000
0.000000
0.000000
0.000000
0.405266
3.561189
0.000000
0.000000
0.000000
0.000000
0.000000
0.000000
0.989489
0.000000
0.012741
0.000000
0.000000
0.000000
0.000000
0.000000
0.000000
0.000000
1.690297
0.433752
0.000000
0.000000
0.000000
0.000000
0.000000
0.000000
0.180072
1.514813
0.320122
0.006198
1.578152
0.000000
0.000000
2.357071
0.000000
0.000000
1.256266
1.036098
0.000000
1.147313
0.741397
0.000000
0.000000
0.000000
0.452843
0.000000
0.000000
0.000000
0.381271
0.000000
0.000000
0.376146
0.000000
0.000000
0.000000
0.000000
0.000000
0.000000
0.000000
0.000000
0.000000
0.452617
0.376216
2.312292
0.344336
0.000000
0.000000
0.000000
0.000000
0.000000
0.000000
0.000000
0.553183
0.000000
0.000000
0.000000
0.000000
0.000000
0.000000
0.000000
0.612484
0.000000
0.000000
0.289840
0.000000
0.000000
0.000000
0.000000
0.000000
0.000000
0.000000
0.000000
0.000000
0.000000
0.000000
0.000000
0.000000
0.000000
0.000000
2.066947
2.575351
0.000000
0.000000
0.287826
3.113103
0.000000
0.000000
0.000000
0.000000
0.000000
0.696265
0.000000
0.292848
1.062747
1.289313
0.000000
0.000000
0.000000
3.442179
0.000000
0.000000
0.000000
0.000000
0.000000
0.000000
0.000000
0.461229
0.987299
0.000000
0.000000
0.000000
0.000000
0.000000
0.000000
0.465622
0.000000
0.000000
0.000000
0.000000
0.000000
0.000000
0.000000
0.000000
0.000000
0.000000
0.000000
0.000000
0.000000
1.867420
0.000000
0.000000
0.000000
0.000000
0.000000
0.000000
0.000000
0.000000
0.000000
0.213360
0.000000
0.000000
0.000000
0.000000
0.000000
0.000000
0.000000
0.000000
0.000000
0.000000
0.000000
0.000000
0.000000
0.000000
0.364122
0.000000
0.486216
0.000000
0.000000
0.000000
0.000000
0.000000
0.000000
1.067129
0.000000
0.000000
0.000000
0.000000
0.000000
0.000000
0.344864
0.000000
0.000000
0.000000
0.000000
0.000000
0.000000
0.000000
0.000000
0.000000
0.000000
0.000000
0.000000
0.000000
0.000000
0.000000
0.000000
0.000000
0.000000
2.067581
0.000000
0.000000
0.000000
1.556040
0.000000
0.000000
0.094962
1.616560
0.000000
0.000000
0.000000
0.000000
0.000000
0.000000
0.000000
0.000000
0.303346
0.994916
0.000000
0.000000
0.000000
0.000000
0.569863
0.000000
0.000000
0.000000
0.000000
0.000000
0.000000
0.803219
0.000000
0.000000
0.689550
0.720338
0.000000
0.000000
0.000000
0.000000
0.000000
0.000000
0.634391
1.022400
0.000000
0.000000
0.000000
0.000000
0.000000
0.000000
0.000000
0.000000
0.806467
0.000000
0.000000
0.000000
0.000000
0.739926
0.000000
0.000000
0.507173
0.000000
0.000000
0.000000
0.379772
0.000000
1.767166
0.000000
0.000000
0.000000
0.203793
0.000000
0.351354
0.000000
0.000000
0.000000
0.000000
0.000000
0.000000
0.000000
0.000000
0.336753
0.000000
0.009550
0.000000
0.000000
0.803993
1.291864
0.233324
0.000000
1.275100
0.000000
0.796205
0.000000
1.125645
0.081964
0.000000
0.000000
0.000000
0.000000
0.000000
0.224187
0.059625
0.000000
0.000000
0.000000
0.347900
0.000000
0.000000
0.000000
0.000000
0.000000
0.517749
0.000000
0.000000
0.000000
0.000000
0.961878
0.000000
1.228183
0.000000
0.000000
0.000000
0.000000
0.000000
1.185718
0.000000
0.000000
0.000000
0.000000
0.000000
0.000000
0.275212
0.000000
0.000000
0.000000
0.000000
0.000000
0.316637
0.000000
0.000000
0.000000
0.828318
0.000000
0.000000
0.000000
0.000000
0.000000
0.000000
0.000000
0.000000
0.000000
2.291234
0.000000
1.143096
0.383971
0.000000
0.000000
0.000000
0.000000
0.000000
0.082506
0.000000
0.000000
0.000000
0.000000
0.000000
0.000000
0.000000
1.449275
0.000000
0.000000
0.706174
0.974098
0.000000
0.358659
0.000000
1.610066
0.000000
0.000000
0.000000
0.172338
0.030562
1.450158
0.000000
0.000000
0.000000
0.438457
0.000000
0.000000
0.000000
0.000000
0.000000
0.000000
0.000000
1.711632
0.000000
0.000000
0.000000
0.304732
0.000000
0.061801
0.000000
0.000000
0.000000
0.000000
0.000000
1.176397
0.000000
0.000000
1.642594
1.207673
0.000000
0.202853
0.796402
0.197985
0.000000
0.000000
0.000000
0.974576
0.050526
0.000000
0.000000
0.000000
0.000000
0.000000
0.000000
0.000000
1.020292
0.000000
0.000000
0.000000
0.000000
0.000000
1.477589
0.000000
0.000000
0.000000
0.000000
0.000000
0.000000
0.000000
0.000000
0.000000
0.000000
0.000000
0.000000
1.192634
0.000000
0.000000
0.000000
0.000000
0.000000
0.000000
0.000000
0.000000
0.000000
0.000000
0.000000
0.000000
0.000000
1.482586
0.000000
0.706900
1.210987
0.000000
0.000000
0.000000
0.000000
1.657694
0.000000
0.111073
0.000000
0.000000
0.000000
0.000000
0.000000
0.000000
0.000000
0.000000
0.000000
0.000000
0.000000
0.000000
0.000000
0.000000
0.000000
1.922523
0.000000
0.000000
0.000000
0.000000
0.000000
1.859576
0.808782
0.000000
0.048250
0.000000
0.000000
0.000000
2.659872
0.037456
0.861093
0.000000
0.139470
1.369868
0.000000
0.000000
0.000000
1.912623
0.000000
0.000000
0.000000
0.000000
0.000000
0.606772
0.210878
0.000000
0.000000
0.000000
0.000000
0.000000
0.000000
0.000000
0.000000
0.000000
1.736694
0.000000
0.000000
0.000000
1.115323
0.000000
0.000000
0.000000
0.000000
0.000000
0.000000
0.000000
0.000000
0.000000
1.086031
0.000000
0.354061
0.370574
0.000000
0.000000
0.000000
0.000000
0.971013
0.000000
0.000000
0.526367
0.000000
0.000000
0.000000
0.000000
0.000000
0.568131
0.000000
0.000000
0.000000
0.000000
0.796384
0.000000
0.000000
0.000000
0.000000
0.000000
0.000000
0.000000
0.000000
0.293261
0.000000
0.000000
0.000000
0.000000
0.582232
0.436190
0.000000
0.153405
0.000000
0.000000
0.000000
0.000000
0.000000
0.000000
0.000000
0.000000
0.000000
0.217618
0.000000
0.000000
0.000000
0.000000
0.000000
1.111842
0.000000
0.000000
0.000000
0.000000
0.855041
0.000000
0.622483
0.000000
0.000000
0.000000
0.353727
0.137867
0.000000
0.000000
0.000000
0.000000
0.000000
0.668469
0.000000
0.000000
1.122538
0.000000
0.000000
2.204938
0.000000
0.000000
0.000000
0.000000
0.000000
0.146884
0.000000
0.000000
0.000000
0.000000
0.094101
0.000000
0.000000
0.000000
0.000000
0.000000
1.728112
0.000000
0.000000
0.000000
1.443100
0.000000
0.000000
0.000000
0.000000
0.000000
0.000000
0.000000
0.000000
0.000000
0.674571
0.168635
0.000000
0.474332
0.351949
0.000000
0.010413
0.000000
0.000000
0.000000
0.000000
0.000000
0.000000
0.000000
0.092183
0.000000
0.000000
0.000000
0.000000
0.000000
0.306652
0.000000
0.000000
0.000000
0.000000
0.000000
0.000000
0.334052
0.258510
0.853142
0.000000
0.000000
0.000000
0.000000
0.000000
0.000000
0.000000
0.000000
0.000000
0.882982
1.093944
0.000000
0.000000
0.000000
0.571196
0.000000
0.000000
0.000000
0.000000
0.000000
1.732576
0.000000
0.000000
0.000000
0.000000
0.000000
0.000000
0.598843
0.000000
0.918058
0.000000
0.558087
0.000000
0.000000
0.073894
0.000000
0.000000
0.000000
0.000000
0.000000
0.000000
0.000000
3.197337
0.050871
0.000000
0.827121
0.000000
1.295864
0.000000
0.000000
0.000000
0.000000
0.437207
0.294923
0.000000
0.000000
0.000000
0.491142
0.000000
0.000000
0.000000
0.000000
0.000000
0.000000
0.000000
1.380992
0.000000
0.000000
0.000000
0.000000
0.000000
0.000000
0.000000
0.000000
2.209354
0.000000
0.454818
0.000000
0.000000
0.000000
0.235678
1.858583
0.000000
1.002564
0.000000
0.000000
0.000000
0.000000
0.000000
0.000000
0.000000
0.000000
0.000000
0.000000
0.000000
0.000000
0.448164
0.000000
0.000000
0.000000
0.650989
0.000000
0.000000
0.000000
0.000000
0.000000
0.000000
0.000000
0.000000
1.783033
0.000000
0.000000
0.000000
0.000000
0.000000
0.000000
0.000000
0.729968
0.000000
0.000000
0.000000
0.000000
0.000000
0.000000
0.504746
0.000000
0.000000
0.000000
0.000000
0.000000
0.000000
0.477401
0.000000
1.782586
0.000000
0.525313
0.000000
0.305981
0.000000
0.000000
0.000000
0.000000
2.063770
0.000000
0.000000
0.000000
0.000000
0.000000
0.000000
0.000000
0.000000
0.000000
0.000000
0.658456
0.000000
0.000000
0.000000
0.000000
0.000000
0.000000
0.000000
0.000000
0.000000
0.158684
0.000000
0.000000
0.000000
0.000000
0.000000
0.000000
0.000000
0.000000
0.000000
0.000000
0.000000
0.000000
0.000000
0.000000
0.000000
0.230900
0.000000
0.000000
0.000000
0.000000
0.000000
1.278872
0.000000
1.987170
0.000000
1.074054
0.000000
0.615000
0.000000
0.000000
0.000000
0.000000
1.366395
0.000000
0.000000
0.000000
0.000000
1.130131
1.877646
0.422618
1.182827
0.000000
0.000000
0.000000
0.000000
0.037155
0.548126
0.000000
0.000000
1.597044
0.562029
0.000000
0.340488
0.000000
0.000000
0.000000
0.000000
0.000000
0.000000
0.000000
2.098403
0.000000
0.000000
0.000000
0.000000
0.000000
0.000000
0.000000
0.000000
0.000000
0.000000
0.000000
0.000000
0.000000
0.000000
0.000000
0.000000
2.031727
0.000000
0.270260
0.000000
0.000000
0.000000
0.000000
0.000000
0.000000
1.836473
0.000000
1.293903
0.000000
0.000000
0.000000
0.000000
0.637552
0.000000
0.000000
0.000000
0.000000
0.000000
0.000000
0.000000
0.000000
0.438860
0.000000
0.000000
0.000000
0.000000
0.000000
0.000000
0.000000
0.000000
0.000000
0.000000
0.000000
0.000000
0.000000
0.000000
0.000000
0.971261
0.000000
0.000000
0.000000
0.000000
0.000000
1.493001
0.000000
0.000000
0.000000
1.155743
0.000000
0.000000
0.511791
0.000000
0.096647
0.000000
0.759096
0.000000
0.000000
0.000000
0.000000
0.268322
0.000000
0.000000
0.000000
0.000000
0.000000
0.000000
0.000000
2.182827
0.000000
0.000000
0.000000
0.000000
2.167754
0.000000
0.000000
0.000000
0.000000
0.000000
0.000000
0.000000
0.000000
0.800245
0.000000
0.000000
0.000000
0.000000
0.000000
0.000000
0.000000
0.000000
0.000000
0.000000
0.000000
0.000000
0.000000
0.000000
0.000000
0.000000
0.000000
0.000000
0.625164
0.000000
0.000000
0.384111
0.000000
0.598842
0.000000
0.077932
0.000000
0.000000
0.000000
2.958285
0.000000
0.000000
0.907252
0.660603
0.000000
0.000000
0.043850
0.000000
0.000000
1.851531
0.000000
0.000000
0.000000
0.000000
0.000000
0.000000
0.000000
0.000000
1.522553
0.000000
0.000000
0.000000
0.000000
0.000000
0.155706
0.000000
0.811568
0.000000
2.685962
1.024765
1.273965
0.000000
0.000000
0.000000
0.000000
0.000000
0.000000
0.000000
0.000000
0.000000
0.753367
0.142626
0.000000
0.000000
0.000000
0.640416
0.000000
1.184863
0.161518
1.531706
0.000000
0.000000
0.000000
0.000000
0.000000
0.310585
0.214058
0.000000
0.000000
0.000000
0.000000
0.000000
0.000000
0.000000
0.000000
0.000000
0.000000
0.000000
1.147581
0.000000
0.000000
0.769130
0.000000
0.000000
0.000000
0.000000
0.268979
0.000000
0.537242
0.000000
0.000000
0.000000
0.000000
0.000000
0.000000
0.000000
0.000000
0.000000
0.622775
0.000000
0.000000
0.000000
0.000000
0.000000
0.000000
0.000000
0.000000
0.000000
0.000000
0.000000
0.000000
0.000000
0.000000
1.476088
0.000000
0.000000
0.000000
0.000000
1.043254
0.849434
2.265285
1.620805
1.921580
0.000000
0.000000
0.000000
0.000000
1.231220
0.000000
0.000000
0.000000
0.000000
0.000000
0.000000
0.000000
1.526661
0.000000
0.000000
0.873390
0.000000
0.000000
0.000000
0.000000
0.000000
0.000000
0.000000
0.000000
0.000000
0.000000
0.000000
0.000000
0.000000
0.000000
0.643303
0.000000
0.000000
2.727543
0.000000
0.000000
0.000000
0.000000
0.000000
0.000000
0.000000
0.000000
0.000000
0.000000
0.000000
0.859640
0.000000
1.285371
0.000000
2.000815
0.000000
0.000000
0.000000
0.000000
0.383952
0.226882
0.000000
0.000000
0.000000
0.000000
0.000000
0.000000
0.000000
0.312916
0.000000
0.710146
0.000000
0.263690
0.000000
0.000000
0.000000
0.000000
0.000000
0.898151
0.000000
0.000000
0.000000
0.000000
0.000000
0.000000
0.000000
0.000000
0.360865
0.000000
0.000000
0.000000
0.000000
0.000000
0.000000
0.000000
0.000000
1.205669
0.000000
0.000000
0.000000
0.000000
0.000000
0.000000
0.000000
0.000000
0.000000
0.454350
0.000000
1.191201
0.000000
0.000000
0.000000
0.000000
0.000000
1.191745
0.000000
0.000000
0.000000
0.293499
0.000000
0.000000
0.000000
0.454364
0.000000
0.029115
0.000000
0.000000
0.000000
0.000000
0.000000
0.000000
0.000000
1.677319
0.000000
0.000000
0.000000
0.000000
0.060257
0.000000
0.000000
0.000000
0.000000
0.000000
0.000000
1.165863
0.000000
0.000000
0.000000
0.000000
1.106067
0.000000
0.216257
0.000000
0.000000
0.498557
0.000000
0.000000
0.000000
0.874621
0.000000
0.000000
0.000000
1.250160
0.000000
0.000000
0.000000
0.000000
1.506966
0.000000
0.000000
0.000000
0.000000
0.262937
0.000000
0.000000
0.000000
0.000000
0.000000
0.000000
0.856284
0.000000
0.000000
2.068340
0.000000
0.000000
0.000000
0.000000
0.000000
0.891230
1.216212
0.000000
0.000000
1.261967
0.000000
0.000000
1.549677
0.026652
0.446644
0.000000
0.000000
0.000000
1.696553
0.000000
0.000000
0.000000
0.000000
0.000000
0.000000
0.000000
0.000000
1.323048
0.000000
2.151011
0.000000
1.601485
0.386634
0.000000
0.000000
0.000000
0.335871
1.928305
0.000000
0.000000
0.000000
0.000000
0.000000
0.000000
0.000000
0.000000
0.000000
0.234331
0.000000
0.000000
0.000000
0.000000
0.000000
0.000000
0.000000
0.000000
0.000000
0.130315
0.000000
1.681761
0.000000
0.582792
0.000000
0.000000
0.601754
0.000000
0.000000
0.144751
0.000000
2.313550
0.000000
0.000000
0.000000
0.000000
1.439719
0.000000
0.000000
0.000000
0.000000
0.000000
0.210062
0.000000
0.000000
0.466123
0.000000
0.000000
1.135913
0.000000
1.020109
0.000000
0.000000
0.000000
0.000000
0.000000
0.000000
0.000000
0.000000
0.000000
0.000000
0.000000
0.312409
0.192338
0.000000
0.000000
0.000000
0.672749
0.000000
0.000000
0.000000
0.000000
1.168095
0.000000
0.000000
0.000000
0.000000
0.000000
0.000000
0.612776
0.000000
0.000000
0.000000
0.000000
0.184686
0.000000
0.000000
0.000000
1.980867
0.000000
0.000000
0.000000
0.000000
0.000000
0.000000
0.000000
0.000000
0.782797
0.000000
0.000000
0.000000
3.619299
0.000000
0.994897
0.000000
0.000000
0.000000
0.000000
0.236815
1.835068
0.000000
0.581246
0.000000
0.000000
0.705974
0.000000
0.000000
0.000000
0.927734
0.434708
0.000000
2.392380
2.075581
0.000000
0.661167
0.000000
0.000000
1.485998
1.115836
0.000000
0.000000
0.000000
0.000000
1.894677
0.000000
0.000000
0.000000
0.000000
0.000000
0.239807
0.000000
0.000000
0.000000
0.000000
0.000000
0.000000
0.000000
0.000000
2.144085
0.000000
0.000000
0.000000
0.000000
0.000000
0.021621
0.000000
0.432404
0.000000
0.000000
0.000000
0.000000
0.433157
0.000000
0.007826
0.000000
0.000000
0.000000
0.000000
0.000000
0.207345
0.000000
0.000000
0.000000
0.000000
0.000000
0.000000
1.198629
0.000000
0.013390
0.000000
0.000000
0.000000
0.000000
0.000000
0.000000
0.000000
0.500080
0.000000
3.015589
0.605567
0.063226
0.000000
0.849999
0.000000
0.135471
0.000000
0.000000
0.000000
0.000000
0.000000
0.000000
0.000000
0.000000
0.000000
0.000000
0.681203
2.207863
0.000000
0.000000
0.000000
0.201594
0.000000
0.000000
0.000000
0.000000
0.000000
0.128922
0.000000
0.000000
0.000000
0.000000
0.000000
0.000000
0.000000
0.000000
0.000000
0.000000
0.000000
0.000000
0.000000
0.000000
0.000000
0.000000
0.000000
0.000000
0.000000
0.000000
0.000000
0.329142
0.000000
0.899121
0.000000
0.000000
0.000000
0.000000
0.248280
0.000000
0.000000
2.637217
1.719586
0.000000
0.000000
0.276220
0.000000
0.000000
0.000000
0.000000
0.000000
1.031794
0.000000
2.401726
0.000000
0.000000
0.000000
2.943923
0.000000
0.000000
0.055376
0.000000
0.000000
0.000000
0.000000
0.387679
0.000000
0.605192
0.903738
0.000000
0.000000
0.000000
0.000000
0.000000
0.000000
0.000000
0.000000
0.172925
0.045236
0.000000
0.000000
0.000000
0.000000
0.000000
0.000000
0.000000
0.000000
0.000000
0.000000
0.000000
0.000000
0.000000
0.000000
0.163154
0.345770
0.000000
1.606638
0.000000
0.000000
0.000000
0.000000
0.000000
0.000000
0.034697
0.000000
1.529358
0.424175
0.000000
0.000000
0.000000
0.000000
0.000000
0.000000
0.000000
0.000000
0.290337
0.000000
0.000000
0.000000
0.000000
0.000000
0.000000
0.000000
0.000000
0.000000
0.000000
0.000000
0.956502
0.000000
0.000000
0.000000
0.000000
0.000000
0.000000
0.000000
0.000000
0.000000
0.000000
0.000000
0.000000
0.000000
0.506945
0.000000
1.429730
0.000000
0.000000
0.000000
0.000000
0.000000
0.000000
0.000000
0.000000
0.000000
0.685082
0.000000
1.151566
0.000000
0.000000
0.000000
0.000000
0.000000
0.000000
0.381789
0.000000
0.000000
0.620343
0.000000
0.134145
0.000000
0.000000
0.000000
0.000000
0.000000
0.000000
0.461765
0.000000
1.769514
0.000000
0.000000
0.000000
0.000000
0.000000
0.000000
0.000000
1.275694
0.735858
0.000000
0.000000
0.000000
0.000000
0.680175
0.000000
0.000000
0.000000
0.000000
0.603945
0.000000
0.000000
0.000000
0.000000
0.000000
0.000000
0.000000
0.636698
0.342791
0.000000
0.000000
0.000000
1.135247
0.000000
0.000000
0.000000
0.000000
0.000000
0.128827
0.000000
0.730316
0.995210
0.000000
0.000000
0.000000
0.000000
0.000000
0.000000
0.000000
0.000000
0.000000
0.000000
0.000000
0.000000
0.000000
0.000000
0.932771
0.000000
0.292034
0.281907
0.000000
0.000000
0.000000
0.000000
0.000000
0.597278
0.000000
0.000000
0.000000
0.000000
0.000000
0.798150
0.000000
0.098090
0.000000
0.000000
0.000000
0.000000
0.000000
0.000000
0.000000
0.000000
0.000000
0.000000
0.000000
0.000000
0.684839
0.000000
0.000000
0.000000
0.000000
0.000000
0.000000
0.000000
0.000000
0.000000
0.000000
0.000000
0.000000
0.000000
0.000000
0.000000
0.000000
0.000000
0.000000
0.000000
0.000000
0.000000
0.000000
0.000000
0.000000
0.000000
0.000000
1.480896
0.000000
0.000000
0.000000
0.000000
0.441660
0.000000
0.000000
0.408031
1.610437
0.000000
0.000000
0.000000
0.827550
0.000000
0.000000
0.173660
0.000000
0.000000
0.000000
0.000000
1.092716
0.000000
0.000000
0.000000
0.000000
1.452559
0.000000
0.000000
0.000000
0.000000
0.000000
0.220295
0.000000
0.000000
0.000000
1.731517
0.000000
0.521650
0.000000
0.000000
0.000000
0.000000
0.000000
1.186255
0.000000
0.000000
0.000000
0.000000
2.274758
0.000000
0.000000
0.000000
0.739422
0.000000
0.000000
2.471633
0.000000
0.000000
0.000000
0.000000
2.146792
0.000000
0.000000
0.000000
0.000000
0.000000
1.663453
0.000000
0.000000
0.000000
0.000000
0.000000
0.214004
0.000000
0.000000
0.155040
0.000000
0.000000
0.000000
0.000000
0.000000
1.029571
0.000000
0.000000
1.288574
0.236169
0.003259
0.000000
0.000000
0.666979
0.643777
0.000000
0.000000
0.000000
0.000000
0.000000
0.000000
0.000000
0.000000
0.000000
0.000000
0.000000
0.000000
0.000000
0.000000
0.000000
0.997549
0.000000
0.000000
0.000000
0.033849
0.000000
0.000000
0.000000
0.000000
0.604282
0.000000
0.000000
0.000000
0.001318
0.000000
2.756145
0.160292
0.429011
0.000000
0.000000
0.000000
0.000000
0.000000
0.000000
0.000000
0.000000
0.000000
0.000000
0.000000
0.240165
0.321943
0.000000
0.000000
0.000000
1.557329
0.000000
0.000000
0.000000
0.909811
0.000000
0.000000
0.000000
1.046724
0.000000
1.167802
0.000000
0.000000
0.465138
0.000000
0.000000
0.696379
0.008442
0.000000
0.000000
0.000000
0.000000
0.000000
0.454698
0.000922
0.000000
1.354466
0.000000
0.000000
0.000000
0.000000
0.000000
0.000000
0.000000
0.000000
0.000000
0.000000
1.318020
0.000000
0.000000
0.000000
0.000000
0.000000
0.000000
0.000000
0.000000
0.000000
2.334159
0.000000
0.000000
0.000000
0.000000
0.000000
0.000000
0.000000
0.000000
0.673347
0.000000
1.180391
0.000000
0.000000
0.000000
0.000000
0.000000
2.243879
0.000000
0.000000
0.000000
0.000000
0.000000
0.000000
0.000000
0.000000
3.584902
0.000000
0.000000
0.000000
0.000000
0.000000
0.000000
0.000000
0.000000
0.000000
0.000000
0.400438
0.000000
0.000000
0.000000
0.000000
0.000000
0.886150
1.245573
0.000000
0.000000
1.800454
0.000000
0.000000
0.000000
0.000000
0.745092
0.000000
0.000000
0.899117
0.000000
0.000000
0.612717
0.000000
0.000000
0.000000
0.000000
0.000000
0.665108
0.000000
0.286611
0.000000
0.000000
0.000000
0.000000
0.000000
0.000000
0.000000
1.167437
0.458204
0.000000
0.000000
0.000000
0.000000
0.000000
0.000000
0.000000
0.000000
0.000000
1.600534
0.000000
0.000000
0.000000
0.000000
0.000000
0.000000
0.000000
0.000000
0.000000
0.000000
0.000000
0.000000
0.000000
0.000000
0.000000
0.000000
0.000000
0.000000
0.000000
0.000000
0.000000
0.000000
0.000000
0.950372
0.000000
0.000000
0.000000
0.000000
0.000000
1.379192
0.000000
0.000000
0.000000
0.000000
0.401192
0.000000
0.000000
0.000000
0.000000
0.000000
0.000000
0.000000
0.000000
0.000000
0.511104
0.000000
0.000000
0.000000
0.000000
0.000000
0.000000
0.008329
0.000000
0.000000
0.000000
0.000000
0.000000
0.000000
0.000000
0.000000
0.000000
0.000000
0.000000
0.000000
0.000000
0.000000
0.000000
0.000000
0.000000
0.000000
0.000000
0.000000
0.000000
0.000000
0.740918
0.000000
0.000000
0.000000
0.000000
0.000000
0.000000
0.000000
0.000000
1.437087
0.000000
0.000000
0.000000
0.000000
0.000000
0.000000
0.000000
0.000000
0.000000
0.000000
0.109716
0.000000
0.430337
0.000000
0.000000
0.359326
0.000000
0.000000
1.747743
0.000000
0.564875
2.094803
0.566667
0.000000
0.000000
0.000000
0.000000
0.000000
0.000000
0.000000
0.000000
0.000000
0.000000
0.000000
0.000000
0.000000
1.553450
0.000000
0.000000
0.000000
0.000000
0.000000
0.000000
0.107863
0.000000
0.219771
0.000000
0.000000
0.000000
1.321129
3.023232
0.000000
0.022076
0.000000
0.397245
0.000000
0.000000
1.184536
0.000000
0.000000
0.000000
0.000000
2.903347
0.000000
0.000000
0.000000
0.000000
0.000000
1.588188
0.024302
0.000000
0.000000
0.000000
0.000000
0.000000
0.000000
0.000000
0.000000
0.934455
0.000000
0.000000
0.000000
0.000000
0.000000
0.000000
0.000000
0.000000
0.000000
0.000000
0.000000
0.000000
1.429609
0.000000
2.128014
0.000000
0.000000
0.259869
0.000000
0.000000
0.000000
0.635477
0.000000
0.000000
0.000000
0.000000
0.000000
0.000000
0.000000
0.000000
0.000000
0.028021
0.000000
0.000000
0.000000
0.000000
0.972966
0.424123
0.000000
0.000000
0.000000
0.000000
0.000000
0.000000
0.000000
0.000000
0.000000
0.000000
0.000000
0.857725
1.415561
0.000000
1.443556
0.000000
0.000000
0.871729
0.000000
1.245659
0.000000
1.533213
0.000000
0.000000
0.000000
1.431275
0.410314
0.000000
0.000000
2.390800
0.000000
0.000000
0.000000
0.000000
0.000000
0.000000
0.470267
0.000000
0.000000
0.000000
0.000000
0.000000
0.000000
0.000000
2.006450
0.000000
0.000000
0.000000
0.089940
0.162732
0.000000
0.000000
0.000000
0.369114
0.552839
0.177532
0.070316
0.000000
0.000000
1.582441
0.062005
0.000000
0.000000
0.000000
0.000000
0.000000
0.185500
1.586771
0.000000
0.000000
2.212356
0.000000
0.000000
0.656944
0.000000
0.000000
0.000000
0.000000
0.000000
0.000000
0.000000
0.000000
0.997241
0.713026
1.535366
0.128781
0.000000
0.000000
0.000000
0.000000
2.316318
0.000000
1.455051
0.000000
0.000000
0.000000
0.000000
1.138952
0.000000
0.000000
1.497767
0.000000
0.000000
0.000000
2.089414
0.368842
0.000000
2.042594
0.000000
0.000000
0.000000
0.000000
0.000000
0.000000
0.000000
2.340349
5.836924
2.591177
0.309764
0.000000
0.888888
0.000000
0.000000
0.000000
0.000000
2.357096
0.000000
0.422685
0.000000
0.000000
0.000000
0.189236
0.000000
0.000000
0.000000
0.000000
0.000000
0.000000
0.000000
0.000000
0.000000
0.000000
1.193972
0.000000
0.397631
0.000000
0.000000
0.000000
2.519413
0.000000
0.000000
0.000000
0.000000
0.000000
0.000000
0.000000
1.511864
0.753414
0.000000
1.915863
0.000000
0.000000
0.000000
1.024460
0.000000
0.000000
0.000000
0.185416
0.000000
2.994771
0.000000
0.000000
0.000000
0.000000
0.000000
0.413074
0.000000
0.000000
0.000000
0.000000
0.000000
1.091615
0.000000
0.858565
0.000000
0.000000
0.000000
0.000000
0.000000
0.551555
0.000000
0.000000
0.494145
0.000000
0.000000
2.285556
0.245336
0.000000
0.000000
0.000000
0.000000
0.000000
0.000000
0.000000
0.000000
0.388242
0.000000
0.000000
0.804228
1.294020
0.000000
0.000000
0.879424
0.000000
0.000000
0.000000
0.585330
0.000000
1.230260
0.000000
0.000000
0.000000
0.000000
0.000000
0.000000
0.000000
0.000000
0.000000
0.566629
0.000000
1.326520
0.000000
1.671204
0.000000
0.000000
0.000000
0.000000
0.000000
0.000000
2.846553
0.982838
0.000000
0.000000
0.000000
0.000000
0.000000
0.000000
1.464487
0.000000
0.000000
0.582127
0.000000
0.000000
0.000000
0.000000
0.000000
1.566315
1.405639
0.000000
0.000000
0.000000
0.000000
0.000000
0.000000
0.000000
0.000000
0.387634
0.000000
0.000000
0.000000
0.000000
0.265903
0.116806
0.000000
0.000000
0.000000
0.000000
0.715804
0.361503
0.000000
0.000000
0.000000
0.153082
1.644951
3.238834
0.124890
0.000000
0.330665
0.000000
0.000000
0.000000
0.000000
0.000000
0.173306
0.000000
0.000000
1.974120
0.000000
0.000000
0.000000
0.589534
0.122325
0.000000
0.000000
0.000000
0.636462
0.000000
0.103264
0.000000
0.000000
0.000000
0.000000
0.000000
0.000000
0.000000
0.000000
0.000000
0.000000
0.000000
0.000000
0.000000
0.000000
0.000000
0.000000
0.000000
0.000000
0.000000
0.000000
0.738738
0.000000
1.173380
0.000000
0.000000
0.000000
0.000000
0.000000
0.000389
1.637015
2.405865
0.547918
0.000000
0.000000
0.000000
0.000000
0.987504
0.000000
0.000000
0.744600
0.000000
1.507426
0.000000
0.000000
0.000000
0.000000
1.544936
0.000000
0.346339
0.000000
0.000000
0.000000
0.000000
0.000000
0.000000
0.000000
0.000000
0.000000
0.000000
0.000000
0.000000
0.000000
0.000000
0.000000
0.000000
0.000000
0.800307
1.176757
0.011726
0.000000
0.000000
0.000000
0.000000
0.000000
0.228695
0.000000
0.000000
0.000000
0.000000
2.147869
0.000000
0.000000
0.000000
0.000000
0.000000
0.000000
0.000000
0.408961
0.000000
0.000000
0.000000
0.000000
0.000000
1.328985
0.000000
0.000000
0.070048
0.000000
0.000000
0.000000
0.478718
0.000000
0.000000
0.363962
0.000000
0.000000
1.161614
0.000000
0.000000
0.000000
0.000000
0.000000
0.000000
0.000000
0.000000
0.000000
0.000000
0.000000
1.008740
0.000000
0.000000
0.000000
0.000000
0.000000
0.392451
0.000000
0.000000
0.000000
0.000000
0.000000
0.000000
1.095471
0.000000
0.000000
0.342121
0.000000
0.000000
0.000000
0.000000
1.121640
0.000000
0.000000
0.000000
2.250684
0.000000
0.594885
0.000000
0.129620
0.000000
1.729270
0.000000
1.257161
0.000000
1.551132
0.000000
1.050633
0.000000
0.000000
0.000000
0.000000
0.000000
0.880550
0.000000
0.000000
0.000000
0.242631
0.000000
0.000000
0.000000
0.000000
0.000000
0.000000
0.000000
0.703926
0.000000
0.227597
0.000000
0.000000
0.000000
0.000000
1.187061
0.000000
0.000000
0.000000
3.838895
0.000000
0.000000
0.000000
0.000000
0.000000
0.000000
0.000000
1.268920
0.000000
0.000000
0.000000
0.000000
0.000000
0.428230
0.000000
0.650574
0.000000
1.707550
0.000000
0.861562
0.000000
0.000000
0.000000
0.000000
0.029059
2.622443
0.000000
0.000000
0.000000
0.000000
0.000000
1.086425
0.000000
0.000000
0.000000
0.000000
0.000000
0.000000
0.229185
0.000000
0.000000
1.056507
0.000000
0.000000
0.000000
0.000000
0.000000
0.000000
0.000000
0.000000
0.000000
0.723654
0.000000
0.000000
0.000000
0.000000
0.000000
0.000000
0.000000
0.000000
0.000000
0.000000
0.000000
0.000000
0.000000
0.000000
0.000000
0.000000
0.000000
0.000000
0.000000
0.000000
0.000000
0.000000
0.000000
0.000000
0.733042
0.000000
0.607015
0.000000
0.000000
0.000000
1.036216
0.000000
2.095436
0.000000
0.000000
0.000000
0.000000
0.000000
0.000000
0.000000
0.000000
0.000000
1.956818
1.453457
0.699978
0.000000
0.000000
0.000000
0.000000
0.000000
0.000000
0.000000
0.035025
0.000000
0.000000
0.000000
1.641318
0.000000
0.481624
0.000000
0.000000
0.000000
0.000000
0.000000
1.021381
0.000000
0.176277
0.000000
0.000000
0.000000
0.000000
0.295292
0.000000
0.000000
0.000000
0.000000
0.000000
0.000000
0.000000
0.000000
0.000000
0.000000
1.100530
1.443296
0.000000
0.000000
0.567001
0.672965
0.000000
0.000000
0.013565
1.008238
0.938847
0.000000
0.000000
0.000000
0.075434
0.202861
0.000000
1.568511
0.000000
0.000000
0.000000
0.000000
0.185926
0.000000
0.926497
0.000000
0.484361
0.000000
1.485920
0.000000
0.000000
0.000000
0.000000
0.000000
1.366292
0.000000
0.000000
0.760514
1.996870
0.680640
0.000000
0.000000
0.213700
0.000000
0.000000
0.000000
0.000000
0.000000
1.927763
0.000000
0.000000
0.000000
0.000000
0.000000
0.000000
0.000000
0.000000
0.465323
2.105233
0.000000
0.000000
0.000000
0.000000
0.000000
0.000000
0.210433
0.097542
0.000000
0.000000
0.000000
0.145993
0.000000
0.243940
0.000000
0.387495
0.829670
0.000000
0.000000
0.000000
0.000000
0.000000
0.000000
0.000000
0.000000
0.000000
0.000000
0.000000
0.000000
0.000000
0.000000
0.174561
0.483460
0.000000
0.000000
0.000000
0.000000
1.173239
0.000000
0.661202
0.000000
0.000000
0.000000
0.000000
0.000000
0.000000
0.000000
0.000000
0.000000
0.000000
0.000000
0.000000
0.000000
0.000000
0.091372
0.000000
0.000000
1.918828
0.000000
0.000000
0.000000
0.000000
0.000000
0.035066
0.000000
0.000000
0.000000
0.000000
0.000000
1.122013
0.199131
0.190690
0.000000
0.000000
0.000000
0.000000
0.000000
0.000000
0.000000
0.000000
0.000000
0.000000
0.000000
0.000000
1.151226
0.000000
0.000000
0.000000
0.006308
0.000000
0.000000
0.117135
1.193993
0.000000
0.000000
0.074887
0.843818
0.000000
0.000000
0.000000
1.765767
0.000000
0.000000
0.000000
0.000000
0.000000
0.000000
0.000000
0.043453
0.000000
0.000000
0.000000
0.000000
0.000000
0.000000
0.000000
0.735830
0.000000
0.717665
0.000000
0.000000
0.000000
0.000000
0.975535
0.000000
1.080921
0.000000
0.000000
0.000000
0.000000
0.000000
0.000000
0.356270
0.000000
0.000000
0.532466
0.000000
0.000000
0.000000
0.667093
0.000000
0.000000
0.000000
0.000000
0.000000
0.719105
0.000000
1.823993
0.000000
0.725019
0.000000
0.000000
0.000000
0.000000
5.335698
0.000000
0.000000
0.000000
0.897922
0.000000
0.000000
0.000000
0.000000
1.591105
0.000000
0.737782
0.000000
0.000000
0.000000
0.000000
0.000000
0.000000
0.000000
1.995499
1.177918
0.696630
0.492681
0.000000
0.000000
1.493417
0.000000
0.425846
0.000000
0.323024
0.387848
0.000000
0.000000
0.808891
0.000000
0.000000
0.701146
0.000000
0.000000
0.000000
0.000000
0.000000
0.000000
0.000000
0.291623
0.000000
0.313158
1.454403
0.000000
0.000000
0.000000
0.000000
0.000000
0.000000
0.800901
0.000000
0.465140
0.000000
0.000000
1.854449
0.628076
0.000000
0.000000
0.000000
0.190660
0.000000
0.000000
0.000000
0.000000
0.000000
0.000000
0.060851
0.000000
0.000000
0.482453
0.000000
0.000000
0.000000
0.616863
0.000000
1.232422
0.000000
0.000000
2.832838
0.435721
0.944423
0.000000
0.000000
0.000000
0.000000
0.000000
2.724366
0.000000
0.000000
0.000000
0.000000
1.005039
0.710136
0.951761
0.000000
0.501384
0.515645
0.000000
0.330967
0.000000
0.000000
0.000000
0.000000
0.000000
0.000000
0.000000
1.082266
0.200858
0.000000
0.000000
0.000000
1.010607
0.000000
0.090018
0.754630
0.022177
0.000000
0.000000
0.000000
0.000000
0.000000
0.000000
0.000000
0.126419
0.000000
0.000000
0.500800
0.000000
0.000000
0.000000
0.000000
0.000000
0.000000
0.063141
1.056682
0.846039
0.000000
0.734789
0.000000
0.000000
0.000000
0.000000
0.000000
0.148330
0.000000
0.000000
0.000000
0.634610
0.000000
0.716076
0.000000
0.000000
0.000000
0.865141
0.000000
0.000000
0.000000
0.393216
0.662645
0.000000
0.000000
0.000000
0.000000
0.000000
0.347965
1.560084
0.000000
0.000000
0.000000
0.000000
0.000000
0.000000
0.000000
0.000000
0.000000
0.000000
0.000000
0.000000
0.097047
0.000000
0.000000
0.949805
0.000000
0.262354
0.000000
0.000000
0.000000
0.000000
0.000000
0.000000
0.000000
0.590708
0.000000
0.000000
0.000000
0.000000
0.000000
0.000000
0.000000
0.000000
0.000000
0.783393
0.000000
0.000000
1.010577
0.000000
0.884762
0.000000
0.000000
0.000000
0.000000
0.694859
0.000000
0.000000
0.000000
0.000000
0.000000
0.000000
0.000000
0.000000
0.000000
0.000000
0.000000
1.095758
0.000000
0.000000
0.219766
0.000000
0.799693
0.000000
0.390566
0.000000
0.000000
0.000000
0.000000
0.000000
0.000000
1.224396
0.000000
0.000000
0.000000
0.211425
0.000000
0.280926
0.000000
0.000000
0.000000
0.000000
0.000000
0.000000
0.126264
0.000000
0.000000
0.288995
0.000000
0.000000
0.163218
0.000000
0.000000
0.000000
0.000000
0.000000
1.422040
0.381452
0.228423
0.000000
0.000000
0.000000
0.000000
0.000000
1.392551
0.000000
0.000000
0.000000
0.000000
0.000000
1.422655
1.228703
2.669860
0.000000
1.397068
0.000000
0.000000
0.000000
0.000000
0.685964
0.764031
2.655840
0.000000
0.000000
0.000000
0.000000
0.000000
0.000000
0.000000
0.000000
0.771479
0.000000
0.000000
0.000000
0.000000
0.000000
0.000000
0.000000
0.000000
0.000000
0.000000
0.092956
0.064446
0.000000
0.549994
0.000000
0.000000
0.000000
0.000000
0.000000
0.000000
0.000000
0.000000
0.000000
0.000000
0.000000
0.104104
1.809224
0.254252
0.000000
1.034313
0.000000
0.309031
0.000000
0.000000
0.000000
1.135191
0.000000
0.966452
0.000000
0.351574
0.000000
1.389264
0.000000
0.000000
0.000000
0.000000
0.000000
0.153898
1.771231
0.000000
0.000000
0.011581
0.175168
0.000000
0.000000
0.000000
1.803899
0.000000
0.000000
2.046983
0.000000
0.000000
0.000000
0.292473
0.000000
0.000000
0.000000
0.000000
0.000000
0.000000
0.232477
0.000000
0.000000
0.000000
0.000000
0.000000
0.000000
0.975017
0.027754
0.000000
0.000000
0.000000
0.000000
0.000000
0.000000
0.000000
0.000000
0.000000
0.000000
0.120269
0.568800
0.591340
1.587987
0.000000
0.000000
0.166351
2.802256
0.000000
0.000000
0.000000
0.120505
0.100326
0.580320
0.000000
0.000000
0.000000
0.000000
0.000000
0.000000
0.000000
0.000000
0.000000
0.119430
0.000000
0.000000
0.240108
0.000000
0.000000
0.000000
0.577654
0.000000
0.000000
0.000000
0.000000
0.274002
0.000000
2.577704
0.000000
0.000000
0.000000
1.383107
0.020772
0.000000
1.501604
0.000000
0.000000
0.000000
0.000000
0.000000
0.000000
0.049696
0.000000
0.000000
0.942996
1.124439
0.000000
0.000000
0.000000
0.000000
0.274855
0.000000
0.000000
0.000000
0.064432
0.157662
0.000000
0.000000
0.000000
1.476372
0.000000
0.000000
0.538742
3.577163
0.000000
0.000000
0.504181
0.000000
0.000000
0.000000
0.000000
0.000000
0.958397
0.000000
0.000000
0.776976
0.000000
0.000000
0.000000
0.000000
0.000000
0.000000
0.000000
0.000000
0.000000
0.000000
0.955390
0.000000
0.000000
0.000000
0.000000
0.000000
0.000000
0.000000
2.554846
0.000000
0.000000
0.142586
0.000000
0.000000
0.000000
0.000000
0.000000
0.000000
0.000000
0.000000
0.000000
0.244119
0.000000
1.080138
0.000000
0.000000
0.000000
0.000000
0.000000
0.251571
0.000000
0.000000
0.000000
0.000000
1.769668
0.000000
0.000000
0.000000
0.000000
0.000000
0.000000
0.000000
0.000000
0.000000
1.559201
0.000000
0.000000
0.000000
0.000000
0.000000
0.000000
0.000000
1.257179
0.000000
0.911562
0.554762
0.000000
0.000000
1.851977
0.000000
1.683734
1.286392
0.000000
0.000000
0.788961
0.000000
0.000000
0.000000
0.000000
1.199267
0.000000
0.000000
0.000000
1.024109
0.000000
0.000000
0.000000
0.000000
0.000000
0.256430
0.000000
0.000000
0.000000
0.000000
0.234202
0.000000
0.742595
0.000000
0.000000
0.000000
0.749530
0.000000
0.000000
0.000000
0.000000
0.000000
0.000000
0.000000
0.000000
0.000000
0.000000
0.000000
0.950391
0.000000
0.000000
0.000000
0.573850
0.000000
0.000000
0.000000
1.907351
2.306595
0.000000
2.087049
0.000000
0.000000
1.705737
0.000000
0.000000
0.000000
0.702679
0.000000
0.212336
0.000000
0.461899
0.180345
1.058201
0.000000
0.000000
0.430303
0.000000
0.000000
0.000000
0.000000
0.000000
0.000000
0.000000
0.000000
0.000000
0.864910
0.000000
0.000000
0.000000
0.000000
0.000000
0.615744
1.160605
0.000000
0.000000
0.000000
0.000000
0.000000
0.000000
1.285035
0.449138
0.000000
0.349423
0.000000
0.000000
0.000000
1.879291
0.000000
0.000000
0.000000
0.000000
0.000000
0.000000
0.000000
0.000000
0.000000
0.000000
0.000000
0.238015
0.000000
0.000000
0.000000
0.000000
0.000000
0.235963
0.000000
0.000000
0.000000
0.000000
0.000000
0.000000
0.543992
0.000000
0.168328
1.593787
0.000000
0.000000
0.000000
0.386097
0.000000
0.023075
0.000000
0.000000
0.000000
0.000000
1.034123
0.000000
0.304860
0.000000
0.000000
0.638876
0.000000
0.000000
0.000000
0.000000
0.000000
0.000000
0.000000
0.000000
0.317963
0.067991
1.058010
0.000000
0.000000
0.139129
0.000000
0.847943
0.248370
2.474151
2.289209
0.000000
0.000000
0.843702
0.000000
0.000000
0.000000
0.000000
0.000000
0.520893
0.000000
0.000000
0.000000
0.000000
0.000000
0.000000
0.000000
0.000000
0.000000
0.000000
0.000000
0.000000
2.160163
0.000000
0.195987
0.000000
0.000000
0.000000
0.000000
0.000000
0.524176
0.000000
0.000000
0.000000
0.000000
0.988506
0.000000
0.000000
0.000000
0.000000
1.423215
0.000000
0.000000
0.000000
0.000000
0.374244
0.000000
0.000000
0.000000
0.000000
0.000000
0.000000
0.000000
0.000000
0.000000
0.000000
0.000000
0.000000
0.168441
0.452739
0.000000
0.000000
0.000000
0.000000
0.000000
0.000000
0.000000
0.555028
0.000000
0.002341
0.000000
2.182106
0.000000
0.000000
0.000000
0.000000
0.000000
0.000000
0.000000
0.000000
0.000000
0.000000
0.000000
0.000000
0.000000
0.000000
0.000000
0.363361
0.000000
0.000000
0.000000
0.000000
0.000000
0.000000
0.400986
0.000000
0.000000
0.000000
0.000000
0.000000
0.000000
0.000000
0.000000
0.000000
0.000000
0.000000
0.000000
0.000000
0.535004
0.000000
0.000000
0.000000
0.000000
0.000000
0.000000
0.000000
0.000000
0.151993
0.020311
0.000000
0.623578
0.000000
2.068601
0.000000
0.000000
0.000000
0.000000
0.000000
0.462753
0.000000
0.000000
1.187365
0.000000
0.000000
2.102899
0.000000
0.000000
0.000000
0.000000
0.000000
0.000000
0.072046
0.000000
0.000000
0.000000
1.629129
0.070083
0.264919
0.000000
0.000000
0.956356
0.000000
0.000000
1.317792
0.000000
0.000000
0.000000
0.000000
0.000000
0.000000
0.000000
0.000000
3.065861
0.000000
0.000000
0.000000
0.000000
0.000000
0.000000
0.000000
0.000000
0.000000
