0.000000
0.280345
0.000000
0.000000
0.000000
0.000000
0.000000
0.000000
0.000000
0.000000
0.000000
0.000000
0.000000
0.177862
0.000000
0.000000
0.000000
0.000000
0.000000
0.626861
0.000000
0.000000
0.000000
0.346786
0.365367
0.000000
1.683693
0.000000
0.000000
0.000000
0.643926
1.683168
0.000000
0.000000
0.538968
0.249260
0.000000
0.092471
1.728904
0.000000
0.000000
0.000000
1.032247
0.000000
0.000000
0.000000
0.000000
0.000000
1.903021
0.000000
0.101708
0.000000
0.000000
0.000000
0.000000
0.000000
0.000000
2.174253
0.000000
0.000000
0.000000
0.000000
0.000000
1.230650
0.000000
0.000000
0.000000
0.000000
0.000000
0.673236
1.016664
0.000000
0.000000
0.478311
0.681185
0.000000
0.000000
0.000000
0.000000
0.079593
0.000000
0.000000
0.000000
0.320892
0.406706
0.000000
0.000000
0.000000
0.000000
0.000000
0.161444
0.168139
0.000000
1.164533
0.000000
0.000000
0.000000
0.000000
0.000000
0.000000
0.000000
0.000000
0.000000
0.000000
0.000000
0.000000
0.738945
0.000000
0.214272
0.054810
0.484122
1.095950
0.000000
1.298073
0.000000
0.000000
0.000000
0.000000
0.000000
0.000000
0.000000
0.000000
0.000000
0.188654
0.000000
0.000000
0.000000
0.000000
0.000000
0.350984
0.000000
0.000000
0.774935
0.826012
1.117389
0.000000
0.102089
0.000000
0.000000
0.000000
0.000000
0.000000
0.000000
1.092163
0.000000
0.000000
0.000000
0.000000
0.548781
0.000000
0.000000
0.000000
0.000000
0.000000
0.406793
0.000000
0.000000
1.139274
0.000000
0.000000
0.201655
0.968763
0.613330
0.517749
0.104910
0.000000
0.174079
0.000000
0.000000
0.000000
0.000000
0.000000
0.000000
0.000000
0.000000
0.000000
0.830048
0.000000
0.703834
0.000000
0.000000
0.000000
0.000000
0.000000
0.000000
0.000000
0.179806
0.000000
0.000000
0.000000
0.000000
1.503509
0.000000
0.000000
0.000000
0.000000
0.138646
0.000000
0.000000
0.000000
0.602319
0.000000
0.000000
0.000000
0.000000
0.000000
0.000000
0.000000
0.000000
0.000000
0.000000
0.000000
0.000000
0.000000
0.000000
0.000000
0.000000
0.000000
0.000000
0.000000
0.514571
2.218370
0.000000
0.000000
0.838499
0.000000
0.000000
0.000000
0.000000
0.000000
0.000000
0.000000
0.000000
0.000000
0.076993
0.000000
0.000000
0.000000
0.000000
0.000000
0.000000
0.000000
0.356728
0.000000
0.000000
0.000000
0.023744
0.000000
0.000000
0.000000
0.000000
0.000000
0.000000
0.199486
0.000000
1.153233
0.104543
0.471645
0.000000
0.593415
0.064702
0.000000
0.000000
0.000000
0.116107
0.000000
0.000000
0.000000
0.000000
0.000000
0.143403
0.000000
0.729577
0.000000
0.000000
0.000000
0.000000
0.000000
0.000000
0.000000
0.000000
0.000000
0.000000
0.272025
0.000000
0.000000
0.000000
0.472992
0.000000
0.000000
0.000000
1.215744
0.000000
0.000000
0.000000
0.000000
0.000000
0.747645
0.000000
0.000000
0.000000
0.000000
0.000000
0.000000
0.000000
0.000000
0.000000
0.264104
0.000000
0.000000
0.000000
0.000000
0.000000
0.568977
0.213945
0.136389
0.000000
0.000000
0.000000
0.000000
1.358479
0.000000
0.000000
0.000000
0.784171
0.000000
0.000000
0.000000
0.000000
0.000000
0.000000
0.000000
0.000000
0.005685
0.000000
0.000000
0.000000
0.000000
0.000000
0.000000
0.000000
0.000000
0.000000
0.285459
0.000000
0.000000
0.000000
0.000000
0.000000
0.000000
0.000000
0.000000
1.401059
0.000000
1.789845
0.000000
0.874152
0.000000
0.000000
0.000000
0.000000
0.000000
1.192035
0.000000
1.430219
0.000000
0.000000
0.000000
0.000000
0.000000
0.000000
0.000000
0.000000
0.000000
0.000000
0.000000
0.000000
0.000000
0.000000
0.000000
0.000000
0.000000
0.000000
0.000000
0.000000
0.000000
0.000000
0.632189
0.000000
0.539784
0.000000
0.000000
0.000000
0.000000
0.000000
0.000000
0.000000
0.000000
0.000000
0.000000
0.000000
0.000000
0.000000
0.333949
0.000000
0.000000
0.000000
0.000000
0.000000
2.152910
0.078310
0.092871
0.000000
0.000000
0.000000
0.009896
0.000000
0.705913
0.000000
0.576840
0.000000
0.000000
0.000000
0.042110
0.000000
0.000000
0.000000
0.138965
0.000000
0.000000
0.000000
1.159658
0.000000
0.000000
0.000000
0.000000
0.000000
0.000000
0.000000
0.000000
0.000000
0.000000
0.000000
0.038501
0.000000
0.305138
0.751861
1.977358
1.849633
0.000000
0.000000
0.000000
0.000000
1.326682
0.359174
0.000000
3.629382
0.924096
0.000000
0.000000
0.065848
0.000000
0.000000
0.000000
0.000000
0.280170
0.000000
0.000000
0.000000
0.000000
0.000000
0.000000
0.302465
0.000000
0.000000
0.000000
0.000000
0.000000
0.000000
0.000000
0.000000
0.000000
0.000000
0.000000
1.884251
0.000000
1.173677
0.000000
0.214080
0.000000
0.359835
0.000000
0.000000
0.000000
0.000000
0.000000
0.000000
0.000000
0.000000
0.531091
0.000000
0.000000
2.722795
0.000000
0.000000
0.000000
0.000000
0.000000
0.000000
0.000000
0.000000
0.030915
0.000000
0.000000
0.000000
0.000000
0.000000
0.000000
0.000000
0.000000
0.000000
0.000000
0.000000
0.000000
1.050156
0.000000
0.000000
0.000000
0.000000
0.000000
1.745430
0.000000
0.000000
0.000000
0.000000
0.000000
0.000000
0.093448
0.000000
0.000000
0.000000
0.000000
0.193060
0.268410
0.000000
0.000000
0.874731
0.000000
0.000000
1.596729
0.000000
0.000000
0.000000
0.475205
0.000000
0.000000
0.000000
0.000000
0.000000
0.867895
0.000000
1.636865
0.000000
0.000000
0.000000
0.000000
0.000000
0.000000
0.000000
0.000000
0.000000
0.000000
1.680375
0.000000
0.000000
0.000000
0.000000
0.000000
0.000000
0.000000
0.000000
0.000000
0.000000
0.000000
0.000000
0.152328
0.000000
0.000000
0.000000
0.000000
0.000000
0.929833
0.006081
0.000000
0.000000
0.000000
0.982147
0.000000
3.415756
0.000000
0.000000
0.000000
0.000000
0.000000
0.000000
0.000000
0.000000
0.000000
0.000000
0.935458
0.000000
0.512818
0.000000
0.000000
0.000000
0.069109
0.000000
0.000000
0.000000
0.000000
0.000000
0.000000
0.000000
0.000000
0.000000
0.000000
0.000000
0.000000
0.218789
0.524284
0.000000
0.000000
1.034137
0.000000
0.000000
0.000000
0.000000
0.000000
0.000000
1.178701
0.000000
0.000000
0.000000
0.752079
1.353858
0.000000
0.538689
0.000000
0.000000
0.000000
0.000000
0.000000
0.000000
0.000000
0.000000
0.000000
0.000000
0.000000
0.000000
0.000000
0.000000
0.000000
0.000000
0.000000
0.000000
0.000000
0.000000
0.000000
0.000000
0.000000
0.000000
0.000000
0.000000
0.000000
0.000000
0.999481
0.000000
0.000000
0.000000
0.000000
0.000000
0.000000
0.000000
0.000000
0.000000
0.000000
0.000000
0.000000
0.000000
0.000000
0.000000
1.645929
0.000000
0.000000
0.000000
0.000000
0.000000
0.000000
0.845914
0.000000
0.180618
0.000000
0.000000
0.000000
0.000000
0.000000
0.000000
0.298938
0.000000
0.000000
0.000000
0.000000
0.000000
0.000000
0.000000
0.119178
0.000000
0.000000
0.000000
0.000000
0.000000
0.731784
0.000000
0.743091
0.000000
0.000000
0.491214
0.000000
0.000000
0.000000
0.000000
0.000000
0.514047
0.000000
0.000000
0.000000
0.000000
0.006044
0.000000
0.000000
0.622428
0.000000
0.000000
1.073969
0.656263
0.171957
1.011433
0.000000
0.000000
0.129931
0.000000
0.000000
0.000000
0.276528
0.000000
0.000000
0.000000
0.000000
0.000000
0.993176
0.000000
0.704663
0.000000
0.000000
0.998937
0.000000
0.000000
0.000000
0.000000
0.210459
0.000000
0.000000
0.000000
0.000000
0.000000
0.000000
0.000000
0.000000
0.859892
0.000000
0.000000
0.000000
2.160213
0.000000
0.000000
0.000000
0.000000
0.000000
0.000000
0.000000
0.000000
1.513905
0.000000
0.000000
1.046087
0.000000
0.000000
0.000000
0.000000
1.652327
0.041689
0.000000
0.000000
0.000000
0.000000
1.046988
0.000000
0.000000
0.000000
0.000000
0.000000
0.000000
0.402607
0.907256
0.000000
0.000000
0.000000
1.284376
0.000000
0.000000
0.000000
0.000000
1.760551
0.000000
0.000000
0.000000
1.020339
0.000000
0.000000
0.000000
0.000000
0.000000
0.000000
0.000000
0.421169
0.000000
0.000000
0.000000
0.000000
0.123638
0.057591
0.000000
0.000000
0.008980
0.000000
0.000000
0.000000
0.685762
1.612016
0.000000
0.153977
0.000000
0.430889
0.000000
2.269296
0.000000
0.000000
0.000000
0.000000
2.586111
0.000000
0.000000
0.000000
0.000000
0.000000
0.000000
0.000000
0.000000
0.000000
0.000000
0.000000
0.000000
0.000000
0.000000
0.000000
0.000000
0.000000
0.000000
0.000000
0.000000
0.000000
0.000000
0.418412
0.000000
0.000000
0.000000
0.000000
1.180965
0.000000
0.000000
0.000000
0.000000
0.000000
0.000000
0.000000
0.274746
0.000000
0.000000
0.000000
0.000000
0.000000
0.000000
0.447316
0.000000
0.000000
0.000000
0.000000
0.000000
0.000000
0.000000
0.000000
0.000000
0.000000
0.000000
0.000000
2.107359
0.000000
0.000000
2.550692
0.000000
0.000000
2.226532
0.753281
0.000000
1.281902
0.000000
0.000000
0.000000
0.000000
0.000000
0.139812
0.000000
0.000000
0.000000
0.000000
0.000000
0.525364
0.000000
1.471516
0.000000
0.000000
0.000000
0.785196
0.000000
0.000000
0.954877
1.874948
0.000000
0.000000
0.000000
0.000000
0.000000
0.000000
0.097766
0.000000
0.000000
0.000000
0.000000
0.532627
0.000000
0.000000
0.000000
0.000000
0.000000
0.000000
0.000000
0.000000
0.000000
0.000000
0.000000
0.000000
0.000000
0.226103
0.000000
0.000000
0.000000
0.000000
0.000000
0.000000
0.000000
0.036234
0.000000
0.000000
0.000000
0.000000
0.000000
0.122985
0.000000
0.000000
0.000000
0.000000
0.000000
0.000000
0.000000
0.000000
0.018616
0.000000
0.000000
0.000000
2.362984
0.000000
0.000000
0.183603
0.000000
0.000000
0.447856
1.072154
0.000000
0.000000
0.000000
0.000000
0.000000
0.000000
0.000000
0.000000
0.000000
0.983500
0.000000
0.000000
0.242522
0.219787
1.085309
0.000000
0.000000
0.000000
0.000000
0.000000
0.000000
0.000000
0.000000
0.000000
0.000000
0.000000
0.000000
0.000000
0.000000
0.994058
0.000000
0.000000
0.000000
1.175571
0.000000
0.000000
0.000000
0.000000
0.000000
0.000000
0.000000
0.000000
0.000000
0.000000
0.000000
0.000000
0.000000
0.000000
0.522889
0.000000
0.000000
0.147069
0.000000
0.000000
0.000000
0.391891
0.030049
0.000000
0.000000
0.000000
0.112936
0.000000
1.498932
0.000000
0.000000
0.000000
1.777815
0.025185
0.000000
0.000000
0.000000
0.000000
0.007339
0.000000
0.000000
0.000000
2.242601
0.000000
0.000000
0.000000
0.000000
0.000000
0.000000
0.203353
0.000000
0.000000
0.000000
0.000000
1.068460
0.000000
0.000000
1.347133
0.000000
0.000000
0.000000
0.513668
0.000000
0.000000
0.000000
0.000000
0.000000
0.000000
0.000000
0.000000
0.000000
0.000000
0.000000
0.000000
0.821249
0.000000
0.000000
0.000000
0.411681
0.000000
0.000000
0.000000
0.197892
0.000000
0.779350
0.864377
2.172725
0.000000
0.000000
0.000000
0.000000
0.000000
0.000000
0.000000
0.000000
0.039522
0.000000
0.643054
0.000000
0.000000
0.000000
1.662818
0.084028
0.000000
0.000000
0.000000
0.000000
0.000000
0.000000
0.262664
0.000000
0.000000
0.000000
0.000000
0.000000
0.000000
0.000000
0.000000
0.000000
0.000000
0.000000
0.000000
0.000000
0.000000
0.000000
0.000000
1.063147
0.000000
0.000000
0.000000
0.000000
0.000000
0.000000
0.000000
0.000000
0.000000
1.029696
0.000000
0.000000
0.000000
0.000000
0.000000
0.000000
0.000000
1.063757
0.275445
0.000000
0.000000
0.596032
0.000000
1.080215
2.329506
0.000000
0.000000
0.000000
0.000000
0.000000
0.000000
0.702793
0.000000
0.000000
0.000000
0.000000
0.000000
0.000000
0.384051
0.000000
0.000000
0.000000
0.000000
0.000000
0.000000
1.242042
0.000000
0.571908
0.000000
0.000000
0.000000
0.000000
1.225334
0.000000
0.000000
0.000000
0.000000
0.000000
0.000000
0.000000
0.000000
0.000000
0.000000
0.000000
0.956243
0.000000
2.488917
0.000000
0.449664
0.000000
0.000000
0.000000
0.000000
0.579751
0.000000
0.000000
0.000000
0.000000
0.000000
0.000000
0.000000
0.000000
0.000000
0.000000
0.273096
0.629911
1.309751
0.000000
0.000000
0.000000
0.000000
0.000000
0.000000
0.020782
0.000000
0.000000
0.000000
0.000000
0.000000
0.000000
0.000000
2.980855
0.115238
0.000000
0.000000
0.000000
0.000000
0.000000
0.000000
0.000000
0.154946
1.048752
0.000000
0.602372
0.000000
0.000000
0.000000
0.000000
0.000000
0.178479
0.000000
0.000000
1.038170
0.000000
0.000000
0.000000
0.097555
0.000000
0.000000
0.000000
0.000000
0.000000
0.000000
0.000000
0.000000
0.000000
0.000000
0.000000
0.000000
0.000000
0.000000
0.000000
0.000000
0.000000
0.000000
0.000000
0.135493
0.000000
0.000000
0.000000
0.000000
0.000000
0.000000
0.000000
0.000000
0.000000
0.000000
0.000000
0.000000
0.000000
0.000000
0.000000
0.000000
0.000000
0.000000
0.298397
0.000000
0.000000
0.000000
0.000000
0.000000
0.000000
0.000000
0.000000
0.000000
0.000000
1.689120
0.000000
1.817541
0.000000
0.000000
0.000000
0.000000
0.732210
0.000000
0.000000
0.000000
0.000000
0.000000
0.000000
0.000000
0.000000
0.000000
0.136775
0.000000
0.000000
0.686406
0.000000
0.000000
0.000000
0.000000
0.167937
0.039851
0.000000
0.000000
0.000000
0.000000
0.000000
0.558680
0.000000
0.291497
0.000000
0.000000
0.000000
0.000000
0.000000
0.000000
0.000000
0.000000
0.000000
0.000000
0.000000
0.000000
0.000000
0.491224
0.000000
1.383803
0.000000
0.000000
0.000000
0.000000
0.000000
0.000000
2.166734
0.522359
0.000000
0.000000
0.000000
0.000000
2.039478
0.000000
0.000000
0.000000
0.966534
0.000000
0.000000
0.000000
0.000000
0.000000
0.000000
0.000000
0.155679
0.086648
0.000000
0.615974
0.000000
0.365849
0.000000
0.000000
0.000000
0.158620
0.000000
0.000000
0.000000
0.227980
0.000000
1.589211
0.000000
0.000000
0.000000
0.000000
0.007514
0.000000
0.000000
0.000000
0.000000
0.000000
0.000000
0.000000
0.000000
0.000000
0.000000
0.000000
0.000000
0.000000
0.378441
0.000000
0.347954
0.000000
0.000000
0.000000
0.185454
0.000000
0.000000
0.000000
0.000000
0.000000
0.000000
0.000000
0.000000
0.000000
0.000000
0.545207
0.000000
0.000000
0.000000
0.000000
0.000000
0.000000
0.000000
0.000000
0.000000
0.000000
0.096057
0.137764
0.000000
0.000000
0.000000
0.540599
0.000000
0.000000
0.000000
0.000000
0.000000
0.000000
0.000000
1.118704
0.000000
0.000000
1.047910
0.170723
0.000000
0.000000
0.000000
0.000000
0.000000
1.902272
0.000000
0.000000
0.000000
0.000000
0.000000
0.000000
0.747417
1.222957
0.000000
0.000000
0.000000
0.000000
0.000000
0.000000
0.000000
0.000000
0.898700
0.000000
0.000000
1.132148
0.000000
0.000000
0.000000
0.000000
0.000000
0.000000
0.000000
0.000000
0.000000
0.000000
0.000000
0.154073
0.000000
0.000000
0.000000
0.000000
1.481639
1.407304
0.000000
0.000000
0.000000
0.000000
0.000000
0.000000
0.131145
0.000000
0.000000
0.000000
0.000000
0.000000
0.000000
0.878704
0.000000
0.000000
0.383620
0.000000
0.000000
0.864357
0.990491
1.913427
0.000000
3.367062
0.000000
0.000000
0.000000
0.000000
0.000000
0.000000
0.657051
1.000812
0.000000
0.000644
0.000000
0.000000
0.258803
0.349716
0.000000
0.021024
0.000000
0.000000
0.000000
0.000000
0.000000
0.000000
0.000000
0.000000
1.298182
0.000000
0.000000
0.000000
1.455019
0.000000
0.258582
0.000000
0.000000
0.000000
0.000000
0.000000
0.812165
0.000000
0.000000
0.000000
0.000000
0.000000
0.000000
0.000000
0.000000
0.000000
0.034928
0.000000
0.000000
0.000000
0.000000
1.174494
0.000000
0.000000
0.479218
0.000000
0.000000
0.000000
0.000000
0.000000
0.000000
0.000000
0.000000
0.000000
0.000000
0.000000
0.000000
0.000000
2.307369
0.587169
0.000000
0.463159
0.000000
0.000000
0.000000
0.000000
1.701984
0.000000
0.000000
0.000000
0.000000
0.029197
0.000000
0.000000
0.000000
0.000000
0.000000
0.000000
1.481885
0.000000
0.000000
0.000000
0.000000
0.000000
0.136308
0.000000
0.100310
0.000000
1.858005
0.000000
0.163457
0.000000
0.000000
0.000000
0.000000
0.000000
0.000000
0.243927
0.000000
0.000000
1.297313
0.000000
0.000000
0.000000
1.384304
0.000000
0.000000
0.899109
0.000000
0.000000
0.000000
0.000000
0.000000
0.000000
0.000000
0.000000
0.038750
0.000000
1.455456
0.000000
0.000000
0.000000
0.000000
0.000000
0.000000
0.000000
0.565849
0.000000
0.000000
1.296672
0.000000
0.000000
0.000000
0.000000
0.453034
0.000000
0.000000
1.425489
0.561435
1.002673
0.000000
0.000000
0.000000
0.000000
0.000000
1.473973
0.000000
0.000000
0.000000
0.000000
0.000000
0.000000
0.000000
0.000000
0.000000
0.000000
0.715348
0.000000
0.179661
0.000000
0.066885
0.121252
0.000000
0.000000
0.000000
0.000000
0.000000
0.000000
0.000000
0.000000
0.000000
0.000000
0.937107
0.000000
0.196616
0.000000
0.240191
0.000000
0.000000
0.000000
0.000000
0.000000
0.000000
0.087447
1.029977
0.000000
0.286999
0.000000
0.000000
0.000000
0.000000
0.000000
0.164888
0.000000
0.000000
0.000000
0.000000
0.571086
0.479537
0.000000
0.000000
0.000000
0.000000
0.000000
0.000000
0.000000
0.000000
0.000000
0.117854
0.482601
0.000000
0.230225
0.000000
0.000000
0.000000
0.000000
0.000000
0.588044
3.143915
0.072286
0.000000
0.190502
0.164418
0.197925
0.000000
0.000000
1.149743
0.000000
0.000000
0.000000
0.000000
0.000000
0.000000
0.000000
0.000000
0.000000
0.000000
0.000000
0.000000
0.000000
0.000000
0.000000
0.000000
1.230699
0.000000
0.000000
0.446402
0.000000
1.252095
0.750947
0.000000
0.000000
0.000000
0.000000
0.000000
0.000000
0.000000
0.000000
0.000000
0.000000
0.000000
0.000000
0.000000
0.000000
0.000000
0.620848
0.000000
0.360573
0.000000
0.482606
0.000000
0.000000
0.000000
0.000000
0.564749
0.000000
0.000000
0.000000
0.000000
0.000000
1.143438
1.327291
0.000000
0.000000
0.000000
0.000000
0.000000
0.000000
0.000000
0.000000
0.000000
0.000000
0.000000
1.245889
0.000000
0.000000
0.000000
0.000000
0.000000
0.114593
0.000000
0.000000
0.000000
0.000000
0.000000
0.000000
0.000000
0.000000
0.000000
0.748636
0.000000
0.000000
0.000000
0.000000
0.000000
0.000000
0.000000
0.000000
0.000000
0.000000
0.073688
0.000000
0.000000
0.000000
0.000000
0.000000
0.000000
0.957744
0.000000
0.000000
0.000000
0.000000
0.000000
0.000000
0.000000
1.159404
0.279786
0.000000
0.548800
0.000000
0.000000
0.000000
0.000000
0.048906
0.317629
0.000000
0.000000
0.000000
0.000000
0.000000
0.368733
0.000000
0.000000
0.000000
0.000000
0.000000
0.000000
0.000000
0.000000
0.000000
0.000000
0.000000
0.420862
0.178328
0.000000
0.000000
0.000000
0.000000
0.000000
0.000000
0.000000
0.014071
0.000000
0.000000
0.000000
0.052188
0.000000
0.000000
0.985696
0.633734
0.000000
0.000000
0.000000
1.633933
0.000000
0.000000
0.000000
0.000000
1.177801
0.000000
0.000000
0.000000
0.000000
0.000000
0.000000
0.000000
0.000000
0.000000
0.000000
0.000000
0.000000
0.000000
1.487232
0.000000
0.000000
0.000000
0.000000
0.000000
0.000000
0.000000
0.000000
0.000000
2.537017
0.000000
0.000000
1.273313
0.320034
0.000000
0.000000
0.000000
0.242337
0.000000
0.000000
0.000000
0.000000
0.000000
0.000000
0.000000
0.000000
0.000000
0.000000
0.000000
0.197529
0.190813
0.000000
0.763768
0.000000
0.000000
0.000000
0.000000
0.000000
0.420995
0.000000
0.000000
1.723160
0.000000
0.000000
0.000000
0.000000
0.000000
0.000000
0.000000
0.000000
0.000000
0.000000
0.000000
0.000000
0.000000
0.000000
0.000000
0.000000
0.000000
0.000000
0.000000
0.000000
0.000000
0.000000
0.000000
0.000000
0.000000
0.000000
1.400103
0.000000
0.000000
0.267934
0.000000
0.000000
0.000000
0.000000
0.000000
0.000000
0.000000
0.000000
0.000000
0.000000
0.076039
1.284254
0.000000
0.000000
2.240806
0.000000
0.000000
1.088413
0.161069
0.000000
0.474114
0.000000
0.000000
0.974092
0.000000
0.000000
0.000000
0.000000
0.000000
0.000000
0.000000
0.000000
0.000000
0.000000
0.000000
0.819826
0.000000
0.706351
0.000000
0.000000
0.680975
0.000000
0.000000
0.000000
0.069373
0.000000
1.496979
0.512002
0.000000
0.672174
0.000000
0.000000
0.000000
0.000000
0.000000
0.000000
0.000000
0.000000
0.000000
0.000000
0.000000
3.331597
0.000000
0.000000
0.759088
0.000000
0.000000
0.000000
0.000000
0.000000
0.000000
0.000000
0.000000
0.396149
0.000000
0.074367
0.000000
0.000000
1.221257
0.000000
0.000000
0.000000
0.284423
0.171427
0.000000
0.000000
0.000000
0.505725
0.000000
0.000000
0.000000
0.000000
0.335980
0.000000
0.000000
0.000000
0.000000
0.000000
0.499167
0.000000
0.000000
0.000000
0.000000
0.000000
0.000000
0.000000
0.000000
0.000000
0.612354
0.426558
0.000000
0.000000
0.000000
0.544971
2.614574
0.000000
0.000000
0.000000
0.000000
0.000000
0.427570
0.000000
0.000000
0.000000
0.000000
0.000000
0.000000
0.000000
0.000000
0.000000
0.000000
0.000000
0.000000
0.000000
0.000000
0.000000
0.734148
0.000000
0.000000
0.000000
0.000000
0.000000
0.000000
0.000000
0.766999
0.000000
0.000000
0.000000
0.000000
0.000000
0.000000
0.000000
0.000000
0.000000
0.000000
1.079194
0.000000
0.000000
1.320189
0.000000
0.072642
0.733297
0.439843
0.000000
0.000000
0.000000
0.000000
0.000000
0.000000
0.000000
0.000000
0.000000
0.000000
0.000000
0.000000
0.000000
0.000000
0.000000
2.191457
0.000000
0.000000
0.000000
0.000000
0.000000
0.000000
0.000000
0.000000
0.000000
0.000000
0.000000
0.676153
0.000000
0.000000
0.000000
0.000000
0.046969
0.000000
0.000000
1.535794
0.230997
0.000000
0.000000
0.000000
0.000000
0.000000
0.661683
0.000000
0.000000
0.000000
0.000000
0.091309
0.000000
0.000000
0.000000
0.000000
0.000000
0.000000
1.510446
0.000000
0.000000
0.000000
0.000000
0.217373
0.000000
0.000000
0.000000
0.947743
0.000000
0.000000
0.000000
0.013707
0.000000
0.342016
0.000000
0.000000
0.000000
0.157426
0.000000
0.000000
0.000000
0.000000
0.403018
0.000000
0.000000
0.000000
0.000000
0.000000
0.000000
0.000000
0.000000
0.000000
0.000000
0.000000
0.000000
0.922511
0.455641
0.213005
0.000000
0.000000
1.390638
0.000000
0.000000
0.000000
0.000000
0.000000
0.000000
0.000000
0.644085
0.000000
0.152486
0.000000
0.000000
0.000000
0.000000
0.000000
0.000000
0.000000
0.000000
0.000000
0.000000
0.000000
1.096197
0.000000
0.000000
0.000000
0.983286
0.000000
0.000000
0.077858
0.000000
0.000000
0.000000
0.000000
0.148989
0.000000
0.000000
0.000000
0.000000
0.296885
0.000000
0.000000
0.000000
0.000000
0.000000
0.000000
0.048985
0.000000
0.000000
0.000000
0.354130
0.000000
0.000000
0.000000
0.000000
0.000000
0.143680
0.000000
0.000000
0.000000
0.000000
1.153381
0.000000
0.000000
0.088530
0.000000
0.000000
0.000000
0.000000
0.000000
0.000000
0.000000
0.000000
0.000000
0.303452
0.000000
0.000000
1.610954
0.000000
0.000000
0.000000
0.000000
0.000000
0.000000
0.516151
0.000000
0.043968
0.000000
0.000000
0.000000
0.000000
0.000000
1.013369
0.000000
0.000000
0.000000
0.000000
1.584142
0.104204
0.000000
0.000000
0.000000
0.000000
0.000000
0.000000
0.000000
0.000000
0.000000
0.000000
0.000000
0.000000
0.000000
0.000000
0.000000
0.000000
0.000000
0.000000
0.000000
0.000000
0.566033
0.000000
0.000000
0.000000
0.063800
0.000000
0.000000
0.000000
0.000000
0.000000
0.147363
0.000000
0.000000
0.000000
0.380197
0.000000
0.000000
0.000000
0.712646
0.000000
0.008109
0.000000
0.000000
0.000000
0.030748
0.000000
0.000000
0.585705
0.144286
0.000000
0.000000
0.000000
0.000000
0.000000
1.836881
0.000000
1.560810
0.000000
0.000000
0.000000
0.000000
3.600046
0.000000
0.000000
0.000000
0.000000
0.103764
0.000000
0.601566
0.990762
0.000000
0.000000
0.000000
1.012267
0.000000
0.000000
0.000000
0.000000
0.000000
1.369578
2.467139
1.384842
0.000000
0.000000
0.000000
0.000000
0.000000
0.000000
0.000000
1.164491
0.000000
0.000000
0.029252
0.000000
0.000000
0.000000
0.000000
0.000000
0.000000
0.000000
0.000000
0.000000
0.457724
0.000000
0.000000
0.524903
1.564423
0.000000
0.000000
0.000000
0.000000
0.000000
0.000000
0.502624
0.000000
0.000000
0.146113
0.000000
0.000000
0.000000
0.000000
0.000000
0.000000
0.000000
0.000000
0.000000
0.000000
0.000000
0.000000
0.277934
0.000000
0.000000
0.000000
0.000000
0.084773
0.000000
0.000000
0.000000
0.000000
0.000000
0.000000
0.000000
0.000000
0.333277
0.000000
0.000000
0.000000
0.000000
0.000000
0.000000
0.000000
0.000000
0.443141
0.000000
0.000000
0.000000
0.877612
1.190811
0.000000
0.273609
0.223807
0.000000
0.000000
0.000000
0.000000
0.000000
0.000000
0.000000
0.761152
0.000000
0.000000
0.000000
0.000000
3.184553
0.000000
0.000000
0.000000
0.000000
0.000000
0.000000
0.307663
0.000000
1.670088
0.000000
0.000000
0.000000
0.000000
0.000000
0.000000
0.000000
0.000000
0.547696
0.000000
0.000000
0.000000
0.000000
0.000000
2.372547
0.000000
0.000000
0.000000
0.000000
0.000000
0.989811
0.973125
0.000000
0.091568
0.000000
0.000000
0.000000
0.000000
0.976732
0.000000
0.000000
0.000000
0.000000
0.000000
0.000000
0.000000
0.000000
1.433910
0.000000
0.000000
0.000000
0.000000
0.000000
0.000000
0.000000
0.000000
0.000000
0.000000
0.000000
0.000000
0.000000
0.092654
0.000000
0.000000
0.000000
0.177120
0.000000
0.000000
1.215933
1.613684
0.000000
0.000000
0.000000
0.000000
0.000000
1.002377
0.000000
0.000000
0.000000
0.000000
0.000000
0.028803
0.000000
0.000000
0.000000
0.000000
0.000000
0.409652
0.000000
0.000000
0.000000
0.337447
0.000000
0.000000
0.000000
0.000000
0.119648
0.000000
2.082540
0.000000
0.203115
0.000000
0.000000
0.174181
0.000000
0.000000
1.389307
0.000000
0.000000
0.000000
0.000000
0.000000
0.000000
0.000000
0.000000
0.000000
0.000000
0.617227
1.188474
0.000000
0.000000
1.018667
0.000000
0.000000
0.000000
0.000000
0.000000
0.000000
0.783072
0.000000
0.000000
0.308730
0.000000
0.000000
0.000000
0.000000
0.000000
1.282618
0.000000
0.000000
0.436415
0.000000
0.000000
0.000000
0.000000
0.000000
0.000000
0.000000
0.000000
0.000000
0.000000
0.000000
0.000000
0.000000
0.000000
0.000000
0.000000
0.000000
0.000000
0.000000
0.000000
0.000000
0.000000
0.000000
0.000000
0.000000
0.000000
0.113286
0.000000
0.000000
0.000000
0.000000
0.000000
0.000000
0.000000
0.000000
0.000000
0.842755
0.768788
0.042945
0.000000
0.000000
0.000000
0.000000
0.000000
0.000000
0.000000
0.000000
0.000000
0.000000
0.000000
0.000000
0.000000
0.000000
0.000000
3.471125
0.000000
1.351527
0.246236
0.000000
0.000000
0.000000
0.000000
0.000000
0.000000
0.000000
0.000000
0.000000
0.000000
0.000000
0.000000
0.000000
0.000000
0.000000
0.000000
0.000000
0.927841
0.000000
0.000000
2.126400
0.000000
0.000000
0.000000
0.130015
0.000000
0.000000
0.000000
0.000000
0.000000
0.000000
0.361829
0.000000
0.000000
0.000000
0.000000
0.000000
1.339883
0.000000
0.000000
0.000000
0.000000
0.000000
0.000000
0.000000
0.000000
0.000000
0.423499
0.645227
2.323626
0.000000
1.914149
0.000000
0.512371
0.000000
1.249633
0.000000
0.000000
0.000000
0.000000
0.271879
0.000000
0.000000
0.000000
0.000000
0.000000
0.000000
0.000000
0.000000
1.042618
0.000000
0.000000
0.000000
0.013869
0.000000
0.000000
0.000000
0.000000
0.000000
0.391862
0.000000
0.000000
0.000000
0.000000
2.419126
0.000000
0.000000
0.000000
0.000000
1.569868
0.000000
0.000000
0.000000
0.000000
0.000000
0.000000
0.000000
0.000000
0.353528
0.000000
0.000000
0.000000
1.294627
0.223287
0.038062
0.000000
0.000000
0.000000
0.000000
0.335628
0.075227
0.000000
0.000000
1.486284
0.000000
0.000000
0.222075
0.000000
0.000000
0.000000
0.000000
0.000000
0.219366
0.008390
0.000000
0.000000
0.000000
0.000000
0.000000
0.000000
0.000000
0.000000
0.000000
0.000000
0.620123
0.151161
0.231336
0.332806
0.000000
0.000000
0.000000
0.000000
0.000000
0.000000
1.578112
0.000000
0.327285
0.000000
0.000000
0.000000
0.000000
0.000000
0.000000
0.000000
0.000000
0.000000
0.000000
0.000000
0.000000
0.000000
0.000000
0.000000
0.473255
0.000000
0.000000
0.000000
0.000000
0.000000
0.000000
0.000000
0.000000
0.000000
0.000000
0.000000
0.000000
0.000000
0.000000
0.000000
0.000000
0.000000
2.087144
0.000000
0.000000
0.000000
0.000000
0.000000
0.000000
0.000000
0.172092
0.000000
0.000000
0.000000
0.000000
1.374352
1.474611
0.000000
0.000000
0.000000
0.000000
0.000000
0.000000
0.000000
0.000000
0.155872
0.000000
0.000000
0.000000
0.798164
0.000000
0.000000
0.000000
0.000000
1.255738
0.312922
0.000000
0.561432
0.499083
0.000000
1.995117
0.698138
0.029560
0.000000
0.374445
0.504879
0.000000
0.000000
0.000000
1.211295
1.318565
0.980512
0.000000
0.000000
0.000000
0.000000
0.000000
0.000000
1.198894
0.000000
0.000000
0.000000
0.000000
0.000000
0.000000
0.000000
0.000000
0.000000
0.780038
0.000000
0.000000
0.000000
0.000000
0.000000
1.014502
0.000000
0.000000
0.000000
0.000000
0.967644
0.000000
0.000000
0.000000
0.445087
0.529883
0.000000
0.000000
0.000000
0.000000
0.939307
0.000000
0.000000
0.000000
0.229730
0.000000
0.000000
1.127398
0.000000
0.000000
0.000000
0.000000
0.000000
0.000000
0.000000
0.000000
0.000000
0.000000
1.235401
0.000000
0.000000
0.000000
0.000000
0.000000
0.000000
0.226422
0.000000
0.000000
0.000000
0.000000
0.000000
0.000000
0.000000
0.000000
0.523064
0.000000
0.000000
0.000000
0.000000
1.678303
0.000000
0.000000
0.000000
0.000000
0.000000
0.557292
0.000000
0.000000
0.000000
0.000000
0.000000
0.000000
0.000000
0.000000
0.000000
0.000000
0.000000
0.000000
0.000000
0.000000
0.000000
0.826378
0.000000
0.000000
0.000000
0.000000
0.000000
0.000000
2.000140
0.000000
0.000000
0.000000
0.000000
0.000000
0.000000
0.000000
0.000000
0.305328
0.201150
0.000000
1.087629
0.000000
0.000000
0.000000
0.000000
0.000000
0.000000
0.000000
1.154136
0.000000
0.000000
0.695192
0.000000
0.000000
0.000000
0.000000
0.000000
0.000000
0.000000
0.001719
0.000000
0.334372
0.000000
0.000000
0.000000
0.000000
0.000000
0.000000
0.456801
0.000000
0.000000
0.000000
0.161948
0.000000
0.000000
0.000000
0.000000
0.000000
0.268919
0.734869
0.616569
0.000000
0.000000
0.000000
0.124354
0.113685
0.000000
0.566343
0.000000
0.000000
0.466685
0.000000
0.000000
0.000000
0.639188
0.000000
0.480076
0.000000
0.000000
0.000000
0.000000
0.000000
0.000000
0.000000
0.000000
0.000000
0.000000
0.000000
0.842352
0.000000
0.000000
0.000000
0.000000
0.000000
0.000000
0.000000
1.167959
0.000000
0.000000
0.000000
0.000000
0.000000
0.297554
0.000000
0.000000
0.855697
0.000000
0.000000
0.322865
0.000000
0.211481
0.000000
0.000000
0.000000
0.000000
0.000000
0.647433
0.000000
0.000000
0.000000
0.000000
1.336308
0.000000
0.000000
0.384072
0.000000
0.000000
0.000000
0.000000
0.000000
0.000000
0.000000
0.000000
0.000000
0.275003
0.000000
0.000000
0.000000
0.000000
0.000000
0.000000
0.000000
0.000000
0.000000
0.000000
0.000000
0.079200
0.000000
0.000000
0.000000
0.000000
0.000000
2.529743
0.042136
0.000000
0.000000
0.000000
0.000000
0.000000
0.381046
0.000000
0.000000
0.000000
0.343463
1.130876
0.000000
2.283612
1.452377
0.000000
0.445285
0.000000
0.000000
0.277447
2.418549
0.000000
0.000000
0.000000
0.000000
0.967907
0.000000
0.851678
0.000000
0.000000
0.000000
0.664064
0.164346
0.000000
0.000000
0.543069
0.000000
0.168186
0.000000
0.000000
0.000000
0.000000
0.000000
0.000000
0.420183
0.000000
0.037644
0.000000
0.000000
0.000000
0.000000
0.476786
0.000000
0.000000
0.000000
0.000000
0.000000
0.000000
0.000000
0.000000
0.052688
0.000000
0.000000
0.000000
0.000000
0.598371
0.000000
0.056757
0.000000
0.000000
0.104841
0.000000
0.817306
0.163707
0.334046
0.000000
0.000000
0.000000
0.113432
0.000000
0.010765
0.000000
0.000000
0.000000
0.000000
0.000000
0.000000
0.000000
1.037311
0.000000
0.000000
0.000000
0.000000
0.000000
0.500253
0.000000
0.000000
0.000000
0.000000
0.000000
0.038634
0.000000
0.000000
0.000000
0.000000
0.000000
0.000000
0.000000
0.171700
0.000000
0.035164
0.000000
0.000000
0.289003
0.014162
0.000000
0.000000
0.000000
0.000000
0.000000
0.000000
1.338265
0.015235
0.000000
1.423519
0.000000
0.000000
0.000000
0.000000
0.000000
0.000000
2.241495
0.000000
0.000000
0.000000
0.000000
0.000000
0.000000
0.604168
0.000000
0.000000
0.000000
0.006620
0.000000
0.000000
0.000000
0.175934
1.621715
0.391165
1.053030
0.000000
0.000000
0.000000
0.000000
0.536063
0.000000
0.000000
0.338799
0.784807
0.000000
0.000000
0.000000
0.000000
0.000000
0.000000
0.000000
0.000000
0.000000
0.000000
0.000000
0.000000
0.000000
0.000000
0.361397
0.000000
0.000000
0.468792
0.524766
0.000000
0.000000
0.208776
0.000000
1.451590
0.000000
0.000000
0.000000
0.019372
1.010774
0.000000
0.000000
0.000000
0.000000
0.000000
0.000000
0.000000
0.000000
0.000000
0.000000
0.000000
0.000000
0.000000
0.000000
0.000000
0.000000
0.000000
0.000000
0.000000
0.000000
0.000000
0.000000
1.223878
0.000000
0.000000
0.000000
0.000000
0.000000
0.000000
1.129342
0.000000
0.000000
0.000000
0.277429
0.000000
0.000000
0.000000
0.000000
0.000000
0.654227
0.000000
0.000000
0.000000
0.000000
0.000000
0.734483
0.000000
0.811514
0.000000
1.354659
0.605198
0.000000
0.248182
0.053012
0.000000
0.000000
0.943983
0.131589
0.000000
0.000000
0.000000
0.807948
0.000000
0.043160
0.000000
1.424863
0.000000
0.000000
0.000000
0.000000
0.000000
0.634829
0.000000
0.000000
0.000000
0.000000
0.000000
0.287991
0.000000
0.000000
0.000000
0.000000
0.000000
0.000000
0.181678
0.000000
0.129423
0.000000
0.000000
0.328313
0.657355
0.000000
1.616183
0.087906
0.000000
0.000000
0.000000
0.000000
0.000000
0.196702
0.000000
0.000000
0.688627
1.881135
0.512669
0.518521
0.000000
0.000000
0.000000
0.000000
0.000000
0.000000
0.000000
0.000000
0.000000
0.000000
0.000000
0.271472
0.217157
0.000000
0.000000
0.000000
2.050867
0.000000
0.000000
0.141107
0.000000
0.000000
0.181073
0.000000
0.000000
0.000000
0.196390
0.000000
0.000000
0.000000
1.790526
0.000000
0.000000
0.000000
0.000000
0.000000
0.826442
0.000000
0.000000
0.000000
0.000000
0.000000
0.000000
0.000000
0.000000
0.000000
0.000000
0.000000
0.000000
1.364845
0.000000
0.677290
0.333730
0.000000
0.000000
0.000000
1.146748
0.849355
0.000000
1.021431
0.000000
0.000000
0.000000
0.000000
0.000000
0.000000
0.000000
0.000000
0.000000
0.000000
0.000000
0.000000
0.451070
0.000000
0.000000
0.000000
0.000000
0.000000
0.000000
0.000000
0.000000
0.000000
0.019724
0.000000
0.000000
0.000000
0.688105
0.000000
0.000000
0.000000
0.004604
0.000000
0.000000
0.000000
0.000000
0.787935
0.000000
0.000000
0.000000
0.000000
0.092000
0.000000
0.000000
0.000000
0.029681
0.000000
0.000000
0.000000
0.000000
0.000000
0.797134
0.000000
0.000000
0.000000
0.422977
0.000000
0.000000
0.000000
0.400808
1.593866
0.000000
0.000000
1.597970
0.000000
0.000000
0.807034
0.000000
0.000000
0.000000
0.000000
0.000000
0.000000
0.000000
0.000000
0.240465
0.000000
0.272262
0.000000
0.000000
0.000000
0.367709
0.000000
1.353631
0.000000
0.000000
0.000000
0.000000
0.000000
0.215778
0.000000
0.000000
0.000000
0.000000
0.000000
0.000000
0.000000
0.000000
0.000000
0.000000
0.000000
0.000000
0.000000
0.000000
0.000000
0.000000
0.000000
0.000000
0.000000
0.000000
0.000000
0.000000
0.000000
0.000000
0.000000
0.360851
0.000000
0.000000
0.000000
0.000000
0.000000
0.611871
0.000000
0.000000
0.000000
0.000000
0.000000
0.000000
0.000000
0.000000
0.000000
0.166555
0.151379
0.000000
0.000000
0.000000
0.000000
0.774850
1.003511
0.000000
0.000000
0.000000
0.000000
0.000000
0.498702
0.000000
0.974333
1.046259
0.000000
0.000000
0.000000
0.000000
0.000000
0.000000
0.000000
0.108726
0.200802
0.000000
0.000000
0.856753
0.000000
0.000000
0.000000
0.000000
0.000000
0.000000
0.000000
0.000000
0.000000
0.000000
0.641627
0.000000
0.000000
0.000000
0.301108
1.627551
0.000000
0.043704
0.000000
0.000000
0.000000
0.000000
0.000000
0.000000
0.000000
0.000000
0.000000
0.000000
0.000000
0.000000
0.000000
0.000000
0.000000
0.000000
0.000000
0.008252
1.360297
1.014422
0.053362
0.596252
0.000000
0.559742
0.000000
0.000000
0.000000
0.000000
0.169299
0.000000
0.453021
0.817520
1.267044
0.000000
0.000000
0.000000
0.000000
1.497171
0.000000
0.000000
0.000000
0.000000
0.000000
0.000000
0.000000
0.000000
0.000000
0.362715
0.004074
0.034402
0.000000
0.439343
0.000000
0.000000
0.000000
0.000000
0.000000
0.000000
0.866618
0.000000
0.274849
1.225742
0.064157
0.000000
0.000000
0.000000
0.000000
0.000000
0.000000
0.000000
0.000000
0.000000
0.000000
0.000000
0.396420
0.000000
0.000000
0.000000
0.000000
0.484051
0.000000
0.000000
0.000000
0.000000
0.000000
0.000000
0.000000
0.350852
0.000000
0.000000
0.000000
0.000000
0.000000
0.375912
0.428937
0.000000
0.000000
0.000000
0.236300
0.000000
0.129806
0.000000
0.000000
0.000000
0.000000
0.260829
0.000000
0.000000
0.000000
0.000000
0.000000
0.000000
0.000000
0.000000
0.000000
0.000000
0.000000
0.000000
0.000000
0.000000
0.000000
0.000000
0.000000
0.711798
0.000000
0.000000
0.000000
0.000000
0.318082
0.000000
0.000000
2.081827
0.132585
0.000000
0.000000
0.000000
0.000000
0.000000
0.189853
0.000000
0.000000
0.000000
0.000000
0.000000
0.000000
0.000000
0.000000
0.000000
0.000000
0.000000
0.000000
0.000000
0.000000
0.000000
0.000000
0.000000
0.000000
0.000000
0.000000
0.000000
0.000000
0.000000
0.000000
0.000000
0.000000
1.216444
1.602448
0.000000
0.000000
0.000000
0.191259
0.000000
0.000000
0.000000
0.029024
0.000000
0.017123
0.000000
0.000000
0.000000
0.000000
0.000000
0.363620
0.000000
0.032465
0.000000
0.972861
0.000000
0.000000
0.000000
0.000000
0.000000
0.868508
0.000000
0.680039
0.625892
0.000000
0.000000
0.751498
0.000000
0.000000
0.000000
0.000000
0.000000
0.000000
0.000000
0.000000
0.000000
0.000000
0.000000
0.000000
0.000000
0.000000
0.000000
0.000000
0.000000
0.000000
0.000000
0.000000
0.192998
0.000000
0.000000
0.916542
0.000000
0.000000
0.000000
0.000000
0.000000
0.000000
0.000000
0.000000
0.000000
0.000000
0.000000
0.000000
0.000000
0.000000
0.000000
0.000000
0.000000
0.000000
0.000000
0.000000
0.019984
0.000000
0.787644
0.000000
0.000000
0.467198
0.000000
0.000000
0.000000
0.000000
0.995784
0.000000
0.000000
0.000000
0.000000
0.000000
0.000000
1.084472
0.000000
2.273227
0.038785
0.190026
0.450484
0.181625
0.000000
0.000000
0.000000
0.000000
0.000000
0.176767
0.000000
0.000000
0.000000
0.000000
0.000000
0.000000
0.000000
0.000000
2.168075
0.000000
0.000000
0.000000
0.000000
0.000000
0.000000
0.000000
0.000000
0.000000
0.000000
0.936694
2.333811
0.000000
0.000000
0.000000
0.000000
0.861978
0.000000
0.000000
0.693953
0.000000
