0.000000
0.000000
0.000000
0.000000
0.000000
0.000000
0.000000
0.000000
0.000000
0.000000
0.000000
0.000000
0.000000
0.387809
0.000000
0.000000
0.000000
0.000000
0.000000
0.000000
0.000000
0.000000
0.000000
0.302183
0.246152
0.000000
2.041732
0.000000
0.000000
0.000000
0.000000
1.572468
0.000000
0.000000
0.823602
0.090686
0.000000
0.000000
1.405443
0.000000
0.000000
0.000000
1.312470
0.000000
0.000000
0.000000
0.000000
0.170395
1.434554
0.000000
0.000000
0.000000
0.000000
0.000000
0.000000
0.000000
0.000000
1.394426
0.000000
0.000000
0.000000
0.000000
0.000000
0.149530
0.000000
0.000000
0.000000
0.000000
0.000000
0.000000
0.000000
0.000000
0.000000
0.000000
0.542776
0.693723
0.000000
0.000000
0.000000
0.000000
0.000000
0.000000
0.000000
0.000000
0.778245
0.761675
0.000000
0.000000
0.000000
0.000000
0.000000
0.000000
0.000000
1.749122
0.311312
0.000000
0.000000
0.000000
0.000000
0.000000
0.000000
0.000000
0.000000
0.000000
0.000000
0.928072
1.344180
0.517125
0.000000
0.000000
0.815348
0.000000
0.000000
1.388532
0.000000
0.000000
0.000000
0.000000
0.000000
0.000000
0.000000
0.032473
1.131029
0.255314
0.000000
0.000000
0.000000
0.000000
0.000000
0.000000
0.000000
0.000000
0.000000
0.000000
0.000000
0.129624
0.643854
0.000000
0.000000
0.000000
0.000000
0.000000
0.000000
0.253346
0.000000
0.000000
0.000000
0.191756
0.654855
0.000000
0.000000
0.000000
0.000000
0.000000
0.364966
0.000000
0.234221
0.000000
0.000000
0.067588
0.000000
1.173153
0.000000
1.081107
0.000000
0.000000
0.000000
0.000000
0.000000
0.000000
0.000000
0.000000
0.000000
0.000000
0.000000
0.000000
0.551060
0.000000
2.088964
0.000000
0.000000
0.000000
0.000000
0.000000
0.000000
0.000000
0.000000
0.000000
0.000000
0.000000
0.932748
0.492447
0.000000
0.000000
0.000000
0.000000
0.000000
0.000000
0.887090
0.000000
1.529251
0.000000
0.000000
0.000000
0.000000
0.000000
0.000000
0.602368
0.000000
0.000000
0.000000
0.000000
0.000000
1.141082
1.259434
0.000000
0.000000
0.000000
0.000000
0.000000
0.000000
2.066418
0.000000
0.000000
0.078602
0.000000
0.000000
0.000000
0.000000
0.000000
0.000000
0.255846
0.000000
0.000000
0.000000
0.000000
0.000000
0.000000
0.000000
0.585690
0.000000
0.000000
0.000000
0.104130
0.000000
0.000000
0.000000
0.000000
0.000000
0.000000
0.238443
0.000000
0.000000
0.103642
0.000000
0.025745
0.000000
0.000000
0.000000
0.000000
0.119798
0.000000
0.000000
0.000000
0.000000
0.000000
0.000000
0.000000
0.000000
0.000000
0.000000
0.000000
0.054919
0.000000
0.000000
0.000000
0.000000
0.000000
0.000000
0.000000
0.000000
0.000000
0.000000
3.725453
0.000000
0.000000
0.000000
0.831059
0.000000
0.000000
0.000000
0.346470
0.000000
0.000000
0.000000
0.000000
0.000000
0.000000
0.000000
0.425823
0.000000
2.697454
0.000000
0.000000
0.000000
0.000000
0.000000
0.354613
0.000000
0.000000
0.000000
0.000000
0.000000
0.000000
0.000000
0.000000
0.000000
0.000000
0.529068
0.000000
2.489362
0.000000
0.000000
0.000000
0.855457
0.000000
0.000000
0.000000
0.179543
0.000000
0.000000
0.000000
0.000000
0.000000
0.203218
0.154636
0.000000
0.000000
0.000000
0.107811
0.000000
0.000000
0.000000
0.000000
0.000000
0.000000
0.000000
0.000000
0.878064
0.739246
0.000000
0.000000
0.666838
0.000000
3.280384
0.650383
0.000000
0.000000
0.000000
0.000000
0.000000
0.000000
0.877808
0.000000
2.018546
0.000000
0.000000
0.000000
0.000000
0.000000
0.000000
1.547149
0.000000
0.000000
0.000000
0.000000
0.114299
0.000000
0.000000
0.000000
0.000000
0.000000
0.000000
0.000000
0.000000
0.000000
0.000000
1.252444
0.000000
0.144008
0.000000
0.000000
0.000000
0.085310
0.317632
0.000000
0.000000
0.000000
0.000000
0.000000
0.000000
0.000000
0.000000
0.000000
0.000000
0.000000
0.000000
0.000000
0.000000
2.484272
0.000000
0.000000
0.000000
0.000000
0.000000
0.000000
0.000000
0.141421
0.000000
1.320983
0.000000
0.000000
0.000000
0.849889
0.000000
0.000000
0.000000
0.000000
0.000000
0.000000
0.000000
1.360588
0.000000
0.000000
0.000000
0.000000
0.045084
0.000000
0.000000
0.000000
0.000000
0.000000
0.000000
0.000000
0.000000
0.000000
0.000000
0.347249
0.978241
1.479360
0.000000
0.000000
0.107512
0.686132
0.000000
0.000000
2.137295
1.213085
0.000000
0.000000
0.241853
0.000000
0.000000
0.000000
0.000000
0.000000
0.000000
0.000000
0.000000
0.000000
0.000000
0.000000
0.000000
0.000000
0.000000
0.000000
0.120846
1.416480
0.000000
0.101820
0.000000
0.000000
0.000000
0.225936
1.935860
0.000000
1.248299
0.000000
0.000000
0.000000
0.676433
0.000000
0.000000
0.000000
0.000000
0.000000
0.000000
0.000000
0.000000
1.130468
0.187309
0.000000
1.069183
0.000000
0.000000
0.273725
0.000000
0.000000
0.000000
1.032786
0.000000
0.000000
0.000000
0.000000
0.000000
0.000000
0.000000
0.000000
0.000000
0.000000
0.000000
0.000000
0.000000
0.000000
1.973310
0.545306
0.000000
0.000000
0.000000
0.000000
0.854403
0.000000
0.000000
0.000000
0.026845
1.140778
0.000000
0.033642
0.000000
0.000000
0.000000
0.000000
0.000000
0.899264
0.000000
0.000000
0.000000
0.000000
0.000000
1.567767
0.000000
0.000000
0.000000
0.000000
0.000000
0.000000
0.000000
0.000000
0.000000
0.000000
1.067856
1.287286
0.000000
0.000000
0.000000
0.000000
0.000000
0.000000
0.000000
1.094682
0.000000
0.275585
1.064697
0.368705
0.000000
0.000000
0.000000
0.000000
0.000000
0.000000
0.000000
0.000000
0.000000
0.000000
0.000000
0.000000
0.000000
0.000000
0.250945
0.000000
0.000000
0.174663
0.000000
0.000000
0.000000
0.000000
0.987359
0.000000
3.994540
0.000000
0.000000
0.000000
0.000000
0.000000
0.000000
0.000000
0.000000
0.000000
0.000000
0.362225
0.625063
0.000000
0.000000
0.000000
0.303584
1.051691
0.000000
0.000000
0.000000
0.000000
0.000000
0.000000
0.000000
0.000000
0.000000
0.000000
0.000000
0.000000
0.000000
0.000000
0.000000
0.000000
0.000000
0.000000
0.000000
0.000000
0.000000
0.239793
0.000000
0.937532
0.000000
0.000000
0.000000
0.000000
1.668907
0.000000
0.000000
0.164394
0.951173
0.000000
0.000000
0.000000
0.000000
0.942153
0.000000
0.000000
0.000000
0.000000
0.000000
0.000000
0.000000
0.000000
0.000000
0.000000
0.000000
0.000000
0.000000
0.000000
0.000000
0.716619
0.000000
0.000000
0.000000
0.000000
0.000000
0.499436
0.000000
0.000000
0.000000
0.000000
0.365798
0.000000
0.000000
0.000000
0.000000
0.000000
0.000000
0.000000
0.000000
0.000000
0.000000
1.832265
0.000000
0.000000
0.000000
0.000000
0.024212
0.000000
0.000000
0.000000
0.203113
0.000000
0.000000
0.045943
0.000000
0.000000
0.000000
0.315579
0.000000
0.058293
0.000000
0.432023
0.000000
0.000000
0.000000
0.000000
0.000000
0.000000
0.000000
0.000000
0.000000
0.000000
0.208402
0.000000
0.000000
0.000000
0.000000
0.000000
0.000000
0.000000
0.000000
0.000000
0.116890
0.000000
0.000000
0.000000
0.000000
0.000000
0.000000
0.000000
0.505598
0.000000
0.000000
0.828257
0.000000
0.000000
0.998941
0.000000
0.000000
0.000000
0.000000
0.000000
0.000000
0.257731
0.903445
0.000000
0.000000
0.000000
0.000000
0.246497
0.000000
0.000000
0.000000
0.493584
0.696949
0.000000
0.000000
0.000000
0.000000
0.396841
0.000000
0.000000
0.000000
0.000000
0.000000
0.000000
0.000000
0.000000
0.378578
0.000000
0.000000
0.000000
2.271486
0.000000
0.000000
0.000000
0.000000
0.000000
0.000000
0.000000
0.000000
0.922669
0.000000
0.000000
1.170773
0.000000
0.000000
0.000000
0.000000
1.420362
0.000000
0.000000
0.000000
0.000000
0.000000
0.000000
0.000000
0.000000
0.000000
0.000000
0.000000
0.000000
0.000000
1.845248
0.764712
0.000000
0.163864
1.464105
0.000000
0.720527
0.000000
0.000000
1.007309
0.000000
0.000000
0.000000
0.000000
0.000000
0.000000
0.000000
0.000000
0.000000
0.000000
0.000000
0.000000
0.000000
0.000000
0.000000
0.000000
0.277741
0.000000
0.000000
0.000000
0.000000
0.000000
0.000000
0.000000
0.000000
0.047786
0.000000
0.000000
0.000000
0.000000
0.000000
2.107097
0.156178
0.033728
0.000000
0.000000
1.024048
0.000000
0.000000
0.000000
0.000000
0.000000
0.000000
0.000000
0.000000
0.000000
0.000000
0.000000
0.000000
0.000000
0.000000
0.000000
0.000000
0.000000
0.000000
0.000000
0.000000
0.000000
0.000000
0.632551
0.000000
0.000000
0.000000
0.000000
1.688708
0.000000
0.000000
0.000000
0.290677
0.000000
0.000000
0.000000
0.000000
0.000000
0.000000
0.145132
0.284531
0.000000
0.000000
0.000000
0.000000
0.000000
0.000000
0.000000
0.000000
0.000000
0.000000
0.173359
0.000000
0.000000
0.003363
0.000000
1.406042
0.000000
0.000000
1.998897
0.000000
0.000000
1.764579
1.894579
0.000000
0.000000
0.000000
0.000000
0.000000
0.000000
0.000000
0.000000
0.000000
0.000000
0.000000
0.000000
0.000000
0.000000
0.000000
0.000000
0.433330
0.000000
0.000000
1.469988
0.000000
0.000000
0.000000
1.079836
0.000000
0.000000
0.000000
0.000000
0.000000
0.000000
0.000000
0.000000
0.000000
0.000000
0.000000
0.000000
0.000000
0.000000
0.000000
0.000000
0.000000
0.000000
0.000000
0.000000
0.000000
0.000000
0.000000
0.000000
0.000000
0.000000
0.000000
0.911686
1.854460
0.000000
0.000000
0.010786
0.000000
0.147351
0.000000
0.000000
0.000000
0.000000
0.000000
0.000000
0.000000
0.000000
0.000000
0.000000
0.000000
0.000000
0.000000
0.000000
0.000000
0.000000
0.189098
0.000000
0.000000
0.000000
0.000000
0.000000
0.000000
0.000000
0.000000
0.647555
0.000000
0.000000
0.000000
0.000000
0.000000
0.000000
0.000000
0.000000
0.000000
1.247971
0.000000
0.000000
0.692856
1.489979
0.000000
0.000000
0.000000
0.000000
0.144421
0.000000
0.565652
0.000000
0.000000
0.000000
0.127729
0.000000
0.000000
0.000000
0.000000
1.018605
0.000000
0.119392
0.000000
1.417569
0.000000
0.000000
0.552356
0.000000
0.000000
0.000000
0.000000
0.000000
0.000000
0.000000
0.000000
0.000000
0.000000
0.000000
0.374383
0.000000
0.000000
0.747926
0.000000
0.228701
0.000000
0.000000
0.000000
0.000000
0.944476
0.000000
0.000000
0.000000
1.362253
0.000000
0.000000
0.003457
1.652427
0.000000
0.000000
0.023888
1.498690
0.000000
0.356031
0.000000
0.000000
0.000000
1.232851
0.000000
0.000000
0.000000
0.000000
0.000000
0.000000
0.000000
0.506035
0.000000
0.000000
0.000000
1.576578
0.000000
0.000000
1.900296
0.630734
0.000000
0.000000
0.021650
0.000000
0.000000
0.000000
0.000000
0.000000
0.000000
0.000000
0.000000
0.000000
0.000000
0.000000
0.000000
1.140474
0.000000
0.000000
1.458904
1.462913
0.000000
0.000000
0.000000
0.414161
0.000000
0.245222
0.764966
2.171517
0.000000
0.000000
0.000000
0.000000
0.000000
0.000000
0.000000
0.000000
1.260827
0.000000
0.906796
0.000000
0.000000
0.000000
0.473870
0.000000
0.000000
0.000000
1.325500
0.000000
0.000000
1.634931
1.154838
0.000000
0.000000
0.000000
0.000000
0.060573
0.000000
0.000000
0.000000
0.000000
0.000000
0.000000
0.000000
0.000000
0.000000
0.000000
0.000000
0.000000
0.000000
0.000000
0.000000
0.000000
0.000000
0.000000
0.000000
0.000000
0.000000
0.737621
0.000000
0.000000
0.000000
0.000000
0.000000
0.000000
0.000000
0.205447
0.000000
0.000000
0.000000
0.060788
0.000000
0.394312
0.752570
0.000000
0.000000
0.000000
0.000000
0.000000
0.000000
0.000000
0.000000
0.000000
0.000000
0.000000
0.000000
0.000000
1.036523
0.000000
0.000000
0.000000
0.000000
0.000000
0.000000
1.362130
0.000000
0.000000
0.000000
0.000000
0.000000
0.000000
1.189704
0.000000
0.000000
0.000000
0.000000
0.000000
0.000000
0.000000
0.000000
0.000000
0.571220
0.000000
0.575591
0.000000
0.708770
0.000000
0.000000
0.000000
0.000000
0.000000
0.000000
0.592106
0.000000
0.000000
0.000000
0.000000
0.000000
0.000000
0.000000
0.000000
0.000000
0.000000
0.272760
0.000000
1.632790
0.000000
0.000000
0.000000
0.000000
0.000000
0.000000
0.000000
0.000000
0.075825
0.467435
0.000000
0.000000
0.000000
0.000000
3.570627
1.146062
0.000000
0.000000
0.000000
0.882124
0.000000
0.000000
0.000000
0.000000
1.563481
0.000000
0.337635
0.000000
0.000000
0.094779
0.000000
0.000000
0.000000
0.000000
0.000000
0.213508
0.000000
0.000000
0.000000
0.000000
0.000000
0.000000
0.000000
0.000000
0.000000
0.000000
0.000000
0.000000
0.000000
0.000000
0.000000
0.000000
0.000000
0.000000
0.000000
0.000000
0.000000
0.000000
0.000000
1.059165
0.000000
0.000000
0.000000
0.000000
0.000000
0.000000
0.000000
0.000000
0.000000
0.000000
0.000000
1.167158
0.000000
0.000000
0.000000
0.000000
0.000000
0.000000
1.610695
0.000000
0.000000
0.000000
0.000000
0.000000
1.181206
0.000000
0.000000
0.000000
0.000000
2.630591
0.000000
1.740268
0.000000
0.000000
0.000000
0.000000
0.479753
0.000000
0.000000
0.000000
0.000000
0.000000
0.000000
0.000000
0.000000
0.710802
0.299756
0.000000
0.000000
0.000000
0.000000
0.000000
0.000000
0.000000
0.076487
0.185374
1.812956
0.000000
0.000000
0.000000
0.000000
0.481057
0.000000
1.439484
0.000000
0.000000
0.000000
0.000000
0.000000
0.000000
0.000000
0.000000
0.000000
0.000000
0.277511
0.000000
0.057318
0.608123
0.000000
1.101856
0.000000
0.000000
0.917135
0.444779
0.000000
0.000000
0.941528
0.624348
0.000000
0.000000
0.000000
0.000000
1.250848
0.000000
0.000000
0.000000
1.662756
0.003529
0.000000
0.000000
0.000000
0.000000
0.000000
0.000000
0.684753
0.000000
0.152703
1.977918
0.000000
0.000000
0.000000
0.000000
0.000000
0.124348
0.000000
0.000000
0.000000
0.000000
0.000000
0.269100
0.000000
0.000000
0.000000
0.000000
0.862639
0.000000
0.000000
0.000000
0.000000
0.000000
0.000000
0.000000
0.000000
0.000000
0.000000
0.000000
0.000000
0.000000
0.149568
0.000000
0.000000
0.000000
0.000000
0.000000
0.000000
0.000000
0.000000
0.000000
0.000000
0.000000
0.000000
0.068751
0.000000
0.000000
0.000000
0.000000
0.000000
0.000000
0.000000
0.000000
0.000000
0.211120
0.048675
0.000000
0.000000
0.000000
0.000000
0.311782
0.000000
0.000000
0.000000
0.000000
0.000000
0.000000
0.000000
0.000000
0.000000
0.000000
0.176527
0.930148
0.000000
0.000000
0.524870
0.259210
0.943575
0.000000
0.000000
0.000000
0.000000
0.029132
0.000000
0.183684
0.000000
0.000000
0.000000
0.000000
1.149917
2.644869
0.000000
2.408997
0.000000
0.000000
0.000000
0.000000
0.000000
0.000000
0.595150
0.000000
0.000000
1.979584
0.000000
0.000000
0.000000
0.108164
0.000000
0.000000
1.324138
0.000000
0.598946
0.000000
0.000000
0.317694
0.000000
0.000000
0.000000
0.000000
0.922391
1.650588
0.000000
0.000000
0.000000
0.000000
0.000000
0.000000
0.000000
0.000000
0.000000
0.000000
0.000000
0.000000
0.276563
0.000000
0.000000
0.000000
0.366522
0.000000
0.000000
0.000000
0.638484
1.351825
0.000000
2.483148
0.000000
0.000000
0.000000
0.000000
0.000000
0.000000
0.296199
0.000000
0.000000
0.000000
0.000000
0.000000
0.000000
1.822853
0.000000
0.000000
0.000000
0.000000
1.403051
0.000000
0.000000
0.000000
0.000000
0.000000
1.124947
0.000000
0.148176
0.000000
0.128102
0.000000
0.000000
0.000000
0.000000
0.000000
0.000000
0.000000
0.000000
0.000000
0.000000
0.000000
0.000000
0.000000
0.000000
0.000000
0.000000
0.000000
1.349333
0.000000
0.000000
0.000000
0.000000
0.242448
0.000000
0.000000
0.000000
0.000000
0.000000
0.000000
0.000000
0.000000
0.000000
0.000000
0.000000
0.000000
0.000000
0.000000
0.889256
0.000000
2.491960
2.271593
0.000000
0.000000
0.000000
0.000000
0.000000
0.000000
0.433630
0.000000
0.000000
0.000000
0.000000
0.573004
0.000000
0.000000
0.000000
0.000000
0.000000
0.000000
0.704316
0.000000
0.000000
0.000000
0.000000
0.000000
0.000000
0.000000
0.000000
0.000000
2.248206
0.000000
0.153840
0.000000
0.000000
0.000000
0.029120
0.000000
0.000000
0.000000
0.000000
0.000000
0.924328
0.000000
0.000000
0.000000
1.225475
0.000000
0.000000
0.339526
0.000000
0.000000
0.000000
0.000000
0.000000
0.000000
0.000000
0.000000
0.644795
0.000000
0.000000
0.000000
0.000000
0.000000
0.000000
0.000000
0.098273
0.000000
1.237776
0.000000
0.000000
0.000000
0.000000
0.000000
0.000000
0.000000
0.000000
0.000000
0.000000
2.370111
0.849437
0.000000
0.310883
0.000000
0.000000
0.000000
0.000000
0.175797
0.000000
0.000000
0.000000
0.000000
0.000000
0.000000
0.000000
0.000000
0.000000
0.267554
0.000000
0.000000
0.340128
0.000000
0.000000
0.000000
0.000000
0.000000
0.908406
0.000000
0.000000
0.000000
0.000000
0.000000
0.000000
0.000000
0.718657
0.281605
0.000000
0.000000
0.241437
0.000000
0.000000
0.000000
0.000000
0.000000
0.000000
0.309793
0.399821
0.000000
0.256102
0.000000
0.000000
0.000000
0.000000
0.000000
0.000000
0.000000
0.000000
0.000000
0.000000
0.000000
0.000000
0.000000
0.000000
0.439566
0.000000
0.000000
0.000000
0.000000
0.000000
0.675496
0.000000
0.713510
0.000000
1.115621
0.000000
0.000000
0.000000
0.000000
0.000000
0.000000
2.830533
0.000000
0.000000
0.000000
0.000000
0.097136
0.000000
0.000000
1.970866
0.000000
0.000000
0.000000
0.000000
0.000000
0.245291
0.628205
0.000000
0.000000
0.000000
0.000000
0.400195
0.000000
0.000000
0.000000
0.628297
0.066756
0.000000
0.000000
0.000000
0.000000
0.000000
0.000000
0.000000
0.000000
0.000000
0.000000
0.000000
0.000000
0.000000
0.000000
0.000000
0.000000
0.000000
0.000000
0.000000
0.257222
0.000000
0.000000
0.340425
0.000000
0.000000
0.145065
0.000000
0.000000
0.000000
0.000000
0.872888
2.227286
0.000000
0.000000
0.000000
0.000000
1.507182
0.441940
0.000000
0.000000
0.000000
0.000000
1.077459
0.000000
0.182746
0.000000
0.000000
0.169814
0.000000
1.193765
0.000000
0.000000
0.000000
0.000000
0.000000
0.114603
0.501912
0.569403
0.000000
0.000000
0.000000
1.163812
0.000000
0.000000
0.000000
0.695424
0.000000
0.000000
0.000000
0.000000
0.000000
0.000000
0.000000
0.000000
0.000000
0.000000
0.000000
0.000000
0.000000
0.000000
0.000000
0.000000
0.000000
0.000000
0.000000
0.000000
0.000000
0.000000
0.000000
0.326014
0.000000
1.824722
0.803750
0.000000
0.516849
0.000000
0.000000
0.000000
0.000000
0.544898
0.864993
0.000000
0.000000
0.000000
0.000000
0.000000
0.000000
0.000000
0.000000
0.000000
0.000000
0.000000
0.000000
0.547969
0.000000
0.000000
0.000000
2.532254
0.870270
1.295748
0.000000
0.000000
0.000000
0.000000
0.000000
0.272588
0.000000
0.000000
0.000000
0.000000
0.000000
0.609415
0.278178
0.000000
0.941602
0.000000
0.000000
0.000000
0.000000
0.931631
0.000000
0.000000
0.000000
0.000000
1.311882
0.000000
0.000000
0.000000
0.000000
0.868639
0.000000
0.000000
0.000000
0.000000
0.000000
0.000000
0.000000
0.000000
1.192208
0.000000
0.143028
1.267249
0.000000
0.202567
0.000000
0.000000
0.000000
0.000000
1.636720
0.000000
0.000000
0.831203
0.154798
0.000000
0.000000
0.000000
0.674653
0.000000
0.000000
0.000000
0.000000
0.000000
0.000000
0.224048
0.000000
0.000000
0.000000
0.000000
0.000000
0.278851
0.000000
0.965945
0.000000
0.000000
0.352393
0.000000
0.000000
1.634220
0.000000
0.160819
0.000000
0.000000
0.000000
0.000000
0.000000
0.000000
0.000000
0.000000
0.000000
0.797732
0.000000
0.000000
0.000000
0.000000
0.000000
0.000000
0.000000
0.000000
0.000000
0.000000
0.000000
0.000000
1.495884
0.000000
0.000000
0.000000
0.000000
0.303535
0.000000
0.000000
0.577212
0.000000
0.000000
0.000000
0.000000
0.000000
0.000000
0.000000
0.000000
0.000000
0.000000
0.000000
0.772156
0.000000
0.000000
2.644310
0.000000
0.000000
0.126636
0.357169
0.000000
0.078122
0.000000
0.079842
0.000000
0.000000
0.082048
0.000000
0.000000
1.888231
0.000000
0.000000
0.000000
0.000000
0.000000
0.000000
0.062508
0.000000
0.021135
0.000000
0.000000
0.000000
0.000000
0.000000
0.000000
0.000000
0.000000
0.564493
0.000000
0.000000
0.310683
0.000000
0.000000
0.000000
0.000000
0.000000
0.682467
0.000000
0.000000
0.000000
0.000000
0.000000
3.569918
0.000000
0.000000
0.000000
0.000000
0.351180
0.000000
0.000000
0.000000
0.000000
0.000000
1.496232
0.000000
0.000000
0.488609
0.000000
0.000000
0.271531
0.000000
0.000000
0.000000
0.280222
0.410482
0.000000
0.000000
0.000000
0.425570
0.000000
0.131872
0.000000
0.000000
0.139867
0.000000
0.000000
0.000000
0.000000
0.000000
0.000000
0.000000
0.000000
0.000000
0.000000
0.000000
0.000000
0.622951
0.000000
0.000000
0.263387
0.909026
0.000000
0.452600
0.000000
1.126651
3.834501
0.000000
0.000000
0.000000
0.000000
0.609387
0.000000
0.000000
0.000000
0.000000
0.000000
0.000000
0.000000
0.000000
0.000000
0.000000
0.000000
0.000000
0.000000
0.000000
0.000000
0.000000
0.000000
0.000000
0.000000
0.000000
0.000000
0.294209
0.000000
0.000000
1.353106
0.000000
0.000000
0.000000
0.000000
0.000000
0.668198
0.000000
0.000000
0.000000
0.000000
0.000000
0.000000
0.000000
0.000000
0.779710
0.053713
0.000000
1.792683
0.000000
0.000000
0.000000
0.000000
0.832592
0.000000
0.453644
0.000000
0.000000
0.000000
0.000000
0.000000
0.000000
0.000000
0.051353
2.464422
0.000000
0.000000
0.000000
0.000000
0.000000
0.000000
0.000000
0.000000
0.000000
0.000000
0.352279
0.000000
0.000000
0.000000
0.000000
0.000000
0.000000
0.000000
0.000000
0.698554
0.462232
0.000000
0.000000
0.705242
0.000000
0.000000
1.215708
0.000000
0.000000
0.000000
0.000000
0.000000
0.000000
1.165253
0.000000
0.000000
0.000000
0.000000
0.907980
0.000000
0.000000
0.000000
0.000000
1.607533
0.000000
0.000000
0.000000
0.425816
0.000000
0.000000
0.000000
0.278003
0.000000
0.480783
0.000000
0.000000
0.000000
0.000000
0.608622
0.000000
0.000000
0.777098
0.000000
0.000000
0.000000
0.000000
0.000000
0.000000
0.000000
0.000000
0.000000
0.000000
0.000000
0.000000
0.000000
0.000000
0.000000
0.000000
0.000000
0.000000
0.000000
0.000000
0.000000
0.000000
0.000000
0.081284
0.000000
0.000000
0.000000
0.000000
0.000000
0.000000
1.256972
0.000000
0.000000
0.000000
0.000000
0.000000
0.000000
0.000000
0.000000
0.000000
0.000000
0.000000
0.000000
0.000000
0.981287
0.000000
0.000000
0.000000
0.000000
0.000000
0.000000
0.096443
0.315165
0.000000
0.000000
0.000000
0.000000
0.591169
0.000000
0.000000
0.000000
0.000000
0.000000
0.000000
0.000000
0.000000
0.000000
0.000000
0.646806
0.000000
0.000000
0.000000
0.000000
0.000000
0.000000
0.000000
0.000000
0.000000
0.899146
0.000000
0.000000
0.000000
0.000000
0.000000
0.000000
0.000000
0.000000
0.000000
0.000000
0.000000
0.000000
0.000000
0.541059
0.069670
0.000000
1.990257
0.000000
0.000000
0.000000
1.156154
0.000000
0.000000
0.112939
0.000000
0.161114
0.000000
0.000000
0.000000
0.000000
0.300843
0.000000
0.000000
0.000000
0.000000
0.000000
1.515332
0.000000
0.000000
0.000000
0.000000
0.000000
0.000000
0.000000
0.000000
0.000000
0.000000
0.000000
0.000000
0.000000
0.000000
0.000000
0.791439
0.000000
0.000000
0.000000
0.000000
0.000000
1.055154
0.000000
0.000000
0.000000
0.048852
0.109550
0.000000
0.000000
0.000000
0.000000
0.000000
0.000000
0.000000
0.331492
0.000000
0.000000
0.000000
0.000000
0.501223
0.000000
0.000000
0.000000
0.000000
0.000000
0.000000
0.000000
0.000000
0.138124
0.000000
0.087483
0.000000
0.000000
0.000000
0.000000
0.980456
0.000000
2.079159
0.000000
0.000000
0.000000
0.000000
3.170572
0.000000
0.000000
0.000000
0.000000
0.000000
0.000000
0.752891
0.248506
0.000000
0.000000
0.000000
0.000000
0.000000
0.495056
0.000000
0.000000
0.551962
0.273730
2.093149
0.000000
0.000000
0.000000
0.195882
0.000000
0.000000
0.000000
0.000000
0.266801
0.000000
0.000000
0.000000
0.000000
0.000000
0.000000
0.000000
0.000000
0.158174
0.000000
0.000000
0.000000
0.386927
0.000000
0.000000
1.313192
1.020823
0.000000
0.000000
0.000000
0.000000
0.091315
1.144597
0.000000
0.000000
0.000000
0.000000
0.000000
0.000000
0.000000
0.000000
0.730654
0.000000
0.000000
0.000000
0.000000
0.272061
0.090895
0.000000
0.000000
0.000000
0.000000
0.000000
0.000000
0.000000
0.000000
0.000000
0.000000
0.000000
0.000000
0.000000
0.000000
0.000000
1.134260
0.000000
0.000000
0.000000
0.000000
0.000000
0.000000
0.000000
0.000000
0.337117
0.000000
0.000000
0.000000
0.000000
1.228780
0.000000
0.000000
0.060327
0.000000
0.000000
0.000000
1.000220
0.000000
0.000000
0.000000
1.548177
0.911796
0.000000
0.000000
0.000000
2.841463
0.000000
0.000000
0.427378
0.000000
0.000000
0.000000
0.405469
0.000000
2.103585
0.000000
0.000000
0.000000
0.000000
0.000000
0.000000
0.135834
0.000000
0.000000
0.339711
0.000000
0.000000
0.000000
0.000000
0.322862
0.000000
0.233603
0.000000
0.000000
0.000000
0.000000
0.223600
0.014476
0.000000
0.000000
0.393070
0.000000
0.000000
1.530015
0.000000
0.000000
0.879162
0.000000
0.000000
0.000000
0.000000
0.000000
1.353295
0.673531
0.731514
0.000000
0.049430
0.000000
0.000000
0.000000
0.000000
0.000000
0.000000
0.000000
0.000000
0.000000
0.266505
0.000000
1.015262
0.000000
0.000000
0.347124
0.271668
0.718690
0.588806
0.000000
0.666400
0.000000
0.000000
0.000000
2.200491
0.000000
0.000000
0.000000
0.000000
0.000000
0.000000
0.000000
0.000000
0.180732
0.000000
0.000000
0.687460
0.000000
0.000000
0.000000
0.000000
0.713181
0.000000
0.000000
0.000000
0.309250
0.000000
2.665961
0.000000
0.405557
0.000000
0.000000
0.000000
0.000000
0.768416
0.786216
0.023697
0.000000
0.000000
0.000000
0.000000
0.000000
0.000000
0.000000
0.000000
0.218698
0.000000
2.540902
0.000000
0.908969
0.006544
0.000000
0.000000
0.000000
0.000000
0.000000
0.000000
0.924740
0.000000
0.000000
0.442285
0.000000
0.000000
0.000000
0.230883
0.000000
0.646969
0.000000
0.219762
0.000000
0.142485
0.000000
0.000000
0.000000
0.450619
0.000000
0.622730
0.000000
0.000000
0.000000
0.000000
0.000000
0.000000
0.000000
0.000000
0.000000
0.000000
0.000000
0.000000
0.000000
0.000000
0.000000
0.000000
0.632372
0.000000
0.724576
0.000000
0.074051
0.000000
0.000000
0.000000
0.000000
0.000000
0.000000
0.000000
0.000000
1.220857
0.000000
0.154296
0.000000
0.000000
0.000000
0.000000
0.000000
0.000000
0.000000
0.000000
1.441097
0.000000
0.000000
0.000000
0.000000
0.000000
0.000000
4.063055
0.000000
2.876754
0.047404
0.091635
0.000000
0.773100
0.000000
0.136982
0.000000
0.000000
0.000000
0.000000
0.000000
0.000000
0.000000
0.000000
0.000000
0.000000
0.000000
0.000000
0.606627
0.000000
0.000000
1.357724
0.000000
0.000000
0.000000
0.240014
0.000000
0.000000
0.000000
0.000000
0.000000
0.000000
0.311318
0.000000
0.000000
0.000000
0.000000
1.639056
0.715867
0.000000
0.000000
0.000000
0.080992
0.000000
0.000000
0.000000
0.000000
0.000000
0.000000
0.746246
1.042414
0.000000
0.622399
0.000000
1.646701
0.000000
0.000000
0.000000
0.187908
0.000000
0.000000
0.082602
0.000000
0.000000
0.000000
0.000000
0.000000
0.000000
0.000000
0.000000
0.546190
0.000000
0.000000
0.000000
0.791391
0.000000
0.000000
0.000000
0.000000
0.000000
1.830041
0.000000
0.560678
0.000000
0.000000
2.306564
0.881855
0.000000
0.000000
0.000000
0.518610
0.504131
0.000000
0.000000
0.504549
0.000000
0.000000
0.000000
0.000000
0.000000
0.000000
0.000000
0.000000
0.455248
0.000000
0.000000
0.000000
0.000000
0.000000
0.000000
1.010700
0.196353
0.000000
0.000000
0.000000
0.000000
0.000000
0.609084
0.000000
0.000000
0.000000
0.000000
0.000000
0.598267
0.665590
0.000000
0.000000
1.023704
0.000000
0.000000
0.000000
0.000000
0.000000
0.327055
0.000000
0.086360
0.409073
0.228301
0.000000
0.083056
1.146064
0.000000
0.000000
0.000000
0.000000
1.663349
0.000000
0.012484
0.000000
0.000000
0.000000
0.000000
0.000000
0.000000
0.000000
0.000000
0.000000
0.000000
0.000000
0.000000
0.000000
0.000000
0.000000
0.000000
0.000000
0.000000
0.000000
0.000000
0.000000
0.000000
0.000000
0.000000
0.000000
0.000000
0.000000
0.569302
0.000000
0.000000
0.000000
0.000000
0.045809
2.367566
0.000000
0.000000
0.000000
0.000000
0.000000
0.000000
0.000000
0.000000
0.000000
0.000000
0.049245
0.000000
2.245622
0.075027
0.000000
0.041808
0.000000
0.000000
0.666351
0.000000
0.000000
0.044025
0.049825
0.000000
0.000000
0.000000
0.193846
0.000000
0.000000
0.000000
0.000000
1.307940
0.000000
0.000000
0.000000
0.000000
0.000000
1.618174
0.000000
0.000000
0.000000
0.000000
0.000000
0.000000
0.000000
0.000000
0.000000
0.351583
1.460321
0.000000
0.000000
0.000000
0.000000
0.000000
1.127177
0.042896
0.000000
0.000000
0.000000
0.000000
0.000000
0.000000
0.000000
0.000000
0.000000
0.072481
0.082372
0.000000
0.000000
0.000000
0.000000
4.069498
0.000000
0.000000
0.000000
0.000000
1.253330
0.267112
0.000000
0.000000
0.288644
0.000000
0.281581
0.000000
0.000000
0.000000
0.000000
0.000000
0.000000
0.000000
0.000000
0.000000
0.000000
0.000000
0.000000
0.000000
0.418865
0.000000
0.000000
0.132671
0.000000
0.000000
0.000000
0.000000
0.000000
0.000000
0.000000
0.000000
0.000000
0.000000
0.000000
1.880017
0.000000
0.000000
0.000000
0.000000
0.000000
0.000000
0.000000
0.000000
1.705045
0.000000
0.000000
0.225250
0.000000
0.470680
0.000000
0.000000
0.365607
0.000000
0.000000
1.261088
0.000000
0.000000
0.000000
0.000000
0.000000
0.000000
0.000000
0.000000
0.000000
0.000000
0.000000
0.143125
0.000000
0.000000
0.000000
0.000000
0.000000
0.000000
0.000000
0.000000
0.000000
0.000000
2.671337
0.000000
0.000000
0.000000
0.000000
0.058440
0.000000
0.000000
0.012855
1.772447
1.113235
0.000000
0.000000
0.000000
0.000000
0.695098
0.000000
0.000000
0.000000
0.000000
2.552528
0.000000
0.000000
2.421224
0.000000
0.000000
0.000000
0.000000
0.000000
0.000000
0.000000
0.000000
0.000000
0.000000
0.000000
0.394874
0.000000
2.143474
0.000000
0.000000
0.000000
0.000000
0.000000
0.000000
0.000000
0.224166
0.000000
0.000000
0.000000
0.651545
0.000000
0.616675
2.220206
0.000000
0.000000
0.432300
1.641981
0.033708
0.000000
0.000000
0.000000
0.000000
0.000000
0.000000
0.000000
0.000000
0.248617
0.000000
0.057244
0.000000
0.000000
0.000000
0.000000
0.000000
0.000000
0.091192
0.000000
0.000000
0.000000
0.000000
0.000000
0.000000
0.000000
0.000000
0.000000
0.000000
0.000000
0.000000
0.940107
0.000000
0.000000
0.000000
0.000000
0.000000
0.980027
0.000000
0.209993
0.209836
0.000000
0.000000
0.000000
0.000000
0.000000
0.000000
0.000000
0.000000
0.000000
0.000000
0.000000
0.000000
0.000000
0.000000
0.000000
0.600565
0.000000
0.000000
0.417000
0.000000
0.000000
0.000000
0.000000
0.000000
0.000000
0.000000
0.000000
0.000000
0.000000
0.000000
0.000000
0.000000
0.000000
0.000000
0.000000
0.000000
0.000000
0.000000
0.000000
0.000000
0.319645
0.000000
0.000000
0.000000
0.000000
0.000000
1.221156
0.000000
0.000000
0.000000
0.000000
0.000000
0.000000
0.000000
0.000000
0.000000
0.000000
2.222603
0.936393
0.000000
1.546963
1.227024
0.000000
0.134140
0.000000
0.000000
0.073852
2.949080
0.286204
0.000000
0.000000
0.000000
1.151245
0.000000
1.993274
0.000000
0.000000
0.000000
0.000000
0.000000
0.000000
0.000000
0.297573
0.696944
0.000000
0.000000
0.000000
0.604248
0.000000
0.000000
0.000000
0.000000
0.000000
0.000000
0.000000
0.000000
0.000000
0.000000
0.000000
0.000000
0.000000
0.000000
0.078473
0.000000
0.000000
0.000000
0.000000
0.892335
0.000000
0.000000
0.000000
0.000000
0.000000
0.000000
1.608302
0.000000
0.000000
0.051050
0.000000
0.642922
0.000000
1.440518
0.000000
0.000000
0.000000
0.000000
0.000000
0.524475
0.000000
0.000000
0.000000
0.000000
0.148167
0.000000
0.000000
2.200601
0.000000
0.000000
0.000000
0.000000
0.000000
1.005686
0.000000
0.000000
0.000000
0.000000
0.000000
0.000000
0.000000
0.000000
0.000000
0.000000
0.000000
0.000000
0.000000
0.000000
0.530390
0.000000
0.000000
0.000000
0.000000
0.000000
0.000000
0.000000
0.000000
0.000000
0.000000
0.000000
0.863295
0.000000
0.000000
0.267606
0.000000
0.000000
0.000000
0.000000
0.000000
0.000000
1.085906
0.000000
0.046507
0.000000
0.000000
0.000000
0.000000
0.847642
0.000000
0.359765
0.000000
0.506198
0.000000
0.000000
0.000000
0.000000
1.656181
0.038316
0.000000
0.000000
0.049349
0.995117
0.000000
1.582168
0.000000
0.000000
0.140151
0.000000
0.000000
0.000000
0.000000
0.000000
0.000000
0.465861
0.000000
0.000000
0.646615
0.000000
0.000000
0.000000
0.000000
0.000000
0.407781
0.000000
0.382127
0.000000
0.089524
0.000000
0.000000
0.000000
0.000000
0.510570
0.000000
0.000000
0.000000
0.415246
0.965697
0.000000
0.000000
0.000000
0.000000
0.000000
0.000000
0.000000
0.000000
0.000000
0.000000
0.000000
0.000000
0.216800
2.369009
0.000000
0.000000
0.000000
0.000000
0.000000
0.000000
0.179682
0.708111
0.412501
0.000000
0.082722
0.000000
0.000000
0.000000
0.000000
0.005046
0.000000
0.000000
0.000000
0.705941
0.000000
0.000000
0.000000
0.000000
0.000000
0.000000
0.000000
0.000000
0.000000
0.000000
0.000000
1.516222
0.000000
0.000000
0.000000
0.469170
0.000000
0.000000
0.000000
0.000000
0.061277
0.000000
1.725907
0.836491
0.000000
0.000000
0.000000
1.038004
0.000000
0.000000
0.000000
0.527526
0.000000
0.000000
0.000000
0.000000
0.000000
0.000000
0.000000
0.346684
0.000000
0.000000
0.000000
0.000000
0.000000
0.000000
0.000000
0.000000
0.000000
0.000000
0.082688
0.000000
0.000000
0.000000
0.000000
0.000000
0.000000
0.519508
0.000000
0.106324
0.000000
0.125993
0.000000
0.000000
0.000000
0.000000
0.000000
0.000000
0.000000
2.235145
0.000000
0.000000
0.000000
0.000000
0.000000
0.000000
0.000000
0.000000
0.028022
0.000000
0.000000
0.000000
0.000000
0.414479
0.185137
0.000000
0.000000
0.000000
1.071202
0.000000
0.000000
0.000000
0.000000
0.506467
0.000000
0.000000
0.000000
0.000000
0.000000
0.000000
0.000000
0.737384
0.224182
0.000000
0.000000
0.000000
0.000000
0.000000
0.000000
0.000000
0.000000
0.000000
0.000000
0.000000
0.000000
0.000000
0.000000
0.813501
0.000000
0.000000
0.000000
1.511543
0.000000
0.000000
0.000000
0.000000
0.000000
0.000000
0.000000
1.466908
0.000000
0.552877
0.000000
0.000000
0.000000
0.000000
0.000000
0.000000
0.000000
0.000000
0.000000
0.000000
0.000000
0.000000
0.000000
0.000000
0.252564
0.000000
0.000000
0.000000
0.000000
0.000000
0.000000
0.000000
0.000000
0.000000
0.000000
0.000000
0.792978
0.000000
0.658935
0.000000
0.698549
0.000000
0.000000
0.000000
0.000000
0.812305
0.000000
0.000000
0.000000
0.000000
0.274021
0.000000
0.000000
0.000000
0.000000
0.000000
0.000000
0.000000
0.000000
0.000000
0.000000
0.000000
0.000000
0.000000
1.002777
0.000000
0.000000
0.000000
0.000000
1.412913
0.000000
0.000000
1.531973
0.000000
0.000000
0.000000
0.000000
0.000000
0.000000
0.000000
0.000000
0.000000
0.000000
0.000000
0.000000
0.000000
0.000000
0.000000
0.000000
0.000000
1.022270
0.000000
1.397958
0.000000
0.000000
0.000000
0.000000
0.000000
0.685655
0.000000
0.000000
0.000000
0.000000
0.000000
0.000000
0.266772
0.000000
0.000000
0.000000
0.000000
0.000000
0.426165
0.000000
0.000000
0.000000
0.000000
0.000000
0.000000
0.000000
0.000000
0.000000
0.000000
0.000000
0.000000
1.986134
0.000000
0.000000
0.000000
0.000000
0.000000
0.019238
0.000000
0.000000
0.000000
0.000000
0.000000
0.000000
0.000000
0.000000
0.000000
0.000000
0.000000
0.000000
0.000000
0.000000
0.000000
0.000000
1.224293
0.000000
0.000000
0.000000
0.000000
0.000000
0.922425
0.000000
1.352249
1.028200
0.000000
0.000000
0.000000
0.000000
0.000000
0.000000
0.000000
1.149703
0.000000
0.000000
0.000000
2.078941
0.000000
0.000000
0.000000
0.000000
0.000000
0.000000
0.000000
0.000000
1.112187
0.000000
1.867055
0.000000
0.106129
0.296907
0.000000
0.000000
0.000000
0.000000
0.000000
0.000000
0.000000
0.000000
1.403867
0.000000
0.000000
0.000000
0.000000
0.000000
0.000000
0.000000
0.000000
0.000000
0.000000
0.000000
0.000000
0.000000
1.021581
1.279944
0.000000
0.314920
0.000000
1.500152
0.794517
0.000000
0.000000
0.000000
0.000000
0.000000
0.000000
0.737963
1.461681
0.288714
0.000000
0.000000
0.000000
0.706387
0.000000
0.000000
0.000000
0.000000
0.000000
0.000000
0.068581
0.000000
0.000000
0.000000
0.000000
0.000000
0.000000
0.381434
0.000000
0.735015
0.000000
0.000000
0.000000
0.000000
1.480982
0.000000
0.000000
0.000000
0.000000
0.000000
0.000000
0.000000
0.000000
0.521545
0.000000
0.000000
0.000000
0.000000
0.000000
0.000000
0.000000
0.000000
0.222605
0.000000
0.000000
3.233350
0.000000
0.000000
0.000000
0.000000
0.000000
0.000000
0.000000
0.000000
0.000000
0.000000
0.000000
0.279284
0.000000
0.000000
0.000000
0.418834
0.000000
0.000000
0.521550
0.000000
0.102247
0.000000
0.000000
0.000000
0.000000
0.174142
0.000000
0.146252
0.000000
0.000000
0.000000
0.000000
0.772041
0.000000
0.000000
0.000000
0.000000
0.000000
0.000000
0.000000
0.000000
0.000000
0.000000
0.000000
0.000000
0.000000
0.000000
0.000000
0.970249
0.006316
1.200507
1.322347
0.000000
0.000000
0.000000
0.000000
0.000000
0.000000
0.000000
0.000000
0.000000
0.000000
0.000000
0.000000
0.145436
0.000000
0.000000
0.000000
0.500106
0.000000
0.000000
0.000000
0.000000
0.000000
0.000000
0.000000
0.000000
0.277699
0.000000
0.000000
0.000000
0.000000
0.573817
0.000000
0.000000
1.579168
1.979516
0.000000
0.000000
0.534412
0.000000
0.744537
0.000000
0.000000
0.000000
0.000000
0.000000
0.000000
0.000000
0.000000
0.000000
0.000000
0.000000
0.000000
0.145438
0.000000
0.000000
0.000000
0.000000
0.000000
0.000000
0.000000
1.875822
0.000000
0.000000
0.200816
0.000000
0.000000
0.000000
0.000000
0.000000
0.000000
0.000000
0.000000
0.000000
0.000000
0.000000
0.000000
0.000000
0.000000
0.000000
0.000000
0.000000
0.000000
0.000000
0.000000
0.000000
0.000000
0.000000
1.128147
0.000000
0.000000
0.401048
0.000000
0.000000
0.000000
0.000000
0.178691
0.000000
0.000000
0.000000
0.000000
0.000000
0.000000
0.000000
0.000000
0.000000
0.483338
0.000000
0.000000
0.000000
0.000000
0.000000
0.000000
0.000000
0.552521
0.000000
0.000000
0.000000
0.000000
0.000000
0.000000
0.000000
0.287613
0.342615
0.000000
0.000000
0.000000
0.433421
0.000000
0.000000
0.407692
1.506533
0.238269
0.406358
0.000000
0.000000
0.000000
0.000000
0.000000
0.000000
0.000000
0.298069
0.000000
0.000000
0.000000
0.000000
0.000000
0.000000
0.000000
0.000000
1.717322
0.000000
0.000000
0.000000
0.000000
0.000000
0.000000
0.000000
0.000000
0.000000
0.000000
0.714022
0.754936
0.000000
0.000000
0.000000
0.000000
0.843087
0.000000
0.000000
0.359406
0.000000
