0.000000
2.061995
0.001894
0.000000
0.000000
0.000000
0.000000
0.000000
0.000000
0.000000
0.000000
0.000000
0.000000
1.236154
0.000000
0.000000
0.000000
0.000000
0.000000
0.182744
0.000000
0.000000
0.000000
0.382817
0.000000
0.000000
0.407518
0.000000
0.000000
0.000000
0.060513
0.647884
0.000000
0.000000
0.351967
0.000000
0.000000
0.000000
2.928174
0.000000
0.000000
0.000000
0.000000
0.000000
0.000000
0.000000
0.000000
0.366955
1.312160
0.000000
0.000000
0.000000
0.000000
0.000000
0.000000
0.000000
0.000000
2.578239
0.000000
0.000000
0.005363
0.000000
0.000000
2.398467
0.000000
0.000000
0.076113
0.000000
0.000000
0.099555
0.000000
0.000000
0.000000
0.000000
0.000000
0.000000
0.000000
0.000000
0.000000
0.000000
0.000000
0.095474
0.000000
0.121452
0.000000
0.000000
0.000000
0.402464
0.000000
0.000000
0.053573
0.596853
0.000000
0.612135
0.611467
0.000000
0.000000
0.000000
0.000000
0.000000
0.000000
0.000000
0.174733
0.000000
0.000000
0.000000
0.248288
0.000000
0.000000
0.000000
0.000000
0.000000
0.000000
2.343037
0.000000
0.000000
0.000000
0.000000
0.000000
0.000000
0.000000
0.000000
0.000000
0.000000
0.000000
0.000000
0.000000
0.000000
0.000000
2.176453
1.102078
0.000000
0.000000
0.000000
2.951504
0.000000
0.000000
0.000000
0.000000
0.000000
0.000000
0.000000
0.000000
1.357401
0.381606
0.000000
0.000000
0.029180
1.070932
0.000000
0.000000
0.000000
0.000000
0.000000
0.000000
0.000000
0.000000
1.173157
0.000000
0.000000
0.000000
0.000000
1.485552
0.000000
0.000000
0.000000
0.000000
0.000000
0.000000
0.000000
0.000000
0.000000
0.000000
0.000000
0.000000
0.000000
1.154574
0.000000
4.231642
0.000000
0.000000
0.113411
0.000000
0.000000
0.000000
0.000000
0.488453
0.000000
0.000000
0.000000
0.000000
0.795635
0.000000
0.000000
0.000000
0.000000
0.107989
0.000000
0.474821
0.000000
0.000000
0.000000
0.000000
0.000000
0.000000
0.000000
0.000000
0.000000
0.000000
0.000000
0.000000
0.000000
0.000000
1.416653
0.000000
0.000000
0.000000
1.116167
0.000000
0.000000
0.000000
1.545360
0.000000
0.000000
0.139510
0.000000
0.000000
0.000000
0.000000
0.000000
0.000000
0.000000
0.000000
0.000000
0.000000
0.000000
0.000000
0.000000
0.077747
0.000000
0.000000
0.000000
0.986902
0.000000
0.000000
0.000000
0.000000
0.000000
0.000000
0.000000
0.000000
0.000000
0.000000
0.000000
0.000000
0.000000
0.000000
0.000000
0.000000
0.423027
0.000000
0.000000
0.000000
0.000000
0.000000
0.000000
0.000000
0.000000
0.178807
0.000000
0.000000
0.000000
1.119074
0.000000
0.000000
0.000000
0.000000
0.000000
0.000000
0.000000
0.000000
0.000000
0.000000
0.000000
0.000000
0.000000
0.000000
0.028062
0.000000
0.000000
0.000000
0.000000
0.000000
0.000000
0.000000
0.000000
0.000000
0.000000
0.000000
0.000000
0.000000
1.058475
0.000000
0.000000
0.000000
0.000000
0.000000
0.000000
0.000000
0.000000
0.000000
0.000000
0.000000
0.421293
0.000000
0.000000
0.000000
0.000000
0.000000
0.000000
1.063143
0.000000
0.000000
0.000000
1.131604
0.000000
0.000000
0.000000
0.000000
0.000000
0.000000
0.000000
0.652562
0.000000
0.000000
0.000000
0.000000
0.058035
1.028196
0.000000
0.000000
0.000000
0.000000
0.199505
0.000000
0.000000
0.000000
0.000000
0.000000
0.000000
0.000000
0.000000
1.059947
0.000000
2.914112
0.000000
0.349777
0.000000
0.000000
0.000000
0.000000
0.041894
2.488012
0.000000
2.170901
0.000000
0.000000
0.000000
0.000000
0.000000
0.000000
0.000000
0.000000
0.000000
0.000000
0.000000
0.000000
0.000000
0.000000
0.365009
0.000000
0.000000
0.000000
0.000000
0.000000
0.000000
0.000000
0.611740
0.000000
2.612594
0.000000
0.000000
0.000000
0.000000
0.000000
0.000000
0.000000
0.000000
0.000000
0.724591
0.000000
0.000000
0.000000
0.180797
0.000000
0.000000
0.000000
0.000000
0.000000
0.392722
0.000000
0.000000
0.000000
0.000000
0.000000
0.000000
0.000000
0.610957
0.300361
0.536855
0.000000
0.000000
0.000000
0.000000
0.148120
0.000000
0.000000
0.000000
0.000000
0.000000
0.000000
0.000000
0.751203
0.000000
0.203662
0.000000
0.000000
0.000000
0.000000
0.000000
0.000000
0.000000
0.000000
0.000000
0.000000
0.208233
0.802685
1.526700
1.281122
0.387292
0.391474
0.000000
0.000000
0.293692
0.000000
0.000000
3.996937
0.000000
0.000000
0.000000
0.000000
0.390101
0.000000
0.000000
0.000000
0.177203
0.000000
0.000000
0.000000
0.100961
0.000000
0.000000
0.000000
0.000000
0.000000
0.000000
0.000000
0.000000
0.000000
0.000000
0.000000
0.000000
0.000000
0.387590
1.749498
0.000000
0.000000
0.000000
0.681458
0.000000
0.000000
0.000000
0.000000
0.000000
0.000000
0.000000
0.000000
0.000000
1.075880
0.000000
0.000000
0.000000
0.403086
0.000000
0.000000
0.000000
0.000000
0.000000
0.000000
0.000000
0.000000
0.000000
0.000000
0.037607
0.000000
0.000000
0.000000
0.000000
0.000000
0.000000
0.000000
0.000000
0.000000
0.000000
1.540756
0.000000
0.000000
0.000000
0.000000
0.000000
2.343458
0.000000
0.000000
0.000000
0.000000
0.000000
0.000000
3.501198
0.000000
0.140244
0.034450
0.000000
0.000000
0.000000
0.000000
0.000000
0.639199
0.000000
0.000000
0.080166
0.000000
0.000000
0.326001
2.050471
0.000000
0.000000
0.000000
0.000000
0.000000
0.000000
0.000000
0.000000
0.000000
0.000000
0.000000
0.000000
0.000000
0.385370
0.000000
0.000000
0.000000
0.000000
2.226758
0.000000
0.000000
0.000000
0.000000
0.000000
0.000000
0.000000
0.000000
0.000000
0.000000
0.000000
0.000000
1.222967
0.000000
0.000000
0.000000
0.000000
0.000000
0.000000
0.000000
0.000000
0.000000
0.000000
0.552333
0.000000
3.153602
0.000000
0.000000
0.000000
0.000000
0.000000
0.000000
0.000000
0.000000
0.000000
0.000000
0.000000
0.000000
0.000000
0.000000
0.077675
0.027472
0.000000
0.000000
0.000000
0.000000
0.267101
0.000000
0.000000
0.000000
0.000000
0.000000
0.000000
0.000000
0.000000
0.000000
0.000000
0.000000
0.000000
0.314271
0.000000
0.000000
0.000000
0.000000
0.000000
0.000000
2.422692
0.000000
0.000000
0.000000
1.163358
0.000000
0.000000
0.000000
0.000000
0.000000
0.000000
0.000000
0.000000
0.000000
0.687430
0.000000
0.000000
0.000000
0.000000
0.000000
0.000000
0.000000
0.000000
0.000000
0.000000
0.000000
1.346433
0.000000
0.000000
0.000000
1.527688
0.000000
0.000000
0.000000
0.301425
0.000000
0.344936
0.000000
0.000000
0.000000
0.000000
0.000000
0.000000
0.000000
0.000000
0.000000
0.000000
0.000000
0.000000
0.000000
0.000000
0.000000
2.973451
0.000000
0.000000
0.000000
0.000000
0.000000
0.000000
0.000000
0.000000
0.000000
0.000000
0.000000
0.000000
0.000000
0.000000
0.000000
0.537235
0.000000
0.000000
0.000000
0.000000
0.000000
0.000000
0.000000
0.000000
1.275918
0.000000
0.000000
0.000000
0.000000
0.775912
0.000000
0.000000
0.000000
0.000000
1.448101
1.391160
0.000000
0.000000
0.000000
0.302720
0.000000
0.000000
0.000000
0.000000
0.015669
2.515419
0.000000
0.000000
0.000000
0.000000
0.000000
0.000000
0.142695
0.000000
2.170353
0.000000
0.012494
0.935765
0.000000
0.000000
0.000000
0.063766
0.000000
0.000000
0.000000
0.000000
0.000000
0.839105
0.000000
1.057121
0.000000
0.000000
1.766741
0.000000
0.000000
0.000000
0.000000
0.547241
0.000000
0.000000
0.000000
0.000000
0.000000
0.000000
0.229377
0.000000
0.124959
0.000000
0.000000
0.000000
1.738640
0.000000
0.000000
0.000000
0.000000
0.000000
0.000000
0.000000
0.000000
0.723893
0.000000
0.000000
0.626546
0.000000
0.000000
0.000000
1.002892
2.206788
0.421414
0.000000
0.000000
0.000000
0.000000
0.608233
0.022343
0.000000
0.000000
0.000000
0.000000
0.000000
0.000000
0.687213
0.000000
0.000000
0.000000
2.341028
0.000000
0.000000
0.000000
0.000000
0.000000
0.000000
0.000000
0.000000
1.367690
0.000000
0.000000
0.000000
0.000000
0.000000
0.000000
0.000000
2.107293
0.000000
0.000000
0.000000
0.000000
0.000000
0.331924
0.023458
0.000000
0.000000
0.000000
0.000000
0.000000
0.000000
0.657960
0.000000
0.208880
0.000000
0.000000
0.000000
0.000000
0.000000
0.000000
0.000000
0.000000
2.510308
0.000000
0.000000
0.000000
0.000000
0.000000
0.000000
0.000000
0.000000
0.000000
0.000000
0.000000
0.000000
0.000000
0.004953
0.000000
0.000000
0.000000
0.000000
0.000000
0.000000
0.000000
0.000000
0.000000
0.000000
0.000000
0.000000
0.000000
0.000000
0.000000
0.000000
0.000000
0.000000
0.000000
0.000000
0.000000
0.000000
0.000000
0.000000
0.000000
0.000000
0.000000
0.000000
0.268729
0.000000
0.000000
0.000000
0.235578
0.000000
0.688692
0.000000
0.000000
0.000000
0.000000
0.181851
0.000000
0.013771
0.000000
0.000000
3.910590
0.000000
0.000000
1.604193
0.000000
0.000000
0.000000
0.000000
0.000000
1.056447
0.000000
0.000000
1.807365
0.000000
0.000000
0.000000
0.000000
0.000000
0.000000
0.000000
0.654767
0.000000
0.000000
0.450010
0.000000
0.000000
0.000000
2.228991
0.913096
0.000000
0.000000
0.000000
0.000000
0.000000
0.000000
0.000000
0.000000
0.000000
0.000000
0.000000
2.700678
0.000000
0.000000
0.000000
0.000000
0.000000
0.000000
0.000000
0.000000
0.635240
0.000000
0.241434
0.000000
0.000000
0.000000
0.000000
1.054390
0.000000
0.000000
0.000000
0.000000
0.000000
0.000000
0.000000
0.000000
0.000000
0.000000
0.000000
0.000000
0.000000
0.000000
0.000000
0.000000
0.000000
0.000000
0.000000
0.000000
0.639554
0.210866
0.000000
0.000000
2.637150
0.000000
0.000000
0.000000
0.000000
0.000000
0.602825
0.000000
0.000000
0.000000
0.000000
0.000000
0.000000
0.000000
0.000000
0.000000
0.000000
0.146127
0.000000
0.000000
0.000000
0.891188
1.771394
0.000000
0.000000
0.000000
0.000000
0.000000
0.000000
0.000000
0.000000
0.000000
0.629416
0.000000
0.000000
0.084992
0.000000
0.000000
0.000000
0.836026
0.000000
0.000000
0.000000
0.000000
0.149179
0.000000
0.000000
0.000000
0.000000
0.000000
0.000000
0.000000
0.000000
0.000000
0.000000
0.000000
0.000000
0.000000
0.000000
0.000000
0.000000
0.000000
0.000000
0.132682
0.000000
0.000000
0.000000
0.000000
0.000000
0.000000
0.000000
0.000000
0.000000
0.000000
1.434971
0.000000
0.000000
0.000000
1.068715
0.000000
0.000000
0.010609
0.000000
0.000000
1.445297
0.000000
0.000000
0.000000
0.000000
0.000000
0.000000
0.000000
0.155533
0.000000
0.000000
0.000000
0.000000
0.000000
0.000000
0.598894
0.000000
0.000000
0.000000
0.028841
0.000000
0.000000
0.523811
0.000000
0.000000
0.000000
0.000000
0.000000
0.000000
0.000000
0.000000
0.000000
0.000000
0.000000
0.000000
0.051079
0.000000
0.000000
0.405878
0.000000
0.118211
0.000000
0.000000
0.105016
0.000000
0.000000
0.214440
0.000000
0.000000
0.000000
0.000000
0.000000
0.000000
0.000000
0.000000
0.960314
0.000000
0.000000
0.000000
2.358756
0.000000
0.000000
0.000000
0.000000
0.000000
0.000000
0.000000
0.803007
0.000000
0.000000
0.000000
0.000000
0.000000
0.000000
0.000000
0.000000
0.000000
0.000000
0.000000
0.578847
0.000000
0.000000
0.000000
0.000000
0.000000
0.000000
0.000000
0.000000
0.000000
0.000000
0.000000
0.212327
0.000000
0.000000
0.000000
0.000000
0.000000
0.000000
0.000000
0.000000
0.000000
0.000000
0.879653
0.000000
0.000000
0.000000
0.000000
0.000000
1.499709
0.000000
0.000000
0.000000
0.000000
0.000000
0.000000
0.000000
2.762066
0.000000
0.000000
0.000000
0.393935
0.000000
0.000000
0.000000
0.000000
0.000000
0.000000
0.000000
0.000000
0.000000
0.000000
0.700741
0.000000
0.000000
0.453337
0.000000
0.000000
3.427948
0.000000
0.000000
0.000000
0.000000
0.000000
0.093553
0.000000
0.000000
0.000000
0.518696
0.000000
0.000000
0.000000
1.778348
0.000000
1.682725
0.000000
0.000000
0.000000
0.000000
0.472294
0.000000
0.000000
0.000000
0.000000
0.000000
0.000000
0.000000
0.000000
0.023030
0.000000
0.161758
0.226117
0.713970
0.000000
0.000000
0.000000
0.000000
0.000000
0.000000
0.000000
0.000000
0.000000
0.162592
0.000000
0.000000
0.000000
0.000000
0.443473
0.000000
0.000000
0.000000
0.000000
0.000000
0.307523
0.000000
0.000000
1.171495
0.000000
0.000000
0.000000
0.000000
0.000000
0.000000
0.000000
0.000000
0.000000
0.000000
0.000000
0.519694
0.000000
0.000000
0.000000
0.000000
0.000000
0.000000
0.000000
0.000000
0.000000
0.000000
0.000000
0.000000
0.000000
0.244939
0.000000
0.000000
0.000000
0.000000
0.000000
0.000000
0.000000
0.000000
0.000000
0.000000
0.000000
0.000000
0.000000
0.000000
0.000000
0.000000
0.000000
0.000000
0.000000
0.000000
0.000000
0.803373
0.000000
0.000000
0.000000
0.000000
0.000000
0.000000
0.000000
0.000000
0.000000
0.094618
0.000000
0.000000
0.000000
0.000000
0.000000
0.000000
0.788675
1.985227
0.000000
0.000000
0.000000
0.000000
1.479964
0.000000
0.000000
0.000000
0.000000
0.152669
0.000000
0.000000
0.000000
0.000000
0.000000
0.455237
1.008728
0.000000
0.000000
0.577249
0.000000
0.000000
0.000000
0.000000
0.000000
0.365246
0.251941
0.000000
0.000000
0.000000
0.000000
2.845068
0.000000
0.000000
0.361392
0.000000
0.000000
0.000000
0.140529
0.000000
0.000000
0.000000
0.000000
0.000000
0.000000
0.000000
0.000000
0.000000
0.000000
4.029159
0.000000
0.000000
0.000000
0.000000
0.000000
0.000000
0.794247
0.079700
0.000000
0.000000
0.000000
0.000000
0.084356
0.000000
0.000000
0.000000
0.000000
0.320508
0.000000
0.000000
0.000000
0.000000
0.000000
0.000000
0.000000
0.000000
0.000000
0.521392
0.000000
0.000000
0.000000
0.000000
0.000000
0.000000
0.000000
0.117549
0.000000
0.000000
0.000000
2.147730
0.000000
0.056628
0.000000
0.000000
0.000000
0.000000
0.000000
0.000000
0.000000
0.000000
0.415211
0.000000
0.000000
0.000000
0.000000
0.000000
0.000000
0.000000
0.675696
0.000000
0.107997
0.255212
0.000000
0.000000
0.000000
0.000000
0.000000
0.000000
0.000000
0.000000
0.000000
0.000000
0.000000
0.000000
0.000000
0.519779
0.000000
0.000000
0.000000
0.000000
0.000000
0.000000
0.000000
0.000000
0.000000
0.000000
0.000000
0.752362
0.052302
0.000000
0.000000
0.451126
0.000000
0.000000
0.000000
0.000000
0.000000
0.000000
0.000000
1.334421
0.000000
0.000000
0.000000
0.366554
0.000000
0.000000
0.000000
0.000000
0.000000
1.612080
0.000000
0.000000
0.000000
0.000000
0.000000
0.000000
1.178840
2.168428
0.000000
1.304430
0.000000
0.000000
0.000000
0.000000
0.000000
0.000000
0.000000
0.000000
0.000000
1.518223
0.000000
0.000000
2.014508
0.000000
0.000000
1.258823
0.207147
0.000000
0.000000
0.000000
0.000000
0.000000
0.000000
0.000000
0.000000
0.000000
0.000000
1.355156
0.000000
0.000000
0.000000
0.000000
0.000000
0.000000
0.000000
0.000000
0.000000
0.000000
0.000000
0.000000
0.000000
0.000000
0.000000
0.000000
0.000000
0.000000
0.000000
0.123325
1.045460
0.388779
0.000000
0.971907
0.000000
0.000000
0.000000
0.000000
0.000000
0.000000
0.024725
0.000000
0.000000
0.000000
0.000000
0.000000
0.897589
0.000000
0.000000
0.029264
0.000000
0.000000
0.000000
0.000000
0.000000
0.000000
0.000000
0.000000
2.747817
0.000000
0.000000
0.000000
1.861754
0.000000
0.000000
0.000000
0.000000
0.000000
0.000000
0.000000
0.426449
0.000000
0.000000
0.000000
0.000000
0.205145
0.550844
0.000000
0.000000
0.000000
0.865892
0.000000
0.000000
0.000000
0.000000
0.000000
0.000000
0.000000
0.000000
0.000000
0.000000
0.000000
0.000000
0.000000
0.000000
0.000000
0.056241
0.000000
0.471816
0.000000
0.000000
0.000000
1.665548
0.000000
0.000000
0.000000
0.000000
0.000000
0.000000
0.000000
2.467732
0.000000
0.000000
0.000000
0.000000
1.276872
0.239597
0.000000
0.565755
0.000000
0.000000
0.000000
0.389129
0.000000
0.000000
0.000000
0.000000
0.000000
0.342549
0.000000
1.102839
0.000000
1.565284
0.000000
1.438155
0.000000
0.000000
0.000000
0.000000
0.000000
0.000000
0.785349
0.000000
0.000000
3.028752
0.000000
0.000000
0.000000
0.000000
0.000000
0.314657
0.609416
0.000000
0.000000
0.000000
0.000000
0.000000
0.000000
0.000000
0.000000
0.000000
0.000000
0.000000
0.000000
0.000000
0.000000
0.000000
0.000000
0.000000
0.000000
0.977929
0.000000
0.000000
1.655449
0.000000
0.000000
0.000000
0.000000
0.014669
0.000000
0.000000
0.316823
1.899721
0.000000
0.000000
0.000000
0.000000
0.000000
0.000000
2.362619
0.000000
0.000000
0.000000
0.000000
0.000000
0.000000
0.000000
0.000000
0.000000
0.000000
0.000000
0.000000
0.000000
0.000000
1.972532
0.000000
0.000000
0.000000
0.000000
0.000000
0.000000
0.000000
0.000000
0.000000
0.000000
0.000000
0.154318
0.000000
0.000000
0.000000
0.983894
0.000000
0.000000
0.613939
0.000000
0.000000
0.000000
0.743734
0.000000
0.000000
0.000000
0.000000
0.000000
0.000000
0.000000
0.000000
0.000000
0.000000
0.000000
0.000000
0.000000
0.000000
0.000000
0.000000
0.000000
0.000000
0.000000
0.000000
0.000000
0.000000
0.000000
0.000000
0.000000
0.839330
0.000000
0.734568
0.000000
0.000000
0.000000
0.000000
0.000000
0.707289
3.325645
0.000000
0.000000
0.000000
0.000000
0.000000
0.000000
0.000000
0.839418
0.000000
0.000000
0.000000
0.000000
0.252871
0.000000
0.000000
0.000000
0.000000
0.000000
0.604523
0.000000
0.000000
0.000000
0.000000
0.000000
0.872469
0.000000
0.000000
0.000000
0.000000
1.478690
1.020365
0.106763
0.000000
0.000000
0.000000
0.000000
0.000000
0.153592
0.000000
0.000000
0.000000
0.000000
0.000000
0.000000
0.000000
0.000000
0.589901
0.000000
1.809769
0.045101
0.004956
1.787328
0.000000
0.000000
0.000000
0.122518
0.000000
0.000000
0.000000
0.000000
0.000000
0.485134
0.869074
0.000000
0.000000
0.000000
0.000000
0.000000
0.000000
0.059123
0.000000
0.000000
0.000000
0.000000
0.000000
0.000000
0.000000
0.000000
0.000000
0.000000
0.000000
0.000000
0.000000
0.000000
0.000000
0.000000
0.000000
0.000000
0.000000
0.000000
0.000000
0.000000
0.000000
0.000000
0.000000
0.000000
0.000000
0.000000
0.000000
0.000000
0.000000
0.000000
0.000000
1.163259
0.000000
0.000000
0.000000
0.000000
0.101363
0.000000
0.000000
0.000000
0.000000
0.000000
0.000000
0.000000
0.000000
0.000000
0.000000
0.961229
0.000000
0.000000
0.000000
0.000000
0.411967
0.000000
0.000000
0.000000
0.000000
0.600976
0.000000
0.000000
0.000000
0.000000
0.000000
0.141456
0.000000
0.000000
0.000000
0.000000
0.000000
0.000000
0.021579
0.000000
0.000000
0.000000
0.000000
0.000000
0.000000
0.000000
0.000000
0.000000
0.904007
0.000000
0.000000
0.000000
0.000000
0.000000
0.000000
2.319884
0.000000
0.000000
0.000000
0.000000
1.513444
0.000000
0.000000
0.000000
0.000000
0.000000
0.183289
0.000000
0.000000
0.000000
0.000000
0.000000
0.154536
0.000000
0.000000
0.000000
0.000000
0.000000
0.000000
1.006551
0.000000
0.000000
0.000000
0.000000
0.000000
0.000000
0.000000
0.000000
0.000000
1.132089
0.000000
0.000000
0.000000
0.190995
0.588750
0.000000
0.000000
0.000000
0.000000
0.000000
0.000000
0.000000
0.000000
0.000000
0.000000
0.000000
0.000000
0.000000
0.000000
0.000000
0.401902
0.000000
0.000000
0.000000
0.000000
0.000000
0.000000
0.000000
0.476910
0.000000
0.000000
1.388535
0.000000
0.000000
0.000000
0.000000
0.000000
0.000000
0.000000
0.000000
0.000000
0.000000
0.000000
0.000000
0.000000
0.000000
0.000000
0.000000
0.000000
0.000000
0.000000
0.000000
0.000000
0.000000
0.086493
0.000000
0.000000
0.000000
1.099889
0.000000
0.011872
0.000000
0.000000
0.000000
0.000000
0.000000
0.000000
0.000000
0.000000
0.000000
0.000000
0.000000
0.000000
1.370015
0.000000
0.009121
1.435768
0.000000
0.000000
1.851614
0.000000
0.000000
1.207181
0.000000
0.000000
0.000000
0.000000
0.000000
0.000000
0.000000
0.000000
0.000000
0.000000
0.000000
0.000000
0.000000
0.000000
2.130351
0.353911
0.708830
0.000000
0.000000
0.377505
0.000000
0.000000
0.000000
1.325876
0.000000
2.337280
0.000000
0.000000
0.325792
0.000000
0.000000
0.000000
0.000000
0.000000
0.000000
0.000000
0.000000
0.000000
0.000000
0.000000
5.347561
0.000000
0.000000
0.000000
0.000000
0.000000
0.000000
0.000000
0.000000
0.000000
0.000000
0.000000
0.000000
0.000000
0.000000
0.000000
0.000000
0.000000
0.000000
0.000000
0.000000
0.912244
0.000000
0.000000
0.000000
0.000000
2.020217
0.000000
0.000000
0.000000
0.000000
0.376217
0.000000
0.000000
0.000000
0.000000
0.000000
0.000000
1.427501
0.000000
0.000000
0.000000
0.000000
0.000000
0.000000
0.000000
0.000000
0.000000
0.914874
0.233734
0.000000
0.000000
0.613698
0.423312
0.000000
0.000000
0.000000
0.000000
0.000000
2.799963
0.000000
0.000000
0.000000
0.000000
0.000000
0.000000
0.000000
0.000000
0.000000
0.000000
0.000000
0.000000
0.000000
0.000000
0.000000
0.000000
0.000000
0.000000
0.000000
0.000000
0.000000
0.000000
0.000000
0.342329
0.000000
0.000000
0.000000
0.000000
0.000000
0.110766
0.000000
0.000000
0.000000
0.000000
1.110740
0.000000
0.000000
0.000000
0.000000
0.000000
0.000000
0.878907
0.000000
0.000000
0.000000
0.000000
0.000000
0.000000
0.000000
0.000000
0.000000
0.000000
0.000000
0.000000
0.000000
0.000000
0.000000
1.565380
0.000000
0.000000
0.000000
0.363041
0.000000
0.607493
0.000000
0.000000
0.000000
0.712054
0.000000
0.286611
0.000000
0.000000
0.000000
0.000000
0.000000
0.000000
0.000000
0.898781
0.000000
0.000000
0.000000
0.000000
0.000000
1.323740
0.025218
0.000000
0.000000
0.000000
0.000000
0.670315
0.000000
0.000000
0.000000
0.000000
0.000000
0.000000
2.297473
0.000000
0.000000
0.000000
0.000000
0.000000
1.058777
0.000000
0.000000
1.166092
0.000000
0.000000
0.000000
0.000000
0.000000
0.000000
0.000000
0.000000
0.000000
0.000000
0.000000
0.000000
0.000000
0.000000
0.000000
0.000000
0.000000
0.000000
0.000000
0.323791
0.000000
0.000000
0.000000
0.456350
0.000000
0.000000
0.000000
2.118168
1.015069
0.000000
0.000000
0.000000
1.022036
0.000000
0.000000
0.000000
0.000000
0.000000
0.142407
0.000000
3.492210
0.000000
0.000000
0.000000
0.000000
0.000000
1.080080
0.000000
0.000000
0.000000
0.000000
0.000000
0.000000
0.000000
0.000000
0.000000
0.000000
0.000000
0.000000
0.000000
0.000000
0.000000
0.000000
0.000000
0.000000
0.000000
0.000000
0.000000
0.000000
0.753164
0.000000
1.126405
0.000000
0.000000
0.000000
0.000000
0.000000
0.954208
0.000000
1.509103
0.000000
0.000000
0.787848
0.000000
0.000000
0.000000
0.000000
0.000000
0.265935
0.000000
0.115044
0.000000
0.000000
1.675022
0.000000
0.000000
0.851466
0.000000
0.000000
0.000000
0.000000
0.000000
0.000000
0.000000
0.000000
0.000000
0.477192
0.661481
0.000000
2.268038
0.000000
0.000000
0.000000
0.000000
0.585385
0.000000
1.325551
0.000000
0.000000
0.000000
1.085218
0.000000
0.000000
0.000000
1.498251
0.000000
0.000000
0.000000
0.000000
0.942940
0.000000
0.000000
0.000000
0.000000
0.000000
0.000000
0.076389
0.000000
0.000000
1.777278
0.000000
0.000000
0.000000
0.000000
0.000000
0.000000
0.000000
0.000000
0.178566
0.000000
0.000000
1.486886
0.000000
0.000000
0.154969
0.000000
0.000000
0.000000
0.000000
0.000000
0.000000
0.000000
0.864873
0.000000
0.000000
0.051758
0.000000
0.000000
0.000000
0.000000
0.000000
0.000000
0.000000
0.000000
0.000000
0.000000
0.000000
0.000000
0.916129
0.832686
0.000000
0.000000
0.000000
0.000000
0.000000
3.476635
0.000000
1.690851
0.000000
0.000000
0.000000
0.000000
3.407260
0.000000
0.000000
0.000000
0.000000
0.962815
0.000000
0.000000
0.031454
0.296930
2.672701
0.000000
2.047295
0.000000
0.000000
0.000000
0.000000
0.000000
2.339188
6.160406
1.069008
0.000000
0.000000
0.018730
0.000000
0.000000
0.000000
0.000000
0.690977
0.000000
0.000000
0.000000
0.000000
0.000000
0.000000
0.000000
0.000000
0.000000
0.000000
0.000000
0.000000
0.000000
0.000000
0.000000
0.000000
1.763088
0.000000
0.000000
0.000000
0.000000
0.000000
0.706112
0.042581
0.000000
0.000000
0.000000
0.000000
0.000000
0.000000
1.043443
0.128649
0.000000
2.163241
0.000000
0.000000
0.000000
0.000000
0.000000
0.000000
0.000000
0.000000
0.000000
0.000000
0.000000
0.000000
0.000000
0.000000
0.000000
0.000000
0.000000
0.000000
0.000000
0.362494
0.000000
0.000000
0.000000
0.266339
0.000000
0.000000
0.000000
0.000000
0.000000
0.462212
0.000000
0.000000
0.000000
0.000000
0.000000
1.414895
0.327714
0.000000
0.000000
0.000000
0.000000
0.000000
0.072484
0.000000
0.000000
0.492110
0.000000
0.000000
0.000000
4.186523
0.000000
0.000000
0.000000
0.000000
0.000000
0.000000
0.189826
0.000000
1.510428
0.000000
0.000000
0.000000
0.000000
0.000000
0.000000
0.000000
0.000000
0.000000
0.000000
0.000000
0.268886
0.000000
1.980490
0.576412
0.000000
0.000000
0.000000
0.000000
0.000000
1.766776
1.787143
0.000000
0.336280
0.000000
0.000000
0.000000
0.000000
1.772503
0.000000
0.000000
0.000000
0.000000
0.000000
0.000000
0.000000
0.000000
0.217160
0.000000
0.272178
0.000000
0.000000
0.000000
0.000000
0.000000
0.000000
0.000000
0.000000
0.000000
0.000000
0.000000
0.000000
0.197609
0.000000
0.000000
0.000000
0.000000
0.000000
1.078783
0.000000
0.000000
0.000000
0.000000
0.000000
0.618430
2.639075
0.602453
0.000000
0.000000
0.000000
0.000000
0.785588
0.000000
0.000000
0.000000
0.000000
0.000000
0.000000
0.104595
0.000000
0.000000
0.846155
0.000000
0.000000
0.000000
0.000000
0.000000
0.000000
0.000000
0.000000
0.344053
0.000000
0.000000
0.000000
0.000000
0.000000
0.600507
0.000000
0.000000
0.000000
0.000000
0.000000
0.000000
0.000000
0.000000
0.000000
0.000000
0.000000
2.693013
0.000000
0.000000
0.172100
0.000000
0.000000
0.000000
0.173674
0.000000
0.000000
2.162715
1.305148
0.000000
0.227591
0.000000
0.000000
0.000000
1.113740
0.000000
0.393815
0.000000
0.000000
1.993353
0.000000
0.000000
0.022572
0.000000
0.000000
0.129781
0.000000
0.000000
0.000000
0.000000
0.000000
0.000000
0.000000
0.000000
0.000000
0.000000
0.000000
0.000000
0.000000
0.000000
0.000000
0.000000
0.000000
0.000000
0.000000
0.433117
0.000000
0.000000
0.000000
0.000000
0.000000
0.000000
0.569638
0.000000
0.000000
0.000000
0.000000
0.000000
0.819615
0.000000
0.000000
0.366935
0.000000
0.000000
0.000000
0.000000
0.000000
0.000000
0.000000
0.000000
0.000000
0.000000
0.000000
0.000000
3.466044
0.000000
0.139980
0.000000
0.000000
0.000000
0.000000
0.197722
0.000000
0.000000
0.000000
0.000000
0.000000
0.000000
0.000000
0.000000
0.000000
0.000000
0.000000
0.000000
0.000000
0.000000
0.000000
0.000000
1.459158
0.000000
0.000000
0.000000
0.000000
0.000000
0.000000
0.000000
0.000000
0.000000
0.000000
0.755591
0.000000
0.000000
0.000000
0.000000
0.078382
0.607636
0.000000
0.878496
0.000000
0.000000
0.412436
0.687874
0.000000
0.675638
0.000000
1.639590
0.000000
2.161427
0.000000
2.302468
0.000000
0.000000
0.000000
1.029438
0.027136
0.000000
0.000000
0.000000
0.000000
0.738416
0.000000
0.000000
0.000000
0.000000
0.000000
0.000000
0.000000
0.205688
0.000000
0.000000
0.356204
0.000000
0.000000
0.000000
0.000000
0.000000
0.000000
0.000000
0.000000
0.000000
0.000000
0.000000
2.774467
0.000000
0.000000
0.000000
0.000000
0.379662
0.000000
0.000000
0.000000
0.000000
0.000000
0.000000
0.000000
0.000000
0.749977
0.000000
0.000000
0.000000
1.993562
0.000000
0.068310
0.000000
0.000000
0.000000
0.000000
0.000000
1.690981
0.000000
0.000000
0.280740
0.000000
0.000000
0.000000
0.000000
0.000000
0.000000
0.000000
0.000000
0.000000
0.582336
0.000000
0.000000
0.609254
0.000000
0.000000
0.000000
0.000000
0.000000
0.000000
0.000000
0.245583
0.000000
0.000000
0.000000
0.000000
0.000000
0.000000
0.000000
0.000000
0.000000
0.820894
0.000000
1.641939
0.000000
0.000000
0.000000
0.000000
0.000000
0.000000
0.000000
0.000000
0.000000
0.000000
0.000000
0.000000
0.000000
0.000000
0.029439
0.000000
0.000000
0.000000
0.000000
0.000000
0.000000
0.000000
0.655914
0.000000
0.000000
0.000000
0.000000
0.000000
0.000000
0.000000
0.000000
0.000000
0.000000
1.816743
0.000000
0.000000
0.000000
0.000000
0.000000
0.000000
0.000000
0.000000
0.432840
0.000000
0.000000
0.000000
0.812128
1.074014
0.000000
0.000000
0.000000
0.000000
0.000000
0.000000
0.000000
0.000000
0.129829
0.000000
0.000000
0.000000
0.000000
0.000000
0.000000
0.000000
0.191643
2.050882
0.000000
0.000000
0.000000
0.000000
0.000000
2.735722
0.617466
0.000000
0.000000
0.000000
0.596705
0.771197
0.000000
0.000000
0.369544
0.986278
0.152308
0.000000
0.000000
0.000000
0.618747
0.000000
0.000000
2.047338
0.000000
0.000000
0.000000
0.000000
0.000000
0.000000
1.018136
0.000000
0.000000
0.570750
0.000000
0.000000
0.000000
0.000000
0.000000
0.043596
0.000000
0.000000
0.000000
0.000000
0.197153
1.038075
0.000000
0.000000
0.000000
0.000000
0.000000
0.000000
0.000000
0.000000
2.042608
0.000000
0.000000
0.000000
0.000000
0.000000
0.000000
0.000000
0.000000
0.000000
0.530343
0.000000
0.000000
0.000000
0.000000
0.000000
0.000000
0.000000
1.418687
0.000000
0.000000
0.000000
0.000000
0.000000
0.000000
0.000000
0.563210
0.000000
0.000000
0.000000
0.000000
0.227501
0.000000
0.000000
0.000000
0.000000
0.000000
0.000000
0.000000
0.000000
0.000000
0.000000
0.227155
0.000000
0.000000
0.000000
0.000000
0.000000
0.008362
0.000000
0.000000
0.000000
0.000000
0.000000
0.000000
0.000000
0.000000
0.000000
0.000000
0.000000
0.000000
1.203076
0.000000
0.000000
0.000000
0.000000
0.000000
0.000000
2.425610
0.868623
0.000000
0.000000
0.000000
0.000000
0.000000
0.000000
0.000000
0.000000
0.000000
0.000000
1.481088
0.000000
0.000000
0.000000
0.000000
0.000000
0.000000
0.000000
0.038201
0.000000
0.000000
0.000000
0.000000
0.000000
0.000000
1.446574
0.000000
0.000000
0.000000
1.695885
0.000000
0.609503
0.000000
0.805993
0.000000
0.000000
0.000000
0.000000
0.000000
0.000000
0.000000
0.836998
0.834305
0.000000
0.000000
0.000000
0.000000
0.000000
1.892451
0.577508
0.000000
0.000000
0.000000
0.000000
1.133135
0.000000
0.103576
0.000000
0.000000
0.428588
0.127662
0.000000
0.000000
0.000000
0.000000
0.000000
0.360952
0.000000
0.000000
0.000000
0.000000
0.000000
0.000000
0.026885
0.000000
0.000000
0.000000
0.000000
0.000000
0.000000
0.000000
0.000000
0.000000
0.000000
0.000000
0.025866
1.268077
0.000000
0.000000
0.000000
0.000000
0.000000
0.000000
0.000000
0.000000
2.778974
0.000000
0.000000
0.000000
0.913658
0.000000
0.000000
0.000000
0.000000
0.546482
0.140116
0.000000
0.000000
0.000000
0.000000
0.000000
1.386251
0.000000
0.000000
1.729581
0.844711
0.000000
0.413138
0.000000
0.000000
1.140049
0.000000
0.000000
0.000000
0.449879
0.000000
0.000000
0.000000
2.112759
0.000000
0.000000
0.000000
0.000000
0.000000
0.000000
0.047501
0.000000
0.000000
0.000000
0.000000
0.000000
0.604166
2.019724
0.199693
0.000000
0.000000
0.000000
0.000000
0.000000
2.104156
0.000000
0.000000
0.000000
0.000000
0.968082
0.000000
0.000000
0.222320
0.000000
0.102194
0.000000
0.000000
0.000000
2.506173
0.000000
0.000000
0.000000
0.000000
0.000000
0.000000
0.407807
0.000000
0.000000
0.003262
0.000000
0.965558
0.000000
0.000000
1.225670
0.000000
0.162986
0.000000
0.000000
0.179077
0.000000
0.000000
0.079062
0.000000
0.000000
0.515493
0.000000
0.339687
0.000000
0.000000
0.000000
0.000000
0.000000
0.000000
0.000000
0.000000
0.000000
0.000000
0.000000
0.962213
0.000000
0.000000
0.000000
0.000000
0.620068
0.000000
0.000000
0.611246
0.000000
0.000000
0.000000
0.000000
0.000000
0.000000
0.000000
0.345240
0.000000
0.000000
0.000000
0.658142
0.000000
0.000000
0.000000
0.000000
0.000000
0.000000
0.000000
0.000000
0.000000
0.000000
0.000000
0.000000
0.000000
0.594824
0.000000
0.000000
0.000000
0.000000
0.000000
0.000000
0.000000
0.000000
0.000000
0.000000
0.000000
0.000000
0.000000
0.160013
0.000000
0.000000
0.000000
0.000000
0.000000
0.442827
0.000000
1.510029
0.000000
0.000000
0.000000
0.000000
1.076729
0.000000
0.000000
0.558930
0.000000
0.000000
0.000000
0.000000
0.000000
0.000000
1.816092
0.000000
0.000000
0.000000
0.000000
0.000000
0.000000
0.922660
0.000000
0.732450
0.000000
0.000000
0.000000
0.000000
0.000000
0.000000
0.000000
0.233650
0.000000
0.000000
0.013294
0.000000
0.000000
0.000000
0.000000
0.000000
0.000000
0.359903
0.340108
0.000000
0.000000
0.000000
0.409747
0.000000
0.000000
0.000000
0.000000
0.000000
0.000000
0.000000
0.000000
0.000000
0.000000
0.000000
0.000000
0.329334
0.549870
0.000000
0.000000
0.839522
0.000000
0.000000
0.000000
0.000000
0.000000
0.000000
1.635098
0.000000
0.000000
0.000000
0.000000
0.000000
0.000000
0.000000
0.000000
0.000000
0.000000
0.000000
0.000000
0.000000
0.000000
0.000000
0.000000
0.000000
0.000000
0.000000
0.000000
0.000000
0.000000
0.000000
0.000000
0.000000
0.586709
0.000000
0.000000
0.000000
0.000000
0.000000
1.631838
0.000000
0.000000
0.000000
0.000000
0.375067
0.591698
0.000000
0.000000
0.000000
0.000000
0.000000
0.000000
0.000000
1.930901
0.000000
1.946248
0.000000
0.217211
0.000000
0.000000
0.000000
0.000000
0.000000
0.000000
0.830791
0.630289
0.000000
0.000000
0.000000
0.109906
0.000000
1.766502
0.346227
0.429721
0.000000
0.000000
0.000000
0.000000
0.000000
0.000000
0.000000
0.000000
0.000000
0.000000
0.000000
0.000000
0.000000
0.060622
0.000000
0.000000
0.000000
0.000000
0.000000
0.000000
1.731045
0.000000
0.000000
0.000000
0.000000
0.000000
0.441047
0.205891
0.000000
0.000000
0.000000
0.186486
0.000000
0.731336
0.000000
1.314962
0.891546
0.714496
0.000000
0.475923
0.000000
0.000000
0.000000
0.000000
0.000000
0.000000
0.000000
0.000000
0.000000
0.000000
0.000000
0.178001
0.455783
0.000000
0.000000
0.000000
2.447673
0.000000
0.000000
2.813355
0.000000
0.444275
0.000000
0.323675
0.000000
0.000000
0.000000
0.000000
0.000000
0.000000
0.000000
0.000000
0.000000
0.000000
0.000000
0.000000
0.000000
1.765369
0.000000
0.000000
0.000000
0.000000
0.000000
0.000000
0.000000
0.000000
0.000000
0.000000
0.000000
1.514654
0.000000
0.000000
0.000000
0.000000
0.000000
0.218822
2.284106
0.966398
0.000000
0.000000
1.139274
0.288659
0.000000
0.000000
0.000000
0.000000
0.000000
0.000000
0.000000
0.000000
0.000000
0.000000
1.259874
0.000000
0.000000
0.000000
0.000000
0.000000
0.000000
0.000000
0.000000
0.000000
0.000000
0.000000
0.000000
0.000000
1.437052
0.000000
0.000000
0.000000
0.000000
0.000000
0.000000
0.000000
0.000000
0.081802
0.000000
0.000000
0.000000
0.000000
0.088573
0.000000
0.000000
0.000000
0.532199
0.000000
0.000000
0.000000
0.000000
0.000000
0.000000
0.000000
0.000000
1.254813
0.674725
0.000000
0.000000
0.047790
0.621922
1.588265
0.000000
0.000000
3.136067
0.000000
0.000000
0.597062
0.000000
0.000000
0.000000
0.501374
0.000000
0.572277
0.000000
0.000000
1.502117
0.000000
0.000000
0.000000
0.000000
0.000000
0.000000
0.000000
0.353845
0.000000
0.000000
0.000000
0.000000
0.000000
0.000000
0.000000
0.000000
0.000000
0.000000
1.909279
0.000000
0.000000
0.000000
0.000000
0.000000
0.000000
0.000000
0.000000
0.000000
0.000000
0.000000
0.000000
1.065842
0.000000
0.000000
0.000000
0.000000
0.000000
0.000000
0.000000
0.550654
0.000000
0.000000
0.000000
0.000000
0.000000
0.365129
0.000000
0.000000
0.000000
0.000000
0.000000
0.000000
0.000000
0.000000
1.094341
0.000000
0.000000
0.000000
0.000000
0.000000
0.000000
1.704844
0.462493
0.000000
0.000000
0.725270
0.000000
0.000000
0.496313
0.000000
1.236635
2.422535
0.000000
0.000000
0.000000
0.000000
0.000000
0.000000
0.000000
1.492719
0.414824
0.000000
0.000000
1.275354
0.000000
0.000000
0.224926
0.000000
0.000000
0.000000
0.000000
0.000000
0.000000
0.000000
0.341913
0.000000
0.000000
0.000000
0.000000
0.690618
0.000000
0.000000
0.000000
0.192724
0.000000
0.000000
0.000000
0.447398
0.000000
0.000000
0.000000
0.000000
1.726497
0.000000
0.000000
0.000000
0.000000
0.000000
0.000000
0.000000
2.178283
2.518657
0.000000
0.539579
0.000000
0.110544
0.803661
0.000000
0.000000
0.000000
0.000000
0.000000
0.428191
1.077569
1.939854
0.159835
0.000000
0.000000
0.000000
1.448780
0.000000
0.000000
0.000000
0.000000
0.000000
0.000000
0.227481
0.000000
0.000000
0.391973
0.000000
0.000000
0.000000
0.000000
0.000000
0.000000
0.429484
0.000000
0.000000
0.000000
1.273561
0.078355
0.000000
0.970954
0.000000
0.000000
0.000000
0.000000
0.000000
0.000000
1.018858
0.000000
0.000000
0.000000
0.000000
0.000000
0.000000
0.000000
0.000000
0.000000
0.000000
0.767768
0.979722
0.000000
0.000000
0.000000
0.000000
0.000000
0.554464
0.000000
0.927921
0.000000
0.000000
0.000000
0.000000
0.008162
0.000000
0.000000
1.019281
0.000000
0.561023
0.000000
0.697978
0.000000
0.000000
0.000000
0.000000
0.000000
0.000000
0.000000
0.000000
0.000000
0.000000
0.000000
0.000000
0.000000
0.000000
0.000000
0.000000
0.000000
0.000000
0.000000
0.000000
1.172620
0.000000
0.906837
0.000000
0.000000
0.000000
0.000000
0.000000
0.000000
0.938677
1.995648
0.517448
0.000000
0.000000
0.000000
0.000000
0.000000
0.000000
0.000000
0.000000
0.000000
0.000000
0.000000
0.000000
0.000000
0.000000
0.000000
0.021774
0.000000
0.000000
0.000000
0.000000
0.258807
0.000000
0.000000
0.000000
0.000000
0.000000
0.000000
0.000000
0.000000
0.000000
0.000000
0.000000
0.000000
0.605269
0.000000
0.000000
0.000000
0.754434
0.140578
0.000000
0.000000
0.000000
0.000000
0.746811
0.000000
0.000000
0.000000
0.000000
0.000000
0.104418
0.000000
0.000000
0.000000
0.000000
0.000000
0.000000
0.000000
0.000000
0.000000
0.000000
0.000000
0.000000
0.000000
0.000000
0.000000
0.335074
0.000000
0.000000
0.000000
0.000000
0.000000
0.000000
0.000000
0.000000
0.000000
0.000000
0.000000
0.000000
0.000000
0.000000
0.000000
0.000000
0.000000
0.000000
0.000000
0.000000
0.000000
0.000000
0.000000
0.000000
0.000000
0.000000
0.000000
0.000000
0.000000
0.000000
0.000000
0.000000
0.230018
0.000000
0.000000
0.000000
0.000000
0.000000
0.041355
0.000000
0.000000
0.000000
0.000000
0.000000
0.360635
0.000000
0.000000
0.164613
0.000000
0.000000
0.000000
0.000000
0.000000
0.000000
3.609919
0.000000
0.000000
0.000000
0.000000
0.705839
0.000000
0.000000
0.000000
3.163440
0.000000
0.000000
2.088409
0.000000
0.000000
0.000000
0.000000
0.000000
0.000000
0.140586
0.000000
0.000000
0.000000
0.000000
0.000000
0.395611
0.000000
0.000000
1.181073
0.000000
0.000000
0.000000
0.000000
0.000000
0.000000
0.000000
0.000000
0.000000
0.000000
1.071687
1.366923
0.000000
0.000000
0.000000
0.000000
0.000000
0.667855
0.000000
0.000000
0.000000
