0.000000
1.008741
0.000000
0.000000
0.000000
0.000000
0.000000
0.000000
0.000000
0.014948
0.000000
0.000000
0.000000
0.404828
0.000000
0.154139
0.000000
0.000000
0.000000
0.972436
0.434445
0.000000
0.000000
0.307553
0.000000
0.000000
1.219329
0.000000
0.102749
0.000000
0.347191
1.406038
0.000000
0.000000
0.000000
0.000000
0.000000
0.161758
1.814746
0.000000
0.000000
0.000000
0.694407
0.000000
0.000000
0.000000
0.000000
0.000000
2.871670
0.287295
1.203985
0.955720
0.000000
0.000000
0.000000
0.000000
0.000000
2.854438
0.366492
0.000000
0.447310
0.000000
0.000000
0.868740
0.000000
0.000000
0.000000
0.000000
0.000000
3.119887
0.000000
0.000000
0.000000
0.000000
0.785762
0.000000
0.000000
0.000000
0.000000
0.000000
0.000000
0.357781
0.000000
0.463203
0.254823
0.000000
0.000000
0.000000
0.000000
0.000000
0.983947
0.158784
0.000000
0.119134
0.000000
0.000000
0.000000
0.145553
0.000000
0.000000
0.000000
0.000000
0.204185
0.000000
0.000000
0.000000
1.363757
0.021507
0.000000
0.373605
0.000000
0.000000
0.000000
0.000000
0.000000
0.000000
0.000000
0.000000
0.000000
0.000000
0.000000
0.000000
0.000000
0.052278
0.000000
0.000000
0.000000
0.000000
0.000000
0.251802
0.000000
0.000000
1.193135
1.151950
0.400759
0.452573
0.963358
0.000000
0.000000
0.000000
0.000000
0.908780
0.000000
0.000000
0.000000
0.000000
0.000000
0.000000
0.000000
0.000000
0.000000
0.000000
0.000000
0.000000
0.184860
0.000000
0.000000
1.460886
0.000000
0.000000
0.000000
0.158674
0.000000
0.091086
0.000000
0.884714
0.404498
0.000000
0.000000
0.000000
0.000000
0.000000
0.000000
0.000000
0.000000
0.000000
1.929485
0.000000
0.000000
0.000000
0.000000
0.000000
0.000000
0.000000
0.000000
0.000000
0.000000
0.000000
0.000000
0.000000
0.000000
0.000000
0.000000
0.000000
0.000000
0.000000
0.326041
0.000000
0.000000
0.000000
0.000000
0.000000
0.000000
0.000000
0.000000
0.000000
0.228566
0.000000
0.000000
0.000000
0.000000
0.000000
0.000000
0.660123
0.000000
0.000000
0.000000
0.000000
0.987432
0.000000
0.000000
1.712602
0.000000
0.000000
1.421089
0.000000
0.000000
0.000000
0.000000
0.000000
0.000000
0.000000
0.000000
0.000000
0.000000
0.000000
0.000000
0.000000
0.000000
0.000000
0.000000
0.000000
0.499382
0.000000
0.000000
0.000000
0.000000
0.000000
0.000000
0.000000
0.000000
0.000000
0.000000
0.343309
0.000000
0.490648
0.362243
0.000000
0.000000
0.011982
0.364795
0.000000
0.000000
0.000000
0.175816
0.144070
0.000000
0.000000
0.000000
0.000000
0.912942
0.000000
0.182560
0.000000
0.000000
0.000000
0.000000
0.000000
0.000000
0.000000
0.000000
0.522660
0.000000
1.932992
0.000000
0.000000
0.000000
0.000000
0.000000
0.000000
0.000000
0.102677
0.000000
0.000000
0.000000
0.000000
0.000000
0.000000
0.000000
0.141908
0.000000
0.000000
0.000000
0.000000
0.009534
0.000000
0.000000
0.559177
0.000000
0.000000
0.000000
0.000000
0.000000
0.037289
0.000000
0.000000
0.000000
0.000000
0.000000
0.000000
0.301493
0.000000
0.000000
0.000000
1.323179
0.000000
0.000000
0.046140
0.095574
0.000000
0.000000
0.000000
0.000000
0.000000
0.937175
0.000000
0.000000
0.000000
0.000000
0.000000
0.000000
0.000000
0.000000
0.612936
0.000000
0.000000
0.000000
0.000000
0.000000
0.000000
0.000000
0.000000
0.000000
0.000000
0.266752
0.367531
0.052125
0.000000
0.000000
0.000000
0.000000
0.083713
1.471726
0.000000
1.870180
0.000000
0.000000
0.000000
0.000000
0.000000
0.000000
0.000000
0.000000
0.000000
0.000000
0.000000
0.000000
0.000000
0.000000
1.018579
0.000000
0.000000
0.552277
0.000000
0.000000
0.000000
0.000000
0.312795
0.000000
0.886997
0.000000
0.000000
0.000000
0.000000
0.000000
0.000000
0.000000
0.000000
0.000000
0.496698
0.000000
0.000000
0.000000
1.982800
0.000000
0.000000
0.000000
0.000000
0.126309
3.220315
0.067941
0.000000
0.000000
0.211981
0.000000
1.341610
0.000000
1.643651
0.086834
0.000000
0.000000
0.000000
0.000000
0.505945
0.000000
0.000000
0.000000
0.000000
0.000000
0.000000
0.000000
0.641906
0.000000
0.000000
0.000000
0.000000
0.000000
0.000000
0.000000
0.000000
0.000000
0.000000
0.000000
0.345044
0.205302
0.000000
2.934862
1.279791
0.418603
0.121220
0.000000
0.000000
0.000000
1.584802
0.206344
0.000000
3.341369
0.217192
0.000000
0.000000
1.650876
0.000000
0.000000
0.000000
0.000000
0.000000
0.000000
0.000000
0.000000
0.000000
0.000000
0.000000
0.000000
0.000000
0.000000
0.000000
0.000000
0.000000
0.000000
0.000000
0.000000
0.000000
0.000000
0.000000
1.870278
0.000000
0.457720
0.000000
0.585542
0.000000
0.000000
0.000000
0.000000
0.000000
0.369964
0.000000
0.000000
0.000000
0.753058
0.419688
0.000000
0.000000
2.674952
0.000000
0.000000
0.000000
0.000000
0.000000
0.000000
0.023730
0.000000
0.726464
0.000000
0.865729
0.000000
0.000000
0.000000
0.000000
0.000000
0.000000
0.000000
0.000000
0.000000
0.000000
1.172054
0.000000
0.000000
0.000000
0.000000
0.000000
1.509956
0.000000
0.000000
0.000000
0.000000
0.000000
0.000000
0.675557
0.000000
0.000000
0.000000
0.000000
0.000000
0.458847
0.000000
0.000000
0.000000
0.000000
0.000000
2.147249
0.000000
0.000000
0.904314
1.418775
0.000000
0.000000
0.000000
0.000000
0.000000
0.982464
0.236191
2.490969
0.000000
0.000000
0.000000
0.000000
0.000000
0.832678
0.000000
0.000000
0.000000
0.152767
1.379771
0.000000
0.000000
0.000000
0.000000
1.664065
0.000000
0.000000
0.000000
0.000000
0.725174
0.000000
0.000000
0.740936
0.000000
0.435397
0.000000
0.000000
0.000000
0.000000
0.000000
0.460793
0.352203
0.000000
0.000000
0.802931
5.113542
0.000000
0.000000
0.000000
0.000000
0.000000
0.000000
0.000000
0.000000
0.000000
0.000000
0.221469
0.000000
0.001588
0.000000
0.548797
0.000000
0.435605
0.000000
0.000000
0.000000
0.000000
0.000000
0.000000
0.000000
0.761625
0.000000
0.000000
0.000000
0.000000
0.375746
0.000000
0.000000
0.000000
1.852548
0.000000
0.000000
0.000000
0.000000
0.000000
0.000000
1.152970
0.000000
0.000000
0.000000
1.583889
0.609089
0.000000
0.000000
0.000000
0.000000
0.000000
0.000000
0.000000
0.000000
1.525893
0.000000
0.000000
0.000000
0.000000
0.000000
0.322587
0.000000
0.000000
0.000000
0.000000
0.000000
0.000000
0.000000
0.000000
0.000000
0.000000
0.000000
0.000000
0.000000
0.109063
0.000000
0.913543
0.524303
0.000000
0.000000
0.000000
0.000000
0.000000
0.000000
0.000000
0.000000
0.000000
0.000000
0.000000
1.026527
0.000000
0.000000
1.477516
0.000000
0.000000
0.000000
0.000000
0.000000
0.000000
0.214038
0.000000
0.000000
0.085394
0.000000
0.000000
0.000000
0.000000
0.000000
0.187592
0.162025
0.729681
0.000000
0.000000
0.018597
0.000000
0.000000
0.000000
0.000000
0.000000
0.000000
0.000000
0.000000
0.000000
0.517184
0.000000
0.000000
0.000000
0.252421
0.000000
0.000000
0.000000
0.000000
0.000000
1.108375
0.000000
0.000000
0.000000
0.000000
1.238284
0.000000
0.000000
0.285155
0.045068
0.000000
0.714038
1.006584
0.205843
2.091171
0.000000
0.795509
0.000000
0.000000
0.000000
0.000000
0.488929
0.000000
0.000000
0.000000
0.000000
0.000000
3.462909
0.000000
0.000000
0.000000
0.000000
0.449385
0.000000
0.000000
0.066875
0.000000
0.358623
0.000000
0.000000
0.000000
0.000000
0.000000
0.000000
0.013467
0.000000
0.000000
0.000000
0.000000
0.000000
3.249964
0.000000
0.000000
0.000000
0.000000
0.000000
0.000000
0.000000
0.000000
0.000000
0.000000
0.000000
0.788642
0.000000
0.000000
0.000000
0.000000
2.599312
1.051371
0.000000
0.000000
0.000000
0.000000
0.131632
0.000000
0.000000
0.000000
0.000000
0.000000
0.000000
0.000000
0.518750
0.000000
0.000000
0.000000
0.789035
0.000000
0.000000
0.000000
0.000000
0.378517
0.000000
0.000000
0.000000
1.809640
0.000000
0.000000
0.000000
0.000000
0.000000
0.000000
0.000000
1.434266
0.000000
0.000000
0.000000
0.000000
0.000000
0.500831
0.656454
0.000000
0.000000
0.559123
0.000000
0.000000
1.570795
0.864002
0.000000
0.000000
0.000000
0.154358
0.198994
3.142502
0.000000
0.000000
0.000000
0.000000
3.227166
0.000000
0.000000
0.000000
0.000000
0.000000
0.000000
0.186687
0.000000
0.000000
0.000000
0.000000
0.000000
0.000000
0.000000
0.000000
0.000000
0.000000
0.000000
0.000000
0.000000
0.000000
0.000000
0.564997
0.000000
0.000000
0.000000
0.000000
0.978126
0.000000
0.000000
0.000000
0.000000
0.000000
0.000000
0.000000
1.128665
0.000000
0.000000
0.000000
0.000000
0.000000
0.000000
0.000000
0.000000
0.000000
0.000000
0.000000
0.000000
0.122096
0.000000
0.000000
0.000000
0.000000
0.499630
0.000000
1.306913
0.000000
0.000000
1.725557
0.000000
0.000000
0.973564
0.000000
0.000000
1.518466
0.000000
0.000000
0.000000
0.000000
0.268437
0.643211
0.000000
0.000000
0.000000
0.000000
0.302049
0.445824
0.000000
0.508426
0.000000
0.000000
0.000000
0.352979
0.000000
0.000000
0.873439
1.892416
0.000000
0.000000
0.227123
0.000000
0.000000
0.000000
0.877400
0.000000
0.000000
0.000000
0.000000
3.372689
0.000000
0.000000
0.000000
0.000000
0.000000
0.000000
0.663955
0.000000
0.014379
0.000000
0.836593
0.000000
0.000000
0.321616
0.000000
0.000000
0.000000
0.000000
0.000000
1.287137
0.000000
0.000000
0.000000
0.605467
0.068553
0.000000
0.182207
0.000000
0.000000
0.000000
0.000000
0.000000
0.000000
0.000000
0.000000
0.000000
0.000000
0.000000
0.000000
0.000000
3.600959
0.000000
0.329304
0.000000
0.000000
0.000000
0.000000
1.729038
0.000000
0.000000
0.000000
0.000000
0.000000
0.000000
0.000000
0.135176
0.000000
0.471567
0.000000
0.000000
0.000000
2.536253
1.719317
0.000000
0.000000
0.000000
0.000000
0.000000
0.000000
0.000000
0.000000
0.000000
0.000000
0.000000
0.139569
0.000000
0.000000
0.552643
0.000000
1.642427
0.000000
0.314357
0.000000
0.000000
0.408979
0.000000
0.000000
0.000000
0.000000
0.000000
0.000000
0.000000
0.000000
0.000000
0.000000
0.000000
1.089528
0.000000
0.000000
1.233172
0.000000
0.000000
0.000000
0.000000
0.000000
0.000000
0.122349
0.304582
0.000000
0.000000
1.960501
0.000000
0.000000
0.257129
0.948822
0.000000
0.000000
0.313928
0.000000
0.000000
0.728411
0.000000
0.000000
0.000000
0.843630
0.000000
0.000000
0.000000
0.000000
0.000000
0.000000
1.643911
0.099785
0.000000
0.000000
0.000000
0.000000
0.000000
0.000000
0.986722
0.110725
0.000000
0.000000
2.034350
0.000000
0.000000
0.000000
0.000000
0.000000
0.452066
0.000000
0.340151
0.000000
0.000000
0.000000
0.000000
1.273808
0.000000
0.000000
0.592655
0.400487
0.000000
0.000000
0.000000
0.613967
0.000000
0.688737
0.000000
1.835958
0.000000
0.000000
0.511165
0.000000
0.000000
0.000000
0.000000
0.000000
0.492015
0.000000
0.000000
0.000000
0.000000
0.637047
1.569839
0.000000
0.000000
0.000000
0.000000
0.000000
0.000000
0.000000
0.805897
0.000000
0.000000
0.000000
0.000000
0.000000
0.000000
0.000000
0.000000
0.000000
0.097190
0.000000
0.000000
0.000000
0.000000
0.000000
0.000000
0.000000
1.053807
0.000000
0.000000
0.000000
0.000000
0.145390
0.000000
0.000000
0.000000
0.261577
0.000000
0.000000
0.000000
0.000000
0.000000
0.000000
0.000000
0.000000
0.170139
0.000000
0.000000
0.713093
0.000000
0.000000
2.406962
0.000000
0.000000
0.000000
0.111627
0.000000
0.000000
1.067234
0.000000
0.000000
0.000000
0.360020
0.000000
0.012170
1.070999
0.000000
0.000000
0.000000
0.000000
0.000000
0.221779
0.000000
1.061338
0.061020
0.000000
0.073129
0.000000
0.000000
2.297306
0.000000
0.000000
0.191248
0.000000
0.000000
0.000000
0.000000
0.000000
0.000000
0.000000
0.000000
2.060244
0.000000
3.320318
0.036614
1.442056
0.000000
0.000000
0.000000
0.000000
0.513115
0.000000
0.000000
0.000000
0.699829
0.000000
0.000000
0.000000
0.000000
0.000000
0.000000
0.254808
0.000000
1.550474
0.000000
0.000000
0.000000
0.000000
0.000000
0.000000
0.000000
0.000000
0.000000
0.000000
0.000000
0.000000
0.000000
0.000000
2.804377
0.379629
0.418499
0.000000
0.000000
0.000000
0.000000
0.000000
0.000000
0.064749
0.125843
0.000000
0.000000
0.000000
0.000000
1.038641
0.000000
0.000000
0.842731
0.000000
0.000000
0.586638
0.000000
0.000000
0.000000
0.000000
0.000000
0.000000
0.000000
0.000000
0.000000
0.553241
0.000000
0.000000
0.000000
0.000000
0.000000
0.000000
0.000000
0.000000
0.000000
0.000000
0.000000
0.000000
0.000000
0.077751
0.000000
0.000000
0.000000
0.000000
0.000000
0.000000
0.000000
0.000000
0.000000
0.000000
0.000000
0.000000
0.000000
0.000000
0.000000
0.000000
0.000000
0.000000
0.000000
0.000000
0.000000
0.000000
0.000000
0.000000
0.000000
0.000000
0.000000
0.000000
0.000000
1.887263
0.000000
2.589558
0.000000
0.000000
0.000000
0.000000
1.587602
0.000000
0.000000
0.000000
0.000000
0.000000
0.000000
0.000000
0.000000
0.000000
0.840643
0.000000
0.000000
0.079840
0.000000
0.000000
0.343475
0.000000
0.042816
1.495583
0.010585
0.000000
0.000000
2.069618
0.000000
1.953293
0.000000
1.997112
0.000000
0.000000
0.000000
0.000000
0.000000
0.000000
0.000000
0.000000
0.000000
0.000000
0.000000
0.000000
0.000000
0.322131
0.000000
1.338477
0.000000
0.000000
0.000000
0.000000
0.000000
0.000000
1.148598
0.000000
0.000000
0.000000
0.000000
0.000000
2.468063
0.000000
0.000000
0.000000
0.459121
0.280842
0.000000
0.000000
0.000000
0.000000
0.000000
0.000000
0.045211
0.316461
0.000000
0.515202
0.000000
0.000000
0.000000
0.000000
0.000000
0.430789
0.000000
0.000000
0.000000
0.321121
0.000000
1.048725
0.000000
0.756623
0.000000
0.000000
0.835720
0.000000
0.000000
0.122785
0.000000
0.000000
0.000000
0.000000
0.000000
0.000000
0.000000
0.946953
0.000000
0.000000
0.000000
0.000000
0.000000
0.947886
0.000000
0.000000
0.000000
0.000000
0.000000
0.135610
0.000000
0.000000
0.000000
0.000000
0.000000
0.000000
0.000000
0.225197
0.000000
0.000000
0.000000
0.000000
0.000000
0.047252
0.000000
0.000000
0.000000
0.000000
0.000000
0.287599
0.000000
0.000000
0.000000
0.190782
0.000000
0.467218
0.000000
0.000000
0.000000
0.000000
0.000000
1.124047
0.000000
0.000000
0.074856
0.000000
0.000000
0.000000
0.000000
0.000000
0.000000
0.573142
0.000000
0.000000
0.000000
0.000000
0.000000
0.000000
0.530985
0.160117
0.000000
0.000000
0.000000
0.000000
0.000000
0.000000
0.000000
0.000000
1.455180
0.000000
0.000000
0.437002
0.000000
0.000000
0.000000
0.090829
0.000000
0.000000
0.000000
0.000000
0.541718
0.000000
0.000000
0.922909
0.000000
0.000000
0.000000
0.000000
1.904250
1.846065
0.000000
0.000000
0.000000
0.000000
0.000000
0.000000
1.231774
0.000000
0.000000
0.000000
0.000000
0.000000
0.000000
2.079261
0.000000
0.000000
0.003641
0.000000
0.000000
2.101222
3.412755
0.854424
0.000000
1.734163
0.000000
0.000000
0.573561
0.000000
0.000000
0.000000
0.000000
0.389645
0.000000
0.019809
0.000000
0.000000
0.096847
2.169830
0.000000
0.259215
0.000000
0.000000
0.000000
0.000000
0.000000
0.000000
0.000000
0.000000
0.870625
0.000000
0.000000
0.000000
0.000000
0.000000
0.000000
0.000000
0.000000
0.000000
0.000000
0.000000
1.972420
0.762136
0.000000
0.000000
0.627713
0.000000
0.528940
0.000000
0.000000
0.000000
1.319376
0.000000
0.000000
0.000000
0.000000
1.740991
0.325684
0.000000
0.861511
0.000000
0.000000
0.836922
0.000000
0.019846
0.000000
0.000000
0.000000
0.000000
0.000000
0.000000
0.000000
0.000000
1.636222
0.736875
0.000000
0.000000
0.000000
0.000000
0.000000
0.881282
1.204094
0.930453
0.000000
0.000000
0.000000
0.811201
0.000000
0.000000
0.000000
0.000000
0.130374
0.000000
1.694488
0.000000
0.000000
0.000000
0.000000
0.000000
0.000000
0.000000
0.000000
0.000000
2.549080
0.000000
1.281669
0.217724
0.498320
0.000000
0.000000
0.085079
0.000000
0.424212
0.000000
0.000000
1.872653
0.000000
0.000000
0.000000
2.075991
0.000000
1.390670
2.145050
0.000000
0.000000
0.000000
0.000000
0.000000
0.051184
0.000000
0.078571
0.219780
0.000000
3.626233
0.000000
0.000000
0.000000
0.000000
0.000000
0.239266
0.000000
0.000000
0.000000
0.000000
1.663634
0.000000
0.000000
0.000000
0.000000
1.174338
0.000000
0.297498
1.793512
0.088999
1.234718
0.504570
0.000000
0.000000
0.000000
0.000000
0.747130
0.000000
0.000000
0.000000
0.000000
0.000000
0.000000
0.000000
0.000000
0.000000
0.000000
0.000000
0.000000
0.228689
0.000000
0.000000
0.013380
0.000000
0.000000
0.000000
0.000000
0.000000
0.000000
0.000000
0.000000
0.000000
0.000000
0.832345
0.000000
0.000000
0.000000
0.000000
0.000000
0.000000
0.000000
0.000000
0.000000
0.000000
0.724619
0.539782
0.000000
0.000000
0.000000
0.000000
0.000000
0.000000
0.000000
0.000000
0.000000
0.524341
0.000000
0.000000
0.000000
0.000000
0.000000
0.000000
0.000000
0.000000
0.000000
0.000000
1.135197
0.000000
0.000000
0.566382
0.104129
0.000000
0.130869
0.000000
0.000000
0.000000
0.000000
0.000000
0.960223
3.344487
0.846733
0.000000
1.209737
0.000000
0.325440
0.000000
0.000000
1.363802
0.160050
0.000000
0.000000
0.000000
0.000000
0.369390
0.000000
0.000000
0.000000
0.000000
0.000000
0.000000
0.000000
0.000000
0.000000
0.000000
1.078179
0.000000
0.000000
0.000000
0.670057
1.355981
1.559697
0.000000
0.000000
0.000000
0.000000
0.000000
0.000000
0.000000
0.000000
0.345944
0.000000
0.000000
0.662501
0.000000
0.856726
0.000000
1.299065
0.000000
0.089024
0.520012
0.136351
0.292989
0.000000
0.000000
0.000000
0.223938
0.000000
0.000000
0.000000
0.836511
0.000000
2.102009
0.904216
0.000000
0.000000
0.000000
0.000000
0.000000
0.000000
0.000000
0.000000
0.000000
0.000000
0.000000
3.014664
0.000000
0.000000
0.000000
0.000000
0.000000
0.000000
0.000000
0.000000
0.000000
0.000000
0.000000
0.000000
0.000000
0.000000
0.000000
0.232772
0.000000
0.000000
0.000000
0.061455
0.000000
0.234492
0.000000
0.000000
0.000000
0.000000
0.000000
0.000000
0.000000
0.000000
1.050098
0.000000
0.000000
1.434494
0.000000
0.000000
0.000000
0.000000
0.000000
0.000000
0.000000
1.692916
0.000000
0.000000
0.562706
0.000000
0.000000
0.005423
0.000000
0.000000
0.973424
0.000000
0.000000
0.000000
0.000000
0.000000
0.468338
0.000000
0.000000
0.000000
0.000000
0.000000
0.140302
0.000000
0.000000
0.000000
0.000000
0.000000
0.000000
0.000000
0.000000
0.000000
0.000000
0.000000
0.000000
0.000000
0.000000
0.422783
0.000000
0.000000
0.000000
0.380412
0.000000
0.000000
1.068640
0.000000
0.000000
0.000000
0.000000
1.439325
0.000000
0.000000
0.000000
0.000000
0.540088
0.000000
0.000000
1.118877
0.000000
0.000000
0.000000
0.000000
0.000000
0.000000
0.000000
0.000000
0.000000
0.000000
0.764088
0.000000
0.000000
0.000000
0.000000
0.000000
0.000000
0.000000
0.000000
0.000000
3.213253
0.000000
0.000000
2.253536
0.000000
0.000000
0.000000
0.000000
0.000000
0.000000
0.000000
0.000000
0.000000
0.000000
1.044267
0.000000
0.888114
0.000000
0.000000
0.000000
0.338133
0.498884
0.252993
0.000000
0.000000
0.000000
0.000000
0.000000
0.000000
0.320724
0.000000
0.000000
1.590518
0.145970
0.000000
0.000000
0.000000
0.000000
0.000000
0.000000
0.000000
0.414639
0.000000
0.000000
0.000000
0.000000
0.000000
0.000000
0.000000
0.000000
0.000000
0.000000
0.000000
0.000000
0.000000
0.000000
0.000000
0.000000
0.000000
0.430987
0.000000
0.000000
0.000000
0.000000
1.045118
0.000000
0.494841
0.000000
0.000000
0.000000
0.000000
0.000000
0.000000
0.961256
0.323020
0.000000
0.000000
3.629512
0.000000
0.000000
1.670012
0.517557
0.000000
0.000000
0.000000
0.000000
0.114669
0.000000
0.000000
0.000000
0.000000
0.000000
0.000000
0.000000
0.554881
0.000000
0.000000
0.000000
0.612718
0.000000
0.000000
0.000000
0.116692
0.464352
0.000000
0.000000
0.000000
0.000000
0.000000
0.000000
0.000000
0.000000
0.046887
0.000000
0.000000
0.000000
0.000000
0.107393
0.000000
0.000000
0.000000
0.000000
0.000000
0.000000
4.122321
0.000000
0.000000
0.825956
0.000000
0.000000
0.000000
0.000000
0.000000
0.000000
0.000000
0.000000
0.000000
0.000000
0.000000
0.000000
0.000000
0.015518
0.000000
0.000000
0.000000
0.569857
1.726818
0.000000
0.000000
0.000000
0.639501
0.000000
0.000000
0.370792
0.000000
0.000000
0.276063
0.000000
0.000000
0.000000
0.000000
1.353835
0.362224
0.000000
0.000000
0.000000
0.000000
0.000000
0.000000
0.000000
0.000000
0.804380
0.143851
0.000000
0.000000
0.000000
0.405985
3.989652
0.000000
0.000000
0.000000
0.000000
0.000000
0.125575
0.000000
0.000000
0.000000
0.000000
0.000000
0.000000
0.000000
0.000000
0.000000
0.000000
0.000000
0.000000
0.000000
0.000000
0.000000
0.000000
0.000000
0.000000
0.000000
0.000000
0.246565
0.000000
0.000000
2.385096
0.000000
0.000000
0.000000
0.000000
0.000000
0.000000
0.000000
0.000000
0.000000
0.000000
0.667882
0.000000
0.000000
1.032625
0.000000
0.706688
0.174797
0.000000
0.000000
1.401939
0.000000
0.000000
0.000000
0.000000
0.000000
0.000000
0.000000
0.000000
0.000000
0.000000
0.000000
0.000000
0.601433
3.020541
0.000000
0.159368
0.000000
0.000000
0.000000
0.000000
0.000000
0.000000
0.000000
0.000000
0.000000
0.225694
0.000000
0.000000
0.000000
0.000000
0.000000
0.449741
0.000000
0.690389
0.000000
0.397198
0.000000
0.000000
0.000000
0.000000
1.686113
0.806704
0.000000
0.000000
0.000000
0.000000
0.000000
0.000000
0.000000
0.000000
0.000000
0.000000
1.013650
0.000000
0.000000
0.000000
0.000000
1.145980
0.000000
0.000000
0.000000
0.478888
0.000000
0.000000
0.000000
0.000000
0.000000
0.000000
0.000000
0.000000
0.000000
0.000000
0.000000
0.000000
0.000000
0.000000
0.000000
0.000000
0.000000
0.000000
0.000000
0.000000
0.000000
0.000000
0.000000
0.000000
0.151449
0.000000
0.000000
0.423860
0.000000
0.652974
0.000000
0.000000
0.389897
0.000000
0.000000
0.058041
0.000000
0.000000
0.000000
0.000000
0.967553
0.000000
0.648930
0.000000
0.503825
0.000000
0.000000
0.088159
0.000000
0.000000
0.000000
0.000000
0.000000
0.000000
1.214471
0.000000
0.000000
0.000000
0.000000
0.000000
0.000000
0.000000
0.000000
0.000000
0.000000
0.000000
0.000000
0.000000
0.000000
0.000000
0.000000
0.000000
0.000000
0.000000
0.877096
0.000000
0.000000
0.000000
0.000000
0.125846
0.000000
0.000000
0.000000
0.000000
0.000000
0.000000
0.000000
0.613572
0.343655
0.000000
0.000000
0.000000
0.000000
0.000000
0.000000
0.000000
1.135777
0.000000
0.000000
0.000000
0.000000
0.000000
0.000000
1.479215
0.445713
0.000000
0.000000
0.450271
0.000000
1.420197
0.000000
0.000000
0.000000
0.000000
0.000000
0.000000
0.000000
0.000000
0.000000
0.014530
0.000000
0.000000
0.348783
0.000000
2.037302
0.000000
0.000000
0.000000
0.000000
0.623985
0.942190
0.000000
0.000000
0.000000
0.000000
0.000000
0.057729
0.000000
0.000000
0.000000
0.000000
0.000000
0.000000
0.000000
0.000000
0.000000
0.000000
0.000000
0.667947
0.000000
0.000000
0.670079
0.419420
0.000000
0.000000
0.096060
0.000000
0.000000
0.218037
0.000000
0.000000
0.023743
0.000000
0.000000
0.000000
0.000000
0.000000
0.000000
0.102864
1.903052
1.392818
0.000000
0.000000
0.000000
0.000000
0.000000
0.000000
0.000000
0.000000
0.000000
0.000000
0.000000
0.000000
0.000000
0.000000
2.798215
0.000000
1.453697
0.000000
0.000000
0.000000
0.000000
3.558844
0.000000
0.000000
0.000000
0.000000
0.000000
0.000000
1.377649
0.511973
0.000000
0.000000
0.000000
0.000000
0.000000
0.000000
0.000000
0.000000
0.914823
0.862680
2.020200
0.689528
0.000000
0.000000
0.000000
0.000000
0.000000
0.335541
0.000000
2.281364
0.000000
0.000000
0.641700
0.000000
0.000000
0.000000
0.000000
0.000000
0.000000
0.000000
0.000000
0.000000
0.000000
0.000000
0.000000
0.635162
1.459903
0.000000
0.000000
0.000000
0.000000
0.000000
0.000000
0.244092
0.000000
0.000000
0.000000
0.000000
0.000000
0.000000
0.000000
0.990458
0.000000
0.000000
0.000000
0.000000
0.000000
0.000000
0.000000
0.000000
0.000000
0.000000
0.000000
0.000000
0.000000
0.000000
0.000000
0.000000
0.000000
0.000000
0.000000
0.000000
0.558104
0.663220
0.000000
0.000000
0.000000
0.000000
0.000000
0.000000
0.000000
0.000000
0.166104
0.000000
0.000000
0.000000
1.402376
0.997833
0.000000
1.470395
0.168565
0.000000
0.000000
0.000000
0.127170
0.000000
0.000000
0.000000
0.814544
0.000000
0.000000
0.000000
0.000000
4.039771
0.000000
0.208205
0.000000
0.000000
0.000000
0.000000
0.000000
0.000000
1.912686
0.000000
0.000000
0.169482
0.000000
0.000000
0.000000
0.000000
0.000000
0.000000
0.000000
0.000000
0.000000
0.000000
0.000000
2.015580
0.000000
0.155897
0.000000
0.000000
0.000000
1.232835
0.305863
0.000000
0.000000
0.000000
0.029043
0.000000
0.000000
0.345538
0.000000
0.000000
0.000000
0.000000
0.877151
0.000000
0.000000
0.000000
1.751908
0.000000
0.000000
0.000000
0.000000
0.434493
0.000000
0.000000
0.720412
0.316398
0.000000
0.469905
0.000000
0.000000
0.000000
0.000000
1.141435
0.000000
0.380141
0.922528
0.665311
1.363375
2.616106
0.000000
0.000000
0.000000
0.000000
0.380051
0.742224
0.000000
0.000000
0.000000
0.000000
0.000000
0.000000
0.000000
0.000000
0.000000
0.000000
0.000000
0.786039
0.000000
0.000000
0.329974
0.000000
0.218228
0.000000
0.000000
0.000000
0.000000
0.000000
0.972789
0.000000
0.000000
0.000000
0.000000
0.000000
0.000000
0.040039
0.957502
0.000000
0.000000
0.000000
0.000000
0.940952
0.477823
0.000000
0.000000
0.000000
0.614879
0.000000
0.428313
0.000000
0.000000
2.378927
0.000000
0.000000
0.000000
0.000000
0.000000
0.000000
0.000000
0.000000
0.000000
0.060893
0.000000
0.000000
0.000000
0.550538
0.000000
0.000000
0.174443
0.000000
2.702126
0.000000
0.000000
0.000000
0.000000
0.000000
0.000000
0.000000
0.000000
0.000000
0.000000
0.000000
0.000000
0.000000
0.000000
0.000000
0.000000
0.000000
0.000000
0.000000
0.000000
0.000000
0.000000
0.000000
0.000000
0.000000
0.000000
0.000000
0.000000
0.000000
0.000000
0.000000
0.000000
0.000000
0.000000
0.000000
0.000000
0.664126
1.710526
0.350564
0.000000
0.000000
0.000000
0.000000
0.000000
0.000000
0.000000
0.000000
0.000000
0.000000
0.000000
0.316993
0.360259
0.000000
0.000000
3.780553
0.799776
0.769136
0.205004
0.000000
0.000000
0.440675
0.000000
0.000000
0.000000
0.000000
0.000000
0.000000
0.000000
0.000000
0.000000
0.000000
0.000000
0.000000
0.000000
0.000000
0.000000
0.000000
0.000000
1.754197
0.000000
0.000000
0.000000
0.000000
0.000000
0.000000
0.000000
0.000000
0.093236
0.000000
1.952725
1.642995
0.000000
0.000000
0.000000
0.000000
3.090637
0.000000
0.310223
0.000000
0.000000
0.000000
0.000000
0.000000
1.328858
0.000000
0.430923
0.657159
2.079184
0.000000
3.562152
0.000000
0.000000
0.000000
1.775102
0.000000
0.000000
0.650336
0.000000
0.343322
0.000000
0.000000
0.000000
0.000000
0.000000
0.000000
0.000000
0.000000
2.413020
0.253208
0.000000
0.000000
0.270782
0.081723
0.000000
0.000000
0.000000
0.000000
0.000000
0.000000
0.000000
0.000000
0.000000
1.397735
0.884360
0.000000
0.730463
0.000000
0.000000
0.000000
0.000000
0.000000
0.000000
0.000000
0.000000
0.000000
0.000000
0.309948
0.000000
0.000000
0.000000
1.893542
0.000000
0.000000
0.000000
0.000000
0.000000
0.000000
0.585827
0.370158
0.000000
0.000000
0.978791
0.000000
0.000000
0.654134
0.000000
0.000000
0.000000
0.000000
0.000000
1.319585
0.428286
0.000000
0.000000
0.060046
0.000000
0.000000
0.000000
0.000000
0.000000
0.000000
0.000000
0.000000
0.000000
0.369345
0.497043
0.000000
2.564481
0.000000
0.000000
0.131914
0.000000
0.874771
0.000000
0.000000
0.000000
0.000000
0.000000
0.000000
0.000000
0.000000
0.000000
0.000000
0.000000
0.000000
0.000000
0.000000
0.000000
0.000000
0.000000
1.455684
0.000000
0.000000
0.131981
0.000000
0.000000
0.000000
0.122793
0.000000
0.000000
0.000000
0.000000
0.000000
0.000000
0.000000
0.000000
0.000000
0.069953
3.413043
0.000000
0.000000
0.000000
0.000000
0.000000
0.000000
0.000000
0.000000
0.000000
0.000000
0.000000
0.000000
0.490490
1.528624
0.000000
0.000000
0.000000
0.000000
0.000000
0.000000
0.000000
0.000000
0.200821
0.000000
0.000000
0.000000
0.974244
0.000000
0.000000
0.000000
0.000000
1.172078
1.375583
0.000000
0.000000
0.000000
0.000000
2.390050
0.084207
0.014503
0.000000
0.000000
0.548884
0.000000
0.000000
0.000000
2.221313
0.000000
0.000000
0.291757
0.000000
0.000000
0.000000
0.000000
0.000000
0.910372
0.000000
0.000000
0.000000
0.000000
0.000000
0.000000
0.000000
0.000000
0.000000
0.463887
0.000000
0.000000
0.000000
0.000000
0.000000
0.869333
0.000000
0.000000
0.000000
0.000000
0.539512
0.000000
0.000000
0.000000
0.442736
0.744311
0.000000
0.000000
0.000000
0.000000
0.000000
0.000000
0.000000
0.000000
0.009551
0.000000
0.000000
0.078567
0.000000
1.900589
0.000000
0.000000
0.000000
0.391599
0.000000
0.000000
0.000000
0.000000
2.011979
0.000000
0.000000
0.000000
0.000000
0.000000
0.000000
0.564906
0.000000
0.000000
0.076376
0.000000
0.000000
0.000000
0.000000
0.000000
0.000000
0.000000
0.000000
0.000000
0.000000
0.421447
0.000000
0.000000
0.079401
0.000000
0.000000
1.086292
0.623596
0.000000
0.000000
0.000000
0.000000
0.000000
0.000000
0.115033
0.000000
0.000000
0.000000
0.000000
0.000000
0.000000
0.000000
0.000000
2.031332
0.000000
0.000000
0.000000
0.000000
0.000000
2.121423
0.000000
0.000000
0.000000
0.000000
0.000000
0.511989
0.000000
0.151921
0.574049
0.000000
0.000000
0.000000
0.000000
0.000000
0.000000
0.000000
0.000000
0.000000
0.000000
1.962120
0.000000
0.000000
0.597845
0.000000
0.000000
0.000000
0.000000
0.000000
0.000000
0.000000
0.122954
0.000000
0.231791
0.000000
0.206317
0.000000
0.000000
0.000000
0.000000
0.000000
0.000000
0.000000
0.592844
0.378728
0.000000
0.000000
0.000000
0.000000
0.000000
0.000000
0.571787
3.206181
0.000000
0.000000
0.000000
0.950515
0.000000
0.000000
0.610043
0.000000
0.989120
0.000593
0.000000
0.000000
0.000000
0.272497
0.000000
1.326698
0.000000
0.000000
0.000000
0.000000
0.000000
0.000000
0.000000
0.000000
0.000000
0.000000
0.000000
0.007570
0.000000
0.000526
0.000000
0.000000
0.000000
0.000000
1.161302
1.049280
0.000000
0.000000
0.000000
0.000000
0.000000
0.000000
0.000000
0.000000
3.611800
0.000000
0.000000
0.000000
0.000000
0.000000
0.000000
0.000000
0.000000
0.000000
0.000000
1.435297
0.000000
0.000000
0.000000
0.000000
0.856020
0.000000
0.000000
0.663618
1.761857
0.000000
0.000000
0.000000
0.000000
0.451161
0.000000
0.000000
0.000000
0.000000
0.000000
0.000000
0.000000
0.000000
0.000000
0.000000
0.000000
0.000000
0.000000
0.000000
0.000000
0.000000
0.000000
1.067194
0.000000
0.000000
0.000000
3.480643
0.000000
0.000000
0.000000
0.000000
0.000000
0.000000
0.103319
0.000000
0.000000
0.000000
0.000000
1.565780
0.000000
0.000000
0.000000
0.000000
0.000000
0.000000
0.000000
1.095519
2.091086
0.000000
0.000000
0.000000
0.000000
0.000000
0.000000
1.041839
0.000000
0.000000
0.000000
0.495253
0.000000
0.000000
0.000000
0.869975
0.215838
0.000000
0.000000
0.000000
0.000000
0.000000
0.000000
0.000000
0.000000
0.000000
0.846838
0.000000
0.000000
0.000000
0.000000
1.130403
0.000000
0.000000
0.328830
0.000000
0.000000
0.000000
0.000000
0.000000
0.000000
0.000000
0.000000
0.000000
0.000000
0.000000
0.000000
0.177318
0.000000
0.000000
0.000000
0.000000
0.133474
0.000000
0.539974
0.000000
0.000000
0.000000
1.742811
0.000000
1.548228
0.000000
0.000000
0.000000
0.000000
0.000000
0.000000
0.000000
1.409855
0.000000
0.000000
0.000000
0.000000
0.000000
0.805392
0.000000
0.000000
0.000000
0.000000
0.000000
0.000000
0.000000
0.000000
0.000000
0.000000
0.000000
0.000000
0.000000
0.000000
0.463477
0.639148
0.000000
0.000000
0.000000
0.000000
0.000000
0.844355
0.000000
0.000000
0.000000
0.000000
0.734440
0.759751
0.424551
0.667065
0.000000
0.000000
0.000000
0.000000
0.000000
0.000000
2.018863
0.000000
0.000000
0.000000
0.425882
0.000000
0.000000
0.686947
0.000000
0.000000
0.000000
0.000000
0.000000
0.000000
0.000000
0.000000
1.439900
0.492374
0.000000
0.000000
0.844907
0.220728
0.000000
0.874888
0.000000
0.000000
0.000000
1.082139
0.000000
0.000000
0.000000
0.000000
0.000000
0.000000
0.000000
0.000000
0.000000
0.000000
0.791166
0.000000
0.000000
0.000000
0.000000
0.000000
0.282277
0.000000
0.000000
0.000000
0.000000
0.000000
0.000000
0.000000
0.000000
0.000000
0.000000
0.000000
1.051449
0.000000
0.000000
0.000000
0.000000
0.035321
0.000000
0.000000
0.000000
0.000000
0.000000
0.000000
0.000000
0.350736
0.000000
0.000000
0.000000
0.000000
0.000000
0.000000
0.000000
0.000000
0.000000
3.706632
0.000000
0.000000
0.000000
0.000000
0.000000
0.000000
0.071675
0.000000
0.000000
0.000000
0.852670
0.000000
0.000000
0.000000
0.011968
0.000000
0.999850
0.000000
0.000000
0.000000
0.000000
0.000000
0.436469
0.000000
0.881005
0.000000
1.243986
1.742550
0.000000
0.000000
0.000000
0.000000
0.000000
1.959558
0.000000
0.000000
0.438674
0.000000
0.835029
0.000000
0.000000
1.410137
1.798954
0.000000
0.000000
0.000000
0.000000
0.000000
0.000000
0.000000
0.000000
0.000000
0.000000
0.000000
0.000000
0.000000
0.160969
0.000000
0.000000
0.000000
1.159843
0.397196
0.000000
1.122396
0.000000
0.000000
0.000000
0.345140
0.000000
3.029576
0.270082
0.000000
0.000000
0.000000
0.000000
0.000000
0.670311
0.000000
0.054370
1.224489
1.680991
0.568749
1.522404
0.000000
0.000000
0.000000
0.000000
0.000000
0.000000
0.183849
0.000000
0.000000
0.000000
0.000000
0.420868
0.000000
0.000000
0.000000
0.000000
1.539842
0.000000
0.000000
0.000000
0.000000
0.000000
1.642234
0.000000
0.000000
0.000000
0.000000
0.128614
0.000000
0.000000
0.801382
0.000000
0.000000
0.000000
0.000000
0.000000
0.908328
1.604278
0.000000
0.000000
0.000000
0.000000
0.000000
0.000000
0.000000
0.000000
0.000000
0.000000
0.000000
1.658408
0.000000
0.000000
1.465251
0.000000
0.000000
0.623481
0.000000
0.639764
0.000000
0.000000
0.000000
0.000000
0.000000
0.000000
0.000000
0.000000
0.000000
0.000000
0.000000
0.000000
0.000000
0.000000
1.484597
0.000000
0.000000
0.000000
0.000000
0.000000
0.000000
0.000000
0.000000
0.000000
0.000000
0.000000
0.000000
0.000000
0.050212
0.000000
0.000000
0.521192
0.268779
0.021189
0.000000
0.058378
0.000000
0.000000
0.000000
0.000000
0.000000
0.000000
0.095523
0.000000
0.000000
0.000000
0.104110
0.041934
0.000000
0.000000
0.000000
0.000000
0.068095
0.000000
0.000000
0.233015
1.310878
0.000000
0.000000
0.000000
0.000000
2.319283
0.000000
0.000000
2.380454
0.000000
0.000000
0.000000
0.000000
0.000000
0.000000
0.000000
0.000000
0.000000
0.000000
0.000000
1.029019
0.000000
1.221832
0.000000
0.000000
0.000000
0.000000
0.000000
0.584436
0.000000
0.000000
0.000000
0.000000
0.000000
0.243481
0.826523
0.000000
0.000000
0.000000
0.000000
0.000000
0.000000
0.000000
0.000000
0.000000
0.000000
0.000000
0.000000
0.000000
0.000000
0.000000
0.000000
0.485412
0.000000
0.041274
0.000000
0.000000
0.000000
0.000000
0.049841
0.330558
0.000000
0.000000
0.000000
0.000000
0.000000
0.209870
0.000000
0.000000
0.000000
0.000000
0.000000
0.000000
0.000000
0.000000
0.589897
0.000000
0.000000
0.000000
0.000000
0.000000
0.000000
0.161253
1.468166
0.000000
0.000000
0.000000
0.000000
0.000000
1.476789
0.000000
0.000000
0.806145
0.000000
0.000000
0.000000
0.000000
0.000000
0.000000
0.000000
0.822062
0.000000
0.000000
0.000000
0.647200
0.000000
0.000000
0.000000
0.000000
0.000000
0.000000
0.000000
0.000000
0.094951
0.291646
0.000000
0.000000
0.000000
0.849430
0.000000
3.054801
0.000000
0.000000
0.000000
0.000000
0.000000
0.000000
0.000000
0.000000
0.000000
0.000000
0.000000
0.148038
0.000000
0.000000
0.000000
0.000000
0.000000
0.000000
0.000000
0.000000
2.777065
0.307524
1.866263
0.000000
0.000000
0.000000
0.000000
0.000000
0.000000
0.000000
0.000000
0.656236
0.517546
1.398516
2.040695
0.000000
0.000000
0.000000
0.570515
0.356291
0.000000
0.000000
0.043614
1.344754
0.000000
0.000000
0.956974
0.000000
0.000000
0.548033
0.043448
0.000000
0.000000
0.000000
0.000000
0.000000
0.000000
0.544780
0.000000
0.000000
0.085075
0.017994
1.316712
0.000000
0.157349
0.000000
0.297832
0.000000
0.000000
1.263198
0.000000
0.000000
0.000000
0.000000
0.000000
0.000000
1.332515
0.000000
0.000000
0.000000
0.000000
0.157956
0.000000
0.000000
0.000000
0.000000
0.000000
0.000000
0.000000
0.000000
0.000000
0.000000
0.000000
0.000000
0.000000
0.591199
0.000000
0.000000
0.000000
0.000000
0.000000
0.000000
0.204135
0.000000
0.143623
0.000000
0.000000
0.000000
0.000000
0.000000
0.000000
1.022302
1.109225
0.000000
0.685130
0.000000
0.000000
0.000000
0.000000
0.000000
0.000000
0.000000
0.000000
0.000000
0.000000
0.000000
0.405833
0.000000
0.000000
0.000000
0.679704
0.000000
0.825919
0.868931
0.346484
0.000000
0.000000
0.000000
0.000000
0.000000
1.615048
0.000000
0.000000
0.000000
0.813621
0.057731
0.722793
0.348516
0.000000
0.000000
0.000000
0.000000
0.000000
0.000000
0.000000
0.000000
0.000000
1.037849
0.228545
0.000000
0.000000
0.000000
0.000000
0.000000
0.000000
0.335763
0.000000
1.621153
0.561839
0.000000
0.000000
0.000000
0.774089
0.000000
0.000000
0.000000
0.000000
0.000000
0.236863
0.000000
0.000000
0.000000
0.329712
0.000000
0.000000
0.000000
0.121110
0.000000
0.673222
0.071663
0.000000
0.056724
0.000000
0.000000
1.690723
0.000000
0.000000
0.000000
0.000000
0.000000
0.000000
0.000000
0.000000
0.000000
0.000000
0.000000
0.000000
0.000000
0.000000
0.000000
0.000000
0.000000
0.000000
0.000000
0.000000
0.000000
0.000478
0.000000
0.000000
0.000000
0.026518
0.000000
0.000000
0.000000
0.440198
0.000000
0.000000
0.000000
0.000000
0.000000
0.000000
0.000000
0.000000
0.000000
0.000000
0.000000
0.000000
0.000000
0.000000
0.613176
0.000000
0.000000
0.000000
0.000000
0.000000
0.256016
0.792049
0.572585
0.000000
0.000000
0.000000
0.000000
0.000000
0.986778
0.367838
1.378272
0.000000
0.000000
0.000000
0.000000
0.491239
0.908760
1.831820
0.000000
3.390992
0.949454
0.058335
0.000000
0.623311
0.000000
0.000000
0.000000
0.000000
0.448156
0.248152
0.000000
0.000000
0.000000
0.000000
0.000000
0.000000
0.000000
0.000000
1.737715
0.000000
0.280559
0.000000
0.000000
0.000000
0.000000
0.000000
0.000000
0.000000
0.000000
0.178031
1.963094
0.000000
0.000000
0.000000
0.000000
0.000000
0.103939
0.000000
0.687756
0.000000
