0.000000
0.000000
0.000000
0.000000
0.000000
0.000000
0.000000
0.100462
0.000000
0.000000
0.000000
0.000000
0.000000
0.590196
0.000000
0.000000
0.000000
0.000000
0.000000
0.210547
0.000000
0.000000
0.000000
0.140023
1.659216
0.000000
0.986289
0.961713
0.534487
0.000000
0.000000
0.717784
0.000000
0.000000
1.298706
0.000000
0.000000
0.000000
2.032263
0.000000
0.199670
0.000000
0.742174
0.000000
0.000000
0.000000
0.000000
0.085175
2.615226
0.000000
1.759488
0.000000
0.000000
0.000000
0.000000
0.000000
0.000000
0.000000
0.000000
0.000000
0.000000
0.000000
0.000000
0.551199
0.000000
0.000000
0.000000
0.000000
0.000000
0.305506
0.000000
0.000000
0.000000
0.036805
0.739863
0.879507
0.000000
0.000000
0.000000
0.570176
0.000000
0.000000
0.000000
0.000000
0.000000
0.000000
0.000000
0.000000
0.000000
0.000000
0.000000
0.001265
0.000000
1.249272
0.000000
0.000000
0.000000
0.000000
0.000000
0.483662
0.000000
0.073630
0.000000
0.000000
0.000000
0.000000
0.000000
0.000000
1.784829
0.508885
0.000000
0.000000
0.000000
0.000000
0.000000
0.000000
0.000000
0.000000
0.130413
0.000000
0.000000
0.000000
0.000000
0.000000
0.000000
0.000000
0.000000
0.000000
0.000000
1.671697
0.000000
0.000000
0.000000
0.192128
0.789980
0.000000
0.000000
0.000000
0.000000
0.043698
0.000000
0.049261
0.722978
0.561450
0.872476
0.000000
0.000000
0.000000
0.214481
0.000000
0.000000
0.000000
0.000000
0.000000
0.780270
0.000000
0.000000
0.000000
0.000000
0.000000
0.000000
0.132417
0.000000
0.000000
0.000000
0.000000
0.000000
0.000000
0.000000
0.000000
0.000000
0.000000
0.000000
0.000000
0.000000
0.000000
1.062234
0.000000
1.627561
0.000000
0.000000
0.000000
0.000000
0.000000
0.000000
0.000000
0.000000
0.000000
0.000000
0.000000
1.055668
0.000000
0.000000
0.000000
0.000000
0.000000
0.840510
0.000000
0.089530
0.000000
0.000000
0.000000
0.000000
0.000000
0.000000
0.000000
1.164017
0.000000
0.000000
0.000000
0.000000
0.000000
0.000000
0.872306
0.000000
0.000000
0.000000
1.188402
0.827409
0.000000
0.000000
0.000000
0.000000
0.000000
0.415846
0.000000
0.000000
0.273229
0.000000
0.000000
0.000000
0.000000
0.000000
0.000000
0.000000
0.000000
0.000000
0.297705
0.138676
0.000000
0.120237
0.000000
0.000000
0.000000
0.247171
0.000000
0.943218
0.000000
0.666048
0.000000
0.000000
0.000000
0.000000
2.411179
0.000000
0.830820
1.330262
0.000000
0.000000
0.374174
0.000000
0.097044
0.000000
0.858938
0.000000
0.000000
0.000000
0.000000
0.000000
0.657546
0.709308
0.000000
1.342920
0.000000
0.000000
0.000000
0.000000
0.000000
0.000000
0.000000
0.837048
0.898236
0.000000
0.588963
0.000000
0.000000
1.877318
0.000000
0.000000
0.000000
0.000000
1.237661
0.000000
0.000000
0.280785
0.000000
0.000000
0.825442
0.000000
0.000000
0.000000
0.000000
0.000000
0.000000
0.000000
0.000000
0.000000
0.381030
0.000000
0.000000
1.095049
0.000000
0.768273
0.000000
0.000000
0.000000
0.000000
0.000000
0.000000
0.000000
0.811154
0.000000
0.000000
0.108465
0.064054
0.000000
0.000000
0.000000
0.382228
0.000000
0.000000
0.000000
0.036085
1.173982
0.000000
0.000000
0.000000
0.189126
0.000000
0.000000
0.000000
0.000000
0.000000
1.822855
0.000000
0.000000
0.000000
0.000000
0.000000
0.250981
0.000000
0.000000
1.512044
0.000000
2.012387
0.273322
1.031406
0.000000
0.000000
0.000000
0.000000
0.000000
1.047725
0.000000
0.953141
0.000000
0.000000
0.000000
0.000000
0.000000
0.000000
0.000000
0.000000
0.000000
0.000000
0.000000
0.524216
0.000000
0.000000
0.000000
0.000000
0.000000
0.000000
0.000000
0.000000
0.000000
0.000000
0.731654
0.000000
0.631139
0.000000
0.000000
0.000000
0.000000
0.000000
0.000000
0.000000
0.000000
0.000000
1.209506
0.000000
0.000000
0.000000
0.000000
0.000000
0.000000
0.000000
0.000000
0.000000
2.157974
0.669818
0.166318
0.000000
0.000000
0.000000
0.000000
0.795162
0.369482
0.000000
0.508381
0.000000
0.000000
0.000000
0.000000
0.000000
0.000000
0.000000
0.000000
0.000000
0.000000
0.000000
0.377044
0.000000
0.493383
0.304632
0.000000
0.325324
0.000000
0.000000
0.000000
0.000000
0.000000
0.000000
0.000000
1.406427
0.000000
1.122584
1.721014
1.900530
0.000000
0.000000
0.252682
0.000000
0.550190
1.198914
0.000000
2.937327
0.538187
0.000000
0.000000
0.708935
0.000000
0.000000
0.000000
0.287605
0.168988
0.000000
0.000000
0.000000
0.138367
0.000000
0.000000
0.000000
0.000000
0.000000
0.000000
2.116074
0.000000
0.000000
0.000000
0.000000
0.000000
0.000000
0.000000
0.196263
0.000000
0.960330
0.000000
0.050999
0.000000
0.732796
0.000000
0.000000
0.083733
0.000000
0.401136
0.000000
0.000000
0.000000
0.000000
0.581609
0.000000
0.760374
0.000000
0.000000
0.626902
0.000000
0.000000
0.000000
0.000000
0.000000
0.000000
0.000000
0.000000
0.000000
0.000000
0.000000
0.000000
0.000000
0.000000
0.000000
0.000000
0.000000
0.000000
0.927673
1.862461
0.000000
0.000000
0.000000
0.000000
1.255267
0.000000
0.000000
0.000000
0.000000
0.212365
0.000000
0.000000
0.000000
0.000000
0.183540
0.000000
0.000000
1.966690
0.356768
0.000000
0.367248
0.000000
0.000000
0.642676
0.000000
0.000000
0.172682
0.928889
0.000000
0.000000
0.000000
0.000000
0.000000
0.122039
0.341269
1.675762
0.000000
0.080183
0.000000
0.000000
0.000000
0.000000
0.000000
0.000000
0.579974
0.000000
0.375689
0.000000
0.002383
0.000000
0.000000
0.086431
0.000000
0.000000
0.000000
0.000000
0.000000
0.000000
0.000000
0.000000
0.623742
0.000000
0.464409
0.000000
0.000000
1.547481
0.000000
0.000000
0.107266
0.000000
1.425108
0.000000
1.803480
2.063004
0.000000
0.000000
0.000000
0.000000
0.000000
0.000000
0.000000
0.000000
0.000000
0.852815
0.134180
0.000000
0.000000
0.000000
1.262940
0.000000
0.430820
0.481211
0.000000
0.000000
0.000000
0.000000
0.000000
0.048437
0.252323
0.000000
0.000000
0.000000
0.904274
0.311991
0.000000
0.000000
1.136991
0.000000
0.000000
0.000000
0.221918
0.000000
0.000000
0.741833
0.000000
0.000000
0.000000
0.000000
1.302522
0.142746
0.000000
1.361390
0.000000
0.000000
0.528907
0.000000
0.000000
0.289950
0.535485
0.000000
0.000000
0.000000
0.000000
0.000000
0.000000
0.000000
0.000000
0.467787
0.000000
0.000000
0.000000
0.000000
0.000000
0.000000
0.000000
0.000000
0.000000
0.591004
0.000000
0.000000
0.000000
0.000000
0.000000
0.664484
0.000000
0.000000
0.000000
0.000000
0.000000
0.000000
0.000000
1.061773
0.000000
0.000000
0.000000
1.508604
0.000000
0.298395
0.000000
0.000000
0.000000
0.000000
0.928962
0.000000
0.000000
0.000000
0.000000
0.000000
0.124787
0.000000
0.000000
0.231432
0.000000
0.131710
0.109850
0.751887
0.000000
0.000000
0.000000
0.259950
0.000000
0.000000
0.000000
0.000000
0.000000
0.758855
0.191048
1.399868
0.000000
0.000000
0.000000
0.288800
0.000000
0.115881
0.000000
0.000000
1.246591
0.000000
0.000000
0.000000
0.000000
0.151492
0.004614
0.000000
0.000000
0.085428
0.000000
0.000000
0.892573
0.000000
0.935055
0.000000
0.014430
0.000000
0.000000
0.000000
0.000000
0.000000
0.000000
1.014486
0.000000
0.000000
0.000000
0.638905
0.000000
0.000000
0.000000
0.000000
2.171239
0.465492
0.000000
0.393290
0.000000
0.000000
0.000000
0.000000
0.000000
0.000000
0.726760
0.000000
0.000000
0.000000
0.000000
0.000000
0.000000
0.607634
1.063336
0.000000
0.000000
0.000000
0.000000
0.000000
0.000000
0.000000
0.000000
1.434006
0.000000
0.000000
0.161541
0.000000
0.000000
0.000000
0.596539
2.218403
0.315886
0.000000
0.000000
0.000000
0.000000
0.338025
0.000000
0.000000
0.000000
0.000000
0.000000
0.000000
0.000000
0.130578
0.000000
0.000000
0.000000
2.203186
0.000000
0.547996
0.000000
0.000000
0.853933
0.000000
0.000000
0.000000
1.280299
0.000000
0.000000
0.000000
0.000000
0.000000
0.000000
0.000000
0.893868
0.000000
0.000000
0.000000
0.000000
0.000000
0.272820
0.574174
0.000000
0.000000
0.192319
0.000000
0.000000
0.814175
0.580311
0.000000
0.967450
0.000000
0.000000
0.356833
0.276568
0.000000
0.183221
0.000000
0.000000
1.519550
0.000000
0.000000
0.000000
0.000000
0.000000
0.000000
0.000000
0.000000
0.000000
0.000000
0.000000
0.134003
0.000000
0.000000
0.374366
0.000000
0.000000
0.000000
0.000000
0.000000
0.000000
0.000000
1.301902
0.000000
0.000000
0.000000
0.000000
1.359295
0.000000
0.000000
0.000000
0.000000
0.000000
0.000000
0.000000
0.402286
0.000000
0.000000
1.203392
0.000000
0.000000
0.000000
0.992371
0.000000
0.000000
0.000000
0.000000
0.000000
1.338451
0.000000
0.808592
0.000000
0.000000
0.597584
0.000000
1.785738
0.000000
0.000000
1.515397
0.541614
0.000000
0.771100
0.174501
0.000000
0.826709
0.000000
0.000000
0.065094
0.000000
0.000000
0.345791
0.000000
0.000000
0.210193
0.000000
0.127986
0.000000
0.000000
0.000000
0.000000
0.000000
0.000000
0.103858
0.000000
0.000000
0.029964
1.053613
0.000000
0.000000
0.000000
0.000000
0.000000
0.000000
0.000000
0.000000
0.000000
0.000000
0.000000
0.401104
0.000000
0.000000
0.000000
0.000000
0.000000
0.000000
1.256264
0.000000
0.000000
0.000000
0.000000
0.000000
0.000000
0.879924
0.000000
0.000000
0.000000
0.000000
0.000000
0.505193
0.000000
0.110749
0.000000
0.000000
0.000000
1.066906
0.000000
0.915043
0.000000
0.000000
0.000000
0.000000
0.000000
0.000000
0.000000
0.000000
0.402996
0.000000
0.000000
0.000000
1.581260
0.000000
0.000000
0.926593
0.000000
0.000000
0.000000
1.969379
0.000000
0.000000
0.305593
0.000000
0.416109
0.154467
0.000000
0.000000
0.000000
1.447632
0.000000
0.000000
0.341799
0.000000
1.029804
0.000000
0.000000
0.963176
0.000000
0.000000
0.000000
0.000000
0.000000
0.000000
0.000000
0.000000
0.000000
0.000000
0.000000
0.853700
0.000000
0.000000
0.000000
0.037494
0.000000
0.000000
1.121895
0.000000
0.289118
0.000000
0.000000
0.000000
0.000000
0.000000
0.000000
0.000000
0.000000
0.000000
0.276989
0.000000
0.385569
0.396473
0.000000
0.000000
0.000000
0.786648
0.000000
0.000000
1.045058
0.000000
0.000000
0.000000
2.930265
0.000000
1.083322
0.000000
1.550941
0.000000
0.000000
0.056332
1.158302
0.000000
0.000000
0.000000
0.000000
0.000000
0.414285
0.000000
0.205718
0.000000
0.000000
0.000000
0.000000
1.595254
0.207858
0.000000
0.000000
0.076610
1.586932
0.000000
0.000000
0.308114
1.704844
0.000000
0.000000
1.516409
0.000000
0.339034
0.000000
0.000000
0.000000
0.000000
0.000000
0.342655
0.000000
0.000000
0.000000
0.000000
1.665803
0.117945
0.000000
0.000000
1.678632
0.000000
0.000000
0.000000
0.000000
0.086342
0.923931
0.000000
0.972105
0.000000
0.000000
0.974915
0.000000
0.000000
0.000000
0.000000
0.000000
1.380771
0.000000
2.265771
0.000000
0.000000
0.000000
1.496341
0.000000
0.000000
0.000000
0.000000
0.000000
0.000000
0.000000
0.417722
0.000000
0.000000
0.000000
0.000000
0.000000
0.000000
0.000000
0.000000
0.000000
0.000000
0.000000
0.000000
0.000000
0.000000
0.000000
0.000000
0.809955
0.000000
0.000000
0.000000
0.000000
0.000000
0.105255
0.000000
0.000000
0.000000
0.722664
0.000000
0.000000
0.000000
0.000000
0.558863
0.000000
0.073387
3.210773
0.000000
0.000000
0.176558
0.593890
0.000000
0.819274
2.462982
0.000000
0.000000
0.000000
0.088127
0.000000
0.000000
0.000000
0.000000
0.000000
0.000000
0.000000
0.000000
0.015090
0.762748
0.000000
0.000000
0.000000
0.000000
0.000000
0.352801
0.000000
0.000000
0.000000
0.000000
0.000000
0.000000
0.000000
1.334338
0.000000
0.000000
0.154599
0.302093
0.000000
0.000000
0.000000
0.000000
0.000000
0.000000
0.000000
1.475382
1.681010
1.970003
1.758568
0.520639
0.000000
0.000000
0.000000
0.000000
0.417807
0.000000
0.000000
0.000000
0.000000
0.000000
0.000000
0.000000
0.000000
0.000000
0.000000
0.127399
0.000000
1.525493
0.000000
0.000000
0.237686
0.000000
0.000000
0.000000
0.000000
0.000000
0.000000
0.000000
0.000000
0.000000
0.000000
0.800928
2.014300
0.000000
0.000000
0.000000
0.000000
0.400783
0.000000
0.000000
0.000000
0.080718
0.000000
0.000000
0.000000
0.331355
0.000000
0.000000
0.000000
0.000000
0.000000
0.000000
0.000000
1.919262
0.000000
0.496325
0.000000
0.412077
0.000000
0.000000
0.648370
0.000000
0.000000
0.000000
0.000000
0.000000
0.000000
0.000000
0.000000
0.000000
1.444987
0.000000
0.000000
0.000000
0.000000
0.000000
0.000000
1.695223
0.000000
0.000000
0.000000
0.000000
0.000000
0.000000
0.000000
0.000000
0.000000
0.000000
0.000000
0.780476
0.000000
0.086804
0.000000
0.000000
0.000000
0.000000
0.563856
0.000000
0.000000
0.493943
0.000000
0.000000
1.688220
0.000000
0.000000
0.000000
0.000000
1.143702
0.000000
0.478285
0.000000
0.000000
0.000000
0.000000
1.038695
0.088664
0.000000
0.000000
0.000000
0.000000
0.000000
0.000000
0.000000
0.158368
0.000000
0.000000
0.000000
0.347915
1.239585
1.528718
0.000000
0.000000
0.000000
0.000000
1.376333
0.000000
0.000000
0.000000
0.000000
1.412160
0.210388
1.270630
0.000000
0.000000
0.000000
0.715856
0.463975
0.000000
0.000000
0.000000
0.000000
0.000000
0.000000
0.000000
0.000000
1.207176
0.657319
1.321528
0.000000
0.000000
0.000000
0.000000
0.000000
0.019842
0.634183
0.575156
0.000000
0.000000
0.000000
0.000000
1.175819
0.000000
0.000000
0.000000
1.416405
0.119018
0.000000
0.000000
0.000000
0.000000
0.000000
0.000000
0.911106
0.677814
0.000000
1.199627
0.000000
0.000000
0.000000
0.000000
0.000000
0.430709
0.000000
0.000000
0.000000
0.000000
0.000000
1.381871
0.000000
0.264805
0.000000
0.000000
0.232994
0.000000
0.000000
0.191603
0.000000
0.000000
0.000000
0.000000
0.000000
0.000000
0.000000
0.391755
0.303325
0.000000
1.320572
0.000000
0.134444
0.000000
0.000000
0.000000
0.000000
0.000000
0.000000
0.612271
0.000000
0.000000
0.220181
0.000000
0.000000
0.000000
0.000000
1.094799
0.000000
0.000000
0.000000
0.000000
0.000000
0.000000
0.000000
0.000000
0.000000
0.000000
0.100931
0.086110
0.646117
0.000000
0.000000
0.000000
0.000000
0.000000
0.000000
0.293002
0.000000
0.000000
0.000000
0.318530
0.000000
0.170125
0.000000
0.120411
0.000000
1.397566
0.000000
0.000000
0.000000
1.641501
0.000000
0.000000
0.000000
0.000000
0.737462
0.364784
1.176493
1.677637
0.000000
1.830884
0.203773
0.000000
1.081901
0.680990
0.000000
0.000000
0.000000
0.238165
0.000000
0.893404
0.000000
0.000000
0.838864
0.583148
0.000000
0.126906
0.000000
0.000000
0.000000
0.000000
0.000000
2.037690
0.000000
0.000000
0.000000
0.000000
2.383384
1.466189
0.000000
0.000000
0.000000
0.000000
0.000000
0.000000
0.000000
0.000000
0.000000
0.000000
0.000000
0.000000
0.000000
0.000000
0.000000
0.000000
0.000000
0.000000
0.295532
0.000000
1.339832
1.303139
0.000000
0.210802
0.000000
0.000000
0.000000
0.000000
0.000000
0.334036
0.912177
0.000000
0.000000
0.425524
0.000000
0.000000
0.749692
0.833889
0.000000
0.000000
0.000000
0.000000
0.000000
0.000000
0.000000
0.000000
0.000000
0.000000
0.242477
0.000000
0.000000
0.361348
2.235680
0.000000
1.096213
0.000000
0.000000
0.000000
0.000000
0.000000
0.439772
0.511855
0.000000
0.000000
0.000000
0.000000
1.184235
0.000000
0.000000
0.000000
0.212751
0.000000
0.000000
0.000000
0.000000
0.552813
0.000000
0.000000
0.108553
0.000000
0.000000
0.000000
0.000000
0.000000
0.000000
0.000000
0.340118
0.000000
0.000000
0.000000
0.427546
0.000000
0.918155
0.000000
0.000000
0.375043
0.000000
0.000000
0.000000
0.000000
0.532186
0.000000
0.000000
0.000000
0.000000
0.000000
0.000000
0.000000
0.000000
0.000000
0.000000
0.000000
0.734335
0.000000
0.000000
0.000000
0.000000
0.000000
0.751557
0.000000
0.000000
0.000000
1.396235
0.000000
0.106517
0.000000
0.000000
0.000000
0.000000
0.000000
0.000000
0.733148
0.000000
0.000000
0.015739
0.000000
0.000000
0.000000
1.800022
0.000000
0.000000
0.345628
0.482578
0.000000
0.000000
0.000000
0.000000
0.000000
0.000000
0.583774
1.634217
0.000000
0.204977
0.000000
0.000000
0.000000
0.000000
0.000000
0.000000
0.000000
1.378977
0.000000
0.000000
0.574629
0.000000
0.000000
0.000000
0.000000
0.815105
0.000000
1.237323
1.726043
0.593379
0.677708
1.433695
0.000000
0.000000
0.000000
0.000000
1.266444
0.000000
0.000000
0.000000
0.000000
0.000000
0.000000
0.000000
0.000000
0.000000
0.000000
0.000000
0.000000
0.000000
0.000000
0.000000
0.000000
0.437412
0.000000
0.000000
0.000000
0.000000
0.000000
0.000000
0.000000
0.000000
0.000000
0.000000
0.000000
0.985548
0.000000
2.380442
0.000000
0.000000
0.000000
0.000000
1.106730
0.496615
0.389951
0.000000
0.000000
0.457917
0.000000
0.000000
0.000000
0.000000
0.000000
0.946400
0.000000
0.000000
0.000000
0.000000
0.000000
0.857207
0.000000
0.607735
0.000000
0.000000
0.000000
0.000000
0.000000
0.000000
1.525392
0.000000
0.868246
0.000000
0.000000
0.000000
0.000000
0.000000
0.000000
0.000000
0.235271
2.779197
0.614868
0.000000
0.000000
0.000000
0.000000
0.000000
0.000000
1.963906
0.000000
0.004694
0.000000
0.000000
0.000000
0.185722
0.000000
0.000000
0.000000
0.000000
0.000000
0.000000
0.000000
0.000000
0.000000
0.000000
0.739238
0.000000
0.000000
0.000000
0.000000
0.419351
1.691456
0.000000
0.000000
0.000000
0.000000
0.000000
0.177742
0.000000
0.000000
0.000000
0.074018
0.000000
0.000000
0.000000
0.000000
0.000000
1.289655
0.000000
0.000000
0.000000
0.000000
0.808873
0.000000
0.000000
0.000000
1.488020
0.000000
0.000000
0.000000
0.000000
0.000000
1.439303
0.499100
0.000000
0.000000
0.000000
0.000000
0.000000
0.000000
0.000000
0.000000
0.000000
0.000000
0.000000
0.376254
0.000000
0.000000
0.000000
0.000000
0.366642
0.416276
0.000000
0.000000
0.000000
0.000000
0.000000
0.000000
0.000000
0.000000
0.000000
0.335249
0.000000
0.000000
0.000000
0.000000
0.000000
0.000000
0.039325
0.000000
0.000000
0.000000
0.000000
0.000000
0.000000
0.000000
0.000000
0.615832
0.000000
0.158300
0.110078
0.000000
0.034849
0.000000
0.000000
0.000000
0.000000
0.752130
0.000000
0.000000
0.006163
0.000000
0.000000
0.000000
0.000000
0.138963
0.857624
0.591196
0.000000
0.000000
0.000000
0.000000
0.000000
0.000000
0.000000
0.000000
0.000000
0.376613
1.139004
0.000000
0.000000
0.000000
0.000000
1.447994
0.000000
1.250091
0.000000
0.000000
0.000000
0.000000
0.000000
0.037003
0.000000
0.000000
0.000000
0.000000
0.000000
0.000000
0.433063
0.000000
1.284424
0.000000
0.000000
0.000000
0.000000
1.600462
0.000000
0.000000
0.592643
0.000000
1.337733
0.000000
0.000000
0.000000
0.000000
0.000000
0.000000
0.000000
0.000000
0.000000
0.000000
0.000000
0.000000
0.000000
0.000000
0.000000
0.000000
0.000000
0.000000
0.000000
0.000000
0.751731
0.141681
0.000000
3.220634
1.502139
0.000000
1.707013
0.725040
0.267491
0.000000
0.000000
0.244412
0.000000
0.000000
0.000000
0.000000
0.000000
0.000000
0.000000
0.000000
0.000000
0.000000
0.000000
0.000000
0.687242
0.442741
0.934903
0.000000
0.000000
1.094023
0.068974
0.167708
0.750127
0.000000
0.000000
2.066165
0.000000
0.000000
0.000000
0.000000
0.000000
0.000000
0.000000
0.000000
0.000000
0.000000
0.427281
0.000000
0.000000
0.682944
0.167378
0.000000
0.037373
0.000000
0.000000
0.000000
0.000000
0.000000
0.000000
0.909527
0.000000
0.000000
0.023747
0.000000
0.000000
0.112350
0.000000
0.012306
0.000000
0.000000
0.000000
0.000000
0.000000
0.000000
0.000000
0.000000
0.000000
0.000000
0.000000
0.000000
2.806932
0.000000
0.000000
0.000000
0.993546
0.000000
0.000000
1.276568
0.696424
1.035972
0.000000
0.000000
0.000000
0.000000
0.390553
0.000000
0.000000
0.000000
1.266058
0.000000
0.000000
0.058559
0.000000
0.000000
0.027147
0.000000
0.000000
0.000000
0.000000
0.000000
0.001305
0.000000
0.595482
0.000000
0.000000
0.075931
0.306933
0.000000
0.000000
0.083529
0.339626
0.000000
0.035517
0.000000
0.000000
0.000000
0.000000
3.823849
0.000000
0.000000
0.088368
0.000000
1.224611
0.000000
0.000000
0.000000
0.000000
0.000000
0.000000
0.000000
0.000000
0.026602
0.000000
0.000000
0.000000
0.000000
0.000000
0.000000
0.000000
1.233790
0.000000
0.000000
0.000000
1.252014
0.000000
0.000000
1.162919
0.000000
0.000000
0.000000
0.000000
0.000000
0.000000
0.000000
1.145239
0.000000
0.542683
0.000000
0.000000
0.000000
0.000000
0.659654
0.000000
0.000000
1.767788
2.165460
0.000000
0.298818
0.000000
0.000000
2.397239
0.000000
0.000000
0.000000
0.000000
0.000000
0.000000
0.000000
0.000000
0.000000
0.000000
0.330947
0.000000
0.000000
0.000000
0.000000
0.000000
0.000000
0.000000
0.000000
0.000000
0.000000
0.000000
0.000000
0.000000
0.000000
0.000000
0.000000
0.000000
0.000000
1.955172
0.415758
0.671732
0.000000
0.000000
0.000000
0.483420
0.000000
0.000000
0.802719
0.227918
0.228110
0.000000
0.000000
1.481867
0.000000
0.000000
0.329251
0.059049
0.000000
0.000000
0.000000
0.000000
0.321525
0.000000
0.000000
0.000000
0.000000
0.000000
0.000000
0.000000
0.326457
0.000000
0.000000
1.058481
0.000000
0.000000
0.000000
0.037061
0.000000
0.000000
0.000000
0.000000
0.000000
0.000000
0.000000
0.000000
0.717832
0.000000
0.000000
0.000000
0.000000
0.000000
0.000000
0.102088
0.273001
0.000000
0.000000
0.000000
0.000000
0.528011
0.334603
0.000000
0.000000
0.000000
0.000000
0.000000
0.000000
0.010329
0.000000
0.000000
0.283979
0.000000
2.884762
0.000000
0.000000
0.000000
0.000000
1.146868
0.000000
0.000000
0.000000
2.742137
0.000000
0.000000
0.000000
0.000000
0.000000
0.296484
0.000000
0.365842
0.000000
0.000000
0.000000
0.000000
0.000000
0.000000
0.766840
0.000000
0.148760
0.000000
0.075433
0.000000
0.000000
0.000000
0.000000
0.000000
0.000000
0.000000
0.352530
0.655574
0.000000
0.869659
0.000000
0.000000
0.000000
0.000000
0.585868
0.000000
0.000000
0.538436
0.163614
0.000000
0.000000
0.000000
0.124226
0.000000
0.268545
0.000000
0.000000
0.151152
0.000000
0.000000
0.000000
0.000000
0.000000
0.000000
1.126342
0.000000
0.000000
0.000000
0.000000
0.000000
0.000000
0.000000
0.000000
0.000000
0.000000
0.000000
0.000000
0.000000
0.000000
0.000000
0.588047
0.000000
0.000000
0.000000
0.032947
0.000000
0.000000
0.000000
0.154704
0.000000
0.000000
0.000000
1.111615
0.000000
0.000000
0.000000
0.000000
1.396510
0.000000
0.000000
0.000000
0.000000
0.000000
0.689839
0.000000
0.000000
0.000000
0.000000
0.000000
0.000000
0.000000
0.000000
0.000000
0.431601
0.000000
0.000000
0.000000
0.608806
0.000000
2.130640
0.000000
0.000000
0.000000
0.000000
0.856630
0.000000
0.000000
0.000000
0.241069
0.000000
0.526051
0.000000
0.000000
0.000000
0.878025
0.116769
0.000000
0.000000
0.000000
1.480376
0.112335
0.307490
0.517400
0.000000
0.000000
0.000000
0.000000
0.000000
0.000000
0.360699
0.000000
0.000000
0.000000
0.000000
0.000000
0.000000
0.000000
0.000000
0.000000
0.000000
0.000000
0.442228
0.417086
0.000000
0.432064
0.028545
0.886641
0.000000
0.000000
0.000000
0.000000
0.000000
0.000000
0.000000
0.679308
0.158100
0.000000
0.000000
0.000000
1.653629
1.563444
0.000000
0.000000
0.000000
0.000000
0.599401
0.000000
0.664425
0.571476
1.158550
0.000000
0.000000
0.000000
0.000000
0.000000
1.209630
0.000000
0.652935
0.000000
0.000000
0.000000
0.000000
0.993519
0.000000
0.000000
0.000000
0.000000
0.000000
0.000000
0.761786
1.189253
1.024116
0.000000
0.000000
0.206009
0.000000
0.052866
0.000000
0.000000
0.379687
0.000000
1.277223
0.000000
0.000000
0.000000
1.040238
0.000000
0.000000
0.404018
0.000000
1.624327
0.000000
0.000000
0.000000
0.000000
0.000000
0.000000
0.000000
0.000000
0.937255
0.000000
0.000000
0.000000
0.000000
0.000000
0.000000
0.170438
0.000000
0.000000
0.000000
0.000000
0.313560
0.003583
0.052106
0.040706
0.000000
0.000000
0.000000
0.000000
0.000000
0.000000
0.000000
0.000000
0.000000
0.000000
0.000000
0.000000
0.000000
0.000000
0.000000
0.000000
0.000000
0.042399
0.243611
0.000000
0.000000
0.000000
0.000000
0.000000
0.000000
0.000000
0.000000
0.085893
0.000000
0.101144
0.000000
1.707173
0.000000
0.586982
0.000000
0.000000
0.000000
0.260023
0.000000
0.000000
0.000000
0.000000
0.960517
0.643281
0.000000
0.488145
0.159738
0.000000
0.000000
0.000000
0.126107
0.000000
0.343868
0.000000
0.554365
0.944013
0.071625
0.000000
0.000000
2.785863
0.137656
0.000000
0.000000
1.235487
0.000000
0.000000
1.606622
0.000000
0.000000
0.000000
0.000000
0.000000
0.000000
0.000000
0.000000
0.000000
0.000000
0.000000
0.685323
0.000000
0.000000
0.000000
0.537445
0.418592
0.159663
0.000000
0.000000
0.000000
0.000000
0.000000
0.464885
0.000000
0.000000
0.531347
0.362573
0.000000
0.706258
1.377976
0.000000
0.000000
0.000000
0.000000
0.000000
0.000000
0.000000
0.000000
0.618688
0.764267
0.000000
0.000000
0.551056
0.000000
0.000000
0.000000
0.000000
1.062232
0.000000
0.000000
0.000000
0.000000
0.000000
0.353577
0.263661
0.259202
0.000000
0.000000
0.000000
2.524787
0.000000
0.000000
0.000000
0.000000
0.000000
0.000000
0.433006
0.000000
0.000000
0.271192
0.000000
0.000000
0.000000
0.710641
0.000000
1.138374
0.000000
1.245165
0.349866
0.000000
0.000000
0.000000
0.179840
0.373001
0.000000
0.000000
0.000000
1.013177
0.000000
0.066403
0.000000
0.000000
0.000000
0.769959
0.000000
0.000000
0.000000
0.139577
0.000000
0.000000
0.000000
0.000000
0.000000
0.000000
0.000000
0.000000
0.000000
0.000000
0.000000
1.267597
0.000000
0.000000
1.255470
0.000000
0.000000
0.000000
0.000000
0.000000
0.246534
1.445482
0.000000
0.000000
0.563020
0.000000
0.000000
0.000000
0.000000
0.000000
1.072290
0.000000
0.000000
0.000000
0.000000
0.000000
0.000000
0.000000
0.228298
0.000000
0.605628
0.000000
0.000000
0.000000
0.000000
0.000000
0.000000
0.000000
0.000000
0.000000
0.000000
0.000000
0.000000
0.000000
0.000000
0.000000
0.000000
0.000000
0.000000
0.000000
0.293270
0.000000
0.000000
0.096053
0.000000
1.299002
0.000000
0.000000
0.991079
0.000000
0.000000
1.114580
0.122762
0.000000
0.000000
1.212353
0.000000
0.000000
0.000000
0.000000
0.000000
0.723620
0.000000
0.000000
0.000000
0.000000
0.000000
0.000000
1.849966
0.000000
1.998044
0.473375
0.000000
0.394570
0.000000
0.275236
0.583695
0.000000
0.000000
0.000000
0.000000
0.000000
0.060876
0.000000
0.000000
0.000000
0.000000
0.017466
0.000000
0.488038
0.000000
0.000000
0.915746
0.220383
0.508776
0.000000
0.000000
0.000000
0.000000
0.000000
0.000000
0.000000
0.000000
0.000000
0.000000
0.000000
0.000000
0.000000
0.113755
0.563539
0.000000
0.000000
0.000000
0.000000
0.330382
0.000000
0.000000
0.000000
0.000000
1.603185
0.709607
1.603092
0.000000
1.259608
0.000000
1.270440
0.000000
1.220616
0.000000
0.000000
0.000000
0.000000
0.659230
0.000000
0.000000
0.000000
0.000000
0.000000
0.000000
0.000000
0.000000
0.000000
0.000000
0.000000
0.000000
1.078272
0.000000
0.000000
0.000000
0.553845
0.000000
0.689402
0.295661
0.000000
0.000000
0.000000
1.608530
0.000000
0.000000
0.289067
0.000000
0.000000
1.735626
0.000000
0.000000
0.000000
0.000000
0.418133
0.000000
0.288541
0.000000
0.000000
0.000000
0.072774
2.606862
0.000000
0.000000
0.000000
0.000000
1.540399
0.000000
0.576432
0.000000
0.000000
0.000000
0.995626
0.000000
0.000000
0.000000
0.000000
0.000000
0.000000
0.000000
0.000000
0.000000
0.000000
0.000000
0.000000
0.000000
0.000000
0.000000
0.000000
0.000000
0.000000
0.646477
0.000000
1.015977
0.000000
0.000000
0.249181
0.298683
0.000000
0.043055
0.000000
0.000000
0.000000
0.356276
0.000000
0.000000
0.000000
0.000000
0.000000
0.000000
0.000000
0.000000
0.000000
0.000000
0.000000
0.250343
0.000000
0.000000
0.000000
0.000000
0.952626
1.025576
0.376833
0.152702
0.197723
0.000000
0.000000
0.000000
0.000000
0.000000
0.000000
0.000000
0.000000
0.000000
0.000000
0.000000
0.117432
0.000000
0.393707
1.681861
0.000000
0.000000
0.000000
0.000000
1.422566
0.000000
1.023521
0.000000
0.139378
0.000000
0.228814
0.000000
0.000000
0.445293
0.047224
0.000000
0.000000
0.000000
0.000000
0.000000
0.000000
0.782359
0.147010
0.000000
0.000000
0.000000
0.000000
0.000000
0.000000
0.000000
0.000000
1.040969
0.000000
0.000000
0.000000
0.000000
0.000000
1.299984
0.669505
0.000000
0.000000
0.000000
1.221361
0.000000
0.000000
0.000000
1.217215
1.021166
1.686182
0.177888
0.000000
0.000000
0.000000
0.000000
0.627641
0.063802
0.000000
0.000000
0.795318
0.000000
0.000000
0.104954
0.000000
0.000000
0.000000
1.360079
0.000000
0.000000
0.000000
0.464345
0.000000
2.105026
0.000000
0.000000
0.000000
0.000000
0.995319
0.000000
0.000000
0.000000
0.406018
0.000000
0.000000
0.726586
0.000000
1.081123
0.279963
0.000000
0.085965
0.000000
0.415324
0.000000
0.000000
0.000000
0.000000
0.218630
0.230949
0.000000
0.000000
0.000000
0.000000
0.000000
0.000000
0.000000
0.000000
0.000000
0.000000
0.000000
0.000000
0.000000
0.000000
0.538265
0.228348
0.000000
0.000000
0.000000
0.000000
0.000000
0.000000
1.158168
0.000000
0.000000
0.000000
0.000000
0.076927
0.389226
0.000000
0.000000
0.114596
0.000000
0.069952
0.000000
0.000000
0.000000
0.000000
0.000000
0.794687
0.051263
0.000000
0.000000
0.000000
0.000000
0.000000
0.029505
0.000000
0.000000
0.000000
1.329766
0.642855
0.000000
0.000000
0.125275
0.000000
0.000000
2.954152
0.000000
0.000000
0.000000
0.000000
0.000000
0.000000
0.000000
0.000000
0.988918
0.000000
0.053956
0.331684
0.000000
0.000000
0.000000
0.000000
0.000000
0.000000
0.000000
0.523395
0.000000
0.000000
1.223027
0.000000
0.000000
0.110246
0.000000
0.000000
0.000000
0.000000
0.000000
0.000000
0.422970
0.000000
0.826632
0.066226
0.896481
0.000000
0.000000
0.000000
0.000000
0.000000
0.104661
0.727049
0.000000
0.000000
0.000000
0.000000
0.000000
0.000000
0.000000
1.135311
0.000000
0.000000
0.000000
0.593079
0.000000
0.391117
0.000000
0.000000
0.000000
0.936193
0.211661
0.000000
0.000000
0.000000
0.000000
0.997731
0.000000
0.000000
0.000000
0.000000
0.000000
0.000000
0.000000
0.000000
0.000000
0.000000
0.000000
0.000000
0.000000
0.445792
0.000000
0.000000
0.000000
0.000000
0.182348
3.069937
0.000000
0.000000
0.000000
0.000000
0.000000
0.245995
0.000000
0.000000
0.600124
0.000000
0.000000
0.159077
0.000000
0.000000
0.000000
0.000000
0.000000
0.690217
0.000000
0.000000
0.000000
0.000000
0.020270
0.000000
0.000000
0.000000
0.000000
1.189250
0.730412
0.490118
0.074185
0.000000
0.000000
0.898923
0.000000
0.000000
0.123389
0.949998
0.000000
0.000000
0.000000
0.000000
0.000000
0.000000
0.000000
0.000000
0.000000
0.000000
0.000000
1.456733
0.000000
1.048162
0.000000
0.000000
0.000000
2.514780
0.000000
0.000000
0.000000
0.000000
0.000000
0.000000
0.000000
0.000000
0.506027
0.000000
0.455707
0.879817
1.816181
1.908221
0.055458
0.000000
0.651158
0.000000
0.000000
1.479527
1.954571
0.000000
0.341320
0.000000
0.000000
0.118863
0.000000
0.132447
0.000000
0.000000
0.153007
0.000000
0.000000
0.000000
0.000000
1.797546
0.923276
0.178985
0.000000
0.000000
0.000000
0.000000
0.000000
0.000000
0.000000
0.000000
0.000000
0.000000
0.477726
0.000000
0.000000
0.000000
0.000000
0.000000
0.540324
0.000000
0.000000
0.000000
0.000000
0.000000
0.992194
0.000000
0.000000
0.000000
0.000000
0.000000
0.000000
0.581103
0.000000
0.000000
0.000000
0.872520
0.273903
0.000000
0.387582
0.000000
0.227373
0.000000
0.260862
0.000000
1.926903
0.000000
0.000000
0.000000
0.000000
0.000000
0.000000
0.000000
0.797120
0.120789
0.000000
0.000000
0.033404
0.000000
0.275193
0.000000
0.000000
0.000000
0.000000
0.000000
0.000000
0.000000
0.000000
0.000000
0.000000
0.000000
0.000000
0.130745
0.139959
0.843658
0.851280
0.000000
0.000000
0.000000
0.000000
0.271912
0.215848
0.000000
0.000000
0.000000
0.000000
0.128004
0.879229
0.000000
0.143565
0.000000
0.000000
0.000000
0.000000
0.000000
0.000000
2.096565
0.000000
1.043914
0.000000
0.224360
0.000000
0.000000
0.428144
0.000000
0.000000
0.000000
0.201226
0.000000
0.000000
0.000000
1.081220
1.595902
0.755714
0.000000
0.000000
0.486139
0.000000
0.050313
0.151003
0.614220
0.000000
0.967339
0.845694
0.000000
0.000000
0.000000
0.048068
0.583880
0.708504
0.000000
0.311623
0.000000
0.000000
0.000000
0.000000
0.000000
0.000000
0.814216
0.000000
0.000000
0.601537
0.000000
0.000000
0.000000
0.000000
0.000000
0.302762
0.000000
0.000000
0.000000
1.536045
0.987747
0.000000
0.000000
0.000000
0.000000
0.184236
0.000000
0.000000
0.000000
0.000000
0.000000
0.634946
0.000000
0.419927
0.000000
0.000000
0.000000
0.000000
0.000000
0.000000
0.000000
0.000000
0.000000
1.454800
0.000000
0.000000
0.000000
0.000000
0.316938
0.000000
0.257626
1.589236
0.000000
0.000000
0.000000
0.000000
0.000000
0.380325
0.245171
0.197298
1.462641
0.024466
0.000000
0.000000
0.000000
0.000000
0.000000
0.000000
1.016816
0.000000
0.986612
1.036154
0.000000
0.000000
0.694885
0.060616
0.000000
1.385289
0.000000
0.000000
0.450850
0.000000
1.426994
0.000000
0.000000
0.668338
0.334731
0.000000
0.000000
0.366213
0.076729
0.000000
0.383097
0.000000
0.473567
0.000000
0.000000
0.000000
0.000000
0.000000
0.000000
0.000000
0.000000
0.000000
0.000000
0.956110
0.000000
1.283574
0.000000
0.000000
0.000000
0.000000
0.666719
1.001137
0.485525
0.000000
0.396000
0.000000
0.000000
0.000000
0.085663
0.000000
0.000000
0.000000
0.000000
0.075794
0.712059
0.000000
0.000000
0.447805
0.000000
0.000000
0.000000
0.000000
0.000000
0.000000
0.000000
0.000000
0.347300
0.000000
0.000000
0.000000
0.000000
1.027286
0.000000
0.000000
0.636263
0.000000
0.000000
0.000000
0.000000
0.000000
0.000000
0.000000
0.000000
0.416316
0.000000
0.926115
0.281881
0.000000
0.000000
0.000000
0.000000
1.485080
0.000000
0.000000
0.000000
0.000000
0.213531
0.000000
0.000000
0.333994
0.000000
0.000000
0.000000
0.000000
0.000000
0.000000
1.500488
0.000000
0.000000
0.000000
0.000000
0.000000
0.000000
0.000000
1.058529
0.000000
0.000000
0.177449
0.000000
0.000000
0.173859
0.000000
0.757380
0.000000
0.124888
0.000000
0.000000
0.897797
0.000000
0.129622
0.000000
0.074651
0.000000
0.000000
0.000000
0.787222
0.000000
0.000000
0.000000
0.000000
0.000000
0.000000
0.000000
0.000000
0.000000
1.267523
0.000000
0.000000
0.210993
0.000000
0.000000
0.000000
0.000000
0.000000
0.000000
0.108197
0.000000
0.000000
0.000000
1.013324
1.240711
0.000000
0.000000
0.000000
0.000000
0.000000
0.000000
0.000000
0.472681
0.008561
0.000000
0.083615
0.000000
0.000000
0.401248
0.000000
0.000000
0.707757
0.477460
0.000000
0.657996
0.000000
0.000000
0.000000
0.000000
0.000000
0.047187
0.000000
0.000000
0.000000
0.000000
0.346714
0.000000
0.000000
0.000000
0.000000
0.000000
1.292792
0.000000
0.000000
0.714063
0.000000
0.000000
0.117098
0.080069
0.000000
0.000000
0.000000
0.000000
1.585244
0.000000
0.081542
0.000000
0.714069
0.000000
0.000000
0.000000
0.000000
0.000000
0.000000
0.000000
0.000000
0.000000
0.000000
0.000000
0.000000
0.000000
0.000000
0.000000
0.000000
0.000000
0.000000
0.000000
0.000000
0.493808
0.619660
0.051198
0.182220
0.000000
0.000000
0.000000
0.000000
0.000000
0.000000
0.005581
0.273971
0.126913
0.000000
0.000000
0.000000
0.000000
0.000000
1.159105
0.000000
0.322280
0.000000
0.000000
0.000000
0.994387
0.748684
0.033312
0.598842
0.000000
0.000000
0.000000
0.000000
0.000000
0.000000
0.000000
0.000000
1.600531
0.000000
0.000000
1.215628
0.000000
0.000000
0.117541
0.000000
0.000000
0.000000
0.000000
0.000000
0.440464
0.000000
0.217545
0.000000
0.999312
0.000000
1.625239
0.630558
0.108617
0.000000
0.000000
0.000000
0.031954
0.000000
0.000000
0.000000
0.000000
0.000000
0.000000
0.000000
0.000000
0.000000
0.000000
0.000000
0.000000
0.000000
0.000000
0.173565
2.250251
0.936421
1.638276
0.368347
0.000000
0.550682
0.078963
0.267757
0.000000
0.000000
1.198725
0.000000
0.731893
0.023270
1.916745
0.000000
0.000000
0.000000
0.596569
0.000000
0.000000
0.000000
0.000000
0.000000
0.000000
0.000000
0.000000
0.000000
0.000000
0.242862
0.000000
0.000000
0.000000
0.649566
0.000000
0.000000
0.000000
0.000000
0.000000
0.000000
0.342146
1.295058
0.509868
0.939294
0.000000
0.120427
0.000000
0.000000
0.000000
0.103718
0.062811
0.000000
0.000000
0.000000
0.000000
0.000000
0.000000
0.000000
0.000000
0.000000
0.000000
0.467353
0.500061
0.291235
0.614407
0.000000
0.000000
0.546646
0.000000
1.178372
0.000000
0.000000
0.000000
0.000000
0.000000
0.240796
0.000000
0.000000
0.000000
0.158357
0.000000
0.000000
0.013020
0.000000
0.000000
0.000000
0.000000
0.000000
0.000000
0.000000
0.000000
0.000000
0.000000
0.000000
1.804975
0.000000
0.000000
0.000000
0.000000
0.000000
0.000000
0.000000
0.000000
0.000000
0.000000
0.673871
0.000000
0.000000
0.000000
0.000000
0.000000
0.122576
0.251457
1.412612
2.390098
0.125653
0.312141
0.000000
0.000000
0.000000
0.000000
0.000000
0.000000
0.000000
0.000000
0.000000
0.688922
0.791061
0.000000
0.000000
0.000000
0.000000
0.000000
0.000000
0.000000
0.359586
0.000000
1.075858
0.000000
0.000000
0.000000
0.000000
0.000000
0.000000
0.000000
0.000000
0.000000
0.000000
0.047252
0.000000
0.000000
1.094354
0.000000
0.332434
0.000000
0.000000
0.000000
0.000000
0.322697
0.000000
0.000000
0.000000
0.000000
0.000000
0.913059
0.033455
0.000000
0.000000
1.855190
0.180383
0.000000
0.484196
1.207181
0.000000
0.579881
0.000000
1.669839
0.000000
0.000000
0.000000
0.000000
0.000000
0.000000
0.000000
0.408778
0.000000
0.000000
0.000000
0.000000
0.000000
0.000000
0.000000
0.000000
0.000000
0.000000
0.000000
0.134191
0.000000
0.000000
0.000000
0.311211
0.938257
0.000000
0.000000
0.000000
1.347615
0.000000
0.000000
0.000000
0.066756
0.000000
0.000000
0.000000
0.000000
0.000000
0.000000
0.000000
0.000000
0.000000
0.227148
0.000000
0.677785
0.000000
0.000000
0.000000
0.000000
0.000000
0.000000
0.000000
0.000000
0.000000
0.082297
0.000000
0.000000
0.000000
1.675169
0.359232
0.000000
0.000000
0.000000
0.045151
0.000000
0.794351
0.000000
2.012071
0.000000
0.000000
0.000000
0.000000
0.000000
0.000000
0.000000
0.001057
0.000000
0.000000
0.000000
0.000000
0.745473
0.000000
0.000000
0.000000
0.000000
0.000000
0.716999
0.000000
0.000000
0.000000
0.000000
0.000000
0.000000
0.000000
0.000000
0.000000
0.193968
0.978868
1.619227
0.000000
0.000000
0.000000
0.000000
1.398974
0.000000
0.000000
2.294305
0.000000
