0.000000
0.000000
0.584081
0.000000
0.000000
0.000000
0.000000
0.000000
0.000000
0.000000
0.000000
0.000000
0.000000
0.301884
0.000000
0.000000
0.000000
0.000000
0.000000
0.000000
0.260989
0.001915
0.000000
0.000000
0.000000
0.000000
0.043869
0.000000
0.124759
0.000000
1.546392
0.081907
0.144652
0.000000
0.000000
1.803118
0.000000
0.000000
2.019666
0.000000
0.000000
0.000000
0.872266
0.000000
0.111390
0.000000
0.000000
0.000000
0.784085
0.000000
0.105725
0.000000
0.136702
0.000000
0.000000
0.000000
0.000000
0.000000
0.000000
0.000000
0.000000
0.000000
0.000000
0.000000
0.000000
0.000000
0.000000
0.000000
0.000000
0.000000
0.000000
0.000000
0.000000
0.000000
0.717780
0.000000
0.000000
0.000000
0.000000
0.000000
0.000000
0.000000
0.000000
0.000000
0.000000
0.000000
0.000000
0.000000
0.000000
0.000000
0.000000
0.516959
0.000000
2.098795
0.000000
0.000000
0.000000
0.000000
1.719454
0.000000
0.000000
0.000000
0.000000
0.661371
0.000000
0.000000
1.891073
0.000000
0.000000
0.024400
0.693217
0.000000
0.000000
2.415465
0.000000
0.938622
0.000000
0.000000
0.000000
0.000000
0.000000
0.000000
0.000000
0.430754
0.000000
0.000000
0.000000
0.000000
0.000000
0.000000
0.000000
0.000000
0.000000
0.000000
0.216048
0.128790
0.000000
0.000000
0.000000
0.000000
1.437259
0.000000
0.000000
2.643206
0.000000
1.159800
0.000000
0.000000
3.119102
0.000000
0.000000
0.000000
0.000000
0.000000
0.000000
0.000000
0.000000
0.000000
0.708048
0.000000
1.326947
1.084209
2.827576
0.928576
0.000000
0.000000
0.000000
0.000000
0.000000
0.307264
0.000000
0.000000
0.000000
0.000000
0.000000
0.000000
0.000000
0.000000
1.102301
0.000000
0.000000
0.000000
2.037821
0.001260
0.000000
0.000000
0.000000
0.000000
0.000000
0.000000
0.000000
0.000000
0.000000
0.000000
0.000000
0.000000
0.697612
0.000000
0.000000
0.000000
0.000000
0.000000
0.000000
0.000000
0.000000
0.000000
0.000000
0.000000
0.000000
0.000000
0.000000
0.000000
0.000000
0.000000
0.860335
0.000000
0.000000
2.183392
1.372613
0.500704
1.282120
2.017878
0.000000
0.000000
3.112741
0.000000
0.583125
0.347959
0.000000
0.000000
0.000000
0.000000
0.000000
0.000000
1.943480
0.000000
0.000000
0.497808
0.000000
0.138273
0.000000
0.000000
0.705664
0.000000
0.050744
0.000000
0.000000
0.000000
0.000000
0.000000
0.096494
0.000000
0.000000
0.000000
0.000000
0.159283
0.000000
0.221001
0.000000
2.493425
0.008882
0.000000
0.000000
0.000000
0.000000
0.000000
0.000000
0.000000
0.000000
0.000000
0.264987
0.290569
0.459258
0.000000
0.000000
0.000000
0.000000
0.000000
0.096837
0.000000
0.000000
0.000000
0.000000
1.708603
0.000000
0.000000
0.000000
0.000000
0.000000
0.000000
0.000000
0.000000
0.000000
0.000000
0.000000
0.000000
0.000000
0.000000
0.000000
0.000000
0.000000
0.752483
0.000000
0.000000
0.000000
0.000000
0.000000
0.000000
0.000000
0.000000
0.000000
0.000000
0.000000
0.000000
0.392081
0.685023
0.000000
0.000000
0.000000
0.000000
2.879159
0.806933
0.000000
0.000000
0.562540
0.000000
1.664721
0.000000
0.000000
0.000000
0.000000
0.000000
0.000000
1.559347
0.000000
0.000000
0.000000
0.000000
0.000000
0.000000
1.174106
0.000000
0.000000
0.079766
0.000000
0.000000
0.000000
0.000000
0.000000
1.472599
0.000000
0.000000
0.000000
0.000000
0.845994
0.000000
0.000000
0.000000
0.516927
0.000000
0.000000
1.794784
2.261147
0.000000
2.560253
0.000000
0.000000
1.475020
0.000000
0.000000
0.000000
0.060976
0.191790
0.000000
0.000000
0.000000
0.882537
0.252434
0.000000
0.000000
0.000000
0.000000
0.000000
0.000000
0.000000
0.000000
0.000000
1.861330
0.000000
1.361177
0.000000
0.000000
0.547821
0.345171
0.000000
0.000000
0.000000
0.000000
0.000000
0.000000
0.000000
0.000000
0.000000
0.161993
0.000000
0.000000
0.000000
0.000000
0.247665
0.159178
0.000000
0.000000
0.000000
0.000000
0.000000
0.431920
0.000000
1.907761
0.000000
0.000000
0.000000
0.000000
0.000000
2.932479
0.937323
0.000000
0.000000
0.000000
0.000000
0.000000
0.511433
2.644645
0.000000
0.000000
0.000000
0.000000
0.000000
0.000000
0.000000
1.504172
0.000000
0.000000
0.000000
0.000000
0.052182
0.000000
0.000000
0.000000
2.446496
2.912535
0.000000
0.000000
0.000000
0.207474
0.184624
0.000000
0.998415
1.256842
0.000000
0.000000
1.360256
0.000000
0.000000
0.000000
0.000000
0.000000
0.000000
0.000000
0.000000
0.000000
0.000000
0.000000
0.560058
0.000000
0.000000
0.418360
0.000000
0.000000
0.000000
0.242438
0.000000
0.000000
0.000000
0.537692
0.564878
0.000000
1.625054
0.000000
0.000000
0.000000
2.760124
0.000000
0.000000
0.000000
0.000000
0.000000
0.000000
0.000000
0.000000
0.000000
0.000000
0.058228
0.000000
0.000000
0.000000
0.000000
0.000000
0.000000
0.000000
0.649728
3.364471
0.000000
0.000000
0.133187
0.000000
1.620085
0.000000
0.000000
0.000000
0.000000
0.000000
0.000000
0.000000
0.000000
0.000000
0.436674
0.000000
0.000000
0.000000
0.000000
0.624789
0.000000
0.000000
0.000000
0.000000
0.000000
0.000000
0.000000
0.000000
0.000000
0.449490
0.000000
0.757550
1.598195
0.000000
0.000000
1.656432
0.000000
0.000000
2.331798
0.000000
0.000000
0.000000
0.000000
0.000000
0.968961
0.000000
0.000000
0.000000
0.000000
0.396125
0.000000
0.739276
0.000000
0.000000
0.000000
0.000000
0.000000
0.000000
1.965348
0.000000
0.050619
1.583754
0.000000
0.000000
0.000000
0.000000
0.000000
0.000000
0.804155
0.479658
0.000000
0.000000
0.000000
0.000000
0.000000
0.000000
0.000000
0.615260
0.931528
0.000000
1.013414
0.000000
0.753507
0.856874
0.000000
0.000000
0.000000
0.000000
0.000000
0.000000
0.000000
0.000000
0.000000
0.000000
0.000000
0.000000
0.000000
0.000000
1.055375
0.982547
0.055444
0.360414
0.000000
0.068288
0.857844
0.469096
0.000000
0.000000
0.000000
0.000000
0.000000
1.613452
0.000000
0.098293
0.000000
0.000000
0.000000
2.037683
0.000000
0.000000
0.000000
0.000000
0.108706
0.000000
0.000000
0.000000
0.000000
0.000000
0.000000
0.000000
0.000000
0.000000
0.000000
0.000000
0.000000
2.284163
0.000000
0.000000
0.000000
1.809047
0.000000
0.000000
0.000000
0.000000
0.741023
0.000000
0.000000
0.000000
0.000000
0.000000
0.657202
0.000000
0.000000
0.000000
0.000000
0.000000
0.000000
0.000000
1.178095
0.000000
0.000000
2.007574
0.000000
0.000000
0.000000
0.000000
0.000000
0.000000
0.000000
0.000000
0.581827
0.000000
0.000000
0.000000
0.000000
0.000000
0.000000
0.000000
0.000000
0.000000
0.000000
0.000000
0.000000
0.000000
0.000000
0.000000
0.000000
0.000000
0.000000
0.000000
0.000000
0.000000
0.000000
0.000000
0.000000
0.000000
0.055505
0.000000
0.000000
0.000000
0.000000
0.000000
0.000000
0.000000
0.000000
0.000000
0.745546
0.000000
0.000000
0.000000
2.873909
0.000000
0.000000
0.000000
0.000000
0.000000
0.000000
0.000000
0.000000
0.076655
0.000000
1.279979
0.000000
0.000000
0.000000
0.000000
0.298041
0.000000
0.000000
0.000000
0.000000
0.000000
0.419134
0.108928
0.000000
0.000000
0.000000
0.000000
0.166914
0.000000
0.000000
0.000000
0.000000
0.000000
0.000000
0.000000
0.000000
0.000000
0.000000
0.000000
0.191508
0.000000
0.000000
0.000000
0.000000
0.000000
0.000000
0.000000
0.000000
0.000000
0.000000
0.000000
0.000000
1.212350
0.000000
0.238984
0.000000
0.499225
0.000000
0.000000
0.639629
2.520413
0.000000
0.000000
0.000000
0.000000
0.000000
0.000000
0.000000
0.000000
0.000000
0.000000
0.065589
0.706721
0.000000
0.891684
0.000000
0.000000
2.773694
0.000000
0.000000
0.000000
0.000000
0.000000
0.000000
0.000000
0.000000
0.000000
0.433664
0.000000
0.000000
2.185921
1.901337
0.000000
0.000000
0.000000
0.000000
0.000000
0.000000
0.000000
0.369999
0.512743
0.000000
0.000000
0.000000
0.000000
0.000000
0.000000
0.000000
0.000000
0.000000
0.000000
0.000000
0.000000
0.000000
0.000000
0.000000
0.000000
0.000000
1.337706
0.000000
0.000000
0.000000
0.000000
0.000000
0.000000
0.000000
0.000000
0.000000
0.000000
0.000000
0.000000
0.652278
3.702855
2.125446
0.000000
0.000000
1.495850
1.813394
0.000000
0.000000
0.478349
0.000000
0.000000
0.000000
0.952509
0.000000
0.268715
0.000000
0.000000
0.821308
0.000000
0.000000
0.000000
0.000000
0.000000
0.000000
0.000000
0.000000
0.000000
0.000000
0.000000
0.577101
0.000000
0.000000
0.000000
0.075535
0.000000
0.000000
0.000000
0.000000
0.000000
0.000000
0.000000
0.000000
0.000000
0.000000
0.972353
0.000000
0.000000
0.000000
0.000000
0.078428
0.000000
0.000000
0.000000
0.000000
0.000000
0.000000
0.783907
0.000000
0.000000
0.000000
0.000000
1.676127
0.000000
0.000000
0.000000
0.000000
0.000000
0.697988
0.000000
1.535781
0.000000
0.000000
0.000000
0.000000
0.000000
0.481653
0.000000
0.000000
0.000000
0.000000
0.000000
0.000000
0.000000
0.680443
2.061476
0.000000
0.000000
0.000000
0.000000
0.000000
0.000000
0.000000
1.231655
0.000000
0.000000
3.698902
0.000000
0.000000
0.408198
0.000000
0.000000
0.000000
0.000000
0.000000
0.000000
0.000000
0.000000
0.000000
0.000000
0.000000
0.000000
0.000000
0.000000
0.000000
0.000000
0.000000
0.000000
0.000000
0.000000
0.000000
1.638949
0.000000
0.000000
0.000000
0.000000
0.000000
0.392971
0.000000
0.000000
0.000000
0.000000
0.000000
0.448918
0.000000
0.000000
0.000000
0.000000
0.000000
0.000000
0.000000
0.000000
0.000000
0.000000
0.000000
0.000000
0.000000
0.000000
0.000000
0.000000
0.000000
0.775820
0.000000
0.420245
1.847855
0.000000
0.000000
1.269480
0.000000
0.000000
0.000000
0.000000
0.000000
0.000000
0.000000
0.000000
0.000000
0.605353
0.000000
0.000000
0.000000
0.000000
0.000000
0.000000
0.000000
0.000000
0.000000
0.000000
0.000000
0.000000
0.000000
3.021580
0.000000
0.001446
0.000000
0.000000
0.000000
3.077040
0.000000
0.000000
0.000000
0.000000
0.000000
0.000000
0.000000
0.000000
0.000000
0.000000
0.000000
0.000000
0.000000
0.000000
1.017611
0.000000
0.000000
0.000000
0.000000
0.000000
0.000000
0.929941
0.000000
0.000000
0.135762
0.034056
0.871883
0.000000
0.000000
0.000000
0.000000
0.209081
2.898110
0.881980
0.000000
0.000000
0.423480
0.000000
0.000000
0.000000
0.000000
0.000000
0.947743
0.000000
0.000000
0.000000
0.074813
0.000000
0.000000
0.326048
0.000000
0.000000
0.000000
0.000000
0.517491
0.000000
0.968960
1.556988
0.000000
0.000000
0.000000
0.000000
0.000000
0.000000
0.000000
0.000000
0.000000
0.000000
0.000000
0.000000
0.000000
0.000000
0.000000
0.000000
0.263271
0.000000
0.000000
0.000000
0.150917
0.000000
0.000000
0.000000
0.000000
0.000000
0.000000
0.156382
1.766351
0.000000
0.680173
0.000000
0.000000
0.000000
0.000000
0.000000
0.000000
2.558789
0.000000
0.590163
0.000000
0.000000
0.000000
0.000000
0.125720
0.000000
0.000000
1.686698
0.800449
0.000000
0.000000
0.000000
0.000000
0.000000
0.000000
0.250889
0.000000
0.000000
0.910600
0.000000
0.000000
0.000000
0.000000
0.000000
0.801634
0.000000
0.000000
0.732003
0.000000
0.000000
0.000000
0.000000
0.000000
0.000000
0.000000
0.000000
0.000000
0.000000
0.000000
0.000000
0.000000
0.000000
0.000000
0.000000
0.000000
0.000000
0.000000
0.000000
0.051061
2.259220
2.125098
0.000000
0.406979
0.617530
0.000000
0.000000
0.000000
0.000000
0.000000
0.569840
0.000000
0.000000
0.000000
0.000000
0.122122
0.000000
0.000000
2.645317
0.928071
0.000000
0.000000
0.000000
0.000000
0.000000
0.000000
0.000000
0.000000
0.000000
0.000000
0.000000
0.318667
0.000000
0.000000
0.000000
0.000000
0.097993
0.000000
0.000000
0.000000
0.000000
0.000000
1.289522
0.000000
0.000000
0.000000
0.000000
0.000000
0.081371
0.000000
0.000000
0.000000
0.000000
0.000000
0.000000
0.000000
2.012187
1.088729
0.000000
0.000000
0.000000
0.000000
0.000000
0.000000
0.256061
0.673878
0.082919
0.000000
0.000000
0.000000
0.000000
0.000000
0.000000
0.000000
0.000000
0.000000
0.003637
0.000000
0.000000
0.000000
0.000000
1.130366
0.000000
0.000000
0.000000
0.000000
0.000000
0.000000
0.000000
0.000000
1.238094
1.023900
0.000000
1.953822
0.000000
0.866435
0.000000
0.000000
0.201860
0.000000
0.000000
0.000000
0.000000
0.000000
0.717232
0.000000
0.000000
0.000000
0.024530
0.000000
0.000000
0.000000
0.000000
0.000000
0.000000
0.000000
0.000000
0.000000
0.000000
0.058366
0.000000
0.000000
0.000000
0.000000
0.000000
0.000000
0.000000
0.000000
0.000000
0.000000
0.000000
0.605311
0.000000
0.000000
0.000000
0.000000
0.035098
0.000000
0.000000
0.000000
0.000000
0.000000
0.000000
0.000000
0.000000
0.195669
0.000000
0.000000
0.000000
0.000000
0.000000
0.790873
0.000000
0.000000
0.000000
0.222361
1.902626
0.000000
2.553769
0.000000
0.000000
0.000000
0.000000
0.000000
0.000000
0.000000
0.000000
0.000000
0.000000
0.303771
0.000000
0.000000
1.438180
0.354442
0.000000
0.000000
0.000000
0.000000
0.000000
0.000000
0.000000
0.000000
0.000000
0.000000
0.000000
0.000000
0.000000
0.000000
0.282725
0.000000
0.000000
0.000000
0.000000
0.000000
0.000000
0.000000
0.000000
0.000000
0.000000
0.000000
0.000000
0.000000
0.009606
0.000000
0.191373
0.000000
0.434524
0.000000
0.000000
0.687301
0.000000
0.000000
0.000000
0.000000
0.000000
0.000000
0.000000
0.000000
0.000000
0.000000
0.560823
0.000000
0.000000
0.000000
0.163129
0.000000
0.000000
0.000000
0.000000
0.000000
1.238826
0.000000
0.000000
0.000000
0.617784
0.000000
0.000000
0.000000
0.000000
0.000000
0.000000
0.000000
0.000000
0.000000
0.000000
0.000000
0.000000
0.000000
0.000000
0.000000
0.747588
1.766023
0.000000
0.000000
0.000000
0.000000
0.000000
1.364065
0.000000
0.000000
0.000000
0.000000
0.000000
0.000000
0.000000
0.793244
0.000000
0.000000
0.000000
0.000000
0.000000
1.873763
0.000000
0.000000
0.000000
0.000000
0.000000
0.333133
0.000000
0.000000
0.000000
0.000000
0.000000
0.000000
0.000000
0.000000
0.000000
0.000000
0.000000
0.000000
0.000000
0.000000
0.000000
0.000000
0.513300
0.000000
0.000000
0.000000
0.000000
0.000000
0.000000
0.000000
0.000000
1.849164
0.000000
0.000000
2.094834
0.000000
0.000000
2.705218
0.000000
0.466573
0.000000
0.000000
0.000000
0.000000
0.443265
0.000000
0.000000
0.000000
0.000000
0.000000
0.000000
0.570341
2.280845
0.000000
0.476054
0.000000
0.000000
0.000000
0.000000
0.000000
0.000000
0.000000
0.000000
0.000000
2.796405
0.000000
0.000000
0.000000
0.000000
0.000000
0.000000
0.000000
0.000000
0.000000
0.000000
0.000000
0.000000
0.000000
0.000000
0.000000
0.000000
2.656523
0.592482
0.000000
0.744971
0.000000
0.000000
0.000000
0.000000
0.000000
0.000000
0.000000
0.000000
0.000000
0.000000
0.000000
1.274051
0.000000
0.000000
0.000000
0.000000
0.000000
0.000000
0.519495
0.000000
0.000000
3.222877
0.000000
0.000000
0.000000
0.000000
0.000000
0.000000
0.000000
0.000000
0.000000
0.000000
0.000000
0.000000
0.000000
0.644583
0.000000
0.000000
0.000000
0.520083
1.636868
0.000000
0.000000
0.000000
0.000000
0.000000
1.872108
0.000000
0.000000
0.598180
0.183403
0.000000
0.773247
0.000000
0.000000
0.000000
1.465512
0.000000
0.000000
0.000000
0.000000
0.000000
0.000000
0.697084
0.000000
0.032133
0.000000
0.000000
0.000000
0.000000
0.000000
0.000000
0.000000
0.000000
0.000000
0.000000
0.000000
0.000000
0.000000
0.000000
0.000000
0.000000
0.303844
0.000000
0.025508
0.000000
0.000000
0.000000
0.000000
3.412617
1.373813
0.699304
0.000000
0.000000
0.000000
0.000000
0.343990
0.000000
1.747713
0.000000
0.000000
0.000000
0.000000
0.493342
0.000000
0.000000
0.000000
0.201763
0.000000
0.000000
0.000000
0.000000
0.000000
1.706833
0.000000
0.000000
0.713397
0.000000
0.000000
0.000000
3.829063
0.546864
0.000000
0.553512
0.000000
0.000000
0.000000
0.000000
0.000000
0.261824
0.000000
0.000000
0.000000
0.700980
0.000000
0.000000
1.064015
0.000000
0.000000
0.000000
0.000000
0.000000
0.000000
0.000000
0.000000
0.000000
0.000000
0.000000
0.000000
0.000000
0.000000
0.000000
0.000000
0.016402
0.000000
0.000000
0.000000
0.000000
1.266887
0.000000
0.000000
0.000000
0.000000
0.000000
1.378218
0.000000
0.000000
0.000000
0.000000
1.562659
0.777556
0.000000
0.000000
0.000000
0.000000
0.000000
0.000000
0.000000
0.000000
0.069092
0.000000
0.000000
0.000000
0.000000
0.000000
0.000000
0.000000
0.854105
2.729828
0.000000
0.000000
0.000000
0.479024
0.000000
0.000000
0.000000
2.413350
1.365773
0.000000
0.000000
0.000000
0.225625
0.000000
0.000000
1.863803
0.754689
0.000000
0.000000
1.673576
0.000000
0.000000
0.000000
0.000000
0.000000
0.000000
0.000000
0.000000
0.000000
0.389991
0.000000
0.000000
0.000000
0.000000
0.000000
0.000000
0.000000
0.000000
0.716939
0.000000
1.898327
0.094136
0.000000
0.000000
0.069106
0.000000
0.000000
0.000000
0.000000
0.000000
0.000000
0.000000
2.147229
0.000000
0.485948
0.000000
0.000000
0.000000
0.000000
0.000000
0.000000
1.929909
0.000000
0.000000
0.000000
0.000000
0.660779
0.000000
0.000000
0.000000
0.000000
0.000000
0.000000
0.000000
0.000000
0.388402
0.000000
0.000000
0.000000
0.470099
0.000000
0.000000
0.000000
0.000000
0.000000
0.000000
2.963135
0.000000
0.000000
0.000000
0.000000
0.000000
0.594039
0.000000
0.000000
0.000000
0.000000
0.627060
0.000000
0.000000
0.000000
0.000000
0.000000
0.000000
0.000000
0.015952
0.000000
0.240052
0.628959
0.579420
0.024609
0.533660
0.000000
0.132713
0.000000
0.000000
0.000000
1.043365
1.097812
0.000000
0.000000
0.000000
0.000000
0.909613
0.173455
0.000000
0.138434
0.000000
1.905167
0.762276
0.000000
0.000000
0.000000
0.000000
0.000000
0.000000
1.141446
0.000000
0.000000
0.000000
0.000000
0.000000
0.000000
0.000000
0.992494
0.000000
0.000000
0.000000
1.332367
0.000000
0.000000
0.000000
0.000000
0.000000
0.000000
0.000000
0.000000
0.000000
0.000000
0.000000
0.000000
1.604001
0.000000
0.000000
0.000000
0.000000
0.000000
0.000000
0.000000
0.000000
0.000000
0.000000
0.000000
0.000000
0.000000
0.000000
0.564966
0.000000
0.000000
0.262882
0.000000
0.464819
0.000000
0.000000
0.000000
0.000000
0.832174
0.000000
0.000000
0.000000
0.110778
0.000000
0.200917
0.493528
0.000000
0.000000
0.000000
0.000000
0.000000
0.000000
0.000000
0.000000
0.000000
0.000000
2.522212
0.000000
1.495210
0.000000
0.000000
0.000000
0.000000
0.000000
0.000000
0.000000
0.432223
0.000000
0.000000
0.000000
2.091194
0.000000
3.042724
0.000000
2.329084
0.000000
0.000000
1.211254
1.425908
0.000000
0.000000
0.000000
0.000000
1.468988
0.011566
0.000000
0.000000
0.225575
0.591811
0.000000
0.000000
0.096634
0.000000
0.000000
0.000000
0.000000
0.000000
0.000000
0.000000
0.000000
0.000000
2.020916
0.000000
0.000000
0.000000
0.000000
0.000000
1.043797
0.000000
0.000000
0.000000
0.000000
0.000000
0.000000
0.000000
0.000000
0.000000
0.000000
0.000000
0.000000
0.000000
0.003537
0.000000
0.000000
0.000000
0.000000
0.000000
0.205690
0.000000
0.000000
0.049875
0.000000
0.000000
0.000000
0.000000
0.000000
0.412030
0.000000
0.000000
0.000000
0.000000
0.000000
0.000000
0.000000
0.000000
0.000000
0.000000
1.277262
0.000000
1.396204
0.000000
0.000000
0.000000
0.000000
0.000000
0.000000
0.000000
0.000000
0.884877
0.000000
0.000000
0.833076
0.000000
0.000000
0.000000
0.000000
0.000000
0.000000
0.438922
0.204177
0.000000
0.000000
0.000000
0.000000
0.000000
0.000000
0.000000
0.752461
0.000000
0.000000
0.000000
0.474645
0.000000
0.000000
2.080698
1.140057
0.000000
0.000000
1.532615
0.000000
0.000000
0.000000
0.000000
0.114884
0.000000
0.000000
0.000000
0.000000
1.938146
0.000000
0.000000
0.000000
0.000000
0.000000
0.000000
0.000000
0.000000
1.463060
0.000000
0.000000
1.700073
0.000000
0.000000
0.000000
0.062422
1.486843
0.000000
0.000000
0.000000
1.396582
0.000000
0.000000
0.000000
0.000000
0.000000
0.000000
0.393870
0.000000
0.000000
0.000000
0.000000
1.392426
0.089849
0.638888
0.000000
0.000000
0.000000
0.000000
0.000000
0.000000
0.000000
0.000000
0.000000
0.000000
0.000000
0.009910
0.000000
0.000000
0.024654
0.000000
0.292638
0.135077
0.000000
0.000000
0.000000
0.000000
0.000000
0.069630
0.000000
0.000000
0.000000
0.000000
0.921967
0.000000
0.621797
0.000000
0.000000
0.000000
0.000000
0.000000
0.000000
0.000000
0.000000
0.000000
0.000000
0.000000
0.000000
0.000000
0.594598
0.000000
0.000000
0.000000
0.000000
1.050923
0.000000
0.000000
0.000000
0.000000
0.000000
0.000000
0.177104
0.000000
0.000000
0.000000
0.000000
0.000000
0.000000
0.000000
0.000000
0.000000
0.000000
0.000000
0.000000
0.000000
0.000000
0.000000
0.000000
0.000000
0.052914
0.000000
0.000000
0.000000
0.000000
0.000000
0.000000
0.000000
0.000000
1.707049
0.000000
0.000000
0.000000
0.000000
0.000000
0.000000
0.000000
0.000000
0.000000
0.000000
0.011368
0.782931
0.000000
0.022093
0.000000
0.000000
0.000000
0.660801
1.287181
0.072649
0.000000
0.239413
0.000000
0.000000
0.000000
1.196025
0.000000
0.000000
0.000000
0.000000
2.728233
0.000000
0.186318
0.000000
0.000000
0.000000
0.000000
0.000000
0.000000
0.000000
0.000000
0.000000
0.000000
0.880826
0.000000
0.000000
0.037839
0.000000
0.000000
0.000000
0.000000
0.000000
0.000000
0.000000
0.000000
0.000000
0.000000
0.338295
0.000000
0.000000
0.000000
0.000000
2.813776
0.000000
0.000000
0.000000
0.000000
0.000000
0.000000
0.094735
0.000000
0.000000
0.000000
0.000000
0.341427
1.157508
0.000000
0.000000
0.166347
0.000000
0.000000
0.000000
0.000000
0.000000
0.773013
0.000000
0.271373
0.000000
0.000000
0.000000
0.000000
0.000000
0.000000
0.000000
0.000000
1.047957
0.000000
0.000000
0.000000
0.000000
0.000000
0.000000
0.000000
0.000000
0.000000
0.000000
0.224167
0.000000
0.000000
0.000000
0.000000
0.000000
1.117178
0.000000
0.000000
0.000000
0.000000
0.000000
0.000000
0.000000
0.000000
0.000000
0.000000
1.082075
0.000000
0.000000
0.000000
0.000000
0.000000
0.000000
0.000000
0.000000
0.000000
1.567034
0.000000
0.000000
0.000000
0.000000
0.252958
0.000000
0.000000
0.000000
0.587288
0.000000
0.000000
1.152482
0.000000
0.000000
0.000000
0.000000
0.000000
0.000000
0.000000
0.000000
0.000000
0.000000
0.274310
0.000000
0.000000
0.000000
0.000000
1.466101
0.000000
0.000000
0.000000
0.000000
1.565806
0.000000
0.000000
0.000000
0.000000
0.204174
0.580200
0.000000
0.000000
0.000000
0.000000
0.000000
0.000000
0.000000
0.000000
0.000000
0.985528
0.000000
0.000000
0.048900
0.000000
0.000000
0.000000
0.000000
0.000000
0.000000
0.106542
0.000000
0.000000
0.000000
0.247936
0.000000
1.046955
0.000000
0.000000
0.000000
0.000000
0.000000
0.183589
0.000000
0.000000
0.000000
0.000000
0.000000
0.901618
0.840366
0.000000
0.000000
0.000000
0.000000
0.000000
0.000000
0.000000
0.000000
0.000000
0.000000
0.000000
0.000000
1.364387
0.000000
0.000000
0.000000
0.000000
0.140321
3.312995
0.000000
0.000000
0.000000
0.176845
0.000000
0.000000
0.000000
1.226312
0.000000
0.000000
0.000000
0.000000
0.160851
1.155880
0.000000
0.000000
0.000000
0.000000
0.112113
0.619821
0.374998
0.000000
0.480225
0.661400
0.000000
0.000000
0.000000
0.000000
0.000000
0.000000
0.000000
0.003279
0.000000
2.498700
2.250513
0.000000
0.000000
0.000000
0.000000
0.000000
0.000000
0.000000
0.000000
0.000000
0.000000
0.291078
0.000000
0.000000
0.000000
1.249617
0.000000
0.000000
0.102482
0.000000
0.000000
0.000000
0.000000
0.170307
0.000000
0.000000
0.000000
0.000000
0.000000
1.979152
0.000000
0.000000
2.523274
0.000000
0.000000
0.000000
1.148678
0.000000
0.000000
0.000000
0.000000
0.000000
0.000000
0.000000
0.000000
0.016944
0.000000
0.000000
0.630082
0.000000
3.641219
0.872319
0.000000
0.000000
0.000000
0.000000
0.000000
0.188727
0.638584
0.636400
0.000000
0.000000
0.000000
0.000000
0.000000
0.000000
0.000000
0.000000
0.000000
0.000000
0.000000
0.000000
0.927820
0.000000
0.000000
0.255598
0.000000
0.000000
0.000000
0.000000
0.000000
0.000000
0.000000
0.850071
0.000000
0.000000
0.000000
0.000000
0.000000
2.242149
0.000000
0.264470
0.000000
0.000000
0.890432
0.000000
0.143236
0.000000
0.000000
0.000000
0.000000
0.000000
2.140528
0.000000
0.000000
0.119883
0.872901
0.017088
0.000000
0.485856
0.000000
0.000000
0.000000
0.000000
1.420936
0.000000
0.000000
0.000000
1.235954
0.000000
0.000000
0.000000
0.897090
0.000000
0.000000
0.000000
0.903037
1.636194
0.167765
0.000000
0.000000
0.000000
1.314121
0.000000
1.111463
0.000000
0.630766
0.485111
0.000000
0.000000
0.660201
2.353026
1.729659
0.000000
0.000000
0.000000
0.000000
0.000000
2.266232
0.447146
0.000000
0.503296
0.000000
2.283883
0.000000
0.222131
2.100346
0.000000
0.000000
0.428588
0.000000
0.000000
0.000000
0.000000
0.000000
1.635699
0.000000
0.000000
0.000000
0.000000
0.000000
0.000000
0.000000
0.000000
0.000000
0.000000
0.000000
0.000000
0.000000
0.000000
0.000000
0.000000
0.000000
0.000000
0.227032
0.000000
0.000000
0.000000
0.386645
0.000000
0.000000
0.000000
0.000000
0.000000
0.809808
0.000000
0.000000
0.000000
0.000000
0.000000
0.000000
0.000000
0.000000
0.000000
0.000000
0.531903
0.000000
0.000000
0.000000
0.000000
0.000000
0.000000
0.000000
0.000000
0.000000
0.000000
3.603112
0.000000
0.000000
0.000000
0.000000
0.000000
0.000000
0.128347
0.000000
2.106725
0.000000
0.000000
0.000000
0.000000
0.000000
0.000000
0.000000
0.000000
0.000000
0.000000
1.596673
0.000000
0.466651
0.000000
0.000000
0.000000
0.000000
0.000000
0.000000
0.000000
0.133655
0.000000
1.749254
0.857427
0.000000
1.715166
0.000000
0.000000
0.000000
0.000000
0.000000
0.000000
0.000000
1.064478
0.000000
0.170713
0.000000
0.000000
0.333294
0.103332
0.000000
0.000000
0.000000
0.000000
0.000000
0.000000
0.000000
0.000000
0.000000
0.000000
0.276091
0.000000
0.000000
0.000000
0.000000
0.000000
2.926260
0.000000
0.000000
0.000000
0.088721
0.000000
0.000000
1.282152
0.000000
0.000000
0.000000
0.000000
0.000000
0.000000
0.000000
0.000000
0.039983
0.000000
0.000000
0.000000
0.000000
0.012518
0.000000
0.405346
1.361486
0.000000
0.124033
0.000000
0.000000
0.000000
0.000000
3.800918
1.805878
1.681684
0.000000
0.816748
0.000000
1.225973
0.000000
0.279031
0.000000
0.118353
0.000000
0.000000
0.000000
0.000000
0.000000
0.000000
0.000000
0.000000
0.000000
0.000000
0.027990
0.000000
0.000000
0.064229
0.000000
0.000000
0.000000
2.103809
0.000000
0.000000
0.000000
0.000000
0.000000
0.000000
0.000000
0.000000
0.000000
0.000000
0.000000
0.882227
0.000000
0.000000
0.000000
0.000000
0.000000
0.000000
0.000000
0.000000
0.658133
0.000000
0.000000
0.000000
0.000000
0.000000
0.699890
0.000000
0.000000
0.015021
0.000000
1.274377
0.000000
0.000000
0.000000
0.708035
0.000000
0.000000
0.000000
0.000000
0.131666
0.000000
0.000000
0.036842
1.501708
0.000000
0.000000
0.000000
2.657691
0.000000
0.000000
0.000000
0.000000
0.000000
1.288050
0.000000
0.000000
2.377785
0.000000
2.345187
0.783874
0.000000
0.000000
0.000000
0.000000
0.000000
1.035755
0.000000
0.000000
0.000000
0.000000
0.317395
0.000000
1.649118
0.000000
0.000000
0.000000
0.000000
0.000000
0.000000
0.000000
0.000000
0.000000
0.000000
0.000000
1.661288
0.000000
0.000000
0.000000
0.000000
0.000000
0.164162
0.000000
0.000000
0.000000
0.000000
0.000000
0.000000
0.739039
0.000000
0.000000
0.459579
0.000000
0.000000
0.000000
0.000000
0.000000
0.000000
0.000000
1.495115
0.993715
0.000000
0.000000
0.000000
0.000000
0.000000
0.000000
0.000000
0.000000
1.158364
0.000000
0.000000
0.000000
0.000000
0.000000
0.000000
0.097412
0.000000
0.000000
0.000000
0.000000
0.000000
0.000000
1.382562
0.000000
0.000000
1.715536
0.000000
0.000000
0.000000
0.000000
0.000000
0.000000
0.000000
0.000000
0.000000
0.000000
2.285203
0.000000
2.150662
0.000000
0.000000
0.866088
0.000000
0.000000
0.000000
0.000000
0.000000
0.000000
0.000000
0.000000
0.000000
0.000000
0.669424
0.342614
0.000000
1.230105
0.000000
0.000000
0.000000
0.000000
0.000000
0.000000
0.000000
0.000000
0.000000
0.000000
0.000000
0.121313
0.000000
0.000000
0.000000
0.000000
0.000000
0.000000
0.000000
0.000000
0.000000
0.000000
0.000000
0.504494
0.000000
0.000000
0.000000
0.000000
0.000000
0.000000
0.000000
0.909081
0.000000
0.000000
0.000000
0.000000
1.201203
2.277184
0.000000
0.000000
0.000000
0.812127
0.000000
1.395140
0.000000
0.000000
0.000000
0.914161
0.000000
0.000000
0.000000
0.000000
0.854863
0.000000
0.648968
0.000000
0.000000
0.648444
0.000000
0.000000
1.282704
0.000000
0.194476
0.000000
0.000000
0.000000
0.000000
0.000000
0.000000
0.059643
1.364551
0.000000
0.000000
0.000000
0.000000
0.000000
0.000000
0.000000
0.000000
0.000000
0.000000
0.000000
0.828845
0.000000
0.000000
0.983337
0.000000
0.000000
0.877640
0.000000
0.000000
0.000000
0.000000
0.000000
0.000000
0.000000
0.000000
0.000000
0.824712
0.000000
0.000000
0.000000
0.000000
0.000000
0.000000
0.000000
0.000000
0.000000
0.000000
0.000000
0.000000
0.000000
0.000000
0.000000
3.186376
0.000000
0.000000
0.000000
0.000000
0.000000
0.839396
0.000000
0.375189
0.000000
0.000000
0.000000
0.000000
1.152124
0.665420
0.000000
0.000000
0.000000
0.320054
0.000000
0.177452
0.000000
0.000000
0.000000
0.000000
0.000000
0.258147
0.000000
0.000000
1.424084
0.732656
3.593866
0.000000
2.043901
0.011498
1.412690
0.000000
0.000000
0.113425
2.938357
0.000000
0.514308
2.410000
0.073570
0.801619
0.000000
0.000000
0.075469
0.000000
0.000000
0.774941
0.000000
0.000000
0.000000
1.460417
0.000000
0.000000
0.000000
0.000000
0.000000
0.000000
0.000000
0.000000
0.000000
0.143839
0.000000
0.931582
0.000000
0.961040
0.701435
0.000000
0.000000
0.000000
0.000000
0.000000
0.000000
0.000000
0.000000
0.000000
0.000000
0.456230
0.000000
0.000000
0.741817
0.000000
1.179630
1.454258
0.000000
1.291382
0.000000
0.000000
0.000000
0.000000
0.000000
0.000000
0.000000
0.000000
0.731589
0.000000
0.000000
0.000000
1.539819
0.000000
0.000000
0.000000
0.000000
0.000000
0.267656
0.000000
0.000000
0.000000
0.000000
0.000000
0.000000
0.000000
0.141023
0.456139
0.711415
0.000000
0.000000
0.000000
0.000000
0.311726
0.000000
0.000000
0.144466
0.000000
0.000000
0.000000
0.000000
1.148430
0.000000
0.000000
0.000000
0.000000
0.498584
0.000000
0.000000
0.000000
0.000000
0.000000
0.000000
0.000000
0.000000
0.000000
0.000000
0.000000
0.370582
0.000000
0.000000
0.000000
0.000000
0.000000
0.000000
0.560792
0.000000
0.000000
0.000000
0.000000
0.000000
0.000000
0.000000
0.000000
2.172589
0.000000
0.000000
0.000000
0.628857
0.000000
0.000000
0.000000
0.417005
3.243603
0.089374
0.000000
0.000000
0.000000
0.000000
0.000000
0.463348
0.027523
0.000000
0.359481
0.000000
0.321792
0.059989
0.000000
1.081376
0.000000
0.000000
0.218029
0.000000
0.000000
1.289536
3.036038
0.000000
0.000000
0.000000
0.000000
0.000000
0.000000
0.000000
0.000000
0.505752
0.000000
0.000000
0.000000
0.000000
0.000000
0.525294
0.000000
0.000000
0.000000
0.000000
1.415050
0.000000
0.000000
0.000000
0.845341
0.000000
0.000000
0.000000
0.067853
0.000000
0.000000
0.000000
0.000000
0.000000
0.000000
0.000000
0.000000
0.000000
0.000000
0.000000
0.000000
0.000000
0.000000
0.000000
0.000000
0.661702
0.000000
0.823029
1.529622
0.000000
0.102768
0.133539
0.000000
1.062242
0.328643
0.000000
1.078638
1.356960
0.000000
0.000000
0.000000
1.068631
0.000000
0.000000
1.840421
0.000000
0.088585
0.000000
0.901767
0.000000
0.000000
0.000000
0.000000
1.662762
0.327101
0.000000
0.000000
0.000000
0.000000
0.709350
0.000000
0.000000
0.000000
0.000000
0.000000
0.000000
0.000000
0.000000
1.720475
0.000000
0.000000
0.000000
0.000000
3.612648
0.000000
0.000000
0.000000
0.000000
0.000000
0.000000
0.000000
1.247768
1.937618
0.000000
2.284595
0.000000
0.000000
0.000000
0.000000
0.000000
0.000000
0.000000
1.083967
0.000000
0.000000
0.000000
0.000000
0.000000
1.028701
0.000000
0.000000
0.000000
0.000000
0.000000
0.000000
0.000000
1.737217
0.500127
0.000000
0.000000
0.000000
0.906483
0.485290
0.000000
0.000000
0.030243
0.000000
0.000000
1.817255
1.442061
0.000000
0.000000
0.000000
0.000000
0.000000
0.000000
0.000000
1.707441
0.000000
0.353093
0.000000
0.000000
0.000000
0.000000
0.000000
1.223969
0.000000
0.000000
0.000000
0.000000
0.000000
0.000000
0.000000
0.508171
1.240666
0.000000
0.739596
0.000000
0.722685
0.000000
0.000000
0.000000
0.000000
0.000000
0.000000
0.000000
0.000000
0.000000
0.000000
0.000000
0.000000
0.000000
0.000000
0.000000
0.000000
0.000000
0.000000
0.000000
0.000000
2.176069
0.000000
0.000000
0.000000
0.000000
0.000000
0.000000
0.000000
0.000000
0.000000
0.197702
0.000000
0.000000
0.000000
0.000000
1.341517
0.000000
0.255160
0.000000
0.000000
0.000000
0.000000
0.000000
0.000000
0.284876
0.000000
0.235835
0.000000
0.618667
0.326713
0.000000
0.000000
0.000000
0.000000
0.000000
1.100144
0.553632
0.000000
0.000000
0.000000
0.076689
0.291361
0.000000
2.364366
0.000000
0.000000
0.000000
0.000000
0.000000
0.000000
0.000000
0.000000
0.000000
0.000000
0.000000
0.000000
0.000000
0.000000
0.000000
0.000000
0.253510
0.000000
0.000000
1.054588
0.650968
0.000000
0.000000
0.000000
0.000000
2.201088
0.000000
0.000000
0.250410
0.000000
0.000000
2.535251
0.000000
0.000000
2.001755
0.000000
0.000000
0.000000
0.000000
0.000000
0.000000
0.000000
0.000000
0.097578
0.000000
0.000000
0.000000
0.681529
1.443923
0.112960
0.000000
0.000000
0.106128
2.196153
0.000000
0.000000
0.000000
0.842476
0.000000
0.000000
0.000000
0.000000
0.214091
0.165755
0.000000
0.000000
0.000000
0.000000
0.000000
0.000000
0.213919
0.000000
0.046037
0.000000
0.000000
0.000000
0.000000
0.000000
0.000000
2.534735
0.000000
0.000000
0.000000
0.024997
0.000000
0.000000
2.220978
0.000000
0.000000
0.000000
0.000000
0.000000
0.000000
0.000000
0.000000
0.267969
0.000000
0.000000
0.000000
0.000000
0.931655
0.000000
0.000000
0.000000
0.000000
0.000000
0.000000
0.000000
0.000000
0.000000
0.723177
0.000000
0.000000
0.667652
1.229878
0.042700
0.000000
0.000000
0.696513
0.000000
0.000000
0.000000
0.000000
0.000000
0.000000
0.000000
0.000000
3.184724
0.911264
0.000000
0.000000
0.458169
0.000000
0.000000
0.334965
0.000000
1.502942
0.000000
0.000000
0.000000
0.000000
0.164529
0.000000
0.000000
0.000000
0.005099
0.000000
0.000000
0.000000
0.000000
0.000000
0.000000
0.417909
0.000000
0.000000
1.903589
0.000000
0.000000
0.000000
0.000000
1.519370
0.000000
0.000000
0.869681
0.000000
0.000000
0.000000
0.000000
0.000000
0.310499
0.035839
0.000000
1.079971
0.000000
0.000000
0.083992
2.663345
0.000000
0.000000
0.000000
0.000000
0.801361
0.000000
0.000000
0.000000
0.000000
1.145614
0.000000
0.000000
0.000000
0.000000
0.000000
1.368323
0.881239
2.240549
0.000000
0.413825
0.000000
0.000000
0.000000
0.000000
0.000000
0.000000
0.000000
0.000000
0.000000
0.000000
0.000000
0.121112
0.000000
0.000000
0.000000
0.080256
0.000000
0.000000
1.203499
0.000000
0.000000
0.000000
0.000000
0.000000
0.000000
0.000000
0.000000
0.000000
0.000000
1.603332
0.000000
0.000000
0.000000
0.000000
1.252795
0.113002
0.000000
0.000000
0.000000
0.000000
0.000000
0.730899
0.000000
0.000000
0.000000
0.000000
0.000000
0.000000
0.000000
0.177438
0.984216
0.000000
0.135460
0.000000
0.000000
0.000000
0.258143
0.000000
0.000000
0.000000
0.000000
0.000000
1.243963
0.000000
0.000000
0.000000
0.000000
0.000000
1.740234
0.000000
0.000000
0.496127
0.256631
0.801863
0.000000
0.000000
0.000000
1.586633
0.000000
0.000000
0.889591
0.000000
0.017008
0.000000
0.000000
0.955456
0.000000
0.000000
0.000000
0.000000
0.000000
0.000000
0.000000
0.000000
0.000000
0.000000
0.000000
2.491040
0.101316
0.000000
0.962011
1.201964
0.040591
0.000000
2.176709
0.000000
0.000000
0.017104
0.000000
0.000000
0.782793
1.624580
1.007562
0.174357
0.078165
0.000000
0.000000
0.000000
0.000000
0.000000
0.000000
0.000000
0.000000
0.000000
0.000000
0.839865
0.000000
0.000000
0.000000
0.000000
0.575149
0.000000
1.818903
0.000000
0.000000
0.385324
0.000000
0.000000
0.000000
1.380074
0.000000
0.000000
0.966472
0.000000
0.000000
0.000000
0.000000
0.000000
0.975189
1.116369
0.000000
2.422211
0.000000
0.000000
0.000000
1.413886
0.000000
0.832050
0.000000
0.000000
0.452877
0.455821
0.000000
0.843025
0.000000
0.000000
0.000000
0.361405
0.000000
0.000000
0.000000
0.000000
0.000000
0.000000
0.000000
0.000000
0.062830
1.128057
0.018369
0.000000
0.000000
0.053882
0.000000
0.000000
0.000000
0.000000
0.000000
0.000000
0.441039
0.000000
0.000000
0.000000
0.000000
0.000000
0.000000
0.000000
0.000000
0.000000
0.000000
0.000000
0.000000
0.000000
0.000000
0.000000
1.189704
0.000000
0.000000
0.923199
0.000000
0.000000
0.571064
0.962054
0.000000
0.000000
0.000000
0.000000
0.000000
0.000000
0.000000
0.000000
0.000000
0.000000
0.973182
0.000000
0.000000
0.000000
0.000000
0.000000
0.000000
0.000000
0.000000
0.000000
0.114443
0.000000
0.000000
0.000000
0.000000
0.000000
0.000000
0.000000
0.000000
0.000000
0.000000
0.000000
0.000000
0.056942
0.453334
0.000000
0.000000
0.000000
0.000000
0.000000
0.000000
0.000000
0.228647
0.000000
0.033285
0.000000
0.003561
0.000000
0.000000
0.000000
3.629513
0.000000
0.000000
0.000000
0.000000
0.000000
0.000000
0.000000
0.000000
0.000000
0.000000
1.785363
0.000000
1.022828
0.000000
0.000000
0.000000
0.000000
0.000000
0.000000
0.000000
0.000000
0.837962
0.000000
0.000000
0.000000
0.000000
0.000000
0.000000
0.000000
0.000000
0.000000
0.000000
0.000000
0.000000
0.000000
0.000000
0.000000
0.595778
0.000000
0.000000
1.797431
0.793773
0.000000
0.183241
0.000000
0.000000
0.000000
0.000000
0.000000
0.000000
0.000000
0.000000
0.600144
0.000000
0.000000
0.000000
0.147883
0.000000
0.000000
0.000000
0.000000
0.661806
0.000000
1.181360
0.000000
0.000000
0.000000
0.000000
0.067645
0.000000
0.000000
0.815170
0.924437
0.000000
0.000000
0.000000
0.000000
0.000000
0.000000
1.324555
0.193718
0.000000
0.000000
1.329277
0.000000
0.000000
0.422889
0.000000
0.379157
0.000000
0.000000
0.000000
0.000000
0.000000
0.000000
0.000000
0.000000
0.000000
0.000000
0.000000
0.000000
0.000000
0.000000
0.000000
0.000000
0.000000
0.000000
0.000000
0.000000
0.000000
0.482643
0.000000
0.000000
0.858874
0.000000
0.000000
0.000000
0.000000
0.000000
0.000000
0.000000
