0.000000
0.000000
0.648506
0.000000
0.000000
0.000000
0.053985
0.000000
0.000000
0.918200
0.000000
0.228855
0.000000
0.000000
0.000000
0.000000
0.000000
0.000000
0.000000
0.000000
0.000000
0.702800
0.000000
0.374934
0.929192
0.000000
0.000000
0.091356
0.000000
0.000000
1.211046
1.982211
0.000000
0.000000
0.000973
0.645493
0.467586
0.000000
1.099720
0.000000
0.000000
0.000000
0.826114
0.000000
0.000000
0.000000
0.000000
0.000000
0.451489
0.226094
0.000000
0.000000
0.575280
0.000000
0.742331
0.000000
0.604155
0.680578
0.000000
0.000000
0.132520
0.000000
0.000000
0.331083
1.412694
0.000000
0.000000
0.000000
0.000000
0.876402
0.000000
0.000000
0.000000
0.826671
0.000000
0.000000
0.000000
1.322371
0.000000
0.752621
0.210872
0.000000
0.000000
0.000000
0.278358
0.000000
0.000000
0.024768
0.000000
0.000000
0.000000
0.218501
0.546299
1.318422
0.154296
0.000000
0.000000
0.000000
0.000000
0.119899
0.225413
0.000000
0.000000
0.000000
0.000000
0.000000
0.113856
0.000000
1.344892
0.307206
0.000000
0.452691
0.000000
1.980219
0.000000
0.000000
0.000000
0.000000
0.079463
0.000000
0.000000
0.000000
0.000000
0.000000
0.000000
0.000000
0.000000
0.000000
0.000000
1.280321
0.000000
0.000000
0.000000
0.000000
0.562285
1.225296
0.000000
0.000000
0.390612
0.616404
0.000000
0.000000
0.930643
1.128397
0.354104
0.380249
0.000000
0.000000
0.518640
0.000000
0.144672
0.000000
0.008039
0.000000
0.382454
0.000000
0.000000
0.000000
0.000000
0.000000
0.000000
0.000000
0.332043
1.329004
0.000000
0.000000
0.801105
0.000000
0.000000
0.875271
0.000000
0.000000
0.000000
0.000000
0.000000
0.000000
0.572797
0.000000
0.937008
0.000000
0.000000
0.000000
0.208061
1.109939
0.000000
0.000000
0.048182
0.000000
0.000000
0.000000
1.136751
0.000000
0.000000
0.000000
0.000000
0.000000
1.069723
0.000000
0.000000
0.000000
1.038051
0.000000
0.000000
0.000000
0.000000
0.000000
0.000000
0.000000
0.000000
0.000000
0.000000
0.000000
0.000000
0.000000
0.000000
0.488009
0.744866
0.819359
0.000000
0.000000
0.000000
1.472758
0.067570
0.000000
0.000000
0.000000
0.466092
0.078629
0.000000
0.000000
0.000000
0.000000
0.000000
0.000000
0.000000
0.000000
0.000000
0.000000
0.000000
0.000000
0.000000
0.000000
0.019175
0.000000
0.263058
0.000000
1.580514
0.000000
0.000000
0.000000
0.000000
0.000000
0.000000
1.235531
0.000000
0.948227
0.000000
0.000000
0.000000
0.129537
0.000000
0.000000
0.000000
0.925137
0.079257
0.000000
0.000000
0.000000
0.000000
0.000000
0.000000
0.000000
0.000000
0.000000
0.000000
0.000000
0.000000
0.000000
0.000000
0.000000
0.048002
0.000000
0.000000
0.000000
0.000000
0.000000
0.000000
0.762315
0.000000
0.000000
0.000000
2.668745
0.000000
0.000000
0.000000
0.000000
0.000000
0.057693
0.000000
0.000000
0.000000
0.411256
0.320214
0.000000
0.000000
0.000000
0.000000
0.844634
0.000000
0.000000
0.799533
0.000000
0.000000
0.000000
0.000000
0.000000
0.000000
0.000000
0.000000
0.000000
2.842177
0.000000
0.000000
0.088584
0.000000
0.000000
0.231294
0.000000
0.000000
0.000000
0.000000
0.000000
0.000000
1.458446
0.136843
0.000000
0.000000
0.000000
0.732627
0.000000
0.000000
0.000000
0.000000
0.442704
0.000000
0.000000
0.000000
0.000000
0.000000
1.506618
0.000000
0.093705
0.773495
0.000000
1.583681
0.000000
0.000000
0.000000
0.000000
0.000000
0.000000
0.358936
1.426253
0.421319
0.000000
0.268746
0.000000
0.000000
0.000000
0.000000
0.673567
1.285762
0.000000
0.000000
0.000000
0.000000
1.145944
0.000000
0.000000
0.000000
0.000000
0.000000
0.000000
0.000000
0.000000
0.000000
0.000000
1.308413
0.011092
0.304300
0.439152
0.000000
0.000000
0.000000
0.719025
0.000000
0.000000
0.000000
0.000000
0.566507
0.000000
0.000000
0.079675
0.216014
0.000000
0.000000
0.000000
0.000000
0.000000
0.960519
0.000000
0.000000
0.000000
0.000000
0.000000
0.000000
0.000000
0.379521
0.000000
0.000000
0.000000
0.342666
0.000000
0.000000
0.000000
0.000000
0.000000
0.644143
0.000000
0.000000
1.002243
0.274930
0.000000
0.000000
0.000000
1.053112
0.000000
0.000000
0.000000
0.215170
0.000000
0.000000
0.000000
0.000000
0.000000
0.780346
0.000000
0.180249
2.072869
0.581322
0.291985
0.000000
0.000000
0.548423
0.600108
0.203000
2.197086
0.259976
0.000000
0.000000
0.510667
0.000000
0.000000
0.000000
0.549447
1.700922
0.000000
0.000000
0.000000
0.000000
0.000000
0.000000
0.368348
0.000000
0.000000
0.000000
0.361186
0.000000
0.000000
0.203223
0.000000
0.000000
0.000000
0.229675
0.138396
0.000000
1.103779
0.435648
0.000000
0.000000
0.997885
0.000000
0.000000
0.000000
0.000000
0.512686
0.000000
0.000000
0.000000
0.793001
0.618327
0.000000
0.000000
0.000000
0.000000
0.962373
0.000000
0.000000
0.000000
0.073917
1.572809
0.314073
0.000000
0.000000
0.000000
0.000000
0.000000
0.000000
0.000000
0.000000
0.000000
0.674133
0.000000
0.000000
0.246256
0.943926
0.000000
0.000000
0.000000
0.000000
1.637154
0.000000
0.000000
0.053571
0.000000
1.148749
0.000000
0.338524
0.000000
0.000000
0.000000
0.000000
1.538587
1.632087
0.000000
0.000000
0.000000
0.000000
0.000000
1.855071
0.000000
0.000000
0.188590
0.000000
0.000000
0.000000
0.203299
0.000000
0.000000
0.737831
0.000000
0.008443
0.000000
0.005733
0.000000
0.000000
0.000000
0.000000
0.000000
0.741617
0.000000
0.000000
0.752283
0.000000
0.000000
0.000000
0.000000
0.000000
0.000000
0.000000
0.617788
0.000000
0.000000
0.000000
0.000000
0.000000
0.245561
0.000000
0.338982
0.417499
0.000000
0.638185
0.587908
0.000000
0.000000
0.329393
0.697288
0.000000
0.000000
0.000000
0.000000
0.000000
0.000000
0.000000
0.000000
0.000000
0.000000
0.000000
0.000000
1.041510
1.608237
0.217346
0.000000
0.000000
0.000000
0.000000
0.656809
0.000000
0.000000
0.221035
0.000000
0.000000
1.110165
0.000000
0.588537
0.301531
0.000000
0.000000
0.144788
0.231370
0.000000
0.790514
0.235396
0.000000
0.000000
0.000000
0.000000
0.000000
0.000000
0.000000
0.000000
0.000000
0.000000
0.000000
0.433911
0.000000
0.000000
0.000000
0.000000
0.501472
1.249149
0.000000
0.000000
0.618859
0.000000
0.000000
0.000000
0.000000
0.000000
0.000000
0.000000
0.000000
0.000000
0.000000
0.000000
0.000000
0.000000
0.000000
0.106605
0.498608
0.000000
0.000000
0.000000
0.000000
0.000000
1.832369
0.000000
0.115893
0.000000
0.000000
0.299223
0.032374
0.000000
0.000000
0.260266
0.000000
0.000000
1.179187
0.000000
0.000000
0.203539
0.143450
0.215999
0.000000
0.000000
0.000000
0.000000
0.000000
1.144615
0.000000
1.938636
0.000000
0.000000
0.000000
0.000000
0.000000
0.000000
0.147257
0.000000
0.000000
0.000000
0.653260
0.000000
0.000000
0.269015
0.478384
0.000000
0.593874
0.000000
0.000000
0.000000
0.077661
0.000000
0.489913
0.000000
1.181875
0.010072
0.000000
0.000000
0.000000
0.000000
0.716846
0.269417
0.000000
0.000000
0.000000
0.015536
0.597329
0.012383
0.659387
0.000000
0.381638
0.146159
0.455504
0.061376
0.000000
1.065786
0.000000
0.000000
0.000000
0.000000
0.000000
0.000000
0.000000
0.000000
0.923582
0.000000
1.175951
0.000000
0.233982
0.000000
0.000000
0.000000
0.000000
2.644178
1.047985
0.000000
0.000000
0.000000
0.000000
0.000000
0.155133
0.000000
0.000000
0.666679
0.000000
0.000000
0.005506
0.000000
0.000000
0.000000
1.116166
1.886126
0.000000
0.000000
0.000000
0.000000
0.822206
0.000000
0.000000
0.506336
1.197320
0.000000
0.000000
0.000000
0.000000
0.000000
0.000000
0.000000
0.034258
0.000000
0.000000
0.000000
0.000000
0.000000
0.133062
0.000000
0.000000
0.000000
0.000000
0.000000
0.000000
0.000000
1.235699
0.596110
0.270184
0.000000
1.403806
0.000000
0.783733
0.000000
0.435257
1.027592
0.000000
0.000000
0.000000
0.000000
0.000000
0.000000
0.000000
0.000000
0.000000
0.000000
0.000000
0.000000
0.000000
0.000000
0.000000
0.000000
0.000000
0.000000
0.050030
0.000000
0.655585
0.000000
0.000000
0.000000
0.000000
0.533690
0.000000
0.065412
0.057350
0.050415
0.361815
1.781443
0.646102
0.000000
0.216889
0.000000
1.085367
0.000000
0.000000
0.000000
0.000000
0.000000
0.000000
0.000000
0.000000
0.000000
0.000000
0.000000
0.000000
0.000000
0.000000
0.000000
0.000000
0.000000
0.000000
0.558234
0.000000
0.000000
0.000000
0.814389
0.000000
0.000000
0.000000
0.000000
1.877877
0.000000
0.000000
0.000000
0.000000
0.000000
0.000000
0.000000
0.000000
0.000000
0.000000
0.326543
0.000000
0.000000
0.000000
0.840486
0.100400
0.197951
0.000000
0.000000
0.000000
0.075285
0.000000
1.614991
0.000000
0.000000
0.784476
0.000000
0.953019
0.085792
0.000000
1.491206
0.000000
0.000000
2.086152
0.000000
0.000000
0.635188
0.424021
0.000000
0.000000
0.000000
0.000000
0.000000
0.000000
0.000000
0.685628
0.000000
0.206583
0.411849
1.125159
0.000000
0.000000
0.000000
0.000000
0.183870
0.000000
0.000000
0.000000
0.297974
0.000000
0.000000
0.477016
0.000000
0.243031
0.664860
0.000000
0.000000
0.000000
0.000000
0.000000
0.000000
0.000000
0.000000
0.000000
0.000000
0.000000
0.084195
0.000000
0.000000
0.000000
0.000000
0.000000
0.000000
0.000000
0.000000
0.000000
0.000000
0.621789
0.000000
0.000000
0.000000
0.000000
0.136107
0.000000
0.708534
0.000000
0.000000
0.000000
0.000000
0.000000
0.000000
0.000000
0.000000
0.000000
0.000000
0.000000
0.000000
0.000000
0.000000
0.000000
0.193756
1.124994
0.000000
0.000000
0.334908
0.000000
1.851645
0.490939
0.850091
0.000000
0.000000
0.000000
0.000000
0.000000
0.268124
0.000000
0.140334
0.000000
1.189903
0.000000
0.719380
0.000000
0.000000
0.332574
0.000000
0.000000
0.000000
0.000000
0.000000
0.000000
0.000000
0.471839
0.000000
0.000000
0.000000
0.000000
0.000000
0.000000
1.065933
0.000000
0.000000
0.135730
0.973426
0.000000
0.045110
0.000000
0.000000
0.000000
0.000000
0.000000
0.000000
0.000000
0.000000
0.000000
0.000000
0.000000
0.000000
0.677176
0.000000
0.000000
0.000000
0.000000
0.000000
0.000000
0.418842
0.000000
0.000000
0.432584
0.000396
1.894186
0.000000
1.506011
0.000000
0.945325
0.000000
1.903370
0.000000
0.000000
0.000000
0.355438
0.000000
0.000000
0.000000
0.000000
0.000000
0.887151
0.000000
1.200778
0.000000
0.000000
0.000000
0.000000
0.519834
0.000000
0.000000
0.000000
0.195934
0.887068
0.000000
0.000000
1.142089
0.408047
0.000000
0.000000
1.217448
0.000000
0.000000
0.000000
0.000000
0.000000
0.000000
0.000000
0.849502
0.000000
0.000000
0.000000
0.000000
0.601787
0.000000
0.000000
0.000000
0.620708
0.000000
0.000000
0.000000
0.000000
0.000000
0.000000
1.025553
1.924878
0.000000
0.000000
0.000000
0.000000
0.478705
0.000000
0.000000
0.000000
0.515062
0.000000
0.550488
0.000000
0.000000
0.254703
1.878163
0.046759
0.000000
0.000000
0.000000
0.000000
0.000000
1.903605
0.000000
0.000000
0.000000
0.347719
0.000000
0.269032
0.000000
0.000000
0.000000
0.766061
0.000000
0.000000
0.000000
0.000000
0.000000
0.000000
0.121896
0.000000
0.000226
0.000000
0.000000
0.000000
0.000000
0.000000
0.000000
0.000000
0.000000
0.442399
0.000000
0.000000
0.000000
0.000000
0.000000
0.000000
0.282918
1.308193
0.000000
0.000000
1.139692
0.294852
0.000000
0.991266
0.535305
0.000000
0.000000
0.187799
0.000000
0.000000
0.000000
0.000000
0.450740
0.000000
0.000000
0.000000
0.000000
0.000000
1.820526
0.000000
0.000000
0.000000
0.407129
0.000000
0.000000
0.000000
0.000000
0.000000
0.000000
0.000000
0.000000
0.000000
0.450476
0.000000
0.000000
0.000000
0.364088
0.000000
0.000000
0.000000
0.000000
0.000000
0.000000
0.000000
0.933943
1.111762
0.050712
0.000000
1.758293
0.000000
0.000000
0.000000
0.000000
0.105310
0.000000
0.000000
0.000000
0.225041
0.000000
0.000000
0.000000
0.000000
1.830675
0.000000
0.724759
0.000000
1.086987
0.000000
0.000000
0.000000
0.000000
0.000000
0.573003
0.000000
0.000000
0.000000
0.000000
0.000000
0.000000
0.000000
0.000000
1.971456
0.000000
0.000000
0.000000
0.000000
0.000000
0.032968
0.000000
0.000000
0.000000
0.017027
0.000000
0.265100
0.000000
0.000000
0.000000
0.000000
0.000000
0.000000
0.000000
0.000000
0.452383
0.000000
0.237428
0.000000
0.186145
0.000000
1.423986
0.000000
0.000000
0.000000
0.000000
0.000000
0.000000
0.000000
0.038115
0.000000
0.000000
0.184879
0.000000
0.000000
0.000000
0.000000
0.000000
0.000000
0.303307
0.000000
0.000000
0.000000
0.000000
0.000000
0.000000
0.000000
0.000000
0.000000
0.000000
0.000000
0.000000
0.000000
0.000000
0.000000
0.000000
0.000000
0.000000
1.199997
0.549999
0.000000
0.000000
0.000000
0.000000
0.628671
0.000000
0.000000
0.000000
0.000000
1.433633
0.000000
0.205125
0.000000
0.000000
0.000000
0.000000
1.801671
0.000000
0.000000
0.296623
0.000000
0.000000
0.000000
0.192016
0.173913
0.539800
0.000000
0.646419
0.019529
0.000000
0.679417
0.000000
0.000000
0.000000
0.013988
0.000000
0.935186
0.000000
0.000000
0.079843
0.000000
0.349973
0.276216
0.000000
0.204134
0.000000
0.000000
0.191445
0.619972
0.000000
0.000000
0.237475
0.000000
0.000000
0.000000
0.661783
0.531896
0.652979
0.000000
0.000000
0.356605
0.350115
0.205165
0.000000
0.000000
0.000000
1.804220
0.000000
0.000000
0.000000
0.000000
0.000000
0.160325
0.000000
0.000000
0.000000
1.356453
0.137203
0.000000
0.000000
0.000000
0.000000
0.000000
0.344056
0.000000
0.000000
0.000000
1.538328
0.000000
0.000000
0.000000
0.000000
0.000000
0.000000
1.068485
0.000000
0.000000
0.000000
0.000000
2.048785
0.000000
0.000000
0.000000
0.000000
1.459693
0.000000
0.163429
0.000000
0.000000
0.000000
1.096280
0.000000
0.000000
0.000000
0.000000
0.324871
0.000000
0.000000
0.800550
0.000000
0.000000
0.000000
0.000000
0.000000
0.000000
0.000000
0.226777
0.341646
0.000000
0.000000
0.206607
0.000000
0.000000
0.000000
0.000000
0.000000
0.000000
0.000000
0.000000
0.000000
0.000000
0.000000
0.000000
0.000000
0.000000
0.000000
0.000000
0.174732
1.171144
0.000000
0.000000
0.660931
0.115461
0.000000
0.000000
0.000000
0.000000
0.000000
0.000000
0.000000
0.000000
0.000000
0.952622
0.057502
0.412802
0.000000
0.000000
0.000000
0.000000
0.358253
0.000000
0.542910
0.000000
0.000000
0.000000
0.000000
1.239690
1.365539
0.000000
0.600570
0.000000
0.000000
0.000000
0.000000
0.244659
0.000000
0.928539
0.000000
0.000000
0.466251
0.000000
0.068939
0.000000
0.000000
0.000000
0.000000
0.459685
0.000000
0.136338
0.000000
0.809549
0.000000
0.000000
0.000000
0.000000
0.000000
1.208129
0.000000
0.000000
1.450655
0.000000
0.000000
0.000000
0.000000
0.000000
0.071886
0.000000
0.000000
0.000000
0.242259
1.645129
0.000000
0.000000
0.000000
0.763000
0.000000
0.000000
0.000000
1.321731
1.027297
0.000000
1.807838
0.000000
0.000000
0.000000
0.000000
0.000000
0.856810
0.000000
0.000000
0.000000
0.000000
0.000000
0.000000
0.000000
0.157474
0.000000
0.113284
0.000000
0.000000
0.609311
0.000000
0.000000
0.000000
0.000000
0.000000
0.495016
0.000000
0.436280
0.000000
1.594440
0.000000
0.000000
0.000000
0.000000
0.000000
0.000000
0.000000
0.367697
1.188845
0.080085
0.000000
0.000000
0.000000
0.000000
0.000000
0.904571
0.000000
0.000000
0.000000
0.000000
0.000000
0.000000
0.000000
0.000000
0.000000
1.369664
0.000000
0.000000
0.000000
0.000000
0.000000
0.781337
0.000000
0.111372
1.070504
0.283681
0.000000
1.415123
0.003426
1.264343
0.000000
0.350094
1.211316
0.000000
0.000000
0.000000
0.000000
1.784052
0.000000
0.000000
0.000000
0.000000
0.000000
0.000000
0.000000
0.000000
0.000000
0.025452
0.000000
1.877694
0.153678
0.000000
0.312410
0.000000
0.000000
0.868343
0.000000
1.218498
0.000000
1.861857
0.556295
0.000000
0.068917
0.000000
0.060221
0.000000
0.000000
0.000000
0.000000
0.363238
0.000000
0.626821
0.680892
0.000000
0.000000
0.244648
0.000000
0.000000
0.000000
0.000000
0.000000
0.000000
0.000000
0.000000
0.000000
0.000000
0.000000
0.000000
0.000000
0.000000
0.373386
0.000000
0.000000
0.000000
0.000000
0.000000
0.000000
0.000000
0.000000
0.000000
0.000000
0.000000
0.071760
0.000000
0.000000
0.000000
0.230077
0.358093
1.372968
1.185831
0.863013
0.032425
0.000000
0.000000
0.000000
0.000000
0.220420
0.000000
0.000000
0.000000
0.000000
0.000000
0.000000
0.000000
0.000000
0.000000
0.009535
0.892815
0.179921
0.000000
0.000000
0.026538
0.000000
0.840804
0.000000
0.569993
0.000000
0.000000
0.000000
0.614281
0.000000
0.000000
0.000000
0.161991
0.088832
0.000000
0.000000
1.961932
0.000000
0.000000
0.000000
0.000000
0.849330
0.000000
0.000000
0.965532
0.850979
0.000580
0.000000
0.000000
0.000000
0.000000
0.000000
1.204365
0.000000
0.000000
0.375521
0.000000
0.000000
0.035840
0.000000
0.548543
0.714770
0.000000
0.000000
0.000000
0.000000
0.000000
1.342821
0.000000
0.871342
0.000000
0.307590
0.000000
0.000000
0.000000
0.000000
0.000000
0.000000
0.150932
0.000000
0.000000
1.100590
0.005631
0.000000
0.000000
0.401336
0.062911
0.000000
0.000000
0.000000
0.000000
0.000000
0.024427
0.448221
0.000000
0.000000
0.000000
0.000000
0.000000
0.000000
0.000000
0.000000
0.000000
1.430974
0.000000
0.000000
0.000000
0.856528
0.000000
0.620061
0.000000
0.385235
0.000000
0.000000
0.231169
0.536368
0.000000
0.000000
0.000000
0.000000
0.000000
0.202703
0.000000
0.000000
0.000000
0.972952
0.000000
0.000000
0.000000
0.000000
0.361161
0.000000
0.000000
0.000000
0.564744
0.000000
0.000000
0.000000
0.000000
0.000000
0.000000
0.000000
0.098113
0.000000
0.000000
1.042175
0.689953
0.000000
0.000000
0.000000
0.000000
0.000000
0.000000
0.000000
0.000000
0.000000
0.000000
0.000000
0.385377
0.000000
0.000000
0.425163
0.000000
0.862000
0.323451
0.000000
0.000000
0.000000
0.000000
0.000000
0.000000
0.000000
0.000000
0.000000
0.000000
0.000000
0.000000
0.000000
0.000000
0.244590
0.000000
0.000000
0.000000
0.000000
0.000000
0.940519
0.000000
0.000000
0.000000
0.000000
0.000000
0.000000
0.000000
0.000000
0.000000
0.240071
0.037555
0.000000
0.151151
0.000000
0.000000
0.000000
0.000000
1.520116
0.000000
0.000000
0.000000
0.000000
0.000000
0.000000
0.000000
0.000000
0.000000
0.000000
0.000000
0.000000
0.000000
0.050494
0.778713
0.000000
0.000000
0.831309
0.000000
0.677209
0.000000
0.000000
0.000000
0.000000
0.000000
0.000000
0.000000
0.000000
0.000000
0.000000
0.000000
0.000000
0.000000
0.005734
0.312166
0.000000
0.000000
0.000000
0.000000
2.109255
0.000000
0.000000
0.000000
0.000000
1.537356
0.000000
1.432668
0.000000
0.000000
0.032908
0.000000
0.000000
0.000000
0.000000
0.000000
0.000000
0.303720
0.000000
0.000000
0.000000
0.095726
0.000000
0.000000
0.228379
0.000000
0.662993
0.166043
0.000000
0.947435
0.918878
0.000000
1.512566
0.108755
0.199877
0.000000
0.000000
0.000000
0.000000
0.186045
0.000000
0.000000
0.000000
0.000000
0.000000
0.000000
0.000000
0.000000
0.000000
0.000000
0.000000
0.000000
1.590609
0.000000
0.000000
0.634320
1.132071
0.000000
1.191779
0.000000
0.000000
0.662529
0.000000
0.000000
0.000000
0.000000
0.031760
0.000000
0.000000
0.000000
0.000000
0.000000
0.614848
0.000000
0.447200
0.000000
0.000000
0.000000
0.000000
0.000000
0.536525
0.000000
0.000000
0.358816
0.000000
0.591117
0.000000
0.000000
0.026370
0.000000
0.623717
0.000000
0.000000
0.000000
0.000000
0.000000
0.000000
0.000000
0.000000
0.000000
0.000000
0.000000
0.202737
0.354278
0.300776
0.000000
0.959031
0.000000
0.000000
0.000000
0.193382
0.085544
0.000000
0.264311
0.171996
0.146862
0.000000
0.015775
0.000000
0.000000
1.159639
0.000000
0.000000
0.000000
0.000000
0.000000
0.304744
0.118941
0.000000
1.009703
0.000000
0.000000
0.000000
0.000000
0.000000
0.000000
0.367886
0.000000
0.000000
0.085346
0.000000
0.000000
0.000000
0.000000
0.000000
0.355321
0.000000
0.543614
0.000000
0.000000
0.000000
0.000000
0.930568
2.583580
0.000000
0.144205
0.000000
0.000000
1.459183
0.000000
0.000000
0.000000
0.000000
0.000000
0.274031
0.000000
0.000000
0.142388
0.000000
0.000000
0.934378
1.412898
0.018359
0.000000
0.841173
0.000000
0.000000
0.000000
0.000000
1.346213
0.000000
0.000000
0.000000
0.000000
0.000000
0.000000
0.000000
0.000000
0.000000
0.000000
1.461295
0.000000
0.000000
0.000000
0.000000
0.000000
0.146586
0.000000
0.000000
0.000000
0.898890
0.000000
0.000000
0.000000
0.000000
0.208528
0.794398
0.000000
0.000000
0.000000
0.000000
0.000000
0.000000
0.000000
0.000000
0.000000
0.000000
0.000000
0.000000
0.362498
0.000000
0.000000
0.000000
0.000000
0.000000
0.000000
0.000000
0.000000
0.000000
0.000000
0.000000
0.000000
0.000000
0.000000
0.000000
0.000000
0.785159
0.394080
0.000000
0.606106
0.000000
0.000000
0.000000
0.000000
0.000000
0.000000
0.000000
0.000000
0.000000
0.000000
0.969758
0.000000
0.929875
0.000000
1.346790
0.000000
0.000000
0.000000
0.682606
0.967297
0.000000
0.000000
0.000000
0.000000
0.000000
0.046867
0.546457
0.219454
0.000000
0.000000
0.587203
0.000000
0.000000
0.832041
0.000000
0.000000
0.371174
0.000000
0.000000
0.404495
0.648552
0.000000
0.000000
0.000000
0.000000
0.000000
0.000000
0.000000
0.000000
0.237953
0.000000
0.000000
0.000000
0.000000
0.000000
0.000000
0.522210
0.000000
0.000000
0.179437
0.000000
0.000000
0.324312
0.007960
0.000000
0.000000
0.000000
0.000000
0.000000
2.344902
0.000000
0.000000
0.733859
0.000000
0.542366
0.000000
0.000000
0.038234
1.356295
0.000000
0.000000
0.000000
0.000000
0.000000
0.000000
0.000000
0.000000
0.000000
0.000000
0.000000
0.000000
0.000000
0.730970
0.328237
0.847876
0.000000
0.000000
0.170449
0.000000
0.000000
0.000000
0.000000
0.200511
0.000000
0.000000
1.815185
0.966596
0.000000
0.000000
0.000000
0.000000
0.000000
0.000000
0.000000
0.594856
0.000000
0.000000
0.000000
0.000000
0.073331
0.000000
0.000000
0.000000
0.187887
0.000000
0.000000
0.000000
0.000000
0.000000
0.000000
0.000000
0.000000
0.000000
0.111364
0.000000
0.000000
0.000000
0.000000
0.000000
0.000000
0.000000
0.000000
0.630630
0.000000
0.000000
0.501595
0.000000
0.000000
0.000000
1.798552
0.694602
0.000000
0.000000
0.000000
0.000000
0.000000
0.335388
0.412554
0.000000
0.000000
0.000000
0.000000
0.000000
0.000000
0.000000
0.003537
0.405587
0.000000
0.000000
0.000000
0.000000
1.122868
0.347310
0.000000
0.000000
0.185354
0.000000
0.000000
0.000000
0.000000
0.000000
0.000000
0.000000
0.000000
0.000000
0.857612
0.000000
0.000000
0.000000
0.000000
0.000000
0.000000
0.000000
0.331839
0.000000
0.000000
0.000000
1.128698
0.276738
0.000000
0.000000
0.426241
0.000000
0.000000
0.311139
0.000000
0.000000
0.000000
2.276105
0.000000
0.000000
0.753111
0.000000
0.000000
0.000000
0.000000
0.000000
0.000000
0.000000
0.000000
0.000000
0.000000
0.000000
0.000000
0.000000
0.000000
0.000000
0.000000
0.000000
0.000000
1.125577
0.000000
0.000000
0.000000
0.000000
0.022556
0.000000
0.000000
0.000000
0.838090
0.000000
0.000000
0.000000
0.000000
1.673594
0.000000
0.000000
0.000000
0.439601
0.000000
0.000000
0.000000
0.000000
0.000000
0.000000
0.000000
0.062498
1.976527
0.000000
0.000000
0.000000
0.000000
0.338627
0.000000
0.020402
0.000000
0.427304
0.000000
0.000000
0.000000
0.000000
0.691573
0.102878
0.000000
0.000000
0.000000
0.000000
0.000000
0.077368
0.000000
0.000000
0.000000
0.000000
0.283243
0.000000
0.313712
0.000000
0.000000
0.000000
0.551744
1.350223
0.000000
0.000000
0.000000
0.000000
0.000000
0.000000
0.425535
0.000000
0.000000
0.000000
0.000000
0.483803
0.000000
0.000000
0.000000
0.000000
0.000000
0.000000
0.000000
0.825014
0.000000
0.000000
0.000000
0.000000
0.287435
1.237284
0.000000
0.307431
0.000000
0.000000
0.000000
0.817497
1.937401
0.000000
0.000000
0.000000
0.000000
0.000000
0.000000
0.000000
0.000000
0.000000
0.000000
0.000000
0.000000
0.000000
1.304179
0.000000
0.000000
0.000000
0.000000
0.000000
0.000000
0.000000
0.224808
0.000000
0.000000
0.034702
0.713099
0.000000
0.000000
0.000000
0.000000
0.000000
0.083068
0.000000
0.486947
0.000000
1.000434
0.000000
0.000000
0.000000
0.148250
0.000000
0.000000
0.108666
0.896074
0.000000
0.538848
0.160874
0.000000
0.000000
0.000000
0.000000
0.000000
0.347803
0.000000
0.151900
1.226215
0.000000
0.000000
0.463330
1.876783
0.000000
0.000000
0.000000
1.309729
0.000000
0.000000
0.000000
0.000000
0.465094
0.039043
0.000000
0.000000
0.000000
0.533460
0.000000
0.721738
0.000000
0.000000
0.489056
0.000000
1.365304
0.000000
0.730825
1.678274
0.000000
0.000000
0.000000
0.000000
0.000000
0.184116
0.987246
0.000000
0.000000
0.000000
0.963613
0.075059
0.000000
0.012318
0.000000
0.000000
0.617574
0.000000
0.000000
0.000000
0.000000
0.000000
0.000000
1.315704
0.075359
0.000000
1.363959
0.000000
0.000000
0.000000
0.000000
1.092912
0.000000
0.000000
0.000000
0.000000
0.000000
0.000000
0.000000
0.000000
0.753021
0.000000
0.000000
1.677823
0.000000
0.000000
0.000000
0.000000
0.000000
0.000000
1.522458
0.000000
0.000000
0.000000
0.000000
0.000000
0.000000
0.000000
0.000000
0.994898
0.000000
0.000000
0.926913
0.000000
0.000000
0.000000
1.410524
0.000000
0.000000
0.000000
0.000000
1.076289
0.000000
1.799735
0.000000
0.555505
0.000000
0.486209
0.000000
0.000000
0.221136
0.000000
0.222194
0.000000
0.000000
0.000000
0.000000
0.000000
0.000000
0.000000
0.000000
0.068842
0.000000
0.713274
0.000000
0.000000
0.722105
0.000000
0.000000
0.000000
0.000000
0.000000
0.080965
1.608941
0.000000
0.632601
0.745989
0.000000
1.073782
0.000000
0.000000
0.000000
0.616367
0.000000
0.000000
0.447830
0.000000
0.000000
0.000000
0.000000
1.656867
0.000000
0.000000
0.000000
0.000000
0.000000
0.000000
0.000000
0.667908
0.000000
0.000000
0.000000
0.000000
0.000000
0.118408
0.000000
0.000000
0.000000
0.000000
0.886072
0.000000
1.732053
0.368310
0.000000
0.449843
0.000000
0.000000
0.687586
0.000000
0.000000
0.000000
0.000000
0.000000
1.534724
0.000000
0.000000
0.000000
0.884148
0.000000
0.000000
0.000000
0.000000
0.000000
0.925083
0.000000
0.000000
0.000000
0.000000
0.000000
0.000000
1.676056
0.045080
0.521420
0.174085
0.363148
0.000000
0.000000
0.000000
0.000000
0.365607
0.000000
0.000000
0.000000
0.000000
0.000000
0.000000
0.000000
0.000000
0.000000
0.000000
0.000000
0.000000
0.000000
0.143104
0.978504
0.000000
0.195746
0.000000
0.800432
0.000000
0.000000
0.000000
0.000000
0.000000
0.000000
0.676525
0.000000
0.000000
0.000000
0.000000
1.087058
0.000000
0.000000
0.000000
0.000000
0.082193
0.000000
0.000000
0.000000
0.000000
0.000000
0.414479
0.000000
0.676610
0.000000
0.000000
0.000000
0.000000
0.000000
0.000000
0.297393
0.000000
0.000000
0.000000
0.908699
0.000000
0.000000
0.000000
0.000000
0.000000
0.144354
0.000000
0.331586
0.000000
0.000000
0.140779
0.000000
0.649086
0.000000
0.000000
0.893273
0.000000
0.922709
0.130723
0.000000
0.000000
0.000000
0.000000
2.802796
1.090865
0.000000
0.000000
0.000000
0.946326
0.000000
0.693464
0.000000
0.000000
0.000000
0.000000
0.000000
0.000000
0.000000
0.000000
0.000000
0.000000
0.835316
0.392063
0.221252
0.000000
0.000000
1.449174
0.000000
0.312727
1.266268
0.000000
0.000000
0.000000
0.000000
0.000000
0.000000
0.000000
0.000000
0.571600
0.000000
0.000000
0.000000
0.533597
0.000000
0.000000
0.000000
0.000000
0.000000
0.000000
0.465913
0.703740
0.199008
0.000000
0.690975
0.450826
0.000000
0.044480
0.510540
0.000000
0.000000
0.000000
0.850775
0.000000
0.899496
0.000000
0.183419
0.000000
0.000000
0.000000
0.000000
0.000000
0.421270
0.000000
0.000000
0.000000
0.000000
0.000000
0.000000
0.160175
0.000000
0.210512
0.000000
0.000000
0.000000
0.118625
0.000000
0.000000
0.000000
0.000000
0.000000
0.000000
0.983625
0.000000
0.627061
0.000000
0.000000
0.242993
0.000000
0.000000
0.430006
0.000000
0.000000
0.192450
0.000000
0.093019
0.000000
0.364651
0.000000
0.867137
0.000000
0.000000
0.000000
0.000000
0.544601
0.000000
0.000000
0.000000
0.000000
0.000000
0.000000
0.000000
0.053152
0.124800
0.000000
0.000000
0.000000
0.000000
0.229494
0.098071
0.000000
0.000000
1.107964
0.000000
0.000000
0.000000
0.000000
0.000000
0.243942
0.164988
1.030921
0.000000
0.000000
1.703330
1.301137
0.000000
0.000000
0.515188
0.930530
1.881362
0.205964
0.000000
0.000000
0.185683
0.000000
0.863697
0.000000
0.000000
0.000000
0.000000
0.000000
0.000000
0.596483
0.076672
0.005860
0.000000
0.000000
0.000000
0.000000
0.000000
0.000000
0.000000
1.819002
0.000000
0.000000
0.000000
0.000000
0.472377
1.284729
0.000000
0.000000
0.000000
0.000000
0.000000
0.000000
0.000000
0.000000
0.000000
0.000000
0.000000
0.000000
0.000000
0.000000
0.000000
0.637610
1.378590
0.000000
1.474719
0.000000
0.000000
0.000000
1.326942
0.000000
0.000000
0.000000
0.432798
0.000000
0.000000
0.000000
0.000000
0.000000
0.000000
0.934068
0.000000
0.000000
0.411879
0.000000
0.000000
0.000000
0.000000
0.191603
0.000000
0.000000
0.000000
0.000000
0.000000
0.000000
0.000000
0.000000
0.000000
0.000000
1.558062
0.000000
0.000000
0.000000
0.000000
0.000000
0.474295
0.000000
0.000000
0.000000
0.000000
0.000000
0.000000
0.285943
0.000000
0.518699
0.000000
1.421992
0.000000
0.000000
0.081662
0.000000
0.053924
0.000000
1.472483
0.000000
0.000000
0.000000
0.643096
0.000000
0.259230
0.000000
0.000000
0.018658
2.533603
0.602535
0.000000
0.000000
0.000000
0.000000
0.000000
0.000000
0.000000
0.000000
0.298461
0.000000
0.000000
0.000000
0.000000
0.000000
0.146081
0.000000
0.000000
0.000000
0.000000
0.000000
0.000000
0.000000
0.000000
0.000000
0.000000
0.000000
0.000000
0.000000
0.000000
0.000000
0.000000
0.313122
0.000000
0.000000
0.000000
0.000000
0.000000
0.000000
0.000000
0.087024
0.000000
0.000000
0.000000
0.000000
0.000000
0.753811
0.000000
0.000000
0.000000
0.000000
0.000000
0.000000
0.000000
0.000000
0.416601
0.000000
0.000000
0.000000
0.000000
1.344490
0.000000
0.380130
0.000000
0.000000
0.000000
0.000000
0.000000
0.000000
0.000000
0.000000
1.020004
0.000000
0.000000
0.104085
0.000000
0.469638
1.263565
0.000000
0.051141
0.000000
0.000000
0.036963
0.342999
0.000000
0.923339
0.000000
0.000000
0.000000
0.907004
0.000000
0.000000
0.885436
0.000000
0.000000
0.428090
0.000000
0.000000
0.255130
0.299819
0.000000
0.000000
0.000000
0.350628
0.315605
0.000000
0.000000
0.213895
0.000000
0.000000
0.000000
0.000000
0.000000
0.000000
0.829068
0.211790
0.400335
0.000000
0.000000
0.000000
0.000000
0.000000
0.000000
0.000000
0.000000
0.000000
0.000000
0.239264
0.000000
0.000000
0.000000
0.000000
2.068364
0.710737
0.000000
0.000000
0.000000
0.000000
0.000000
0.000000
0.000000
0.000000
0.000000
0.000000
0.000000
0.245648
3.095678
0.732701
0.672854
0.000000
0.484197
0.000000
0.000000
0.947391
0.174462
0.000000
0.000000
0.000000
0.000000
0.303931
0.000000
0.000000
0.000000
0.000000
0.000000
0.000000
0.501665
0.000000
0.000000
1.495539
0.000000
0.000000
0.000000
0.000000
0.346116
0.000000
0.000000
0.000000
0.256969
0.000000
0.000000
0.000000
0.000000
0.000000
0.000000
0.000000
0.000000
0.000000
0.000000
0.111732
0.000000
0.000000
0.000000
0.000000
0.152024
0.000000
0.000000
0.000000
0.000000
0.000000
0.000000
0.892012
0.000000
0.000000
0.007886
0.218283
0.000000
0.000000
0.000000
0.396856
0.655726
1.239823
0.000000
0.000000
1.590664
0.000000
0.000000
0.000000
0.350570
0.000000
0.000000
0.000000
0.239616
0.154900
0.000000
0.000000
0.000000
0.000000
0.000000
0.000000
0.000000
0.000000
0.310235
0.000000
0.000000
0.000000
0.000000
0.000000
0.000000
0.000000
0.000000
0.000000
0.564614
0.365146
0.134251
0.000000
0.000000
0.040313
0.000000
0.000000
0.848237
0.000000
0.000000
0.000000
0.000000
0.116883
0.816655
0.000000
0.230521
0.774760
0.000000
0.467984
0.000000
0.000000
0.000000
0.000000
0.000000
0.607112
0.566275
0.000000
0.000000
0.000000
0.776864
0.000000
0.163406
0.000000
0.000000
0.000000
0.286216
0.000000
0.000000
1.975170
0.496386
0.000000
0.000000
1.147097
0.000000
1.187917
0.641769
0.000000
0.000000
0.000000
0.477926
0.000000
0.000000
0.000000
0.000000
0.000000
0.000000
0.000000
0.000000
0.353953
0.000000
0.625646
0.000000
0.000000
0.000000
0.460950
0.000000
1.081816
0.276974
0.370316
0.000000
0.000000
0.043601
0.000000
0.000000
0.543530
0.000000
0.000000
2.020011
1.320882
0.000000
0.000000
0.000000
0.000000
0.263580
0.000000
1.087258
0.000000
0.240720
0.000000
0.000000
0.000000
0.240567
0.000000
0.000000
0.000000
0.000000
0.000000
0.000000
0.000000
0.000000
1.473116
0.205400
0.757946
0.000000
0.000000
0.000000
0.000000
0.000000
0.608486
0.446332
0.000000
0.000000
0.000000
0.000000
0.000000
0.000000
0.000000
0.000000
0.822368
0.000000
0.000000
0.000000
0.000000
0.362990
0.000000
0.000000
0.048766
0.000000
0.647666
0.149119
0.000000
0.000000
1.067357
0.000000
0.000000
0.000000
1.233494
0.000000
0.370470
0.000000
0.039177
0.211079
0.000000
0.486634
0.000000
0.000000
0.000000
0.000000
0.000000
0.000000
0.000000
0.000000
0.000000
1.689420
0.000000
0.000000
0.312605
0.000000
0.000000
0.000000
0.000000
0.000000
0.000000
1.304371
0.000000
0.000000
0.000000
0.000000
0.000000
1.400471
0.431513
1.170782
0.188100
0.000000
0.193136
0.000000
0.307398
0.000000
0.000000
0.000000
0.000000
0.000000
0.000000
0.000000
0.306193
0.000000
0.000000
0.000000
0.000000
0.000000
0.000000
0.000000
0.540951
0.000000
0.000000
0.000000
0.310289
1.767392
0.000000
0.000000
0.000000
0.800029
0.000000
0.000000
0.000000
0.000000
0.000000
0.263809
0.000000
0.000000
0.000000
0.422316
0.000000
0.000000
0.511910
0.582233
0.317994
1.043459
0.265375
0.155045
0.000000
0.007233
0.000000
0.000000
0.000000
1.176502
0.000000
0.000000
0.000000
1.129118
0.000000
0.000000
0.000000
0.000000
0.000000
0.000000
0.700432
0.087020
0.000000
0.000000
1.474447
0.000000
0.280421
0.000000
0.870432
0.000000
0.000000
0.000000
0.000000
0.000000
0.000000
0.000000
0.964457
0.000000
0.554595
0.000000
0.000000
0.354605
0.000000
0.000000
0.000000
0.000000
0.000000
0.000000
0.000000
0.000000
0.000000
0.000000
0.015125
0.579892
0.000000
0.667743
0.713252
0.000000
0.000000
1.530372
0.000000
0.000000
0.000000
0.000000
2.020118
0.000000
0.000000
0.000000
0.000000
0.000000
0.000000
0.000000
0.000000
0.617219
0.439793
0.000000
0.000000
0.000000
0.000000
0.749233
0.000000
0.913408
0.000000
0.569822
0.000000
0.000000
0.000000
0.000000
0.943710
0.000000
0.000000
0.968556
0.088202
0.000000
0.000000
0.000000
0.000000
0.000000
0.000000
0.000000
0.362014
0.000000
0.000000
0.000000
0.000000
0.050991
0.000000
0.000000
0.000000
0.000000
0.869396
0.893696
0.387401
0.000000
0.637006
0.000000
0.000000
0.401879
0.000000
0.000000
0.000000
0.000000
0.000000
0.751821
0.000000
0.000000
0.000000
2.278109
0.000000
0.000000
0.000000
0.000000
0.750788
0.000000
0.000000
0.000000
0.000000
0.000000
0.000000
0.000000
0.086636
0.000000
0.000000
1.034751
0.000000
0.000000
0.000000
0.000000
0.383514
0.660306
0.000000
0.473106
0.000000
0.000000
0.000000
0.000000
0.000000
0.000000
0.000000
0.466602
1.435495
0.000000
0.000000
0.000000
0.000000
0.000000
0.486657
0.000000
0.000000
0.401997
0.559113
0.000000
0.000000
0.713484
0.042307
0.378502
0.000000
0.000000
0.697371
0.000000
0.000000
0.000000
0.000000
0.000000
0.000000
0.000000
0.000000
0.859076
0.625617
0.000000
0.000000
0.000000
0.000000
0.000000
0.000000
0.000000
1.462758
0.000000
1.593763
0.000000
0.121160
0.000000
1.364904
0.000000
0.000000
0.000000
0.000000
0.000000
0.000000
0.000000
0.346934
0.000000
0.086488
0.000000
0.000000
0.186325
1.269910
0.000000
0.000000
0.000000
0.000000
0.000000
0.000000
0.000000
0.543045
0.149872
0.804481
0.913770
0.000000
0.000000
0.450025
0.000000
0.000000
0.000000
0.919299
0.000000
0.849954
1.320439
1.917917
0.000000
0.000000
0.000000
1.235350
0.000000
0.000000
0.000000
0.000000
0.000000
0.000000
0.289619
0.234652
0.000000
0.000000
0.000000
0.000000
0.000000
0.000000
1.071518
0.000000
0.119421
0.000000
0.807767
0.000000
0.000000
0.000000
0.000000
0.665034
0.234804
0.000000
0.000000
0.000000
0.625113
0.000000
0.601013
0.000000
0.208559
0.000000
0.000000
0.000000
0.000000
0.669937
0.000000
0.472665
0.000000
0.000000
2.241906
0.621864
0.000000
1.487524
0.000000
0.000000
0.000000
0.000000
0.678416
0.000000
0.000000
0.000000
0.000000
0.789389
0.486306
0.000000
0.000000
0.000000
0.000000
0.000000
0.053636
0.000000
0.000000
0.000000
0.000000
0.000000
0.657381
0.000000
0.293815
0.000000
0.000000
0.000000
0.000000
0.883489
0.000000
0.000000
0.000000
0.000000
0.000000
0.000000
0.000000
0.615875
0.000000
0.000000
0.394859
0.000000
0.000000
0.000000
0.000000
0.000000
1.329741
0.828658
0.000000
0.262752
0.542599
0.436717
0.000000
0.000000
0.000000
0.000000
0.000000
0.000000
0.000000
0.000000
0.000000
0.510373
0.000000
0.000000
0.000000
0.000000
0.000000
0.000000
0.000000
0.000000
0.000000
0.446368
0.033785
0.000000
0.035338
0.000000
0.000000
0.000000
0.000000
0.000000
0.000000
1.247824
0.182822
1.147267
0.000000
0.000000
0.027406
0.398767
1.002247
0.000000
0.000000
0.000000
0.000000
0.000000
0.000000
0.000000
0.000000
0.000000
0.026036
0.017172
0.000000
0.082303
0.000000
0.520544
0.456669
0.000000
0.000000
0.000000
0.000000
0.000000
0.000000
0.356723
0.000000
0.000000
0.000000
0.807995
0.368089
0.000000
0.000000
0.000000
0.178322
0.000000
0.000000
0.000000
0.000000
0.000000
0.000000
0.000000
0.000000
0.000000
0.000000
0.000000
0.000000
0.000000
0.000000
0.000000
0.809287
0.000000
0.000000
0.591288
1.858904
0.000000
0.000000
0.000000
0.000000
0.000000
0.000000
0.000000
0.000000
0.000000
0.000000
0.000000
0.000000
0.000000
0.120075
0.081930
0.456038
0.000000
0.000000
0.000000
0.209404
0.207667
0.000000
0.000000
0.000000
0.000000
0.000000
0.000000
0.000000
0.000000
1.035607
0.499436
0.000000
0.000000
0.000000
0.301255
0.240616
0.000000
0.367011
0.576481
0.938724
0.311029
0.000000
0.000000
0.000000
0.000000
0.000000
0.000000
0.000000
0.000000
0.000000
0.000000
0.000000
0.000000
0.000000
0.000000
0.000000
0.000000
0.597889
0.000000
0.000000
0.000000
0.000000
0.000000
0.000000
0.000000
0.000000
0.000000
0.000000
0.739797
0.305958
0.000000
0.000000
0.000000
0.000000
0.279720
0.000000
0.000000
0.407536
0.000000
