0.000000
0.000000
0.000000
0.000000
0.000000
0.000000
0.000000
0.852521
0.000000
0.000000
0.000000
0.000000
0.000000
0.846531
0.000000
0.000000
0.000000
0.000000
0.000000
0.343850
0.599362
0.000000
0.000000
0.385810
1.165202
0.000000
0.977249
0.000000
0.360805
0.000000
1.153370
0.000000
0.000000
0.000000
0.556121
0.000000
0.000000
0.000000
4.183468
0.000000
0.000000
0.000000
0.980283
0.000000
0.000000
0.000000
0.000000
0.050250
2.752346
0.000000
0.244768
0.000000
0.000000
0.000000
0.000000
0.000000
0.000000
0.481582
0.000000
0.000000
0.000000
0.000000
0.000000
0.994674
0.000000
0.000000
0.000000
0.000000
0.000000
0.000000
0.000000
0.000000
0.000000
0.000000
1.427085
0.967227
0.000000
0.000000
0.132933
0.597860
0.000000
0.207337
0.000000
0.000000
0.000000
0.000000
0.000000
0.716734
0.000000
0.000000
0.000000
0.007326
0.000000
1.373557
0.233190
0.000000
0.000000
0.304238
0.000000
0.000000
0.000000
0.000000
0.000000
0.000000
0.000000
0.768127
1.549431
0.000000
0.000000
0.000000
0.552309
0.086337
0.000000
1.451341
0.000000
0.000000
0.131165
0.000000
0.000000
0.000000
0.000000
0.000000
0.465679
0.000000
0.000000
0.000000
0.000000
0.000000
0.000000
0.174976
0.000000
0.000000
0.000000
1.139231
1.578483
0.324236
0.205943
0.000000
0.000000
0.000000
0.000000
0.824941
0.695256
1.610294
0.624647
0.000000
0.000000
0.000000
0.916142
0.000000
0.000000
0.000000
0.000000
0.000000
1.133397
0.000000
0.000000
0.000000
0.000000
0.564465
0.000000
0.823419
0.075300
0.125669
0.000000
0.000000
0.000000
0.000000
0.000000
0.000000
0.000000
0.000000
0.000000
0.000000
0.000000
0.000000
1.372844
0.006782
2.520325
0.000000
0.000000
0.000000
0.000000
0.000000
0.000000
0.000000
0.000000
0.000000
0.000000
0.000000
1.390521
0.000000
0.000000
0.000000
0.000000
0.000000
0.000000
0.000000
0.986001
0.000000
0.957646
0.000000
0.000000
0.000000
0.000000
0.000000
0.000000
0.143522
0.000000
0.000000
0.000000
0.000000
0.000000
2.092650
0.000000
0.000000
0.000000
0.592394
0.216461
0.000000
0.000000
0.000000
0.000000
0.000000
1.626257
0.000000
0.000000
0.000000
0.000000
0.000000
0.000000
0.000000
0.000000
0.000000
2.080909
0.000000
0.000000
0.000000
0.309863
0.000000
0.000000
0.000000
0.446455
0.000000
0.000000
0.000000
0.462383
0.000000
0.676406
0.000000
0.884652
0.000000
0.000000
1.024815
0.000000
0.000000
0.000000
0.000000
0.000000
1.253360
0.000000
0.000000
0.000000
0.383006
0.000000
0.000000
0.000000
0.000000
0.000000
0.136779
0.829342
0.000000
0.548157
0.000000
0.000000
0.000000
0.000000
0.000000
0.000000
0.000000
0.000000
0.000000
0.000000
0.840334
0.000000
0.000000
0.000000
1.321754
0.000000
0.000000
0.000000
0.000000
0.000000
0.000000
0.038656
0.000000
0.000000
0.000000
0.000000
0.000000
0.000000
0.000000
0.000000
0.000000
0.000000
0.000000
0.000000
0.845028
0.000000
0.000000
0.115589
0.000000
0.000000
0.000000
0.000000
0.000000
0.000000
0.000000
1.159296
0.000000
1.570462
0.000000
0.000000
0.000000
0.000000
0.000000
0.000000
0.000000
0.000000
0.000000
0.000000
0.000000
2.003971
1.120154
0.000000
0.640659
0.616383
0.219528
0.000000
0.000000
0.000000
0.174031
0.000000
0.138744
0.000000
0.000000
0.000000
0.000000
0.000000
0.000000
0.000000
0.000000
2.964422
0.000000
2.993056
0.000000
1.267720
0.000000
0.000000
0.000000
0.000000
0.000000
0.000000
0.000000
1.492441
0.010547
0.000000
0.000000
0.000000
0.000000
0.819358
0.534061
0.000000
0.000000
0.000000
0.000000
1.375206
0.000000
0.000000
0.000000
0.000000
0.000000
0.000000
0.000000
0.000000
0.000000
0.000000
1.391325
0.000000
0.000000
0.000000
0.000000
0.000000
0.000000
0.000000
0.000000
0.000000
0.687789
0.000000
0.807481
0.000000
0.000000
0.000000
0.000000
0.000000
0.000000
0.000000
0.000000
0.000000
2.644155
0.859527
0.000000
0.000000
0.000000
0.000000
0.243068
0.172068
0.000000
0.000000
0.000000
0.000000
0.000000
0.000000
1.370200
0.000000
0.148746
0.000000
0.245107
0.000000
0.000000
0.000000
1.710022
0.000000
0.000000
0.000000
0.000000
0.000000
0.000000
0.000000
0.000000
0.000000
0.000000
0.000000
0.372821
0.179939
0.000000
0.284459
2.190733
3.643931
0.000000
1.288520
0.000000
0.000000
1.016679
0.858414
0.000000
3.829297
1.188344
0.000000
0.000000
1.958083
0.804532
0.000000
0.000000
0.000000
0.001544
0.000000
0.000000
0.000000
0.000000
0.106315
0.000000
0.702501
0.000000
0.000000
0.000000
2.077882
0.000000
0.000000
0.000000
0.000000
0.000000
0.000000
0.024780
1.155190
0.000000
1.197463
1.264799
0.057233
0.000000
1.434527
0.000000
0.000000
0.000000
0.000000
0.158893
0.000000
0.000000
0.000000
0.682338
0.342815
0.000000
1.091861
0.000000
0.000000
0.027570
0.000000
0.000000
0.000000
0.000000
0.000000
0.000000
0.000000
0.000000
0.000000
0.000000
0.000000
0.000000
0.000000
0.000000
0.000000
0.000000
0.000000
0.000000
0.000000
0.004410
0.000000
0.000000
0.000000
0.000000
1.378968
0.000000
0.000000
0.219200
0.000000
0.000000
0.000000
0.000000
0.000000
0.000000
0.227353
0.000000
0.000000
0.921219
0.000000
0.000000
1.520544
0.000000
0.000000
0.721873
0.000000
0.000000
0.000000
0.943534
0.000000
0.000000
0.586621
0.000000
0.201914
0.000000
0.789878
2.954416
0.180764
0.000000
0.000000
0.000000
0.000000
0.469853
0.000000
0.000000
1.714467
0.000000
1.707759
0.096522
0.000000
0.000000
0.000000
0.000000
0.000000
0.000000
0.000000
0.000000
0.000000
0.000000
0.000000
0.000000
0.000000
0.583576
0.000000
0.000000
0.000000
1.230115
0.000000
0.355687
0.000000
0.000000
1.509958
0.000000
2.534281
1.622475
0.000000
0.000000
0.000000
0.000000
0.102465
0.000000
0.000000
0.000000
0.000000
1.488659
1.118250
0.000000
0.000000
0.000000
2.055672
0.000000
0.054153
0.989535
0.000000
0.000000
0.000000
0.000000
0.000000
0.625013
1.079751
0.000000
0.000000
0.000000
0.000000
0.000000
1.151275
0.000000
0.946197
0.000000
0.000000
0.041121
0.000000
0.535514
0.000000
0.703508
0.000000
0.000000
0.000000
1.104059
2.876933
0.000000
0.000000
0.800257
0.851709
0.000000
0.000000
0.000000
0.000000
0.002577
0.000000
0.000000
0.000000
0.000000
0.000000
0.000000
0.000000
0.000000
0.000000
0.000000
0.000000
0.000000
0.000000
0.000000
0.000000
0.000000
0.000000
0.000000
0.000000
1.246402
0.000000
0.216628
0.000000
0.000000
0.000000
1.422964
0.000000
0.000000
1.395467
0.000000
0.000000
0.000000
0.000000
0.205504
0.000000
0.000000
0.000000
1.203314
0.000000
0.000000
0.000000
0.000000
0.216105
0.000000
0.964481
0.000000
0.000000
0.000000
0.000000
0.000000
0.000000
0.000000
0.000000
0.333232
0.000000
0.682608
0.000000
0.285318
0.000000
0.000000
0.372643
0.000000
0.000000
0.000000
0.000000
1.348915
0.000000
0.298878
0.000000
0.073416
0.000000
0.000000
0.000000
0.000000
0.000000
0.000000
0.000000
0.000000
1.011036
0.000000
0.000000
0.000000
0.238408
0.608989
0.000000
0.000000
0.000000
0.611985
0.000000
0.000000
0.000000
0.000000
0.393371
0.000000
0.000000
0.000000
0.000000
0.000000
0.000000
0.082467
0.042458
1.262161
0.000000
0.165846
0.000000
0.643019
0.000000
0.000000
0.000000
0.000000
1.758113
1.530646
0.000000
0.000000
0.000000
0.110967
0.000000
0.000000
0.000000
0.000000
0.238402
0.000000
0.085458
0.000000
0.590446
0.000000
0.000000
0.000000
2.366449
0.000000
0.000000
0.000000
0.000000
0.000000
0.000000
0.000000
0.299932
0.778513
0.000000
0.000000
1.182285
0.000000
0.000000
0.217075
0.000000
3.066185
0.000000
0.000000
0.000000
0.000000
0.000000
0.246538
0.000000
0.000000
0.000000
0.673171
0.000000
0.000000
0.000000
1.037163
0.965204
0.000000
0.000000
2.974158
0.000000
0.000000
0.000000
0.000000
2.095155
0.000000
0.000000
0.000000
0.701616
0.000000
0.000000
0.000000
0.000000
0.000000
0.527929
0.000000
1.655085
0.000000
0.000000
0.000000
0.000000
0.176965
0.000000
0.000000
0.000000
0.000000
0.000000
0.000000
0.000000
0.000000
0.000000
0.000000
0.785435
0.000000
0.000000
1.274909
0.793676
0.000000
0.206906
0.000000
0.000000
1.704323
0.000000
0.000000
0.000000
0.000000
0.000000
0.000000
0.000000
0.019441
0.000000
0.000000
0.000000
0.407699
0.000000
0.390024
0.000000
0.000000
0.000000
0.000000
0.000000
0.000000
0.000000
0.000000
0.000000
0.000000
0.000000
0.000000
0.000000
1.102318
0.000000
0.000000
0.000000
0.000000
0.000000
0.000000
0.000000
0.000000
0.000000
0.000000
0.903472
0.290684
0.000000
0.000000
0.997607
0.000000
0.000000
0.000000
0.000000
0.000000
0.660060
0.000000
0.067523
0.000000
0.000000
0.000000
0.000000
1.420245
0.000000
0.000000
2.909982
0.000000
0.000000
1.218025
0.000000
0.000000
0.000000
0.000000
0.000000
0.000000
0.000000
0.000000
0.000000
0.000000
0.000000
0.438483
0.000000
0.030086
0.000000
0.000000
0.822141
0.000000
0.000000
0.000000
0.000000
0.000000
0.000000
0.000000
0.774967
0.000000
0.000000
0.000000
0.000000
0.000000
0.000000
0.000000
0.000000
0.000000
0.000000
0.000000
0.000000
0.000000
0.000000
0.000000
0.000000
0.000000
0.000000
0.000000
0.000000
0.000000
0.000000
0.000000
0.000000
0.000000
0.517805
0.000000
0.647340
0.000000
0.000000
0.000000
0.000000
0.000000
0.357471
0.000000
0.000000
0.000000
0.000000
0.000000
0.000000
0.000000
0.000000
0.000000
0.000000
0.000000
0.000000
0.000000
0.000000
0.000000
0.545832
0.000000
0.000000
1.982118
0.000000
0.000000
1.060926
0.000000
0.346733
0.122265
1.438071
0.000000
0.000000
1.727539
0.000000
0.000000
0.000000
0.000000
0.000000
0.000000
1.249726
0.000000
0.000000
0.044670
0.000000
0.949552
0.000000
0.000000
0.000000
0.003836
0.000000
0.000000
0.000000
0.000000
0.000000
0.914121
0.000000
0.000000
0.000000
0.000000
0.287831
0.000000
0.000000
0.000000
0.495295
0.000000
0.000000
0.487038
0.000000
0.000000
0.000000
0.000000
0.000000
0.000000
0.190567
0.107941
0.000000
0.000000
0.000000
0.389754
0.000000
0.000000
2.808805
0.000000
0.088561
0.000000
1.343677
0.273087
0.000000
1.014556
0.000000
0.000000
0.000000
1.478291
0.000000
1.143979
0.000000
1.316253
0.000000
0.000000
0.000000
2.909746
0.000000
0.000000
0.000000
0.000000
0.000000
0.557470
0.000000
0.108804
0.000000
0.000000
0.000000
0.000000
0.000000
1.063792
0.000000
0.000000
0.000000
0.391284
0.000000
0.000000
2.265858
0.890046
0.000000
0.000000
0.000000
0.000000
0.000000
0.000000
0.305400
0.000000
0.000000
0.000000
0.000000
0.000000
0.000000
0.000000
0.000000
0.432851
0.000000
0.000000
0.000000
1.853771
0.000000
0.000000
0.000000
0.000000
0.346303
0.000000
0.741103
0.696557
0.000000
0.000000
1.092443
0.000000
0.000000
0.000000
0.000000
0.566842
0.792895
0.000000
1.881687
0.000000
0.000000
0.000000
0.000000
0.000000
0.000000
0.000000
0.000000
0.000000
0.000000
0.000000
0.734156
0.000000
0.000000
0.000000
0.000000
0.000000
0.000000
0.000000
0.000000
0.000000
0.000000
0.000000
0.000000
0.000000
0.000000
0.000000
0.000000
0.494344
0.000000
0.000000
0.000000
0.000000
0.000000
0.000000
0.000000
0.000000
0.000000
0.000000
0.000000
0.000000
0.000000
0.000000
0.828937
0.000000
0.000000
2.236281
0.000000
0.000000
0.972176
0.000000
0.000000
1.592525
2.632994
0.000000
0.000000
0.000000
0.194260
0.000000
0.000000
0.000000
0.000000
0.000000
0.000000
0.000000
0.000000
0.000000
0.873178
0.161380
0.000000
0.000000
0.000000
0.000000
0.137653
0.000000
0.000000
0.000000
0.000000
0.000000
0.000000
0.000000
1.205732
0.000000
0.000000
0.000000
0.606079
0.000000
0.000000
0.000000
0.000000
0.000000
0.000000
0.000000
0.984311
0.441519
2.359117
0.525085
0.000000
0.000000
0.772201
0.000000
0.000000
0.202496
0.000000
0.000000
0.000000
0.000000
0.000000
0.000000
0.000000
0.000000
0.000000
0.000000
0.144003
0.000000
0.960198
0.000000
0.000000
0.000000
0.000000
0.000000
0.000000
0.000000
0.000000
0.000000
0.560966
0.000000
0.000000
0.000000
0.000000
3.818207
0.698237
0.000000
0.000000
0.000000
0.000000
0.000000
0.000000
0.000000
1.054711
0.495374
0.000000
0.000000
0.000000
0.000000
0.000000
0.000000
0.000000
0.000000
0.000000
0.000000
0.186751
0.000000
0.000000
0.000000
0.000000
0.000000
0.000000
0.000000
0.000000
1.793897
0.000000
0.000000
0.000000
0.638559
0.000000
0.000000
0.085720
1.433627
0.000000
0.000000
0.000000
0.000000
0.000000
0.000000
0.264003
0.000000
0.000000
0.000000
0.000000
0.000000
0.000000
0.000000
0.000000
0.000000
0.000000
0.000000
0.976403
0.000000
0.000000
0.000000
0.000000
0.000000
0.000000
1.671447
0.338356
0.000000
0.000000
0.000000
0.000000
1.246607
0.000000
0.000000
0.000000
0.597333
2.582695
0.000000
1.939579
0.000000
0.089426
0.000000
0.000000
1.120459
0.000000
0.000000
0.000000
0.000000
1.338687
0.000000
0.000000
0.085389
0.000000
0.000000
0.000000
0.000000
0.195362
0.828430
0.141625
0.000000
0.000000
0.000000
0.196581
2.518222
0.000000
0.000000
0.000000
0.000000
2.770348
0.000000
0.323480
0.000000
0.000000
0.000000
0.000000
0.427319
0.000000
0.000000
0.000000
0.000000
0.000000
0.000000
0.000000
0.000000
0.716180
0.172054
1.664270
0.000000
0.000000
0.000000
0.000000
0.000000
0.000000
0.636564
0.113721
0.000000
0.000000
0.000000
0.000000
1.133483
0.255601
0.000000
0.000000
0.890054
0.174965
0.000000
0.000000
0.450788
0.000000
0.000000
0.000000
1.670157
0.538040
0.000000
0.979046
0.000000
0.000000
0.000000
0.000000
0.000000
0.934098
0.000000
0.000000
0.000000
0.000000
0.000000
1.400408
0.000000
0.437124
0.000000
0.000000
0.284615
0.000000
0.000000
0.000000
0.000000
0.000000
0.000000
0.000000
0.000000
0.000000
0.000000
0.000000
0.000000
0.000000
1.068559
0.000000
0.000000
0.070376
0.000000
0.000000
0.000000
0.000000
0.000000
1.486686
0.000000
0.000000
0.034072
0.114190
0.000000
0.000000
0.000000
1.063166
0.000000
0.000000
0.000000
0.000000
0.000000
0.155120
0.000000
0.000000
0.000000
0.000000
0.551866
0.000000
0.000000
0.000000
0.000000
0.272257
0.000000
0.000000
0.000000
0.000000
0.000000
0.000000
0.000000
0.000000
0.000000
0.000000
0.000000
0.000000
0.344672
0.000000
0.000000
0.000000
0.000000
2.401970
0.000000
0.000000
0.000000
0.000000
1.854588
0.339014
1.120159
3.264439
0.000000
1.895227
0.000000
0.000000
0.000000
0.000000
0.000000
0.000000
0.000000
0.284622
0.000000
2.066653
0.000000
0.000000
0.673369
1.592985
0.272863
0.000000
0.000000
0.000000
0.000000
0.000000
0.000000
0.794658
0.000000
0.000000
0.000000
0.000000
2.404668
1.121246
0.000000
0.000000
0.000000
0.597840
0.000000
0.000000
0.000000
0.000000
0.000000
0.000000
0.000000
0.000000
0.018120
0.000000
0.000000
0.000000
0.000000
0.000000
0.000000
0.000000
0.523397
0.909030
0.000000
1.147183
0.000000
0.000000
0.000000
0.000000
0.000000
0.007328
0.303440
0.000000
0.000000
0.000000
0.000000
0.312072
0.070677
1.188766
0.000000
0.594464
0.000000
0.000000
0.208146
0.000000
0.000000
0.000000
0.000000
0.000000
0.099471
0.000000
0.420175
1.302743
3.095262
0.000000
0.042290
0.000000
0.000000
0.000000
0.000000
0.000000
1.019794
0.000000
0.000000
0.000000
0.000000
0.000000
0.050169
0.000000
0.000000
0.034930
2.419065
0.000000
0.000000
0.000000
0.000000
1.159387
0.000000
0.000000
0.000000
0.000000
0.149811
0.000000
0.000000
0.000000
0.000000
0.000000
0.000000
0.000000
0.000000
0.000000
0.552139
0.000000
1.511150
0.315537
0.000000
0.000000
0.000000
0.000000
0.000000
0.000000
1.108757
0.000000
0.000000
0.000000
0.000000
1.170842
0.000000
0.000000
0.182896
0.000000
0.000000
0.000000
2.270048
0.000000
0.000000
0.000000
0.000000
0.000000
0.000000
0.000000
0.139701
0.000000
1.683227
0.071467
0.295749
0.000000
0.000000
0.000000
0.000000
0.437249
0.000000
0.262487
0.841099
0.000000
2.050235
0.000000
0.000000
0.000000
1.922904
0.000000
0.000000
0.000000
0.000000
0.000000
0.000000
0.000000
0.000000
0.000000
0.000000
0.000000
0.000000
0.000000
0.000000
0.000000
0.000000
0.000000
0.000000
0.000000
0.801307
0.000000
0.000000
0.000000
0.000000
0.000000
0.000000
0.000000
0.277875
0.000000
0.000000
0.000000
0.502788
1.102671
2.504780
0.000000
0.139129
0.000000
0.000000
0.000000
0.000000
1.479938
0.000000
0.000000
0.000000
0.000000
0.000000
0.456080
0.000000
0.000000
0.000000
0.000000
1.418840
0.000000
0.000000
0.000000
1.513209
0.000000
0.000000
0.000000
1.076413
0.000000
0.000000
0.000000
0.055629
0.000000
0.000000
0.000000
0.578590
0.565900
0.242891
0.000000
2.798219
0.000000
0.547318
0.000000
0.000000
0.000000
0.000000
2.158551
0.000000
0.304067
0.000000
0.000000
0.000000
0.981363
0.000000
0.000000
0.332026
0.000000
0.209326
0.000000
0.000000
2.053800
0.900889
0.000000
0.000000
1.591907
0.000000
0.000000
0.000000
0.000000
0.000000
0.764006
0.352387
0.112659
0.000000
0.134750
0.000000
0.000000
0.000000
0.000000
0.272305
0.366475
2.386917
0.000000
0.000000
0.000000
0.000000
0.000000
0.000000
0.000000
0.226187
0.000000
0.000000
0.870709
0.000000
0.000000
0.876404
0.000000
0.000000
0.000000
0.000000
0.009392
0.000000
0.000000
0.000000
0.885023
0.000000
0.420652
0.000000
0.000000
0.000000
0.000000
0.000000
1.532930
0.000000
0.000000
0.000000
0.000000
0.000000
0.000000
0.000000
0.000000
0.000000
0.000000
0.000000
0.000000
0.000000
0.000000
0.000000
0.344870
0.000000
0.000000
0.000000
0.699697
0.000000
0.000000
0.000000
0.000000
1.187698
0.766747
0.000000
0.000000
0.000000
0.000000
2.271162
1.367501
0.000000
0.000000
0.000000
0.000000
0.000000
0.000000
0.000000
0.000000
0.000000
0.000000
0.000000
0.000000
0.000000
0.000000
0.000000
0.000000
0.000000
0.500505
0.000000
0.000000
0.000000
0.000000
0.000000
0.879182
0.000000
0.000000
0.000000
0.000000
0.000000
0.000000
0.000000
0.000000
0.000000
0.000000
0.000000
0.000000
0.000000
0.000000
0.000000
0.000000
0.000000
0.494172
0.000000
0.712996
0.000000
1.251580
0.000000
0.000000
0.000000
0.000000
0.000000
0.000000
0.000000
1.436322
0.000000
0.000000
1.457844
0.000000
0.000000
0.000000
0.000000
0.478593
3.398811
0.000000
0.000000
0.000000
0.000000
0.208717
0.605215
0.000000
0.000000
0.000000
0.000000
0.474147
0.000000
0.225012
0.000000
0.000000
0.000000
2.497963
0.000000
0.017494
0.000000
0.283116
0.000000
0.000000
0.000000
0.000000
0.000000
0.483324
0.000000
0.000000
0.000000
0.198363
0.000000
0.000000
0.935048
0.142111
0.000000
0.325462
0.000000
0.008258
0.000000
0.000000
0.000000
0.000000
0.426801
0.000000
0.283130
0.000000
0.000000
0.171564
0.000000
0.000000
0.000000
0.000000
0.000000
0.000000
0.000000
0.000000
1.377482
0.000000
0.000000
0.190595
0.000000
0.000000
0.000000
0.000000
0.052246
0.000000
3.086011
0.000000
0.000000
1.292064
0.000000
0.989941
0.000000
0.000000
0.744668
0.000000
0.000000
0.000000
0.000000
0.000000
0.000000
0.000000
0.000000
0.000000
0.000000
0.000000
0.000000
0.000000
0.000000
0.000000
0.539054
0.000000
0.137595
0.000000
0.000000
1.937470
0.000000
0.000000
0.189980
0.000000
0.000000
0.000000
0.000000
0.000000
0.120357
0.000000
0.000000
0.000000
0.278177
0.000000
0.000000
0.000000
0.000000
0.000000
0.000000
0.000000
0.000000
0.000000
0.000000
0.000000
1.741267
0.000000
0.000000
0.611515
0.000000
0.000000
0.000000
0.000000
0.000000
0.000000
0.000000
0.000000
0.000000
0.000000
0.000000
0.000000
0.000000
0.000000
0.000000
0.150389
0.000000
0.000000
0.000000
1.742363
0.000000
0.000000
0.000000
0.547700
0.154961
0.146969
0.000000
0.481365
2.859540
0.000000
0.000000
0.000000
0.000000
1.474629
0.000000
0.000000
0.000000
0.000000
0.000000
0.000000
0.226947
0.000000
0.962349
0.058942
0.000000
0.062342
0.000000
0.000000
0.000000
0.000000
0.000000
0.737126
0.040514
0.000000
1.096112
0.000000
0.465559
0.000000
0.421784
0.000000
0.424354
0.000000
0.000000
0.000000
0.000000
0.258959
3.336771
0.000000
0.000000
0.000000
0.000000
0.000000
0.000000
0.000000
0.000000
0.000000
0.000000
0.800139
0.000000
0.000000
2.626887
0.000000
0.000000
0.000000
0.000000
0.000000
0.000000
0.000000
0.000000
0.000000
0.000000
0.000000
0.489897
0.000000
0.000000
0.000000
0.000000
0.105435
0.002467
0.000000
0.000000
0.000000
0.000000
2.283446
0.000000
0.000000
0.000000
0.000000
0.000000
0.000000
0.079454
0.000000
0.000000
1.346551
1.268495
0.680170
1.156204
0.000000
0.105295
1.028441
0.000000
0.086404
0.000000
0.000000
0.000000
0.516287
0.000000
0.000000
0.000000
0.000000
0.000000
0.000000
0.000000
0.000000
0.000000
0.000000
0.000000
0.000000
0.000000
0.000000
0.000000
0.000000
0.000000
0.000000
0.019813
0.000000
0.051061
0.000000
0.000000
0.374895
0.000000
0.000000
0.000000
0.000000
0.000000
0.918137
0.000000
0.000000
0.000000
0.000000
1.787870
0.000000
0.000000
0.827293
0.000000
0.000000
0.000000
1.115180
0.013295
0.000000
0.893703
0.000000
0.947334
0.000000
0.000000
0.000000
0.000000
0.000000
0.000000
0.000000
0.000000
0.000000
0.197421
2.882323
0.000000
0.053093
0.000000
0.000000
0.000000
0.000000
0.000000
0.000000
0.000000
0.000000
0.000000
0.274715
1.775996
0.000000
0.000000
0.000000
0.000000
0.269185
1.247414
1.243535
0.112968
0.000000
0.000000
0.000000
0.000000
0.000000
0.000000
0.000000
0.000000
0.000000
0.000000
0.000000
0.000000
0.238146
0.000000
0.000000
0.042377
0.000000
1.343045
0.000000
0.000000
0.000000
0.000000
0.598664
0.000000
0.000000
0.000000
2.035702
0.000000
0.000000
0.000000
0.222731
0.000000
0.811543
0.000000
0.686974
0.000000
0.000000
0.124794
0.000000
0.000000
0.000000
0.270038
0.000000
0.792730
0.000000
1.055488
0.000000
0.000000
0.000000
1.100559
0.000000
0.000000
0.000000
0.000000
2.936573
0.000000
0.000000
0.000000
0.000000
0.000000
0.000000
0.052910
0.000000
0.000000
1.189697
0.157122
0.000000
0.000000
0.000000
0.000000
0.000000
0.232921
0.000000
0.000000
0.000000
0.000000
0.000000
0.000000
0.000000
0.000000
0.000000
2.243294
0.000000
0.000000
0.000000
0.000000
0.232967
0.000000
0.000000
0.000000
0.000000
0.000000
0.000000
0.238483
0.000000
0.000000
0.000000
0.000000
0.000000
0.000000
0.000000
0.204937
0.000000
0.000000
0.870546
0.000000
0.000000
0.000000
0.000000
1.849537
0.000000
0.754973
0.000000
0.000000
1.962095
0.000000
0.000000
0.000000
0.000000
0.545855
0.000000
0.000000
0.000000
0.000000
0.000000
0.000000
0.000000
0.000000
0.000000
0.000000
0.000000
0.000000
0.000000
0.000000
0.000000
0.000000
1.633157
0.000000
0.000000
0.000000
0.000000
2.194583
0.000000
0.000000
0.000000
0.358911
0.000000
0.000000
0.000000
0.000000
0.123170
1.323237
0.000000
0.000000
0.000000
0.000000
1.092620
0.000000
0.000000
0.318473
0.000000
0.000000
0.000000
0.307767
0.000000
0.000000
1.169255
0.000000
0.000000
0.000000
0.000000
0.000000
1.324131
0.000000
0.000000
0.000000
0.000000
0.000000
0.978007
0.323271
0.000000
0.000000
0.150371
0.946061
0.000000
0.000000
0.000000
0.857368
0.000000
0.000000
0.000000
0.000000
0.000000
0.000000
0.000000
0.000000
1.815357
0.137542
0.000000
0.000000
0.000000
0.000000
0.549008
0.000000
0.560294
0.000000
0.156321
0.000000
0.000000
0.000000
0.000000
0.000000
1.685291
0.000000
1.945232
0.000000
0.000000
0.000000
0.000000
0.846438
0.000000
0.000000
0.000000
0.250358
0.000000
0.000000
1.587875
0.000000
1.083088
0.000000
0.000000
2.036971
0.000000
0.000000
0.649589
0.000000
0.000000
0.000000
2.057325
1.305546
0.000000
0.000000
0.336564
0.000000
0.000000
0.000000
0.000000
0.041311
0.000000
0.000000
0.000000
0.000000
0.000000
0.000000
0.000000
0.000000
0.000000
0.000000
0.000000
0.000000
0.000000
0.000000
0.000000
1.486846
0.019459
0.000000
0.000000
0.000000
0.000000
0.000000
0.000000
0.000000
0.000000
0.000000
0.000000
0.000000
0.000000
0.000000
0.000000
0.000000
0.310873
0.000000
0.000000
0.000000
0.000000
0.000000
0.000000
0.000000
0.583949
0.000000
0.000000
0.000000
0.000000
0.002697
0.000000
0.000000
0.000000
0.000000
0.000000
0.000000
0.377023
1.443148
1.159454
1.021507
0.965795
0.000000
0.000000
0.883501
0.000000
0.348301
0.000000
0.000000
0.000000
0.000000
0.000000
1.221629
0.000000
1.316437
0.000000
0.000000
0.000000
0.000000
0.000000
0.000000
0.000000
0.000000
0.000000
1.462858
0.000000
0.048272
0.000000
3.686738
0.000000
0.676718
0.000000
0.000000
0.000000
0.000000
1.249862
0.000000
2.248002
0.000000
0.000000
0.000000
0.000000
0.000000
0.000000
0.000000
0.000000
0.000000
0.278878
0.000000
0.027140
0.104543
0.000000
1.129167
0.000000
0.000000
0.000000
0.000000
0.000000
0.000000
1.042765
0.000000
0.030643
0.053749
0.921481
0.000000
0.000000
1.385615
0.000000
0.488777
0.000000
0.000000
0.000000
0.000000
0.000000
0.000000
0.000000
1.323057
0.260724
0.000000
0.000000
0.000000
0.000000
0.000000
0.000000
0.397643
0.238084
0.000000
0.000000
0.000000
0.000000
0.008037
0.000000
0.000000
0.000000
0.000000
0.000000
1.821196
0.866080
0.000000
0.000000
0.000000
0.000000
0.000000
0.554107
0.851005
0.000000
0.141185
0.000000
0.000000
0.000000
1.285728
0.000000
0.643591
0.000000
0.000000
0.000000
0.000000
0.000000
0.000000
0.000000
0.000000
0.000000
0.000000
0.000000
1.215367
0.000000
1.658773
0.000000
0.000000
0.000000
0.400522
0.000000
0.000000
0.000000
1.285765
0.000000
0.000000
0.000000
0.000000
0.000000
0.000000
0.000000
0.000000
0.000000
0.665430
0.068183
3.064980
0.000000
0.000000
0.112057
0.000000
0.000000
0.000000
0.000000
0.000000
0.000000
2.061136
0.000000
0.015822
0.727396
0.000000
0.000000
0.000000
0.000000
0.945677
0.000000
0.000000
0.000000
0.000000
1.014865
0.246710
0.000000
0.000000
0.000000
0.000000
0.747229
0.000000
0.000000
0.000000
0.000000
0.000000
0.000000
0.000000
0.000000
0.000000
0.000000
0.000000
0.000000
0.000000
0.000000
0.332946
0.000000
0.403985
0.000000
0.000000
0.878457
0.000000
0.000000
0.627095
0.000000
0.663173
0.000000
0.000000
0.000000
0.000000
0.000000
0.441776
0.000000
0.000000
0.000000
0.000000
0.000000
0.000000
0.000000
0.000000
0.000000
1.605727
0.000000
0.000000
0.000000
0.000000
0.000000
0.000000
1.978849
0.000000
3.804178
0.223759
0.000000
0.000000
0.771422
0.000000
0.000000
0.000000
0.000000
0.000000
0.000000
0.000000
0.000000
0.000000
0.000000
0.000000
0.000000
0.000000
0.000000
0.000000
0.000000
0.000000
0.368766
0.000000
0.000000
0.000000
0.007036
0.000000
0.000000
0.038797
0.000000
0.000000
0.042178
0.000000
0.000000
0.000000
0.000000
0.000000
2.992038
0.285918
0.000000
0.000000
0.000000
0.000000
0.000000
0.000000
0.000000
0.000000
0.000000
0.000000
1.349215
2.966905
0.000000
0.383451
0.000000
2.429283
0.000000
0.276672
0.537249
1.106892
0.000000
0.000000
0.576384
0.000000
0.010972
0.000000
0.193316
0.000000
0.020312
0.000000
0.000000
1.747275
0.000000
0.000000
0.000000
1.416317
0.000000
0.000000
0.042251
0.000000
0.000000
1.561864
0.742328
0.000000
0.000000
0.000000
1.999217
0.354622
0.000000
0.000000
0.000000
1.023334
0.000000
0.226552
0.000000
0.000000
0.000000
0.035155
0.000000
0.000000
0.109564
0.000000
0.000000
0.000000
1.012049
0.443104
0.000000
0.000000
0.000000
0.000000
0.000000
0.993681
0.000000
0.000000
0.000000
0.000000
0.000000
0.000000
0.000000
0.000000
0.000000
0.000000
0.000000
0.000000
0.000000
0.000000
0.000000
0.000000
0.281487
0.000000
0.000000
0.000000
0.000000
0.490664
0.140729
0.000000
0.821022
0.850686
0.000000
0.000000
0.000000
0.000000
0.102284
0.000000
0.665765
0.000000
1.730511
0.000000
0.506834
0.000000
0.000000
0.000000
0.000000
0.498374
0.000000
0.000000
0.000000
0.000000
0.000000
0.000000
0.427776
0.000000
0.000000
0.000000
0.365729
0.000000
0.000000
0.000000
0.000000
0.000000
0.000000
0.000000
0.000000
0.000000
0.000000
0.000000
0.486679
0.000000
0.000000
0.000000
0.000000
0.000000
0.816887
0.000000
0.000000
0.000000
0.000000
0.000000
0.000000
0.318110
0.446202
0.842846
0.000000
0.000000
0.000000
1.639351
0.054368
0.796194
0.000000
0.000000
0.000000
0.000000
0.000000
0.371134
0.000000
0.309374
0.000000
0.000000
0.000000
0.000000
0.000000
0.000000
0.000000
0.000000
0.960184
0.000000
0.000000
0.000000
0.039554
0.000000
0.000000
0.780529
0.000000
0.000000
0.000000
0.000000
0.042730
0.000000
0.000000
0.000000
1.863551
2.399384
0.000000
0.000000
0.000000
0.000000
0.000000
1.370418
0.555882
0.000000
0.000000
0.763998
0.000000
0.000000
0.000000
0.000000
0.000000
0.000000
2.801386
0.794692
0.000000
0.000000
0.000000
0.000000
2.556224
0.000000
0.000000
0.000000
0.000000
0.000000
0.000000
0.000000
0.000000
0.337281
0.000000
0.000000
0.000000
0.000000
0.000000
0.000000
0.000000
0.000000
0.000000
0.000000
0.000000
0.000000
0.207069
1.264485
0.000000
0.000000
0.000000
0.000000
0.000000
1.012860
0.000000
0.000000
0.000000
1.861390
0.000000
0.000000
0.000000
0.000000
0.000000
0.000000
1.828195
0.000000
0.000000
0.835688
0.000000
0.000000
0.000000
0.000000
0.469944
0.000000
0.000000
0.000000
0.000000
0.000000
0.429462
0.000000
0.000000
0.000000
0.000000
0.197854
1.622314
0.000000
0.019889
0.000000
0.000000
0.000000
1.283528
0.000000
0.000000
0.000000
0.000000
0.000000
0.000000
0.000000
0.000000
0.000000
1.412615
0.000000
0.005977
0.000000
1.546520
0.000000
0.000000
2.734161
0.000000
0.000000
0.000000
0.000000
0.000000
1.415354
0.000000
0.000000
0.807948
0.000000
0.000000
1.393206
0.254886
0.000000
0.000000
0.000000
0.000000
0.000000
0.000000
0.428308
0.000000
0.000000
1.438925
0.000000
0.000000
0.000000
0.000000
0.000000
0.000000
0.000000
1.509785
0.000000
0.000000
0.000000
0.491484
0.000000
2.049278
0.000000
0.847998
0.000000
0.000000
0.000000
0.000000
0.173221
0.338193
0.000000
0.000000
0.000000
0.000000
0.000000
1.438020
0.986912
0.000000
0.000000
0.000000
0.912790
0.000000
0.607148
0.000000
0.000000
0.000000
1.169410
0.000000
0.000000
0.000000
0.365155
0.000000
0.848330
0.000000
0.000000
0.000000
0.000000
0.000000
0.000000
0.000000
0.000000
0.000000
0.000000
0.000000
0.000000
0.000000
0.000000
0.000000
0.000000
0.000000
0.000000
0.000000
2.183352
0.000000
0.555403
0.000000
0.000000
0.000000
0.921333
0.000000
0.528269
0.000000
0.000000
0.000000
0.479556
0.319190
0.000000
0.000000
0.000000
0.000000
0.488398
0.000000
0.000000
0.228282
0.000000
0.000000
0.000000
1.037897
0.000000
0.000000
1.737301
1.022359
0.347731
0.000000
0.000000
0.000000
0.242241
0.000000
0.000000
0.000441
0.000000
0.000000
0.000000
0.000000
1.048187
0.000000
0.000000
0.000000
0.355649
0.000000
0.000000
0.000000
2.706336
0.000000
0.259214
0.000000
0.000000
0.094535
3.041867
0.000000
0.000000
0.093410
0.000000
0.000000
0.000000
0.000000
0.000000
0.000000
0.000000
1.318124
1.314573
1.547468
3.200277
0.856030
0.000000
0.328876
0.000000
0.000000
1.004423
2.609866
0.000000
0.000000
0.000000
0.000000
0.322163
0.000000
1.881189
0.772809
0.834207
0.000000
0.000000
0.000000
0.000000
0.000000
0.179285
0.000000
0.070107
0.000000
0.000000
1.523766
0.000000
0.000000
0.000000
0.539426
0.000000
0.000000
0.000000
0.421405
0.000000
0.000000
0.000000
0.000000
0.000000
0.000000
0.009205
0.000000
0.000000
0.000000
0.000000
0.000000
0.000000
0.000000
0.000000
0.287217
0.828645
0.000000
0.754142
0.527165
0.000000
0.000000
0.954079
1.179317
0.000000
0.935500
0.000000
0.000000
0.000000
0.000000
0.000000
1.017270
0.000000
0.000000
0.000000
0.000000
0.000000
0.000000
0.000000
0.101584
0.000000
0.000000
0.000000
0.000000
1.411626
1.357744
0.447792
0.000000
0.000000
0.000000
0.000000
0.000000
0.000000
0.000000
0.000000
0.000000
0.000000
0.000000
0.000000
0.676332
0.000000
0.000000
0.000000
0.000000
0.000000
0.000000
0.000000
0.000000
0.000000
0.000000
0.000000
0.000000
1.648988
0.509846
0.000000
0.867211
0.000000
0.000000
0.758598
0.000000
0.000000
0.000000
2.964306
0.000000
1.234386
0.000000
0.000000
0.000000
0.000000
0.741680
0.000000
0.000000
0.000000
0.000000
0.000000
0.000000
0.000000
0.827690
2.121598
0.009995
0.000000
0.000000
1.746092
0.599103
0.535531
0.000000
0.048444
0.000000
0.484680
0.000000
0.244405
0.000000
0.000000
0.000000
0.000000
0.963196
0.000000
0.779342
1.164013
0.000000
0.000000
0.000000
0.000000
0.000000
1.100924
0.000000
0.973273
0.127548
0.000000
0.000000
0.000000
0.000000
0.000000
0.000000
0.000000
0.000000
0.000000
0.515680
0.140971
0.000000
0.000000
0.000000
0.000000
0.000000
0.000000
0.000000
0.000000
0.000000
0.000000
0.000000
0.000000
0.184123
0.490872
0.000000
0.000000
0.000000
0.000000
0.000000
0.521072
0.000000
0.000000
1.130215
0.000000
0.157418
0.000000
0.000000
0.000000
0.128834
0.000000
1.318051
0.000000
0.000000
0.791963
0.000000
0.000000
0.703299
0.542849
0.270201
0.636322
0.000000
0.000000
0.000000
0.000000
0.000000
0.000000
0.000000
1.276074
0.000000
1.373312
0.638750
0.765721
0.389193
0.940974
0.000000
0.000000
0.092931
0.000000
0.000000
0.000000
0.000000
0.000000
0.000000
0.218512
0.617302
0.000000
0.000000
0.000000
0.290069
0.000000
0.000000
0.000000
0.000000
0.319230
0.000000
0.000000
0.000000
0.000000
0.000000
0.000000
0.000000
0.000000
0.000000
0.000000
0.855810
0.000000
2.383914
0.000000
0.000000
0.000000
0.659272
0.889264
0.116476
0.209355
0.000000
0.000000
0.000000
0.000000
0.000000
0.423907
0.000000
0.000000
1.465365
1.435784
1.183373
0.000000
0.000000
0.000000
0.000000
0.000000
0.000000
0.000000
0.000000
0.000000
0.000000
0.000000
0.000000
0.000000
0.000000
0.000000
0.000000
0.000000
1.030380
0.000000
0.000000
0.000000
0.000000
0.000000
0.097158
0.000000
0.000000
0.000000
1.222947
0.000000
0.000000
0.336575
0.356077
0.461814
0.286387
0.000000
0.000000
0.000000
0.000000
0.103611
0.000000
0.000000
0.000000
0.244882
0.000000
0.000000
0.000000
0.412999
0.000000
0.000000
0.000000
1.418163
0.004554
0.000000
0.000000
0.000000
0.000000
0.000000
0.829303
0.000000
0.000000
1.516874
0.000000
0.000000
0.000000
0.000000
0.000000
0.000000
0.000000
0.353054
0.000000
0.000000
0.000000
0.000000
0.911474
0.000000
0.000000
0.000000
0.000000
0.000000
0.000000
0.000000
0.000000
0.000000
0.000000
0.000000
0.000000
0.000000
0.229799
0.000000
0.000689
0.000000
0.000000
0.000000
0.000000
0.417186
0.000000
0.323268
0.000000
0.000000
0.000000
0.000000
0.167099
0.000000
0.000000
0.000000
0.691083
0.475927
0.000000
0.000000
0.000000
0.000000
0.902734
0.000000
0.000000
0.000000
0.212659
0.000000
0.000000
0.000000
0.137933
0.300554
0.814692
0.000000
1.196162
0.000000
0.000000
0.000000
0.000000
0.000000
0.000000
0.000000
0.000000
0.000000
0.000000
0.000000
0.485100
0.000000
0.424322
0.000000
0.000000
0.000000
0.484344
0.000000
0.001298
0.000000
0.000000
0.000000
0.000000
0.000000
0.000000
0.000000
0.000000
0.000000
0.000000
0.185922
0.818080
0.144971
0.000000
0.000000
0.000000
0.000000
0.530564
0.000000
0.000000
0.000000
0.000000
0.000000
0.000000
0.000000
0.643044
0.445870
0.063945
0.000000
0.000000
1.374640
0.541551
0.000000
0.000000
0.000000
0.035253
0.000000
0.022849
0.000000
0.000000
0.000000
0.000000
0.000000
0.000000
0.000000
0.000000
0.000000
0.835390
0.000000
0.000000
0.000000
0.000000
0.000000
1.136882
0.000000
0.000000
0.000000
0.000000
0.000000
0.000000
1.105794
1.766934
0.865067
1.925134
0.000000
0.000000
0.000000
0.000000
0.000000
0.000000
0.000000
0.000000
2.142816
0.000000
0.000000
2.528869
0.000000
0.000000
0.073936
0.000000
0.000000
0.000000
0.000000
0.000000
0.000000
0.000000
1.194570
0.000000
0.250513
0.000000
2.073956
2.149524
0.000000
0.000000
0.000000
0.000000
0.000000
0.000000
0.000000
0.000000
0.000000
0.000000
0.000000
0.000000
1.404808
0.000000
0.000000
0.823265
0.290491
0.000000
0.000000
0.000000
0.854832
0.148899
1.752244
0.074254
0.000000
1.167482
0.293316
0.000000
0.000000
0.000000
0.536766
0.000000
0.675797
0.000000
1.673977
0.117479
0.000000
0.000000
0.945238
0.335999
0.000000
0.000000
0.000000
0.000000
0.000000
0.000000
0.000000
0.000000
0.000000
0.000000
0.000000
0.019034
0.000000
0.854123
0.000000
0.000000
0.000000
0.000000
0.000000
0.000000
1.386650
0.000000
0.000000
0.455979
0.000000
0.000000
0.000000
0.000000
0.000000
0.000000
0.544184
0.000000
0.573397
0.000000
0.410491
0.000000
0.000000
0.000000
0.000000
0.000000
0.000000
1.133763
0.000000
0.000000
0.000000
0.000000
0.000000
0.794106
0.295227
0.000000
0.000000
0.000000
0.000000
0.000000
0.000000
0.000000
0.000000
0.016744
0.000000
0.000000
0.103457
0.000000
0.184882
0.000000
0.000000
0.000000
0.000000
0.000000
0.000000
0.000000
0.000000
0.000000
0.000000
0.000000
3.005936
0.000000
0.000000
0.000000
0.000000
0.000000
0.000000
0.000000
0.000000
0.459068
0.000000
0.204027
0.143925
0.000000
0.000000
0.000000
0.827410
0.000000
0.000000
0.312623
0.000000
0.000000
0.195782
0.000000
0.000000
0.000000
0.000000
0.000000
0.000000
0.000000
0.000000
0.000000
0.195235
0.333215
0.054313
0.000000
0.000000
0.000000
0.000000
0.000000
0.000000
0.000000
0.000000
0.000000
0.000000
0.000000
0.000000
0.000000
0.000000
0.000000
0.000000
0.000000
0.000000
0.000483
0.750190
0.000000
0.374069
0.908390
0.000000
0.000000
0.000000
0.030567
0.000000
0.000000
1.083779
0.000000
0.256211
0.000000
0.000000
0.000000
0.120929
0.140205
0.000000
0.000000
0.397308
0.000000
0.000000
0.000000
0.000000
0.000000
1.513445
0.000000
0.148412
0.000000
0.000000
0.000000
0.000000
0.000000
0.000000
0.000000
0.000000
1.091445
0.000000
0.000000
0.000000
0.000000
0.000000
0.000000
0.000000
0.000000
0.000000
0.000000
0.688727
0.000000
0.000000
0.000000
0.000000
0.000000
0.000000
0.000000
0.000000
0.680338
0.000000
0.000000
0.000000
1.513204
0.000000
0.000000
0.000000
0.000000
0.000000
0.000000
0.556561
0.000000
0.000000
0.279045
0.000000
0.000000
0.000000
0.000000
0.000000
0.000000
0.000000
0.000000
0.000000
0.000000
0.675754
0.210704
0.000000
0.000000
0.000000
1.224618
0.730639
0.000000
0.500218
0.000000
0.000000
0.000000
0.826271
0.000000
2.213343
0.000000
0.000000
0.615662
0.000000
0.000000
0.000000
0.000000
0.000000
0.000000
0.325987
0.000000
0.000000
0.238544
0.410804
0.000000
0.000000
0.000000
0.000000
0.000000
0.000000
0.000000
0.000000
0.000000
0.000000
0.000000
0.000000
0.000000
0.000000
0.000000
1.806648
1.167701
0.000000
0.000000
0.000000
0.000000
0.000000
0.521235
0.000000
1.556412
0.000000
