0.000000
0.000000
0.000000
0.000000
0.000000
0.000000
3.008408
0.035039
0.000000
0.799048
0.190499
0.000000
1.939312
0.000000
0.000000
0.000000
0.000000
0.278982
0.000000
0.000000
0.132992
0.000000
0.032427
0.235436
0.000000
2.989786
0.000000
0.000000
0.000000
0.259497
0.000000
0.000000
0.000000
0.000000
0.000000
1.561844
0.000000
0.000000
0.853210
0.000000
0.375469
0.000000
0.025581
0.000000
1.585370
2.310436
1.163965
0.496701
1.011035
0.000000
0.000000
0.000000
0.000000
0.000000
0.000000
0.000000
0.374157
0.000000
0.035392
0.000000
0.000000
0.000000
0.223414
0.000000
0.000000
0.000000
0.000000
0.000000
0.000000
0.000000
0.000000
0.000000
0.000000
0.000000
0.000000
1.223418
0.000000
1.461057
0.000000
1.128783
0.264822
0.000000
0.000000
0.000000
0.003739
1.876804
0.000000
2.341345
0.000000
0.000000
0.000000
0.061616
2.097532
0.000000
2.448350
0.000000
0.000000
0.000000
0.000000
2.138284
0.000000
0.000000
0.000000
0.000000
2.705802
0.065087
0.583934
0.491397
1.169252
0.000000
0.000000
0.000000
0.000000
2.254734
0.000000
0.000000
0.000000
0.000000
0.000000
0.000000
0.000000
0.000000
0.000000
0.209747
0.000000
0.000000
0.000000
0.000000
0.000000
0.000000
0.000000
0.154775
0.000000
0.000000
0.000000
0.168718
1.800729
0.000000
0.000000
1.011611
0.000000
0.096771
2.668044
0.000000
0.231765
0.000000
0.000000
0.000000
0.000000
0.000000
0.000000
2.221637
0.000000
0.000000
0.000000
0.000000
0.000000
0.000000
0.000000
0.000000
0.000000
0.000000
0.000000
2.127374
1.119178
0.000000
0.000000
0.713499
0.000000
0.000000
0.130168
0.213829
0.000000
0.000000
0.733758
0.000000
0.000000
0.011229
0.000000
0.000000
0.000000
0.228831
0.000000
0.331420
0.000000
0.000000
0.000000
0.157627
0.000000
0.000000
0.000000
0.000000
0.523221
0.000000
0.000000
1.215203
0.000000
0.000000
0.000000
0.000000
0.000000
0.000000
0.000000
0.000000
0.000000
0.000000
0.000000
1.684411
1.162012
1.275459
0.000000
0.000000
0.000000
0.000000
0.000000
0.000000
0.841945
0.000000
0.000000
0.000000
0.000000
0.000000
0.000000
0.000000
0.000000
0.287528
3.711687
0.334135
1.136328
0.399942
0.000000
0.024868
0.000000
0.000000
0.000000
0.000000
0.000000
0.000000
0.000000
1.144025
0.000000
0.887967
0.000000
0.000000
0.605607
0.719458
0.000000
0.000000
0.000000
0.000000
0.000000
0.000000
0.000000
1.880013
0.000000
0.000000
0.000000
0.205847
0.000000
0.000000
0.000000
0.000000
0.000000
0.000000
0.000000
0.000000
0.000000
0.000000
2.673340
0.000000
2.528114
0.000000
0.000000
0.000000
0.000000
0.000000
0.000000
0.000000
0.000000
0.000000
0.000000
0.000000
1.328782
0.000000
2.623785
0.808279
0.000000
0.000000
0.000000
0.000000
0.000000
0.000000
0.000000
0.000000
0.000000
0.000000
0.000000
0.000000
2.913469
2.437547
0.785089
0.000000
0.000000
0.000000
0.568815
0.000000
2.548123
0.000000
0.000000
0.000000
0.000000
0.000000
0.824299
0.000000
0.000000
0.000000
0.000000
0.000000
0.000000
0.000000
2.986413
0.212666
0.000000
0.000000
0.000000
0.000000
0.000000
0.000000
0.000000
0.000000
0.000000
1.261962
3.972190
0.252951
3.405072
0.000000
1.268853
3.123736
0.601684
0.000000
0.618172
0.508365
0.306963
0.000000
0.000000
0.000000
0.000000
0.000000
0.000000
3.022946
0.000000
1.724002
0.000000
0.000000
0.000000
0.000000
0.297682
0.000000
0.000000
1.926384
0.248033
0.000000
0.000000
0.000000
0.000000
1.737447
0.000000
0.000000
0.000000
1.470766
0.000000
0.034965
0.000000
0.000000
0.000000
0.393306
0.000000
0.000000
0.000000
0.000000
0.000000
0.000000
1.315335
0.000000
0.000000
0.000000
0.000000
0.000000
0.000000
0.000000
1.942179
0.000000
2.309384
0.000000
0.000000
0.000000
0.523670
0.000000
0.000000
0.000000
0.633988
0.000000
1.135040
0.000000
0.000000
0.000000
0.000000
0.000000
0.000000
0.000000
0.000000
0.000000
0.000000
0.000000
0.000000
0.000000
0.000000
3.031892
0.000000
0.000000
0.000000
0.000000
0.000000
0.134243
2.287620
0.000000
0.000000
0.000000
0.000000
0.000000
0.000000
0.129498
0.000000
0.000000
0.000000
0.000000
0.000000
1.541144
0.000000
0.000000
0.000000
0.000000
0.000000
0.000000
0.000000
2.428065
0.000000
0.000000
0.000000
0.000000
0.000000
0.805509
1.240107
0.000000
0.000000
0.790532
1.842914
0.000000
0.000000
0.445706
0.618591
0.181501
0.000000
0.000000
0.000000
0.000000
0.000000
0.000000
0.000000
0.000000
0.000000
1.209410
0.000000
1.019415
0.000000
0.000000
0.213458
3.271351
0.000000
0.000000
0.000000
0.010191
2.680234
0.000000
0.000000
0.000000
1.082533
0.000000
0.870753
0.000000
0.000000
0.576625
0.000000
0.000000
0.000000
0.000000
0.000000
0.000000
0.000000
0.000000
0.000000
0.000000
0.000000
0.000000
0.000000
2.119043
0.000000
0.000000
0.038276
0.000000
0.363310
0.000000
0.000000
0.387883
0.325332
0.000000
0.000000
0.000000
0.000000
0.000000
0.000000
0.000000
0.000000
0.000000
0.000000
2.131147
0.000000
3.559531
0.000000
0.000000
0.000000
0.000000
0.000000
0.000000
0.000000
0.000000
0.938361
0.000000
0.000000
0.000000
0.000000
0.109285
0.000000
0.337059
0.000000
0.000000
0.000000
0.000000
0.000000
0.000000
1.154222
0.000000
0.000000
0.476075
0.913334
1.954467
0.000000
0.000000
0.357791
0.000000
0.000000
0.253902
0.000000
0.000000
1.878092
0.000000
0.000000
0.000000
0.918102
0.000000
0.000000
0.000000
0.000000
0.176482
0.742346
0.000000
1.761971
0.164091
0.000000
0.805559
0.000000
0.000000
0.923660
0.000000
0.000000
0.000000
0.749732
0.419291
0.155858
0.000000
0.217825
0.000000
0.025356
0.810424
0.000000
0.000000
0.159455
0.000000
0.000000
0.555666
0.000000
0.000000
0.000000
0.000000
0.000000
0.398692
0.000000
0.000000
0.000000
0.000000
0.847225
0.000000
0.000000
0.000000
0.000000
0.000000
0.659100
0.000000
0.000000
0.581769
0.000000
0.686910
0.000000
0.442285
1.409145
0.000000
0.000000
0.000000
0.000000
0.000000
0.000000
0.000000
0.000000
0.000000
0.000000
0.000000
0.000000
0.000000
0.000000
0.000000
0.000000
0.000000
0.000000
0.000000
0.000000
0.000000
0.000000
0.000000
1.495223
0.000000
4.022225
1.065326
0.000000
0.000000
0.000000
0.000000
0.000000
0.000000
0.000000
0.000000
0.000000
0.000000
0.000000
0.000000
0.000000
0.000000
2.640045
0.000000
0.116332
1.553066
0.000000
0.000000
0.000000
0.000000
0.000000
0.000000
0.000000
0.000000
2.077266
0.000000
0.436301
1.387511
0.000000
0.000000
0.000000
0.000000
0.000000
0.000000
0.000000
0.908376
0.000000
0.017580
0.000000
0.000000
0.000000
0.000000
0.000000
0.000000
2.357531
0.000000
1.417991
0.000000
0.000000
0.246790
0.000000
0.000000
0.000000
0.000000
0.000000
0.000000
1.127974
0.000000
0.873680
1.225032
0.000000
0.000000
0.641353
0.000000
0.714568
0.000000
0.000000
0.000000
0.872766
0.000000
0.236629
0.000000
0.179739
0.281030
0.000000
0.000000
0.000000
0.000000
0.000000
0.000000
0.904942
0.000000
0.000000
0.000000
1.324325
0.000000
0.000000
0.000000
0.000000
0.000000
0.000000
0.000000
0.000000
0.000000
0.000000
0.000000
0.000000
0.000000
0.000000
0.000000
0.000000
0.128448
0.000000
0.000000
0.151309
0.414031
0.000000
0.000000
0.000000
0.000000
0.449029
1.143357
0.187110
0.000000
0.000000
0.000000
0.000000
1.292278
0.000000
0.000000
0.000000
0.000000
0.000000
0.000000
0.000000
0.000000
0.000000
0.000000
0.000000
0.000000
0.576775
0.000000
0.000000
0.000000
0.000000
0.000000
0.000000
0.000000
0.000000
0.000000
0.000000
0.000000
0.092598
0.000000
0.000000
0.261898
0.000000
0.000000
0.000000
0.000000
0.000000
0.000000
0.000000
0.000000
0.000000
0.000000
0.000000
0.000000
0.000000
0.000000
1.389393
0.000000
0.000000
1.647103
0.000000
0.000000
0.000000
0.512416
0.838375
0.000000
0.000000
0.000000
0.000000
0.000000
0.000000
0.000000
0.000000
0.000000
1.177700
0.864016
0.000000
0.000000
0.000000
0.896421
0.000000
2.459283
0.000000
0.000000
0.000000
0.000000
0.000000
0.365026
0.000000
0.000000
0.000000
0.000000
0.000000
1.244511
0.000000
0.000000
0.000000
1.737928
2.293855
0.000000
0.000000
0.000000
0.000000
0.000000
0.000000
0.000000
0.000000
0.844684
0.708079
0.616101
0.000000
0.000000
0.000000
0.086576
3.068755
0.000000
0.000000
0.316156
0.024595
0.000000
0.927149
0.000000
0.000000
0.000000
0.000000
0.000000
0.000000
0.238261
0.000000
2.798362
0.000000
0.332021
0.381921
0.000000
0.489854
0.000000
0.000000
2.662607
0.000000
0.000000
0.385188
0.000000
0.000000
0.000000
1.372487
0.000000
0.000000
0.000000
0.000000
0.000000
0.000000
0.000000
0.000000
0.000000
0.000000
0.000000
0.000000
0.000000
0.000000
0.000000
0.000000
0.000000
0.000000
0.501096
0.000000
0.000000
0.000000
0.000000
0.000000
0.000000
0.000000
0.000000
0.833629
2.021497
0.000000
0.000000
0.000000
0.000000
0.658742
0.249627
0.000000
0.000000
0.000000
0.000000
0.000000
0.000000
0.000000
0.159296
0.000000
0.000000
0.000000
2.017825
0.000000
0.910521
0.000000
0.000000
0.000000
0.000000
0.000000
0.322453
0.000000
0.000000
0.000000
0.000000
0.000000
0.000000
0.000000
1.266105
0.000000
0.000000
1.539692
0.000000
0.000000
0.000000
0.000000
0.000000
0.000000
0.000000
1.085677
0.000000
0.000000
0.000000
0.078780
0.000000
2.204378
0.000000
0.000000
0.000000
0.000000
1.363284
0.000000
0.000000
0.000000
0.000000
0.000000
0.000000
0.000000
0.000000
0.000000
0.918284
0.000000
0.000000
0.000000
0.000000
0.000000
0.269207
0.000000
0.000000
1.759959
0.000000
0.000000
0.000000
0.000000
0.000000
0.000000
0.000000
0.893970
0.000000
0.000000
0.000000
0.000000
0.000000
0.000000
0.000000
0.000000
0.000000
0.000000
0.000000
0.000000
3.265686
0.000000
0.000000
0.000000
0.000000
0.000000
1.291534
0.000000
1.155139
0.388496
0.000000
1.458666
0.763253
0.000000
0.496742
0.000000
0.000000
0.910393
0.540401
0.000000
0.000000
0.887882
0.000000
0.000000
0.000000
0.000000
0.000000
2.118328
2.375317
0.024408
0.000000
1.728479
0.000000
0.053454
0.000000
0.000000
0.270573
1.800828
0.000000
0.000000
0.000000
0.000000
0.000000
0.000000
0.000000
0.000000
0.000000
0.000000
0.000000
0.000000
0.976586
0.000000
0.000000
0.000000
0.000000
0.000000
0.000000
2.088839
0.000000
0.000000
0.000000
0.000000
0.000000
0.000000
0.000000
0.427586
0.000000
0.000000
0.000000
0.000000
0.000000
0.012310
0.000000
0.000000
0.000000
2.222055
0.000000
0.656381
0.000000
0.000000
0.000000
0.000000
1.330025
0.000000
0.000000
2.209826
0.000000
0.000000
0.000000
0.000000
0.000000
0.109288
1.774164
0.933972
0.000000
0.000000
0.000000
0.000000
0.000000
0.969979
0.000000
2.087038
0.000000
0.000000
0.000000
0.830690
0.000000
0.000000
1.491501
0.000000
0.000000
0.000000
0.000000
0.000000
0.000000
0.000000
0.000000
0.451355
0.000000
0.000000
0.000000
0.000000
0.000000
0.000000
0.000000
0.000000
0.000000
0.812214
0.000000
0.000000
0.000000
0.000000
0.000000
1.112616
0.000000
0.000000
0.000000
0.000000
1.698312
0.000000
0.000000
0.022841
0.000000
0.000000
0.000000
0.000000
0.000000
0.000000
0.000000
0.000000
0.000000
0.000000
0.000000
0.000000
0.000000
0.000000
0.000000
0.000000
0.000000
0.000000
0.000000
0.000000
0.000000
0.000000
0.519943
1.044886
0.000000
0.000000
0.806051
0.517825
0.000000
0.000000
0.000000
0.967705
0.000000
0.000000
0.000000
0.000000
0.000000
0.000000
0.000000
0.000000
0.218346
0.000000
0.906362
0.000000
0.000000
0.000000
0.000000
0.000000
0.049847
0.000000
0.000000
0.297675
0.000000
0.000000
4.333810
1.752286
0.000000
0.454724
0.066830
0.000000
1.530890
0.000000
0.000000
0.000000
0.000000
1.507059
0.000000
0.000000
0.000000
0.000000
0.000000
0.000000
0.482791
0.000000
3.020605
1.516751
0.136184
0.000000
0.000000
0.000000
0.000000
0.000000
0.852181
0.497526
0.000000
0.615132
0.000000
0.000000
0.000000
0.000000
4.035186
0.000000
0.000000
0.483525
0.000000
0.391457
0.000000
0.000000
0.000000
1.065521
1.023904
0.570348
0.272913
0.000000
0.000000
0.000000
0.875937
0.000000
1.035241
0.000000
0.000000
0.000000
0.000000
0.000000
1.695288
0.000000
0.000000
0.000000
0.000000
0.000000
0.000000
0.000000
0.000000
0.000000
0.000000
0.000000
2.664013
0.000000
0.000000
0.000000
0.000000
0.000000
0.000000
0.000000
0.000000
0.631139
0.000000
0.000000
0.000000
0.351132
0.000000
0.000000
0.000000
0.000000
0.000000
0.000000
1.209345
0.000000
0.000000
0.000000
0.000000
0.419746
0.647577
0.000000
0.000000
0.000000
0.003680
0.000000
0.000000
0.000000
0.000000
0.000000
0.000000
0.959306
0.000000
0.000000
0.000000
0.801419
0.357027
0.000000
0.000000
0.000000
0.000000
0.000000
0.903186
0.000000
0.900413
0.000000
0.000000
0.000000
0.000000
0.000000
0.000000
0.000000
0.000000
0.000000
0.000000
0.000000
0.000000
0.000000
0.000000
0.000000
0.000000
0.000000
0.000000
0.209964
0.446540
1.410909
0.000000
0.000000
0.000000
2.777668
0.000000
0.000000
0.000000
0.628447
0.000000
0.000000
0.000000
0.812367
0.000000
0.544700
0.000000
0.468106
0.000000
0.000000
0.000000
0.061890
0.000000
0.000000
0.000000
0.000000
0.000000
0.000000
0.000000
0.000000
0.011045
0.786238
0.000000
0.000000
0.194897
1.700149
0.000000
0.000000
0.080655
0.000000
0.000000
0.000000
0.000000
0.152553
0.612936
0.294983
0.000000
0.807047
0.000000
0.000000
0.000000
0.000000
0.000000
0.000000
0.000000
0.000000
0.296050
0.000000
0.000000
0.000000
0.000000
0.000000
0.000000
0.000000
0.000000
0.000000
0.000000
0.000000
0.119662
0.000000
1.929329
0.000000
0.000000
0.000000
1.420469
0.000000
0.000000
0.000000
0.000000
0.000000
0.000000
0.000000
0.000000
0.000000
0.000000
0.000000
0.000000
0.474188
0.000000
0.000000
0.000000
0.000000
0.000000
0.000000
0.000000
0.000000
0.000000
0.569552
0.000000
0.000000
0.000000
0.000000
0.000000
0.000000
0.000000
0.000000
1.896635
0.000000
0.000000
0.000000
0.000000
0.307283
0.000000
0.000000
0.998602
0.000000
0.000000
0.000000
0.238133
0.000000
0.000000
0.723630
0.000000
0.000000
0.000000
0.000000
0.000000
0.000000
0.000000
0.000000
0.000000
0.000000
0.000000
0.000000
0.000000
0.000000
0.000000
0.000000
0.000000
0.000000
1.322875
0.000000
0.036388
0.000000
0.000000
0.000000
0.000000
0.000000
0.000000
0.000000
0.318973
0.310289
0.000000
0.000000
0.000000
0.000000
0.000000
0.000000
0.000000
0.000000
0.000000
0.000000
0.000000
0.000000
0.000000
0.000000
0.000000
0.000000
0.144791
0.000000
1.944006
1.274096
0.000000
0.566833
0.000000
0.000000
0.483326
0.594228
0.000000
1.371319
0.000000
0.000000
0.000000
0.000000
0.000000
0.000000
0.000000
0.000000
0.000000
0.000000
0.000000
0.000000
0.000000
1.008964
0.000000
0.000000
0.180682
0.000000
0.000000
0.000000
0.000000
0.000000
0.000000
0.000000
0.000000
0.000000
0.000000
0.362525
0.000000
0.000000
0.000000
0.000000
0.932217
0.000000
0.000000
0.000000
0.000000
0.000000
0.000000
0.000000
0.000000
0.000000
0.000000
0.000000
0.691556
0.000000
0.000000
0.000000
0.000000
0.029953
0.000000
0.000000
0.000000
0.000000
0.000000
0.000000
0.000000
0.000000
0.000000
0.000000
0.000000
0.000000
0.000000
1.403445
0.000000
0.000000
1.774652
0.000000
0.000000
0.000000
0.000000
0.000000
0.401291
0.000000
0.000000
0.000000
0.529848
0.000000
0.000000
0.000000
0.000000
0.000000
0.000000
0.378155
0.042134
0.000000
0.000000
2.233915
0.852356
0.000000
0.000000
0.000000
0.000000
0.000000
1.803047
0.000000
0.000000
1.225945
0.000000
2.386448
0.000000
0.000000
0.000000
0.000000
0.000000
0.000000
0.385565
0.000000
0.000000
0.000000
0.355024
0.000000
0.000000
0.701248
0.000000
0.000000
0.000000
0.000000
1.781940
0.271280
0.000000
0.000000
0.000000
0.139268
0.000000
1.362433
0.000000
0.000000
0.000000
0.000000
0.821190
1.324060
0.000000
0.733303
1.077870
0.000000
0.000000
0.000000
0.181601
0.892272
0.975754
0.000000
2.446865
0.000000
1.782431
0.000000
0.000000
0.000000
1.623332
0.000000
0.000000
0.291274
0.000000
0.000000
0.000000
0.000000
0.000000
0.000000
0.000000
0.000000
0.000000
0.000000
0.000000
0.991890
0.000000
0.000000
0.000000
0.000000
0.000000
0.000000
0.000000
0.000000
0.000000
0.000000
0.949678
0.000000
0.000000
0.000000
0.666152
0.000000
0.000000
0.000000
0.000000
0.750971
0.000000
0.000000
0.000000
0.000000
1.209131
0.000000
0.000000
1.515532
0.000000
0.000000
0.106990
0.000000
0.000000
0.000000
0.000000
0.000000
0.000000
0.000000
1.422809
2.923771
0.000000
0.000000
0.000000
1.002852
0.000000
0.000000
0.000000
0.000000
0.000000
0.000000
0.000000
0.000000
1.120514
1.076385
0.000000
0.000000
1.688533
0.000000
0.000000
0.000000
0.000000
0.000000
0.187242
0.000000
0.000000
2.279090
0.000000
0.000000
0.000000
0.882302
0.000000
0.000000
0.000000
0.000000
1.297187
1.293680
0.000000
0.093254
0.000000
0.000000
0.000000
0.000000
0.000000
0.000000
0.000000
0.000000
0.000000
0.000000
0.000000
0.741145
0.000000
0.000000
1.935487
0.000000
0.000000
0.000000
0.000000
0.000000
0.000000
0.000000
0.995618
0.000000
0.000000
0.612809
0.000000
0.000000
0.000000
0.287518
0.000000
0.281303
0.000000
0.791099
0.000000
0.819841
0.000000
0.000000
0.000000
0.000000
0.000000
0.000000
1.500742
0.000000
0.000000
0.000000
0.000000
0.000000
0.000000
0.000000
0.016949
0.258229
0.000000
0.000000
0.000000
0.997551
0.000000
0.000000
0.420577
1.178658
0.000000
0.000000
0.000000
0.000000
0.000000
0.000000
0.000000
0.000000
0.000000
0.000000
0.000000
0.000000
0.000000
0.000000
0.000000
0.810566
1.195642
0.000000
0.000000
0.000000
0.141172
0.000000
0.000000
0.000000
0.000000
0.000000
0.000000
0.000000
0.908562
1.206099
0.000000
0.000000
0.000000
0.000000
1.111906
0.000000
0.000000
1.354036
0.051607
0.000000
0.000000
0.000000
0.000000
0.000000
0.000000
0.000000
0.455195
1.372953
0.000000
0.000000
1.171676
0.000000
0.000000
0.000000
1.840493
0.886045
0.000000
0.000000
0.000000
0.296205
0.000000
0.884120
0.000000
0.000000
0.000000
0.000000
0.000000
0.000000
0.000000
0.000000
1.215709
2.051869
0.000000
0.000000
0.000000
0.000000
0.000000
0.000000
1.335718
0.000000
0.000000
1.928463
0.000000
0.500692
0.000000
0.000000
0.000000
0.000000
0.000000
0.000000
0.000000
0.000000
0.000000
0.000000
0.081203
0.000000
0.560782
0.000000
0.000000
0.000000
0.000000
0.000000
0.000000
0.000000
0.000000
0.000000
0.533917
1.162504
0.000000
0.000000
0.000000
1.734690
0.000000
0.000000
1.399874
0.000000
0.000000
0.000000
0.584218
0.000000
0.773898
0.000000
0.000000
0.000000
1.569259
0.000000
0.000000
0.229233
0.000000
0.000000
0.000000
0.000000
0.000000
0.000000
0.000000
1.077456
0.000000
0.000000
0.000000
0.000000
0.129279
0.000000
0.444289
0.584256
1.300468
0.000000
0.000000
0.000000
1.105365
0.000000
0.000000
0.000000
0.000000
0.000000
0.000000
0.000000
1.062415
0.000000
0.000000
0.000000
0.000000
0.000000
0.925917
0.000000
0.000000
0.000000
0.000000
0.000000
0.549135
0.000000
0.000000
1.036054
0.789319
0.000000
0.000000
0.000000
0.000000
0.000000
0.000000
0.000000
1.949670
0.629266
0.000000
0.000000
0.000000
0.000000
0.000000
0.427653
0.000000
0.000000
0.524537
0.136331
0.000000
0.000000
0.000000
0.000000
0.211450
0.000000
0.000000
0.000000
0.000000
0.000000
0.000000
0.000000
0.000000
0.000000
1.219905
0.000000
0.000000
0.000000
0.000000
0.000000
0.000000
0.000000
0.000000
0.000000
0.000000
0.000000
0.000000
0.242074
0.000000
0.000000
0.163391
0.000000
0.000000
0.000000
0.000000
0.000000
0.000000
0.763510
0.000000
0.000000
0.000000
0.240524
0.000000
0.000000
0.435900
0.000000
0.000000
0.000000
0.000000
0.000000
0.000000
0.000000
0.044649
0.000000
0.000000
0.000000
1.494831
0.000000
0.000000
0.000000
0.000000
0.000000
1.405181
0.000000
0.362429
0.000000
0.948133
0.000000
0.000000
0.000000
0.000000
0.000000
0.000000
1.702668
0.000000
2.748296
0.957686
0.000000
1.871139
0.000000
0.000000
0.000000
0.000000
0.000000
0.000000
0.000000
0.000000
0.000000
0.000000
0.000000
0.000000
0.000000
0.363309
0.000000
0.000000
0.000000
0.000000
0.000000
0.000000
0.000000
0.931363
0.000000
0.000000
2.358706
0.000000
0.000000
0.000000
0.000000
0.000000
0.338888
0.000000
0.969132
0.000000
0.842670
0.000000
0.000000
1.761569
0.000000
0.000000
0.000000
0.898433
0.000000
0.000000
0.000000
0.000000
0.000000
0.000000
0.000000
0.000000
0.000000
0.000000
0.000000
0.000000
0.000000
0.000000
0.000000
0.102626
0.000000
0.000000
0.000000
0.000000
0.000000
0.446016
0.000000
0.418461
0.000000
0.000000
0.000000
0.000000
2.163825
0.273309
1.065252
0.000000
0.000000
0.000000
0.000000
0.000000
3.286278
0.000000
0.000000
0.000000
0.872916
0.000000
2.054059
1.601535
0.000000
0.000000
0.000000
0.000000
0.000000
1.167014
0.000000
2.621710
0.000000
0.000000
1.207384
1.468291
2.676171
0.479618
0.000000
0.000000
0.546218
0.000000
0.000000
0.000000
0.000000
0.000000
0.000000
1.040034
1.223285
0.186234
2.018484
0.083724
0.000000
0.000000
0.499653
0.000000
1.956746
0.000000
0.000000
0.000000
0.000000
0.000000
0.000000
0.000000
0.000000
0.000000
0.000000
0.000000
0.000000
1.893349
0.853268
0.000000
0.000000
0.000000
0.000000
0.000000
0.000000
0.000000
0.000000
0.000000
0.798270
0.000000
0.000000
0.155848
0.000000
0.000000
0.000000
0.000000
0.000000
0.000000
0.216444
0.605528
0.672523
1.678705
2.300256
0.000000
0.292545
0.000000
2.028194
0.000000
0.000000
0.000000
0.017239
0.611801
0.000000
0.000000
0.596644
1.060319
0.000000
1.248874
0.000000
0.000000
0.000000
0.000000
1.653825
0.000000
0.164642
0.000000
0.000000
0.000000
0.000000
0.000000
0.000000
0.000000
1.339332
0.000000
0.000000
0.000000
0.000000
0.093670
0.000000
0.000000
0.000000
0.000000
0.000000
0.000000
0.000000
0.125806
0.324177
0.000000
0.000000
0.000000
0.000000
0.000000
0.000000
0.000000
0.453154
0.000000
1.112931
0.213486
0.000000
0.365731
0.000000
0.000000
0.000000
0.000000
0.000000
0.000000
0.000000
0.000000
0.000000
0.000000
0.000000
0.000000
0.000000
0.000000
0.000000
0.000000
0.000000
0.967600
0.000000
0.000000
0.000000
0.817250
0.000000
0.000000
0.264417
0.000000
0.000000
0.000000
0.217220
0.000000
0.000000
0.000000
0.000000
1.128113
0.000000
0.000000
0.000000
0.000000
0.000000
0.000000
0.000000
0.000000
0.000000
0.492985
0.208258
0.000000
0.000000
0.000000
0.000000
2.719652
0.000000
2.213074
0.000000
0.000000
0.000000
0.000000
0.000000
0.000000
0.000000
0.000000
0.000000
0.000000
0.000000
0.000000
0.000000
0.000000
0.256771
1.463317
0.000000
0.000000
0.924397
0.000000
1.253218
1.652431
0.000000
0.727015
0.000000
0.000000
0.000000
0.000000
0.131945
0.000000
1.353401
0.000000
0.000000
0.000000
0.000000
0.000000
0.019347
0.000000
0.000000
0.000000
1.928920
0.000000
0.000000
0.000000
0.000000
0.000000
0.000000
0.000000
0.000000
0.000000
0.395409
0.000000
0.000000
2.624204
0.000000
0.000000
0.000000
0.000000
1.698538
0.000000
0.000000
0.000000
0.000000
1.604467
0.000000
0.193254
0.000000
0.000000
2.552420
0.000000
0.000000
0.000000
0.000000
0.000000
0.000000
0.000000
0.000000
0.000000
2.556876
0.000000
0.000000
0.000000
0.000000
0.000000
0.000000
0.000000
0.000000
0.000000
0.000000
0.000000
0.000000
0.000000
0.000000
0.000000
0.000000
0.943135
0.000000
0.000000
0.000000
0.000000
0.968518
0.957434
0.415356
0.000000
0.000000
0.000000
1.294762
0.000000
0.000000
0.000000
0.000000
0.381973
0.000000
0.000000
0.000000
1.085071
1.135724
0.038884
0.000000
0.000000
0.477004
0.000000
0.000000
0.000000
0.000000
0.285197
0.000000
0.000000
0.000000
0.000000
0.000000
2.496271
0.000000
0.000000
0.000000
0.000000
1.091410
0.000000
0.000000
0.000000
0.000000
0.000000
0.055484
2.925742
0.000000
0.000000
0.000000
0.000000
0.000000
0.000000
0.000000
0.945675
0.000000
0.000000
0.721018
0.000000
0.000000
0.000000
0.397754
0.000000
0.446408
1.574927
0.000000
0.000000
0.000000
1.067502
1.608363
0.000000
0.000000
0.000000
0.592501
0.000000
0.345892
0.000000
0.000000
0.000000
0.000000
1.511762
0.000000
0.000000
0.000000
0.000000
0.000000
0.000000
0.000000
0.000000
0.000000
0.000000
0.000000
0.000000
1.022120
0.000000
0.000000
0.000000
0.000000
0.000000
0.000000
0.000000
0.000000
1.331549
0.000000
0.009700
0.000000
1.862980
0.684515
0.281999
0.946784
0.000000
0.000000
0.144299
0.000000
0.000000
0.000000
0.000000
0.000000
0.314777
0.000000
0.332179
0.000000
0.587976
0.000000
0.000000
0.528931
1.053023
0.000000
0.000000
1.756287
1.440684
0.000000
0.000000
0.000000
0.000000
0.000000
0.000000
2.395950
0.000000
0.000000
0.000000
0.000000
0.000000
0.000000
0.000000
2.148556
0.000000
0.000000
0.000000
0.000000
0.694656
0.394960
0.000000
0.000000
0.000000
0.000000
0.000000
0.000000
0.102162
0.000000
0.000000
0.000000
0.000000
0.000000
0.000000
0.000000
0.000000
0.000000
0.000000
0.380216
0.000000
0.000000
0.000000
1.140624
0.000000
0.718074
0.000000
0.000000
0.000000
0.000000
0.000000
0.000000
0.000000
0.000000
0.000000
1.323186
2.390537
0.000000
0.000000
0.350231
1.913070
0.000000
0.007830
0.000000
0.000000
1.124720
0.000000
0.000000
3.612788
0.000000
0.000000
0.000000
0.000000
0.000000
0.291827
0.000000
0.000000
0.000000
0.000000
0.000000
0.000000
0.000000
0.000000
1.021636
0.000000
0.000000
0.000000
0.626952
0.000000
0.000000
0.000000
0.000000
0.000000
0.837919
0.000000
0.000000
0.000000
0.000000
0.000000
0.000000
1.139842
0.000000
0.000000
0.087859
0.000000
0.000000
0.816068
0.000000
0.000000
0.531073
0.000000
0.000000
0.000000
0.365183
0.000000
0.109032
0.000000
0.000000
2.119889
0.000000
0.029137
0.000000
0.000000
0.000000
0.380522
0.000000
0.000000
0.000000
1.045083
0.000000
0.000000
0.506317
0.000000
0.001262
0.000000
0.000000
0.000000
0.000000
0.000000
0.855029
0.000000
0.000000
1.527080
0.000000
1.329489
0.000000
2.354332
0.416128
0.000000
0.000000
0.000000
0.000000
0.000000
0.639470
0.000000
0.000000
0.085251
0.000000
0.000000
0.110937
0.000000
0.000000
0.000000
0.687691
0.309965
0.000000
0.000000
0.155704
0.000000
0.460709
0.392873
0.000000
0.000000
0.955759
0.000000
0.000000
2.727747
0.000000
0.000000
0.000000
2.313976
0.000000
0.000000
0.000000
0.029058
0.000000
0.000000
0.000000
0.000000
0.000000
0.000000
0.000000
0.000000
0.000000
0.000000
0.000000
0.000000
0.000000
0.000000
0.000000
0.000000
0.779572
0.015633
2.760205
3.076626
0.107735
0.000000
0.037444
0.000000
0.000000
0.000000
0.000000
0.000000
0.000000
0.000000
0.000000
0.000000
0.000000
0.165917
0.000000
1.497112
0.000000
0.000000
0.920695
0.000000
0.000000
0.000000
0.030532
1.002152
0.000000
0.000000
0.000000
0.000000
0.000000
0.000000
1.402036
0.000000
0.000000
0.000000
0.000000
1.303737
0.000000
0.000000
0.000000
0.000000
0.000000
0.000000
0.000000
0.000000
0.000000
0.000000
0.000000
0.000000
0.000000
0.000000
0.000000
0.151809
0.000000
0.000000
0.000000
0.000000
0.000000
0.740314
0.000000
0.000000
0.000000
0.000000
0.000000
0.000000
0.000000
0.000000
0.000000
0.000000
0.000000
0.000000
0.000000
0.343834
0.000000
0.336807
0.000000
0.000000
0.000000
0.000000
0.000000
0.081183
0.000000
0.000000
0.000000
0.000000
0.000000
0.000000
0.000000
0.000000
0.000000
0.000000
0.000000
0.000000
0.000000
0.000000
0.000000
0.000000
0.000000
1.113366
0.284487
0.000000
0.000000
3.458694
0.000000
0.290032
0.000000
0.000000
1.415606
0.000000
0.000000
0.000000
0.000000
0.000000
0.000000
0.000000
0.000000
0.000000
0.000000
3.371464
3.204872
0.000000
0.000000
2.602327
0.000000
0.000000
0.000000
0.833432
0.691113
0.000000
0.000000
0.000000
0.000000
0.000000
0.000000
0.000000
0.000000
0.138734
0.000000
0.974922
0.000000
1.395440
0.000000
0.000000
0.000000
0.000000
0.000000
0.000000
0.000000
0.000000
0.000000
0.330414
0.033268
0.000000
0.000000
0.000000
0.000000
0.000000
2.570488
0.492343
0.000000
0.000000
0.352844
0.058754
0.000000
0.331027
0.000000
0.000000
0.000000
0.000000
1.519972
0.274738
0.000000
0.000000
0.000000
0.000000
0.000000
0.000000
0.000000
0.000000
0.000000
0.000000
0.000000
0.000000
0.000000
0.000000
0.000000
0.000000
1.272195
0.000000
0.000000
1.001931
0.000000
0.000000
0.000000
0.000000
0.000000
0.000000
0.000000
0.000000
0.000000
0.000000
0.000000
0.000000
0.000000
0.000000
0.000000
0.000000
0.000000
0.000000
0.000000
0.000000
0.000000
0.000000
0.000000
0.000000
0.000000
0.000000
0.000000
0.038831
0.000000
0.185798
0.000000
0.781684
0.000000
0.000000
0.000000
0.000000
0.000000
0.000000
0.000000
0.000000
0.000000
0.000000
0.000000
0.000000
0.000000
0.000000
1.517518
1.508340
1.187612
0.000000
0.000000
0.000000
0.000000
0.000000
0.000000
0.000000
0.000000
1.460574
0.000000
0.000000
3.601305
0.000000
0.000000
0.000000
0.000000
0.000000
0.000000
0.000000
0.000000
0.000000
0.000000
1.746107
0.000000
1.036763
0.000000
0.072559
0.000000
0.000000
0.350767
0.000000
0.000000
2.700555
0.000000
0.000000
0.000000
3.137140
0.098396
0.000000
0.000000
0.000000
0.000000
0.000000
0.000000
0.000000
0.461676
0.000000
0.116113
1.946474
0.221246
0.000000
0.000000
0.630769
0.000000
0.389274
0.000000
0.196573
0.000000
1.221899
0.198523
0.000000
0.000000
0.650219
0.000000
0.007409
2.027033
0.000000
0.000000
0.000000
0.000000
1.192951
1.101823
0.000000
0.000000
0.000000
0.000000
0.000000
0.000000
0.000000
0.000000
0.000000
1.822414
0.000000
0.000000
0.000000
0.000000
0.000000
0.000000
0.000000
0.000000
0.000000
0.000000
0.000000
1.897385
0.000000
0.000000
0.253576
0.000000
0.000000
1.098987
0.000000
0.000000
0.000000
0.000000
0.000000
1.635051
0.021889
0.000000
0.000000
0.650841
0.000000
2.413187
0.000000
0.000000
0.000000
0.000000
0.000000
0.000000
0.047173
0.000000
0.000000
0.000000
0.000000
0.000000
0.000000
0.000000
0.000000
0.000000
0.000000
1.473980
0.000000
0.833245
2.354191
0.000000
0.000000
0.000000
1.209576
0.000000
0.052293
0.058672
0.000000
0.000000
0.000000
0.000000
0.000000
0.000000
0.000000
0.000000
0.000000
0.000000
0.000000
0.000000
0.000000
0.000000
0.000000
0.000000
0.000000
0.000000
0.672670
1.074276
0.000000
0.000000
0.000000
0.000000
0.000000
0.000000
0.074883
0.000000
0.234564
0.000000
0.000000
0.000000
0.000000
1.354541
0.000000
0.000000
0.000000
2.760129
0.000000
0.000000
0.000000
0.000000
0.000000
0.000000
0.000000
0.000000
0.000000
0.000000
0.000000
1.439769
0.000000
0.000000
0.000000
0.000000
0.000000
0.000000
0.000000
0.881134
0.000000
0.000000
0.000000
0.000000
0.000000
0.000000
1.507099
1.891238
0.000000
0.886193
0.000000
0.000000
0.000000
0.140315
0.000000
0.000000
0.000000
0.000000
0.000000
0.000000
0.000000
0.000000
1.000111
0.000000
0.000000
0.000000
0.000000
0.000000
0.000000
0.000000
0.160101
0.592170
0.101407
0.000000
0.000000
0.000000
0.542392
0.000000
0.000000
0.000000
0.000000
0.288072
0.000000
0.000000
1.267440
1.390285
0.691650
0.000000
0.000000
0.000000
0.537950
0.000000
0.000000
0.000000
0.000000
0.000000
0.000000
1.567610
1.830886
0.000000
0.000000
0.000000
0.000000
0.000000
0.000000
0.000000
0.000000
0.000000
0.000000
0.000000
0.726213
0.000000
0.000000
0.000000
0.000000
0.000000
1.453393
0.000000
0.000000
0.000000
0.000000
0.000000
0.000000
0.000000
0.000000
0.000000
0.240509
0.537892
0.000000
0.000000
0.000000
0.000000
0.000000
0.000000
0.000000
0.272743
0.000000
0.000000
0.000000
0.000000
0.000000
0.000000
0.000000
0.000000
0.000000
0.000000
0.000000
0.000000
0.000000
0.000000
0.000000
0.000000
0.000000
0.000000
0.000000
0.762819
0.000000
0.178884
0.810969
0.010251
0.000000
0.220321
0.000000
0.000000
0.000000
0.000000
0.000000
0.454861
0.028768
0.000000
0.000000
0.000000
0.000000
0.000000
0.000000
0.000000
0.778315
0.000000
0.000000
0.000000
0.000000
0.000000
0.000000
0.000000
1.085074
0.000000
0.000000
0.000000
0.000000
0.000000
0.000000
0.000000
0.000000
0.500166
0.166713
1.266465
0.000000
0.000000
0.000000
0.197032
0.000000
0.000000
1.678731
0.000000
0.000000
0.000000
0.000000
0.000000
0.000000
0.916586
0.329745
0.000000
0.000000
1.142203
0.000000
0.000000
0.000000
0.000000
2.172527
0.000000
0.000000
0.000000
0.000000
0.000000
0.553062
0.000000
0.000000
0.000000
0.000000
0.000000
0.358297
0.000000
0.000000
0.000000
0.000000
2.710083
0.000000
0.000000
1.674577
0.000000
0.484989
0.088101
0.000000
0.000000
0.571729
0.000000
0.000000
0.000000
0.324678
0.000000
0.000000
0.000000
0.000000
0.000000
0.000000
0.000000
0.000000
0.000000
2.623224
0.561955
0.000000
1.109844
0.000000
0.000000
0.000000
0.000000
0.582209
0.000000
0.000000
0.000000
0.437546
0.000000
0.000000
0.000000
0.000000
0.033869
0.000000
0.000000
0.000000
0.000000
0.000000
0.288523
0.000000
1.618128
0.000000
0.000000
0.000000
0.924623
0.000000
0.000000
0.939947
0.000000
0.000000
0.000000
0.000000
0.000000
0.000000
0.000000
0.000000
3.344158
0.000000
0.705922
0.614981
0.000000
0.000000
0.000000
0.000000
0.000000
0.000000
0.000000
2.157323
0.000000
1.028643
0.000000
2.585527
0.000000
0.000000
0.000000
0.000000
1.645214
0.000000
0.000000
0.000000
0.074277
0.000000
0.000000
0.000000
1.479690
0.000000
0.000000
0.000000
0.000000
0.000000
0.000000
1.843318
1.654623
0.000000
0.000000
0.000000
0.215384
1.478720
0.000000
0.000000
0.000000
0.000000
0.000000
0.000000
0.000000
0.000000
0.162228
0.281239
0.000000
0.000000
0.000000
0.488781
0.000000
0.816733
0.000000
0.000000
0.000000
0.000000
0.000000
0.000000
0.000000
0.000000
0.527906
0.000000
0.000000
0.000000
0.545655
0.000000
0.000000
0.000000
0.000000
0.000000
0.657778
0.794070
0.513270
0.000000
0.000000
0.000000
0.000000
0.000000
0.883411
0.000000
0.000000
0.000000
0.000000
0.000000
0.000000
0.000000
0.478512
0.000000
1.694085
0.818433
0.645360
0.000000
0.000000
0.000000
0.000000
0.000000
0.000000
0.000000
0.000000
1.933652
0.000000
0.000000
0.000000
0.537694
0.438769
1.628445
0.000000
0.000000
0.000000
0.000000
0.000000
0.000000
1.556638
0.000000
0.000000
0.000000
0.000000
1.679127
0.000000
0.000000
0.000000
0.000000
0.000000
0.000000
0.000000
1.833243
0.000000
0.583202
1.229908
0.000000
0.000000
1.528136
0.000000
0.000000
0.000000
0.000000
0.000000
0.000000
0.000000
0.000000
0.000000
0.000000
0.000000
0.735193
0.000000
0.000000
0.000000
0.000000
0.000000
1.314847
0.000000
0.000000
0.371185
0.000000
1.266490
0.513035
0.000000
0.000000
1.495367
0.000000
0.000000
0.998996
0.000000
0.483774
0.000000
0.000000
0.000000
0.000000
1.150159
0.000000
0.000000
0.763169
0.000000
0.000000
0.000000
0.000000
0.000000
0.000000
0.000000
0.000000
0.000000
1.318001
0.000000
1.107998
0.000000
0.627246
0.000000
0.000000
0.000000
0.000000
0.000000
0.000000
4.591126
0.000000
0.000000
0.000000
0.000000
0.000000
0.000000
0.000000
2.200464
0.000000
0.000000
0.000000
0.000000
0.216190
0.000000
0.000000
0.011079
0.000000
0.000000
3.099605
0.000000
0.000000
0.000000
0.000000
0.000000
0.000000
0.000000
0.000000
0.348026
0.620839
0.000000
3.465176
0.000000
0.073181
0.000000
2.903845
0.555652
0.000000
0.000000
2.430586
0.000000
0.014605
0.000000
0.000000
0.000000
0.000000
0.000000
0.000000
0.000000
0.000000
1.173218
0.000000
0.000000
0.000000
0.000000
0.000000
0.000000
0.000000
0.000000
0.000000
0.000000
0.000000
0.000000
0.000000
0.572286
0.000000
0.000000
0.000000
0.000000
0.000000
0.000000
0.000000
0.000000
1.542827
0.000000
0.000000
0.308283
0.000000
0.000000
1.542550
1.565739
0.000000
0.517627
0.000000
0.000000
0.000000
0.000000
1.297101
0.000000
0.000000
0.000000
0.000000
0.000000
0.000000
0.265071
0.000000
0.000000
0.000000
0.000000
0.000000
0.228405
0.735127
0.000000
0.000000
0.000000
0.000000
0.000000
0.000000
0.000000
0.000000
0.000000
0.000000
0.000000
0.000000
0.000000
3.128297
0.000000
0.000000
0.000000
1.427793
0.000000
0.000000
0.000000
0.000000
0.000000
0.638903
0.000000
0.891379
2.208025
0.237183
0.000000
0.000000
0.220840
0.000000
0.969609
0.000000
0.840020
0.000000
0.000000
1.461371
0.000000
0.000000
0.114461
0.000000
0.000000
0.060136
0.174681
0.000000
2.678600
0.061116
1.618083
0.000000
0.000000
0.000000
0.000000
2.829305
0.000000
0.000000
1.716671
0.000000
0.000000
2.164358
0.000000
0.000000
0.331986
0.000000
0.000000
0.000000
0.000000
0.320806
0.000000
0.000000
0.000000
0.000000
0.000000
0.000000
0.000000
0.000000
1.051987
0.000000
0.000000
0.000000
0.000000
0.000000
0.000000
1.624010
0.000000
1.637964
0.000000
0.000000
0.000000
0.000000
0.000000
0.000000
0.000000
0.000000
0.000000
0.000000
0.000000
0.000000
0.000000
0.000000
0.000000
0.000000
0.000000
0.000000
0.000000
2.880826
0.536098
0.000000
0.393088
0.581017
0.000000
0.000000
0.000000
0.000000
0.000000
0.000000
0.947666
0.000000
0.000000
0.000000
0.000000
0.000000
1.015870
0.084777
0.000000
0.000000
3.845691
0.000000
0.000000
0.000000
0.000000
0.000000
0.000000
0.000000
0.000000
0.000000
0.000000
0.844809
0.000000
0.000000
0.000000
0.000000
0.576953
0.000000
0.000000
1.183224
0.000000
0.000000
0.000000
0.000000
0.000000
0.311321
0.000000
0.208921
1.135684
1.179307
0.000000
0.158513
1.014501
0.566926
0.302765
0.000000
1.239666
0.000000
0.163783
0.000000
0.000000
0.000000
0.000000
0.000000
0.000000
0.000000
2.455214
0.331851
0.000000
0.000000
0.000000
0.000000
0.000000
0.000000
0.000000
0.000000
0.000000
0.000000
1.064927
0.000000
0.000000
0.000000
0.000000
0.000000
0.000000
0.000000
1.573078
0.000000
0.000000
2.258168
0.153626
0.000000
0.000000
1.327667
0.000000
0.000000
0.000000
0.000000
0.000000
0.000000
0.000000
1.599060
0.664608
0.000000
0.000000
0.000000
0.000000
0.000000
0.000000
0.000000
0.000000
0.000000
1.307003
0.000000
0.000000
2.431864
0.000000
0.000000
0.754697
0.000000
0.000000
0.000000
1.777993
0.000000
0.000000
0.920597
0.000000
0.000000
0.000000
0.000000
1.205634
2.927854
0.000000
0.000000
1.179750
0.365493
1.953789
0.000000
1.026941
0.000000
0.000000
0.570144
0.000000
0.000000
0.000000
0.000000
0.620542
0.158549
0.000000
0.000000
0.000000
0.000000
0.000000
1.759275
0.000000
0.000000
0.000000
0.000000
0.305335
0.000000
0.000000
0.000000
0.000000
0.000000
0.000000
0.000000
0.000000
0.000000
0.000000
1.371034
0.000000
0.000000
0.000000
0.000000
0.820038
0.000000
0.714407
0.000000
