0.000000
0.000000
0.000000
0.000000
0.776551
0.000000
3.372011
0.000000
0.359352
0.000000
0.726970
0.000000
2.391869
0.000000
0.000000
0.000000
0.000000
0.000000
0.000000
0.000000
0.000000
0.000000
0.000000
0.769831
0.000000
1.270254
0.000000
0.584808
0.000000
0.855680
0.000000
0.000000
0.000000
0.000000
0.255748
1.042210
0.000000
0.000000
0.000000
0.000000
0.118398
0.000000
0.000000
0.000000
0.000000
1.351842
0.476735
1.038425
0.000000
0.000000
0.000000
0.000000
0.000000
0.000000
0.000000
0.532790
0.000000
0.000000
0.000000
0.000000
0.000000
0.000000
0.000000
0.000000
0.000000
0.409898
0.000000
0.000000
0.000000
0.000000
0.000000
0.000000
0.000000
0.000000
0.000000
0.234435
0.000000
0.608617
0.000000
2.101681
0.815109
0.000000
0.000000
0.000000
0.000000
0.550662
0.000000
1.768314
0.863696
0.000000
0.000000
0.344335
1.409784
0.000000
1.252774
0.000000
0.000000
0.000000
0.000000
1.139126
0.000000
0.000000
0.000000
0.000000
0.539662
0.000000
0.000000
0.000000
0.000000
0.000000
0.000000
1.950100
0.000000
0.000000
0.243126
1.070583
0.000000
0.000000
0.864662
0.453945
0.000000
0.000000
0.383521
0.000000
0.000000
0.662284
0.000000
0.000000
0.658591
0.794635
0.000000
2.335536
0.000000
0.000000
0.000000
0.000000
0.000000
0.000000
0.000000
0.932610
0.000000
1.615659
1.668162
0.000000
0.000000
0.000000
0.000000
0.000000
0.000000
0.897466
0.067358
1.009004
0.000000
0.000000
0.000000
0.000000
0.017775
1.152840
1.025709
0.000000
0.000000
0.000000
0.000000
0.640952
0.000000
0.000000
1.094078
1.773361
0.000000
0.585377
0.000000
0.064146
0.000000
0.231476
0.000000
0.721205
1.031124
0.098406
0.000000
0.195661
0.306493
0.345065
0.000000
0.000000
0.000000
0.000000
0.000000
0.008080
0.000000
0.000000
0.000000
0.000000
0.000000
0.030062
0.000000
0.557912
0.000000
0.000000
0.000000
0.000000
0.000000
0.000000
0.328263
0.000000
0.000000
0.000000
1.524467
0.556402
3.532804
0.000000
0.000000
0.000000
0.000000
0.000000
0.000000
0.000000
0.784484
0.000000
0.000000
0.000000
0.000000
0.000000
0.807877
0.000000
0.000000
1.376511
2.757980
0.978403
0.744233
0.000000
0.000000
0.000000
0.084625
1.235054
0.000000
0.000000
0.000000
0.000000
0.000000
0.000000
0.312161
0.000000
0.118805
0.000000
0.347765
0.000000
0.000000
0.000000
0.000000
1.171132
0.000000
0.000000
0.000000
0.239866
0.000000
0.802324
0.000000
0.000000
0.000000
0.000000
0.104568
0.000000
0.000000
0.000000
0.000000
0.000000
0.000000
0.000000
0.971787
0.000000
1.455068
0.000000
0.000000
0.000000
0.000000
0.000000
0.000000
0.000000
0.000000
0.000000
0.000000
0.000000
0.000000
0.000000
0.570637
0.000000
0.000000
0.000000
0.000000
0.000000
0.977505
0.071588
0.000000
0.000000
0.000000
0.000000
1.266971
0.000000
1.538936
1.491869
0.000000
0.000000
0.000000
0.000000
0.000000
0.000000
1.769245
0.000000
0.000000
0.000000
0.000000
0.000000
0.000000
1.239921
0.454547
0.000000
0.000000
0.000000
0.000000
0.000000
1.137958
0.000000
0.336749
0.000000
0.000000
0.000000
0.000000
0.000000
0.000000
0.000000
0.000000
0.589474
0.753068
0.000000
1.431625
0.000000
0.876424
1.376751
0.843354
0.000000
0.039639
0.000000
0.000000
0.000000
0.000000
0.000000
0.000000
0.000000
0.000000
0.000000
0.000000
2.114527
1.191249
0.000000
1.207984
0.000000
0.000000
0.639506
0.000000
1.173079
1.680189
0.000000
0.000000
0.592225
0.000000
2.171570
0.000000
0.000000
0.000000
0.134312
0.000000
0.000000
0.000000
0.000000
0.000000
0.000000
0.000000
0.000000
0.000000
0.828857
0.000000
0.000000
1.246956
0.000000
0.533002
0.000000
0.000000
0.501290
0.638944
0.000000
2.374086
0.000000
0.827134
0.000000
0.000000
0.000000
0.000000
0.000000
1.295307
0.491524
0.000000
0.000000
0.851331
0.000000
0.000000
0.000000
0.000000
0.002071
0.000000
0.000000
0.000000
0.000000
0.000000
0.018984
0.000000
0.000000
0.058972
0.172754
0.000000
0.000000
0.000000
0.000000
0.000000
0.000000
1.139103
0.000000
0.000000
0.116745
0.000000
0.000000
0.000000
0.000000
0.185772
0.000000
0.000000
0.000000
0.000000
1.140539
0.000000
0.000000
0.000000
1.855814
0.000000
0.000000
0.000000
1.396193
0.056771
0.000000
0.000000
0.000000
0.000000
0.702167
0.000000
0.000000
0.000000
1.801210
0.000000
0.000000
0.000000
0.000000
0.011384
1.105374
0.000000
0.000000
0.585800
0.000000
0.000000
0.172241
0.000000
0.109844
0.000000
0.342300
0.000000
0.055212
0.227316
0.000000
0.000000
0.858448
0.000000
0.000000
0.000000
1.348785
0.000000
0.555340
0.000000
0.000000
0.000000
0.000000
0.178291
0.027594
0.000000
0.959457
0.550897
0.000000
0.872391
0.000000
0.000000
0.000000
0.000000
0.256900
0.824998
0.000000
0.000000
0.000000
0.000000
1.602981
0.000000
0.207763
0.000000
0.000000
0.000000
0.000000
0.000000
0.152893
0.891940
0.000000
2.318887
0.000000
0.890870
0.000000
0.000000
0.000000
0.000000
0.000000
0.000000
1.944056
0.170111
0.499180
0.649343
0.000000
0.000000
0.000000
0.000000
0.000000
0.292747
0.000000
0.000000
0.000000
0.000000
0.000000
0.000000
0.000000
0.000000
0.000000
0.211195
0.000000
0.000000
0.678332
0.000000
0.000000
0.000000
0.636003
0.000000
0.290130
0.338204
0.000000
0.000000
0.000000
0.000000
0.000000
0.000000
0.000000
0.000000
0.142970
0.302027
0.000000
0.908819
0.000000
0.000000
0.000000
0.000000
0.000000
0.000000
0.000000
2.249390
0.000000
1.677367
0.411574
1.509567
0.000000
0.000000
0.000000
0.317526
1.557355
0.000000
0.000000
0.550719
0.000000
0.000000
1.502687
0.000000
0.000000
0.000000
0.000000
0.000000
0.702542
0.541944
0.760677
0.000000
1.088718
0.000000
0.000000
0.000000
0.000000
0.464909
0.000000
0.812681
0.000000
0.750307
0.000000
0.000000
0.000000
0.000000
0.000000
0.000000
0.000000
0.299023
0.000000
0.000000
0.000000
0.325583
1.163382
0.000000
0.554096
0.605965
0.925840
0.000000
0.803217
0.000000
0.129953
0.000000
0.000000
0.000000
0.000000
0.000000
0.000000
0.556698
0.000000
1.444772
0.000000
0.000000
0.000000
0.700742
0.000000
0.000000
1.372109
0.000000
0.000000
1.031189
0.332125
1.376890
0.905573
0.000000
0.000000
0.432674
0.000000
0.000000
0.000000
0.000000
0.143570
0.000000
0.000000
0.671803
0.000000
0.000000
0.280361
0.802090
0.000000
0.392116
0.607853
0.000000
0.078179
0.110060
0.000000
0.000000
0.000000
0.677771
0.000000
1.313734
0.000000
1.233671
0.263251
0.000000
0.000000
0.000000
0.000000
0.084847
0.000000
0.000000
0.200084
0.000000
0.000000
0.000000
0.000000
0.000000
1.126332
0.712418
0.000000
0.000000
0.000000
0.000000
0.000000
0.000000
0.379683
0.771875
0.000000
0.000000
0.285103
0.000000
0.000000
0.050309
0.095657
0.000000
1.647729
0.970307
0.000000
0.370929
0.761584
0.000000
0.000000
0.860081
0.000000
0.617617
1.875103
0.363018
2.155398
0.000000
0.000000
0.000000
0.150545
0.000000
1.310438
0.000000
0.000000
0.000000
0.000000
0.000000
0.000000
0.064238
0.000000
0.000000
0.000000
0.000000
0.000000
0.000000
0.000000
0.000000
0.000000
0.000000
0.000000
1.390197
0.000000
0.000000
0.000000
0.000000
0.479426
0.000000
0.794453
0.000000
0.997128
1.318073
0.000000
0.000000
0.067266
0.528455
1.178220
0.000000
0.000000
0.000000
0.000000
0.000000
1.666804
0.000000
0.020403
0.000000
0.000000
0.000000
0.000000
0.000000
0.257705
0.000000
0.659417
0.000000
1.081147
0.185824
0.000000
0.000000
0.000000
0.000000
0.000000
0.000000
0.000000
0.000000
0.000000
0.000000
0.000000
0.000000
0.000000
0.282789
0.000000
0.236528
0.000000
0.000000
0.986998
0.331933
0.000000
0.000000
0.000000
0.000000
0.000000
0.000000
0.548932
0.000000
0.000000
0.096883
0.578891
0.000000
0.000000
0.000000
0.000000
0.414762
0.000000
0.024578
0.000000
0.000000
0.048885
0.000000
0.303720
0.000000
0.000000
0.000000
0.445636
0.020250
0.302224
0.000000
0.579998
0.000000
0.279106
0.419696
0.160997
0.000000
0.000000
1.024501
0.000000
0.000000
1.601222
0.000000
0.293378
0.000000
0.000000
0.000000
0.000000
0.000000
0.000000
0.000000
0.706280
0.016945
0.000000
0.000000
0.000000
0.000000
0.000000
0.000000
0.576527
0.274312
1.458383
0.492549
0.000000
0.000000
0.000000
0.000000
1.400943
0.698987
0.720074
0.000000
0.249222
0.048281
0.173057
1.017058
0.000000
0.000000
0.000000
0.000000
0.000000
0.000000
0.003885
0.000000
2.098474
0.763036
0.000000
1.254255
0.000000
3.385081
0.208883
0.000000
2.173017
0.000000
0.000000
0.000000
0.756443
0.000000
0.000000
0.389267
0.000000
0.000000
0.000000
0.000000
0.000000
0.000000
0.000000
0.000000
0.233144
0.000000
0.000000
0.000000
0.000000
0.000000
0.000000
0.000000
0.000000
0.044019
0.462985
0.473784
0.000000
0.648975
0.000000
0.000000
0.000000
0.000000
0.000000
0.677647
0.000000
0.000000
0.365308
0.000000
0.000000
0.374070
0.440378
0.000000
0.592796
0.000000
0.000000
0.000000
1.104119
0.000000
0.000000
0.000000
0.821907
0.000000
0.000000
0.000000
0.000000
0.000000
0.172696
0.000000
0.166580
1.583558
0.000000
0.000000
0.000000
0.000000
0.000000
0.000000
0.000000
0.082201
0.000000
1.046094
0.000000
2.071187
0.000000
0.000000
0.000000
0.000000
0.000000
0.000000
0.000000
0.000000
0.000000
0.000000
0.000000
0.000000
0.000000
2.882907
0.000000
0.000000
0.000000
0.000000
2.457408
0.000000
0.000000
0.000000
0.000000
0.000000
0.000000
0.000000
0.569623
2.058237
0.000000
0.000000
0.000000
0.000000
0.000000
0.000000
0.000000
0.000000
0.000000
0.348753
0.000000
0.000000
0.000000
0.000000
0.000000
0.000000
0.000000
0.000000
0.000000
0.482542
0.000000
1.332821
0.000000
0.000000
0.978763
0.000000
0.000000
0.000000
0.000000
0.000000
1.942288
0.000000
0.000000
0.373523
0.000000
0.000000
0.202868
0.000000
0.000000
0.000000
0.000000
0.000000
1.700032
0.000000
0.000000
0.000000
0.000000
0.000000
0.000000
0.000000
0.000000
0.000000
0.899174
0.232054
0.000000
0.000000
0.000000
1.650696
0.115923
0.500911
0.000000
0.046192
0.000000
0.000000
0.000000
0.000000
0.000000
0.853720
0.000000
0.000000
0.000000
0.000000
0.000000
0.000000
0.000000
0.000000
0.000000
0.000000
0.000000
1.020369
0.000000
0.000000
0.000000
0.000000
0.000000
0.000000
0.000000
3.405112
0.000000
0.000000
0.000000
0.000000
0.000000
0.000000
0.000000
0.000000
0.000000
0.627813
0.000000
0.000000
0.685736
0.000000
0.000000
0.196818
0.000000
2.002055
0.000000
0.000000
0.000000
0.000000
0.000000
0.000000
1.476867
0.000000
0.000000
1.656050
0.000000
0.596606
0.000000
1.232866
0.000000
0.000000
0.860824
2.690200
0.000000
0.667197
0.000000
0.062772
0.000000
0.053414
0.000000
1.955828
0.000000
0.000000
0.000000
0.688338
0.292450
0.000000
0.000000
0.000000
0.000000
0.000000
0.000000
2.880167
0.000000
0.971812
0.113300
0.000000
0.000000
0.000000
0.000000
0.000000
0.000000
0.000000
0.000000
0.000000
0.000000
0.000000
0.000000
1.095413
0.000000
0.000000
0.000000
0.000000
0.000000
0.000000
0.000000
0.129971
0.000000
0.000000
0.000000
0.000000
0.000000
0.000000
0.000000
1.168237
0.133743
0.000000
0.000000
0.000000
0.000000
0.000000
0.000000
0.000000
0.195070
0.000000
0.000000
0.000000
0.000000
0.000000
0.000000
0.000000
0.000000
0.669153
1.317918
0.000000
0.000000
0.000000
0.963728
0.000000
0.000000
0.000000
0.000000
1.303392
0.000000
0.000000
0.295540
0.000000
0.831089
0.000000
0.691612
0.000000
0.037613
0.000000
0.000000
0.000000
0.000000
0.000000
0.401830
0.000000
0.000000
0.000000
0.000000
0.118161
0.000000
0.267856
0.547615
1.157304
0.000000
0.000000
0.000000
0.000000
0.755072
0.000000
0.888170
0.000000
0.000000
0.000000
0.000000
0.000000
0.000000
0.000000
0.698109
1.363922
0.431971
0.000000
1.096831
0.257536
0.000000
0.000000
0.234635
0.000000
0.000000
1.296439
0.000000
0.229851
0.000000
0.088410
0.000000
0.000000
0.000000
0.858168
1.083001
0.000000
0.000000
0.000000
0.325091
0.641740
0.000000
0.000000
0.000000
1.585607
0.000000
0.000000
0.274006
0.050012
0.198933
0.000000
1.507384
1.019494
2.400315
0.000000
0.000000
0.000000
0.000000
0.000000
0.000000
0.306996
0.000000
0.000000
0.000000
0.000000
0.000000
0.000000
0.000000
0.137411
0.000000
0.000000
1.853685
0.000000
0.345203
0.000000
0.000000
0.000000
0.012171
0.000000
0.000000
0.000000
0.000000
0.301528
0.220279
0.533939
1.007876
0.000000
0.000000
0.233814
0.256359
0.000000
0.000000
2.097356
0.000000
0.418995
0.000000
1.593852
0.000000
0.000000
0.000000
0.000000
0.000000
0.000000
0.000000
0.000000
0.000000
1.103022
0.000000
0.000000
0.199795
0.000000
0.000000
0.397477
0.769192
0.000000
0.000000
0.000000
0.000000
0.000000
0.000000
0.000000
2.353086
0.000000
0.000000
0.478338
0.000000
0.000000
1.249571
0.000000
0.375553
0.000000
0.000000
0.000000
0.000000
0.000000
0.000000
0.000000
0.000000
0.000000
1.080573
1.605089
0.000000
0.000000
0.000000
0.000000
0.000000
0.000000
0.000000
0.000000
0.000000
0.091334
1.620796
1.000312
0.000000
0.000000
0.000000
1.740035
0.000000
0.715445
0.386607
0.000000
0.000000
0.000000
0.555399
0.000000
0.000000
0.000000
0.000000
0.000000
0.000000
0.000000
1.677588
0.031117
0.000000
0.000000
0.000000
0.708866
0.000000
0.000000
0.198927
1.589274
0.000000
0.000000
0.000000
0.424952
0.000000
0.572091
0.000000
0.278758
0.000000
0.000000
0.000000
0.000000
0.000000
0.000000
0.000000
0.000000
0.000000
0.000000
0.000000
0.000000
0.000000
0.000000
0.000000
0.000000
0.000000
0.000000
0.000000
0.000000
0.000000
0.000000
0.000000
0.000000
0.000000
0.000000
0.000000
0.000000
0.000000
0.000000
0.000000
0.000000
0.000000
0.000000
0.000000
0.000000
0.000000
0.000000
0.000000
0.284846
0.000000
0.000000
0.000000
0.000000
0.543925
0.000000
0.000000
0.977850
0.303785
0.000000
0.000000
0.000000
0.000000
0.794541
0.000000
0.000000
0.000000
0.000000
0.926239
0.000000
1.045722
0.000000
0.000000
0.000000
0.000000
0.000000
0.267492
0.000000
0.970018
0.000000
1.021755
0.110159
0.000000
0.520929
0.000000
0.000000
1.120742
0.000000
0.000000
0.000000
0.000000
0.000000
0.000000
0.000000
0.000000
0.000000
0.000000
0.000000
0.620020
0.000000
0.464474
0.000000
0.194829
0.000000
0.000000
0.000000
0.000000
0.000000
0.000000
0.000000
0.000000
0.000000
0.000000
0.248014
0.000000
0.030293
0.916096
0.000000
0.329468
1.446729
0.000000
0.000000
0.000000
0.179141
0.000000
0.000000
0.000000
1.430166
0.000000
0.000000
0.000000
0.000000
4.104278
0.000000
0.000000
0.799268
0.000000
0.000000
0.000000
0.000000
0.000000
0.467304
0.000000
0.000000
0.000000
0.000000
0.000000
0.000000
0.000000
0.000000
0.000000
0.695246
0.000000
0.000000
0.000000
0.352004
0.000000
0.067590
0.000000
0.000000
0.000000
0.000000
0.000000
0.000000
0.000000
0.000000
0.000000
0.000000
0.000000
1.777208
0.000000
0.000000
0.672169
2.141818
0.000000
0.000000
0.000000
0.000000
0.000000
0.894112
0.000000
0.000000
0.000000
0.000000
0.000000
0.000000
1.772144
0.000000
0.000000
0.035918
0.000000
0.588223
0.000000
0.000000
1.591083
0.000000
0.000000
0.000000
0.000000
0.000000
0.000000
0.000000
0.000000
0.000000
0.000000
1.457724
0.000000
0.000000
2.165037
0.000000
0.000000
0.000000
0.000000
0.000000
0.000000
0.000000
0.000000
0.000000
1.047866
0.000000
0.000000
0.000000
0.061220
0.000000
0.000000
0.000000
0.429174
0.885068
0.360583
0.000000
1.431934
0.000000
0.000000
0.000000
0.000000
0.000000
2.164164
0.000000
0.000000
1.493283
0.000000
0.000000
0.158286
0.000000
0.000000
0.000000
0.339836
0.000000
0.000000
0.000000
0.000000
0.000000
0.000000
1.638545
0.625700
1.138168
0.000000
0.000000
0.000000
0.778576
0.444681
1.777083
0.000000
0.000000
0.000000
1.135019
0.000000
0.000000
0.000000
0.000000
0.000000
0.000000
0.000000
1.147108
0.463669
0.000000
0.353022
1.289362
0.000000
0.000000
0.000000
0.681560
0.000000
0.000000
0.000000
0.000000
0.000000
0.000000
0.000000
0.000000
1.283394
0.000000
0.000000
0.000000
0.000000
0.000000
0.000000
0.000000
0.000000
0.000000
0.000000
0.000000
1.060725
0.000000
0.000000
1.404741
0.000000
0.000000
0.000000
0.000000
0.000000
0.000000
0.000000
0.000000
0.000000
0.000000
0.260865
0.498064
0.000000
0.000000
0.787396
0.000000
0.000000
1.604219
0.650636
0.000000
0.000000
0.000000
0.000000
0.000000
0.244686
0.000000
0.000000
3.443602
0.199453
0.000000
0.000000
0.000000
0.000000
0.000000
1.228130
0.000000
0.000000
0.000000
0.088491
1.243158
0.000000
0.000000
0.180751
0.000000
0.000000
0.000000
0.000000
0.000000
0.000000
0.000000
0.000000
0.000000
1.512675
1.065589
0.000000
0.000000
2.305529
0.000000
0.000000
0.000000
0.000000
0.000000
0.074297
0.000000
2.544580
0.162061
0.386626
0.659863
0.000000
0.300362
0.000000
0.000000
1.100288
0.000000
1.004922
0.000000
0.000000
0.000000
0.000000
0.000000
0.275612
0.157613
0.000000
0.000000
0.000000
0.000000
0.000000
0.000000
0.000000
0.000000
0.000000
0.000000
0.000000
0.000000
0.000000
0.000000
0.000000
0.000000
0.000000
0.000000
0.000000
0.000000
0.125259
0.399619
0.000000
0.000000
0.000000
0.000000
0.435748
0.000000
0.000000
0.000000
0.000000
1.098991
0.000000
0.000000
0.483135
0.000000
0.043713
0.000000
2.042575
0.055398
0.000000
0.000000
0.000000
0.000000
0.000000
0.000000
1.518761
0.681239
0.163189
0.000000
0.000000
0.000000
0.000000
0.000000
0.000000
0.952107
0.000000
0.000000
0.000000
0.000000
0.000000
0.000000
0.000000
0.000000
0.000000
0.000000
0.000000
0.000000
0.000000
0.000000
0.000000
0.000000
0.000000
0.000000
0.000000
0.099042
0.160871
0.000000
0.000000
0.000000
0.000000
0.000000
0.045754
0.000000
2.435400
0.000000
0.000000
0.000000
0.000000
0.000000
0.721716
0.000000
0.000000
0.000000
1.687583
0.000000
0.000000
0.000000
0.000000
0.000000
0.000000
0.000000
1.921933
0.000000
0.000000
0.000000
0.882539
0.000000
0.000000
0.000000
1.366934
1.542850
0.793827
0.000000
0.178724
1.924458
0.000000
0.494318
0.000000
0.000000
0.000000
0.000000
0.000000
0.000000
0.000000
0.459906
1.389748
0.232632
0.000000
0.000000
0.000000
0.000000
0.028957
0.000000
0.758271
0.000000
0.000000
0.810409
0.000000
0.000000
0.000000
0.000000
0.000000
1.671024
0.000000
0.000000
0.000000
0.000000
0.000000
0.000000
0.410723
0.000000
0.042459
0.000000
0.000000
0.000000
0.000000
0.000000
0.000000
0.000000
0.017662
0.000000
0.000000
0.000000
0.000000
0.356967
0.042418
1.366169
0.000000
0.000000
0.000000
0.205764
0.000000
0.301226
0.000000
0.000000
0.395431
1.002052
0.000000
0.000000
0.183701
0.000000
0.000000
0.000000
0.000000
0.437511
0.000000
0.000000
0.000000
0.098149
0.000000
1.101313
0.000000
0.000000
0.000000
0.000000
0.158559
0.000000
0.014913
1.495589
0.000000
0.000000
0.000000
0.000000
0.000000
1.620984
0.000000
0.000000
0.000000
0.000000
0.000000
0.000000
0.139623
0.000000
0.000000
0.000000
0.032552
0.000000
0.000000
0.000000
0.648847
0.000000
0.000000
0.388488
0.334769
0.000000
0.000000
0.961124
0.000000
0.000000
0.000000
0.000000
0.000000
0.000000
0.000000
0.509967
0.390823
0.807432
0.000000
0.000000
0.000000
0.253080
0.000000
0.000000
0.000000
0.000000
1.223156
0.000000
0.846538
0.000000
0.000000
1.296098
0.000000
0.000000
0.000000
0.000000
0.965735
0.000000
0.000000
0.000000
0.926968
0.775963
0.580420
0.000000
0.000000
0.537050
0.000000
0.000000
0.000000
0.000000
0.666652
0.000000
0.000000
0.000000
0.000000
0.000000
0.000000
0.000000
0.000000
0.000000
0.000000
0.000000
0.612005
0.586270
0.183641
0.000000
0.000000
0.000000
0.000000
0.000000
0.000000
0.000000
0.000000
0.000000
0.000000
0.000000
0.000000
0.000000
0.000000
0.113690
0.000000
0.000000
0.000000
0.000000
0.521632
0.000000
0.000000
0.144526
0.000000
0.000000
0.000000
0.000000
0.000000
0.000000
0.035476
0.000000
0.000000
0.000000
0.000000
0.000000
0.000000
1.213266
0.000000
0.610677
1.545049
0.000000
0.617124
0.000000
0.000000
0.000000
0.000000
0.107279
0.000000
0.000000
1.014493
0.000000
0.000000
0.000000
0.000000
0.000000
0.000000
0.000000
0.000000
0.000000
0.000000
0.269469
0.000000
0.000000
1.663112
0.000000
0.000000
2.571518
0.520988
0.000000
0.000000
0.000000
0.000000
0.000000
0.000000
1.370228
0.405876
1.409194
0.000000
0.000000
3.087056
0.000000
0.578789
0.245769
0.000000
0.000000
0.000000
0.000000
0.446518
0.502353
0.000000
0.000000
0.000000
0.000000
0.000000
0.000000
0.000000
0.000000
0.000000
0.242107
0.000000
0.741018
1.021720
0.000000
0.257887
0.000000
1.229075
0.000000
0.797962
0.000000
0.000000
0.000000
0.000000
1.447305
1.407937
1.309573
0.000000
0.000000
0.000000
0.000000
0.000000
1.139313
0.000000
0.000000
0.000000
0.920622
0.000000
0.000000
1.149954
0.126150
0.104754
0.000000
0.000000
0.000000
2.482635
0.539346
0.251108
0.000000
0.000000
1.042485
1.410515
0.828464
0.000000
0.000000
0.000000
0.000000
0.000000
0.319983
0.000000
0.000000
0.000000
0.000000
0.577817
1.214809
0.093668
0.000000
0.000000
0.000000
0.000000
0.000000
0.564809
0.298437
0.000000
0.000000
2.850948
0.000000
0.000000
0.000000
0.000000
0.413319
0.537598
0.000000
0.000000
0.000000
0.000000
0.199829
0.000000
0.000000
0.000000
0.358126
0.000000
0.000000
0.000000
1.104498
0.126821
1.262947
0.000000
0.000000
0.000000
0.000000
0.000000
1.758407
0.000000
0.003055
1.380336
0.876477
0.000000
1.578232
0.227430
0.000000
1.077749
0.000000
0.000000
0.184071
0.000000
0.000000
0.000000
0.024356
0.000000
0.000000
0.288288
0.302376
1.556845
0.000000
0.000000
0.000000
0.240588
0.000000
0.000000
0.855766
0.000000
1.138672
0.000000
0.000000
0.000000
0.886068
0.000000
0.000000
0.456778
0.000000
0.000000
0.000000
0.996384
0.000000
0.000000
0.000000
0.000000
0.000000
0.000000
0.000000
0.000000
0.000000
0.243863
0.000000
0.000000
0.000000
0.000000
0.000000
0.000000
0.000000
0.000000
0.055702
0.000000
0.861511
0.122944
0.000000
0.000000
0.000000
0.000000
0.000000
0.000000
0.000000
0.000000
0.000000
0.278510
0.000000
0.000000
0.000000
0.000000
0.000000
0.000000
0.000000
0.000000
0.000000
0.912428
0.000000
0.264147
0.000000
0.000000
0.000000
0.000000
0.000000
0.799213
0.000000
0.000000
0.000000
0.558173
0.000000
0.805918
1.092890
2.175391
0.000000
0.000000
0.063996
0.000000
0.203417
0.000000
0.000000
0.000000
0.000000
0.000000
0.000000
0.000000
0.000000
0.000000
0.000000
0.513876
0.000000
0.315037
0.784510
0.000000
0.000000
0.000000
0.000000
0.000000
0.116486
0.148308
0.000000
0.000000
0.000000
0.000000
0.000000
0.974010
0.293258
2.289340
0.000000
0.702866
0.216502
0.000000
0.000000
0.376515
1.082462
0.721303
0.406972
0.000000
0.000000
0.000000
0.015791
0.000000
0.628166
0.000000
0.364175
0.000000
0.025458
0.000000
0.007874
0.000000
0.000000
1.001652
1.224104
0.000000
0.000000
0.000000
1.150042
0.000000
0.000000
0.000000
0.000000
0.000000
0.000000
0.057455
0.000000
1.338647
0.000000
0.519777
0.000000
0.000000
2.439112
0.000000
0.000000
0.000000
0.000000
0.435420
0.000000
0.900406
0.000000
0.000000
2.505677
0.311254
0.000000
0.000000
0.322035
0.608903
0.000000
0.000000
0.000000
0.000000
0.878751
0.000000
0.000000
0.000000
0.000000
0.000000
0.000000
0.000000
0.000000
0.000000
1.130200
0.607745
0.000000
0.000000
0.000000
0.000000
0.000000
0.805717
0.000000
0.000000
0.000000
0.000000
0.000000
0.000000
1.410295
0.000000
0.597974
0.000000
0.000000
0.000000
0.000000
0.000000
0.000000
0.000000
0.000000
0.000000
0.000000
0.000000
0.754754
0.000000
0.000000
0.000000
1.099258
0.000000
0.941247
0.000000
0.692868
0.000000
0.000000
0.000000
0.000000
0.000000
0.000000
0.407330
0.000000
0.115161
0.000000
0.000000
0.000000
0.000000
0.000000
0.865042
0.000000
0.000000
1.179532
0.270794
0.000000
0.000000
0.000000
0.000000
0.000000
0.000000
0.000000
1.108276
0.276824
0.000000
0.000000
0.000000
0.000000
0.000000
1.232625
0.000000
0.000000
0.125851
0.000000
0.000000
0.000000
0.000000
0.000000
0.000000
0.997433
0.000000
0.000000
0.804352
0.000000
0.000000
0.000000
0.000000
0.000000
0.034869
0.592986
2.263920
0.000000
0.000000
0.000000
0.084574
0.000000
0.000000
0.000000
0.000000
0.000000
1.761457
0.000000
0.000000
0.000000
0.000000
0.000000
0.187539
0.000000
0.000000
0.965590
0.051052
0.000000
0.000000
0.000000
0.861702
0.000000
2.179140
1.539489
0.000000
0.000000
0.000000
0.111932
0.000000
0.000000
0.000000
0.000000
0.000000
0.000000
0.000000
0.000000
0.000000
0.000000
0.000000
0.000000
0.492086
0.000000
0.600485
0.356552
0.000000
0.000000
0.000000
0.709191
0.000000
0.117693
0.000000
0.000000
0.000000
0.020073
0.000000
0.000000
0.000000
0.000000
0.000000
0.348291
0.436107
0.000000
0.000000
0.000000
0.000000
0.000000
1.649988
0.782430
0.000000
1.644906
0.000000
0.000000
0.000000
0.000000
0.000000
0.000000
0.000000
0.000000
0.000000
0.000000
0.000000
0.000000
0.000000
0.431046
0.142757
0.000000
0.000000
0.282510
0.000000
0.011278
0.000000
0.000000
0.000000
0.108504
0.000000
0.056684
0.147205
0.000000
1.829432
0.000000
1.086457
0.000000
0.000000
0.000000
0.000000
0.000000
0.089171
0.000000
0.131339
0.000000
0.000000
0.000000
1.365981
0.543899
0.000000
0.000000
0.000000
0.000000
0.000000
0.000000
0.000000
0.000000
1.579816
0.000000
0.000000
0.542368
0.000000
1.383430
0.000000
0.000000
0.000000
0.000000
0.000000
0.000000
0.000000
0.000000
0.000000
0.410627
0.000000
0.000000
1.247471
0.000000
0.000000
0.000000
0.662160
0.000000
0.000000
0.623265
0.000000
0.000000
0.000000
0.000000
0.000000
0.046249
0.054710
0.090181
0.000000
0.000000
0.000000
0.000000
0.000000
0.000000
2.004611
0.000000
0.000000
0.000000
0.000000
0.156942
0.000000
0.000000
0.000000
0.000000
0.329331
0.000000
0.000000
1.109467
0.616058
0.000000
0.000000
0.000000
0.000000
0.708252
0.000000
0.041661
0.000000
0.000000
0.000000
0.000000
0.823447
0.457681
2.010871
0.000000
1.236053
0.000000
0.000000
0.000000
0.000000
0.424224
0.000000
0.000000
0.248312
0.000000
0.000000
0.000000
0.000000
0.000000
0.000000
0.437679
0.000000
0.015570
0.000000
0.000000
0.000000
0.925175
0.000000
0.000000
0.000000
0.707981
0.681069
0.000000
2.164707
0.000000
0.000000
0.000000
0.101045
0.000000
0.000000
0.000000
0.000000
0.000000
0.000000
0.000000
0.000000
0.000000
0.000000
0.000000
0.000000
0.000000
0.000000
0.000000
0.000000
0.000000
0.000000
1.599943
0.000000
0.744399
1.462426
0.297659
0.000000
0.000000
0.000000
0.000000
0.219255
0.000000
0.000000
0.000000
0.000000
1.781607
0.000000
0.000000
0.000000
0.000000
0.218105
0.000000
1.112878
0.000000
0.000000
2.007831
0.000000
0.000000
0.000000
0.285651
0.000000
0.000000
0.000000
0.000000
0.000000
0.000000
1.177627
0.000000
0.000000
0.000000
0.453581
0.000000
0.000000
0.000000
0.000000
0.000000
0.000000
0.000000
0.000000
0.000000
0.000000
0.000000
0.000000
0.000000
0.000000
0.000000
0.000000
0.000000
0.000000
0.000000
0.000000
0.000000
0.000000
0.000000
0.000000
0.000000
0.000000
0.000000
0.000000
0.514537
0.000000
0.000000
0.000000
0.000000
0.000000
0.000000
0.000000
1.124909
0.000000
0.000000
0.030200
0.089041
0.379247
0.000000
0.000000
0.000000
0.000000
0.000000
0.114811
0.000000
0.000000
0.000000
1.150394
0.000000
1.682808
0.000000
0.000000
0.000000
0.000000
0.000000
0.001319
0.000000
0.000000
0.000000
0.846530
0.336113
0.810197
0.000000
0.000000
0.621129
0.000000
0.000000
0.000000
1.387309
0.310061
0.000000
0.000000
0.000000
0.000000
0.000000
0.000000
0.000000
1.043134
0.000000
0.045897
1.257739
0.035035
0.000000
0.111900
0.000000
1.295589
0.927926
0.432037
0.558301
0.000000
0.335022
0.000000
0.000000
0.914731
0.000000
0.187487
0.000000
0.000000
0.000000
0.663901
0.000000
1.126062
0.000000
0.000000
0.162087
0.000000
0.000000
0.000000
0.000000
0.000000
0.000000
1.457828
0.000000
0.000000
0.272853
1.150336
0.000000
0.000000
0.000000
0.000000
0.000000
0.000000
0.000000
0.000000
0.000000
0.000000
0.000000
0.000000
0.000000
0.000000
1.371316
0.151008
0.000000
0.462663
0.124800
1.109610
0.113618
0.000000
0.000000
0.000000
0.000000
0.000000
0.000000
0.000000
0.000000
0.000000
0.000000
0.000000
0.863542
0.097921
0.000000
0.000000
0.762878
0.000000
0.000000
0.000000
0.000000
0.000000
0.000000
0.000000
0.000000
0.000000
0.000000
0.000000
0.000000
0.000000
0.000000
0.000000
0.000000
0.000000
0.000000
0.000000
1.152721
0.000000
0.000000
0.000000
0.000000
0.000000
0.000000
0.264440
0.000000
0.000000
0.000000
0.597004
0.000000
0.000000
0.000000
0.000000
0.000000
0.000000
0.000000
0.000000
1.226591
0.000000
0.000000
0.000000
0.000000
0.000000
0.470893
0.000000
0.000000
0.000000
0.000000
0.000000
0.000000
0.000000
0.000000
0.000000
0.000000
0.000000
0.000000
0.000000
2.533668
0.678676
0.056656
0.000000
0.000000
0.000000
0.000000
0.000000
0.000000
0.000000
0.000000
0.000000
0.000000
1.743268
0.000000
1.322406
0.000000
0.000000
0.000000
0.000000
0.000000
1.504916
0.000000
0.000000
0.000000
1.617923
0.011217
0.262872
0.000000
0.000000
0.020970
0.000000
0.000000
0.068928
1.006656
0.000000
0.000000
0.000000
0.616341
0.000000
0.000000
0.988565
0.000000
1.580024
1.078201
0.000000
0.000000
0.000000
0.000000
0.000000
0.000000
0.000000
0.000000
0.000000
0.000000
0.000000
0.000000
1.128463
0.000000
1.341447
0.984439
0.000000
0.000000
0.000000
0.000000
0.000000
0.000000
0.565433
0.586465
0.000000
0.590317
0.000000
0.000000
0.000000
0.000000
0.000000
0.000000
0.764201
0.000000
0.000000
0.000000
0.000000
0.902603
0.000000
0.000000
0.000000
0.000000
0.000000
0.000000
0.000000
0.000000
0.000000
0.000000
0.000000
2.349832
0.000000
0.000000
1.816117
1.370631
0.000000
0.931881
0.000000
0.000000
0.000000
0.000000
0.000000
0.000000
0.000000
0.000000
1.281529
0.000000
0.000000
0.000000
0.000000
0.000000
1.242604
0.000000
0.000000
0.000000
0.000000
1.832176
0.000000
0.000000
0.000000
0.468323
0.000000
0.000000
0.000000
2.175627
0.000000
0.076650
1.345189
0.000000
0.000000
0.000000
0.000000
0.000000
0.000000
0.000000
0.000000
0.000000
0.367814
0.000000
0.000000
0.000000
0.000000
0.000000
0.019762
0.000000
0.000000
0.000000
0.803814
0.000000
1.434270
0.000000
1.057982
1.265445
0.000000
0.000000
0.831290
0.000000
1.301360
0.000000
1.616787
0.000000
0.267179
2.643349
0.115117
0.029558
0.000000
1.890851
0.000000
1.199802
0.000000
0.000000
0.188504
0.000000
0.000000
0.972955
0.000000
0.000000
0.000000
0.000000
0.190789
0.000000
0.000000
0.299518
0.000000
0.566709
0.000000
0.000000
0.531711
0.000000
0.000000
0.545345
0.000000
0.000000
0.000000
0.469094
0.000000
1.308281
0.000000
0.000000
0.000000
0.000000
0.000000
0.453943
0.000000
0.000000
1.183532
0.000000
0.302694
0.000000
0.039939
0.000000
0.007916
0.000000
0.000000
0.453971
0.656051
0.000000
0.000000
0.000000
2.329219
0.000000
0.000000
0.704565
0.000000
0.000000
0.000000
0.000000
0.000000
0.000000
0.122603
1.740613
0.000000
0.000000
0.125972
0.000000
0.000000
0.000000
0.000000
0.000000
0.000000
0.000000
1.608903
0.000000
0.000000
0.000000
0.000000
0.004592
0.217772
0.478186
0.263493
0.000000
0.000000
0.000000
0.000000
0.102355
0.000000
0.000000
0.000000
0.115959
0.000000
0.000000
0.000000
0.059003
0.000000
0.000000
0.000000
0.000000
0.000000
0.000000
1.457147
0.218219
0.000000
0.000000
0.000000
0.000000
0.000000
0.000000
0.000000
0.000000
1.432935
0.000000
0.000000
0.000000
0.000000
0.000000
0.000000
0.000000
0.000000
0.000000
0.000000
0.000000
0.000000
0.000000
0.000000
0.000000
0.000000
0.000000
0.000000
0.907044
0.000000
0.587868
1.447968
0.000000
0.188953
2.459032
0.000000
0.618378
0.000000
0.000000
0.179494
0.723702
0.586308
0.339241
0.000000
0.000000
0.000000
0.000000
0.000000
0.000000
0.000000
0.000000
0.000000
0.000000
0.000000
0.000000
0.000000
0.000000
0.319520
0.306631
0.000000
0.000000
1.386278
0.000000
0.538060
0.000000
0.000000
0.000000
0.760807
0.000000
0.000000
0.428459
0.000000
0.000000
0.000000
0.000000
1.405972
0.345811
0.000000
0.032842
0.000000
0.000000
0.000000
0.000000
0.000000
0.000000
0.000000
0.000000
0.000000
0.000000
0.427557
0.000000
1.295159
0.000000
0.000000
0.000000
0.000000
0.000000
0.000000
0.000000
0.000000
1.291588
0.000000
0.559814
0.000000
0.000000
0.000000
0.000000
0.000000
1.669678
0.000000
0.000000
0.749854
0.000000
1.392258
0.441960
0.000000
1.459663
0.000000
1.324325
0.000000
0.000000
0.908697
0.000000
0.000000
0.815748
0.000000
0.000000
0.496905
0.000000
0.000000
1.220230
0.452277
0.011918
0.000000
0.000000
0.000000
0.000000
0.000000
0.000000
0.455823
0.000000
0.000000
0.000000
0.000000
1.047036
0.518288
0.000000
0.489225
0.000000
0.000000
0.000000
0.006006
0.000000
0.000000
0.103740
0.000000
0.000000
0.000000
0.000000
0.000000
0.088080
0.000000
0.000000
0.263848
0.147526
0.000000
0.000000
0.000000
0.000000
0.000000
1.353914
0.000000
0.000000
0.000000
0.000000
1.468210
0.000000
0.000000
0.000000
0.000000
0.000000
0.000000
0.000000
0.059775
0.364172
0.000000
0.000000
1.593047
0.636840
0.000000
1.359152
0.469661
0.401400
0.000000
0.000000
0.000000
0.000000
0.000000
0.000000
0.000000
0.000000
0.000000
0.363872
0.000000
0.118836
0.000000
0.000000
2.311479
1.406333
0.000000
0.000000
0.000000
0.000000
0.000000
0.000000
0.689124
0.000000
0.000000
0.000000
0.000000
0.183908
0.000000
0.000000
0.000000
0.000000
0.000000
0.000000
0.336666
0.000000
0.005793
0.755192
0.000000
0.000000
0.000000
0.000000
0.000000
0.608653
0.000000
0.623955
0.000000
1.035403
0.000000
2.396965
0.000000
0.000000
0.000000
0.000000
0.000000
1.322866
0.000000
1.009732
0.000000
0.000000
0.000000
0.000000
0.000000
0.993132
0.000000
0.000000
0.395737
0.340716
0.000000
0.000000
0.000000
0.524912
0.000000
0.000000
2.456291
0.938897
0.000000
0.000000
0.000000
0.000000
0.000000
0.000000
0.000000
0.000000
1.393705
0.000000
0.000000
0.000000
0.000000
0.000000
0.778065
0.000000
0.000000
0.000000
0.000000
0.000000
0.242678
0.000000
0.000000
0.000000
0.000000
0.000000
1.115898
0.384748
0.000000
0.000000
0.000000
0.000000
0.000000
0.000000
1.179334
0.792519
0.670470
0.000000
0.000000
0.000000
0.000000
0.284563
0.000000
0.000000
0.000000
0.000000
0.000000
0.000000
0.000000
0.000000
0.851479
0.000000
0.047565
0.008310
0.000000
1.081208
1.082413
0.000000
0.476137
0.039456
0.000000
0.000000
1.692057
1.391006
0.000000
0.000000
0.000000
0.002172
0.000000
0.000000
0.754471
1.274852
0.805444
0.030860
0.106285
0.000000
0.000000
0.000000
0.000000
0.509820
1.806180
0.000000
0.000000
0.240051
0.595020
0.000000
0.479490
0.000000
0.000000
0.000000
0.151851
0.000000
1.235124
0.674759
0.000000
0.000000
0.000000
0.285378
0.000000
0.000000
0.000000
0.062646
0.000000
0.000000
0.556734
0.000000
0.000000
0.000000
0.233923
0.857625
0.000000
0.000000
0.000000
0.000000
0.000000
0.000000
0.000000
0.000000
0.000000
0.000000
0.350169
0.000000
0.000000
0.119129
0.000000
1.265259
0.336046
0.000000
0.000000
0.000000
0.404855
0.000000
2.448626
0.000000
0.342990
0.000000
0.000000
0.000000
0.000000
0.000000
3.049947
0.346422
0.000000
0.000000
0.000000
0.289851
0.000000
0.139970
0.463874
0.000000
0.000000
0.000000
0.000000
0.000000
0.000000
0.000000
0.000000
0.000000
0.000000
0.000000
0.000000
0.000000
0.000000
0.000000
0.000000
0.000000
2.138936
0.042280
0.000000
0.371851
0.000000
0.000000
1.015411
0.369518
0.391531
0.000000
0.000000
0.000000
1.592085
0.000000
0.524938
0.370667
0.000000
0.000000
0.355444
0.000000
1.366304
0.000000
0.000000
0.000000
0.000000
0.103970
0.000000
0.000000
2.070473
0.576405
1.262608
0.126654
0.000000
1.592834
0.000000
0.000000
0.540322
0.000000
0.000000
0.000000
0.000000
0.000000
0.000000
0.096584
0.000000
0.000000
0.000000
0.000000
0.000000
0.000000
2.511146
0.000000
0.785710
0.029612
1.413916
0.000000
0.000000
0.000000
0.000000
0.000000
0.000000
0.749914
0.000000
0.565705
0.087627
0.151935
0.105515
0.000000
0.000000
0.000000
0.000000
0.000000
0.000000
0.000000
0.944321
0.000000
0.000000
1.650914
0.000000
0.000000
0.000000
0.000000
0.000000
2.085394
0.226519
0.000000
0.000000
0.000000
0.000000
0.000000
1.149051
1.133888
0.000000
0.224134
0.000000
0.000000
1.192658
0.000000
0.000000
0.006572
0.000000
0.315731
0.000000
0.000000
0.119509
0.000000
1.956327
0.000000
1.873218
0.000000
0.000000
0.000000
0.000000
0.000000
0.353357
0.343925
0.000000
0.166066
0.015146
0.000000
0.000000
0.000000
0.000000
0.000000
0.000000
0.000000
0.657602
0.000000
0.000000
0.000000
0.000000
0.000000
1.511931
0.000000
0.000000
0.513859
0.000000
0.000000
0.956199
0.000000
0.094789
0.000000
0.000000
0.000000
0.000000
0.466499
1.952755
0.335927
0.000000
0.000000
0.000000
0.000000
0.000000
0.000000
0.639768
0.000000
0.000000
0.000000
0.000000
0.000000
0.000000
0.124676
0.000000
0.998926
0.000000
0.000000
0.000000
0.000000
0.000000
0.000000
0.000000
0.000000
0.000000
0.000000
0.000000
0.000000
0.000000
0.000000
0.000000
0.000000
0.000000
0.000000
2.931124
0.000000
0.665584
0.000000
0.000000
0.000000
0.047485
0.000000
0.588821
0.000000
0.771013
0.000000
0.991203
0.077593
0.000000
0.000000
0.000000
0.000000
0.000000
0.000000
0.257016
0.009820
0.000000
0.000000
0.000000
0.000000
0.000000
1.161416
0.000000
0.000000
0.000000
0.000000
0.000000
0.736554
0.000000
0.364840
0.000000
0.000000
0.000000
0.525779
0.291464
0.000000
0.000000
0.000000
0.000000
0.000000
0.530514
0.527371
0.000000
0.000000
0.155428
0.805152
0.000000
1.412880
0.989839
0.000000
0.000000
0.000000
0.000000
0.000000
0.000000
0.000000
2.360264
1.413887
0.000000
0.766135
0.000000
1.000876
0.000000
0.000000
0.000000
0.000000
0.000000
0.000000
0.000000
0.000000
0.766236
0.000000
0.000000
0.669183
0.000000
0.000000
0.000000
0.428208
0.000000
0.000000
0.000000
0.000000
0.000000
0.000000
0.000000
0.000000
1.030916
0.000000
0.824959
0.804775
0.000000
1.059096
0.215095
0.161302
0.000000
0.000000
0.112174
0.000000
0.000000
0.000000
0.000000
0.000000
0.215079
0.000000
1.171491
0.000000
0.000000
0.000000
0.000000
0.534716
0.000000
0.000000
0.000000
0.000000
0.000000
0.000000
0.000000
0.000000
0.000000
0.000000
0.000000
0.000000
0.000000
0.000000
0.000000
0.000000
0.055678
0.000000
0.000000
0.000000
0.000000
0.000000
0.000000
