0.000000
0.000000
0.000000
0.000000
0.000000
0.000000
0.000000
0.000000
0.073972
1.807048
0.000000
0.000000
1.934558
0.000000
0.000000
0.000000
0.000000
0.000000
0.000000
0.000000
0.000000
0.000000
0.000000
0.933631
0.000000
1.294761
0.000000
0.000000
0.000000
2.086325
0.924202
1.066548
0.000000
0.000000
0.000000
1.354310
0.000000
0.000000
0.000000
0.000000
0.414586
0.125992
0.000000
0.000000
2.667121
0.000000
0.196039
1.788789
0.000000
0.000000
0.000000
0.000000
0.000000
0.000000
0.000000
0.000000
0.638785
0.000000
0.000000
0.000000
0.000000
0.000000
0.929822
0.000000
0.763541
0.000000
0.000000
0.000000
0.000000
0.000000
0.000000
0.000000
1.508522
0.000000
0.000000
0.018454
0.000000
0.739506
0.000000
1.481392
0.436677
0.000000
0.000000
0.000000
0.000000
1.484540
0.000000
0.482395
0.000000
0.000000
0.000000
0.419235
0.981707
0.000000
0.000000
0.000000
0.000000
0.000000
0.000000
2.888399
0.000000
0.000000
0.000000
0.000000
2.463811
0.000000
1.742534
0.000000
0.034938
0.000000
0.000000
0.000000
0.000000
2.278297
0.000000
0.000000
0.000000
0.000000
0.000000
0.000000
0.000000
0.000000
0.000000
0.000000
0.000000
0.936212
0.000000
0.000000
0.000000
0.000000
0.000000
0.000000
0.120464
0.000000
0.490535
0.863982
1.080620
0.153022
0.000000
0.000000
0.000000
2.140210
0.136104
0.000000
0.000000
0.000000
0.000000
0.000000
0.000000
0.000000
1.087200
1.535295
1.065855
0.000000
0.471290
0.000000
0.000000
0.000000
0.000000
0.000000
0.000000
0.000000
0.000000
1.419484
0.597954
0.000000
0.000000
0.000000
0.000000
0.000000
0.057363
0.097031
0.000000
0.000000
0.000000
0.000000
0.000000
0.000000
0.000000
0.125954
0.000000
0.000000
0.000000
0.816107
0.000000
0.000000
0.000000
0.000000
0.000000
0.000000
0.000000
0.000000
0.000000
0.000000
0.119216
1.174126
0.589953
0.701462
0.000000
0.000000
0.000000
0.000000
0.000000
0.000000
0.000000
0.000000
0.584761
0.000000
2.267638
0.000000
0.000000
0.000000
0.000000
0.000000
0.452531
0.000000
2.972867
0.000000
0.079770
0.000000
0.000000
0.000000
0.000000
0.000000
0.000000
0.000000
3.974432
1.624312
1.881094
0.000000
0.000000
0.000000
0.000000
0.000000
0.000000
0.000000
0.000000
0.000000
0.000000
0.532433
0.000000
0.578438
0.000000
0.000000
0.684021
0.364834
0.000000
0.000000
0.000000
0.000000
0.000000
0.833181
0.000000
0.000000
0.000000
0.000000
0.000000
0.000000
0.000000
0.034746
0.000000
0.000000
0.000000
0.000000
0.000000
0.271306
0.000000
0.000000
0.000000
0.000000
1.221067
0.000000
0.000000
0.000000
0.000000
0.000000
0.000000
0.000000
0.000000
0.000000
0.000000
0.000000
0.000000
0.000000
0.542819
0.000000
0.000000
0.000000
0.592916
0.000000
0.000000
0.200107
0.000000
0.000000
0.000000
0.000000
0.000000
0.000000
2.212237
1.448260
0.000000
0.000000
0.000000
0.000000
0.000000
0.000000
2.284278
0.000000
0.000000
0.000000
0.000000
0.000000
0.585715
0.000000
0.000000
0.000000
0.000000
0.000000
0.000000
0.000000
4.922257
0.000000
0.000000
0.000000
0.795608
0.000000
0.004813
1.299120
0.000000
0.000000
0.367965
0.416544
0.000000
2.314836
0.630388
0.000000
1.011861
1.344715
0.000000
0.000000
0.000000
0.000000
0.000000
1.569203
0.000000
0.000000
0.000000
0.000000
0.000000
1.222666
0.000000
0.817340
0.000000
0.000000
0.000000
0.000000
0.000000
0.000000
0.000000
0.230292
0.000000
1.809909
1.077409
0.000000
0.000000
0.397516
0.000000
0.000000
0.000000
1.195099
0.000000
0.000000
0.000000
0.324939
0.000000
0.000000
0.000000
0.000000
0.000000
0.000000
0.000000
0.000000
0.273226
0.000000
0.000000
0.339767
0.000000
0.000000
0.000000
0.000000
0.799749
0.000000
2.747104
0.000000
0.000000
0.000000
2.238861
0.000000
0.000000
0.000000
0.000000
0.000000
0.000000
0.000000
0.000000
0.000000
0.000000
0.000000
1.421842
0.631399
0.000000
0.000000
0.000000
0.133219
0.000000
0.080310
1.054107
1.783864
0.000000
0.000000
0.000000
0.000000
0.000000
0.394997
0.000000
0.000000
0.000000
0.000000
0.000000
0.000000
0.292622
0.391268
0.000000
0.000000
0.000000
0.000000
0.000000
0.000000
0.000000
0.000000
0.000000
0.000000
0.003365
0.000000
1.103100
1.855510
1.880581
0.000000
0.000000
0.000000
0.000000
1.485338
0.621660
0.000000
0.000000
0.090348
1.207170
0.000000
0.000000
1.473730
0.000000
0.000000
0.000000
0.000000
0.000000
0.000000
0.000000
0.000000
0.000000
0.000000
0.000000
0.000000
0.000000
2.371602
0.000000
0.000000
0.000000
1.135257
0.000000
0.042477
0.000000
1.087778
0.009210
0.000000
0.000000
0.000000
0.000000
0.000000
0.000000
0.000000
0.000000
1.149006
0.000000
0.000000
0.173451
0.000000
0.000000
0.000000
0.000000
0.000000
0.000000
0.166182
0.000000
0.000000
0.000000
0.000000
0.000000
0.365755
0.000000
0.000000
0.453960
0.000000
0.000000
0.000000
0.000000
0.000000
0.000000
0.000000
0.000000
0.000000
0.000000
0.000000
0.000000
0.000000
0.000000
1.590248
0.000000
1.774531
0.000000
0.000000
0.000000
0.000000
0.000000
0.000000
0.000000
0.000000
0.000000
0.000000
0.000000
0.000000
0.000000
0.000000
0.000000
0.000000
0.339774
0.000000
0.000000
0.000000
0.000000
0.000000
0.000000
1.147446
0.383188
0.438920
0.000000
0.000000
0.000000
0.000000
0.000000
0.000000
0.000000
0.000000
0.000000
0.000000
0.000000
0.000000
0.000000
0.000000
0.728478
0.859395
0.000000
0.000000
0.000000
0.000000
0.000000
0.000000
0.904728
0.316169
0.000000
0.000000
0.000000
0.000000
0.860741
0.000000
0.000000
0.000000
0.000000
0.299972
0.000000
0.000000
0.086701
0.000000
0.000000
0.000000
0.000000
1.123303
0.000000
0.000000
0.000000
0.666123
0.000000
0.000000
0.000000
0.000000
0.000000
0.000000
0.000000
0.000000
0.454965
0.335449
2.097542
1.067897
0.000000
0.000000
0.000000
0.000000
0.000000
0.000000
0.000000
0.146063
0.011160
0.000000
0.000000
0.000000
0.000000
0.000000
0.000000
1.029370
0.000000
0.165032
0.000000
0.000000
0.036701
0.364335
0.000000
0.000000
0.000000
0.000000
0.829106
0.000000
2.592462
0.000000
0.000000
0.000000
0.000000
0.000000
0.000000
0.000000
0.000000
0.000000
1.044628
0.757421
0.000000
0.000000
0.000000
0.000000
0.000000
0.000000
0.949613
0.000000
0.169882
0.000000
0.000000
0.000000
0.000000
0.000000
4.186795
0.000000
0.795842
2.357317
0.000000
0.000000
0.000000
0.000000
0.000000
0.150380
0.000000
0.000000
0.000000
0.000000
0.000000
0.859454
0.000000
0.000000
0.000000
0.000000
0.000000
0.000000
0.000000
1.279729
0.000000
0.000000
0.000000
0.000000
0.000000
0.000000
0.000000
0.000000
0.000000
0.726907
0.000000
0.000000
0.000000
0.163369
0.000000
0.000000
0.000000
0.000000
0.000000
0.000000
0.555304
1.178646
0.036041
0.000000
0.000000
0.502124
2.356219
0.000000
0.000000
0.516449
0.000000
0.000000
0.000000
0.000000
0.105961
0.000000
0.000000
0.000000
0.000000
0.000000
0.000000
0.000000
0.000000
0.000000
1.076187
0.000000
0.000000
0.000000
0.000000
0.000000
0.000000
0.000000
0.000000
0.000000
0.000000
0.000000
0.000000
0.000000
0.000000
0.000000
0.000000
0.000000
0.000000
0.000000
0.000000
0.000000
0.000000
0.297604
0.203546
0.000000
0.000000
0.000000
0.000000
0.000000
0.000000
0.000000
0.000000
0.000000
0.000000
0.000000
0.000000
0.000000
0.000000
0.283550
0.000000
0.000000
0.000000
0.000000
0.000000
0.000000
0.000000
0.000000
3.156143
0.000000
0.000000
0.000000
0.000000
0.000000
1.080526
0.000000
0.000000
0.000000
0.000000
0.000000
0.000000
0.000000
0.000000
0.000000
0.000000
0.640393
0.000000
0.000000
0.218313
0.000000
0.000000
0.736485
0.000000
0.000000
0.000000
0.000000
0.000000
2.234345
0.000000
0.000000
1.359933
0.869486
0.000000
0.077793
0.000000
0.000000
0.000000
0.000000
0.000000
0.000000
0.000000
0.000000
0.000000
0.000000
0.000000
0.000000
0.000000
0.000000
0.000000
0.489577
0.000000
0.000000
0.000000
0.000000
0.000000
0.000000
0.000000
0.000000
0.000000
0.000000
0.000000
0.000000
0.000000
0.000000
0.000000
0.000000
0.000000
0.000000
0.000000
0.000000
0.659843
3.124296
0.000000
0.000000
0.000000
0.000000
0.000000
0.000572
0.247440
0.000000
0.000000
0.000000
0.000000
0.000000
0.000000
0.000000
0.000000
1.087576
2.487460
0.000000
0.000000
0.000000
0.088965
0.000000
0.179198
0.839114
0.000000
0.000000
0.000000
0.000000
0.000000
0.000000
0.086250
0.509476
0.000000
0.336251
0.000000
0.000000
0.127041
0.000000
0.000000
0.037284
0.000000
0.000000
0.000000
0.000000
0.000000
0.062478
0.000000
0.000000
0.000000
0.000000
0.000000
0.000000
0.000000
0.000000
2.421110
0.000000
0.000000
0.000000
0.896512
0.000000
0.000000
0.000000
0.000000
0.000000
0.000000
2.185334
0.000000
0.000000
0.000000
0.000000
0.000000
0.000000
0.000000
0.000000
0.000000
0.000000
0.000000
0.000000
0.000000
0.418438
0.334178
0.400413
0.000000
0.000000
0.000000
0.000000
0.730979
0.000000
0.000000
0.000000
0.072942
0.000000
0.000000
1.767476
0.000000
1.487685
0.361955
0.000000
0.000000
0.000000
0.000000
0.000000
0.000000
0.376029
0.000000
1.151204
0.000000
0.000000
0.114568
0.530769
0.000000
0.000000
1.112622
0.247452
0.000000
0.000000
0.000000
0.738270
0.000000
0.000000
0.000000
1.103208
0.000000
0.000000
0.000000
0.000000
0.150756
0.000000
0.000000
0.000000
0.000000
0.667457
0.000000
0.000000
0.000000
0.000000
0.000000
0.000000
0.000000
0.000000
0.000000
0.000000
0.000000
0.000000
0.000000
0.000000
0.000000
0.411169
0.000000
0.000000
0.000000
0.000000
0.000000
0.000000
0.000000
0.000000
0.000000
0.000000
0.000000
0.000000
0.000000
0.000000
0.000000
0.000000
0.000000
0.000000
0.000000
0.000000
0.000000
0.000000
0.000000
0.000000
0.000000
0.000000
0.000000
0.000000
0.000000
1.150139
0.000000
0.844427
0.000000
0.000000
2.177230
0.000000
2.034575
0.000000
0.000000
0.000000
2.325131
0.000000
0.000000
0.000000
0.000000
0.000000
0.000000
0.000000
0.000000
0.000000
1.686014
0.000000
0.000000
0.000000
0.091839
0.000000
0.000000
0.000000
0.000000
0.000000
0.000000
0.000000
0.000000
0.000000
0.000000
0.000000
0.000000
0.000000
0.066789
0.000000
0.000000
0.000000
0.000000
0.000000
0.000000
0.000000
0.000000
0.000000
0.000000
0.000000
2.813827
0.000000
0.000000
2.169969
0.000000
0.000000
0.000000
0.000000
0.000000
0.000000
0.156468
0.000000
0.000000
0.000000
0.000000
0.000000
0.000000
0.000000
0.143535
0.000000
0.000000
0.000000
0.000000
0.000000
0.000000
0.000000
1.521878
0.000000
0.324350
0.196892
0.000000
0.000000
0.000000
0.000000
0.000000
0.000000
0.000000
0.000000
0.000000
0.000000
0.000000
0.000000
2.182647
0.861497
2.218208
0.000000
0.000000
0.519881
1.136789
0.000000
0.000000
0.000000
0.000000
0.000000
0.000000
0.000000
0.000000
1.233655
0.000000
0.477122
0.000000
0.000000
0.000000
0.000000
0.000000
0.000000
0.000000
0.000000
0.000000
0.168769
0.000000
0.000000
0.000000
0.000000
0.000000
0.000000
1.103079
0.000000
0.000000
0.000000
0.000000
0.000000
0.000000
0.000000
0.000000
0.000000
0.000000
0.000000
0.000000
0.000000
0.000000
0.000000
0.000000
0.000000
0.000000
0.000000
0.000000
0.000000
0.000000
0.000000
0.000000
0.000000
0.000000
0.000000
0.000000
0.000000
0.000000
0.000000
0.000000
0.000000
0.000000
0.102486
0.000000
0.000000
0.000000
0.000000
2.248912
0.000000
0.000000
0.084611
0.000000
0.000000
0.000000
0.031752
0.000000
0.843637
0.000000
1.212273
0.000000
0.258804
0.000000
0.000000
0.000000
0.000000
0.000000
0.000000
0.148986
0.000000
0.709635
0.000000
0.000000
0.000000
0.000000
0.000000
0.000000
1.049967
0.000000
0.000000
0.000000
0.000000
0.756485
0.000000
0.000000
0.000000
0.000000
0.000000
0.000000
0.088732
0.000000
0.000000
1.772059
1.403172
0.000000
0.540562
0.000000
0.000000
0.000000
2.020675
0.231407
0.000000
0.000000
2.860921
0.000000
0.000000
0.000000
2.411094
0.000000
0.000000
0.000000
0.000000
0.000000
0.000000
0.000000
0.000000
0.000000
0.000000
0.000000
0.000000
0.000000
0.000000
0.000000
1.127391
2.258691
0.000000
0.000000
0.288107
0.000000
0.040987
0.000000
0.632515
0.000000
0.000000
0.000000
0.000000
0.000000
0.000000
0.000000
0.000000
0.000000
0.000000
0.000000
2.395525
0.494155
0.000000
0.000000
0.000000
0.000000
0.000000
0.000000
0.000000
0.073174
0.000000
0.000000
0.000000
0.000000
0.000000
0.000000
0.530975
0.000000
0.000000
0.000000
0.000000
0.000000
0.000000
0.012596
0.000000
0.000000
0.000000
0.000000
0.000000
0.000000
0.000000
0.000000
0.640854
0.000000
0.000000
0.000000
1.019798
1.397157
0.000000
0.000000
0.000000
0.000000
0.860594
0.000000
0.602305
0.000000
0.000000
0.063744
0.000000
0.000000
1.649515
0.000000
0.000000
0.000000
0.000000
0.000000
0.000000
0.000000
0.000000
0.053665
0.000000
0.000000
0.000000
0.000000
0.000000
0.000000
0.000000
0.000000
0.384318
0.000000
0.000000
0.000000
0.000000
1.158628
0.000000
1.119237
0.000000
0.000000
0.000000
0.185921
0.000000
0.000000
0.000000
0.000000
0.000000
0.000000
0.000000
0.000000
0.000000
0.000000
0.571318
0.000000
0.000000
0.000000
2.148141
0.000000
0.000000
0.000000
0.000000
0.000000
1.269753
0.000000
0.000000
0.000000
0.000000
0.500010
1.240281
0.056267
0.000000
0.000000
0.000000
0.000000
1.624012
0.000000
0.000000
0.366193
0.000000
0.661669
0.000000
0.000000
0.000000
0.000000
0.930112
0.000000
0.000000
0.000000
0.000000
0.000000
0.000000
0.000000
0.000000
0.000000
0.000000
0.000000
0.000000
0.000000
0.000000
0.000000
0.000000
0.000000
1.564741
0.000000
0.000000
0.125740
1.102812
0.000000
0.000000
0.000000
0.602033
0.000000
1.702557
1.089774
0.000000
0.000000
0.000000
0.000000
0.000000
0.000000
0.000000
0.067531
0.000000
1.224040
0.000000
0.000000
0.000000
0.000000
0.000000
0.000000
0.000000
0.336092
0.000000
0.000000
0.000000
0.000000
0.000000
0.000000
1.209535
0.000000
0.000000
0.000000
0.000000
0.000000
0.000000
0.000000
0.000000
0.000000
0.000000
0.000000
2.116291
0.000000
0.000000
0.867878
0.000000
0.000000
0.396453
0.000000
0.000000
0.000000
0.000000
0.000000
0.000000
0.000000
0.116061
0.000000
0.000000
0.000000
0.520657
2.379130
0.000000
0.000000
0.000000
0.000000
0.000000
0.000000
0.000000
0.000000
0.000000
0.000000
0.000000
0.000000
0.000000
0.744341
0.000000
0.000000
1.192103
0.092826
0.770756
0.000000
0.000000
0.000000
0.000000
0.000000
0.000000
0.000000
0.094890
0.000000
0.000000
0.000000
0.869080
0.000000
2.354074
0.000000
0.000000
0.000000
0.000000
0.000000
0.000000
0.000000
0.000000
3.327921
0.000000
0.000000
0.000000
0.000000
0.000000
0.000000
0.000000
0.000000
0.000000
0.000000
0.000000
0.000000
0.000000
0.000000
0.000000
0.000000
0.000000
0.000000
0.723776
0.000000
0.000000
0.000000
0.000000
0.000000
0.000000
0.000000
0.000000
0.000000
0.000000
0.000000
0.000000
0.000000
0.000000
0.000000
0.000000
0.000000
0.000000
0.000000
0.000000
0.000000
0.000000
0.000000
0.394989
0.000000
0.000000
0.000000
0.000000
0.000000
0.000000
0.000000
0.000000
0.000000
0.000000
0.000000
0.000000
0.000000
0.000000
0.000000
0.000000
0.697711
0.000000
0.379856
0.000000
0.000000
0.000000
1.595195
0.000000
0.000000
0.000000
0.000000
0.000000
0.203077
0.000000
0.015265
0.000000
0.000000
1.515940
0.000000
0.000000
0.000000
0.000000
0.000000
0.091535
0.000000
0.000000
0.000000
1.977543
1.033924
0.642822
0.000000
0.000000
0.000000
0.000000
0.000000
2.063291
0.000000
0.000000
0.104795
0.327065
0.000000
0.000000
0.000000
0.000000
0.000000
0.000000
0.000000
0.000000
0.000000
0.000000
0.000000
0.000000
0.000000
0.000000
0.000000
0.000000
0.000000
0.000000
0.000000
0.000000
0.000000
0.000000
0.000000
0.000000
0.813037
0.000000
0.000000
0.000000
0.441200
0.000000
2.804358
0.000000
0.268726
1.741589
2.234248
0.149447
0.373745
0.000000
0.000000
0.000000
0.996503
0.000000
0.000000
0.000000
0.000000
0.646785
0.343313
0.000000
0.000000
0.000000
0.000000
0.000000
0.102093
1.373104
0.000000
0.000000
0.000000
0.000000
0.161962
0.000000
0.000000
0.000000
0.000000
0.000000
0.000000
0.000000
0.000000
0.000000
0.000000
0.000000
0.000000
0.000000
0.000000
0.000000
0.000000
1.276775
0.000000
0.000000
0.000000
0.800762
0.000000
0.000000
1.880271
0.000000
0.000000
0.000000
0.000000
0.000000
0.000000
0.403506
0.000000
0.000000
2.802921
0.000000
0.000000
0.523452
0.000000
1.536758
0.000000
0.000000
0.000000
0.841672
0.000000
0.000000
1.696000
0.197267
0.000000
0.002610
0.000000
0.000000
0.000000
0.000000
0.000000
0.000000
0.000000
0.000000
0.000000
2.137049
0.000000
0.000000
0.000000
0.000000
0.000000
0.000000
0.000000
0.000000
0.000000
0.000000
0.000000
0.000000
0.584361
0.000000
1.075697
0.000000
0.287100
0.000000
0.000000
0.000000
0.000000
2.504553
2.440848
0.000000
0.000000
0.000000
0.000000
0.969908
0.000000
0.000000
0.000000
2.524630
0.428810
0.086024
2.608603
0.000000
0.000000
0.000000
0.474160
1.673182
0.000000
0.000000
0.000000
0.000000
0.000000
0.000000
0.000000
0.000000
0.000000
2.291450
1.310711
0.000000
0.000000
0.000000
0.000000
0.000000
0.000000
0.000000
3.544292
0.000000
0.834883
0.000000
0.000000
0.000000
0.000000
0.143317
0.000000
0.000000
0.000000
0.000000
0.000000
0.000000
0.000000
0.000000
0.000000
1.120900
0.142721
0.000000
1.261218
0.000000
0.000000
0.000000
0.000000
0.000000
1.025490
0.000000
0.017483
0.000000
0.000000
0.000000
0.000000
0.000000
0.000000
0.602077
0.000000
0.000000
0.000000
0.000000
0.000000
0.046258
0.000000
0.090011
0.000000
0.000000
0.000000
0.140804
0.000000
0.000000
0.000000
0.000000
0.000000
0.000000
0.000000
0.279139
0.000000
0.000000
0.000000
0.000000
0.000000
0.608675
0.260766
0.732417
0.000000
0.000000
0.000000
0.000000
0.071747
0.000000
0.184162
0.008631
0.000000
0.000000
0.000000
0.000000
0.000000
0.000000
0.000000
0.000000
0.000000
0.208065
0.000000
0.000000
0.000000
0.000000
0.000000
0.000000
0.000000
0.000000
0.000000
0.000000
0.000000
0.000000
0.000000
0.000000
0.000000
0.729420
1.869060
0.000000
0.000000
0.000000
0.000000
0.000000
0.159342
0.000000
0.000000
0.000000
0.946162
0.000000
0.000000
0.000000
0.000000
0.000000
0.000000
0.000000
0.000000
0.000000
0.000000
0.354010
0.000000
0.000000
0.000000
0.000000
0.000000
0.000000
0.000000
0.000000
0.000000
0.000000
0.000000
0.333757
0.000000
0.767405
0.000000
0.000000
0.567643
0.000000
0.000000
0.000000
0.000000
0.000000
0.000000
0.000000
0.000000
2.366022
0.076570
2.043929
0.000000
0.000000
0.000000
0.000000
0.000000
0.000000
0.000000
0.000000
0.000000
0.000000
0.000000
0.000000
0.000000
0.000000
0.000000
0.000000
0.000000
0.000000
0.000000
0.000000
0.000000
0.000000
0.836453
0.000000
0.000000
0.000000
0.000000
0.000000
0.000000
0.000000
0.000000
0.000000
0.000000
0.349663
0.000000
0.652534
0.000000
0.000000
0.000000
0.000000
0.000000
0.000000
0.000000
0.468105
1.468396
0.000000
0.000000
0.301776
0.000000
0.000000
1.459986
0.000000
0.000000
0.000000
0.000000
0.000000
0.000000
0.000000
0.000000
1.029526
0.000000
0.000000
0.000000
0.000000
0.000000
0.000000
0.000000
0.000000
0.000000
0.000000
0.000000
0.000000
0.238463
0.000000
0.000000
0.571815
0.000000
0.000000
0.000000
0.390279
0.000000
0.000000
1.492378
0.000000
0.000000
0.000000
0.000000
0.000000
0.000000
0.000000
0.000000
0.000000
0.000000
0.000000
0.000000
0.000000
0.000000
0.000000
1.151016
0.000000
1.216192
0.000000
0.000000
0.171262
0.000000
0.000000
0.000000
0.000000
0.000000
0.000000
0.000000
0.000000
0.000000
1.031888
0.000000
1.096807
0.000000
0.000000
0.000000
0.000000
0.000000
0.000000
0.000000
0.000000
0.000000
0.000000
0.000000
1.906939
0.000000
0.000000
0.000000
0.000000
0.000000
0.000000
0.000000
0.000000
0.000000
0.000000
0.000000
0.000000
0.000000
0.000000
1.781040
0.000000
2.276434
0.272484
1.591921
0.237722
0.000000
0.000000
0.000000
0.000000
0.000000
0.061063
0.000000
0.000000
0.000000
0.000000
0.000000
0.000000
0.000000
0.000000
0.000000
2.070882
0.000000
0.000000
0.000000
0.177597
0.000000
0.932429
0.000000
0.000000
0.888712
0.000000
0.837104
0.000000
3.301900
0.000000
0.000000
0.146294
0.500366
0.000000
0.000000
0.371623
0.459946
0.000000
0.000000
3.407377
0.000000
0.000000
0.000000
0.000000
0.000000
0.000000
0.131010
0.000000
0.000000
0.523336
0.000000
0.000000
0.000000
4.055444
0.000000
0.000000
0.000000
0.000000
0.000000
0.000000
0.000000
0.000000
0.000000
0.000000
0.000000
0.000000
0.000000
0.000000
0.000000
0.000000
0.000000
0.000000
0.925597
0.000000
0.000000
0.000000
0.000000
0.000000
0.000000
0.000000
1.454124
0.000000
0.000000
0.000000
0.277596
0.000000
0.000000
0.000000
0.000000
0.000000
0.000000
0.000000
0.000000
3.200680
0.000000
0.576235
0.000000
0.000000
0.453106
2.706792
2.464306
0.000000
0.000000
0.000000
0.000000
0.000000
0.000000
0.000000
0.000000
0.000000
0.000000
0.114352
0.000000
0.000000
0.000000
0.000000
0.000000
0.000000
0.000000
0.000000
0.000000
0.000000
0.000000
0.000000
0.000000
0.000000
0.000000
0.000000
0.000000
0.000000
0.000000
0.000000
0.000000
0.000000
2.105626
0.000000
0.000000
0.000000
0.000000
0.000000
0.000000
0.000000
1.413480
0.000000
0.632869
0.000000
0.000000
0.429218
0.000000
0.000000
0.000000
0.000000
0.000000
0.336512
0.096429
0.454358
0.000000
0.273066
1.126241
0.000000
0.000000
0.000000
0.000000
0.000000
0.000000
1.643294
0.000000
0.000000
0.000000
0.000000
1.881178
0.756139
0.268843
1.003196
0.000000
0.000000
0.379560
0.000000
0.000000
0.000000
3.500892
0.000000
0.000000
0.000000
0.000000
0.000000
0.000000
1.876149
0.307750
0.000000
0.000000
0.000000
0.000000
0.019890
0.000000
0.000000
0.000000
0.000000
0.000000
0.000000
0.000000
0.122705
0.000000
0.000000
0.000000
0.000000
1.570706
0.000000
0.000000
0.000000
0.000000
0.000000
0.000000
0.391496
0.000000
1.338429
0.000000
0.000000
0.000000
0.000000
0.000000
0.000000
0.000000
0.000000
0.000000
0.000000
0.000000
0.000000
0.000000
0.000000
0.000000
0.000000
0.000000
0.000000
0.880916
0.000000
0.000000
0.000000
0.000000
0.000000
0.000000
0.652109
0.000000
0.000000
0.183875
0.739029
0.000000
0.000000
0.701362
0.000000
0.000000
0.000000
0.000000
0.000000
0.000000
0.000000
0.000000
0.000000
0.000000
0.285747
0.000000
0.000000
0.000000
0.000000
0.000000
1.041498
0.000000
0.421898
0.000000
1.520606
0.000000
0.000000
0.000000
0.281341
0.000000
0.000000
0.000000
0.000000
0.000000
0.000000
0.000000
0.000000
1.323046
0.000000
0.000000
0.000000
0.000000
0.000000
1.194320
0.191688
0.000000
0.000000
0.550739
0.000000
0.000000
0.000000
0.000000
0.000000
0.000000
0.000000
0.000000
0.000000
0.000000
0.000000
0.000000
0.000000
0.000000
0.000000
1.216139
0.000000
0.000000
0.000000
0.000000
0.000000
0.000000
0.000000
0.000000
0.000000
0.235876
0.000000
0.000000
0.742073
0.434932
0.000000
0.000000
0.000000
0.000000
0.000000
0.000000
0.000000
0.000000
0.000000
0.000000
0.000000
0.000000
0.000000
2.408982
0.000000
0.000000
0.000000
0.000000
0.000000
0.000000
0.000000
0.000000
0.000000
2.921244
0.000000
0.000000
0.000000
0.000000
0.000000
0.000000
0.000000
0.000000
0.000000
0.000000
0.000000
0.000000
0.000000
0.000000
0.000000
0.000000
0.750500
0.000000
0.000000
0.000000
0.000000
0.000000
1.455733
0.117825
0.000000
0.223095
0.000000
0.000000
0.000000
0.000000
0.000000
0.000000
0.000000
0.000000
1.816450
0.000000
0.000000
0.407916
0.000000
0.831871
0.000000
1.807971
0.000000
0.000000
0.000000
0.000000
0.000000
0.000000
0.000000
0.000000
0.000000
0.000000
0.000000
0.000000
0.000000
0.000000
0.000000
0.621089
0.000000
0.000000
1.951236
0.000000
0.000000
1.863690
0.000000
0.000000
0.000000
0.000000
0.000000
0.000000
0.000000
0.000000
0.656484
0.000000
0.026831
0.000000
0.000000
0.000000
0.000000
0.417869
0.000000
0.000000
0.000000
0.000000
0.000000
0.000000
0.000000
0.837173
0.000000
2.021693
0.000000
0.000000
0.282968
0.000000
0.000000
0.048637
0.000000
0.000000
0.968356
0.000000
0.000000
0.000000
0.180798
0.000000
2.047167
0.000000
0.326982
0.222639
0.000000
0.809669
0.000000
0.000000
0.000000
0.150222
0.000000
0.052867
0.000000
0.000000
0.000000
0.000000
1.456093
0.000000
0.000000
0.000000
0.878192
0.314159
0.000000
1.640002
1.204448
0.000000
0.587082
0.657486
0.000000
0.000000
0.752826
0.000000
0.000000
0.000000
0.000000
0.000000
0.000000
0.000000
0.000000
0.000000
0.643709
0.000000
0.000000
0.000000
0.058098
0.000000
0.000000
0.908494
0.000000
0.000000
0.000000
0.588315
0.000000
0.000000
0.000000
0.000000
0.305544
0.000000
0.000000
0.632610
0.000000
0.000000
0.000000
0.000000
0.000000
0.033874
1.263260
0.000000
0.000000
0.000000
0.000000
0.000000
0.000000
0.000000
0.000000
0.000000
0.000000
0.000000
0.000000
0.000000
0.673290
0.000000
0.000000
0.000000
0.000000
0.000000
0.307270
0.000000
0.000000
2.161107
0.000000
0.000000
0.000000
0.000000
0.000000
0.641438
0.607595
0.000000
0.000000
0.000000
0.076499
0.000000
0.000000
1.812888
0.000000
0.000000
0.000000
0.223771
0.000000
0.000000
0.000000
0.000000
0.792132
0.000000
0.000000
0.000000
0.000000
0.000000
0.000000
0.000000
0.000000
0.000000
1.238088
0.000000
0.000000
0.000000
0.000000
3.965332
0.000000
0.000000
0.000000
0.074510
0.000000
0.000000
0.000000
0.000000
0.000000
0.657479
0.000000
0.000000
0.000000
0.000000
0.000000
0.000000
0.851594
0.000000
0.160213
0.672988
0.000000
0.000000
0.000000
0.000000
0.000000
1.539035
0.000000
0.000000
0.000000
0.000000
0.000000
0.030106
0.000000
0.000000
0.530195
0.000000
0.000000
0.000000
0.000000
1.862046
0.000000
0.000000
0.000000
0.000000
0.355314
0.000000
0.000000
3.105215
0.000000
0.000000
0.000000
0.000000
0.000000
0.000000
0.498769
0.288148
0.000000
0.000000
0.000000
0.000000
1.696407
0.000000
1.335570
0.000000
0.530079
0.847970
0.000000
0.000000
0.000000
0.000000
0.000000
0.000000
0.000000
0.000000
0.000000
0.735275
0.226968
0.000000
0.000000
1.962714
0.000000
0.000000
0.000000
0.000000
0.000000
1.680599
0.245491
3.310772
1.291841
1.870547
0.000000
0.000000
3.120295
0.000000
0.000000
0.000000
1.114787
0.000000
0.000000
0.324312
0.000000
0.000000
0.000000
0.000000
0.000000
0.000000
0.000000
0.000000
0.000000
0.000000
0.000000
0.000000
0.000000
0.000000
0.000000
0.889884
0.000000
0.000000
0.000000
0.000000
1.316366
0.000000
0.000000
0.000000
0.000000
0.000000
0.000000
0.000000
0.000000
0.000000
0.000000
0.000000
0.000000
0.000000
0.508204
0.000000
1.644137
0.000000
0.000000
0.000000
0.000000
0.000000
0.000000
0.465900
0.000000
0.000000
0.000000
0.000000
0.540635
0.000000
0.000000
0.768688
0.000000
0.000000
0.000000
0.000000
0.385931
0.000000
0.000000
0.539927
0.000000
0.000000
0.000000
0.000000
0.000000
0.000000
0.000000
0.000000
0.000000
0.182448
0.000000
0.000000
2.089689
0.000000
0.000000
0.000000
0.000000
0.000000
1.976207
0.000000
0.000000
0.000000
0.000000
0.000000
0.000000
0.000000
0.000000
0.000000
0.000000
0.000000
0.000000
0.000000
0.000000
0.000000
0.000000
1.597570
0.489256
0.000000
0.000000
0.000000
0.059727
0.000000
1.366238
0.032358
0.129656
0.000000
0.000000
0.126801
0.132441
0.000000
0.000000
0.000000
0.000000
0.000000
0.000000
0.000000
0.000000
0.000000
0.765951
0.000000
0.055284
0.000000
3.082786
0.000000
0.085452
1.822198
0.000000
0.000000
0.000000
0.392763
0.000000
0.000000
0.000000
0.000000
1.282292
0.000000
0.000000
0.000000
1.706672
1.104716
0.000000
0.000000
1.341734
0.000000
0.000000
0.753764
0.261793
0.000000
0.000000
0.000000
0.000000
0.000000
0.000000
0.000000
0.000000
0.000000
0.000000
0.000000
0.000000
0.000000
2.641951
0.000000
0.000000
0.000000
0.000000
0.000000
0.000000
0.917562
0.000000
0.000000
0.000000
0.000000
0.000000
0.000000
0.000000
0.000000
0.000000
2.531342
0.000000
0.000000
0.000000
1.981836
0.000000
0.000000
0.000000
0.000000
0.000000
0.000000
0.000000
0.577857
0.000000
0.000000
0.000000
0.000000
0.301450
1.858364
0.000000
0.000000
0.000000
1.371287
0.388470
0.000000
0.000000
0.000000
0.000000
0.000000
0.000000
0.348204
0.000000
0.000000
0.516193
0.000000
0.000000
0.000000
0.000000
0.000000
0.000000
0.000000
0.000000
0.000000
0.000000
0.000000
0.000000
0.000000
0.000000
0.000000
0.000000
0.000000
0.000000
0.000000
0.000000
0.000000
0.000000
0.000000
0.000000
0.000000
0.000000
0.000000
0.000000
0.000000
0.000000
0.000000
0.382570
0.000000
0.000000
0.000000
0.000000
0.000000
0.000000
0.000000
0.794083
0.000000
0.000000
0.000000
0.000000
0.000000
0.000000
0.000000
0.000000
0.000000
0.000000
0.476474
0.000000
0.000000
0.000000
0.000000
0.000000
0.000000
0.260261
0.000000
0.000000
1.302931
0.000000
0.000000
0.000000
0.000000
0.000000
0.000000
0.000000
0.000000
0.000000
0.000000
0.714206
0.000000
0.000000
0.000000
0.000000
0.000000
0.000000
0.622280
0.000000
0.000000
2.317559
0.000000
0.000000
0.000000
0.891617
0.056766
0.000000
0.000000
0.000000
0.000000
0.000000
0.000000
0.000000
0.000000
0.000000
0.029450
0.000000
0.293121
0.000000
0.000000
0.000000
0.000000
0.000000
0.000000
0.000000
0.000000
0.000000
0.000000
0.000000
0.000000
0.000000
0.000000
0.000000
1.560783
0.000000
1.596832
0.824054
0.000000
0.000000
1.346918
0.228812
0.000000
0.000000
0.000000
0.742920
0.000000
0.000000
0.000000
0.000000
0.535458
0.000000
0.000000
0.000000
0.000000
0.000000
0.086373
0.678914
0.000000
0.000000
0.000000
0.000000
0.692146
0.000000
0.071441
1.336935
0.000000
0.000000
0.000000
0.000000
0.000000
0.000000
0.000000
0.000000
0.000000
0.000000
0.000000
0.000000
0.000000
0.000000
0.000000
0.000000
0.000000
0.000000
0.000000
0.000000
0.000000
0.000000
0.000000
0.000000
1.109256
0.000000
0.000000
0.814946
0.000000
0.000000
0.000000
0.000000
0.684718
0.000000
0.000000
1.218962
0.000000
0.000000
0.000000
0.093834
0.000000
0.000000
0.956892
0.000000
0.000000
0.000000
0.000000
0.000000
0.000000
0.000000
0.000000
0.000000
0.000000
0.000000
1.104515
0.000000
0.108916
0.000000
0.000000
0.000000
0.000000
0.000000
0.000000
0.000000
0.000000
0.000000
0.430597
1.223279
0.000000
0.000000
0.000000
0.399356
0.000000
0.000000
0.000000
0.000000
0.566094
0.009049
0.000000
0.000000
0.351136
0.000000
0.000000
0.000000
0.000000
0.000000
0.000000
0.452567
0.000000
0.000000
0.000000
0.000000
0.068443
0.000000
0.000000
0.116849
0.000000
0.000000
0.000000
0.000000
0.000000
0.000000
0.000000
0.000000
0.418988
0.000000
0.000000
0.000000
4.448430
0.000000
0.000000
0.000000
0.000000
0.000000
1.886104
0.000000
0.000000
0.000000
0.327921
0.000000
0.000000
0.000000
0.000000
0.000000
0.000000
0.000000
0.000000
0.000000
0.000000
0.164620
0.000000
0.000000
0.000000
0.000000
0.000000
0.000000
0.000000
0.000000
0.000000
0.000000
0.000000
1.583534
0.000000
0.000000
0.000000
1.853140
0.000000
0.000000
0.000000
0.000000
1.662978
0.000000
0.000000
0.000000
0.000000
0.000000
0.000000
0.000000
0.000000
0.000000
0.000000
2.405532
0.000000
0.000000
0.000000
0.483530
0.000000
0.000000
0.000000
0.000000
0.000000
1.175514
0.000000
0.000000
0.000000
0.000000
0.265198
0.000000
0.000000
0.000000
0.000000
0.000000
0.000000
0.000000
0.000000
0.000000
0.000000
4.572518
0.499042
0.915901
0.000000
0.000000
0.000000
0.000000
0.000000
0.000000
0.000000
0.000000
0.000000
0.000000
0.000000
0.000000
0.000000
0.000000
0.138900
0.000000
0.000000
0.000000
0.000000
0.000000
0.000000
0.934777
0.000000
0.000000
0.000000
0.000000
0.000000
0.000000
0.000000
1.328106
0.000000
0.000000
0.000000
0.000000
0.000000
0.000000
0.000000
0.000000
0.000000
0.192538
0.424574
0.000000
0.217688
0.000000
0.000000
0.000000
0.000000
0.853540
0.000000
0.000000
0.000000
0.000000
0.000000
0.000000
0.000000
0.000000
0.000000
0.000000
0.721122
0.000000
0.000000
0.000000
0.000000
0.000000
0.000000
0.000000
0.264350
0.000000
0.000000
0.000000
0.000000
1.404262
0.000000
0.000000
0.000000
0.000000
0.530075
0.000000
0.000000
0.000000
0.000000
0.000000
0.000000
0.000000
0.358390
0.000000
0.000000
2.240871
0.000000
3.092476
0.000000
0.000000
0.000000
0.426617
0.000000
1.837354
0.000000
0.000000
0.000000
0.000000
0.000000
0.000000
0.000000
0.000000
0.000000
0.000000
1.674229
1.277010
0.000000
0.480311
0.000000
0.000000
1.307574
0.000000
0.660904
0.000000
0.000000
0.000000
0.000000
0.000000
0.000000
0.000000
0.385441
0.000000
0.000000
0.725807
0.000000
0.000000
0.000000
2.817064
0.000000
0.000000
0.000000
0.000000
0.000000
0.000000
0.000000
0.194323
0.000000
0.000000
0.000000
0.000000
0.000000
0.000000
0.000000
0.000000
0.164705
0.000000
0.000000
0.327499
0.000000
0.000000
0.000000
0.000000
0.000000
0.000000
0.000000
0.000000
0.021066
0.000000
0.000000
0.000000
0.000000
0.000000
0.000000
0.189199
0.000000
0.000000
0.000000
0.000000
2.491305
0.657088
0.952037
0.000000
0.000000
0.000000
0.000000
0.000000
0.000000
0.000000
0.000000
0.193391
0.393761
0.000000
0.000000
4.265751
0.000000
0.000000
1.073014
0.003972
0.938399
0.000000
0.000000
0.000000
0.000000
0.000000
0.000000
0.000000
0.349673
0.000000
0.000000
0.000000
0.000000
0.000000
0.870244
0.000000
0.000000
0.000000
0.000000
0.000000
0.000000
0.000000
0.000000
0.000000
0.000000
0.000000
0.000000
0.000000
0.000000
0.000000
0.504914
1.233790
0.000000
0.000000
0.000000
0.462226
1.200387
1.908321
0.000000
0.000000
0.000000
0.000000
0.000000
0.000000
0.104969
0.434110
1.100087
0.000000
0.000000
0.000000
2.661565
0.000000
0.000000
0.183472
0.000000
0.000000
0.922471
0.000000
2.549107
0.000000
0.000000
0.000000
0.000000
0.000000
0.000000
0.000000
0.000000
0.000000
0.000000
0.000000
0.000000
0.000000
0.000000
0.000000
0.000000
0.000000
0.808818
0.000000
0.000000
0.823863
0.000000
0.000000
0.000000
0.000000
0.000000
0.000000
0.000000
0.000000
1.312858
0.000000
0.000000
0.000000
0.219178
0.101112
0.000000
0.269153
0.895719
0.313642
2.491232
0.000000
0.000000
0.000000
0.000000
0.000000
0.000000
0.000000
0.000000
0.000000
0.000000
0.000000
0.000000
6.450736
0.082425
0.440674
1.423928
0.000000
0.000000
1.607210
0.000000
0.865173
0.000000
0.000000
0.000000
0.000000
0.008949
0.000000
0.000000
0.000000
0.000000
0.785276
0.246904
0.000000
0.000000
0.000000
0.000000
1.469411
0.000000
0.000000
0.000000
0.564291
0.000000
0.000000
0.000000
0.000000
0.000000
0.000000
0.254174
0.000000
0.000000
0.000000
0.000000
1.159687
0.000000
0.905314
0.299123
0.000000
0.000000
0.000000
0.000000
1.007769
0.000000
0.000000
0.000000
0.000000
0.000000
0.319881
0.000000
0.000000
0.000000
0.000000
0.000000
0.000000
0.000000
0.000000
0.000000
0.663740
0.527850
0.000000
0.000000
0.000000
0.000000
0.000000
0.836905
0.000000
1.193296
0.000000
0.000000
0.000000
0.000000
0.000000
0.000000
0.000000
0.000000
0.000000
0.000000
0.000000
0.000000
0.000000
0.351324
0.000000
0.000000
0.000000
0.000000
0.000000
0.000000
0.000000
0.000000
0.638380
0.000000
2.587031
0.000000
0.000000
0.000000
1.118563
0.812531
0.000000
0.000000
0.789065
0.000000
0.000000
0.000000
0.000000
0.000000
0.000000
0.000000
0.085492
0.000000
0.000000
0.000000
0.000000
0.069899
0.000000
0.000000
0.000000
0.000000
0.000000
0.000000
0.000000
0.000000
0.000000
0.000000
0.000000
0.000000
0.000000
0.000000
0.000000
0.000000
0.000000
0.000000
0.000000
0.000000
0.000000
0.000000
0.000000
0.000000
0.387130
0.000000
0.000000
0.399985
0.000000
0.000000
0.000000
0.000000
0.000000
0.000000
0.000000
0.000000
0.000000
0.000000
0.000000
0.870603
0.000000
0.022724
0.000000
0.000000
0.000000
0.000000
0.000000
0.000000
0.000000
0.000000
0.000000
0.000000
0.000000
0.000000
0.000000
0.000000
0.000000
0.000000
0.000000
0.000000
0.610269
1.060383
1.811406
0.000000
0.000000
0.000000
0.372792
0.000000
0.000000
0.279527
0.000000
0.760304
0.000000
0.937480
0.325720
0.000000
0.000000
0.000000
0.000000
0.000000
0.000000
1.029047
0.000000
0.000000
0.000000
0.658570
0.000000
0.000000
0.000000
0.000000
0.686428
0.000000
0.000000
0.000000
0.000000
4.938144
0.000000
2.336223
0.000000
0.000000
0.000253
0.000000
0.053483
0.000000
0.000000
0.993681
0.000000
1.619564
3.038378
0.000000
0.000000
0.000000
0.186260
0.000000
0.000000
0.000000
0.000000
0.000000
0.773090
0.000000
0.000000
0.000000
0.000000
0.000000
0.000000
0.768770
0.000000
0.000000
0.000000
0.000000
0.146146
0.000000
3.299325
0.000000
0.000000
0.000000
0.000000
0.000000
0.000000
0.000000
0.000000
0.000000
0.000000
0.000000
0.663626
0.000000
0.000000
0.154604
0.000000
0.000000
0.000000
0.000000
0.000000
0.000000
1.912073
0.000000
0.000000
2.533004
0.000000
1.751986
1.002174
0.000000
0.000000
0.000000
0.000000
0.000000
0.000000
0.000000
1.941063
0.000000
0.000000
0.000000
0.077371
0.429863
0.000000
0.000000
0.000000
0.000000
0.000000
0.000000
0.000000
0.840447
0.000000
0.000000
0.000000
0.000000
1.681623
0.000000
0.000000
0.000000
0.000000
0.136948
0.000000
0.000000
1.469412
0.000000
0.000000
0.599623
0.000000
0.000000
0.734841
0.000000
0.000000
1.319899
0.000000
0.000000
0.836009
1.043289
0.109825
0.000000
0.000000
0.357467
0.000000
0.000000
0.053917
0.000000
0.000000
0.000000
0.000000
0.000000
0.000000
0.000000
0.000000
0.000000
0.000000
0.000000
0.000000
0.000000
0.000000
0.000000
0.000000
0.000000
0.000000
0.484584
0.000000
0.000000
0.000000
0.000000
0.000000
0.000000
0.000000
1.346169
0.000000
0.000000
1.767632
0.000000
0.000000
0.000000
0.000000
0.000000
0.000000
0.000000
0.000000
0.000000
0.000000
0.000000
2.421273
0.000000
0.000000
0.000000
0.000000
0.637442
0.000000
0.000000
0.000000
0.000000
0.000000
0.449189
1.433495
0.000000
0.920366
0.000000
0.000000
1.026333
0.000000
0.365772
0.000000
0.000000
0.000000
0.000000
0.000000
0.257649
2.090641
0.000000
0.000000
0.000000
1.782721
0.599271
0.000000
1.205546
0.251590
2.844885
0.000000
0.000000
0.000000
0.000000
0.000000
0.000000
0.000000
0.000000
0.000000
0.478398
0.198888
0.000000
0.000000
0.000000
0.000000
0.000000
0.474364
0.212343
0.000000
0.031968
0.000000
0.000000
0.000000
0.000000
0.000000
0.000000
0.000000
0.000000
0.000000
0.000000
0.000000
0.000000
0.000000
0.000000
0.000000
0.000000
0.000000
0.000000
0.000000
0.063299
0.000000
