0.000000
0.000000
0.000000
0.000000
0.000000
0.000000
1.921607
0.000000
0.000000
2.291680
0.000000
0.000000
0.289782
0.104803
0.000000
0.000000
0.000000
0.000000
0.000000
0.391627
0.000000
0.000000
0.000000
0.134399
0.000000
3.517698
0.000000
0.000000
0.000000
1.506648
2.460956
0.000000
0.000000
0.000000
0.000000
0.751627
0.000000
0.000000
0.000000
0.000000
2.977365
0.000000
0.000000
0.000000
1.046416
3.251262
4.692692
0.000000
0.000000
0.000000
0.000000
0.000000
0.000000
0.000000
0.000000
0.000000
0.540508
0.000000
1.099024
0.000000
0.000000
0.000000
2.499513
0.000000
0.000000
0.000000
0.000000
0.000000
0.000000
0.000000
0.000000
0.000000
1.085672
0.000000
0.000000
0.000000
0.000000
1.373940
1.449984
3.524732
0.000000
0.000000
0.000000
0.000000
0.000000
0.000000
0.000000
0.000000
0.000000
0.000000
0.000000
0.703095
1.625781
0.000000
0.000000
0.000000
0.000000
0.000000
0.000000
3.247960
0.000000
0.245713
0.000000
0.000000
0.000000
0.000000
0.915191
0.000000
1.097167
0.000000
0.000000
0.215796
0.000000
1.671771
0.000000
0.444566
0.000000
0.000000
0.000000
0.000000
0.000000
0.000000
0.000000
0.000000
0.000000
0.120502
0.000000
0.000000
0.000000
0.000000
0.000000
0.727660
0.000000
0.000000
0.216892
0.000000
0.103721
0.156737
0.000000
0.000000
0.000000
1.774241
0.590033
0.000000
0.000000
0.000000
0.481399
0.000000
0.000000
0.000000
0.000000
0.000000
0.000000
0.317155
0.000000
0.000000
0.000000
0.000000
0.000000
0.000000
0.000000
0.000000
0.000000
2.455986
0.000000
0.000000
0.000000
0.000000
0.000000
0.000000
0.000000
0.000000
0.000000
0.000000
0.000000
0.000000
0.000000
0.000000
0.000000
0.000000
0.000000
0.301870
0.000000
1.185426
0.000000
0.000000
0.000000
0.000000
0.104489
0.000000
0.000000
0.000000
0.551404
0.000000
0.000000
2.291450
0.000000
0.000000
0.000000
0.000000
0.000000
0.000000
0.000000
0.000000
0.000000
0.000000
1.165960
0.000000
2.010772
0.196521
0.000000
0.000000
0.000000
0.000000
0.000000
0.000000
2.743929
0.000000
0.000000
0.000000
0.000000
0.000000
0.000000
0.000000
0.000000
4.805688
1.991696
0.194022
2.303189
0.000000
0.000000
0.000000
0.000000
0.000000
0.000000
0.000000
0.000000
0.000000
1.869582
0.606425
0.000000
0.699170
0.706047
0.000000
0.449637
0.847912
0.000000
0.000000
0.000000
0.000000
0.000000
0.000000
0.000000
1.745248
0.000000
0.000000
0.000000
0.000000
0.000000
0.000000
0.000000
0.000000
0.000000
0.000000
0.000000
0.000000
0.000000
0.000000
1.447508
0.000000
2.090226
0.000000
0.000000
0.000000
0.000000
0.000000
0.000000
0.000000
0.000000
0.000000
0.081762
0.000000
0.106789
0.000000
0.000000
0.000000
0.000000
0.000000
1.517172
0.000000
0.000000
0.000000
0.000000
0.000000
0.000000
1.107829
0.000000
0.000000
0.386044
1.473688
0.000000
0.000000
0.000000
0.000000
0.000000
0.000000
0.000000
0.000000
0.000000
0.000000
0.000000
0.000000
0.065109
0.000000
0.000000
0.000000
0.000000
0.000000
0.000000
0.000000
2.143322
0.443514
0.479818
0.000000
0.000000
0.000000
0.000000
0.000000
0.000000
0.000000
0.000000
1.364622
0.248617
3.061398
0.000000
0.000000
1.160306
3.613771
1.517866
0.000000
0.000000
0.000000
0.000000
1.483775
0.000000
0.000000
0.000000
0.184769
0.000000
1.294036
0.000000
1.676846
0.000000
0.000000
0.000000
0.000000
0.000000
0.000000
0.000000
0.178383
0.000000
1.135538
0.000000
0.000000
0.000000
0.000000
0.000000
0.000000
0.000000
1.846416
0.000000
0.000000
0.000000
0.150523
0.000000
2.735349
0.000000
0.000000
0.000000
0.000000
0.164914
0.000000
0.531385
0.000000
0.689426
0.298883
0.000000
0.000000
0.000000
0.000000
0.000000
0.000000
2.354178
0.000000
0.000000
0.000000
3.438157
0.000000
0.000000
0.452547
0.000000
0.000000
0.309750
0.000000
0.051338
0.167879
0.000000
0.000000
0.000000
1.089652
0.102581
0.000000
0.000000
0.000000
0.000000
0.000000
0.598095
0.626785
0.000000
0.000000
1.220505
0.000000
0.000000
0.000000
2.371869
0.000000
0.000000
0.000000
0.000000
0.000000
0.000000
1.053118
0.782089
0.000000
0.000000
0.000000
0.000000
0.000000
0.000000
0.000000
0.000000
2.801738
0.000000
0.000000
1.946677
3.698847
0.944254
0.000000
0.000000
0.000000
0.301557
1.144898
0.000000
0.000000
0.000000
0.000000
0.087229
0.000000
0.000000
0.465736
2.921861
0.000000
0.000000
0.000000
0.000000
0.000000
0.000000
0.000000
0.000000
0.389774
0.000000
0.000000
0.000000
2.781960
0.000000
0.000000
0.000000
2.780391
0.000000
0.000000
0.000000
0.000000
5.371311
0.072743
0.000000
0.000000
0.000000
0.000000
0.000000
0.000000
0.000000
0.000000
1.868702
0.000000
0.848523
0.000000
0.000000
0.000000
0.000000
0.000000
0.000000
0.000000
0.000000
0.000000
0.000000
0.000000
0.000000
0.000000
0.000000
0.000000
0.000000
0.000000
0.000000
0.402781
0.000000
0.000000
0.000000
0.000000
2.002279
0.000000
0.000000
0.000000
0.000000
0.000000
0.000000
0.000000
0.000000
0.000000
0.000000
0.000000
0.000000
0.000000
0.680918
0.214917
0.000000
0.000000
0.000000
0.000000
0.000000
0.000000
0.000000
0.000000
0.000000
0.000000
0.000000
0.000000
0.000000
0.000000
0.000000
0.000000
0.747373
0.000000
0.000000
0.000000
0.061053
1.597682
0.525587
0.000000
0.369247
0.000000
1.220753
0.000000
0.000000
0.000000
0.071047
0.000000
0.000000
0.000000
0.000000
2.325325
0.000000
0.000000
0.000000
0.000000
3.258588
0.931562
0.257745
0.894967
0.000000
2.751799
0.000000
0.000000
0.216786
1.784762
0.000000
0.000000
0.000000
0.000000
0.846348
0.671984
0.783225
0.000000
0.000000
0.000000
0.000000
0.637152
0.000000
0.000000
0.000000
0.451727
0.189844
0.000000
0.000000
0.000000
0.000000
0.000000
0.000000
0.000000
1.098456
0.000000
0.000000
0.534427
0.000000
0.000000
0.000000
0.000000
0.684689
0.000000
0.000000
0.000000
0.000000
0.000000
0.000000
0.000000
0.696405
0.222733
0.000000
2.897178
0.000000
0.000000
0.000000
0.000000
0.747539
0.023727
0.000000
0.877892
0.000000
0.000000
0.000000
0.000000
0.000000
0.000000
0.000000
0.000000
0.000000
0.000000
0.000000
0.000000
1.699848
0.000000
0.269580
3.778463
0.000000
0.000000
0.361020
0.000000
0.000000
0.511707
2.211991
0.000000
0.000000
0.000000
0.000000
0.000000
0.000000
0.000000
3.196488
0.000000
0.000000
1.972816
0.000000
0.000000
0.000000
0.000000
0.000000
0.000000
0.000000
1.607593
2.709572
0.000000
0.000000
1.448345
0.000000
0.000000
0.000000
0.000000
0.000000
0.313734
0.000000
0.000000
0.000000
0.000000
0.000000
0.000000
0.000000
0.000000
0.000000
0.000000
3.534004
2.194509
0.000000
0.000000
0.000000
0.209807
0.000000
0.000000
0.000000
0.166590
0.000000
0.000000
0.742575
0.000000
0.000000
1.889029
0.000000
0.000000
0.361248
0.000000
0.000000
0.000000
0.000000
0.000000
1.217384
0.000000
1.020117
0.000000
0.000000
2.214152
0.000000
0.000000
0.000000
0.000000
0.000000
0.000000
0.000000
0.000000
0.000000
0.000000
1.593464
0.000000
0.000000
0.000000
0.000000
0.000000
0.000000
0.000000
0.000000
0.000000
0.000000
0.000000
0.000000
0.000000
0.000000
0.000000
0.000000
0.352163
0.000000
0.000863
0.000000
0.000000
0.000000
0.000000
0.000000
0.000000
0.000000
0.000000
0.000000
0.000000
0.000000
0.000000
0.000000
0.683536
0.000000
0.000000
0.000000
0.000000
0.000000
0.000000
0.000000
0.265280
0.000000
0.000000
0.982425
0.000000
0.000000
0.104043
0.000000
0.000000
0.000000
0.000000
0.000000
0.000000
0.000000
0.000000
0.000000
0.000000
0.850376
0.000000
0.000000
0.000000
0.000000
0.000000
0.000000
0.253268
0.000000
0.000000
0.000000
0.000000
0.000000
0.000000
0.000000
0.000000
0.000000
0.656290
0.000000
0.000000
0.000000
1.062374
0.000000
0.000000
0.000000
0.000000
0.107055
0.000000
0.000000
0.000000
0.000000
0.000000
0.000000
0.000000
0.000000
0.000000
3.023192
0.000000
0.000000
0.000000
0.000000
3.402414
0.000000
1.248271
0.000000
0.864837
1.197254
0.000000
0.000000
0.000000
0.524415
0.000000
0.000000
0.000000
0.000000
1.125625
0.000000
0.000000
0.000000
1.459512
0.280780
0.000000
0.000000
0.000000
0.000000
0.000000
0.000000
0.000000
0.000000
0.000000
0.000000
0.000000
0.000000
0.000000
0.000000
0.000000
5.771064
0.000000
0.000000
0.000000
1.704260
0.000000
0.000000
0.000000
0.000000
0.000000
0.000000
0.000000
0.000000
0.686636
0.000000
0.000000
0.000000
1.237222
1.371711
0.000000
0.000000
1.475424
0.000000
1.521505
0.000000
0.000000
0.000000
0.000000
0.000000
0.738032
0.695562
0.000000
0.000000
0.000000
0.000000
0.000000
0.000000
0.000000
1.092503
0.000000
0.000000
0.000000
0.000000
0.000000
0.000000
0.000000
0.000000
0.000000
0.000000
0.000000
0.000000
0.000000
0.000000
1.531474
0.000000
0.000000
0.000000
0.000000
2.540049
2.196519
0.000000
0.000000
0.584595
0.000000
0.000000
0.000000
0.000000
0.985762
0.000000
0.000000
0.000000
0.000000
0.000000
1.079333
0.000000
0.000000
0.000000
0.000000
0.000000
0.000000
0.000000
0.000000
0.000000
0.000000
0.284246
0.153307
0.000000
0.000000
0.000000
3.439293
0.000000
0.000000
0.000000
0.000000
0.000000
0.049011
0.000000
1.691981
0.000000
0.996957
0.000000
0.540131
0.000000
0.000000
0.000000
0.000000
0.000000
0.000000
0.000000
0.000000
0.000000
0.000000
0.000000
0.000000
0.000000
1.232170
0.000000
0.000000
0.000000
0.000000
0.000000
0.000000
0.000000
0.000000
0.000000
1.480234
0.000000
0.000000
0.000000
0.000000
0.000000
1.399746
0.000000
0.000000
0.000000
0.000000
0.000000
0.000000
0.000000
0.000000
0.000000
0.000000
0.000000
0.000000
0.000000
0.000000
0.000000
0.000000
0.000000
0.000000
0.000000
0.000000
0.000000
0.000000
0.000000
0.000000
0.000000
0.000000
0.000000
0.000000
0.000000
0.036545
0.000000
3.736783
1.816175
0.000000
1.911489
0.000000
0.000000
0.000000
0.000000
0.000000
1.392697
0.000000
0.000000
0.000000
0.000000
0.000000
0.000000
0.000000
0.000000
0.000000
0.389872
0.000000
0.000000
0.000000
0.364876
0.000000
0.000000
0.000000
0.000000
0.000000
0.000000
1.607636
0.000000
0.000000
0.000000
0.000000
0.000000
0.000000
0.000000
0.000000
0.000000
0.000000
0.241419
0.000000
0.000000
0.000000
0.000000
0.000000
0.000000
0.000000
2.277102
0.000000
0.698997
1.110595
0.000000
1.132688
0.000000
0.000000
0.000000
0.000000
0.000000
0.099523
0.000000
0.000000
0.000000
0.464186
0.000000
0.000000
3.759133
0.000000
0.000000
0.000000
0.000000
0.000000
0.000000
1.612014
0.000000
0.000000
0.615441
0.766149
0.000000
0.000000
0.000000
0.000000
0.449531
0.000000
1.308294
0.000000
0.000000
0.000000
0.000000
0.000000
0.049023
0.413133
0.000000
0.000000
0.000000
0.000000
0.857835
0.000000
0.000000
0.043559
0.000000
0.000000
0.000000
0.000000
0.000000
0.000000
0.000000
0.110211
0.000000
0.000000
0.000000
0.000000
0.000000
0.000000
0.000000
0.000000
0.000000
0.000000
0.000000
0.000000
0.123642
0.000000
1.097363
0.000000
1.674413
0.000000
0.000000
0.040228
0.000000
2.961612
0.122921
0.000000
0.000000
0.000000
0.000000
0.000000
0.000000
0.000000
0.000000
0.000000
0.000000
0.386866
0.000000
0.000000
0.000000
0.000000
0.000000
1.901820
0.000000
0.000000
0.000000
0.000000
0.047830
0.000000
0.000000
3.498340
0.000000
0.000000
0.000000
0.000000
0.000000
0.000000
0.000000
2.284582
1.142384
0.000000
0.000000
0.000000
0.000000
3.634063
0.000000
0.000000
0.000000
0.000000
0.000000
0.000000
0.000000
0.000000
1.463618
0.000000
0.000000
0.131063
0.000000
0.000000
0.000000
0.000000
0.403786
6.315786
0.000000
0.000000
0.000000
0.000000
0.000000
0.000000
0.000000
0.264056
0.000000
0.000000
0.000000
0.000000
0.000000
0.000000
0.000000
0.000000
0.000000
0.394635
0.000000
0.254780
0.000000
0.000000
0.000000
0.000000
0.000000
0.000000
0.000000
1.242765
0.000000
0.000000
0.000000
0.976824
0.000000
0.000000
0.000000
0.000000
0.000000
0.000000
0.546191
0.000000
0.000000
0.000000
0.000000
0.000000
0.975930
0.000000
0.000000
0.000000
0.000000
0.000000
0.000000
0.582931
0.000000
1.025128
0.000000
0.123378
0.000000
0.000000
0.000000
1.742760
0.000000
0.000000
0.000000
0.000000
0.621882
0.000000
0.000000
0.000000
0.000000
0.000000
0.000000
1.169134
0.000000
0.000000
0.000000
0.000000
0.000000
1.041201
0.000000
0.000000
0.000000
0.000000
0.000000
0.000000
0.000000
0.000000
0.000000
0.000000
0.000000
0.000000
0.000000
0.000000
0.116732
0.000000
0.000000
0.000000
0.000000
0.000000
0.000000
0.000000
0.000000
0.161914
0.000000
1.440462
0.000000
0.000000
0.000000
1.665863
1.073624
0.000000
0.000000
0.000000
0.602727
0.000000
0.000000
1.021800
0.000000
0.000000
0.000000
0.000000
0.000000
3.520277
0.000000
1.201407
0.000000
0.000000
0.000000
0.000000
0.000000
0.000000
1.351257
0.000000
0.019200
1.157563
0.000000
0.000000
0.000000
0.000000
0.000000
0.000000
1.685232
0.026390
0.958768
0.000000
1.670353
0.000000
1.499054
0.000000
0.000000
0.000000
2.893367
0.000000
0.000000
0.000000
0.000000
0.000000
0.000000
0.000000
0.000000
0.000000
0.000000
1.049095
0.000000
0.000000
0.000000
0.000000
0.000000
0.000000
0.000000
0.359285
0.000000
1.056863
0.000000
0.000000
0.000000
0.000000
0.000000
0.000000
0.000000
2.337224
0.000000
0.000000
0.000000
0.000000
0.000000
0.000000
1.769973
0.000000
0.726192
0.000000
0.000000
0.000000
0.000000
0.816419
0.000000
0.000000
0.000000
0.000000
0.000000
0.000000
0.000000
0.000000
0.000000
0.990643
0.000000
0.000000
0.000000
0.000000
0.000000
0.000000
0.000000
2.162642
0.000000
0.000000
0.000000
0.086690
0.000000
0.197188
0.000000
0.000000
0.000000
0.000000
3.719194
0.000000
0.820741
0.000000
0.000000
0.000000
0.996379
0.000000
0.000000
0.000000
0.000000
0.000000
0.000000
0.000000
0.698651
0.000000
0.228861
0.000000
0.000000
0.000000
0.000000
0.000000
0.000000
0.000000
0.000000
2.103419
0.000000
0.000000
0.000000
0.000000
0.000000
0.000000
0.000000
0.000000
0.000000
0.000000
0.121901
2.827255
0.000000
0.000000
0.176520
0.000000
0.000000
0.000000
0.000000
0.000000
0.000000
0.000000
0.000000
0.000000
0.000000
0.766899
0.000000
0.000000
0.844177
0.000000
0.000000
0.000000
0.000000
0.762066
0.000000
0.000000
0.000000
0.000000
0.000000
0.076900
0.000000
0.000000
0.000000
0.000000
0.126529
0.535654
0.000000
0.000000
0.801412
0.000000
0.000000
0.000000
0.000000
0.000000
0.000000
0.000000
0.000000
0.000000
1.206553
0.000000
0.000000
0.984118
0.000000
0.000000
0.207956
0.000000
3.780964
0.000000
0.000000
1.273112
0.000000
0.742431
0.000000
0.000000
0.000000
0.000000
0.000000
0.000000
0.000000
0.000000
0.000000
0.000000
0.000000
0.000000
0.000000
0.000000
0.000000
0.000000
0.000000
0.000000
0.000000
0.000000
0.000000
0.000000
0.000000
0.000000
0.000000
0.000000
0.000000
0.000000
1.464291
0.000000
0.000000
0.000000
0.159885
0.006774
0.000000
0.746186
0.000000
0.000000
0.000000
0.000000
0.000000
0.000000
0.000000
0.000000
0.000000
0.115421
0.000000
0.328237
0.000000
0.000000
0.178137
0.000000
0.000000
0.000000
0.465142
0.000000
0.000000
0.000000
0.000000
0.000000
0.000000
0.000000
0.000000
0.000000
0.000000
0.000000
0.000000
1.138798
0.000000
0.000000
0.000000
0.000000
1.164783
0.029888
0.000000
0.000000
0.000000
0.000000
0.000000
0.000000
0.000000
0.000000
0.000000
0.000000
0.000000
0.273879
0.000000
1.776826
0.000000
1.967547
0.000000
0.000000
0.000000
0.000000
0.000000
2.321924
0.000000
0.000000
0.000000
0.000000
0.000000
0.000000
0.493807
0.000000
0.000000
0.250772
0.000000
0.000000
0.000000
0.000000
0.000000
0.000000
0.587807
0.000000
0.000000
0.893696
0.000000
0.000000
0.000000
3.383061
0.906364
0.000000
0.000000
0.000000
0.948391
0.000000
0.000000
0.000000
0.063253
0.000000
0.000000
0.000000
0.000000
0.000000
0.255443
0.902888
0.000000
0.000000
0.448131
0.000000
3.023265
1.035856
0.000000
0.000000
0.000000
0.000000
0.000000
0.000000
0.000000
0.000000
0.000000
0.000000
0.000000
0.000000
0.044392
0.000000
0.000000
0.000000
0.000000
0.000000
0.000000
0.000000
0.000000
0.000000
0.000000
0.000000
0.000000
0.000000
0.000000
0.292165
0.000000
0.000000
0.389692
0.000000
0.000000
0.000000
0.000000
0.000000
0.270439
0.000000
0.000000
0.000000
0.000000
0.075313
0.000000
0.000000
0.000000
0.000000
0.000000
0.000000
0.000000
0.258903
0.000000
0.000000
0.000000
0.000000
0.000000
1.053875
0.220547
0.000000
0.000000
0.000000
0.000000
0.000000
4.857614
0.000000
0.000000
0.000000
0.000000
0.000000
0.000000
0.000000
0.000000
0.637441
0.000000
1.307804
0.000000
0.000000
0.000000
0.000000
0.000000
2.497270
0.000000
0.333389
0.000000
0.000000
0.000000
0.000000
0.000000
0.000000
0.844379
0.421537
1.156287
0.000000
0.000000
0.000000
0.000000
0.335813
0.000000
1.021266
3.312341
0.000000
0.000000
0.000000
0.000000
1.811239
0.000000
0.000000
0.000000
3.384539
0.000000
0.000000
0.000000
0.000000
0.976888
0.000000
0.000000
0.000000
0.000000
0.000000
0.441655
0.000000
0.000000
0.000000
0.000000
1.854808
0.000000
0.000000
0.000000
0.000000
0.000000
0.000000
0.000000
0.000000
0.000000
0.000000
1.112356
0.000000
0.000000
0.000000
0.000000
0.000000
0.000000
0.000000
0.000000
0.229877
0.000000
0.000000
0.000000
0.000000
0.000000
0.000000
0.000000
0.000000
0.887570
0.000000
0.000000
0.000000
0.000000
0.098039
0.000000
0.000000
0.000000
0.037284
2.766251
0.000000
0.000000
0.000000
0.000000
0.000000
0.000000
0.000000
0.000000
0.000000
0.000000
0.000000
0.000000
0.000000
0.000000
1.093433
0.000000
0.000000
0.000000
0.000000
0.000000
0.000000
0.000000
0.000000
0.742207
0.000000
0.000000
0.000000
0.000000
0.728976
0.000000
0.327121
0.000000
2.232924
0.000000
1.578077
0.000000
1.379254
0.051553
0.000000
0.000000
0.000000
0.000000
0.599858
0.000000
0.000000
0.178901
0.000000
0.000000
0.336376
0.000000
2.417408
0.000000
0.000000
0.000000
0.000000
0.000000
1.666172
1.820889
0.000000
1.435349
0.000000
0.000000
0.000000
0.000000
0.000000
0.000000
0.000000
0.000000
0.485086
0.000000
0.000000
0.000000
0.000000
0.000000
0.000000
0.000000
2.117108
0.000000
0.000000
1.348440
0.000000
0.447802
0.000000
0.000000
0.000000
0.263479
0.854713
0.000000
0.000000
0.000000
0.274752
0.000000
0.000000
0.000000
0.039873
0.000000
0.000000
0.000000
0.000000
0.528307
0.416808
0.000000
0.000000
0.000000
1.386518
0.000000
0.000000
0.000000
0.000000
2.878968
0.000000
1.430085
0.000000
0.000000
0.000000
0.000000
2.831396
0.000000
0.452326
0.000000
0.000000
0.000000
1.448676
0.000000
0.000000
0.000000
0.000000
0.000000
0.000000
0.000000
0.000000
0.000000
0.000000
0.000000
0.000000
0.000000
0.000000
0.000000
0.000000
0.000000
0.000000
0.981699
1.508056
0.000000
0.000000
0.000000
1.488988
0.000000
0.000000
0.000000
0.000000
0.000000
0.000000
0.000000
0.014528
0.000000
0.000000
0.000000
0.000000
0.000000
0.387435
0.000000
0.584840
1.998029
0.000000
0.000000
0.000000
0.000000
0.148502
1.386366
1.213247
0.000000
0.000000
0.000000
0.000000
0.000000
0.000000
0.000000
0.378044
0.000000
0.000000
0.000000
0.000000
0.000000
0.000000
0.000000
0.000000
0.000000
0.000000
0.000000
0.652365
0.859543
0.000000
0.000000
0.287086
0.000000
0.000000
0.000000
0.000000
0.000000
0.000000
2.642273
0.000000
0.253017
0.000000
0.000000
0.000000
1.450371
0.000000
0.000000
0.000000
0.000000
0.000000
0.000000
0.000000
0.000000
0.000000
0.276440
0.000000
0.000000
1.307272
0.000000
0.000000
0.000000
0.358236
0.000000
0.000000
0.000000
0.000000
0.000000
0.000000
1.190870
0.000000
1.064171
0.000000
0.000000
0.000000
0.000000
0.000000
0.000000
0.000000
0.000000
0.806859
0.000000
0.000000
0.000000
0.000000
0.000000
0.308472
0.000000
0.000000
0.000000
0.000000
0.000000
0.000000
0.703571
0.000000
0.000000
0.000000
0.299500
0.000000
2.858317
0.502545
0.445859
0.000000
0.101706
0.016311
0.000000
2.408389
0.000000
0.000000
0.000000
1.862985
0.000000
0.000000
0.000000
0.000000
0.000000
0.000000
0.000000
0.000000
0.000000
2.171461
0.000000
0.000000
0.000000
0.000000
0.000000
1.006638
0.000000
0.000000
0.350685
0.000000
0.000000
0.000000
0.000000
0.000000
0.000000
0.000000
0.000000
0.000000
0.000000
0.000000
3.561375
0.843120
0.000000
0.496300
0.000000
0.000000
0.000000
0.000000
0.000000
0.000000
1.244452
0.000000
0.000000
0.000000
0.000000
0.000000
0.000000
3.259470
0.000000
0.000000
0.000000
0.000000
0.000000
0.127801
0.529090
0.000000
0.000000
0.000000
0.000000
0.000000
0.000000
0.000000
0.000000
0.000000
0.000000
0.000000
0.756425
0.000000
0.119532
0.000000
0.000000
0.000000
0.000000
0.000000
2.104570
0.000000
0.000000
0.000000
0.000000
0.000000
0.000000
4.623962
3.598579
0.000000
0.000000
0.000000
0.000000
0.000000
0.000000
0.000000
0.000000
0.000000
2.082950
0.844813
0.000000
0.316501
0.000000
0.000000
3.383879
0.000000
0.000000
0.000000
0.000000
0.000000
0.000000
0.000000
0.000000
0.000000
0.000000
0.000000
0.000000
0.000000
0.479250
0.000000
0.000000
0.000000
0.000000
0.000000
0.000000
0.000000
0.000000
0.000000
0.483978
0.000000
0.000000
0.000000
0.000000
0.000000
0.651055
0.000000
0.000000
0.000000
0.000000
0.000000
0.000000
0.000000
0.000000
0.000000
0.000000
0.000000
0.000000
0.000000
0.000000
0.000000
0.375216
0.000000
0.906123
0.000000
0.000000
0.847237
0.857768
1.739143
0.474566
1.449158
0.000000
0.000000
0.700855
0.000000
0.000000
0.000000
1.024478
0.000000
0.000000
0.000000
1.176969
1.212268
0.000000
1.881606
0.000000
0.000000
1.147563
0.000000
0.000000
0.000000
2.516623
0.000000
0.000000
0.000000
0.921782
0.000000
0.000000
1.926406
0.000000
0.000000
0.056391
0.000000
0.000000
0.000000
0.000000
0.000000
0.000000
0.000000
0.000000
0.000000
0.000000
0.133431
0.000000
0.000000
0.000000
0.000000
0.326688
0.000000
0.000000
0.413884
0.401610
0.000000
0.925335
0.000000
0.000000
1.285741
0.000000
0.000000
0.000000
0.000000
0.000000
0.000000
0.000000
0.000000
0.000000
0.000672
0.000000
0.000000
0.000000
0.000000
0.000000
0.000000
0.000000
0.000000
0.000000
0.000000
0.000000
0.000000
0.000000
0.000000
0.000000
0.347636
0.000000
0.000000
0.000000
0.000000
0.000000
0.000000
0.000000
0.939966
0.000000
0.000000
0.000000
0.000000
0.000000
0.000000
0.000000
0.000000
0.000000
0.000000
0.000000
0.000000
0.000000
0.000000
0.000000
1.426281
0.000000
0.000000
0.000000
1.682627
0.000000
0.000000
0.000000
0.000000
1.884045
0.000000
0.000000
1.516201
0.000000
0.000000
0.000000
0.000000
0.000000
2.505926
0.000000
0.000000
2.258065
2.447937
2.406819
0.000000
0.000000
0.090081
0.348420
0.000000
0.000000
0.000000
0.000000
0.000000
0.144347
0.000000
0.000000
0.000000
0.000000
0.000000
0.000000
0.000000
0.000000
0.000000
0.000000
0.000000
0.000000
0.416427
0.000000
0.000000
0.000000
0.000000
0.000000
0.528866
0.613543
0.000000
0.000000
3.043550
0.000000
0.000000
0.000000
0.000000
4.495276
0.230284
0.000000
0.000000
0.000000
2.676277
0.000000
2.068780
0.000000
0.000000
0.000000
0.000000
0.000000
1.331736
0.158104
0.000000
0.000000
0.000000
0.000000
0.000000
2.849344
2.218946
0.000000
0.000000
0.000000
0.000000
0.000000
0.000000
0.000000
0.000000
0.000000
0.000000
0.996696
0.766488
0.000000
0.000000
0.000000
0.175177
0.000000
0.000000
0.000000
0.000000
0.000000
1.742771
1.986282
0.000000
0.000000
0.000000
0.200298
0.000000
0.000000
0.000000
0.000000
0.000000
0.000000
1.109767
0.000000
0.266095
0.043378
1.582354
1.340743
0.000000
2.165999
0.000000
0.000000
0.000000
1.073131
0.000000
0.000000
0.000000
0.000000
0.000000
0.000000
0.000000
0.000000
0.000000
0.022010
0.000000
0.748963
0.000000
0.000000
0.000000
0.000000
0.000000
2.944466
0.807228
0.000000
0.000000
0.000000
0.153660
0.000000
0.000000
0.000000
0.528711
0.000000
0.000000
1.905210
0.000000
0.000000
0.000000
2.525644
0.000000
0.000000
0.002097
0.000000
0.000000
0.000000
0.000000
0.678313
0.000000
0.000000
0.000000
0.000000
0.000000
0.000000
0.424067
0.000000
0.000000
0.000000
2.305170
0.000000
0.679542
0.000000
0.048198
0.407562
0.000000
0.000000
0.000000
0.590157
0.000000
0.569983
0.000000
0.000000
0.000000
0.584114
0.000000
0.000000
0.000000
0.000000
0.000000
0.000000
1.517223
0.000000
0.000000
0.000000
0.777500
0.000000
0.000000
2.911645
0.000000
0.000000
0.000000
0.814056
0.000000
0.000000
0.811247
0.000000
0.000000
0.000000
0.000000
0.000000
0.000000
0.000000
0.000000
1.057672
0.000000
0.000000
0.000000
0.000000
0.000000
0.072932
0.000000
0.357865
0.000000
0.000000
0.000000
0.000000
0.000000
1.279874
0.000000
0.000000
1.666872
0.000000
0.864846
1.200017
0.000000
0.000000
0.598026
0.000000
0.000000
0.000000
1.153816
0.000000
0.000000
0.000000
0.000000
0.000000
0.895780
0.000000
0.000000
0.000000
0.000000
0.000000
0.755413
0.000000
1.465931
0.000000
0.000000
0.000000
0.000000
0.000000
0.000000
0.000000
0.000000
0.840564
0.000000
0.000000
0.000000
0.000000
0.000000
0.608891
0.000000
0.000000
0.000000
0.176595
0.000000
0.000000
1.807089
0.000000
2.220091
0.691261
0.000000
0.000000
0.000000
0.000000
0.000000
0.000000
3.342271
0.000000
0.000000
0.000000
0.000000
0.000000
0.000000
0.000000
0.010392
0.000000
0.000000
0.000000
0.000000
0.000000
0.000000
2.153898
0.000000
0.000000
0.000000
0.000000
0.000000
0.000000
0.000000
0.000000
0.000000
0.458188
0.000000
0.000000
0.000000
0.000000
0.000000
0.000000
0.000000
0.095245
2.652746
0.000000
0.000000
0.000000
0.000000
0.000000
0.000000
0.350938
0.000000
0.000000
0.707388
0.000000
0.000000
0.000000
0.000000
0.000000
0.527635
0.000000
0.048134
0.901605
0.397248
2.670903
0.000000
0.000000
0.000000
0.000000
0.000000
0.000000
0.168084
0.810300
0.000000
0.000000
0.078410
0.000000
0.000000
0.000000
1.677667
1.661292
0.000000
0.000000
2.257690
0.000000
2.591024
0.000000
1.771068
0.000000
0.321342
0.000000
0.476920
0.000000
0.000000
0.000000
0.039947
4.163148
0.000000
0.000000
0.000000
0.000000
0.000000
0.000000
0.000000
0.000000
0.000000
0.000000
0.000000
1.290815
0.000000
0.000000
0.078311
0.000000
0.000000
0.000000
0.372766
0.000000
1.606023
0.000000
0.000000
0.000000
1.063112
0.000000
0.000000
0.597368
0.000000
0.000000
0.000000
0.000000
0.000000
1.044224
0.000000
1.738811
0.000000
0.000000
0.460456
0.000000
0.000000
0.000000
0.000000
0.000000
0.000000
0.000000
0.000000
0.756497
1.346672
0.000000
0.000000
0.000000
0.000000
0.000000
0.305058
0.000000
0.000000
0.529274
0.000000
0.000000
0.000000
0.000000
1.534420
0.000000
0.163632
0.000000
0.000000
1.895638
0.000000
0.000000
0.000000
0.476236
0.355974
0.000000
0.000000
0.000000
0.000000
0.000000
0.000000
1.030027
0.000000
0.000000
2.110652
0.000000
0.000000
0.000000
0.000000
0.000000
0.934308
0.832173
0.000000
0.169749
0.000000
0.000000
0.000000
0.000000
0.000000
0.000000
0.000000
0.000000
0.000000
0.000000
0.000000
0.000000
0.000000
0.000000
1.145391
0.000000
0.000000
0.000000
0.000000
0.000000
0.000000
0.000000
0.000000
0.938793
0.000000
0.000000
0.000000
0.000000
0.000000
0.000000
1.124597
0.372799
0.033396
0.000000
0.000000
0.000000
0.000000
0.072715
0.095798
0.000000
0.000000
0.000000
0.000000
0.000000
0.000000
0.000000
0.000000
0.000000
0.000000
0.000000
0.000000
0.000000
0.000000
0.000000
0.000000
0.000000
0.000000
0.000000
1.978079
0.000000
0.000000
2.435581
0.000000
0.000000
0.000000
0.000000
0.000000
0.000000
0.000000
0.797928
0.000000
0.000000
0.000000
0.000000
1.154514
0.000000
0.000000
0.000000
2.079361
0.000000
0.000000
0.000000
0.000000
0.000000
0.000000
0.000000
0.000000
0.000000
0.000000
0.000000
0.000000
0.000000
0.081544
0.000000
0.000000
0.000000
2.735368
0.000000
0.000000
0.000000
0.000000
0.000000
0.000000
0.000000
0.000000
0.000000
0.257069
0.000000
0.000000
0.000000
0.994771
0.000000
0.647969
3.412914
0.000000
0.000000
0.000000
0.506365
0.000000
0.000000
0.210164
0.000000
0.000000
0.000000
0.000000
0.000000
0.074247
0.000000
0.000000
0.000000
0.000000
0.000000
0.000000
0.000000
0.000000
0.000000
0.000000
0.000000
0.000000
0.000000
0.000000
0.000000
0.000000
3.121041
0.000000
0.000000
0.606871
0.000000
0.000000
0.000000
0.000000
0.000000
0.000000
0.066493
0.000000
0.000000
1.195041
2.796411
0.000000
0.000000
0.000000
0.000000
0.000000
0.000000
0.000000
0.000000
1.098642
0.000000
0.000000
0.000000
0.000000
0.000000
0.000000
0.000000
0.290808
0.000000
1.582065
0.000000
0.000000
0.000000
0.000000
0.000000
0.000000
0.000000
0.000000
0.000000
0.000000
0.000000
0.000000
0.000000
0.000000
0.000000
0.000000
2.258352
0.000000
0.000000
0.000000
0.031414
0.000000
0.000000
0.000000
0.000000
0.000000
0.000000
0.000000
0.000000
0.000000
0.992390
0.000000
0.000000
0.000000
0.000000
0.000000
0.000000
0.000000
0.000000
0.000000
0.000000
2.924774
0.000000
0.000000
0.000000
0.000000
0.000000
0.000000
0.409599
0.000000
0.000000
2.307987
0.000000
0.000000
0.000000
1.408838
0.218064
0.000000
0.000000
0.000000
0.000000
0.000000
0.000000
0.000000
0.000000
0.000000
0.000000
0.000000
0.203941
0.000000
0.000000
1.446536
0.000000
0.000000
0.000000
0.000000
1.689456
0.880824
0.000000
0.000000
0.000000
0.000000
0.000000
0.000000
1.354698
0.000000
0.942155
0.000000
0.918716
0.000000
0.451054
0.000000
0.000000
0.000000
0.000000
0.000000
0.000000
0.000000
1.415157
0.000000
0.000000
0.000000
0.000000
0.030737
0.000000
0.000000
1.662647
0.125817
0.000000
0.000000
0.000000
0.000000
0.000000
0.000000
2.715319
0.000000
0.000000
0.000000
0.000000
0.000000
0.000000
0.000000
0.000000
0.000000
1.838275
0.000000
0.000000
0.000000
0.000000
0.000000
0.000000
0.000000
0.000000
0.000000
0.000000
0.000000
0.000000
2.340872
0.000000
0.000000
1.559053
0.000000
0.000000
0.000000
0.896130
0.000000
0.000000
0.000000
0.212592
0.000000
0.535032
3.153916
0.000000
0.000000
0.000000
1.099527
0.000000
0.000000
2.389955
0.000000
0.000000
0.000000
0.000000
0.098657
0.060880
0.000000
0.073799
0.000000
0.000000
0.000000
0.000000
0.000000
0.000000
0.000000
0.000000
0.000000
0.000000
0.000000
0.664354
0.000000
0.000000
0.000000
1.267118
0.234471
0.314043
0.000000
0.000000
0.000000
0.000000
0.843758
0.000000
0.000000
1.329691
0.000000
0.000000
0.000000
0.276702
0.422996
0.130317
0.000000
1.917858
0.000000
0.000000
0.953616
0.000000
0.000000
0.000000
0.000000
0.000000
0.406858
0.000000
0.282866
0.000000
2.233175
0.776873
0.000000
2.965120
0.000000
0.000000
0.000000
0.000000
0.393114
0.000000
0.228044
0.061441
0.000000
0.000000
0.000000
0.000000
0.000000
0.000000
0.000000
0.000000
0.000000
0.000000
0.000000
0.000000
0.000000
0.000000
0.540763
0.000000
0.278550
0.382086
0.000000
0.000000
0.000000
0.000000
0.000000
0.000000
0.000000
0.000000
0.000000
0.000000
0.000000
0.000000
0.000000
0.000000
0.803479
0.000000
0.000000
0.000000
0.638998
0.662496
0.000000
1.623565
0.002460
0.000000
0.000000
0.000000
1.979570
0.000000
0.000000
0.000000
0.114570
2.330922
0.892524
0.000000
0.000000
0.000000
0.000000
0.470560
0.000000
0.000000
0.855997
2.225545
0.000000
0.000000
2.583330
0.000000
0.000000
0.000000
0.000000
0.000000
0.415677
0.263994
0.509242
0.000000
0.000000
0.000000
0.000000
0.000000
0.000000
0.000000
0.464027
0.000000
0.555355
0.000000
0.000000
0.000000
0.000000
0.000000
0.000000
0.000000
0.000000
0.000000
0.000000
0.000000
0.000000
0.161499
0.000000
0.000000
0.000000
0.000000
0.000000
0.000000
0.000000
0.000000
0.000000
0.000000
0.000000
0.000000
0.000000
0.000000
0.000000
0.000000
0.000000
0.000000
0.000000
0.000000
0.000000
0.000000
0.000000
0.000000
0.000000
0.000000
0.000000
0.000000
0.000000
0.000000
0.056194
0.000000
0.000000
0.000000
1.838476
0.000000
0.000000
0.000000
0.000000
0.000000
0.000000
0.000000
3.391418
0.000000
0.000000
0.000000
0.000000
0.000000
0.000000
0.784427
0.000000
0.000000
0.153399
2.918997
0.000000
0.252093
0.000000
0.000000
0.000000
0.000000
0.000000
2.129145
0.000000
1.873649
0.000000
0.000000
0.626439
0.000000
1.643093
0.000000
0.263285
3.859096
0.000000
0.000000
0.000000
0.000000
2.135020
0.000000
0.000000
0.000000
0.000000
0.000000
1.190184
0.000000
0.000000
0.000000
0.000000
0.000000
0.000000
0.000000
0.000000
0.000000
0.000000
0.964607
0.000000
0.000000
0.000000
0.000000
2.051725
1.596917
0.000000
0.000000
0.000000
0.000000
0.000000
0.000000
0.533401
0.000000
0.000000
0.000000
0.000000
0.000000
1.520610
0.000000
0.647726
0.000000
3.163257
0.000000
0.000000
0.287272
0.000000
0.000000
0.000000
0.000000
0.000000
0.000000
0.000000
0.000000
0.000000
1.381384
0.000000
0.000000
3.286542
2.454394
0.000000
0.000000
0.000000
0.000000
0.000000
0.000000
0.000000
2.285163
0.000000
0.000000
0.000000
2.618974
0.000000
0.389504
0.000000
0.000000
0.562534
0.000000
0.000000
0.000000
0.760079
1.392168
0.000000
2.145244
0.000000
1.093021
0.000000
0.000000
0.000000
0.000000
0.000000
0.000000
0.000000
0.000000
0.000000
0.000000
0.000000
0.000000
2.014208
0.000000
0.000000
0.000000
0.000000
1.393336
0.000000
0.000000
0.000000
1.348087
0.000000
0.000000
0.000000
0.000000
0.000000
0.000000
0.000000
0.553999
0.000000
0.000000
0.000000
0.000000
0.000000
0.000000
1.222544
0.000000
0.000000
0.000000
1.484477
0.000000
0.074268
0.000000
0.000000
0.000000
0.000000
0.000000
0.000000
0.000000
0.000000
0.000000
0.000000
0.000000
1.292343
0.000000
0.000000
0.000000
0.000000
0.000000
0.000000
0.477474
0.000000
0.000000
0.000000
0.000000
0.000000
0.000000
0.000000
0.000000
0.000000
0.000000
0.000000
0.000000
0.000000
0.000000
0.000000
0.000000
0.000000
0.000000
0.000000
0.218672
0.000000
0.000000
0.000000
0.000000
0.000000
0.000000
0.000000
0.000000
0.000000
0.379097
2.196526
2.613060
0.000000
0.000000
0.341246
0.000000
0.000000
1.303625
0.000000
0.000000
1.335614
0.000000
0.000000
0.000000
0.000000
0.000000
2.409509
0.451779
0.043497
0.000000
0.000000
0.000000
0.000000
2.346349
0.000000
0.000000
0.000000
0.000000
4.212174
0.385286
0.000000
0.000000
0.000000
0.000000
0.000000
0.000000
4.275083
0.826344
0.000000
0.000000
0.000000
0.000000
0.766643
0.000000
1.812311
0.451575
0.000000
0.000000
0.000000
0.000000
0.567199
0.000000
0.000000
0.000000
0.000000
0.000000
0.000000
0.000000
0.000000
0.000000
0.000000
0.000000
0.000000
0.000000
0.000000
0.081356
0.000000
0.000000
0.514743
0.000000
0.255919
0.000000
0.000000
0.000000
1.792746
0.000000
0.000000
0.000000
0.000000
1.720267
0.000000
0.000000
0.000000
0.000000
1.100374
0.000000
0.000000
0.000000
0.963665
0.000000
0.000000
0.000000
1.801365
0.000000
0.939131
0.000000
3.500206
0.000000
0.000000
0.000000
0.000000
0.000000
0.000000
2.790816
0.000000
0.000000
0.000000
0.000000
0.000000
0.000000
0.000000
1.911897
0.000000
0.000000
0.000000
0.000000
0.000000
0.000000
0.000000
0.000000
0.000000
0.000000
0.000000
1.069582
0.000000
0.000000
0.000000
1.371585
0.000000
0.000000
0.000000
2.118671
1.132269
0.000000
2.801693
0.000000
0.000000
0.566044
2.000320
0.262000
0.000000
0.000000
0.000000
0.000000
0.000000
0.000000
0.000000
0.000000
0.000000
0.000000
0.000000
0.000000
0.000000
0.000000
0.000000
0.000000
0.000000
0.000000
0.000000
0.000000
0.000000
0.000000
0.000000
0.000000
0.000000
0.000000
0.000000
0.000000
0.000000
0.601134
0.000000
0.000000
0.000000
0.000000
1.843235
0.000000
0.211821
0.000000
0.000000
0.000000
0.000000
0.000000
0.289284
0.000000
0.000000
0.000000
0.000000
0.000000
0.000000
0.000000
1.126497
0.000000
0.000000
0.000000
0.000000
0.000000
0.000000
0.000000
0.000000
0.000000
0.405689
0.000000
0.000000
0.059745
0.000000
0.989628
0.000000
0.000000
0.000000
0.000000
0.000000
0.000000
0.000000
0.000000
0.000000
0.000000
0.123541
1.394672
2.107775
0.000000
0.462169
0.000000
0.361503
0.000000
0.000000
0.000000
0.000000
0.251740
0.382491
0.022109
0.471629
0.000000
0.407508
0.000000
0.000000
0.000000
0.000000
0.000000
0.000000
0.000000
0.000000
0.000000
1.230251
0.000000
0.000000
0.000000
0.000000
0.000000
0.000000
0.000000
0.000000
4.487899
0.000000
1.159828
0.000000
0.000000
0.000000
0.000000
1.339069
0.000000
0.000000
1.097684
0.000000
3.908898
0.000000
0.000000
0.000000
0.000000
0.000000
0.000000
0.000000
0.000000
0.000000
0.000000
3.693600
0.000000
2.556230
0.000000
0.000000
0.000000
0.000000
0.008490
0.000000
0.000000
2.023654
0.000000
0.000000
0.000000
1.840913
0.000000
0.000000
0.000000
1.128516
0.000000
1.589165
0.000000
0.000000
0.000000
0.000000
0.000000
1.570933
0.000000
0.000000
0.000000
0.000000
0.000000
0.107092
0.000000
0.000000
0.000000
1.119018
0.000000
0.000000
0.000000
0.265370
0.000000
0.000000
0.000000
0.822082
0.000000
0.000000
0.724846
0.000000
0.000000
1.823775
0.000000
0.000000
0.235111
0.000000
0.000000
0.000000
2.416879
0.000000
0.000000
0.000000
0.000000
0.000000
0.000000
0.000000
0.513554
0.000000
0.000000
0.000000
0.136126
0.000000
0.000000
0.000000
0.660282
0.000000
0.000000
0.665841
0.000000
0.000000
1.819394
0.000000
0.000000
0.000000
0.000000
0.000000
0.000000
0.000000
0.000000
0.375105
1.764849
0.000000
1.424042
0.385128
0.115842
0.000000
0.000000
0.000000
0.264517
0.207160
0.000000
0.000000
0.000000
0.000000
1.023576
0.000000
3.689788
0.000000
0.552995
0.000000
0.000000
0.000000
0.000000
0.000000
0.000000
0.000000
0.000000
0.000000
0.891771
0.000000
0.000000
0.000000
0.000000
0.000000
0.000000
0.000000
0.000000
0.000000
0.000000
0.000000
0.000000
0.979124
0.000000
0.000000
0.000000
0.000000
0.000000
0.000000
0.000000
2.102185
0.000000
0.000000
0.000000
0.000000
1.771262
0.269146
0.000000
0.000000
0.000000
0.000000
0.000000
0.000000
0.000000
3.172258
0.000000
0.000000
0.377113
0.000000
0.000000
0.000000
0.717160
0.000000
0.000000
0.000000
0.362940
0.372923
0.000000
0.000000
0.000000
4.410701
0.000000
0.000000
1.346371
0.000000
3.084326
0.000000
0.000000
0.000000
0.000000
0.000000
0.000000
0.000000
0.000000
0.000000
0.137305
0.633084
0.000000
0.000000
0.000000
1.550597
0.578753
0.871815
0.000000
0.000000
0.211491
0.000000
0.000000
0.000000
0.000000
0.000000
0.000000
0.055713
0.000000
0.000000
0.000000
0.000000
0.000000
2.266859
0.000000
0.000000
0.000000
0.000000
0.000000
0.000000
0.000000
0.000000
