0.379746
0.000000
0.000000
0.000000
0.000000
0.000000
1.153967
0.281812
0.000000
1.910559
0.000000
0.000000
0.911044
0.000000
0.000000
0.000000
0.000000
0.000000
0.000000
0.000000
0.000000
0.000000
0.000000
0.000000
0.000000
2.368925
0.000000
0.000000
0.000000
0.000000
1.734953
0.000000
0.000000
0.000000
0.000000
0.505361
0.000000
0.000000
0.000000
0.000000
1.410519
0.000000
0.000000
0.000000
1.591730
2.747195
4.121710
0.170094
0.000000
0.000000
0.000000
0.000000
0.000000
0.000000
0.634823
0.000000
2.054345
0.000000
1.431853
0.000000
0.000000
0.000000
0.265476
0.000000
0.000000
0.000000
0.000000
0.000000
0.000000
0.000000
0.000000
0.000000
0.000000
0.000000
0.000000
1.534820
0.000000
1.500542
1.318009
0.875608
0.192748
0.000000
0.000000
0.000000
0.000000
0.598215
0.000000
0.661520
0.000000
0.000000
0.000000
0.461720
1.070837
0.000000
0.266028
0.000000
0.000000
0.000000
0.000000
2.111030
0.000000
0.000000
0.000000
0.000000
0.896267
0.000000
0.860643
0.000000
1.647067
0.000000
0.000000
0.000000
0.000000
0.000000
0.000000
0.302867
0.000000
0.000000
0.000000
0.000000
0.000000
0.000000
0.000000
0.279654
0.000000
0.000000
0.000000
0.000000
0.000000
0.000000
0.000000
0.177921
0.000000
0.000000
0.000000
0.000000
1.157814
0.000000
0.000000
0.000000
0.000000
2.143608
1.223188
0.000000
0.191928
0.000000
0.195265
0.000000
0.000000
0.000000
0.000000
0.670996
0.000000
0.000000
0.000000
0.000000
0.000000
0.000000
0.000000
0.000000
0.000000
0.000000
0.000000
2.510978
0.524237
0.000000
0.000000
0.000000
0.000000
0.000000
0.000000
0.000000
0.000000
0.000000
0.000000
0.382112
0.000000
0.000000
0.000000
0.000000
0.000000
0.615562
0.000000
0.000000
0.000000
0.000000
0.000000
0.671705
0.000000
0.595473
1.783777
0.000000
0.000000
0.000000
0.000000
2.394582
0.212932
0.000000
0.000000
0.000000
0.366322
0.000000
0.921155
0.000000
0.000000
0.000000
0.442121
0.000000
1.107330
0.000000
0.000000
0.000000
0.000000
0.000000
0.000000
0.000000
3.504162
0.000000
0.000000
0.000000
0.000000
0.000000
0.000000
0.000000
0.000000
1.801177
2.475240
0.297428
3.472877
0.000000
0.000000
0.000000
0.000000
0.000000
0.000000
0.000000
0.000000
0.000000
0.402818
0.771887
0.000000
1.097704
0.000000
0.000000
0.648202
1.983208
0.000000
0.000000
0.000000
0.017511
0.000000
0.000000
0.000000
1.454358
0.000000
0.000000
0.000000
0.000000
0.000000
0.000000
0.000000
0.000000
0.000000
0.000000
0.000000
0.000000
0.000000
0.000000
2.425146
0.000000
1.391225
0.000000
0.000000
0.836918
0.000000
0.000000
0.000000
0.000000
0.000000
0.000000
0.000000
0.000000
0.000000
0.000000
0.832798
0.047430
0.000000
0.000000
0.129459
0.000000
0.000000
0.000000
0.000000
0.000000
1.855568
0.000000
0.000000
0.000000
2.307383
2.334332
0.000000
0.000000
0.000000
0.000000
0.669288
0.000000
0.000000
0.000000
0.000000
0.000000
0.000000
0.000000
0.093120
0.000000
0.000000
0.000000
0.000000
0.000000
0.000000
0.000000
1.259368
0.235635
0.000000
0.227094
0.000000
0.000000
0.000000
0.000000
0.000000
0.000000
0.000000
2.214543
0.313937
1.905311
1.160008
0.000000
1.054503
2.333720
0.224642
0.000000
0.000000
0.000000
0.000000
0.000000
0.000000
0.000000
0.000000
0.379054
0.000000
1.161001
0.000000
1.847541
0.000000
0.000000
0.000000
0.000000
0.312043
0.000000
0.000000
1.509777
0.000000
0.105519
0.000000
0.000000
0.000000
0.000000
0.000000
0.000000
0.000000
0.000000
0.000000
0.000000
0.000000
0.000000
0.000000
0.000000
0.000000
0.000000
0.000000
0.000000
0.000000
0.000000
0.000000
0.000000
1.270069
0.000000
0.000000
0.000000
0.000000
0.000000
1.916354
0.000000
1.248044
0.000000
0.000000
0.000000
2.829044
0.000000
0.000000
0.000000
0.925933
0.000000
1.058629
0.000000
0.000000
0.497298
0.000000
0.000000
1.479858
1.425418
0.000000
0.000000
0.000000
0.000000
0.000000
0.000000
0.000000
0.871532
0.000000
0.000000
0.000000
0.000000
0.000000
0.000000
1.997308
0.000000
0.000000
0.000000
0.000000
0.000000
0.000000
0.000000
0.000000
0.000000
0.000000
0.000000
0.000000
0.000000
0.000000
0.000000
0.000000
1.658113
0.000000
0.000000
0.000000
2.026057
0.000000
0.000000
0.000000
0.000000
0.000000
0.000000
0.000000
0.000000
0.000000
0.065801
0.688432
0.000000
0.000000
0.000000
0.000000
0.000000
0.000000
0.000000
0.000000
0.000000
0.000000
0.000000
0.000000
0.000000
0.000000
0.000000
0.000000
2.265760
0.000000
0.000000
0.000000
1.241230
0.000000
0.000000
0.000000
1.082227
4.517036
0.000000
0.000000
0.000000
0.585330
0.000000
0.000000
0.000000
0.000000
0.000000
0.000000
0.000000
0.000000
0.000000
0.000000
0.000000
0.000000
0.973735
0.000000
0.000000
0.000000
0.000000
0.000000
0.000000
0.000000
0.000000
0.000000
0.000000
0.000000
0.000000
0.000000
0.017807
0.000000
0.000000
0.000000
0.000000
0.000000
0.000000
0.000000
0.000000
0.000000
0.000000
0.000000
0.000000
0.000000
0.233811
0.000000
0.000000
0.000000
0.000000
0.000000
0.598533
0.157357
0.000000
0.000000
0.000000
0.000000
0.000000
0.000000
0.000000
0.000000
0.000000
0.000000
0.000000
0.000000
0.000000
0.000000
0.000000
0.000000
0.000000
0.000000
0.000000
1.945652
2.556022
0.000000
0.000000
0.000000
0.000000
0.235564
0.000000
0.000000
0.000000
1.218522
0.000000
0.000000
0.000000
1.291166
0.000000
0.000000
0.000000
0.000000
0.000000
1.800079
0.000000
0.922256
1.095619
0.000000
2.120210
0.000000
0.000000
0.101318
0.659889
0.000000
0.000000
0.000000
0.000000
0.000000
0.000000
0.084505
0.000000
0.000000
0.000000
0.000000
0.000000
0.000000
0.000000
0.000000
0.000000
0.384662
0.000000
0.000000
0.000000
0.000000
0.000000
1.353805
0.000000
0.000000
0.000000
0.451437
0.000000
0.000000
0.000000
0.000000
0.000000
0.188851
0.000000
0.000000
0.000000
0.000000
0.000000
0.000000
0.000000
0.000000
0.195466
0.000000
2.657679
0.000000
0.000000
0.000000
0.000000
0.370542
0.000000
0.000000
0.308890
0.000000
0.000000
0.000000
0.000000
0.000000
0.000000
0.000000
0.000000
0.000000
0.000000
0.000000
0.000000
0.000000
0.000000
1.285407
1.775060
0.000000
0.000000
0.000000
0.000000
0.000000
0.000000
2.613909
0.000000
0.000000
0.000000
0.000000
0.000000
0.000000
0.000000
1.098680
0.000000
0.000000
1.243114
0.000000
0.000000
0.000000
0.000000
0.000000
0.000000
0.000000
0.905491
1.981772
0.000000
0.000000
0.971474
0.000000
0.000000
0.000000
0.000000
0.000000
0.000000
0.000000
0.000000
0.000000
0.000000
0.000000
0.000000
0.000000
0.000000
0.000000
0.000000
2.621273
1.271090
0.000000
0.000000
0.000000
0.207372
0.000000
0.000000
0.000000
0.236130
0.000000
0.000000
0.468468
0.000000
0.000000
0.000000
0.000000
0.000000
0.000000
0.000000
0.000000
0.000000
0.000000
0.000000
1.714906
0.000000
0.000000
0.000000
0.000000
1.008369
0.000000
0.000000
0.000000
0.000000
0.000000
0.000000
0.271875
0.000000
0.000000
0.000000
0.240919
0.000000
0.000000
0.000000
0.000000
0.000000
0.000000
0.000000
0.000000
0.000000
0.000000
0.000000
0.000000
0.000000
0.000000
0.000000
0.000000
0.000000
0.000000
0.000000
0.000000
0.000000
0.000000
0.000000
0.000000
0.000000
0.000000
0.000000
0.412331
0.000000
0.000000
0.000000
0.000000
0.316100
0.000000
0.000000
0.000000
0.000000
0.000000
0.000000
0.000000
0.000000
0.000000
0.000000
0.000000
0.000000
0.000000
0.000000
0.000000
0.000000
0.000000
0.000000
0.000000
0.000000
0.000000
0.000000
0.000000
0.000000
1.512459
0.000000
0.000000
0.000000
0.000000
0.000000
0.000000
0.038601
0.958604
0.000000
0.000000
0.000000
0.000000
0.000000
0.000000
0.000000
0.000000
0.944661
0.408509
0.000000
0.000000
0.933817
0.000000
0.000000
0.000000
1.100123
0.000000
0.000000
0.000000
0.000000
0.000000
0.000000
0.000000
0.000000
0.000000
0.000000
1.780556
0.000000
0.000000
0.000000
0.000000
2.457673
0.000000
0.686469
0.000000
0.000000
0.942240
0.000000
0.000000
0.000000
0.000000
0.000000
0.000000
0.000000
0.000000
1.251009
0.000000
0.000000
0.000000
0.623519
0.620059
0.000000
0.000000
0.000000
0.000000
0.000000
0.000000
0.000000
0.069455
1.215427
0.000000
0.000000
0.000000
0.000000
0.000000
0.000000
5.182231
0.000000
0.000000
0.000000
0.650630
0.000000
0.489147
0.000000
0.000000
0.000000
0.000000
0.000000
0.000000
1.596647
0.000000
1.558600
0.150363
1.910623
0.687592
0.000000
0.000000
0.248646
0.000000
1.212189
0.000000
0.000000
0.000000
0.000000
0.000000
0.000000
0.655784
0.000000
0.000000
0.000000
0.000000
0.000000
0.000000
0.000000
2.502995
0.000000
0.000000
0.811064
0.000000
0.000000
0.000000
0.000000
0.000000
0.000000
0.000000
0.000000
0.000000
0.000000
0.000000
0.268766
0.000000
0.000000
0.000000
0.000000
1.209836
1.957109
0.000000
0.000000
0.000000
0.000000
0.000000
0.000000
0.000000
0.000000
0.000000
0.000000
0.000000
0.000000
0.000000
2.213825
0.000000
0.000000
0.000000
0.000000
0.000000
0.000000
0.000000
0.000000
0.000000
0.000000
1.155577
0.687661
0.000000
0.000000
0.475301
2.311696
0.000000
0.000000
0.000000
0.000000
0.000000
0.000000
0.000000
1.499984
0.000000
0.000000
0.000000
0.000000
0.000000
0.000000
0.000000
0.000000
0.000000
0.000000
0.061121
0.000000
0.095859
0.000000
0.000000
0.000000
0.000000
0.102532
0.000000
0.000000
0.000000
0.000000
0.000000
0.000000
0.000000
0.000000
0.000000
0.000000
0.000000
0.000000
0.000000
0.000000
0.000000
0.000000
0.000000
0.000000
0.000000
0.000000
0.000000
0.000000
0.000000
0.000000
0.000000
0.000000
0.000000
0.000000
0.000000
0.000000
0.000000
0.000000
0.000000
0.000000
0.000000
0.000000
0.000000
0.000000
0.000000
0.582147
0.000000
1.250596
0.000000
0.000000
0.000000
0.000000
0.000000
2.469244
1.893601
0.000000
0.550519
0.000000
0.000000
0.000000
1.519448
0.000000
0.272740
0.000000
0.000000
0.000000
0.000000
0.000000
0.000000
0.000000
0.000000
0.000000
2.408079
0.000000
0.000000
0.000000
0.364246
0.641684
0.000000
0.000000
0.000000
0.000000
1.019687
0.000000
0.000000
0.000000
0.000000
0.000000
0.000000
0.000000
0.000000
0.000000
0.000000
0.000000
0.000000
0.000000
0.000000
0.474827
0.000000
0.000000
0.000000
0.000000
1.437724
0.000000
1.160058
0.000000
0.000000
0.000000
0.253785
0.000000
0.000000
0.000000
0.000000
0.000000
0.000000
0.000000
0.000000
0.000000
0.000000
0.000000
2.668692
0.000000
0.000000
0.000000
0.000000
0.000000
0.000000
0.349278
0.000000
0.000000
0.038858
0.464968
0.000000
0.000000
0.000000
0.000000
0.000000
0.000000
1.440678
0.000000
0.000000
0.000000
0.000000
0.000000
0.000000
0.000000
0.125008
0.000000
0.000000
0.000000
0.000000
0.000000
0.000000
0.000000
0.000000
0.000000
0.000000
0.000000
0.000000
0.000000
0.000000
0.174077
0.000000
0.000000
0.000000
0.000000
0.000000
0.000000
0.000000
0.000000
0.000000
0.000000
0.000000
0.000000
0.000000
0.000000
0.126244
0.000000
0.486329
0.000000
0.000000
0.000000
0.000000
1.751658
0.000000
0.000000
0.000000
0.000000
0.000000
0.000000
0.000000
0.000000
0.000000
0.000000
0.000000
0.000000
0.000000
0.000000
0.000000
0.000000
0.000000
0.267793
0.000000
0.000000
0.000000
0.000000
0.000000
0.000000
0.000000
0.786173
0.000000
0.000000
0.000000
0.010048
0.000000
0.000000
0.000000
1.491797
2.114470
0.000000
0.000000
0.000000
0.000000
2.734953
0.000000
0.000000
0.000000
0.000000
0.000000
0.000000
0.000000
0.000000
0.056414
0.000000
0.000000
0.123035
0.000000
0.000000
0.000000
0.000000
0.000000
3.533296
0.000000
0.000000
0.000000
0.000000
0.000000
0.409525
0.000000
0.000000
0.000000
0.000000
0.000000
0.000000
0.000000
0.000000
0.000000
0.000000
0.000000
0.784275
0.000000
1.706684
1.671167
0.000000
0.000000
0.000000
0.000000
0.000000
0.000000
1.343323
0.055091
0.000000
0.000000
0.691934
0.000000
0.000000
0.118940
2.764506
0.000000
0.000000
0.264772
0.000000
0.182700
0.000000
0.000000
0.000000
2.082616
0.000000
0.000000
0.000000
0.000000
0.000000
0.000000
0.000000
0.000000
1.931878
0.000000
0.000000
0.000000
0.000000
0.000000
1.141075
0.000000
0.000000
0.000000
0.000000
0.136958
0.000000
0.000000
0.000000
0.000000
0.000000
0.000000
0.961894
0.000000
0.000000
0.000000
0.000000
0.000000
1.162505
0.159683
0.000000
0.000000
0.000000
0.000000
0.000000
0.000000
0.000000
0.000000
0.000000
0.000000
0.000000
0.242357
0.795792
0.000000
0.000000
0.000000
0.000000
0.000000
0.000000
0.000000
0.123389
0.000000
0.000000
0.000000
0.913941
0.000000
0.000000
0.000000
0.000000
0.933946
0.000000
0.000000
0.000000
0.000000
0.000000
0.000000
0.360287
0.000000
0.000000
0.000000
0.000000
0.000000
1.479789
0.000000
0.721259
0.000000
0.000000
0.000000
0.000000
0.000000
0.000000
0.000000
0.000000
0.000000
0.000000
0.000000
0.000000
0.000000
0.000000
0.000000
0.000000
1.032121
0.000000
0.225753
0.000000
0.660334
0.000000
0.000000
0.000000
0.000000
0.000000
0.000000
0.000000
0.000000
0.000000
0.000000
0.000000
0.000000
0.000000
0.000000
0.000000
0.000000
0.054419
0.000000
0.000000
0.000000
0.000000
0.000000
0.000000
0.000000
0.000000
0.000000
0.000000
0.000000
0.000000
0.000000
0.000000
0.000000
0.000000
0.000000
1.746324
0.000000
0.000000
0.000000
0.000000
0.000000
0.000000
0.371462
0.000000
0.447806
0.000000
0.000000
0.000000
0.000000
0.238438
0.000000
0.000000
0.000000
0.000000
0.000000
0.000000
0.000000
0.000000
0.000000
0.000000
0.000000
0.837356
0.000000
0.000000
0.000000
0.000000
0.000000
0.982066
0.000000
0.000000
0.000000
0.709852
0.000000
0.000000
0.000000
0.000000
0.137945
0.000000
1.622171
0.000000
0.000000
0.000000
0.000000
0.000000
0.275987
0.000000
0.000000
0.000000
0.000000
0.000000
0.000000
0.000000
0.000000
0.000000
0.000000
0.000000
0.000000
0.000000
0.000000
0.000000
0.388420
0.000000
0.000000
0.487644
0.144668
0.000000
0.000000
0.000000
0.000000
0.000000
0.000000
0.000000
0.000000
0.000000
0.000000
1.925076
0.000000
0.332597
0.000000
0.118195
0.000000
0.000000
0.000000
0.000000
0.000000
0.000000
0.000000
0.000000
0.000000
1.304865
0.000000
0.000000
0.000000
0.000000
0.000000
0.000000
0.000000
0.387023
0.000000
0.000000
0.000000
0.000000
0.000000
0.024477
0.000000
0.000000
0.000000
0.000000
0.000000
0.000000
0.000000
0.000000
0.000000
0.000000
0.000000
0.000000
0.000000
0.000000
0.000000
0.000000
0.000000
0.000000
0.000000
0.000000
0.000000
0.320511
0.000000
0.000000
0.559788
0.332497
4.072031
0.000000
0.000000
0.285219
0.372587
0.000000
0.434860
0.000000
0.000000
0.000000
0.000000
0.000000
0.000000
0.072911
0.000000
0.000000
0.000000
0.000000
0.000000
0.000000
0.370426
0.000000
0.000000
0.000000
0.000000
0.000000
0.000000
0.000000
0.000000
0.000000
0.000000
0.000000
0.000000
0.000000
0.677924
0.000000
0.000000
0.000000
0.193444
0.000000
0.000000
0.000000
0.000000
0.028403
0.000000
0.000000
0.000000
0.000000
0.000000
0.000000
0.000000
0.000000
0.000000
0.731537
0.000000
0.000000
0.311449
0.000000
0.000000
0.000000
0.000000
0.000000
0.000000
0.000000
0.000000
0.000000
0.000000
0.000000
0.000000
0.000000
0.000000
0.000000
0.000000
0.703935
0.000000
0.000000
0.000000
0.000000
0.000000
0.000000
0.000000
0.000000
0.000000
0.544296
0.000000
0.000000
0.000000
0.000000
0.000000
0.123609
0.000000
0.175535
0.509445
0.403131
0.000000
1.124431
0.000000
0.000000
0.000000
0.000000
0.000000
1.598286
0.000000
0.000000
0.000000
0.000000
0.000000
0.000000
0.373397
0.000000
0.000000
0.000000
0.000000
0.000000
0.000000
0.000000
0.000000
0.000000
0.000000
0.000000
0.000000
0.000000
0.000000
0.000000
0.000000
3.733800
2.089678
0.000000
0.000000
0.371030
0.577976
0.000000
0.000000
0.000000
0.000000
0.000000
0.000000
0.000000
0.000000
0.000000
0.332482
0.000000
0.100685
0.000000
0.000000
0.000000
0.000000
0.000000
0.000000
0.000000
0.000000
0.000000
0.000000
0.000000
0.000000
0.404899
0.000000
0.000000
0.000000
0.000000
0.000000
0.000000
0.000000
0.000000
0.000000
0.000000
0.000000
0.000000
0.000000
0.000000
0.000000
0.000000
0.000000
0.000000
0.000000
0.536205
0.000000
0.000000
0.000000
0.000000
0.000000
0.006627
0.077082
0.000000
0.000000
0.549918
0.000000
0.000000
0.000000
0.234459
0.000000
0.000000
0.625593
0.000000
0.000000
0.000000
0.000000
0.274142
0.045150
0.000000
0.000000
1.934857
0.000000
0.000000
0.000000
1.079001
0.000000
0.000000
0.000000
0.000000
2.307277
0.000000
0.000000
0.000000
0.000000
0.000000
0.000000
0.000000
0.000000
0.000000
0.000000
0.000000
0.000000
0.404091
0.130139
0.000000
0.000000
2.517195
0.000000
0.000000
0.000000
0.000000
0.000000
0.000000
0.000000
0.000000
0.678223
0.000000
1.780740
0.000000
0.000000
0.000000
0.000000
0.000000
0.000000
0.752860
0.677086
0.000000
0.000000
0.000000
0.000000
0.184767
0.000000
0.000000
0.000000
1.821568
0.000000
0.000000
0.000000
0.000000
1.950381
0.000000
0.000000
0.277512
0.000000
0.000000
0.000000
0.000000
0.000000
0.000000
0.000000
1.424418
0.000000
0.000000
0.000000
0.000000
0.000000
0.000000
0.000000
0.000000
0.000000
0.000000
2.767219
0.000000
0.000000
0.000000
0.000000
0.000000
0.000000
0.192747
0.000000
0.949679
0.000000
0.000000
0.000000
0.000000
0.000000
0.000000
0.000000
0.000000
0.026509
0.000000
0.000000
0.000000
0.000000
0.000000
0.000000
0.000000
0.000000
0.000000
2.952307
0.000000
0.000000
0.000000
0.000000
0.000000
0.000000
0.000000
0.000000
0.000000
0.000000
0.000000
0.000000
0.000000
0.000000
0.862912
0.000000
0.000000
0.000000
0.071205
0.000000
0.000000
0.000000
0.000000
0.000000
0.000000
0.000000
0.000000
0.206381
0.570991
0.000000
0.000000
0.558343
0.755660
0.000000
0.021234
0.000000
0.480934
0.000000
0.000000
0.000000
0.000000
0.000000
0.000000
0.000000
0.000000
1.302677
0.000000
0.000000
0.000000
0.000000
0.000000
0.000000
0.000000
0.000000
0.065191
0.000000
1.237825
1.446444
0.000000
0.620902
0.000000
0.000000
0.000000
0.000000
0.000000
0.000000
0.000000
0.183315
0.000000
2.522049
0.000000
0.000000
0.000000
0.000000
0.000000
0.000000
3.510707
0.000000
0.270600
0.000000
0.000000
1.113311
0.000000
0.000000
0.000000
0.000000
0.000000
0.000000
0.000000
0.000000
0.000000
0.000000
0.000000
0.466373
0.164107
0.000000
0.000000
0.000000
0.000000
0.000000
0.000000
0.000000
0.000000
0.000000
0.000000
0.000000
0.000000
0.000000
0.000000
2.798760
0.000000
0.000000
0.000000
0.000000
0.000000
0.000000
0.988497
0.000000
0.790695
0.000000
0.000000
0.000000
0.330211
0.000000
0.000000
0.087906
0.000000
0.000000
0.000000
0.000000
0.000000
0.000000
0.000000
0.000000
0.000000
0.000000
0.000000
0.000000
0.000000
0.000000
0.000000
0.387722
1.489934
0.000000
0.000000
0.000000
0.000000
0.000000
0.000000
0.000000
0.000000
0.000000
0.000000
0.000000
0.000000
0.000000
0.000000
0.000000
0.000000
0.000000
0.375661
0.000000
0.000000
0.662799
0.000000
0.000000
0.713688
0.000000
0.000000
0.000000
0.993069
0.000000
0.000000
0.000000
0.000000
0.000000
0.000000
0.000000
0.041203
0.000000
0.000000
0.000000
0.000000
0.000000
0.399855
0.000000
0.000000
0.000000
0.000000
0.000000
1.093931
1.104080
0.000000
0.000000
1.752648
0.000000
0.000000
0.000000
0.194655
0.000000
0.000000
0.265164
0.000000
0.000000
0.000000
0.000000
0.000000
1.356635
0.000000
0.000000
0.000000
0.000000
0.000000
0.000000
0.000000
0.000000
0.000000
0.640166
0.000000
0.000000
0.614163
0.000000
0.000000
0.000000
0.000000
0.000000
0.000000
0.000000
0.000000
0.000000
0.000000
0.000000
0.000000
2.040145
0.736124
0.000000
0.000000
0.000000
0.000000
0.011324
0.000000
0.000000
0.295020
0.000000
0.000000
0.000000
0.000000
0.000000
0.000000
0.000000
0.000000
0.000000
0.000000
0.000000
0.000000
0.000000
0.000000
0.000000
0.000000
0.000000
0.000000
2.436206
0.882574
1.208858
0.000000
2.272461
0.281216
0.000000
3.033961
0.000000
0.000000
0.000000
2.823614
0.000000
0.000000
0.000000
0.000000
0.000000
0.000000
0.000000
0.000000
0.000000
0.737360
0.000000
0.000000
0.000000
0.000000
0.000000
0.852071
0.000000
0.000000
0.000000
0.000000
0.000000
0.000000
0.000000
0.000000
0.000000
0.311132
0.000000
0.000000
0.000000
0.000000
1.015946
0.000000
0.000000
0.000000
0.000000
0.000000
0.000000
0.000000
0.000000
0.000000
0.000000
0.000000
0.000000
0.000000
0.000000
0.000000
0.000000
3.025159
0.000000
0.000000
0.000000
0.000000
0.000000
0.638354
0.000000
0.000000
0.000000
0.000000
0.000000
0.876711
0.000000
0.764593
0.000000
0.000000
0.000000
0.000000
0.680209
0.000000
1.142486
0.000000
0.000000
0.000000
0.000000
0.000000
1.874651
0.000000
0.000000
0.000000
0.000000
0.000000
0.000000
2.256028
2.047520
0.000000
0.000000
0.000000
0.000000
0.000000
0.000000
0.000000
0.000000
0.000000
1.912941
0.000000
0.000000
0.000000
0.000000
0.000000
1.478952
0.000000
0.000000
0.000000
0.000000
0.235023
0.000000
0.000000
0.000000
0.000000
0.000000
0.000000
0.000000
0.000000
0.000000
0.000000
0.000000
0.000000
0.000000
0.000000
0.000000
0.000000
0.000000
0.000000
1.319721
0.000000
0.000000
0.000000
0.000000
0.000000
0.112157
0.000000
0.000000
0.000000
0.000000
0.000000
0.000000
0.000000
0.000000
0.502239
0.260351
0.000000
0.000000
0.000000
0.000000
0.000000
1.437720
0.000000
0.000000
0.000000
0.000000
1.704361
0.919526
1.855155
0.443604
1.055240
0.000000
0.000000
0.495933
0.000000
0.000000
0.000000
0.468570
0.000000
0.000000
0.000000
0.151156
2.911322
0.000000
1.048385
0.000000
0.000000
0.000000
0.000000
0.000000
0.797943
1.953024
0.000000
0.000000
0.000000
0.000000
0.000000
0.000000
0.000000
0.000000
0.000000
0.000000
0.000000
0.000000
1.524533
0.000000
0.000000
0.000000
0.000000
0.000000
0.000000
0.000000
0.000000
0.000000
0.000000
0.000000
0.000000
0.625476
0.000000
0.000000
0.000000
0.376762
0.000000
0.733519
0.000000
0.000000
0.152633
0.000000
0.000000
0.000000
0.000000
0.000000
0.000000
0.000000
0.563902
0.000000
0.000000
0.000000
0.000000
0.000000
0.000000
0.000000
0.000000
0.000000
0.000000
0.000000
0.000000
0.000000
0.000000
0.000000
0.000000
0.000000
0.000000
0.000000
0.000000
0.000000
0.000000
0.000000
0.000000
0.000000
0.000000
0.000000
0.000000
0.000000
0.000000
0.000000
0.000000
0.000000
0.000000
0.000000
0.000000
0.041596
0.000000
0.000000
0.242763
0.000000
1.581065
0.000000
0.000000
0.000000
0.950419
0.000000
0.000000
0.000000
0.000000
1.576731
0.120861
0.000000
0.541277
0.000000
0.000000
0.000000
0.000000
0.000000
1.946888
0.000000
0.000000
2.156721
0.086950
0.176554
0.000000
0.000000
0.000000
0.000000
0.000000
0.000000
0.000000
0.000000
0.000000
0.025632
0.000000
0.000000
0.000000
0.000000
0.000000
0.000000
0.000000
0.000000
0.000000
0.000000
0.000000
0.000000
0.000000
0.000000
0.000000
0.000000
0.000000
0.000000
0.113332
0.342528
0.000000
0.000000
0.777048
0.000000
0.000000
0.000000
0.000000
2.719449
0.157175
0.000000
0.000000
0.000000
1.773358
0.000000
0.154873
0.000000
0.000000
0.000000
0.000000
0.000000
0.000000
0.781702
0.000000
0.000000
0.000000
0.000000
0.000000
1.828047
0.180190
0.000000
0.000000
0.000000
0.000000
0.000000
0.000000
0.000000
0.000000
0.000000
0.000000
0.000000
0.355224
0.000000
0.000000
0.000000
0.777780
0.000000
0.000000
0.000000
0.494399
0.000000
0.581643
1.768218
0.000000
0.000000
0.000000
0.000000
0.000000
0.000000
0.000000
0.000000
0.000000
0.000000
0.000000
0.000000
0.000000
0.411214
0.009321
0.782587
0.000000
2.058677
0.000000
0.000000
0.000000
1.851545
0.918983
0.000000
0.000000
0.000000
0.000000
0.000000
0.000000
0.000000
0.000000
0.000000
0.000000
1.698116
0.000000
0.000000
0.000000
0.000000
0.000000
0.798983
0.621470
0.000000
0.000000
0.000000
0.000000
0.000000
0.000000
0.000000
3.137041
0.000000
0.000000
1.159997
0.000000
0.000000
0.000000
0.000000
0.000000
0.000000
0.993436
0.000000
0.000000
0.000000
0.000000
1.138718
0.000000
0.000000
0.000000
0.000000
0.000000
0.000000
0.000000
0.000000
0.000000
0.000000
1.087388
0.000000
0.000000
0.000000
0.140590
0.000000
0.000000
0.000000
0.000000
0.562092
0.000000
0.346775
0.000000
0.000000
0.000000
0.764728
0.000000
0.000000
0.000000
0.000000
0.000000
0.000000
1.276803
0.000000
0.000000
0.000000
0.000000
0.000000
0.000000
0.768389
0.000000
0.000000
0.000000
0.000000
0.000000
0.000000
0.674700
0.000000
0.100901
0.000000
0.000000
0.000000
0.000000
0.000000
0.000000
0.000000
0.000000
0.000000
0.000000
0.000000
0.000000
0.000000
0.000000
0.000000
0.000000
0.000000
0.000000
0.000000
0.000000
0.000000
0.000000
0.000000
0.153207
0.000000
0.487158
0.000000
0.000000
0.000000
0.000000
0.000000
0.000000
0.000000
0.000000
0.000000
0.000000
0.000000
0.000000
0.000000
0.000000
1.605526
0.649155
0.000000
0.000000
0.000000
0.000000
0.025538
0.088989
0.000000
0.000000
0.000000
0.000000
0.000000
0.000000
0.000000
0.000000
1.459702
0.000000
0.000000
0.000000
0.000000
0.000000
1.586067
0.000000
0.000000
0.000000
0.620060
0.000000
0.000000
0.000000
0.188251
0.416702
0.263031
0.000000
0.000000
0.000000
0.000000
0.000000
0.000000
0.701770
0.000000
0.000000
0.000000
0.000000
0.000000
0.000000
0.000000
0.000000
0.000000
0.665925
0.000000
0.000000
0.000000
0.000000
1.443947
0.000000
0.475080
0.000000
0.288263
0.000000
0.000000
0.000000
0.000000
0.000000
0.000000
1.140225
0.000000
0.000000
0.000000
0.000000
0.000000
0.000000
0.000000
0.000000
0.000000
0.000000
0.000000
0.000000
0.000000
0.000000
0.000000
0.000000
0.000000
1.093548
0.000000
0.000000
0.091794
0.000000
0.000000
0.367822
0.000000
1.082416
0.447743
0.000000
0.000000
0.000000
0.000000
0.000000
0.000000
0.000000
0.000000
0.000000
0.169156
0.000000
0.000000
0.000000
0.000000
0.000000
0.000000
0.000000
2.393038
0.000000
0.000000
0.859478
0.000000
2.274295
0.000000
0.914320
0.000000
0.000000
0.000000
0.000000
0.000000
0.000000
0.000000
0.000000
2.102940
0.000000
0.000000
0.000000
0.000000
0.000000
0.000000
0.245973
0.000000
0.749229
0.000000
0.000000
1.901210
0.000000
0.000000
0.000000
0.000000
0.000000
0.076729
0.000000
0.000000
1.383668
0.000000
0.000000
0.000000
1.522521
0.000000
0.000000
0.000000
0.000000
0.000000
0.000000
0.000000
0.000000
0.000000
0.000000
0.814255
0.000000
0.000000
0.000000
0.000000
0.000000
0.000000
0.000000
0.000000
0.000000
0.110459
0.000000
1.584127
0.109291
0.000000
0.335034
0.000000
0.000000
0.000000
0.000000
0.000000
0.000000
0.000000
0.000000
0.000000
0.000000
0.000000
0.461786
0.000000
0.637237
0.000000
0.000000
0.000000
0.000000
0.000000
0.000000
0.000000
0.000000
0.000000
0.295061
0.000000
0.000000
0.000000
0.000000
0.858328
0.000000
0.000000
0.718001
0.000000
0.000000
0.000000
0.000000
0.395168
0.000000
0.737599
0.000000
0.000000
0.000000
0.000000
0.000000
0.000000
0.000000
0.000000
0.000000
0.000000
0.000000
0.000000
0.000000
0.000000
0.000000
0.000000
1.389901
0.000000
0.074495
0.000000
0.000000
0.000000
0.000000
0.000000
0.000000
0.000000
0.000000
0.000000
0.000000
0.000000
0.000000
0.000000
0.369293
0.675306
0.000000
0.000000
0.000000
0.000000
0.000000
0.907744
0.000000
0.000000
0.000000
0.000000
0.332935
0.000000
0.000000
0.000000
0.000000
0.000000
0.730871
0.000000
0.000000
0.000000
0.000000
0.000000
0.000000
0.000000
0.000000
0.000000
0.767376
0.000000
0.000000
1.655502
0.000000
0.000000
0.000000
0.000000
0.000000
0.000000
0.000000
0.000000
0.000000
0.000000
0.000000
0.000000
0.441138
0.000000
0.000000
0.000000
1.687416
0.000000
0.387719
0.000000
0.000000
0.000000
0.000000
0.000000
0.304144
0.000000
0.000000
0.953958
0.000000
0.000000
0.000000
0.000000
0.000000
0.000000
1.437528
0.000000
0.000000
0.000000
0.000000
0.000000
0.000000
0.399329
0.000000
0.000000
0.649605
0.000000
0.000000
0.000000
0.237287
0.000000
0.000000
1.976786
0.000000
0.000000
0.000000
0.183388
0.000000
0.000000
0.000000
0.000000
0.000000
0.000000
0.000000
0.000000
0.002575
0.000000
0.000000
0.000000
0.000000
0.000000
0.314856
0.000000
0.000000
0.000000
0.000000
0.000000
0.000000
0.000000
0.000000
0.000000
0.000000
0.962528
0.000000
0.000000
2.011138
0.000000
0.000000
0.000000
0.000000
0.000000
0.000000
0.000000
0.077857
0.000000
0.777007
1.727211
0.000000
0.000000
0.000000
0.000000
0.000000
0.000000
0.000000
0.000000
0.000000
0.159398
0.000000
0.000000
0.000000
0.000000
0.000000
0.000000
0.000000
0.000000
1.198172
0.000000
0.086379
0.000000
0.000000
0.000000
0.000000
0.009053
0.000000
0.000000
0.000000
0.000000
0.000000
0.000000
0.000000
0.000000
0.000000
1.948795
0.000000
0.000000
0.000000
0.000000
0.000000
0.000000
0.000000
0.000000
0.000000
0.000000
0.779645
0.000000
0.000000
1.180883
0.000000
0.000000
0.000000
0.000000
0.000000
0.000000
0.000000
0.000000
0.000000
0.000000
1.957690
0.000000
0.000000
0.000000
0.000000
0.000000
0.000000
0.276066
0.000000
0.000000
0.897083
0.000000
0.000000
0.000000
1.052408
0.351666
0.000000
0.000000
0.000000
0.000000
0.000000
0.000000
0.000000
0.000000
0.000000
0.000000
0.000000
0.000000
0.000000
0.000000
2.347667
0.000000
0.000000
0.000000
0.000000
0.000000
0.718990
0.736946
0.000000
0.000000
0.000000
0.000000
0.000000
0.000000
0.000000
1.053210
0.000000
1.072923
0.000000
0.827171
0.000000
0.000000
0.000000
0.000000
0.000000
0.000000
0.000000
0.000000
0.000000
0.000000
0.000000
0.000000
0.409077
0.000000
0.000000
0.940842
0.000000
0.000000
0.000000
0.000000
0.000000
0.269823
0.000000
0.000000
0.000000
0.000000
0.000000
0.000000
0.000000
0.000000
0.000000
0.000000
0.000000
0.329010
0.000000
0.000000
0.000000
0.000000
0.000000
0.000000
0.000000
0.000000
0.000000
0.000000
0.000000
0.000000
0.000000
0.000000
0.000000
0.000000
0.000000
0.000000
0.000000
0.942097
0.080216
0.000000
0.334719
1.354034
0.000000
1.369488
2.206754
0.000000
0.000000
0.000000
0.607582
0.000000
0.000000
2.023449
0.000000
0.000000
0.000000
0.000000
0.000000
0.000000
0.000000
0.000000
0.000000
0.000000
0.000000
0.000000
0.000000
0.000000
0.000000
0.000000
0.000000
0.000000
0.000000
1.058035
0.489767
0.000000
0.000000
0.000000
0.000000
0.000000
0.000000
0.000000
0.000000
0.000000
0.896669
0.000000
0.000000
0.000000
0.000000
0.000000
0.000000
0.100580
0.000000
0.000000
0.000000
0.032179
0.000000
0.000000
0.181714
0.000000
0.000000
0.000000
0.000000
0.000000
0.000000
0.000000
0.000000
0.000000
0.834062
0.560259
0.000000
1.490496
0.000000
0.442052
0.000000
0.000000
0.000000
0.000000
0.000000
0.893136
0.000000
0.000000
0.000000
0.000000
0.000000
0.000000
0.000000
0.000000
0.000000
0.000000
0.000000
0.000000
0.000000
0.000000
0.000000
0.000000
0.000000
0.000000
0.000000
0.000000
0.000000
0.000000
0.000000
0.000000
0.000000
0.000000
0.000000
0.000000
0.000000
0.000000
0.000000
0.000000
0.000000
0.000000
0.000000
0.000000
1.448010
0.608083
0.000000
0.392999
0.202985
0.000000
0.299017
0.000000
1.133505
0.000000
0.000000
0.000000
0.000000
1.806152
0.000000
0.000000
0.000000
0.000000
0.000000
0.000000
0.432809
0.000000
0.000000
0.705656
0.000000
0.000000
0.412936
0.000000
0.000000
0.000000
0.000000
0.000000
1.112336
0.000000
0.000000
0.000000
0.000000
0.000000
0.000000
0.000000
0.000000
0.000000
0.490502
0.000000
0.088755
0.000000
0.000000
0.000000
0.000000
0.000000
0.000000
0.000000
1.285473
0.000000
0.000000
0.000000
0.000000
0.000000
0.000000
0.000000
0.000000
0.000000
0.000000
0.000000
0.000000
0.000000
0.000000
0.000000
0.000000
0.000000
0.350831
0.000000
0.765099
0.270842
0.000000
0.000000
0.000000
0.242107
0.000000
0.000000
0.000000
0.000000
0.000000
0.000000
0.000000
0.000000
1.130557
0.000000
0.000000
0.000000
0.000000
0.000000
1.430928
0.000000
0.000000
0.000000
0.000000
0.000000
0.000000
0.000000
1.262407
0.000000
0.000000
0.000000
0.798120
0.000000
0.091338
0.000000
0.000000
0.000000
0.000000
0.090653
0.000000
0.131065
0.000000
0.000000
0.000000
0.000000
0.000000
0.972008
0.000000
2.307523
0.000000
0.000000
0.000000
0.000000
0.709888
0.000000
0.000000
1.436465
0.000000
0.000000
0.000000
0.000000
2.527226
0.000000
0.000000
0.000000
0.000000
0.000000
2.103907
0.000000
0.000000
0.000000
0.000000
0.451347
0.000000
0.000000
0.000000
0.000000
0.000000
1.848468
0.000000
0.000000
0.885470
0.000000
2.217591
1.109308
0.000000
0.000000
0.000000
0.861712
0.000000
0.000000
1.376841
0.000000
0.000000
0.000000
0.000000
0.000000
0.413144
0.000000
0.072396
0.000000
1.315766
0.000000
0.000000
1.495271
0.000000
0.000000
0.000000
0.000000
0.000000
0.000000
0.000000
0.000000
0.754615
1.642360
0.000000
0.000000
0.250775
0.000000
0.000000
0.000000
0.000000
0.000000
0.000000
0.000000
0.000000
1.961000
0.000000
0.000000
0.000000
0.851864
0.000000
0.000000
0.000000
0.000000
0.000000
0.000000
0.000000
0.000000
0.204108
0.000000
0.000000
2.266667
0.000000
0.000000
0.000000
0.000000
0.000000
0.000000
0.000000
0.000000
0.000000
0.000000
0.000000
0.000000
0.561998
0.000000
1.307963
0.000000
0.000000
0.000000
0.000000
1.962856
0.000000
0.000000
0.000000
0.000000
0.000000
0.000000
0.000000
0.000000
0.000000
0.000000
0.040437
0.000000
0.000000
0.000000
0.299440
0.000000
0.000000
0.000000
0.000000
0.000000
0.402676
0.000000
0.000000
0.000000
0.000000
0.000000
0.000000
0.000000
0.000000
1.468455
0.000000
0.000000
0.000000
0.000000
0.099788
0.000000
2.085601
0.000000
0.000000
0.000000
0.000000
0.000000
0.000000
0.000000
0.000000
0.000000
0.000000
0.000000
0.000000
0.000000
0.000000
0.000000
0.000000
0.000000
0.000000
0.000000
0.000000
0.575994
0.000000
0.000000
0.000000
0.000000
0.000000
0.426309
0.000000
0.000000
0.000000
0.000000
0.000000
0.000000
0.000000
0.000000
0.000000
0.000000
1.493468
0.115595
0.000000
0.000000
0.000000
0.000000
0.000000
1.962628
0.000000
0.000000
1.032851
0.000000
0.000000
0.000000
0.000000
0.000000
2.359141
0.106115
0.105224
0.018115
0.696859
0.000000
0.000000
1.781006
0.000000
0.000000
0.000000
0.000000
2.359721
0.824347
0.000000
0.000000
0.000000
0.000000
0.000000
0.000000
2.829866
0.169182
0.000000
0.000000
0.006646
0.000000
0.178104
0.000000
0.587230
0.000000
0.000000
0.000000
0.000000
0.000000
0.000000
0.000000
0.000000
0.000000
0.000000
0.000000
0.000000
0.000000
0.000000
0.000000
0.000000
0.000000
0.000000
0.000000
0.000000
0.000000
0.089982
0.000000
0.000000
0.000000
0.000000
0.000000
0.905327
0.000000
2.103141
0.000000
0.000000
0.000000
0.000000
0.000000
0.000000
0.000000
0.000000
0.000000
0.000000
0.000000
0.000000
0.000000
0.307445
0.000000
0.000000
0.000000
0.498493
0.000000
0.000000
0.000000
1.107828
0.000000
0.000000
0.000000
0.000000
0.000000
0.000000
1.540964
0.000000
0.000000
0.000000
0.094925
0.000000
0.000000
0.000000
1.196598
0.000000
0.000000
0.000000
0.000000
0.000000
0.000000
0.000000
0.000000
0.000000
0.000000
0.000000
0.000000
0.000000
0.000000
0.000000
0.252674
0.000000
0.000000
0.000000
2.098737
1.612453
0.000000
1.624782
0.477402
0.000000
0.000000
1.776625
0.115355
0.000000
0.000000
0.000000
0.000000
0.000000
0.000000
0.000000
0.000000
0.000000
0.000000
0.000000
0.000000
0.000000
0.742097
0.000000
0.000000
0.000000
0.000000
0.000000
0.000000
0.000000
0.000000
0.000000
0.000000
0.000000
0.000000
0.000000
0.000000
0.000000
0.000000
0.000000
0.000000
0.000000
0.000000
0.166369
0.000000
1.986480
0.000000
0.000000
0.000000
0.000000
0.000000
0.000000
0.092152
0.000000
0.000000
0.000000
0.000000
0.000000
0.000000
0.000000
0.000000
0.000000
0.000000
0.000000
0.000000
0.000000
0.000000
0.000000
0.000000
0.000000
0.000000
0.000000
0.000000
0.000000
0.676811
0.000000
0.000000
0.000000
0.000000
0.000000
0.000000
0.000000
0.000000
0.000000
0.000000
0.500896
0.778070
1.616549
0.000000
0.000000
0.000000
0.000000
0.038020
0.000000
0.000000
0.000000
0.000000
1.579151
0.000000
0.000000
0.000000
0.153195
0.000000
0.000000
0.000000
0.000000
1.051934
0.000000
0.000000
0.000000
0.000000
0.000000
0.343674
0.000000
0.000000
0.000000
0.000000
0.000000
0.000000
0.000000
3.343430
0.000000
1.164569
0.000000
0.000000
0.000000
0.000000
0.478140
0.000000
0.000000
1.212202
0.000000
3.370050
0.000000
0.000000
0.000000
0.000000
0.000000
0.000000
0.000000
0.000000
0.000000
0.000000
0.048032
0.000000
2.285261
0.581395
0.000000
0.000000
0.000000
0.000000
0.000000
0.128051
0.830943
0.000000
0.000000
0.000000
1.067132
0.000000
0.000000
0.000000
0.102121
0.000000
0.000000
0.000000
0.000000
0.000000
0.000000
0.148299
1.531113
0.000000
0.000000
0.000000
0.000000
0.000000
0.000000
0.000000
0.000000
0.000000
1.355812
0.259031
0.000000
0.866532
0.000000
0.000000
0.000000
0.000000
0.000000
0.000000
0.000000
0.000000
1.090174
0.000000
0.247183
0.000000
0.000000
0.000000
0.000000
0.000000
0.000000
1.808479
0.000000
0.000000
0.000000
0.000000
0.000000
0.000000
0.000000
0.000000
0.000000
0.000000
0.000000
0.000000
0.000000
0.000000
0.000000
0.699357
0.000000
0.000000
0.000000
0.000000
0.000000
0.000000
0.000000
0.000000
0.750522
0.000000
0.000000
0.000000
0.000000
0.000000
0.017513
0.212962
0.000000
1.372724
0.582957
0.000000
0.000000
0.000000
0.000000
0.036554
0.000000
0.000000
0.000000
0.000000
0.000000
0.000000
0.000000
2.474568
0.000000
0.000000
0.054854
0.000000
0.000000
0.000000
0.000000
0.000000
0.000000
0.000000
0.000000
0.000000
0.000000
0.000000
0.000000
0.000000
0.000000
1.753912
0.000000
0.000000
0.611068
0.000000
0.000000
0.000000
0.000000
0.000000
0.000000
0.000000
0.000000
0.000000
0.735763
0.000000
1.551675
0.000000
0.000000
0.000000
0.000000
0.000000
0.000000
0.000000
0.000000
0.000000
0.000000
0.000000
0.000000
0.000000
3.593631
0.000000
0.000000
0.174722
0.000000
0.040432
0.000000
0.135071
0.000000
0.000000
0.000000
0.952460
0.000000
0.000000
0.000000
2.142463
2.101061
0.000000
0.000000
0.000000
0.000000
2.041430
0.000000
0.000000
0.000000
0.000000
0.338601
0.000000
0.000000
0.000000
0.000000
0.241883
0.247969
0.000000
0.000000
0.000000
1.741737
0.000000
2.248939
0.000000
0.000000
1.229276
0.000000
0.000000
0.000000
0.000000
0.000000
0.000000
0.609862
0.000000
0.000000
0.000000
0.000000
0.000000
1.518525
0.000000
0.000000
0.000000
0.000000
0.000000
0.000000
0.000000
0.000000
