0.000000
0.000000
0.000000
0.000000
0.000000
0.000000
0.923756
0.000000
0.000000
1.346398
0.000000
0.000000
1.395683
0.000000
0.000000
0.000000
0.000000
0.000000
0.000000
0.000000
0.000000
0.000000
0.000000
0.000000
0.000000
2.454925
0.000000
0.000000
0.000000
0.678668
0.632502
0.000000
0.000000
0.000000
2.416140
0.000000
0.000000
0.000000
0.000000
0.000000
0.433543
0.000000
0.000000
0.000000
1.409339
2.411482
2.449671
0.875443
0.051637
0.000000
0.000000
0.000000
0.000000
0.000000
0.866181
0.000000
0.000000
0.000000
0.537356
0.000000
0.000000
0.000000
1.218939
0.000000
0.000000
0.662731
0.000000
0.000000
0.000000
0.000000
0.000000
0.000000
0.000000
0.000000
0.011308
1.706773
0.000000
3.080181
0.000000
0.000000
0.000000
0.000000
0.000000
0.000000
0.000000
0.627236
0.000000
1.214268
0.000000
0.000000
0.000000
0.230874
1.359147
0.000000
0.966738
0.000000
0.000000
0.000000
0.000000
2.054013
0.000000
0.319429
0.000000
0.000000
3.392548
0.573432
0.692869
0.000000
0.807965
0.000000
0.000000
0.000000
0.000000
3.482029
0.000000
0.000000
0.000000
0.000000
0.000000
0.000000
0.000000
0.000000
0.000000
1.560761
0.000000
0.000000
0.000000
0.000000
0.000000
0.000000
0.000000
0.000000
0.000000
0.000000
0.000000
0.016439
3.704944
0.000000
0.000000
0.000000
0.000000
1.000659
1.687767
0.629484
0.000000
0.000000
0.000000
0.000000
0.000000
0.000000
0.000000
0.622616
0.000000
1.369808
0.000000
0.000000
0.000000
0.000000
0.000000
0.000000
0.000000
0.000000
0.000000
1.173608
0.000000
0.000000
0.000000
0.169045
0.000000
0.653987
0.000000
0.000000
0.000000
0.000000
0.000000
0.218663
0.044770
0.000000
0.000000
0.000000
0.000000
1.608335
0.000000
0.000000
0.000000
0.000000
0.000000
2.518184
0.000000
0.000000
3.775810
0.000000
0.000000
0.000000
0.000000
1.513128
1.872315
0.201865
0.000000
0.000000
0.000000
0.000000
0.314923
0.000000
0.000000
0.000000
0.334102
1.375939
1.436564
1.207072
0.000000
0.000000
0.000000
0.000000
0.000000
0.000000
3.271975
0.358873
0.000000
0.000000
0.000000
0.000000
0.000000
0.000000
0.000000
1.057241
4.015779
0.110757
0.375130
0.000000
0.000000
0.000000
0.000000
0.000000
0.000000
0.000000
0.000000
0.000000
2.324011
1.325185
1.180596
0.383864
0.067889
0.000000
0.576959
0.644018
0.000000
0.000000
0.000000
0.000000
0.000000
0.000000
0.000000
2.454553
0.000000
0.000000
0.000000
0.000000
0.000000
0.000000
0.000000
0.000000
0.000000
0.000000
0.000000
0.000000
0.000000
0.000000
3.025604
0.000000
2.678720
0.000000
0.191951
0.000000
0.000000
0.000000
0.000000
0.000000
0.000000
0.000000
0.000000
0.000000
0.000000
0.000000
0.094671
0.000000
0.000000
0.000000
0.000000
0.000000
0.000000
0.000000
0.000000
0.000000
0.000000
0.000000
0.000000
0.000000
1.817030
0.985701
0.000000
0.000000
0.000000
0.279774
0.000000
0.000000
1.033648
0.000000
0.000000
0.000000
0.000000
0.000000
0.664627
0.858650
0.000000
0.000000
0.000000
0.000000
0.000000
0.000000
5.043542
0.000000
0.000000
0.000000
0.000000
0.000000
0.000000
0.000000
0.000000
0.000000
0.000000
0.502363
1.428985
2.227695
0.016835
0.000000
1.921031
1.012558
0.765872
0.000000
0.000000
0.000000
0.666618
0.000000
0.000000
0.000000
0.000000
0.501079
0.000000
0.448771
0.000000
1.481818
0.362475
0.000000
0.000000
0.000000
0.093938
0.000000
0.000000
1.062166
0.394352
0.085081
0.862817
0.000000
0.000000
0.123102
0.000000
0.000000
0.000000
1.500228
0.000000
0.000000
0.000000
0.000000
0.000000
0.224909
0.000000
0.000000
0.000000
0.000000
0.000000
0.000000
0.000000
0.000000
0.303687
0.000000
0.000000
0.000000
0.000000
0.000000
1.837522
0.000000
1.209219
0.000000
0.000000
0.000000
2.010258
0.000000
0.000000
0.000000
0.000000
0.000000
0.142847
0.000000
0.000000
0.006542
0.000000
0.000000
0.000000
0.695180
0.000000
0.000000
0.000000
0.000000
0.000000
0.000000
0.000000
0.278039
0.000000
0.000000
0.008431
0.000000
0.043795
0.000000
2.413658
0.000000
0.000000
0.000000
0.231867
0.000000
0.039312
1.502145
0.252014
0.000000
0.000000
0.000000
0.000000
0.000000
0.000000
0.000000
0.000000
1.385790
0.000000
0.000000
0.000000
3.677747
0.000000
0.000000
0.000000
0.000000
0.000000
0.250255
0.000000
0.000000
0.000000
0.984936
0.000000
0.000000
0.000000
0.112580
0.713432
0.000000
0.000000
0.000000
0.209038
0.000000
0.000000
0.000000
0.000000
0.000000
0.000000
0.478672
0.000000
1.029971
0.000000
0.000000
0.230968
2.981217
0.000000
0.000000
0.000000
1.949850
3.570839
0.000000
0.000000
0.000000
0.000000
0.000000
0.148991
0.000000
0.000000
0.000000
0.000000
0.000000
0.000000
0.000000
0.000000
0.000000
0.000000
2.127377
0.000000
0.000000
0.000000
0.000000
0.000000
0.000000
0.000000
0.000000
0.149359
0.000000
0.264073
0.000000
0.000000
0.000000
0.000000
0.000000
0.000000
0.000000
0.000000
0.000000
0.879106
0.157230
0.000000
0.000000
0.000000
3.589007
0.000000
3.987035
0.000000
0.000000
0.000000
0.000000
0.000000
0.000000
1.409104
0.000000
0.133843
0.000000
0.000000
0.000000
0.000000
0.000000
0.000000
0.000000
0.000000
0.000000
0.000000
0.000000
0.000000
0.000000
1.323976
0.000000
0.000000
0.000000
2.937140
1.648645
0.000000
0.000000
0.000000
0.000000
0.000000
0.000000
0.000000
0.000000
2.734233
0.000000
0.000000
0.000000
1.879186
1.792955
0.000000
0.000000
0.000000
0.000000
0.512655
0.000000
0.864627
2.443163
0.000000
2.930972
0.000000
0.000000
0.263692
0.000000
0.000000
0.000000
0.517565
0.000000
0.000000
0.675637
0.000000
0.000000
0.000000
0.000000
1.269615
0.000000
0.000000
0.000000
0.000000
0.000000
0.000000
0.904184
0.000000
0.000000
0.000000
0.000000
0.096789
0.000000
0.000000
0.000000
2.035213
0.000000
0.000000
0.000000
0.000000
0.000000
0.180220
0.000000
0.000000
0.000000
0.000000
0.976222
0.000000
0.000000
0.930643
0.000000
0.000000
0.446880
0.000000
0.000000
0.302494
0.000000
0.000000
0.000000
0.000000
1.383222
0.435858
0.000000
0.000000
0.000000
0.000000
0.414911
0.000000
0.000000
0.769955
0.000000
0.000000
0.000000
1.951016
0.000000
1.971498
2.511730
0.000000
0.000000
0.000000
0.000000
0.000000
0.000000
0.313846
0.000000
0.000000
0.000000
0.000000
0.000000
0.000000
0.975453
0.995197
0.000000
1.262439
3.340034
0.000000
0.000000
0.000000
0.000000
0.000000
0.000000
0.000000
0.000000
1.685133
0.000000
0.000000
0.862368
0.000000
0.000000
0.000000
0.000000
0.000000
0.000000
0.000000
0.000000
0.000000
0.000000
0.000000
0.000000
0.141011
1.924150
0.000000
0.000000
4.098102
0.000000
0.000000
0.000000
0.000000
0.185073
0.000000
0.000000
0.000000
0.174626
0.000000
0.000000
0.000000
0.000000
0.409191
0.000000
0.000000
0.190745
0.617080
0.000000
0.000000
1.059157
0.000000
0.000000
0.000000
0.000000
0.556544
0.000000
0.344005
1.574224
0.000000
0.000000
0.496477
0.000000
0.000000
0.000000
0.000000
0.000000
0.000000
0.000000
2.280270
0.000000
0.000000
0.653780
0.000000
0.000000
0.000000
0.000000
0.000000
0.000000
0.000000
0.000000
0.000000
0.000000
0.000000
0.000000
0.000000
0.000000
0.000000
0.000000
0.753973
0.108162
1.606598
0.000000
0.000000
0.000000
2.292307
0.959378
0.000000
0.000000
0.000000
0.000000
0.000000
0.000000
0.000000
0.000000
0.393732
0.000000
0.000000
0.000000
0.000000
0.000000
0.000000
0.000000
0.072381
0.439503
0.000000
0.000000
0.000000
0.000000
0.000000
0.000000
0.000000
0.000000
0.000000
0.000000
0.000000
0.000000
1.139975
0.000000
0.000000
0.000000
0.000000
0.000000
0.000000
0.000000
0.000000
0.000000
0.000000
0.000000
0.000000
0.000000
0.000000
0.000000
0.000000
0.749893
0.393458
0.000000
0.000000
0.998430
0.000000
0.000000
1.635753
1.242853
1.927534
0.000000
0.000000
0.000000
0.000000
0.000000
0.261533
0.000000
0.000000
0.000000
2.229017
0.000000
0.000000
0.000000
0.000000
3.383417
0.000000
1.032231
0.000000
0.000000
0.343808
0.000000
0.000000
0.146184
0.000000
0.000000
0.000000
0.000000
0.000000
0.312702
0.000000
0.101072
0.000000
0.283053
0.061968
0.000000
0.000000
0.000000
0.000000
0.000000
0.000000
0.000000
0.891316
1.748960
0.000000
0.000000
0.000000
0.511552
0.000000
0.257417
2.042455
0.000000
0.000000
0.000000
0.000000
0.000000
2.632344
0.000000
0.000000
0.000000
0.000000
0.000000
0.000000
0.000000
0.000000
1.874413
0.078102
0.000000
1.711421
0.000000
0.578605
0.000000
0.000000
0.959017
0.000000
0.000000
0.193901
0.000000
0.000000
0.000000
1.674780
0.000000
0.000000
0.000000
0.000000
0.000000
0.000000
0.000000
2.797796
0.000000
0.000000
0.000000
0.000000
0.000000
0.000000
0.000000
0.000000
0.000000
0.000000
0.000000
0.000000
0.000000
0.000000
1.514547
0.000000
0.000000
0.000000
0.000000
2.027924
0.388380
0.000000
0.000000
0.000000
0.000000
0.000000
1.203843
0.000000
0.000000
0.000000
0.000000
0.000000
0.000000
0.000000
0.369005
0.000000
0.000000
0.000000
1.386311
0.000000
0.000000
0.000000
0.000000
0.156405
0.000000
0.000000
3.218599
0.000000
0.000000
0.000000
0.850314
0.000000
0.000000
0.000000
0.000000
0.000000
0.000000
0.000000
0.679890
0.000000
0.000000
0.000000
0.015343
0.000000
0.000000
0.318637
0.000000
0.000000
0.000000
0.083629
0.000000
0.000000
0.000000
0.000000
0.000000
0.000000
0.000000
0.000000
0.000000
0.000000
0.000000
0.000000
0.000000
0.000000
0.000000
0.000000
0.350750
0.000000
0.000000
0.000000
0.000000
0.000000
0.073720
0.000000
0.000000
0.537426
0.000000
0.000000
0.000000
0.000000
0.000000
0.000000
0.000000
0.000000
0.000000
0.000000
0.000000
0.000000
0.000000
0.000000
0.000000
0.000000
0.000000
0.000000
0.000000
0.000000
1.832360
0.000000
0.286761
0.000000
0.000000
0.000000
0.387410
0.000000
2.940374
0.668062
0.000000
1.046949
0.000000
0.441669
0.000000
0.000000
0.000000
2.590225
0.000000
0.000000
0.357637
0.000000
0.000000
0.000000
0.000000
0.000000
0.000000
1.955857
0.000000
0.000000
0.000000
0.000000
0.000000
0.821818
0.000000
0.000000
0.000000
1.018607
0.000000
0.000000
0.000000
0.000000
0.000000
0.000000
0.000000
0.000000
0.000000
0.000000
0.000000
0.000000
0.000000
0.000000
0.000000
0.000000
0.000000
0.000000
0.000000
0.368572
0.000000
0.991129
1.123483
0.000000
0.000000
0.000000
0.240868
0.000000
0.000000
0.606093
0.000000
0.000000
0.000000
0.807046
1.116843
0.000000
0.000000
0.870000
0.000000
0.000000
0.000000
0.000000
0.000000
0.000000
0.000000
0.000000
0.000000
1.249099
0.640711
0.000000
0.000000
0.000000
0.000000
0.000000
0.357497
1.498852
0.000000
0.000000
0.000000
0.000000
0.000000
1.057453
1.866438
1.744898
0.000000
0.000000
0.000000
0.812908
0.000000
0.000000
2.313200
0.000000
0.000000
0.000000
0.000000
0.018166
0.000000
0.000000
0.000000
0.000000
0.000000
0.000000
0.000000
0.000000
0.000000
0.000000
0.000000
0.000000
0.000000
0.000000
0.000000
0.980517
0.000000
0.000000
0.000000
0.073412
0.000000
0.000000
0.000000
0.729716
1.347386
0.000000
0.000000
0.000000
0.000000
0.000000
0.000000
0.000000
1.222567
0.000000
0.000000
0.000000
0.000000
0.000000
0.000000
0.000000
0.255910
0.000000
1.701077
0.000000
0.000000
0.000000
0.000000
0.119850
0.000000
0.000000
1.009331
0.565109
0.000000
0.000000
1.053197
0.000000
0.000000
0.000000
0.000000
1.346066
0.000000
0.000000
0.000000
0.000000
1.603019
0.000000
0.000000
0.000000
0.000000
0.000000
0.484535
0.000000
0.000000
1.125620
0.000000
0.000000
0.887388
0.000000
0.000000
0.000000
0.000000
0.000000
3.929600
0.784923
0.000000
0.681298
0.000000
0.000000
0.000000
0.000000
0.000000
0.000000
0.000000
1.372626
0.000000
0.000000
0.000000
0.000000
0.000000
0.000000
0.791926
0.000000
0.464524
1.971840
1.282872
0.000000
0.000000
0.000000
0.492980
0.000000
0.868492
0.000000
0.206258
0.000000
0.689787
0.000000
0.000000
0.000000
3.546882
0.000000
0.000000
1.527573
0.000000
0.000000
0.000000
0.000000
0.000000
0.000000
0.679797
0.000000
0.000000
0.000000
0.000000
0.000000
0.000000
0.416138
2.374834
0.000000
0.000000
0.000000
0.000000
0.000000
1.259867
0.000000
0.000000
0.000000
0.000000
0.000000
0.000000
0.000000
0.000000
0.000000
0.000000
0.000000
2.039984
0.000000
0.000000
0.000000
0.000000
0.000000
0.674167
0.272767
0.000000
0.000000
0.000000
0.000000
0.000000
0.285081
0.000000
0.000000
0.000000
0.000000
0.000000
0.223677
0.000000
0.000000
0.000000
0.000000
0.000000
0.273085
0.000000
0.000000
1.334010
0.000000
0.174986
0.000000
0.000000
0.000000
0.000000
0.000000
0.000000
0.901240
0.000000
0.000000
0.000000
0.887721
0.000000
0.000000
0.000000
0.000000
0.000000
0.000000
0.000000
0.000000
0.298744
0.000000
0.000000
0.000000
0.000000
0.000000
0.000000
0.000000
0.000000
0.000000
0.000000
0.000000
0.000000
0.000000
0.000000
0.000000
0.000000
0.000000
0.417798
2.171759
0.551020
0.000000
0.000000
0.689579
0.000000
0.000000
0.000000
0.000000
0.000000
0.000000
0.000000
0.098060
0.000000
0.000000
0.000000
0.000000
0.000000
0.000000
0.000000
0.000000
0.000000
0.000000
0.000000
0.000000
0.161704
0.000000
0.000000
0.000000
0.000000
0.000000
0.000000
0.000000
0.000000
0.000000
0.000000
0.245791
0.000000
0.000000
0.000000
0.000000
0.000000
0.000000
0.000000
0.642200
0.000000
0.000000
0.000000
0.803537
0.000000
0.000000
0.000000
0.000000
0.000000
0.000000
0.000000
0.000000
0.285673
0.000000
0.000000
0.000000
0.000000
0.000000
0.000000
0.000000
0.000000
0.000000
0.000000
0.000000
0.000000
0.000000
1.633002
0.000000
0.000000
0.000000
0.000000
0.000000
1.328943
0.000000
0.000000
0.000000
2.840977
0.132949
0.000000
0.994241
0.000000
0.000000
0.000000
2.258332
0.654441
0.000000
0.000000
0.000000
0.000000
0.000000
0.000000
0.000000
0.000000
0.000000
0.000000
0.000000
0.000000
0.000000
0.000000
0.000000
0.000000
0.000000
1.892245
0.000000
0.000000
0.000000
0.000000
0.302670
0.000000
0.000000
0.074784
0.000000
0.000000
0.000000
2.796383
0.000000
0.000000
0.000000
0.000000
0.000000
0.000000
0.000000
0.000000
0.000000
0.000000
0.000000
0.000000
0.000000
1.616859
0.000000
0.000000
0.000000
0.000000
2.774085
0.000000
0.000000
0.000000
0.000000
0.000000
0.000000
0.000000
0.000000
0.000000
0.000000
0.000000
0.000000
0.032815
0.000000
0.000000
0.000000
0.000000
0.000000
0.000000
0.000000
0.000000
0.000000
0.000000
0.000000
0.000000
0.000000
0.719018
0.000000
0.000000
0.000000
1.108811
0.000000
1.611929
1.343573
0.000000
1.540126
0.000000
0.000000
0.643465
0.000000
0.000000
2.993587
0.000000
0.000000
0.000000
0.000000
0.000000
0.000000
0.000000
0.000000
0.000000
0.000000
0.000000
0.000000
0.000000
1.152387
0.000000
0.000000
0.000000
0.000000
0.000000
0.000000
0.000000
0.000000
0.000000
0.000000
0.000000
0.000000
0.000000
1.907104
0.000000
0.000000
0.000000
0.101300
1.512747
0.000000
0.058912
0.000000
0.000000
0.000000
0.000000
0.000000
0.000000
0.000000
0.000000
0.000000
0.000000
0.000000
0.000000
0.000000
0.000000
0.000000
0.000000
0.000000
0.000000
0.000000
0.000000
0.000000
0.000000
0.000000
0.000000
0.000000
0.000000
0.000000
0.000000
0.878960
0.000000
0.000000
0.036367
0.000000
0.000000
0.000000
0.000000
0.000000
0.158504
0.000000
0.000000
0.000000
1.583491
0.000000
0.000000
0.000000
0.000000
0.000000
1.399060
0.717959
0.318127
0.000000
3.044208
0.000000
0.000000
0.000000
0.000000
0.000000
0.000000
0.000000
1.168689
0.000000
0.000000
0.651969
0.000000
0.128265
0.000000
0.000000
0.939054
0.000000
1.170909
0.000000
0.000000
0.000000
0.000000
0.000000
0.000000
0.000000
0.000000
0.365241
0.000000
0.000000
0.000000
0.000000
1.221075
0.776006
0.000000
0.000000
0.000000
0.682590
0.000000
0.000000
0.000000
0.000000
0.000000
0.000000
0.183672
0.000000
0.000000
0.306994
1.425458
0.000000
0.000000
0.000000
0.000000
0.000000
0.000000
0.000000
0.000000
0.000000
0.000000
0.000000
0.000000
0.000000
0.000000
0.000000
0.000000
0.068828
0.000000
0.000000
0.000000
0.000000
0.000000
0.000000
0.000000
0.000000
0.000000
0.000000
0.000000
0.133509
0.000000
0.000000
0.000000
0.000000
0.000000
0.000000
0.000000
0.000000
0.000000
0.000000
0.000000
0.000000
0.000000
0.000000
0.000000
0.000000
0.000000
0.501662
0.914124
0.419908
0.000000
0.000000
0.000000
0.000000
0.303457
0.000000
0.000000
1.064483
0.000000
0.000000
1.137307
0.000000
0.000000
0.090743
0.000000
0.000000
0.000000
0.000000
0.000000
4.038433
0.000000
0.000000
0.000000
1.754297
0.000000
0.000000
0.000000
0.000000
0.000000
0.000000
0.000000
0.000000
0.598340
0.000000
0.000000
0.000000
0.838573
0.000000
0.000000
0.000000
0.000000
0.000000
0.000000
0.000000
0.000000
1.744759
0.540884
0.000000
0.000000
0.883893
0.000000
0.000000
0.000000
0.000000
0.000000
0.000000
0.000000
0.000000
0.000000
0.000000
1.791472
0.000000
0.000000
0.000000
2.840613
0.000000
0.000000
0.000000
0.000000
1.209919
1.238091
0.000000
0.165947
0.000000
0.000000
0.000000
0.000000
0.000000
0.000000
0.000000
4.232262
0.000000
0.575972
0.639605
0.000000
0.000000
0.000000
0.000000
0.964078
0.000000
0.000000
4.865748
0.000000
0.000000
0.000000
0.000000
0.000000
0.000000
0.000000
0.000000
0.961525
0.000000
0.000000
0.000000
0.000000
0.000000
0.000000
0.000000
1.674707
0.000000
0.000000
0.000000
0.000000
0.108568
0.000000
0.000000
0.000000
0.000000
0.000000
2.531896
0.000000
0.000000
0.160596
0.000000
0.000000
0.000000
1.341857
0.000000
0.000000
0.000000
0.000000
0.000000
0.000000
0.000000
0.531525
0.000000
0.000000
0.000000
0.000000
0.000000
0.000000
0.000000
0.001192
0.000000
0.000000
0.000000
1.089289
0.252208
0.000000
0.000000
0.000000
1.094526
0.902361
0.000000
1.767048
1.304069
0.000000
0.000000
0.000000
0.850350
0.000000
0.000000
0.095149
0.000000
0.098303
1.503502
0.000000
0.000000
0.819835
0.000000
0.000000
0.000000
0.000000
0.902024
0.000000
0.000000
0.000000
3.043777
0.000000
0.232498
0.000000
0.000000
0.000000
0.000000
0.000000
0.000000
0.000000
0.000000
0.000000
0.802973
0.000000
0.000000
0.000000
0.000000
0.000000
0.000000
1.429580
0.577016
0.000000
1.772325
0.000000
0.056880
0.000000
0.000000
0.000000
0.000000
0.000000
0.000000
0.000000
0.000000
0.000000
0.000000
0.000000
1.116088
1.375590
0.000000
0.000000
0.000000
0.000000
0.000000
0.000000
0.000000
0.000000
0.000000
0.520274
0.508318
0.000000
1.098998
0.000000
2.018033
0.000000
0.000000
0.000000
0.000000
0.000000
0.000000
0.392947
0.000000
0.860530
0.000000
0.000000
0.000000
1.302217
0.000000
0.000000
0.000000
0.000000
0.000000
0.000000
0.000000
0.000000
0.000000
0.000000
0.000000
0.000000
0.000000
0.000000
0.000000
0.000000
0.000000
0.000000
0.928676
0.000000
0.000000
0.000000
0.000000
1.909470
0.000000
0.000000
0.000000
0.000000
0.000000
0.000000
0.000000
0.227558
0.000000
0.000000
0.000000
0.000000
0.000000
0.901605
0.183029
0.000000
0.019725
0.000000
0.000000
2.677217
0.000000
0.000000
0.800576
1.629363
0.000000
0.000000
0.000000
0.000000
0.000000
0.000000
0.000000
1.848084
0.000000
0.000000
0.000000
0.000000
0.000000
0.000000
0.000000
0.000000
0.000000
0.000000
0.000000
0.495198
0.535244
0.000000
0.000000
1.630878
0.000000
0.000000
0.000000
0.000000
0.000000
0.000000
2.021469
0.802657
0.000000
0.438894
0.000000
0.000000
0.000000
0.000000
0.000000
0.000000
0.000000
0.000000
0.000000
0.000000
0.000000
0.000000
0.000000
0.000000
0.000000
0.000000
0.000000
0.000000
0.079140
0.000000
0.000000
0.000000
0.000000
0.000000
0.000000
0.000000
0.000000
0.000000
0.133018
1.291666
0.000000
0.000000
0.000000
0.000000
0.000000
0.000000
0.000000
0.583853
0.000000
0.000000
0.000000
0.000000
0.000000
0.000000
0.000000
0.000000
0.000000
1.866348
0.000000
0.000000
0.000000
0.805845
0.000000
0.000000
0.000000
0.000000
1.606808
0.944527
2.971954
0.000000
3.583945
0.798049
0.000000
3.080217
0.000000
0.000000
0.000000
1.564087
0.000000
0.000000
0.000000
0.000000
0.039953
0.000000
0.000000
0.000000
0.000000
1.568813
0.000000
0.000000
0.000000
0.000000
0.000000
0.000000
0.000000
0.840255
0.000000
0.000000
0.000000
0.000000
0.000000
0.000000
0.000000
0.000000
0.000000
0.000000
0.000000
0.000000
0.000000
0.000000
0.000000
1.305253
0.000000
0.000000
0.000000
0.000000
0.000000
0.000000
0.128555
0.000000
0.000000
0.000000
0.469028
0.000000
0.000000
1.326302
0.000000
0.000000
0.000000
0.000000
0.000000
1.493828
0.000000
0.000000
0.000000
0.000000
0.000000
0.133145
0.000000
0.000000
0.000000
0.000000
0.000000
0.000000
0.943910
0.291393
0.466967
0.000000
0.000000
0.000000
0.000000
0.000000
1.186233
0.000000
0.000000
0.000000
1.341726
0.000000
0.000000
1.289315
0.861802
0.000000
0.000000
0.000000
0.000000
2.139966
0.000000
2.211594
0.000000
0.139675
2.284960
0.000000
0.000000
1.541138
0.034701
0.000000
1.984620
0.000000
0.000000
0.000000
0.000000
0.000000
0.000000
0.757776
0.000000
0.000000
1.777633
0.000000
0.000000
0.000000
1.061188
0.819078
1.739666
0.000000
0.000000
0.275266
0.000000
0.000000
2.169591
0.209703
0.125803
0.000000
0.000000
0.000000
0.000000
1.820620
0.580227
0.000000
0.000000
0.000000
0.000000
0.000000
0.000000
0.000000
0.000000
0.000000
0.175576
0.000000
0.000000
0.000000
0.000000
0.000000
2.449108
0.000000
0.000000
0.000000
0.000000
0.284388
0.532392
1.866213
2.636045
0.000000
0.000000
0.000000
0.000000
0.000000
0.000000
0.000000
0.000000
0.000000
0.000000
0.000000
0.000000
2.750947
0.000000
1.287975
0.000000
0.000000
0.000000
0.000000
1.530834
0.000000
0.600554
0.000000
0.000000
0.000000
0.000000
0.000000
0.000000
1.494436
0.647879
0.000000
0.693194
0.000000
0.000000
0.000000
0.000000
0.000000
0.000000
0.000000
0.000000
0.000000
0.000000
0.076748
2.332336
0.000000
0.000000
0.000000
0.000000
0.000000
0.000000
0.000000
0.000000
0.000000
0.621609
0.000000
0.000000
1.190633
0.000000
0.000000
0.000000
0.000000
0.822592
0.000000
0.702962
0.447736
0.000000
0.592584
0.000000
0.000000
0.000000
0.000000
0.000000
0.000000
0.000000
0.000000
1.065592
0.000000
0.000000
0.000000
0.000000
0.000000
0.672252
0.000000
0.000000
0.000000
0.000000
0.000000
0.000000
0.000000
0.000000
0.174750
0.000000
0.000000
0.000000
0.000000
0.000000
0.000000
0.000000
0.000000
0.000000
0.810814
0.000000
0.000000
0.000000
1.170978
0.000000
2.976669
0.000000
0.000000
0.000000
0.000000
0.000000
0.000000
0.000000
0.000000
0.000000
0.000000
0.000000
2.004770
0.000000
0.000000
0.000000
0.000000
0.031734
0.947026
0.000000
0.000000
2.600642
0.000000
0.980233
0.000000
0.000000
0.000000
0.000000
0.000000
0.000000
0.000000
0.000000
0.000000
0.427212
0.000000
0.000000
0.000000
0.000000
0.000000
0.000000
0.000000
0.000000
0.000000
1.075533
0.000000
0.000000
0.000000
0.000000
0.000000
0.000000
0.000000
0.000000
0.000000
0.385210
0.000000
0.000000
0.622427
0.000000
0.060011
0.000000
0.000000
0.984139
0.000000
0.000000
0.000000
0.186162
2.251949
0.000000
0.271936
0.000000
0.000000
0.000000
0.000000
0.000000
0.000000
0.000000
0.000000
0.000000
0.000000
0.000000
0.000000
2.449120
0.098051
0.000000
0.000000
0.000000
0.000000
0.000000
0.000000
0.000000
0.158487
0.000000
0.000000
0.000000
0.268349
0.000000
0.000000
0.000000
0.343407
0.000000
0.000000
0.000000
2.109032
0.000000
2.390715
3.073468
0.000000
0.000000
0.000000
0.124903
0.000000
0.000000
0.000000
0.000000
0.000000
0.000000
1.091604
0.000000
0.418137
0.955760
0.958001
0.485788
0.000000
1.605499
0.000000
0.000000
0.000000
0.000000
0.000000
0.000000
0.000000
0.000000
0.000000
0.000000
1.364157
0.756687
0.000000
0.000000
0.000000
0.613791
0.000000
0.000000
0.133699
0.000000
0.000000
0.797004
1.458720
0.000000
0.000000
0.000000
0.000000
0.000000
0.000000
0.000000
0.180446
0.000000
0.000000
0.426089
0.000000
0.000000
0.000000
0.000000
0.000000
0.000000
0.168092
0.000000
0.000000
1.075938
0.000000
0.678798
0.000000
0.000000
0.000000
0.000000
0.000000
0.000000
0.000000
0.000000
0.000000
0.000000
2.008020
0.000000
0.657653
0.000000
0.000000
0.000000
0.327170
0.000000
0.000000
0.194473
0.000000
0.744173
0.000000
0.000000
0.000000
1.409963
0.000000
0.000000
0.000000
0.000000
0.000000
0.000000
1.176646
0.000000
0.000000
0.000000
1.788042
0.000000
1.539264
1.851825
0.000000
0.000000
0.091970
0.000000
0.000000
0.000000
0.000000
0.000000
0.000000
0.000000
0.000000
0.000000
0.864387
0.000000
0.000000
1.858132
0.000000
0.000000
0.000000
0.515608
0.000000
0.000000
0.000000
0.000000
0.000000
0.003233
0.000000
0.754464
0.000000
0.300981
0.000000
0.000000
0.708667
0.000000
0.183423
1.238578
0.000000
0.000000
1.360278
0.000000
0.000000
0.000000
0.155412
0.000000
0.000000
0.000000
0.000000
0.000000
0.000000
0.000000
0.000000
0.000000
0.000000
0.000000
0.000000
0.000000
0.000000
0.000000
0.000000
0.000000
0.000000
0.000000
0.069037
0.000000
0.000000
0.000000
0.000000
0.083336
0.000000
0.000000
0.000000
0.000000
0.000000
0.206253
0.000000
0.508586
0.643270
0.000000
0.000000
1.482570
0.000000
0.000000
0.000000
0.000000
0.000000
0.000000
0.000000
0.000000
4.627959
0.478872
0.000000
0.000000
0.000000
0.000000
1.445792
0.000000
0.000000
0.000000
0.711361
0.000000
0.000000
0.000000
0.000000
0.000000
0.000000
0.012389
0.000000
0.000000
0.000000
0.000000
0.000000
0.000000
0.000000
1.269947
0.000000
0.000000
0.000000
0.000000
0.000000
0.000000
3.303480
0.000000
0.320632
0.280705
0.000000
0.267498
0.159372
0.000000
0.000000
2.039099
0.000000
0.000000
0.000000
0.000000
0.000000
0.000000
0.000000
0.000000
0.739440
0.000000
0.000000
0.000000
0.052127
0.000000
0.000000
0.000000
0.000000
0.000000
0.000000
0.000000
0.000000
1.729727
0.000000
0.556655
0.163541
0.000000
0.000000
0.000000
0.000000
2.376986
0.000000
0.000000
2.015594
0.000000
0.144535
0.000000
4.035887
0.092263
0.000000
0.000000
0.000000
0.000000
0.000000
0.000000
0.000000
0.741680
0.000000
1.091045
0.000000
0.000000
0.000000
0.000000
0.000000
0.000000
0.000000
0.000000
0.000000
2.930618
0.000000
2.263024
0.000000
0.000000
0.000000
0.973777
0.145047
0.000000
3.283772
0.000000
0.433234
0.815201
0.873782
0.000000
0.006062
0.986993
0.000000
0.000000
0.000000
0.000000
0.000000
0.000000
0.000000
1.506403
0.000000
0.000000
0.000000
0.000000
0.000000
0.000000
0.000000
0.000000
0.000000
0.000000
0.000000
0.000000
0.306606
0.000000
0.132476
0.000000
0.000000
0.000000
0.000000
0.000000
0.000000
0.000000
0.000000
0.000000
0.000000
0.000000
0.842105
0.000000
1.060817
0.000000
0.000000
2.116961
0.000000
0.000000
0.000000
1.914748
0.107726
0.000000
0.000000
0.000000
0.000000
0.000000
0.000000
0.000000
0.000000
0.000000
1.010944
0.000000
0.000000
0.000000
0.000000
1.377434
0.000000
0.000000
0.000000
0.000000
0.000000
0.000000
0.000000
0.004844
0.000000
0.000000
0.000000
0.000000
0.616630
0.000000
0.000000
0.000000
0.000000
0.000000
2.413676
0.000000
0.000000
0.000000
0.000000
0.000000
0.000000
0.000000
0.000000
0.000000
0.000000
0.000000
0.000000
0.000000
0.000000
0.000000
1.094171
1.040521
0.000000
0.000000
0.000000
0.000000
0.000000
0.346713
1.089260
0.000000
0.000000
0.000000
0.168373
0.000000
0.000000
0.000000
0.000000
0.503392
0.000000
0.000000
0.000000
0.000000
0.000000
0.000000
1.300288
0.000000
0.000000
0.919706
2.684602
0.000000
0.000000
0.459544
0.000000
0.000000
0.000000
0.000000
1.065639
0.000000
0.040199
0.000000
0.686444
0.000000
0.000000
0.000000
2.151768
2.394270
0.000000
0.000000
2.141430
0.000000
0.000000
0.000000
0.000000
0.000000
0.000000
0.000000
0.000000
0.000000
0.000000
0.000000
0.000000
0.000000
0.000000
0.000000
0.000000
0.000000
0.685321
0.595954
0.000000
0.000000
0.000000
0.000000
0.000000
0.979451
0.000000
0.000000
0.282236
0.000000
0.000000
0.000000
0.000000
0.000000
1.088706
2.365915
0.000000
0.411278
0.000000
2.136853
0.000000
0.000000
1.506245
0.000000
0.000000
0.000000
0.000000
0.000000
0.025430
0.000000
0.000000
0.000000
0.037431
0.000000
0.657277
0.000000
0.005464
0.000000
0.000000
0.000000
0.000000
0.000000
0.000000
0.000000
0.000000
2.753677
0.000000
0.000000
2.015399
0.037355
0.000000
0.000000
0.000000
0.000000
0.191524
0.000000
0.000000
0.000000
0.000000
0.425479
0.000000
0.000000
0.000000
0.000000
0.000000
0.000000
0.000000
0.000000
0.000000
0.887161
0.000000
0.000000
0.000000
0.000000
0.000000
0.000000
0.716302
0.000000
0.453682
0.000000
0.293287
0.000000
0.000000
0.000000
0.000000
0.000000
0.000000
0.000000
0.000000
0.000000
0.000000
0.000000
0.000000
0.000000
0.000000
0.128770
0.179436
0.000000
0.000000
0.236378
0.000000
0.000000
0.000000
0.000000
0.000000
0.000000
2.912025
0.000000
0.000000
0.570243
0.280007
0.000000
0.000000
0.000000
0.000000
0.000000
0.000000
0.000000
0.000000
0.000000
1.770006
0.000000
0.000000
0.000000
0.000000
0.000000
0.000000
1.307585
0.000000
0.000000
1.466117
0.000000
0.000000
0.000000
1.261947
0.164273
0.000000
0.000000
0.000000
0.000000
0.000000
0.000000
0.000000
2.844316
0.402468
0.000000
0.000000
0.000000
0.000000
0.000000
0.235779
0.000000
0.359259
0.994576
0.000000
0.000000
1.284752
0.000000
0.000000
0.000000
1.934646
0.000000
0.000000
1.550794
0.000000
0.000000
0.789153
0.066889
0.000000
0.799474
0.000000
0.000000
0.000000
0.000000
0.000000
0.000000
0.000000
0.000000
0.000000
0.696877
0.000000
1.543344
0.000000
0.000000
0.000000
0.000000
0.000000
0.000000
0.000000
0.000000
0.000000
1.496883
0.000000
0.000000
1.581903
0.000000
0.000000
0.000000
0.000000
0.000000
0.000000
0.000000
0.000000
0.000000
0.755124
0.000000
0.000000
0.146444
0.000000
1.576076
0.000000
0.000000
0.000000
0.000000
0.000000
0.000000
0.000000
0.000000
0.000000
0.000000
0.000000
0.000000
0.000000
0.368591
0.000000
0.000000
0.000000
0.000000
0.000000
1.542068
0.036246
0.000000
0.000000
0.000000
0.000000
0.000000
0.000000
1.136890
0.000000
0.000000
0.000000
0.000000
0.000000
0.000000
0.000000
0.958416
0.254062
0.000000
0.000000
0.000000
0.000000
0.000000
0.000000
0.000000
0.349581
0.000000
0.000000
0.000000
0.000000
0.000000
0.000000
0.000000
0.000000
0.000000
0.000000
0.000000
0.157108
0.000000
0.000000
0.000000
0.033404
1.318631
0.000000
0.000000
0.000000
0.696647
0.000000
0.000000
0.000000
0.176670
0.000000
0.000000
0.207157
0.000000
0.000000
0.459076
0.000000
0.000000
0.000000
0.000000
0.000000
0.000000
0.000000
0.000000
0.000000
3.162142
0.000000
0.539830
0.000000
0.000000
2.000020
0.000000
3.524515
2.420876
0.000000
0.726150
0.000000
0.000000
0.000000
0.000000
0.000000
0.000000
0.000000
0.000000
0.000000
0.000000
0.000000
0.000000
1.541942
0.000000
0.000000
0.216607
0.000000
0.000000
0.000000
0.000000
0.000000
0.000000
0.000000
0.000000
0.000000
0.000000
0.000000
0.000000
0.000000
0.000000
0.000000
0.000000
0.000000
0.000000
0.625990
0.000000
0.000000
2.534203
0.000000
0.000000
0.000000
0.000000
0.000000
0.000000
0.000000
0.000000
0.000000
2.418826
2.329275
0.000000
0.000000
0.000000
0.000000
0.000000
0.000000
0.000000
0.000000
0.000000
0.000000
0.000000
0.847234
0.485975
0.000000
0.000000
1.685026
0.000000
0.602964
0.837064
0.000000
0.000000
0.000000
0.000000
0.000000
0.000000
0.000000
0.813935
2.519504
0.000000
0.000000
0.000000
0.000000
0.000000
0.000000
0.000000
0.000000
0.047812
0.000000
0.000000
0.000000
0.000000
0.000000
0.000000
0.000000
0.000000
0.000000
0.000000
0.000000
0.000000
0.000000
0.000000
0.000000
0.000000
0.000000
0.000000
0.000000
0.000000
0.000000
0.000000
0.505172
0.000000
0.000000
0.000000
0.076193
0.000000
0.000000
0.000000
0.000000
1.099370
0.000000
0.000000
1.249169
0.000000
0.000000
0.045946
0.000000
0.000000
0.658471
0.000000
0.000000
0.000000
0.000000
0.000000
0.000000
0.000000
0.000000
0.018259
0.000000
0.000000
0.000000
0.000000
0.327729
0.000000
0.000000
0.000000
0.060762
0.796898
0.000000
0.000000
0.000000
0.000000
1.180616
0.000000
0.000000
0.000000
0.409338
0.000000
0.000000
0.000000
0.000000
0.326309
0.406081
0.000000
0.000000
1.788312
0.000000
0.000000
2.810615
0.000000
1.329242
0.000000
0.000000
0.000000
0.000000
0.000000
0.014785
0.000000
0.000000
0.000000
0.000000
0.412180
0.000000
0.000000
0.000000
0.000000
0.000000
2.566969
0.000000
0.000000
1.106342
0.000000
1.284840
0.579656
0.000000
0.000000
0.172724
0.000000
0.000000
0.000000
0.000000
0.000000
0.000000
0.000000
0.000000
0.000000
0.647871
0.000000
0.000000
0.000000
3.380417
0.000000
0.000000
0.060860
0.000000
0.000000
0.000000
0.000000
0.000000
1.223644
0.000000
0.000000
0.680802
1.464657
0.000000
0.000000
0.697714
0.809964
0.000000
0.000000
0.000000
0.000000
0.000000
0.897749
0.000000
3.752283
0.000000
0.000000
0.000000
0.000000
0.000000
0.429676
0.000000
0.000000
0.000000
0.000000
0.000000
0.000000
0.000000
0.000000
0.000000
3.188803
0.305867
1.542844
0.000000
0.000000
0.000000
0.000000
0.000000
0.000000
0.000000
0.000000
0.000000
0.467159
0.000000
0.000000
2.373278
0.000000
0.000000
0.000000
0.000000
0.455064
0.000000
0.028764
0.000000
1.790954
0.000000
0.000000
0.000000
0.802588
0.000000
0.000000
0.000000
0.000000
0.000000
0.000000
1.078601
0.000000
0.000000
0.000000
0.000000
0.000000
0.000000
0.000000
0.000000
0.000000
0.000000
0.000000
0.000000
0.000000
0.000000
0.250730
0.637685
0.000000
0.000000
0.000000
0.445862
0.000000
0.000000
0.000000
0.000000
0.000000
0.000000
0.980870
0.000000
0.000000
0.000000
0.000000
0.000000
0.000000
0.000000
0.820405
0.000000
0.000000
0.000000
0.000000
0.000000
0.143803
0.564172
0.255881
0.000000
0.000000
0.000000
0.000000
0.000000
0.548953
0.000000
0.000000
0.000000
0.000000
0.000000
0.000000
0.000000
0.000000
0.000000
0.000000
0.037965
0.777155
0.000000
0.000000
0.000000
0.000000
0.000000
0.445419
0.000000
0.000000
1.431478
0.000000
0.000000
0.000000
0.000000
0.563984
1.443549
2.870163
1.024498
0.000000
0.000000
0.000000
0.000000
0.911870
0.000000
0.000000
0.000000
0.000000
2.664270
2.070287
0.000000
0.000000
0.000000
0.000000
0.000000
0.000000
3.962596
0.000000
0.000000
0.313386
0.000000
0.505262
0.759400
0.000000
0.000000
0.000000
0.000000
0.000000
0.000000
0.000000
0.000000
0.000000
0.000000
0.000000
0.000000
0.000000
0.000000
0.000000
0.000000
0.000000
2.868248
0.000000
0.000000
0.000000
0.000000
2.940254
0.742416
0.000000
0.000000
0.040476
0.000000
0.000000
0.000000
0.000000
1.008305
0.000000
0.000000
0.000000
1.790528
0.000000
0.000000
0.000000
0.000000
0.000000
0.000000
0.000000
0.000000
0.000000
0.000000
0.000000
0.000000
0.000000
0.192362
0.000000
0.273588
0.000000
1.497083
0.000000
0.000000
0.000000
0.000000
0.000000
0.000000
2.426384
0.000000
0.000000
0.000000
0.785757
0.000000
0.376768
0.000000
3.049187
0.000000
0.000000
0.000000
0.000000
0.000000
0.000000
2.415134
0.577102
0.000000
0.000000
0.108996
0.000000
0.000000
0.000000
0.000000
1.033429
0.000000
0.000000
0.000000
0.000000
1.717420
0.000000
0.818467
1.002673
0.000000
0.000000
2.191014
0.000000
0.000000
0.000000
0.000000
0.000000
0.250825
0.000000
0.000000
0.000000
0.000000
0.000000
1.295185
0.000000
0.000000
0.937212
0.000000
0.000000
0.000000
0.000000
0.000000
0.000000
0.000000
0.000000
0.000000
0.000000
0.000000
0.000000
0.000000
0.614560
0.000000
0.000000
0.000000
0.000000
0.000000
0.000000
0.000000
0.000000
0.617435
0.000000
0.700326
0.000000
0.000000
0.000000
1.693969
0.000000
0.000000
0.000000
0.000000
0.000000
0.000000
0.000000
3.072982
0.000000
0.000000
0.000000
0.000000
0.000000
0.000000
0.867765
0.000000
0.000000
0.000000
0.000000
0.000000
0.452875
0.000000
0.108843
0.000000
0.000000
0.000000
0.000000
0.000000
0.000000
0.000000
0.000000
0.000000
0.000000
0.000000
1.957754
2.685330
0.000000
0.000000
0.000000
0.194998
0.000000
0.000000
0.000000
0.000000
0.000000
0.000000
0.000000
0.000000
0.502795
0.000000
0.000000
0.000000
0.533490
0.000000
0.761733
0.000000
0.000000
0.000000
0.000000
2.724309
2.183739
0.000000
0.000000
0.000000
0.000000
0.000000
0.000000
0.000000
4.146855
0.000000
0.429851
0.000000
0.000000
0.000000
0.000000
0.194406
0.000000
0.000000
0.000000
0.000000
0.000000
0.636762
0.000000
0.000000
0.000000
1.119946
0.000000
0.000000
0.000000
0.000000
0.000000
1.387401
0.000000
1.860610
0.000000
0.000000
0.000000
0.000000
0.000000
0.000000
0.000000
3.819396
0.000000
0.000000
0.000000
0.000000
0.560586
0.000000
0.000000
0.000000
0.000000
0.000000
0.000000
0.000000
0.000000
0.000000
0.000000
0.639809
0.000000
0.000000
0.000000
0.000000
0.000000
0.000000
0.000000
0.000000
0.000000
0.748364
0.000000
0.000000
0.000000
0.000000
0.000000
0.000000
0.000000
0.329427
0.000000
0.000000
0.455035
0.226534
0.000000
0.239296
0.000000
0.000000
0.045925
0.000000
0.000000
0.000000
2.655902
0.000000
0.000000
0.000000
0.000000
0.000000
0.000000
0.000000
0.000000
0.000000
0.000000
0.000000
0.386662
0.000000
0.000000
0.000000
1.424680
0.000000
0.000000
2.175714
0.027769
0.778413
0.000000
0.000000
0.000000
0.255132
0.000000
0.000000
0.000000
0.000000
0.000000
0.000000
0.833234
0.075169
0.088611
0.000000
0.982555
0.000000
0.688542
0.207159
0.000000
0.000000
0.000000
0.000000
0.000000
0.000000
1.550601
0.000000
3.068214
0.000000
0.000000
0.000000
0.000000
0.000000
0.000000
0.000000
0.000000
0.000000
0.000000
0.000000
0.000000
0.000000
0.000000
0.000000
0.000000
0.000000
0.491930
0.000000
0.000000
0.000000
0.820533
0.000000
0.000000
0.441028
0.000000
0.000000
0.000000
0.000000
0.000000
0.000000
0.000000
0.000000
0.000000
0.000000
0.000000
0.000000
0.000000
0.000000
0.000000
0.000000
0.000000
0.000000
0.000000
0.000000
0.000000
3.097652
0.000000
0.000000
0.459588
0.000000
0.000000
0.000000
0.000000
0.000000
0.000000
0.000000
0.000000
0.000000
0.000000
0.000000
0.000000
2.445524
0.000000
0.000000
0.000000
0.000000
2.425109
0.000000
0.000000
0.000000
0.000000
0.000000
0.000000
0.000000
0.000000
0.000000
0.065850
0.201711
0.000000
0.000000
0.000000
0.000000
0.000000
1.016119
0.000000
0.000000
0.000000
0.000000
0.307613
0.000000
0.000000
0.000000
0.000000
0.000000
0.000000
0.000000
0.000000
0.000000
0.000000
3.596399
0.000000
0.000000
0.000000
0.000000
0.913640
0.000000
0.000000
0.000000
