0.491182
0.000000
0.000000
0.000000
0.000000
0.000000
1.142486
0.000000
0.000000
0.535569
0.000000
0.000000
2.296419
0.000000
0.000000
0.000000
0.000000
0.000000
0.000000
0.000000
0.000000
0.000000
0.000000
0.037525
0.234828
2.006337
0.000000
0.000000
0.000000
1.938851
0.000000
0.000000
0.000000
0.000000
0.000000
0.655962
0.000000
0.000000
0.000000
0.000000
0.686068
0.710568
0.000000
0.000000
0.615845
0.000000
0.000000
0.202615
0.000000
0.000000
0.000000
0.000000
0.000000
0.000000
0.000000
0.728751
0.000000
0.000000
0.000000
0.000000
0.000000
0.000000
0.638016
0.000000
1.323967
0.000000
0.000000
0.000000
0.000000
0.000000
0.000000
0.000000
0.000000
0.000000
0.000000
0.058705
0.000000
1.710402
0.000000
0.000000
0.518866
0.000000
0.000000
0.444790
0.000000
1.638013
0.000000
0.416414
0.000000
0.000000
0.000000
0.219289
0.691726
0.000000
0.146742
0.000000
0.000000
0.000000
0.514111
0.803156
0.000000
0.000000
0.000000
0.000000
0.000000
0.000000
0.000000
0.000000
0.000000
0.370616
0.000000
0.000000
0.000000
0.401643
0.000000
0.000000
0.000000
0.000000
0.000000
0.213222
0.000000
0.000000
0.000000
0.300475
0.000000
0.695194
0.000000
0.000000
0.000000
0.000000
0.000000
0.000000
0.115445
0.000000
0.000000
0.000000
1.757970
0.000000
0.000000
0.000000
0.514875
2.482749
0.679699
0.359230
0.000000
0.000000
0.000000
0.000000
0.000000
0.000000
1.149611
0.613724
0.444995
0.478638
0.006794
0.000000
0.514488
0.000000
0.000000
0.000000
0.000000
0.000000
0.424929
0.000000
0.387123
0.000000
0.000000
0.185804
0.000000
0.485055
0.620574
0.243379
0.000000
0.142892
0.000000
0.540198
0.000000
0.518315
0.000000
1.516790
0.000000
1.015395
0.000000
0.000000
0.000000
0.000000
0.000000
0.000000
0.000000
0.000000
1.246212
0.000000
0.000000
0.000000
0.000000
1.070024
0.130221
1.315011
0.037393
0.000000
0.000000
0.000000
0.430460
0.000000
0.000000
0.000000
1.154405
0.000000
0.780791
0.000000
0.000000
0.000000
0.308702
0.000000
0.000000
0.000000
1.512405
0.000000
0.000000
0.000000
0.000000
0.000000
0.000000
0.000000
0.000000
0.000000
2.864624
1.338387
0.699335
1.202647
0.000000
0.000000
0.000000
0.000000
0.000000
0.000000
0.000000
0.000000
0.000000
0.530812
0.000000
0.000000
0.000000
0.000000
0.382887
2.439425
0.000000
0.000000
0.000000
0.000000
0.000000
0.810049
0.000000
0.000000
0.000000
0.000000
0.000000
0.370133
0.000000
0.054567
0.000000
0.000000
0.000000
0.000000
0.673634
0.502265
0.000000
0.000000
0.000000
0.000000
1.406661
0.000000
0.000000
0.000000
0.000000
0.000000
0.000000
0.000000
0.000000
0.722320
0.000000
0.000000
0.000000
0.000000
0.286045
1.140895
0.000000
0.000000
0.000000
0.000000
0.417459
0.060141
0.000000
0.000000
0.000000
0.000000
0.000000
0.000000
1.459924
0.923874
0.000000
0.000000
0.678255
0.000000
0.000000
0.000000
0.976664
0.000000
0.000000
0.000000
0.000000
0.000000
0.158098
0.000000
0.000000
0.000000
0.000000
0.306322
0.000000
0.000000
2.640465
0.000000
0.000000
0.000000
0.606280
0.000000
0.409101
0.000000
0.000000
0.000000
0.000000
1.234300
0.000000
1.542448
1.430024
0.000000
0.000000
0.451054
0.000000
0.000000
0.000000
0.000000
0.000000
0.503377
0.000000
0.000000
0.000000
0.000000
0.000000
0.000000
0.088205
0.360183
1.007331
0.000000
0.000000
0.000000
0.377127
0.000000
0.000000
0.000000
0.000000
0.000000
0.791771
0.076325
0.000000
1.564102
0.000000
0.000000
0.185070
0.415935
0.000000
0.000000
0.000000
0.461296
0.000000
0.000000
0.000000
0.000000
0.000000
0.000000
0.000000
0.000000
0.000000
0.000000
1.045085
0.679596
0.000000
0.000000
0.000000
0.000000
0.702771
0.000000
1.367802
0.000000
0.000000
0.000000
0.039916
0.000000
0.680618
0.292149
0.915074
0.000000
0.000000
0.000000
0.000000
0.000000
0.000000
0.346097
0.077854
0.257514
0.000000
0.000000
0.000000
0.000000
0.000000
0.000000
1.472448
1.598688
0.000000
0.000000
0.000000
0.353335
0.259538
0.000000
0.996111
0.000000
1.675085
0.000000
0.000000
0.000000
0.000000
0.247293
0.000000
0.213670
0.000000
0.000000
0.000000
0.000000
0.000000
0.000000
0.000000
0.000000
0.631454
0.000000
0.000000
0.000000
0.188799
0.000000
0.597501
0.000000
0.000000
2.674663
0.000000
0.000000
0.000000
1.222286
0.038688
0.000000
0.000000
0.638445
1.042149
0.000000
0.000000
0.000000
0.649880
0.000000
0.000000
0.946613
0.000000
0.000000
0.000000
0.000000
0.000000
0.000000
0.000000
0.000000
0.000000
1.462466
0.000000
0.778122
0.000000
0.859656
0.000000
0.000000
0.000000
0.391994
0.167414
0.000000
0.000000
0.000000
0.000000
1.544344
1.899648
0.000000
1.038038
0.000000
0.000000
0.000000
0.000000
0.000000
0.000000
0.000000
0.000000
0.000000
0.000000
0.695137
0.000000
0.963281
1.248154
0.000000
0.500907
0.000000
0.212202
0.000000
0.000000
0.000000
0.000000
0.000000
0.000000
0.000000
0.000000
0.000000
0.000000
1.474813
0.000000
0.597197
0.000000
1.619263
0.000000
0.000000
0.000000
0.000000
0.000000
0.000000
0.000000
0.000000
0.000000
0.251426
0.000000
0.105864
0.000000
0.000000
0.000000
0.000000
0.841196
0.000000
0.000000
0.000000
0.000000
0.000000
0.000000
1.255233
0.000000
0.000000
0.000000
0.548755
0.367995
0.000000
0.223620
0.480463
0.000000
0.000000
0.000000
0.000000
0.000000
0.000000
0.000000
0.000000
0.869701
0.000000
0.000000
0.000000
0.000000
0.412989
0.938068
0.283650
2.273863
0.000000
0.000000
0.000000
0.000000
0.000000
0.649101
1.736026
0.000000
0.539467
0.059361
0.000000
0.000000
0.000000
0.000000
0.000000
0.325143
0.000000
0.000000
0.000000
0.000000
0.000000
0.000000
1.171912
0.393309
0.696596
0.000000
0.000000
0.060270
0.000000
0.887603
2.459854
0.000000
0.000000
2.474435
2.087582
0.000000
0.000000
0.000000
0.955831
1.733987
0.000000
0.000000
0.000000
2.601363
0.000000
0.000000
0.361678
0.190884
0.380295
0.000000
1.109491
0.000000
0.745515
0.000000
0.000000
0.000000
0.000000
0.000000
0.000000
0.000000
0.000000
1.077253
0.000000
0.000000
0.000000
1.364300
0.000000
0.000000
0.000000
0.000000
0.000000
0.052517
0.000000
0.275166
1.049368
0.000000
0.000000
0.367535
0.000000
0.000000
0.000000
0.000000
0.000000
1.429582
0.000000
0.000000
0.000000
0.375236
0.000000
2.965731
0.000000
0.000000
2.456453
0.000000
0.000000
0.000000
0.000000
0.000000
0.000000
0.000000
0.000000
0.000000
0.000000
0.000000
0.435694
0.000000
0.077913
0.000000
0.000000
0.000000
0.000000
1.034698
1.676794
0.000000
0.000000
0.000000
0.000000
0.000000
0.000000
0.000000
0.000000
0.000000
0.000000
0.000000
0.000000
0.000000
0.225431
0.000000
0.000000
0.000000
0.076910
0.673740
0.000000
1.317419
0.000000
0.000000
0.000000
0.000000
0.000000
0.149708
0.000000
0.147862
0.000000
0.000000
0.838519
0.085330
0.000000
0.405482
0.000000
0.916414
0.000000
0.000000
0.000000
0.000000
1.438672
0.000000
0.000000
0.000000
0.000000
0.098694
0.356300
0.000000
0.000000
0.000000
0.000000
0.000000
0.000000
0.000000
0.000000
0.000000
0.000000
0.000000
0.000000
0.000000
0.520778
0.196368
0.000000
0.000000
0.000000
0.047042
0.000000
0.000000
0.337525
0.000000
0.000000
0.000000
0.000000
0.000000
0.000000
0.289604
0.000000
0.239868
0.008000
0.000000
0.690445
0.000000
0.000000
0.000000
0.000000
0.000000
0.000000
0.000000
0.000000
0.000000
0.041471
0.000000
0.000000
0.370118
0.000000
0.000000
0.000000
0.000000
0.000000
0.000000
0.000000
0.000000
0.000000
0.000000
0.000000
0.000000
0.000000
0.000000
0.000000
0.000000
0.000000
0.000000
0.440024
0.000000
0.485167
0.000000
0.000000
0.000000
0.000000
0.000000
1.465070
0.000000
0.000000
0.847834
1.046992
0.000000
0.000000
0.000000
0.000000
0.000000
0.000000
0.000000
0.000000
0.009785
0.000000
0.000000
0.000000
0.000000
0.000000
0.151859
0.000000
0.000000
2.408262
0.000000
0.091114
0.000000
0.000000
0.879413
0.000000
0.324932
0.000000
0.082964
0.000000
0.000000
0.000000
0.000000
0.000000
0.000000
0.000000
0.000000
0.000000
0.000000
0.000000
0.000000
0.978851
0.000000
0.000000
0.000000
0.000000
0.000000
0.519833
0.000000
0.000000
0.000000
0.000000
0.000000
0.000000
0.000000
0.000000
0.000000
0.000000
2.689536
0.208978
0.000000
1.744391
1.341435
0.000118
1.562528
0.000000
0.000000
0.000000
0.000000
0.000000
0.000000
0.239243
0.810875
0.851601
0.000000
1.515447
0.827675
0.000000
0.000000
0.000000
0.000000
0.000000
0.000000
0.000000
0.000000
0.000000
0.000000
0.000000
0.000000
0.000000
0.000000
0.000000
0.000000
0.000000
0.000000
0.000000
1.147350
0.000000
0.000000
1.603948
0.853824
0.000000
0.000000
0.118962
0.000000
0.000000
0.101697
0.822777
0.481576
0.000000
0.000000
0.000000
0.000000
0.000000
0.000000
0.000000
0.000000
0.000000
0.000000
0.000000
0.000000
1.594563
0.037170
1.684254
0.651044
0.000000
0.000000
0.108859
0.377170
0.773043
0.000000
1.024527
0.000000
0.000000
0.000000
0.634895
1.610054
2.270812
1.038889
0.000000
0.000000
0.000000
0.000000
0.000000
0.000000
1.227596
0.000000
0.679336
0.000000
0.000000
2.776812
0.000000
0.518514
0.000000
0.197106
0.000000
0.000000
0.273290
0.000000
0.000000
0.000000
0.000000
0.000000
0.000000
0.636136
0.000000
0.000000
0.000000
0.000000
0.000000
0.000000
0.000000
0.000000
0.710192
0.000000
0.000000
0.000000
0.000000
0.000000
0.000000
0.000000
0.000000
0.000000
0.000000
0.000000
0.394092
0.000000
0.000000
0.000000
0.000000
0.000000
0.000000
0.000000
0.000000
0.000000
0.000000
0.000000
0.000000
0.000000
0.000000
0.403618
0.000000
0.000000
0.000000
0.000000
0.000000
0.000000
0.696126
0.000000
0.000000
0.000000
0.000000
0.000000
0.000000
0.000000
0.000000
0.000000
0.000000
0.000000
0.808658
0.000000
1.343551
0.000000
0.769020
1.182832
1.508008
0.000000
0.000000
0.000000
0.000000
2.795485
0.129774
0.000000
0.000000
0.000000
0.858345
0.073006
0.000000
0.000000
0.500302
0.000000
0.000000
0.000000
0.000000
0.000000
0.189412
0.000000
0.923995
0.000000
0.000000
0.634695
0.000000
0.000000
0.000000
0.000000
0.000000
0.000000
0.000000
0.549763
0.000000
0.000000
0.000000
0.000000
0.000000
0.000000
0.745521
0.000000
0.000000
0.000000
0.000000
1.868237
0.000000
0.000000
0.520324
0.000000
0.000000
0.000000
0.000000
0.000000
0.340692
0.488582
0.000000
1.122775
0.000000
0.000000
0.000000
0.166166
0.000000
0.000000
0.000000
0.000000
0.246007
0.000000
0.000000
0.000000
0.697977
2.109138
0.000000
0.000000
0.000000
0.087583
0.000000
0.000000
0.000000
0.000000
0.000000
0.000000
0.000000
0.000000
0.000000
0.000000
0.000000
1.295322
0.633461
0.537960
0.000000
0.000000
0.000000
0.000000
0.005114
1.313761
0.000000
0.000000
0.000000
0.000000
0.000000
0.000000
0.187412
2.622694
0.252246
0.000000
0.000000
0.109731
0.000000
0.000000
0.000000
0.000000
0.000000
0.050874
0.000000
0.000000
0.000000
0.000000
0.000000
0.000000
0.000000
0.778569
0.000000
0.000000
0.000000
0.458893
0.000000
0.000000
0.000000
0.514971
0.526691
0.000000
0.000000
0.000000
1.074435
0.000000
0.000000
0.000000
0.000000
0.000000
0.000000
0.000000
0.000000
0.000000
0.000000
0.000000
0.000000
0.000000
0.000000
0.325178
0.000000
0.000000
0.000000
0.000000
0.000000
0.000000
1.286360
0.000000
0.000000
0.000000
0.000000
0.000000
0.000000
0.000000
0.000000
0.000000
0.000000
0.000000
0.000000
0.000000
1.127020
0.000000
0.000000
0.000000
0.000000
0.000000
0.000000
0.000000
1.201047
0.000000
0.000000
0.485144
0.000000
0.206928
0.683512
0.324099
0.000000
0.000000
0.000000
0.000000
0.700274
0.000000
0.000000
0.000000
0.000000
1.325675
0.000000
0.000000
0.000000
0.000000
0.000000
0.000000
0.450334
0.000000
0.350915
2.213615
1.192389
0.000000
0.987924
0.000000
0.000000
0.000000
0.000000
0.197978
0.000000
0.000000
0.619290
0.000000
0.000000
0.000000
2.332337
0.000000
0.000000
0.000000
0.000000
0.000000
0.000000
0.000000
0.000000
0.057746
0.000000
0.000000
0.000000
0.000000
0.669645
0.000000
0.104628
1.149184
1.464098
0.000000
0.000000
0.661908
0.000000
0.000000
1.922660
0.000000
0.000000
0.000000
0.000000
0.000000
0.000000
0.000000
0.000000
0.000000
0.000000
0.000000
1.057925
0.000000
0.000000
0.000000
0.000000
0.589137
0.779009
0.000000
0.000000
0.000000
0.000000
0.000000
0.000000
0.057890
0.000000
0.000000
1.004802
0.000000
0.000000
0.000000
0.000000
0.000000
0.000000
0.000000
0.000000
0.700783
0.325399
0.000000
0.000000
0.000000
0.020249
0.000000
1.083868
0.000000
0.000000
0.000000
0.223282
0.382246
0.000000
0.000000
0.000000
0.000000
0.173002
0.000000
0.000000
0.000000
0.000000
1.003548
0.000000
0.000000
0.569267
0.000000
0.523154
0.000000
0.033591
0.200877
0.000000
0.000000
0.181276
0.000000
0.000000
0.000000
0.000000
0.000000
0.306507
0.000000
0.000000
0.000000
0.985442
0.000000
0.000000
0.000000
1.464385
2.045983
0.000000
0.000000
0.000000
0.000000
0.000000
0.000011
0.000000
0.000000
0.000000
0.000000
0.000000
0.000000
0.000000
0.000000
1.489985
0.000000
0.757891
0.000000
0.000000
0.016206
0.000000
0.000000
0.000000
0.000000
0.000000
0.000000
0.000000
0.000000
0.000000
0.328325
0.000000
0.000000
0.363579
0.000000
0.305226
0.543914
0.000000
0.074246
3.006414
0.292612
0.000000
0.000000
0.000000
0.067300
0.000000
0.000000
0.000000
0.000000
0.626693
0.000000
0.000000
0.868705
0.000000
0.000000
0.000000
0.000000
0.000000
0.000000
0.000000
0.000000
0.000000
0.000000
0.000000
0.000000
0.000000
0.000000
0.840563
0.000000
0.000000
0.000000
0.000000
0.000000
0.000000
0.000000
0.576674
0.650855
0.000000
0.718448
0.000000
0.609345
0.000000
0.000000
0.000000
0.000000
0.000000
0.893804
0.000000
0.000000
0.000000
0.000000
0.000000
0.000000
0.000000
0.000000
0.000000
1.534850
0.000000
0.000000
0.000000
0.000000
0.000000
0.000000
0.000000
0.000000
0.867551
0.349225
1.079828
0.000000
0.266014
0.000000
0.734017
0.419475
0.000000
0.006270
0.000000
0.000000
0.000000
0.000000
1.256874
0.000000
0.000000
2.350561
0.000000
1.096739
0.000000
0.000000
0.000000
0.000000
1.164631
0.000000
0.000000
0.000000
1.074759
1.862982
0.000000
0.000000
1.579861
0.000000
0.000000
0.000000
0.000000
0.000000
0.000000
0.000000
0.000000
0.000000
0.000000
0.000000
0.000000
0.000000
2.471342
0.000000
0.771811
0.000000
0.000000
0.000000
0.000000
0.000000
0.000000
0.000000
0.000000
0.019045
0.000000
0.000000
1.712734
0.000000
1.231341
0.000000
0.000000
0.000000
0.000000
0.000000
0.000000
0.000000
0.000000
1.131546
0.000000
0.000000
0.000000
0.000000
0.000000
0.000000
0.000000
0.000000
0.000000
0.000000
0.000000
0.000000
0.000000
0.000000
0.000000
0.000000
0.000000
0.784920
0.000000
0.000000
0.000000
0.000000
0.000000
0.000000
0.072433
0.000000
0.000000
1.119294
0.000000
0.000000
0.000000
0.776485
0.588934
0.000000
0.000000
0.000000
0.000000
0.000000
0.000000
0.000000
0.000000
0.000000
1.867009
0.764755
0.000000
0.000000
0.161220
0.338515
0.000000
0.000000
0.000000
0.000000
0.000000
0.000000
0.000000
0.000000
0.000000
0.000000
0.000000
0.591137
0.000000
0.000000
0.000000
0.000000
0.000000
0.744234
0.000000
0.000000
0.000000
0.000000
0.000000
0.000000
0.000000
0.000000
0.000000
0.000000
0.000000
0.000000
0.000000
0.000000
0.704222
0.000000
1.684729
0.566436
0.266964
0.186597
1.055217
0.000000
1.682922
0.000000
0.000000
0.000000
0.000000
0.000000
1.387900
0.000000
0.000000
0.000000
0.000000
0.000000
0.000000
0.000000
0.000000
0.000000
0.173776
0.000000
0.000000
0.000000
0.000000
0.000000
0.000000
0.000000
0.000000
0.000000
0.000000
0.000000
0.000000
0.000000
0.000000
0.000000
0.000000
0.043114
0.000000
0.086199
0.000000
0.000000
0.000000
0.000000
0.000000
1.155000
0.000000
0.000000
0.000000
0.826177
0.000000
0.275299
0.000000
0.476457
0.326286
0.000000
0.000000
0.000000
0.000000
0.000000
2.177014
0.027884
0.000000
0.000000
0.000000
0.000000
0.000000
0.000000
0.000000
0.476740
0.420886
0.000000
0.000000
1.599218
0.000000
1.130806
1.566746
0.000000
0.000000
2.134507
0.000000
0.000000
0.000000
0.000000
0.000000
0.000000
0.000000
0.038808
0.000000
0.384056
0.473580
0.000000
0.000000
0.000000
1.097085
0.000000
0.000000
0.921575
1.361151
0.000000
0.000000
0.000000
0.000000
0.000000
0.000000
0.000000
0.758948
2.189653
0.000000
0.000000
0.401197
0.000000
1.062562
0.000000
1.121701
0.000000
0.000000
0.000000
0.000000
0.854620
0.000000
0.000000
0.725101
0.625564
0.000000
0.000000
0.000000
0.000000
0.000000
0.000000
0.359640
0.000000
0.000000
0.000000
0.000000
0.000000
0.000000
0.000000
0.000000
0.000000
0.000000
0.000000
0.000000
0.000000
0.000000
0.000000
0.000000
1.089393
0.000000
0.000000
0.000000
0.000000
0.332594
0.000000
3.103666
0.962728
0.038831
0.000000
0.642761
0.000000
0.733445
0.000000
0.000000
0.000000
0.199298
0.000000
0.000000
2.807186
0.123847
0.000000
0.000000
1.292887
2.579861
0.000000
0.000000
0.684014
0.000000
0.000000
0.000000
0.574248
0.000000
0.000000
0.000000
0.000000
0.000000
0.000000
0.000000
0.000000
0.000000
0.000000
0.000000
3.148008
0.000000
1.901249
0.000000
0.000000
0.000000
0.000000
0.674069
0.285577
0.256330
0.000000
0.000000
0.000000
0.000000
0.374213
0.048224
0.000000
1.377233
1.340074
0.778037
0.899444
0.000000
0.000000
0.000000
0.000000
0.000000
0.624961
1.665153
1.120526
0.000000
0.000000
0.000000
0.000000
0.000000
0.000000
0.000000
0.000000
0.000000
0.000000
0.000000
0.000000
0.000000
0.000000
0.571228
0.000000
0.000000
0.000000
0.354572
0.000000
0.000000
0.000000
0.000000
0.000000
0.000000
0.000000
0.000000
0.000000
0.212934
0.000000
0.118975
1.848577
0.377023
0.000000
0.000000
0.000000
0.628127
0.000000
0.000000
0.761208
0.000000
0.158783
0.000000
0.000000
0.000000
0.000000
0.000000
0.000000
0.499218
0.000000
0.000000
0.000000
0.327301
0.000000
0.213643
0.000000
0.322645
0.000000
0.000000
0.000000
0.000000
0.000000
0.000000
0.000000
0.000000
0.000000
0.000000
0.424306
0.000000
1.280254
0.000000
0.000000
0.000000
0.463078
0.000000
0.000000
0.047383
0.000000
0.000000
1.611270
0.000000
0.000000
0.000000
0.000000
0.000000
0.000000
0.000000
0.000000
0.000000
0.000000
0.283279
0.000000
0.000000
0.895236
0.009052
0.000000
0.719890
0.000000
0.000000
0.000000
0.000000
0.000000
0.000000
0.000000
0.351648
0.323215
0.000000
0.206726
0.000000
0.076015
0.000000
0.198560
0.213805
0.000000
0.000000
0.000000
0.410987
0.064505
2.358118
0.000000
0.000000
0.000000
1.833391
0.903535
0.000000
0.000000
0.000000
0.000000
0.463530
0.445429
0.000000
0.314304
0.000000
0.000000
0.000000
0.000000
0.000000
0.000000
0.000000
0.000000
0.000000
1.485190
0.000000
0.000000
0.223609
0.000000
0.000000
0.000000
0.000000
0.812349
0.000000
0.000000
0.097433
0.000000
0.000000
0.000000
0.000000
0.000000
0.000000
0.000000
0.954720
0.000000
0.000000
0.432850
0.332640
0.000000
0.000000
0.000000
0.000000
0.000000
0.000000
0.000000
0.000000
0.000000
0.000000
0.000000
0.000000
0.181846
1.157122
0.771462
0.000000
0.000000
0.225766
0.000000
0.000000
0.000000
0.000000
0.000000
0.088504
0.000000
0.000000
0.000000
0.000000
1.094799
1.043617
0.000000
0.000000
0.000000
1.463001
0.000000
0.000000
0.629744
0.000000
0.000000
0.000000
0.000000
0.000000
0.000000
0.000000
0.309381
0.000000
0.000000
0.000000
0.000000
0.000000
0.000000
0.000000
0.964139
0.000000
0.000000
0.212995
0.000000
0.000000
0.000000
0.000000
0.281702
0.000000
0.000000
0.000000
0.000000
0.000000
0.000000
1.848834
0.398789
0.733247
0.000000
0.114649
0.000000
0.000000
0.000000
0.000000
0.000000
0.000000
0.000000
0.000000
0.000000
0.210438
1.820602
0.000000
0.905144
0.000000
0.000000
0.000000
0.000000
0.216755
0.000000
0.000000
0.000000
0.000000
0.000000
0.000000
0.000000
0.919716
0.648851
0.000000
2.375504
0.000000
0.000000
0.000000
0.000000
0.000000
0.000000
0.000000
0.000000
0.000000
0.000000
0.000000
0.000000
0.000000
0.000000
0.000000
0.000000
0.431906
0.000000
0.000000
0.000000
0.000000
0.000000
0.421651
0.000000
1.241080
0.000000
0.000000
0.000000
2.434761
0.000000
0.000000
0.000000
0.233041
0.517502
0.000000
0.000000
2.359354
0.000000
0.000000
0.000000
2.157389
0.000000
0.000000
0.000000
0.000000
0.000000
0.000000
0.000000
0.525440
0.041359
0.000000
0.000000
0.000000
0.000000
2.791694
0.000000
0.000000
0.000000
0.000000
0.000000
0.000000
0.000000
0.000000
0.000000
0.000000
0.000000
0.000000
0.000000
0.220292
0.000000
0.663493
0.000000
0.000000
1.533493
0.000000
0.000000
0.000000
0.000000
0.000000
0.000000
0.000000
0.909954
0.544458
0.000000
0.000000
0.801049
0.000000
0.000000
0.612918
0.000000
0.000000
0.000000
0.000000
0.000000
3.130008
1.418856
0.332010
0.000000
0.062664
0.574901
0.000000
0.481711
0.000000
0.000000
0.000000
0.000000
0.000000
0.000000
0.000000
0.000000
0.000000
0.000000
0.000000
0.000000
0.000000
0.000000
0.000000
0.000000
0.000000
0.000000
0.000000
0.000000
0.000000
0.099638
1.075049
0.679172
0.000000
0.000000
0.000000
0.000000
0.000000
0.000000
0.000000
0.000000
0.000000
1.366248
0.000000
0.000000
0.000000
0.000000
0.000000
0.000000
0.000000
2.689818
1.729817
0.681679
0.000000
0.000000
1.640629
0.000000
0.000000
0.352085
0.000000
1.146676
0.000000
0.000000
0.000000
0.000000
0.000000
0.000000
0.000000
0.308518
0.000000
0.000000
0.000000
0.000000
0.536183
0.000000
0.235817
0.000000
0.000000
1.070794
0.672657
0.390329
0.540503
0.465107
0.120419
0.000000
0.000000
0.213671
0.000000
0.292793
0.000000
0.000000
0.000000
0.000000
0.000000
0.000000
2.767281
0.000000
0.000000
0.000000
0.000000
0.000000
0.000000
0.000000
0.000000
0.000000
0.000000
0.000000
0.000000
0.313163
0.035185
1.919415
0.000000
0.000000
0.000000
0.649545
0.000000
0.000000
0.000000
0.000000
0.000000
0.000000
1.411848
0.000000
1.298319
0.000000
0.000000
0.000000
0.000000
0.000000
0.000000
0.000000
0.000000
0.000000
0.000000
0.000000
0.000000
0.000000
0.000000
0.000000
0.000000
0.000000
0.000000
0.224334
0.000000
0.000000
0.000000
0.028054
0.000000
0.000000
0.000000
0.027923
0.000000
0.000000
0.000000
0.000000
0.000000
0.000000
0.558073
0.000000
0.000000
0.000000
0.000000
0.000000
0.000000
0.000000
0.000000
0.000000
0.842065
0.000000
0.000000
0.000000
0.000000
0.000000
2.952587
0.000000
0.000000
0.000000
2.811946
0.000000
0.000000
0.000000
0.436823
0.009643
0.000000
0.000000
0.000000
0.000000
0.000000
0.000000
0.000000
1.187897
0.000000
0.000000
0.000000
0.000000
0.000000
0.599117
0.000000
0.000000
0.000000
1.186442
0.775056
0.000000
0.000000
0.000000
0.002629
0.091645
0.000000
0.000000
0.000000
0.000000
0.000000
0.000000
0.000000
0.000000
0.000000
0.000000
0.262126
0.000000
0.000000
0.194646
0.000000
0.000000
0.000000
0.000000
0.000000
0.387634
0.000000
0.000000
0.000000
0.271796
0.033017
0.000000
0.000000
0.009580
0.479942
0.000000
0.000000
0.000000
0.000000
0.036930
1.083565
0.000000
0.000000
0.750559
0.000000
0.000000
0.306007
0.999156
1.410746
0.000000
0.000000
0.000000
0.000000
2.903419
0.000000
0.000000
0.000000
0.000000
0.000000
0.000000
0.000000
0.000000
0.413658
0.000000
0.000000
0.129203
0.000000
0.000000
0.000000
0.000000
0.000000
0.000000
0.000000
0.000000
0.000000
1.509224
0.000000
0.322734
0.000000
0.000000
0.000000
0.000000
0.000000
0.000000
0.000000
0.000000
0.000000
0.000000
0.286367
0.000000
0.000000
0.000000
0.000000
0.377843
0.000000
0.982623
0.000000
0.016071
0.000000
0.000000
1.934459
0.179571
0.885423
0.000000
0.000000
0.000000
0.000000
0.000000
1.058020
0.000000
0.000000
0.457755
0.000000
0.000000
0.000000
0.000000
0.932350
0.675883
0.955366
0.000000
0.000000
0.000000
0.000000
0.000000
0.000000
0.000000
2.033092
0.000000
0.000000
0.000000
0.000000
0.000000
0.000000
0.000000
0.000000
0.000000
0.000000
0.000000
0.000000
1.664518
0.000000
0.000000
0.000000
0.000000
0.000000
0.000000
0.998715
0.000000
0.000000
0.000000
0.000000
0.982735
0.993425
0.000000
0.131253
0.000000
0.000000
0.000000
0.856875
0.000000
0.000000
0.449642
0.000000
0.507918
0.000000
0.000000
0.000000
0.041235
0.000000
0.000000
0.000000
0.000000
0.000000
0.000000
1.238220
0.000000
0.000000
0.000000
0.000000
0.000000
0.000000
0.000000
0.953459
0.000000
1.633509
1.398817
0.000000
0.000000
1.250265
0.000000
0.695262
0.000000
1.243180
0.000000
0.000000
0.000000
0.000000
0.000000
0.000000
0.000000
0.000000
0.000000
0.000000
0.230307
0.000000
0.534720
0.000000
0.000000
0.000000
0.000000
0.000000
0.000000
0.000000
0.000000
0.000000
0.000000
1.347605
0.736022
0.000000
0.000000
0.000000
0.000000
0.000000
0.000000
1.385634
1.619394
0.000000
0.000000
0.000000
0.000000
0.000000
0.000000
0.000000
0.000000
0.000000
0.000000
0.000000
0.000000
1.306433
0.000000
0.000000
0.178292
0.000000
0.000000
0.000000
0.000000
0.055228
1.770375
0.000000
0.000000
0.000000
0.000000
0.166926
0.228516
0.807557
0.327315
0.000000
0.790050
0.000000
0.000000
1.148477
0.837712
0.411654
0.000000
0.000000
1.526690
0.000000
0.000000
0.000000
0.000000
0.000000
0.199813
0.000000
0.000000
0.000000
0.000000
0.000000
0.000000
0.000000
0.000000
1.351169
0.000000
0.000000
0.000000
0.000000
1.444322
0.085442
1.111456
0.000000
0.146867
0.000000
0.000000
0.000000
0.000000
0.000000
0.000000
0.000000
0.000000
0.000000
0.000000
0.041988
0.000000
0.000000
0.000000
0.000000
0.490840
0.000000
0.932109
0.000000
0.000000
0.000000
0.000000
0.692574
1.325558
0.000000
0.000000
0.000000
0.000000
0.000000
0.000000
0.000000
0.000000
0.000000
0.000000
0.000000
1.885094
0.000000
0.000000
0.000000
0.000000
1.290267
0.000000
0.000000
0.889818
0.000000
0.198742
0.000000
0.000000
0.000000
0.904739
0.706904
0.000000
0.000000
0.000000
1.712405
0.322389
2.059903
0.000000
2.345582
0.351822
1.801314
1.257543
0.000000
0.000000
0.000000
0.000000
0.000000
0.000000
0.000000
0.658718
0.000000
0.000000
0.000000
0.000000
0.000000
0.030330
0.000000
0.000000
0.000688
0.000000
0.000000
0.000000
0.000000
1.164743
0.725059
1.281018
0.000000
0.000000
1.623162
0.000000
0.000000
0.062984
1.963192
0.081015
0.000000
0.379830
0.000000
0.000000
0.000000
0.000000
0.000000
0.000000
0.000000
0.000000
0.000000
0.000000
0.000000
0.000000
0.000000
0.000000
0.000000
0.000000
0.000000
0.017983
2.429707
0.000000
0.203547
0.000000
0.609690
0.000000
0.000000
0.000000
0.000000
1.210456
0.000000
0.222604
0.000000
0.000000
0.000000
0.000000
0.000000
0.000000
0.334117
0.373217
0.000000
0.000000
0.000000
0.000000
0.000000
0.520981
0.078868
0.438576
0.000000
0.000000
0.243614
0.000000
0.117735
0.865843
0.000000
0.000000
0.000000
0.000000
0.000000
1.574810
0.000000
0.000000
0.000000
0.000000
0.000000
0.000000
0.000000
0.000000
0.000000
0.000000
0.000000
0.000000
0.000000
0.000000
0.061439
0.000000
0.000000
0.000000
0.000000
0.000000
0.009597
0.000000
0.000000
0.234254
0.000000
1.205813
0.000000
0.000000
0.898634
0.000000
0.000000
0.000000
0.000000
0.000000
0.000000
0.000000
0.000000
0.481912
0.000000
0.000000
0.000000
0.689826
0.223840
0.000000
0.000000
0.000000
0.448454
0.000000
0.557590
0.000000
0.027083
0.000000
0.000000
0.000000
0.000000
0.000000
0.000000
0.000000
0.000000
0.046276
0.000000
0.000000
0.000000
0.000000
1.118494
0.000000
1.455154
1.706949
0.000000
0.000000
0.000000
0.000000
0.000000
0.000000
0.000000
0.000000
0.650142
0.000000
0.651276
0.000000
1.718065
0.000000
0.000000
0.000000
0.000000
0.000000
1.464392
0.000000
0.522063
0.000000
0.000000
0.090935
0.000000
0.000000
0.000000
1.566854
0.000000
0.000000
0.000000
0.000000
0.000000
0.000000
1.162002
0.000000
0.000000
0.000000
0.000000
0.000000
0.000000
0.000000
0.000000
0.000000
0.000000
0.000000
0.000000
0.000000
0.000000
0.000000
1.327640
1.916074
0.000000
0.000000
0.000000
0.587690
0.339380
0.000000
0.000000
0.000000
0.000000
0.000000
0.000000
1.579729
0.000000
0.000000
2.140326
0.000000
1.087257
1.501713
0.000000
0.000000
0.000000
0.568879
0.842887
0.000000
0.000000
0.664231
0.000000
0.000000
0.000000
0.557522
0.000000
0.000435
0.618392
0.000000
0.000000
0.000000
0.000000
0.000000
0.000000
0.540079
0.000000
0.000000
0.000000
0.000000
0.000000
0.000000
0.000000
0.000000
0.000000
0.000000
0.000000
0.117475
0.199619
0.174374
0.000000
0.000000
0.000000
0.000000
0.000000
0.000000
0.000000
0.000000
0.000000
0.066333
0.000000
0.000000
0.000000
0.000000
0.000000
0.000000
0.000000
0.000000
0.090355
0.000000
0.000000
0.000000
0.000000
0.000000
0.000000
1.089172
0.302368
0.000000
0.000000
0.357327
0.000000
0.000000
0.259165
0.000000
0.000000
0.000000
0.000000
0.000000
0.000000
1.095806
0.000000
0.000000
0.000000
0.233002
0.000000
0.000000
0.000000
0.000000
0.000000
0.000000
0.000000
0.000000
0.000000
0.000000
0.000000
0.000000
0.000000
0.000000
0.000000
0.000000
0.817037
0.512281
0.000000
0.000000
0.000000
0.125919
0.000000
0.000000
0.000000
0.623941
0.000000
0.177345
0.000000
0.000000
0.000000
0.000000
0.000000
0.000000
0.000000
0.000000
0.031029
0.000000
0.765448
0.000000
0.000000
0.000000
0.000000
0.000000
0.000000
0.000000
0.000000
0.000000
0.000000
0.886635
0.000000
0.179762
0.000000
0.000000
0.000000
0.482927
0.000000
0.000000
0.000000
0.000000
0.675422
0.000000
0.000000
0.534206
0.000000
1.040518
0.000000
0.000000
0.364219
0.000000
0.000000
0.432454
1.047490
0.000000
0.000000
0.000000
0.000000
0.608667
0.000000
0.000000
0.000000
0.000000
1.769654
0.000000
0.000000
0.000000
0.000000
0.000000
0.000000
0.000000
0.000000
0.000000
0.000000
1.383051
0.000000
0.000000
0.000000
0.000000
0.000000
0.000000
0.000000
0.000000
0.000000
0.000000
0.000000
1.842358
0.000000
0.000000
1.188622
0.000000
0.000000
0.000000
0.100581
0.000000
0.000000
0.518707
0.949555
0.244244
0.000000
0.000000
0.000000
0.000000
0.000000
0.738886
0.000000
0.000000
0.000000
0.000000
0.000000
0.000000
0.000000
0.172268
0.914664
0.000000
0.027039
1.141219
0.000000
0.996651
0.000000
0.000000
0.000000
0.000000
0.000000
0.000000
0.000000
0.000000
0.308926
0.000000
1.028937
0.000000
0.000000
0.000000
0.657701
0.000000
1.067214
0.000000
0.000000
0.000000
0.210121
0.000000
0.000000
0.765045
0.000000
0.000000
0.000000
0.000000
0.000000
0.000000
0.000000
0.000000
0.000000
0.000000
0.000000
0.601529
0.346330
0.000000
0.000000
0.045218
0.944712
0.000000
0.000000
0.000000
0.000000
0.297717
0.000000
0.000000
0.000000
0.000000
0.000000
1.945259
0.000000
0.000000
0.000000
0.000000
0.000000
1.902483
0.000000
0.000000
0.000000
0.000000
0.000000
0.000000
0.000000
0.000000
0.000000
0.000000
0.000000
0.000000
0.000000
0.000000
0.000000
0.000000
0.000000
0.921002
0.000000
0.000000
0.000000
0.000000
0.000000
0.000000
0.000000
0.000000
1.042900
1.113049
0.000000
0.024951
0.000000
1.025493
0.000000
0.000000
0.099776
0.000000
0.647593
0.000000
0.000000
0.000000
0.000000
0.000000
0.000000
0.191114
0.000000
0.000000
0.550589
0.000000
0.000000
0.000000
0.355870
0.000000
0.000000
0.000000
0.000000
0.000000
0.404020
1.069451
0.000000
0.000000
0.095582
0.000000
0.642364
0.000000
0.000000
0.000000
0.000000
0.000000
0.000000
0.000000
0.000000
0.000000
1.158462
0.000000
1.662302
0.000000
0.000000
0.000000
0.000000
0.000000
0.000000
0.000000
0.792986
0.000000
0.000000
0.000000
0.000000
0.000000
0.000000
0.000000
0.000000
0.000000
0.000000
0.000000
0.000000
0.000000
0.277401
0.000000
0.000000
0.000000
0.000000
0.000000
0.210286
0.544262
0.000000
0.000000
0.076069
0.538337
0.000000
0.000000
0.000000
0.000000
1.507156
0.000000
0.000000
0.000000
0.000000
0.000000
0.000000
0.000000
0.481782
0.000000
1.311062
0.000000
0.000000
0.875402
0.000000
0.000000
0.000000
0.000000
0.000000
0.615314
0.000000
0.000000
0.372595
0.000000
0.000000
0.000000
0.000000
0.000000
0.000000
0.484213
0.000000
0.000000
0.000000
0.000000
0.000000
0.000000
0.000000
0.000000
0.000000
1.054300
0.007846
0.911292
0.000000
0.000000
0.000000
0.000000
0.000000
0.197902
0.000000
0.000000
0.951017
0.000000
1.470699
0.000000
0.000000
0.000000
0.151470
0.082912
0.000000
0.000000
0.000000
0.000000
0.000000
0.821061
0.000000
0.000000
0.000000
0.000000
0.000000
0.000000
0.000000
0.000000
0.000000
0.020725
0.933197
1.213295
0.000000
0.000000
0.000000
0.051613
0.000000
0.000000
0.000000
0.000000
0.000000
0.645998
0.000000
0.000000
0.125773
0.000000
0.000000
0.000000
2.675074
0.000000
0.000000
0.000000
0.000000
0.000000
2.222930
0.000000
0.057594
0.000000
0.000000
0.000000
1.109994
1.787497
0.395774
0.000000
0.000000
0.000000
0.000000
0.000000
0.000000
0.000000
0.000000
0.000000
0.000000
0.000000
0.000000
0.000000
0.000000
0.109040
0.000000
0.000000
0.053365
0.000000
0.000000
0.000000
0.000000
0.000000
0.000000
0.000000
1.322149
0.952728
0.000000
0.000000
0.084786
0.000000
0.000000
0.000000
0.000000
0.000000
0.000000
0.609028
0.000000
0.000000
0.000000
0.000000
0.984177
0.000000
0.000000
0.000000
0.060503
0.000000
0.000000
0.000000
0.000000
0.000000
0.000000
1.542852
0.000000
0.190321
0.000000
0.000000
0.000000
0.000000
0.000000
0.000000
0.593451
0.000000
0.000000
0.000000
0.000000
0.000000
0.033187
0.337252
0.483039
0.000000
0.750120
0.000000
0.000000
0.000000
0.692695
0.000000
0.000000
0.000000
0.000000
0.000000
0.389424
0.000000
0.000000
0.565644
0.000000
0.000000
0.000000
0.000000
0.000000
0.000000
0.000000
0.238431
0.000000
0.000000
0.000000
0.435467
0.000000
0.000000
0.000000
0.000000
0.000000
1.151666
0.000000
1.519584
0.000000
0.000000
0.000000
0.000000
0.000000
0.000000
0.000000
0.000000
0.000000
0.000000
0.000000
0.000000
0.000000
0.000000
0.000000
0.000000
0.000000
0.000000
0.000000
0.000000
0.526616
0.000000
0.000000
0.164378
0.000000
0.000000
0.000000
0.000000
0.000000
2.256848
0.000000
0.000000
1.498317
0.577114
0.369744
0.762137
1.711628
1.377013
0.303333
1.514184
0.000000
0.000000
0.000000
0.000000
0.000000
0.000000
0.785851
0.000000
0.000000
0.000000
0.000000
0.000000
2.645586
0.000000
0.000000
1.018108
0.000000
0.000000
0.585112
1.552717
0.105877
0.302708
0.000000
0.000000
0.000000
0.147394
0.000000
0.000000
0.000000
0.000000
0.000000
0.000000
0.000000
0.000000
0.630642
0.000000
1.848670
0.000000
0.000000
1.136898
0.256927
0.000000
0.000000
0.000000
0.000000
0.000000
0.000000
0.000000
0.000000
0.000000
0.000000
0.690235
1.383957
0.000000
0.742134
0.000000
0.000000
0.000000
0.000000
0.000000
1.065080
0.441780
0.000000
0.025602
0.000000
0.000000
0.000000
0.000000
0.000000
0.000000
0.000000
0.000000
0.000000
0.000000
0.000000
0.000000
0.000000
0.000000
0.000000
0.000000
0.000000
0.000000
0.000000
0.000000
0.000000
0.000000
0.000000
0.000000
0.000000
0.000000
0.000000
0.000000
0.000000
0.000000
0.000000
0.000000
0.000000
0.000000
0.000000
0.000000
0.000000
0.000000
0.000000
0.000000
0.000000
0.000000
0.514362
1.133552
0.238613
0.000000
1.711408
0.000000
0.000000
0.000000
0.292992
0.622074
0.000000
0.000000
0.615995
0.000000
0.017877
0.000000
0.000000
0.331394
0.000000
0.000000
0.576974
0.000000
0.000000
0.000000
0.000000
0.000000
0.000000
0.000000
0.000000
0.322960
0.000000
0.000000
0.000000
0.000000
0.000000
0.000000
0.000000
0.000000
0.000000
0.000000
0.000000
0.000000
0.000000
0.000000
0.000000
0.000000
0.000000
0.709861
0.000000
0.849859
0.000000
0.000000
0.196701
0.103734
0.000000
0.000000
0.000000
0.000000
0.000000
0.000000
0.000000
0.000000
0.000000
0.000000
0.000000
1.082390
0.000000
0.539891
0.000000
0.000000
0.000000
0.000000
0.000000
0.885253
0.986189
0.000000
0.000000
0.000000
0.000000
0.000000
0.000000
0.000000
0.000000
0.000000
0.000000
0.000000
1.046127
0.249454
1.228828
0.000000
0.000000
1.466512
0.314633
0.000000
0.000000
1.080453
0.000000
0.000000
0.736714
0.000000
0.000000
1.325979
0.000000
0.000000
0.000000
0.000000
0.000000
0.000000
0.000000
0.000000
0.000000
0.006321
0.871374
0.000000
0.000000
0.000000
1.671944
0.000000
0.000000
0.000000
0.000000
0.884639
0.000000
0.000000
0.000000
0.000000
0.000000
0.000000
0.039462
0.424583
0.000000
1.799448
0.000000
1.251855
2.398031
0.000000
0.000000
0.000000
0.764182
0.000000
0.000000
0.000000
0.665596
0.000000
0.491959
0.000000
0.923286
0.000000
0.000000
0.000000
0.000000
0.000000
0.436213
0.000000
0.000000
0.000000
0.000000
0.000000
0.436486
0.000000
0.000000
1.695242
0.000000
0.000000
0.248601
0.000000
0.000000
0.000000
0.000000
0.000000
1.287821
0.000000
0.000000
0.000000
0.000000
0.000000
0.000000
0.000000
0.000000
0.000000
2.741802
0.000000
0.000000
0.842027
0.000000
0.178761
0.772306
0.000000
0.356514
0.000000
0.000000
0.000000
0.000000
0.000000
0.461195
0.000000
0.000000
0.000000
0.000000
0.461232
0.000000
0.000000
0.000000
0.000000
0.000000
0.000000
0.000000
0.077515
0.895883
0.000000
0.000000
0.000000
0.919092
0.000000
0.000000
0.000000
0.000000
1.074371
0.000000
0.000000
0.850414
0.000000
0.000000
0.669960
0.000000
0.000000
0.000000
0.000000
0.000000
0.553160
0.000000
0.000000
1.360273
0.000000
0.000000
0.455686
0.000000
0.000000
0.000000
0.000000
0.000000
0.094081
0.000000
0.000000
0.000000
0.434530
0.000000
0.239226
0.000000
0.000000
0.000000
0.000000
0.000000
0.000000
0.000000
0.455123
0.000000
0.000000
0.000000
0.000000
0.372685
0.000000
0.000000
0.000000
0.000000
0.000000
0.000000
0.473043
0.000000
0.000000
0.243293
0.000000
0.000000
0.000000
0.000000
0.168261
0.000000
0.000000
0.000000
0.000000
0.000000
0.000000
0.000000
0.000000
0.000000
1.551917
0.000000
0.000000
0.453077
0.000000
0.000000
0.000000
0.000000
0.000000
0.599209
0.000000
0.000000
0.000000
0.000000
0.611411
0.000000
0.656673
0.000000
1.032131
0.000000
0.000000
0.000000
2.360374
0.609020
0.000000
0.000000
1.572430
0.805079
1.043785
0.000000
0.000000
0.000000
2.001132
0.000000
0.000000
0.000000
0.000000
0.000000
0.000000
0.000000
0.000000
0.000000
0.000000
0.000000
0.000000
0.000000
0.000000
0.000000
0.000000
0.228940
0.151105
0.000000
1.687727
0.000000
0.000000
0.000000
0.000000
0.000000
0.000000
1.095938
0.141964
0.000000
0.000000
0.125362
0.000000
0.000000
0.000000
0.000000
0.130747
0.000000
0.621748
0.000000
0.000000
0.000000
