0.000000
0.000000
0.000000
0.000000
0.000000
0.000000
1.016422
0.254960
0.000000
1.093355
0.000000
0.946581
3.098536
0.000000
0.000000
0.000000
0.000000
0.000000
0.000000
0.000000
0.000000
0.000000
0.000000
0.990880
0.000000
2.095998
0.000000
0.000000
0.000000
0.003147
0.000000
0.000000
0.000000
0.000000
0.000000
1.696644
0.000000
0.000000
0.000000
0.000000
0.088955
0.000000
0.000000
0.000000
1.759984
0.000000
0.206494
1.101080
0.000000
0.000000
0.000000
0.000000
0.000000
0.000000
0.057105
0.000000
1.772841
0.000000
0.000000
0.000000
0.000000
0.000000
0.222238
0.000000
0.356915
0.000000
0.000000
0.000000
0.000000
0.000000
0.000000
0.000000
0.000000
0.000000
0.000000
3.292237
0.000000
1.259945
0.000000
1.742431
0.978992
0.000000
0.000000
0.000000
0.000000
3.330770
0.000000
1.839593
0.000000
0.000000
0.000000
0.175439
2.095316
0.000000
1.315848
0.000000
0.000000
0.000000
0.000000
1.569249
0.000000
0.000000
0.000000
0.000000
1.859975
0.000000
0.000000
0.000000
0.000000
0.000000
0.000000
0.000000
0.000000
1.819145
0.000000
1.033064
0.000000
0.000000
0.000000
0.000000
0.000000
0.000000
0.000000
0.000000
0.000000
0.000000
0.000000
0.000000
0.000000
0.000000
0.000000
0.000000
0.000000
0.000000
0.000000
0.000000
2.568399
0.000000
0.000000
0.000000
0.000000
1.903013
0.606566
0.000000
0.000000
0.000000
0.000000
0.000000
0.000000
0.000000
0.293403
3.048290
0.000000
0.000000
0.000000
0.000000
0.000000
0.000000
0.000000
0.000000
0.000000
0.000000
0.000000
1.792832
1.368884
0.000000
0.000000
0.000000
0.000000
0.000000
0.000000
0.732926
0.000000
0.000000
0.000000
0.000000
0.000000
0.000000
0.000000
0.000000
0.000000
0.211167
0.000000
0.000000
0.000000
0.000000
0.000000
0.000000
0.000000
0.000000
2.900511
0.000000
0.000000
0.000000
0.000000
1.432959
1.478860
0.000000
0.000000
0.000000
0.000000
0.000000
1.245998
0.000000
0.000000
0.000000
1.648792
0.000000
1.259108
0.000000
0.000000
0.000000
0.000000
0.000000
0.000000
0.000000
3.022323
0.000000
0.000000
0.000000
0.000000
0.000000
0.800140
0.000000
0.000000
0.000000
5.255039
1.846028
1.526675
0.000000
0.000000
0.197987
0.000000
0.000000
0.000000
0.575311
0.000000
0.000000
0.000000
1.805639
0.774201
0.169916
0.000000
0.000000
0.964563
1.556930
0.000000
0.000000
0.000000
0.386291
0.000000
0.000000
0.000000
1.315785
0.000000
0.000000
0.000000
0.000000
0.000000
0.000000
0.000000
0.000000
0.000000
0.000000
0.000000
0.000000
0.000000
0.000000
0.494351
0.000000
1.575928
0.000000
0.000000
0.160372
0.000000
0.000000
0.000000
0.000000
0.000000
0.000000
0.000000
0.000000
0.000000
0.000000
1.511748
0.115753
0.000000
0.000000
0.000000
0.000000
0.000000
0.292063
0.000000
0.000000
0.072759
0.000000
0.000000
0.000000
3.325194
2.536516
0.369221
0.000000
0.000000
0.000000
0.301707
0.000000
0.662628
0.000000
0.000000
0.000000
0.000000
0.000000
0.000000
0.000000
0.000000
0.000000
0.000000
0.000000
0.000000
0.000000
4.134666
0.000000
0.000000
0.000000
1.251791
0.000000
0.000000
0.000000
0.000000
0.000000
0.000000
0.111958
0.000000
0.000000
3.613910
0.000000
0.886399
2.305076
0.000000
0.000000
0.000000
0.000000
0.000000
0.000000
0.000000
0.000000
0.000000
0.000000
0.000000
0.623815
0.000000
1.014162
1.202228
0.000000
0.000000
0.000000
0.000000
0.000000
0.000000
0.473249
0.000000
0.000000
1.251719
0.000000
0.000000
0.012388
0.000000
0.000000
0.000000
0.000000
0.000000
0.000000
0.000000
0.000000
0.000000
0.000000
0.000000
0.000000
0.000000
0.000000
0.000000
0.000000
0.000000
0.000000
0.000000
0.000000
0.000000
0.000000
0.180436
0.000000
0.237198
0.000000
1.279196
0.264613
0.000000
0.000000
1.447998
0.000000
0.000000
0.000000
0.000000
0.000000
0.437954
0.000000
0.000000
0.000000
0.000000
0.000000
1.579095
1.575004
0.000000
0.000000
0.000000
0.543448
0.000000
0.000000
0.000000
2.189600
0.000000
0.000000
0.113432
0.000000
0.000000
0.000000
0.000000
0.000000
0.000000
0.000000
0.000000
0.000000
0.000000
0.000000
0.000000
0.000000
0.000000
0.000000
0.000000
0.110230
0.000000
0.000000
0.000000
0.056142
0.000000
0.000000
0.000000
2.810438
0.000000
0.000000
2.076587
0.000000
0.000000
0.000000
0.807574
0.000000
0.000000
1.564342
1.417727
0.000000
0.000000
0.000000
0.000000
0.000000
0.000000
0.000000
0.000000
0.000000
0.000000
0.000000
0.000000
0.000000
0.000000
0.000000
0.000000
0.496964
0.000000
0.000000
0.000000
2.810290
0.000000
0.528578
0.000000
0.375165
0.000000
0.000000
0.000000
0.000000
2.116403
0.000000
0.337710
0.000000
0.000000
0.000000
0.846047
0.000000
0.000000
0.000000
0.000000
0.000000
0.000000
0.000000
0.000000
0.000000
0.000000
0.000000
0.000000
3.390855
0.000000
0.444642
0.000000
0.000000
1.049565
0.000000
0.000000
0.000000
1.568324
0.000000
0.000000
0.000000
0.000000
0.000000
0.000000
0.000000
0.000000
0.000000
0.000000
3.543169
0.000000
2.475864
0.000000
0.000000
0.000000
0.023506
0.000000
0.000000
0.000000
0.000000
0.000000
0.000000
0.000000
0.000000
0.000000
1.241625
0.000000
0.667286
1.106178
0.000000
0.000000
0.000000
0.000000
0.000000
0.000000
2.403902
0.000000
0.000000
0.520288
0.193373
0.000000
0.000000
0.000000
2.221370
0.000000
0.000000
0.000000
0.000000
1.003069
0.000000
0.000000
0.000000
1.678170
0.000000
0.000000
0.000000
0.000000
0.000000
1.770515
0.000000
2.214853
0.773129
0.000000
0.000000
0.000000
0.000000
1.072769
0.000000
0.000000
0.000000
0.000000
0.000000
0.000000
0.000000
0.724760
0.000000
0.069138
0.000000
0.000000
0.000000
0.000000
0.000000
0.000000
0.000000
0.000000
0.000000
0.000000
0.000000
1.721331
0.000000
0.205507
0.000000
0.000000
0.942434
2.702162
0.000000
0.000000
0.000000
0.000000
0.000000
0.000000
0.000000
0.000000
0.000000
0.539584
0.000000
0.000000
0.000000
0.720841
0.463673
0.000000
0.114708
0.000000
1.404467
0.000000
0.000000
0.153792
0.383746
0.000000
0.000000
0.000000
0.000000
1.980724
0.000000
0.507612
0.539970
0.366662
0.000000
0.000000
0.000000
0.000000
0.000000
0.000000
0.165278
1.992008
0.000000
0.000000
0.000000
0.000000
0.000000
0.000000
0.000000
0.517124
0.000000
0.000000
0.000000
0.000000
0.000000
0.000000
0.000000
2.171928
0.000000
2.590816
1.967629
0.000000
0.000000
0.000000
0.000000
0.000000
0.000000
0.000000
0.000000
0.000000
0.000000
1.424721
1.803410
0.000000
0.000000
0.000000
0.000000
0.000000
0.000000
0.155237
0.487568
0.000000
0.000000
0.000000
0.000000
0.000000
0.000000
0.000000
0.000000
1.896132
0.000000
0.983543
0.000000
0.000000
0.454489
0.000000
0.000000
0.000000
0.069941
0.000000
0.000000
1.212777
0.000000
0.000000
0.165640
0.000000
0.000000
0.712622
0.000000
0.000000
0.000000
0.000000
0.000000
0.000000
0.000000
0.000000
0.000000
0.000000
0.000000
0.000000
0.000000
0.000000
0.000000
0.000000
0.000000
0.000000
0.000000
0.000000
0.000000
0.000000
0.000000
0.000000
0.000000
0.000000
0.000000
0.000000
0.000000
0.000000
0.000000
0.000000
0.000000
0.000000
0.000000
0.000000
0.000000
0.000000
0.000000
0.000000
2.508351
1.136313
0.327152
0.000000
0.000000
0.000000
0.000000
0.000000
0.000000
2.052365
0.000000
0.000000
0.219315
0.000000
1.723246
0.000000
0.000000
0.000000
0.000000
0.000000
0.000000
0.000000
0.000000
0.000000
0.020482
0.000000
0.000000
0.624850
0.000000
0.000000
0.000000
0.000000
0.000000
0.000000
0.000000
0.000000
0.000000
0.000000
0.000000
0.000000
0.000000
0.000000
0.351949
0.000000
0.000000
0.000000
0.000000
0.000000
0.000000
0.000000
0.000000
0.000000
0.000000
0.000000
0.000000
0.000000
0.000000
0.139635
0.000000
0.000000
1.101323
0.000000
0.000000
0.000000
1.105825
0.000000
0.000000
0.000000
0.000000
0.000000
0.000000
0.000000
0.000000
0.000000
0.000000
0.000000
0.502185
0.000000
0.000000
0.000000
0.000000
0.000000
0.000000
0.000000
0.000000
0.000000
0.000000
0.000000
0.639930
0.000000
0.385257
0.000000
0.000000
0.000000
0.005253
0.000000
0.000000
0.000000
1.942816
0.000000
0.000000
0.000000
0.000000
0.000000
0.000000
0.000000
0.000000
0.000000
0.790451
0.000000
0.000000
0.000000
0.000000
0.000000
0.000000
1.607805
0.000000
0.000000
0.000000
0.000000
0.000000
1.503065
0.000000
0.000000
0.000000
0.000000
0.000000
0.000000
0.000000
0.000000
1.859871
1.156920
0.508713
0.000000
0.500677
0.315936
0.000000
0.000000
2.005193
0.000000
0.000000
0.000000
0.000000
0.000000
0.000000
0.000000
0.000000
0.000000
0.000000
0.000000
0.000000
0.000000
0.000000
1.378154
0.000000
0.174676
0.777406
0.000000
0.000000
0.000000
0.000000
0.000000
0.000000
0.000000
1.468188
0.481669
0.000000
0.000000
0.000000
0.000000
0.000000
0.000000
0.000000
0.000000
0.000000
0.000000
0.000000
0.000000
1.106485
0.090128
0.896602
0.000000
0.000000
0.000000
0.000000
0.402328
0.000000
0.000000
0.000000
0.000000
0.000000
0.000000
0.000000
0.000000
2.556074
0.388030
0.000000
0.000000
0.000000
0.181877
0.000000
0.000000
0.000000
0.000000
1.547496
0.000000
0.000000
0.000000
0.000000
0.000000
0.000000
0.239553
0.000000
0.000000
0.000000
0.000000
0.000000
0.000000
0.000000
0.000000
0.000000
0.000000
0.000000
0.204788
0.000000
0.291728
0.000000
0.000000
0.000000
0.000000
1.427222
0.000000
0.000000
0.000000
0.000000
0.000000
0.000000
0.000000
0.000000
0.000000
0.000000
0.000000
0.000000
0.000000
0.000000
0.000000
0.000000
0.000000
0.000000
0.746808
0.000000
0.000000
0.000000
0.000000
0.000000
0.000000
0.000000
0.391879
0.000000
0.000000
0.000000
0.000000
0.000000
0.000000
0.000000
0.000000
0.000000
0.000000
0.000000
0.000000
2.768698
0.000000
0.000000
0.000000
0.000000
0.000000
0.659623
0.000000
0.016562
0.000000
0.000000
1.402402
1.725647
0.000000
0.000000
0.956835
0.000000
2.229514
0.000000
0.000000
0.000000
0.000000
0.000000
0.000000
0.000000
0.000000
0.000000
3.476618
1.576262
0.000000
0.000000
1.141628
0.000000
0.000000
0.000000
0.000000
0.000000
1.875419
0.000000
0.000000
0.000000
0.000000
0.000000
0.000000
0.000000
0.000000
0.000000
0.274541
0.000000
0.000000
0.000000
0.000000
0.075325
0.000000
0.000000
0.000000
0.000000
2.762031
0.000000
0.000000
1.378585
0.000000
0.000000
0.000000
0.000000
0.000000
0.000000
0.355455
0.000000
0.000000
0.000000
0.000000
1.185879
0.000000
0.000000
0.662257
0.000000
0.000000
0.000000
0.000000
0.000000
0.000000
1.404212
1.995260
0.000000
1.207098
0.299127
0.000000
0.000000
0.314599
0.000000
0.000000
1.228953
3.411981
0.000000
0.000000
0.000000
0.000000
0.000000
0.000000
0.242857
1.616004
0.000000
0.000000
0.691072
0.998078
0.000000
0.000000
0.941603
0.000000
0.000000
0.000000
0.000000
0.129267
0.000000
0.969294
0.000000
0.000000
0.000000
1.355136
0.000000
0.000000
0.000000
0.513822
0.000000
0.000000
0.000000
0.000000
0.000000
0.000000
0.000000
0.000000
0.000000
0.000000
0.000000
0.000000
0.000000
0.000000
0.000000
0.000000
0.000000
0.000000
0.000000
0.000000
0.000000
0.000000
0.000000
0.000000
0.000000
0.000000
0.000000
0.000000
0.000000
0.000000
0.000000
0.000000
0.000000
0.000000
0.000000
0.000000
0.000000
0.000000
0.000000
0.000000
0.000000
0.000000
0.000000
0.000000
1.109964
0.000000
0.000000
0.000000
0.000000
0.925771
0.000000
0.000000
0.799797
0.000000
0.000000
0.000000
0.000000
0.000000
0.230274
0.000000
0.000000
0.000000
1.335633
0.000000
0.000000
0.000000
0.000000
0.000000
0.000000
0.000000
0.000000
0.000000
0.462847
1.196813
0.000000
0.000000
0.208220
0.000000
2.212903
0.000000
0.000000
0.000000
0.000000
1.902569
0.000000
0.000000
0.000000
0.834450
0.000000
0.000000
0.534107
0.000000
3.683935
1.632202
0.000000
0.000000
0.000000
0.000000
0.000000
0.000000
0.000000
0.222523
0.000000
0.283376
0.901555
0.000000
0.000000
0.000000
5.836512
0.000000
0.000000
0.194412
1.097327
0.000000
0.000000
0.000000
0.000000
0.000000
0.231199
0.000000
0.000000
0.566899
0.000000
0.000000
0.475864
1.367047
0.948118
0.000000
0.000000
0.000000
0.459133
0.000000
0.055225
0.000000
0.000000
0.000000
0.000000
0.000000
0.000000
0.000000
0.000000
0.000000
0.000000
0.000000
1.715458
0.000000
0.000000
0.000000
0.000000
0.000000
0.000000
0.000000
0.000000
0.000000
0.000000
0.000000
0.000000
0.000000
0.000000
0.000000
0.734522
0.000000
0.000000
0.000000
0.000000
0.000000
0.000000
0.000000
0.000000
1.150090
0.099355
0.000000
0.000000
0.000000
0.000000
0.000000
0.000000
0.000000
0.000000
0.000000
0.000000
0.235460
1.723017
0.000000
0.000000
0.000000
0.549187
0.000000
0.000000
0.000000
0.000000
0.686820
0.000000
0.000000
0.162534
0.000000
0.000000
0.000000
0.000000
0.000000
0.000000
0.000000
0.000000
0.000000
0.000000
0.000000
0.000000
0.000000
0.000000
0.000000
0.000000
0.000000
1.027678
0.000000
0.000000
0.000000
0.000000
0.000000
0.566375
0.000000
0.000000
0.000000
0.000000
0.351520
0.000000
0.000000
0.000000
0.000000
0.000000
0.000000
0.000000
0.280444
1.134560
0.000000
0.000000
0.000000
0.000000
0.000000
1.136835
0.000000
0.000000
0.000000
0.000000
0.000000
0.060144
0.580926
0.000000
0.000000
0.000000
0.964212
0.660619
0.000000
0.000000
0.000000
0.000000
0.000000
1.386448
0.000000
0.000000
0.000000
0.575307
0.534467
0.000000
0.000000
0.000000
0.000000
0.000000
0.000000
0.000000
0.000000
0.164224
0.000000
0.634504
0.000000
0.000000
0.000000
0.000000
0.000000
0.000000
0.000000
0.000000
0.000000
0.000000
0.000000
0.000000
0.000000
0.000000
0.000000
0.264466
0.000000
0.000000
0.000000
1.344309
0.000000
0.000000
0.000000
0.000000
0.335086
0.000000
0.000000
0.000000
0.000000
0.000000
0.000000
0.296284
0.000000
0.000000
0.000000
0.000000
0.000000
0.000000
0.000000
0.000000
0.000000
0.000000
0.000000
0.000000
0.000000
0.000000
0.000000
0.000000
0.000000
0.158609
0.000000
1.168340
0.000000
0.465978
0.533339
0.000000
0.000000
0.000000
0.000000
2.616954
0.000000
0.000000
0.000000
2.261125
0.000000
0.000000
0.000000
0.000000
0.000000
0.000000
0.000000
0.000000
0.000000
1.000809
0.000000
0.000000
0.000000
0.000000
0.994462
0.000000
0.000000
0.000000
0.188405
0.000000
0.000000
0.000000
0.000000
0.000000
0.000000
0.000000
0.808179
0.000000
0.876954
0.000000
0.000000
1.309368
0.000000
0.591379
0.000000
0.000000
0.000000
0.000000
0.000000
0.000000
0.000000
0.894490
0.000000
0.000000
0.000000
0.933588
0.000000
2.443745
0.000000
0.000000
0.000000
0.000000
0.000000
0.000000
0.000000
0.000000
2.912335
0.000000
0.000000
0.000000
0.000000
0.000000
0.000000
0.000000
0.000000
0.000000
0.000000
0.000000
0.000000
0.000000
0.000000
0.000000
0.000000
0.000000
0.241485
0.000000
0.000000
0.000000
0.000000
0.000000
0.000000
0.000000
0.000000
0.000000
1.079167
0.000000
0.000000
0.000000
1.595960
0.000000
0.000000
0.000000
0.000000
0.000000
0.000000
0.000000
0.000000
0.000000
0.000000
0.322182
2.046788
0.000000
0.000000
0.333632
0.000000
0.000000
0.000000
0.000000
0.000000
0.000000
0.000000
0.000000
0.000000
0.000000
0.000000
0.000000
0.000000
0.000000
0.000000
0.000000
0.000000
0.000000
0.000000
0.914717
0.000000
0.000000
0.122530
0.000000
0.000000
0.000000
0.000000
0.000000
0.000000
4.833274
0.000000
0.000000
0.000000
0.000000
0.000000
0.000000
0.000000
0.219993
0.170394
0.004981
0.000000
3.603754
0.000000
0.000000
0.000000
0.000000
0.000000
0.517801
0.496539
0.000000
0.635568
0.000000
1.200633
0.000000
0.000000
0.000000
0.000000
0.243807
0.000000
0.000000
0.000000
0.000000
0.000000
0.843288
0.000000
0.707050
0.000000
0.000000
0.000000
0.000000
0.000000
0.000000
0.000000
0.000000
0.000000
0.000000
0.000000
0.000000
0.000000
0.000000
0.000000
0.000000
0.000000
0.000000
0.000000
0.291744
0.000000
0.168072
0.000000
0.000000
0.338060
0.000000
0.000000
0.000000
0.000000
0.000000
0.000000
1.519419
0.495994
0.000000
0.000000
0.729569
0.000000
0.000000
0.498536
0.000000
0.000000
0.357593
0.000000
0.000000
0.000000
0.000000
0.000000
0.514691
0.000000
0.000000
0.648406
0.000000
0.000000
0.000000
0.000000
0.000000
0.000000
0.000000
0.000000
0.000000
0.000000
1.066707
0.000000
0.000000
0.000000
1.051617
0.000000
0.000000
0.000000
0.237956
0.469768
0.000000
0.000000
0.000000
0.000000
0.000000
0.000000
0.898789
3.159925
0.000000
0.000000
2.199300
0.000000
0.000000
0.000000
0.000000
0.000000
0.000000
0.000000
0.000000
1.520496
0.000000
0.624709
0.169735
0.688982
0.000000
0.000000
0.000000
0.000000
0.000000
0.000000
0.000000
0.000000
2.845296
0.000000
0.000000
0.000000
0.256506
0.000000
0.000000
0.000000
0.000000
0.000000
0.000000
0.000000
0.620534
0.373565
0.000000
2.632883
0.000000
0.223417
0.000000
0.000000
0.000000
0.000000
2.997383
2.870634
0.000000
0.000000
0.000000
0.000000
0.363281
0.000000
0.000000
0.000000
1.658500
0.000000
0.000000
1.856666
0.000000
0.000000
0.000000
0.000000
1.773719
0.000000
0.000000
0.000000
0.000000
0.000000
0.000000
0.000000
0.000000
0.000000
1.315287
0.201912
0.000000
0.000000
0.000000
0.000000
0.000000
0.000000
0.000000
2.685687
0.000000
0.935495
0.169276
0.000000
0.000000
0.000000
0.000000
1.052005
1.433486
0.000000
0.000000
0.000000
0.000000
0.000000
0.445318
0.000000
1.785748
0.000000
0.000000
0.000000
0.000000
0.000000
0.000000
0.000000
0.000000
0.694740
0.000000
2.210138
0.000000
0.000000
0.000000
0.000000
0.000000
0.000000
0.081068
0.000000
0.000000
0.000000
0.000000
0.000000
0.000000
0.000000
0.263357
0.000000
0.000000
0.000000
0.203170
0.000000
0.000000
0.000000
0.000000
0.000000
0.000000
0.000000
0.573926
0.795277
0.000000
0.000000
0.000000
0.579414
2.769209
0.000000
0.000000
0.000000
0.000000
0.000000
0.000000
0.000000
0.000000
0.000000
0.000000
0.000000
0.000000
0.000000
0.000000
0.000000
0.000000
0.000000
0.000000
0.000000
0.399999
0.000000
0.000000
0.000000
0.432543
0.000000
0.000000
0.000000
0.000000
0.000000
0.000000
0.000000
0.000000
0.000000
0.000000
1.383269
0.000000
4.412446
0.000000
0.000000
0.000000
0.000000
0.000000
0.000000
0.731796
0.000000
0.000000
1.783761
0.000000
0.000000
0.000000
0.000000
1.208863
0.000000
0.000000
0.000000
0.000000
0.000000
0.000000
0.000000
0.000000
0.000000
0.000000
0.000000
0.000000
0.000000
0.000000
0.000000
0.000000
0.000000
0.000000
0.000000
1.407679
0.000000
0.000000
2.299456
0.000000
0.000000
0.000000
0.000000
1.768188
0.000000
0.000000
0.000000
1.460965
0.000000
0.405847
0.000000
0.000000
0.000000
1.632046
0.000000
0.000000
1.309930
0.000000
0.000000
0.000000
0.000000
0.000000
0.465131
0.000000
0.282411
0.000000
0.743983
0.000000
0.000000
0.000000
0.000000
0.000000
1.361257
0.530316
0.000000
0.000000
0.000000
0.000000
0.000000
0.000000
0.000000
0.000000
0.000000
0.288399
0.000000
0.594507
0.000000
0.000000
0.000000
0.000000
0.000000
0.437134
0.000000
0.000000
0.798006
0.000000
0.830440
1.192725
0.000000
0.000000
1.492803
0.000000
0.000000
0.000000
0.000000
0.000000
0.000000
0.000000
0.000000
2.329574
0.000000
0.000000
0.000000
0.000000
0.000000
0.000000
0.000000
0.000000
0.000000
0.000000
0.000000
1.479056
0.000000
0.000000
0.075653
2.515573
0.000000
0.000000
0.000000
0.857973
0.000000
0.000000
0.000000
0.000000
0.000000
0.431436
0.000000
0.000000
0.423663
0.000000
0.000000
0.000000
0.000000
0.000000
0.000000
0.000000
0.000000
0.000000
2.623765
0.000000
0.492556
0.000000
0.000000
0.000000
0.000000
0.000000
0.319299
0.000000
0.000000
0.000000
0.000000
0.000000
0.000000
0.075493
0.000000
0.000000
0.000000
0.000000
0.000000
0.329145
0.000000
0.000000
0.000000
0.000000
0.000000
0.000000
0.000000
0.407175
0.000000
0.000000
0.618163
0.000000
0.000000
0.000000
0.000000
0.000000
0.000000
0.289299
0.000000
0.696205
0.000000
0.000000
0.000000
1.544612
3.777856
0.468469
2.819033
2.000728
0.000000
1.066181
0.000000
0.000000
0.000000
0.000000
0.000000
0.000000
0.000000
0.000000
0.000000
0.000000
0.000000
0.000000
0.000000
0.000000
0.000000
0.000000
0.000000
0.000000
0.000000
1.171129
0.000000
0.527867
0.000000
0.000000
0.673213
0.000000
0.000000
0.000000
0.000000
0.000000
0.000000
0.000000
0.000000
0.193559
0.000000
0.000000
0.000000
2.268607
0.000000
0.000000
0.000000
0.000000
0.000000
0.000000
0.000000
0.610892
0.000000
0.000000
0.708235
0.000000
0.000000
1.301125
0.000000
0.000000
0.000000
0.000000
0.000000
0.651621
0.000000
0.000000
0.000000
0.000000
0.000000
0.985995
0.000000
0.908950
0.000000
0.000000
0.000000
0.000000
1.150142
0.000000
0.000000
0.000000
0.000000
2.555384
0.000000
0.000000
1.554135
0.433412
0.000000
0.000000
2.706930
0.000000
0.000000
1.368224
0.000000
0.000000
0.000000
0.000000
0.000000
1.034550
1.439363
1.582068
0.000000
0.000000
1.925468
0.000000
0.955932
0.000000
0.000000
0.000000
0.000000
0.000000
0.000000
0.000000
0.000000
0.000000
0.000000
0.000000
0.000000
0.000000
0.150331
0.000000
0.000000
0.000000
0.000000
0.000000
1.140799
0.000000
0.000000
0.750887
0.000000
0.000000
0.000000
0.000000
0.116425
0.000000
0.000000
0.000000
0.000000
0.000000
0.845209
0.000000
0.000000
0.000000
0.000000
0.000000
0.000000
0.000000
1.414573
0.000000
0.590803
0.000000
0.000000
0.000000
0.000000
0.000000
0.000000
0.000000
0.336291
0.136660
0.000000
0.000000
0.000000
0.000000
2.156296
0.000000
0.000000
0.000000
0.791656
0.000000
0.000000
0.000000
1.293089
0.000000
0.000000
0.000000
1.440728
1.231851
0.000000
1.407051
0.000000
0.000000
0.000000
0.000000
1.065143
0.000000
1.735795
0.000000
0.000000
0.000000
0.000000
0.000000
0.000000
0.816361
0.090415
0.000000
0.000000
0.000000
0.000000
0.000000
0.000000
0.000000
0.000000
0.000000
0.000000
0.000000
0.000000
0.095269
0.000000
0.000000
0.000000
0.000000
0.558324
0.000000
0.000000
0.000000
0.000000
0.000000
1.446799
1.272967
0.000000
0.296845
0.000000
0.000000
0.000000
0.000000
0.204222
0.237987
0.000000
0.000000
0.000000
0.000000
0.000000
0.000000
0.000000
0.000000
0.000000
0.000000
0.000000
0.000000
0.918408
0.000000
0.000000
0.000000
0.000000
0.000000
0.301612
0.799107
0.000000
0.000000
0.000000
0.000000
0.000000
0.000000
0.000000
0.000000
0.068619
0.000000
0.000000
0.000000
0.420413
0.000000
0.000000
0.000000
0.000000
0.000000
0.000000
0.000000
0.000000
0.000000
0.000000
1.407551
0.000000
0.198996
0.000000
0.404859
0.000000
0.000000
0.000000
1.063123
0.000000
0.000000
0.000000
0.000000
0.000000
0.000000
0.000000
0.000000
2.108135
0.000000
0.000000
0.000000
0.135211
0.000000
0.000000
0.000000
0.000000
0.000000
0.000000
1.266850
0.000000
0.000000
1.041422
0.000000
0.000000
0.000000
0.000000
0.000000
0.000000
0.000000
0.000000
0.000000
0.000000
0.000000
2.627781
0.441527
0.000000
0.000000
0.000000
0.000000
0.000000
0.000000
0.000000
0.000000
0.134274
0.000000
0.000000
0.000000
0.000000
0.000000
0.000000
0.000000
0.972774
0.000000
0.000000
0.000000
0.000000
0.000000
0.000000
0.832511
0.000000
0.000000
2.791482
0.000000
0.000000
0.000000
0.000000
0.000000
0.000000
0.000000
0.000000
0.000000
2.962425
0.000000
0.000000
0.000000
0.730845
0.000000
0.000000
0.000000
0.000000
0.000000
0.188554
0.000000
0.000000
0.000000
0.000000
0.000000
0.000000
2.792131
0.000000
0.000000
0.000000
0.000000
0.387838
1.415355
0.760160
0.000000
0.000000
0.000000
0.000000
0.000000
0.000000
0.000000
0.000000
0.144938
0.000000
0.000000
0.000000
0.000000
0.282993
0.000000
0.818867
0.000000
2.044467
0.000000
0.000000
0.000000
2.569359
1.073383
0.000000
1.052856
0.319023
0.000000
0.392648
0.969884
0.000000
0.117195
0.000000
0.000000
0.623468
0.000000
0.000000
2.274999
0.000000
0.000000
0.135744
0.000000
0.000000
0.000000
0.000000
0.000000
0.000000
0.000000
0.000000
1.527812
0.000000
0.000000
0.000000
0.000000
0.000000
0.000000
0.000000
0.000000
0.000000
0.846454
0.000000
0.000000
0.000000
0.663840
1.005636
0.000000
0.000000
0.000000
0.000000
0.000000
0.305437
0.000000
0.000000
0.000000
0.000000
0.848473
0.000000
0.000000
0.043514
0.000000
0.000000
1.560447
0.000000
0.000000
0.446834
0.000000
0.037940
0.000000
0.000000
0.000000
0.000000
0.000000
0.000000
0.000000
0.000000
0.000000
0.000000
2.980669
0.000000
0.000000
0.000000
0.638840
0.000000
1.423238
0.062525
2.200831
0.000000
0.000000
0.000000
0.000000
0.000000
0.764830
0.000000
0.162936
0.000000
0.000000
0.000000
0.000000
0.000000
0.000000
0.000000
0.000000
0.000000
0.000000
0.000000
0.840837
0.000000
0.000000
0.000000
0.000000
0.000000
0.000000
0.000000
0.000000
0.000000
0.000000
0.000000
0.000000
0.000000
0.000000
0.497559
0.000000
0.000000
0.000000
0.000000
0.115081
0.815347
1.575847
1.624717
0.000000
0.000000
0.000000
0.000000
0.000000
0.000000
0.000000
0.000000
0.000000
0.000000
0.000000
0.000000
0.000000
0.000000
0.000000
0.000000
0.000000
0.000000
0.498812
0.000000
0.000000
3.973638
0.000000
0.000000
0.000000
0.000000
0.000000
0.000000
0.000000
0.000000
0.000000
0.000000
1.102044
0.000000
0.000000
0.238301
0.000000
0.000000
0.471366
0.000000
0.000000
0.000000
0.000000
0.000000
0.137912
0.000000
0.000000
0.000000
0.000000
0.000000
0.000000
0.000000
0.000000
0.000000
2.921923
0.000000
0.000000
0.000000
0.000000
2.826406
0.000000
0.000000
0.000000
1.168320
0.000000
0.000000
0.000000
0.000000
0.000000
0.000000
0.000000
0.000000
0.000000
0.000000
0.000000
0.000000
0.225955
0.000000
0.000000
0.036324
0.000000
0.459497
0.000000
0.000000
0.000000
0.424041
0.000000
0.000000
0.000000
0.000000
0.000000
0.099557
0.000000
0.000000
0.818545
0.000000
0.744714
0.000000
0.000000
0.323011
0.000000
0.000000
0.000000
0.000000
3.128495
0.000000
0.000000
1.084327
0.000000
0.000000
0.000000
0.000000
0.000000
0.000000
0.000000
0.807062
0.000000
0.000000
0.000000
0.000000
1.310771
0.000000
2.735334
0.000000
1.172335
0.763908
0.000000
0.000000
0.000000
0.000000
0.000000
0.000000
0.000000
0.677425
0.000000
0.000000
0.000000
0.000000
0.000000
0.806215
0.000000
0.000000
0.000000
0.000000
0.323393
0.879014
0.000000
0.000000
0.000000
1.134220
0.000000
0.000000
3.232086
0.000000
0.000000
0.000000
1.718140
0.000000
1.026958
0.000000
0.000000
0.000000
0.000000
0.000000
0.000000
0.000000
0.000000
0.675345
0.000000
0.000000
0.000000
0.000000
0.000000
0.000000
0.000000
0.000000
0.000000
0.718080
1.650925
3.142703
1.140473
0.000000
0.000000
0.000000
0.000000
0.000000
0.000000
0.000000
0.000000
0.000000
0.000000
0.000000
0.000000
0.000000
0.056048
0.000000
1.710377
0.000000
0.000000
0.000000
0.000000
0.000000
0.000000
0.000000
0.000000
0.000000
0.000000
0.000000
0.000000
0.000000
0.000000
0.917767
0.000000
0.000000
0.000000
0.000000
0.913172
0.719767
0.000000
0.590125
0.000000
0.079246
0.000000
0.000000
0.000000
0.000000
0.000000
0.000000
0.000000
0.000000
0.000000
0.000000
2.290790
0.000000
0.000000
0.000000
0.000000
0.000000
0.000000
0.000000
1.537050
0.000000
0.000000
0.000000
0.000000
0.000000
0.000000
0.000000
0.000000
0.000000
0.000000
0.000000
0.000000
0.000000
0.348575
0.000000
0.000000
0.000000
0.000000
0.000000
0.000000
0.000000
0.000000
0.000000
0.000000
0.000000
0.000000
0.000000
0.687264
0.000000
0.000000
0.000000
0.000000
0.000000
0.000000
0.000000
0.000000
0.000000
1.084755
0.119103
0.000000
0.000000
0.858849
0.000000
0.925057
0.073590
0.000000
0.274516
0.000000
0.014069
0.000000
0.000000
0.000000
0.000000
1.194102
0.000000
0.000000
0.000000
0.643055
2.988214
0.000000
0.000000
1.387418
0.000000
2.021430
0.000000
0.645948
0.263197
0.000000
0.000000
0.000000
0.000000
1.558099
0.000000
0.000000
0.000000
0.000000
0.000000
0.000000
0.000000
1.328406
0.000000
0.000000
0.000000
0.000000
0.000000
0.000000
0.837880
0.000000
0.000000
0.000000
0.000000
0.000000
0.000000
0.264200
0.000000
0.000000
2.181177
0.000000
0.000000
0.000000
3.202328
0.000000
0.000000
0.000000
0.000000
0.000000
0.000000
0.000000
2.216559
0.089224
0.000000
0.214568
0.000000
1.642332
0.621549
0.595602
0.000000
0.000000
0.501525
1.072315
0.000000
0.000000
0.000000
0.000000
0.000000
0.000000
0.098864
0.000000
0.000000
1.657047
0.000000
0.000000
0.000000
0.000000
0.000000
0.000000
0.000000
0.000000
0.000000
0.000000
0.000000
0.000000
0.000000
0.000000
0.000000
0.000000
0.000000
0.000000
0.000000
0.000000
0.000000
0.661625
0.000000
0.000000
0.000000
0.000000
0.000000
0.000000
1.028478
0.000000
0.000000
0.000000
0.000000
0.000000
0.000000
0.000000
0.000000
0.000000
0.000000
2.770765
0.000000
0.000000
0.000000
0.000000
0.000000
0.000000
0.000000
1.843344
1.160415
0.000000
0.000000
0.000000
0.064077
0.000000
0.000000
0.000000
0.000000
0.021193
0.000000
0.000000
2.474479
0.000000
0.000000
0.000000
0.000000
0.000000
0.000000
0.000000
0.000000
0.000000
0.000000
1.695977
0.000000
0.000000
0.000000
0.000000
0.650841
0.000000
0.000000
0.000000
0.000000
1.668670
0.000000
0.000000
0.000000
1.196159
0.000000
0.000000
0.000000
0.000000
0.000000
0.000000
0.000000
0.000000
0.000000
0.000000
0.000000
1.347980
0.313868
0.000000
0.000000
0.000000
0.000000
0.000000
0.000000
0.000000
0.286953
0.555409
0.000000
0.000000
0.000000
0.000000
0.000000
0.000000
0.032338
0.000000
0.000000
0.000000
0.000000
1.090952
2.369491
0.608790
0.000000
0.000000
0.000000
0.000000
0.000000
0.000000
0.000000
0.000000
2.590220
0.000000
0.000000
0.000000
0.000000
0.000000
0.200954
0.000000
0.000000
0.000000
0.000000
0.000000
1.125758
0.000000
0.203974
0.000000
0.000000
0.000000
0.066536
0.000000
0.000000
0.000000
0.000000
0.000000
0.000000
0.000000
0.000000
0.000000
1.068708
0.000000
0.330412
0.000000
0.000000
0.000000
0.000000
0.000000
0.000000
0.000000
0.000000
0.000000
0.000000
0.000000
0.000000
0.000000
0.000000
0.249650
0.000000
0.126851
0.493098
0.000000
0.977995
1.871797
0.000000
0.000000
1.185265
0.000000
0.000000
0.000000
0.419525
0.000000
0.000000
0.000000
0.000000
0.000000
0.000000
0.000000
0.000000
0.000000
0.000000
0.000000
0.090695
0.000000
0.000000
0.000000
0.000000
1.703979
0.000000
0.000000
0.000000
0.000000
0.187796
0.000000
0.000000
1.379629
0.000000
0.000000
0.000000
0.000000
0.000000
0.097558
0.000000
0.000000
0.000000
0.000000
0.000000
0.000000
1.779726
0.000000
0.000000
0.000000
0.113121
0.000000
0.000000
0.000000
0.000000
0.042637
0.543200
0.000000
0.000000
0.000000
0.000000
0.000000
0.000000
0.139368
0.000000
0.000000
0.000000
0.000000
0.000000
0.000000
0.000000
0.000000
0.000000
0.000000
3.355032
0.000000
0.000000
0.000000
0.000000
0.000000
1.645758
0.000000
0.000000
0.000000
0.000000
0.000000
0.000000
0.000000
0.000000
0.000000
0.000000
0.000000
0.000000
0.000000
0.000000
0.000000
0.000000
0.000000
1.505264
0.000000
0.000000
0.000000
0.000000
0.000000
0.000000
0.000000
0.000000
0.000000
0.000000
0.000000
0.000000
2.165104
1.903134
0.000000
0.000000
0.313909
0.622702
0.204668
0.000000
0.000000
0.000000
0.000000
0.000000
0.000000
0.000000
0.000000
0.000000
0.000000
0.000000
0.000000
0.000000
0.815098
0.000000
0.000000
0.000000
0.157019
0.000000
0.000000
0.000000
0.000000
0.000000
0.000000
0.000000
0.677717
0.000000
0.000000
0.281999
0.000000
0.000000
0.000000
0.000000
0.322760
0.000000
2.934225
0.192643
1.539639
0.000000
0.000000
0.000000
0.000000
0.000000
0.000000
0.058883
0.000000
0.000000
0.000000
0.000000
0.000000
0.000000
0.000000
0.000000
0.000000
0.000000
0.000000
0.000000
0.000000
0.000000
0.000000
0.000000
0.000000
0.000000
0.000000
0.000000
0.000000
0.000000
0.998626
0.000000
0.000000
1.953595
0.000000
0.000000
0.000000
0.000000
0.000000
0.000000
0.000000
0.787574
0.000000
0.000000
0.000000
0.000000
0.000000
0.000000
1.239729
0.000000
0.000000
0.000000
0.000000
0.000000
0.000000
0.000000
0.000000
0.000000
0.000000
0.000000
0.045055
0.000000
0.000000
0.000000
0.000000
0.217075
0.000000
0.000000
0.113308
0.000000
0.000000
0.000000
0.704284
0.000000
0.000000
1.485243
0.000000
0.000000
0.000000
0.000000
0.000000
0.000000
0.000000
0.000000
0.000000
0.000000
0.000000
0.000000
0.043972
0.000000
2.863523
0.000000
0.000000
0.000000
0.000000
0.000000
2.367500
0.000000
0.000000
0.000000
0.000000
0.930199
0.000000
0.000000
0.000000
0.000000
0.000000
2.526954
0.000000
0.000000
0.000000
0.000000
3.479115
2.039073
0.000000
0.000000
0.000000
1.227928
0.000000
0.000000
0.549807
0.000000
0.000000
0.219734
0.000000
0.000000
0.721836
0.000000
0.000000
0.000000
1.447308
0.000000
0.000000
0.000000
0.000000
0.000000
0.000000
0.000000
0.000000
0.000000
0.000000
0.000000
1.137378
1.016376
0.000000
0.000000
0.000000
0.000000
0.000000
0.000000
0.910809
0.000000
0.000000
0.000000
0.000000
0.000000
0.000000
0.000000
0.000000
1.168227
0.000000
0.000000
0.000000
0.000000
0.000000
0.000000
0.000000
0.000000
0.000000
0.000000
0.000000
1.626208
0.000000
0.000000
0.000000
0.000000
0.000000
0.000000
0.000000
0.000000
0.000000
0.000000
0.000000
0.000000
0.390688
0.000000
3.597402
0.000000
0.000000
0.000000
0.624586
3.667606
0.000000
0.000000
0.000000
0.000000
0.000000
0.000000
0.000000
0.974995
0.000000
0.000000
0.000000
0.234278
0.000000
0.000000
1.313499
1.707720
0.000000
0.000000
0.000000
0.000000
0.841927
0.000000
0.620917
0.000000
0.363680
0.000000
0.000000
0.000000
0.000000
0.620286
0.000000
0.000000
0.000000
0.000000
0.787923
0.000000
1.222406
0.000000
0.000000
0.000000
0.000000
0.000000
0.000000
0.000000
0.000000
0.668572
0.000000
0.000000
0.000000
1.335656
0.000000
0.000000
0.000000
0.000000
0.000000
1.832196
0.000000
4.298007
0.000000
0.000000
0.000000
0.000000
0.000000
0.545591
0.000000
0.000000
0.000000
0.000000
0.000000
0.000000
0.000000
0.000000
0.000000
0.000000
1.261180
0.739175
0.000000
0.000000
0.000000
0.000000
0.000000
0.000000
0.000000
0.000000
0.000000
0.000000
0.000000
0.000000
0.000000
0.000000
0.021554
0.000000
0.000000
0.000000
1.573273
0.000000
0.000000
2.650522
0.000000
0.000000
0.000000
0.000000
0.000000
0.000000
0.000000
0.000000
0.000000
0.000000
0.000000
0.000000
4.523179
1.013623
0.987192
1.122436
0.000000
0.000000
0.000000
0.000000
0.000000
0.283405
0.000000
0.000000
0.260026
0.036501
0.000000
0.000000
0.000000
0.000000
0.000000
0.000000
0.000000
0.000000
0.083698
0.000000
0.958230
0.000000
0.000000
0.249724
0.319378
0.000000
0.671462
0.000000
0.000000
0.320918
0.000000
0.000000
1.046788
0.000000
0.116010
0.000000
0.043203
0.000000
0.000000
0.000000
0.000000
0.000000
0.729710
0.000000
0.000000
0.000000
0.000000
0.000000
0.000000
0.000000
0.000000
0.000000
0.596290
0.000000
0.000000
0.000000
0.000000
0.000000
0.000000
0.000000
0.000000
0.000000
0.000000
0.112578
0.000000
0.000000
0.000000
0.113649
0.000000
0.000000
0.000000
0.000000
0.000000
0.000000
0.000000
0.000000
0.000000
0.000000
0.000000
0.000000
0.000000
0.000000
1.569466
0.000000
0.000000
0.000000
0.000000
0.000000
0.000000
0.000000
0.000000
0.000000
1.267631
0.000000
1.607737
2.331956
0.000000
0.000000
0.694186
0.000000
0.000000
0.000000
1.887230
0.000000
0.000000
0.000000
0.000000
0.000000
0.000000
0.000000
0.473535
0.000000
0.000000
0.000000
0.000000
0.000000
0.000000
0.000000
0.000000
0.000000
0.000000
0.000000
0.000000
0.000000
0.000000
0.000000
0.000000
0.713144
0.000000
0.000000
0.000000
0.000000
0.000000
0.000000
0.000000
0.000000
0.430955
0.000000
0.000000
0.000000
0.000000
0.000000
1.834417
0.533637
0.000000
0.000000
0.000000
0.000000
0.000000
0.000000
0.724260
0.000000
0.000000
0.000000
0.000000
0.765227
0.000000
0.389529
0.000000
0.000000
0.000000
0.000000
0.000000
0.000000
0.000000
0.000000
0.000000
0.000000
0.000000
0.000000
0.000000
0.000000
0.000000
0.000000
0.000000
0.000000
0.000000
0.000000
3.096268
0.000000
0.000000
0.000000
0.000000
0.000000
0.000000
0.000000
0.000000
0.000000
1.515485
0.987410
0.000000
2.202063
0.000000
0.000000
0.000000
0.000000
0.000000
0.785379
0.000000
0.369717
0.000000
0.000000
0.970650
0.045311
0.000000
1.045561
1.645328
0.000000
0.000000
0.000000
0.000000
3.135678
0.245057
0.000000
0.000000
0.000000
0.000000
0.000000
2.098730
0.000000
0.000000
2.040446
0.000000
0.075446
2.770835
0.000000
0.000000
1.070170
0.000000
0.000000
0.000000
0.000000
0.871655
0.000000
0.000000
0.000000
0.780583
0.000000
0.010602
0.000000
0.000000
0.917537
0.000000
0.000000
0.000000
0.000000
0.000000
0.000000
2.864522
0.000000
0.000000
0.000000
0.075857
0.000000
0.000000
0.000000
0.000000
0.000000
0.000000
0.000000
0.320665
0.000000
0.000000
0.000000
0.000000
0.000000
0.000000
0.000000
0.000000
0.000000
3.452564
0.358642
0.000000
1.318918
0.000000
0.303867
0.488285
0.000000
0.346534
0.000000
0.000000
0.276519
0.000000
0.000000
0.288387
0.000000
0.000000
0.000000
0.000000
0.000000
0.000000
0.289802
0.000000
0.000000
0.000000
0.000000
0.000000
0.000000
1.329681
0.000000
0.000000
0.000000
0.334508
0.000000
0.000000
0.000000
0.000000
0.853791
0.000000
0.000000
2.050014
0.193445
0.000000
0.000000
0.000000
0.000000
1.462404
0.000000
0.000000
1.148731
0.000000
0.000000
1.477454
0.000000
0.904796
0.000000
0.000000
0.237181
0.000000
0.000000
0.355487
0.370372
0.000000
0.000000
0.000000
0.000000
0.000000
0.000000
0.000000
0.000000
0.000000
0.000000
0.000000
0.000000
0.000000
0.686137
0.000000
0.000000
0.000000
0.000000
0.000000
0.000000
0.000000
0.000000
0.000000
0.000000
0.000000
0.074063
0.000000
0.000000
0.883663
0.000000
0.000000
0.000000
0.367349
0.737846
0.000000
0.000000
0.000000
0.000000
0.000000
0.000000
1.806825
0.504663
0.000000
2.135414
0.000000
0.000000
0.000000
0.252301
0.000000
0.000000
0.000000
0.352796
0.000000
0.000000
0.408649
0.000000
0.000000
0.907167
0.000000
1.437748
0.000000
0.000000
0.000000
0.000000
0.732883
1.254544
0.215832
0.000000
0.000000
1.621064
1.925193
0.000000
0.000000
0.000000
0.000000
1.819463
0.000000
0.000000
0.000000
0.000000
0.000000
0.000000
0.000000
0.000000
0.000000
0.809424
0.000000
0.000000
0.000000
0.000000
0.000000
0.000000
0.272563
0.000000
0.000000
0.309036
0.000000
1.051371
0.000000
0.000000
0.000000
0.000000
0.000000
0.000000
0.000000
0.000000
0.150032
0.000000
0.000000
0.000000
0.000000
0.000000
0.000000
0.000000
0.000000
0.000000
0.000000
