0.000000
0.000000
0.000000
0.000000
0.000000
0.000000
1.312535
0.000000
0.000000
0.846953
0.000000
0.000000
3.045653
0.000000
0.000000
0.000000
0.000000
0.000000
0.000000
0.000000
0.000000
0.503358
0.000000
0.327326
0.000000
0.817444
0.000000
0.000000
0.000000
1.142920
0.000000
0.758618
0.000000
0.000000
0.000000
1.198202
0.000000
0.000000
0.000000
0.000000
0.571019
0.000000
0.000000
0.000000
1.089729
0.000000
0.187277
0.000000
0.000000
0.000000
0.000000
0.000000
0.000000
0.000000
0.000000
0.000000
0.000000
0.000000
0.000000
0.000000
0.000000
0.000000
0.916961
0.000000
0.000000
0.000000
0.000000
0.000000
0.000000
0.000000
0.000000
0.000000
0.000000
0.000000
0.000000
0.360470
0.000000
2.804658
0.000000
0.904958
0.000000
0.000000
0.000000
0.000000
0.000000
1.339086
0.000000
1.137649
0.000000
0.000000
0.000000
0.283958
2.808225
0.000000
1.343181
0.000000
0.000000
0.000000
0.000000
2.838646
0.000000
0.000000
0.000000
0.000000
0.000000
0.000000
0.000000
0.478407
0.000000
0.000000
0.000000
0.259420
0.000000
2.447550
0.000000
0.320656
0.000000
0.000000
0.000000
0.005120
0.000000
0.000000
0.000000
0.000000
0.000000
1.170900
0.142022
0.000000
0.000000
0.000000
0.000000
0.000000
0.456744
0.000000
0.000000
0.000000
0.755812
0.000000
0.000000
0.000000
0.000000
1.723857
1.676650
0.000000
0.000000
0.000000
0.000000
0.000000
0.000000
0.000000
1.588674
1.129151
0.000000
0.000000
0.000000
0.000000
0.204514
0.000000
0.000000
0.000000
0.000000
0.000000
0.000000
0.645758
0.000000
0.000000
0.000000
0.000000
0.000000
0.000000
0.931205
0.000000
0.000000
0.207792
0.000000
0.156289
0.000000
0.000000
0.000000
0.374268
0.000000
1.133912
0.000000
0.387178
0.000000
0.000000
0.000000
0.000000
0.000000
0.000000
0.931858
0.000000
0.000000
0.000000
0.000000
0.446176
0.810853
0.514448
0.000000
0.000000
0.000000
0.000000
0.000000
0.000000
0.000000
0.000000
0.000000
0.000000
0.439312
0.000000
0.000000
0.192436
0.000000
0.000000
0.000000
0.000000
1.518305
0.000000
0.000000
0.000000
0.000000
0.000000
0.000000
0.000000
0.000000
0.000000
4.026973
1.382977
0.986639
0.000000
0.000000
0.000000
0.000000
0.000000
0.000000
0.000000
0.000000
0.000000
0.000000
0.000000
0.000000
0.000000
0.000000
0.000000
0.682855
0.656271
0.000000
0.000000
0.000000
0.000000
0.000000
0.000000
0.000000
0.000000
0.000000
0.000000
0.000000
0.084723
0.000000
0.000000
0.000000
0.000000
0.000000
0.000000
0.246389
0.000000
0.000000
0.000000
0.173618
0.000000
0.159643
0.000000
0.000000
0.000000
0.000000
0.000000
0.000000
0.000000
0.000000
0.000000
0.000000
0.000000
0.000000
0.000000
0.031963
0.000000
0.000000
0.000000
1.163218
0.000000
0.000000
1.106041
0.000000
0.000000
0.000000
0.000000
0.000000
0.000000
2.529344
2.196787
0.000000
0.000000
0.000000
0.000000
0.000000
0.000000
1.149240
0.000000
0.000000
0.000000
0.000000
0.000000
0.104988
0.000000
0.000000
0.000000
0.000000
0.000000
0.000000
0.000000
4.211745
0.236181
0.000000
0.000000
1.489766
0.000000
0.000000
0.000000
0.000000
0.000000
0.000000
0.716408
0.000000
3.997936
2.161129
0.000000
1.081311
0.980113
0.000000
0.000000
0.000000
0.000000
0.000000
0.128901
0.000000
0.000000
0.000000
0.000000
0.000000
1.919346
0.000000
0.763065
0.000000
0.000000
0.000000
0.000000
1.155825
0.000000
0.000000
0.275545
0.445554
0.000000
0.414466
0.361200
0.000000
0.565963
0.000000
0.000000
0.000000
1.143635
0.000000
0.000000
0.000000
0.000000
0.000000
1.611835
0.000000
0.000000
0.000000
0.197550
0.000000
0.000000
0.000000
0.000000
0.000000
0.000000
0.000000
0.000000
0.000000
0.000000
0.956042
0.000000
1.598432
0.000000
0.000000
0.000000
1.338863
0.000000
0.000000
0.000000
0.000000
0.000000
0.000000
0.000000
0.000000
0.000000
0.000000
0.000000
0.024338
1.065372
0.000000
0.000000
0.000000
0.000000
0.000000
0.652746
0.304479
3.124827
0.000000
0.000000
0.201189
0.000000
0.000000
0.000000
0.000000
0.000000
0.000000
0.000000
0.140073
0.000000
0.000000
1.200168
0.000000
0.000000
0.000000
0.000000
0.000000
0.000000
0.000000
0.000000
0.000000
0.000000
0.000000
0.000000
0.105031
1.823233
1.140628
0.000000
0.862598
0.000000
0.000000
0.869498
0.225167
0.000000
0.097980
0.605652
0.000000
0.000000
0.000000
0.000000
0.000000
0.000000
0.000000
0.000000
0.232085
0.000000
0.000000
1.093453
0.000000
0.000000
0.000000
1.096780
0.000000
0.858363
0.000000
0.000000
0.016827
0.391822
0.000000
0.000000
0.000000
1.563429
0.258209
0.000000
0.000000
0.000000
0.218683
0.000000
0.000000
0.000000
0.000000
0.000000
2.147672
0.000000
0.291794
0.000000
0.000000
0.000000
0.000000
0.010885
0.000000
0.000000
0.000000
0.000000
0.000000
2.103784
0.000000
0.604089
0.782310
0.000000
1.447067
0.084727
0.000000
0.000000
0.467677
0.000000
0.000000
0.000000
0.694165
0.000000
0.000000
0.000000
0.000000
0.000000
0.000000
1.825192
0.000000
1.559758
0.000000
0.000000
0.000000
0.000000
0.000000
0.000000
0.000000
0.000000
0.000000
0.000000
0.000000
0.000000
0.000000
0.159528
0.000000
0.114767
0.000000
0.000000
0.000000
0.000000
0.000000
0.000000
0.000000
0.000000
0.000000
0.000000
0.622115
0.000000
0.000000
0.000000
0.000000
2.315748
0.000000
0.000000
0.000000
0.000000
0.000000
0.000000
0.000000
0.000000
1.380851
0.000000
0.000000
0.000000
0.000000
0.000000
0.953627
0.021260
1.243623
0.000000
0.000000
0.000000
0.406012
0.000000
1.389686
0.000000
0.000000
0.000000
0.800874
0.000000
0.000000
0.000000
0.740674
0.000000
0.000000
0.000000
0.000000
0.396214
0.000000
0.000000
0.000000
1.625003
0.000000
0.000000
0.000000
0.000000
0.000000
0.337336
0.070986
0.164452
0.000000
1.370544
0.000000
0.156106
0.000000
0.000000
0.000000
0.000000
0.505432
0.000000
0.000000
0.000000
1.770474
0.000000
0.000000
0.000000
0.000000
0.244283
0.000000
0.802792
0.000000
0.305084
0.000000
0.000000
0.234255
0.000000
0.000000
0.000000
0.000000
0.000000
0.959623
0.000000
0.328988
0.664241
0.000000
0.000000
0.000000
0.000000
0.000000
0.000000
0.000000
0.000000
1.236375
0.000000
0.000000
0.000000
0.000000
0.000000
0.000000
0.000000
0.000000
0.000000
0.000000
0.000000
0.542740
0.000000
0.000000
0.180686
2.260992
0.000000
1.247702
1.793511
0.000000
0.000000
0.000000
0.000000
0.000000
0.000000
0.436585
0.000000
0.326674
0.000000
0.088648
1.154619
0.000000
0.000000
0.000000
0.000000
0.000000
0.168081
0.208681
0.882100
0.000000
0.000000
0.000000
0.000000
0.000000
0.000000
0.000000
0.000000
0.437904
0.000000
1.056046
0.000000
0.000000
0.398013
0.000000
0.000000
0.000000
0.033264
0.000000
0.000000
0.346083
0.000000
0.900531
0.000000
0.000000
0.000000
0.000000
0.000000
0.000000
0.000000
0.000000
0.000000
0.013817
0.000000
0.438282
1.072844
0.636375
0.000000
0.000000
0.047517
0.000000
0.882699
0.000000
0.000000
0.000000
0.000000
0.000000
0.162267
0.000000
0.000000
0.000000
0.000000
0.000000
0.000000
0.000000
0.000000
0.000000
0.632222
0.000000
0.000000
0.000000
0.000000
0.000000
0.000000
0.000000
0.000000
0.000000
0.000000
0.616996
1.029679
0.000000
0.000000
0.000000
0.000000
0.000000
0.106303
0.000000
0.000000
0.000000
0.000000
0.000000
0.000000
0.000000
0.000000
0.000000
0.000000
0.000000
0.000000
0.000000
0.000000
0.000000
0.000000
0.000000
0.000000
1.597512
0.000000
0.000000
0.000000
0.000000
0.000000
0.000000
0.000000
0.000000
0.000000
0.000000
0.000000
0.000000
0.000000
0.000000
0.000000
0.000000
0.000000
0.000000
0.000000
0.000000
0.000000
0.000000
0.000000
0.000000
0.000000
0.000000
0.399246
0.188167
0.335322
0.000000
0.000000
0.000000
1.569417
0.000000
0.000000
0.000000
0.914700
0.000000
0.000000
0.000000
0.000000
0.000000
0.000000
0.000000
0.000000
0.000000
0.000000
0.000000
0.700678
0.000000
0.000000
0.000000
0.000000
0.000000
1.711478
0.000000
0.000000
0.000000
0.000000
0.000000
0.268843
0.329955
0.055924
0.000000
0.000000
0.000000
0.333694
0.000000
0.000000
0.199387
0.474907
0.000000
0.000000
0.000000
0.000000
0.000000
0.000000
0.000000
0.000000
0.000000
0.000000
0.000000
0.000000
0.000000
0.000000
0.000000
0.574340
3.620153
0.000000
0.000000
0.238599
0.000000
0.000000
1.822869
0.000000
0.000000
0.000000
0.000000
0.000000
0.000000
0.000000
0.000000
0.383788
0.000000
0.286327
0.004074
0.000000
0.000000
0.000000
0.000000
0.766631
0.000000
0.000000
0.000000
0.000000
0.000000
0.000000
0.005912
0.000000
0.000000
0.000000
0.000000
0.000000
0.000000
0.000000
2.674261
0.000000
0.000000
0.000000
0.063138
0.000000
0.000000
0.000000
0.000000
0.000000
0.742562
2.438714
0.100106
0.000000
0.076354
0.904526
0.000000
0.000000
0.000000
0.000000
0.000000
0.619395
0.000000
0.000000
0.000000
0.010624
0.307195
0.664397
0.474826
0.000000
0.000000
0.000000
0.091692
0.000000
0.000000
0.000000
0.000000
0.000000
0.000000
0.863083
0.000000
0.305994
1.547033
0.000000
0.000000
0.000000
0.000000
0.000000
0.000000
0.111355
0.000000
0.407765
0.000000
0.000000
0.000000
0.000000
0.000000
0.000000
0.000000
0.000000
0.000000
0.191433
0.000000
0.000000
0.000000
0.000000
0.000000
0.368722
0.000000
0.000000
0.042746
0.000000
1.391192
0.000000
0.000000
0.000000
0.000000
1.055161
0.000000
0.000000
0.000000
0.000000
0.000000
0.000000
0.000000
0.000000
0.000000
0.000000
0.000000
0.000000
0.000000
0.000000
0.000000
1.264348
0.000000
0.000000
0.973635
0.000000
0.000000
0.000000
0.000000
0.000000
0.000000
0.000000
0.000000
0.000000
0.508122
0.000000
0.000000
0.000000
0.000000
0.125629
0.000000
0.000000
0.000000
0.000000
0.000000
1.297394
0.000000
0.000000
0.000000
0.000000
0.000000
0.000000
0.000000
0.000000
0.287383
0.000000
1.112216
3.839312
0.633222
0.000000
0.844041
0.000000
2.138895
0.000000
0.000000
0.000000
0.488628
0.000000
0.000000
0.000000
0.000000
0.000000
1.571556
0.000000
0.000000
0.000000
0.083442
0.000000
0.000000
0.000000
0.000000
0.000000
0.000000
0.000000
0.000000
0.000000
0.000000
0.000000
0.000000
0.000000
0.061263
0.000000
0.000000
0.000000
0.000000
0.000000
0.000000
0.000000
0.000000
0.266453
0.000000
0.000000
4.078840
0.000000
0.000000
0.333715
0.000000
0.000000
0.000000
0.000000
0.000000
0.000000
0.000000
0.000000
0.082219
0.000000
0.000000
0.000000
0.000000
0.000000
1.706812
0.000000
0.000000
0.000000
0.000000
0.000000
0.000000
1.664779
0.083319
0.000000
0.000000
0.534543
0.000000
0.000000
1.086251
0.000000
0.000000
1.036030
0.412556
0.000000
0.000000
0.000000
0.000000
0.000000
0.704205
1.326005
0.818624
0.000000
0.240355
0.000000
2.289802
0.000000
0.000000
0.101182
0.000000
0.000000
0.000000
0.000000
1.505033
0.467523
0.000000
0.068933
0.000000
0.000000
0.000000
0.000000
0.000000
0.000000
0.000000
0.000000
0.000000
0.000000
0.000000
0.000000
0.000000
0.000000
0.000000
0.043337
2.597106
0.000000
0.000000
0.000000
0.000000
0.812272
0.000000
0.000000
0.000000
0.851511
0.000000
0.000000
0.000000
0.000000
0.000000
0.000000
0.000000
0.000000
0.634242
0.000000
0.000000
0.000000
0.000000
0.000000
0.000000
0.000000
0.000000
0.000000
0.000000
0.000000
0.073866
0.720510
0.000000
0.000000
0.000000
0.827559
0.000000
0.000000
0.000000
0.000000
2.419037
0.000000
1.220045
0.000000
0.000000
0.000000
0.000000
0.000000
0.000000
0.568338
0.000000
0.000000
0.000000
0.869070
0.190089
0.000000
0.000000
0.000000
0.000000
0.000000
0.000000
0.000000
0.000000
0.488136
2.237035
0.000000
0.000000
0.000000
0.000000
0.000000
0.000000
0.000000
0.000000
0.000000
1.059881
0.000000
0.046279
0.000000
0.000000
0.000000
0.000000
0.161767
0.000000
1.855564
1.960413
0.226323
0.000000
0.000000
0.000000
0.000000
0.000000
0.145470
0.095149
0.000000
0.561232
0.905636
0.000000
0.000000
0.000000
3.475736
0.000000
0.000000
1.217342
0.226933
0.000000
0.000000
0.000000
0.000000
0.000000
0.274808
0.000000
0.000000
0.000000
0.000000
0.000000
0.523022
1.729809
1.856187
0.000000
0.000000
0.000000
0.000000
0.000000
1.812273
0.000000
0.000000
0.000000
0.000000
0.000000
0.000000
0.000000
0.000000
0.000000
0.000000
0.000000
1.718474
0.000000
0.000000
0.000000
0.000000
0.000000
0.000000
0.000000
0.000000
0.000000
0.000000
0.000000
0.000000
0.000000
0.000000
0.000000
0.227557
0.000000
0.000000
0.000000
0.000000
0.000000
0.000000
0.000000
0.000000
0.000000
0.000000
0.000000
0.000000
0.000000
0.000000
0.000000
0.000000
0.000000
0.000000
0.000000
0.000000
0.947687
0.494367
0.000000
0.000000
1.189451
0.171512
0.000000
0.000000
0.000000
0.000000
0.000000
0.000000
0.000000
0.000000
0.000000
0.000000
0.000000
0.000000
0.000000
0.000000
0.000000
0.126678
0.000000
0.000000
0.000000
0.000000
0.000000
0.307763
0.000000
0.000000
0.000000
0.330198
0.000000
0.000000
0.000000
0.119060
1.117149
0.000000
0.765880
0.000000
0.000000
0.000000
1.418066
0.000000
0.000000
0.000000
0.610361
0.000000
0.174183
0.000000
0.000000
0.926661
0.000000
1.243186
0.029396
0.000000
0.000000
0.000000
0.000000
0.000000
0.000000
0.000000
0.000000
0.477495
0.769485
0.000000
0.000000
0.367928
0.000000
2.110351
0.000000
0.000000
0.000000
0.000000
0.000000
1.627186
0.000000
0.000000
0.106807
0.000000
0.454076
0.000000
0.000000
0.000000
0.000000
0.000000
0.000000
0.000000
0.030997
0.761621
0.000000
0.000000
0.000000
0.000000
0.000000
0.000000
0.421898
0.000000
0.000000
0.000000
0.000000
0.000000
0.000000
1.455177
0.000000
0.000000
0.000000
1.479025
0.000000
0.000000
0.000000
0.820778
0.000000
0.813906
0.090170
0.000000
0.000000
0.000000
0.000000
0.000000
0.000000
0.000000
0.000000
0.000000
0.799309
0.000000
0.000000
0.000000
0.000000
0.000000
0.000000
0.000000
0.000000
0.000000
0.000000
0.000000
0.000000
0.000000
0.000000
1.056308
0.000000
0.531818
0.000000
0.000000
0.000000
0.048960
0.000000
0.529564
0.000000
0.000000
0.000000
1.632941
0.000000
0.000000
0.925405
1.402113
0.000000
0.354325
0.229123
0.000000
0.000000
0.000000
0.000000
0.181686
0.000000
0.472642
0.000000
0.000000
0.000000
0.000000
2.185796
0.356077
0.000000
0.000000
0.000000
0.000000
0.000000
0.000000
0.000000
0.000000
0.000000
0.000000
0.000000
0.000000
0.000000
0.053392
0.186350
1.499344
0.000000
0.816104
0.000000
0.000000
0.000000
0.000000
0.000000
0.000000
0.000000
0.165094
0.000000
0.000000
0.000000
1.428968
0.000000
1.407141
0.000000
0.000000
0.000000
0.000000
0.000000
0.059490
0.426124
0.000000
1.192232
0.000000
0.000000
0.000000
0.000000
0.000000
0.000000
0.000000
0.000000
0.000000
0.000000
0.000000
0.000000
0.000000
0.551247
0.000000
0.000000
0.000000
1.200938
0.538514
0.000000
0.000000
0.000000
0.000000
0.000000
0.000000
0.000000
0.000000
0.000000
0.000000
0.000000
0.000000
0.000000
0.657311
0.000000
0.000000
0.000000
0.000000
0.000000
0.000000
0.000000
0.000000
0.000000
0.000000
1.111716
0.000000
0.000000
0.343117
0.000000
0.000000
0.321670
0.000000
0.000000
0.000000
0.000000
0.000000
0.000000
0.000000
0.000000
0.000000
0.285543
0.000000
0.000000
0.000000
0.000000
0.000000
0.984784
1.614544
0.000000
0.000000
0.000000
0.000000
0.757236
0.000000
0.000000
0.000000
0.000000
2.547580
0.000000
0.000000
0.000000
0.000000
0.000000
0.262896
0.000000
0.124874
1.064080
1.183417
0.000000
0.711044
0.000000
0.000000
0.000000
0.000000
0.000000
2.217920
0.000000
0.000000
0.000834
0.000000
0.701804
0.000000
0.000000
0.000000
0.000000
0.000000
0.000000
0.000000
0.000000
0.000000
0.000000
0.410564
0.489470
0.668113
0.000000
0.000000
0.000000
0.000000
0.000000
0.000000
0.701124
0.000000
0.000000
0.000000
0.169609
0.000000
0.000000
0.000000
0.000000
0.000000
0.529695
0.000000
0.171727
0.171667
0.000000
0.530801
0.379738
0.000000
0.780373
0.000000
1.202852
0.000000
0.000000
0.000000
0.000000
1.706244
0.000000
0.000000
0.000000
0.000000
0.000000
0.000000
0.091773
0.000000
0.000000
0.107571
0.000000
0.000000
0.000000
0.000000
0.000000
1.462032
0.000000
0.000000
0.938416
0.000000
0.000000
0.000000
0.000000
0.000000
0.000000
0.000000
0.000000
0.000000
0.000000
1.958890
0.000000
0.000000
0.000000
0.484334
0.000000
0.000000
0.934219
0.000000
0.000000
0.000000
0.000000
0.000000
0.000000
0.000000
0.000000
0.000000
1.459108
0.000000
0.000000
1.385429
0.000000
0.000000
0.000000
0.488938
0.000000
0.000000
0.000000
0.000000
2.309416
0.000000
0.055808
0.069596
0.000000
0.000000
0.000000
0.000000
0.000000
0.000000
0.000000
0.000000
0.000000
0.000000
0.000000
0.000000
0.000000
0.000000
0.000000
0.000000
0.000000
0.000000
0.000000
0.000000
0.000000
0.060980
1.766913
0.000000
0.000000
0.000000
0.000000
0.000000
0.000000
0.000000
0.000000
3.041236
3.443823
0.000000
0.000000
0.044800
0.000000
0.328011
0.000000
0.000000
0.000000
0.053828
0.000000
0.000000
0.346390
0.000000
0.000000
0.000000
0.000000
3.421306
0.000000
0.000000
0.000000
0.000000
0.000000
0.000000
0.000000
0.000000
0.000000
1.263363
0.780175
0.000000
0.000000
0.000000
0.000000
0.000000
0.000000
0.000000
2.495666
0.000000
2.125188
0.000000
0.491897
0.000000
0.000000
0.000000
0.000000
1.099372
0.000000
0.000000
0.000000
0.000000
0.016079
0.000000
0.000000
0.000000
1.773264
0.000000
0.000000
0.000000
0.000000
0.000000
0.000000
0.000000
1.835376
0.000000
1.018156
0.000000
0.000000
0.000000
0.000000
0.000000
0.000000
0.000000
0.000000
0.000000
0.000000
0.000000
0.000000
0.000000
0.000000
0.254187
0.000000
0.000000
0.000000
0.120346
0.000000
0.000000
0.206645
0.000000
0.233179
0.000000
0.000000
0.366380
0.200893
0.000000
0.032581
0.328135
0.171214
1.570391
0.000000
0.000000
0.000000
0.000000
0.000000
0.000000
0.600395
0.000000
0.000000
0.000000
0.000000
0.000000
0.000000
0.000000
0.000000
0.000000
0.000000
0.000000
0.000000
0.000000
0.000000
0.000000
0.000000
0.000000
0.000000
0.000000
0.000000
0.000000
0.000000
0.000000
0.000000
0.000000
0.000000
0.000000
0.000000
0.000000
2.277343
0.000000
0.000000
0.000000
0.000000
0.000000
0.000000
0.030035
0.000000
0.000000
1.565812
0.000000
0.000000
0.000000
0.000000
0.000000
0.000000
0.000000
0.000000
0.000000
0.000000
0.053646
0.000000
0.000000
0.000000
0.490672
0.000000
0.000000
0.000000
0.000000
0.000000
0.000000
0.000000
0.372366
0.000000
1.878893
0.000000
0.000000
0.000000
0.000000
0.000000
0.000000
0.000000
0.000000
0.000000
0.000000
0.000000
1.732650
0.000000
2.946334
0.000000
0.000000
0.000000
1.744929
0.000000
0.000000
0.000000
0.000000
0.000000
0.000000
0.000000
0.000000
0.145081
0.000000
0.024701
0.000000
0.982481
0.000000
0.000000
0.000000
0.000000
0.000000
0.239630
1.397702
0.000000
0.000000
0.000000
0.000000
0.000000
0.000000
0.000000
0.000000
0.000000
0.487257
0.000000
0.736154
0.000000
0.000000
0.000000
0.000000
0.000000
0.000000
0.000000
0.000000
0.226833
0.000000
0.000000
0.000000
0.000000
0.000000
1.110128
0.000000
0.000000
0.000000
0.000000
0.000000
0.000000
0.000000
0.000000
1.615580
0.000000
0.000000
0.000000
0.000000
0.000000
0.000000
0.000000
0.000000
0.000000
0.000000
0.000000
0.000000
0.000000
0.000000
0.000000
0.698360
0.000000
0.000000
0.000000
0.458231
0.000000
0.000000
2.182056
0.000000
0.000000
0.000000
0.000000
0.000000
0.000000
0.000000
0.000000
0.000000
0.000000
0.000000
0.000000
0.000000
0.000000
0.000000
1.390706
0.000000
0.000000
0.705930
0.000000
0.000000
0.000000
0.000000
0.000000
0.000000
0.000000
0.000000
0.000000
0.000000
0.000000
0.000000
0.823167
1.546934
0.000000
0.000000
0.000000
0.000000
0.000000
0.000000
0.000000
0.955528
0.000000
0.000000
0.000000
0.000000
0.000000
0.000000
0.168035
0.000000
0.000000
0.000000
0.000000
0.000000
0.000000
0.000000
0.000000
0.000000
0.000000
0.000000
0.000000
0.232398
2.995465
0.000000
2.073838
0.000000
0.000000
0.000000
0.080258
0.000000
0.000000
0.000000
0.000000
0.000000
0.000000
0.000000
0.000000
0.000000
0.000000
0.000000
0.000000
0.719730
0.000000
0.000000
0.000000
0.000000
0.000000
1.965018
0.000000
0.465885
0.000000
0.000000
1.930844
0.000000
0.000000
0.000000
0.000000
0.000000
0.717297
0.000000
0.000000
0.250687
0.303723
0.000000
0.000000
1.576339
0.000000
0.000000
0.000000
0.626625
0.000000
0.000000
0.000000
0.111953
0.000000
0.040063
0.000000
0.000000
0.000000
3.049865
0.000000
1.710329
0.000000
0.000000
0.000000
0.000000
0.000000
0.000000
0.000000
0.000000
0.000000
0.000000
0.000000
0.000000
0.000000
0.000000
0.000000
0.000000
2.076417
0.000000
0.000000
0.000000
0.000000
0.258742
0.000000
0.166460
1.532015
0.483970
0.000000
0.000000
0.057036
0.000000
0.000000
1.755600
0.000000
0.000000
0.000000
0.000000
0.000000
2.040947
0.000000
0.000000
0.000000
0.000000
1.873533
1.254912
0.483038
0.000000
0.000000
0.000000
0.000000
0.000000
0.000000
0.000000
0.000000
0.000000
0.000000
0.690498
0.000000
0.000000
0.000000
0.000000
0.000000
0.000000
0.000000
1.304198
1.053779
0.000000
0.000000
1.087976
0.137591
0.000000
0.000000
0.000000
0.000000
0.000000
0.000000
0.033457
0.000000
0.000000
0.444743
0.000000
0.096621
0.427757
0.000000
0.000000
0.000000
0.000000
0.914551
0.000000
0.617659
0.000000
0.000000
1.016097
0.000000
0.000000
0.000000
0.000000
0.000000
0.214496
0.000000
0.000000
1.382044
0.000000
0.000000
0.030868
0.000000
0.000000
0.000000
0.000000
0.000000
0.000000
0.000000
0.000000
0.000000
0.000000
0.641818
0.000000
0.000000
1.114142
0.000000
0.000000
0.000000
0.000000
0.562674
0.000000
0.160623
0.000000
0.000000
0.000000
0.608226
0.000000
0.000000
2.751115
0.000000
0.000000
0.000000
0.000000
0.000000
0.000000
0.000000
0.000000
0.000000
0.000000
0.000000
0.000000
0.000000
0.118169
0.000000
0.000000
0.000000
0.000000
0.505372
0.000000
0.000000
0.000000
0.000000
0.000000
0.000000
0.000000
0.000000
0.649818
0.000000
0.000000
0.000000
0.000000
0.422493
0.000000
0.000000
0.000000
0.000000
0.000000
0.000000
0.000000
0.000000
0.000000
0.000000
0.000000
0.000000
0.000000
0.452256
0.000000
0.000000
0.000000
0.000000
0.000000
0.000000
0.000000
0.000000
0.000000
0.000000
0.000000
0.000000
0.000000
0.000000
0.000000
0.000000
0.000000
0.000000
0.000000
0.000000
0.000000
0.000000
0.000000
0.000000
0.111075
0.000000
0.000000
0.000000
0.000000
0.000000
0.000000
0.000000
0.000000
0.000000
1.537568
0.000000
0.000000
0.000000
0.000000
0.000000
0.000000
0.000000
0.000000
0.000000
0.000000
0.000000
0.000000
0.859843
1.596620
0.000000
0.000000
0.000000
0.000000
1.424043
0.000000
0.000000
0.000000
0.839180
0.000000
0.000000
0.000000
0.266846
0.000000
0.000000
0.000000
0.078296
0.000000
0.000000
0.000000
0.000000
0.000000
0.000000
0.000000
0.757608
0.000000
0.000000
0.000000
0.000000
0.000000
0.000000
0.000000
0.000000
0.160586
0.327802
0.000000
0.000000
1.162829
0.000000
0.244219
0.000000
0.000000
0.884270
0.149529
0.000000
0.000000
0.000000
0.000000
0.000000
0.736257
0.000000
0.000000
0.689922
0.000000
0.000000
0.000000
0.000000
0.450628
0.000000
0.000000
0.000000
0.000000
2.289734
0.000000
0.000000
0.000000
0.000000
0.000000
0.000000
0.000000
0.000000
0.000000
0.000000
0.000000
0.000000
0.000000
0.000000
0.000000
0.000000
0.782328
0.000000
0.000000
0.000000
0.000000
0.000000
1.620318
0.000000
0.000000
0.000000
0.000000
0.954631
0.000000
0.000000
0.000000
0.000000
0.000000
0.000000
0.416527
0.000000
0.000000
0.031358
0.000000
0.496360
0.000000
0.904179
0.000000
0.000000
0.000000
0.000000
0.431465
0.000000
0.546140
0.000000
0.000000
0.000000
0.000000
0.000000
0.000000
0.000000
0.000000
1.429056
0.000000
0.000000
2.230455
0.000000
0.000000
1.570345
0.000000
0.000000
0.000000
0.000000
0.000000
0.000000
0.000000
0.000000
0.186697
0.000000
0.903342
0.000000
0.000000
0.000000
0.000000
0.473851
1.385725
0.000000
0.690125
0.000000
0.000000
1.092231
0.000000
0.000000
0.000000
0.000000
0.000000
0.000000
0.000000
0.000000
0.000000
0.000000
0.000000
0.000000
1.760680
0.000000
1.512737
0.000000
0.000000
0.000000
2.141840
0.000000
0.000000
0.279650
0.000000
0.631624
0.000000
0.138125
0.000000
0.000000
0.000000
0.000000
0.000000
0.000000
0.000000
0.000000
2.564109
0.000000
0.000000
0.000000
1.219438
0.938412
0.000000
2.316079
0.236794
0.000000
0.090674
0.718501
0.000000
0.000000
0.871987
0.000000
0.000000
0.000000
0.000000
0.000000
0.371500
0.000000
0.000000
0.000000
0.450065
0.000000
0.000000
0.000000
0.000000
0.000000
0.000000
0.263106
0.000000
0.332235
0.000000
0.000000
0.000000
0.000000
0.000000
0.000000
0.000000
0.000000
0.000000
2.086322
0.000000
0.000000
0.000000
0.000000
0.000000
0.113276
0.228918
0.982682
0.000000
0.000000
0.000000
0.000000
0.000000
0.000000
0.000000
0.000000
0.000000
0.000000
0.000000
0.000000
0.000000
0.177860
0.000000
0.000000
0.000000
0.000000
0.000000
0.643094
0.628269
2.602823
0.000000
0.000000
0.000000
0.000000
0.000000
0.000000
0.073866
0.292989
0.000000
0.000000
1.647628
0.000000
0.000000
1.309065
0.634614
0.000000
0.000000
0.318696
0.000000
0.000000
0.000000
0.000000
0.439837
0.000000
0.000000
0.000000
0.981424
0.000000
0.000000
0.000000
0.000000
0.000000
1.560840
0.000000
0.647760
0.000000
0.000000
1.746574
0.000000
0.000000
0.000000
0.113023
0.000000
0.000000
0.000000
0.000000
0.000000
1.498981
0.000000
0.000000
0.000000
0.000000
0.000000
0.000000
0.349420
0.000000
0.000000
0.198577
0.000000
1.301284
0.000000
0.000000
0.000000
1.616765
0.000000
0.245462
0.000000
0.000000
0.000000
0.101151
0.000000
0.023966
1.261959
0.000000
0.000000
0.000000
0.000000
0.700351
0.000000
0.000000
0.000000
0.000000
0.675726
0.000000
0.000000
0.980673
0.000000
0.000000
0.000000
0.000000
0.000000
0.000000
0.000000
0.000000
0.000000
0.000000
0.000000
0.000000
2.185041
0.377179
0.462921
0.000000
0.951394
0.000000
0.463088
0.000000
0.000000
0.000000
0.000000
0.124883
0.000000
1.014567
0.000000
0.000000
0.000000
0.000000
0.630195
2.021926
0.000000
0.000000
0.000000
0.000000
0.266439
1.663646
1.097051
0.000000
0.720929
1.155604
0.000000
0.000000
3.532851
0.000000
0.000000
0.000000
0.362635
0.000000
1.150534
0.000000
0.000000
0.000000
0.000000
0.000000
0.000000
0.000000
0.000000
0.399487
0.000000
0.000000
0.000000
0.000000
0.000000
0.000000
0.000000
0.000000
0.000000
0.000000
1.619334
2.152260
2.104552
0.000000
0.000000
0.000000
0.000000
0.000000
0.000000
0.000000
0.000000
0.000000
0.000000
0.000000
0.000000
0.000000
1.419153
0.180891
0.103281
0.000000
0.000000
0.000000
0.000000
0.000000
0.000000
1.066568
0.000000
0.104454
0.000000
0.000000
0.000000
0.000000
0.000000
0.676601
0.000000
0.000000
0.000000
0.000000
0.000000
0.000000
0.000000
0.123993
0.000000
0.000000
0.000000
0.000000
0.000000
0.000000
0.000000
0.000000
0.000000
0.223348
0.000000
0.000000
2.522624
0.000000
0.000000
0.000000
0.000000
0.000000
0.842588
0.000000
0.000000
0.000000
0.000000
0.000000
0.000000
0.000000
0.000000
0.000000
0.000000
0.000000
0.000000
0.622263
0.000000
0.343210
0.000000
0.000000
0.000000
0.000000
0.000000
0.000000
0.224992
0.000000
0.000000
0.000000
0.000000
0.000000
0.000000
0.000000
0.000000
0.000000
0.000000
0.000000
0.000000
0.000000
0.000000
0.000000
0.000000
0.000000
0.472414
0.037752
0.000000
0.026921
0.015604
0.000000
0.381890
0.000000
0.000000
0.000000
0.000000
0.730272
0.000000
0.000000
0.000000
0.168627
1.040922
0.000000
0.000000
0.000000
1.996998
2.846747
0.000000
0.000000
1.101319
0.000000
1.630324
0.000000
0.738731
0.000000
0.000000
0.000000
0.000000
0.000000
0.000000
0.000000
0.000000
0.000000
0.000000
0.000000
0.000000
0.000000
0.000000
0.000000
0.000000
0.000000
0.000000
0.000000
0.000000
0.000000
0.000000
0.000000
0.000000
0.000000
0.000000
0.000000
0.000000
0.000000
0.000000
1.776138
0.000000
0.000000
0.000000
1.120947
0.000000
0.000000
0.000000
0.000000
0.000000
0.000000
0.000000
2.448104
0.000000
0.000000
0.654031
0.000000
1.304118
0.000000
0.000000
0.000000
0.000000
0.978788
0.966093
0.000000
0.000000
0.000000
0.000000
0.000000
0.000000
0.148514
0.000000
0.000000
0.000000
1.193250
0.000000
0.000000
0.000000
0.000000
0.091779
1.868569
0.000000
0.000000
0.000000
0.000000
0.000000
0.000000
0.000000
0.000000
0.000000
0.000000
0.000000
0.000000
0.000000
0.000000
0.440302
0.000000
0.000000
0.000000
0.000000
0.000000
0.000000
0.000000
0.000000
0.000000
0.000000
0.000000
0.000000
0.000000
0.000000
0.000000
0.000000
0.000000
0.367510
0.000000
0.000000
0.000000
0.000000
0.000000
0.000000
0.000000
0.372698
0.000000
0.000000
0.570692
0.000000
0.491558
0.000000
0.000000
0.000000
0.000000
0.174463
0.000000
0.000000
1.944824
1.153543
0.000000
0.000000
0.000000
0.000000
0.000000
0.000000
0.000000
0.000000
0.000000
0.000000
0.000000
0.000000
0.000000
0.000000
0.000000
0.000000
0.000000
0.000000
0.000000
1.005657
0.000000
0.000000
0.000000
1.100931
0.001130
0.000000
0.000000
0.000000
0.000000
0.000000
0.000000
0.000000
0.000000
0.000000
0.000000
0.051881
0.000000
0.000000
0.000000
0.000000
0.000000
0.000000
0.000000
0.000000
0.000000
0.000000
0.000000
0.000000
0.000000
0.000000
0.000000
0.000000
1.382845
0.000000
0.000000
0.000000
0.000000
0.000000
2.573678
1.642344
0.000000
0.000000
0.000000
0.000000
0.000000
0.000000
0.000000
0.000000
2.569361
0.000000
0.000000
0.000000
0.000000
0.000000
0.000000
0.824816
0.000000
0.000000
0.000000
0.000000
0.544313
0.000000
0.284668
0.219047
0.000000
0.000000
0.000000
0.000000
0.000000
0.000000
0.000000
0.000000
0.000000
0.000000
0.000000
0.000000
0.000000
0.000000
0.257361
0.000000
0.000000
0.000000
0.000000
0.000000
0.000000
0.000000
0.000000
0.000000
0.452236
0.890191
0.000000
0.000000
0.000000
0.000000
0.000000
0.233587
1.319457
0.000000
0.328332
1.222011
0.462930
0.000000
2.040200
0.193701
0.000000
0.000000
1.111530
0.000000
0.000000
0.279648
0.000000
0.000000
0.000000
0.000000
0.000000
0.959066
0.000000
0.000000
0.480073
0.000000
0.000000
0.000000
0.000000
0.888869
0.000000
0.000000
0.000000
0.000000
0.000000
0.654850
0.000000
0.972535
0.000000
0.000000
0.000000
0.192581
0.000000
1.739564
0.000000
0.000000
0.000000
0.337543
0.000000
0.000000
1.668167
0.000000
0.000000
0.000000
0.000000
0.000000
0.000000
0.223744
0.000000
0.000000
0.000000
0.000000
0.948471
0.000000
0.000000
0.000000
0.000000
1.558316
0.000000
0.000000
0.000000
0.000000
0.000000
0.000000
0.000000
0.000000
0.000000
0.000000
4.170820
0.000000
0.000000
0.000000
0.000000
0.000000
0.000000
0.000000
0.000000
0.000000
0.000000
0.000000
0.000000
0.000000
0.000000
0.000000
0.000000
1.024702
0.000000
0.000000
0.000000
0.537891
0.000000
0.000000
0.578160
0.133782
0.000000
0.000000
0.000000
0.000000
0.000000
0.000000
0.000000
0.608789
0.000000
0.064566
0.000000
0.130378
0.950686
0.000000
0.000000
0.000000
0.684347
0.000000
0.000000
0.000000
0.000000
0.000000
0.000000
0.000000
0.106036
1.014630
0.000000
0.310001
0.000000
0.000000
0.000000
0.190844
0.000000
0.000000
0.000000
0.000000
0.000000
0.316889
0.000000
0.000000
0.000000
0.000000
0.000000
0.000000
0.000000
0.000000
0.017477
0.000000
0.000000
0.000000
0.000000
0.403346
0.000000
2.205976
0.000000
0.457931
0.000000
0.000000
0.000000
0.000000
0.000000
0.000000
0.000000
0.000000
0.000000
0.000000
0.000000
0.000000
0.760549
0.000000
0.000000
0.000000
0.000000
0.000000
0.000000
0.000000
0.000000
0.000000
0.000000
0.000000
0.000000
0.000000
0.000000
0.000000
0.240282
0.497859
0.540275
0.000000
0.000000
0.000000
0.000000
0.000000
0.000000
0.000000
0.000000
0.505766
0.000000
0.000000
0.000000
0.000000
0.000000
0.000000
0.000000
0.812964
0.000000
0.000000
0.000000
0.000000
0.000000
0.000000
0.000000
0.000000
0.422331
0.000000
0.618426
0.000000
0.000000
0.000000
0.000000
0.000000
0.000000
0.000000
0.000000
0.000000
0.000000
0.000000
0.000000
0.139496
0.000000
0.000000
0.000000
0.000000
0.203382
0.000000
0.856169
0.000000
0.000000
0.000000
0.000000
0.573397
0.400125
0.000000
0.000000
0.546364
0.000000
3.233581
0.290498
0.000000
0.000000
2.119759
0.000000
1.178939
0.000000
0.000000
0.000000
0.000000
0.000000
1.319953
0.000000
0.000000
0.000000
0.000000
1.483154
0.000000
0.000000
0.315086
0.000000
2.430409
0.928856
0.000000
1.083356
0.000000
0.682292
0.000000
0.000000
0.000000
0.000000
0.000000
0.000000
0.000000
0.000000
0.036764
0.000000
0.000000
0.000000
3.147406
0.355219
0.000000
0.000000
0.000000
0.000000
0.122021
0.000000
0.000000
0.000000
0.000000
0.000000
0.000000
0.156230
0.000000
0.000000
0.000000
0.051732
0.000000
0.000000
0.383955
0.000000
0.000000
0.000000
0.000000
0.000000
0.000000
0.000000
0.000000
0.789786
0.000000
0.000000
0.000000
0.000000
0.000000
0.000000
0.000000
0.000000
0.000000
0.000000
0.000000
0.880016
0.000000
0.000000
0.080446
0.000000
0.000000
0.000000
0.000000
0.000000
0.000000
0.000000
1.035981
0.808493
0.000000
0.000000
2.417055
0.000000
0.000000
0.000000
0.879350
3.037604
0.000000
0.000000
0.000000
0.000000
0.000000
0.000000
0.000000
0.623826
0.000000
0.594993
0.000000
0.000000
0.000000
0.000000
1.016058
0.670920
0.000000
0.000000
0.000000
0.019371
0.363761
0.000000
0.941484
0.000000
0.637721
0.000000
0.000000
0.000000
0.000000
0.076399
0.709774
0.000000
0.000000
0.000000
0.213815
0.000000
0.000000
0.000000
0.000000
0.000000
0.000000
0.000000
0.000000
0.000000
0.885686
0.000000
0.000000
0.000000
0.000000
0.308667
0.000000
0.000000
0.155257
0.000000
0.000000
1.917938
0.124632
0.196656
0.000000
0.514919
0.000000
0.000000
0.000000
1.142579
0.000000
0.000000
0.000000
0.000000
0.000000
0.000000
0.000000
0.000000
0.000000
0.000000
0.000000
1.002049
0.000000
0.000000
1.163203
0.000000
0.000000
0.000000
0.000000
0.000000
0.000000
0.000000
0.000000
0.000000
0.000000
0.000000
0.975411
0.000000
0.000000
0.000000
1.250116
0.000000
0.000000
1.507551
0.000000
0.000000
0.000000
0.000000
0.000000
0.000000
0.000000
0.000000
0.000000
0.000000
0.000000
0.000000
3.096903
0.920148
0.000000
1.366333
0.000000
0.000000
0.000000
0.000000
0.000000
0.413795
0.000000
0.000000
0.000000
0.000000
0.000000
0.000000
0.000000
0.000000
0.302968
0.558468
0.000000
0.000000
0.842320
0.000000
1.320854
0.000000
0.000000
0.000000
0.000000
0.000000
0.000000
0.000000
0.289420
0.493801
0.000000
0.000000
0.492292
0.000000
0.048332
0.000000
0.960797
0.000000
0.000000
0.684056
0.000000
0.000000
0.000000
0.000000
0.045694
0.000000
0.000000
0.000000
0.000000
0.000000
0.000000
0.000000
0.209594
0.000000
0.000000
0.000000
0.000000
0.000000
0.000000
0.001467
0.000000
0.000000
0.000000
0.004601
0.000000
0.000000
0.000000
0.000000
0.317715
0.000000
0.000000
0.000000
0.000000
0.000000
0.000000
0.000000
0.000000
0.000000
0.000000
0.000000
0.000000
0.000000
1.395546
0.000000
0.000000
0.000000
0.000000
0.818016
0.000000
0.000000
0.000000
0.000000
1.749993
0.000000
3.166744
0.027957
0.000000
0.000000
0.000000
0.000000
0.000000
0.000000
0.384076
0.000000
0.000000
0.000000
0.000000
0.000000
0.000000
0.000000
1.900954
0.000000
0.000000
0.000000
0.000000
0.000000
0.000000
0.000000
0.000000
0.000000
0.149064
0.000000
0.000000
0.000000
0.000000
0.000000
0.000000
0.649529
1.103556
0.000000
0.000000
0.000000
0.000000
0.000000
0.000000
0.000000
0.941022
0.000000
0.000000
0.000000
0.276747
0.000000
2.227229
2.520044
0.000000
0.000000
0.000000
0.000000
0.000000
0.000000
0.000000
0.000000
0.000000
0.000000
0.000000
0.000000
0.000000
0.712218
0.000000
0.000000
0.000000
0.000000
0.000000
0.066967
0.000000
0.000000
0.000000
0.000000
0.000000
0.000000
0.000000
0.000000
0.000000
0.000000
0.000000
0.000000
0.619460
0.000000
0.487300
0.000000
0.000000
0.000000
0.910372
0.000000
0.000000
0.000000
0.000000
0.000000
0.308559
0.744693
0.000000
0.000000
0.000000
0.000000
0.000000
0.000000
0.000000
0.230583
0.000000
0.000000
0.000000
0.000000
1.518934
0.000000
0.000000
0.996706
1.488584
0.000000
0.000000
0.000000
0.000000
3.666511
0.000000
1.645391
0.000000
0.000000
0.000000
0.000000
0.410813
0.000000
0.386812
2.564731
0.000000
0.686379
1.975963
0.000000
0.000000
0.000000
0.186239
0.000000
0.000000
0.000000
0.000000
0.000000
0.737803
0.000000
1.276271
0.000000
0.000000
0.000000
0.000000
0.741669
1.710733
0.000000
0.000000
0.000000
0.000000
0.000000
1.914771
0.000000
0.000000
0.000000
0.000000
0.000000
0.000000
0.000000
0.000000
0.000000
0.000000
0.000000
1.672300
0.000000
0.000000
0.000000
0.000000
0.000000
1.058900
0.000000
0.000000
0.000000
3.261866
0.324400
0.000000
1.180645
0.000000
1.739715
0.000000
0.000000
0.000000
0.000000
0.000000
0.294602
0.000000
0.108915
0.000000
0.000000
0.000000
0.000000
0.615476
0.548775
0.000000
0.296437
0.000000
0.000000
0.000000
0.000000
0.000000
0.000000
0.000000
0.000000
0.000000
0.000000
0.744773
0.000000
0.671209
0.000000
0.000000
0.000000
0.000000
0.000000
1.171864
0.000000
0.000000
0.000000
0.000000
0.000000
0.000000
0.000000
0.000000
0.000000
0.000000
0.000000
0.024686
1.191549
0.327471
0.000000
0.000000
0.290828
0.000000
0.000000
0.498958
0.000000
0.000000
0.000000
0.000000
0.000000
0.000000
1.263226
0.000000
0.000000
0.000000
0.773616
0.000000
0.000000
0.000000
0.235166
0.000000
0.000000
0.000000
0.000000
0.000000
0.000000
0.000000
0.000000
0.000000
0.000000
0.000000
2.840670
0.000000
0.000000
1.790593
0.000000
0.000000
0.000000
0.000000
0.000000
0.000000
0.000000
0.000000
0.000000
0.000000
0.000000
1.340904
0.000000
0.000000
1.463087
0.000000
0.121683
0.000000
0.000000
0.000000
0.000000
0.000000
0.954183
1.687206
0.000000
0.490098
0.000000
0.000000
0.849979
0.050471
1.012093
0.000000
0.000000
0.000000
0.000000
0.000000
2.082239
0.000000
0.000000
0.000000
0.000000
2.964849
0.000000
0.000000
0.613709
0.982778
3.342757
0.000000
0.000000
0.000000
0.000000
0.000000
0.000000
0.000000
0.000000
0.000000
0.400046
0.518105
0.000000
0.000000
0.000000
0.000000
0.000000
0.000000
0.000000
0.000000
0.545836
0.000000
0.000000
0.000000
0.000000
0.000000
0.000000
0.000000
0.000000
0.000000
0.000000
0.000000
0.000000
0.000000
0.000000
0.000000
0.000000
0.000000
0.000000
0.000000
0.000000
0.000000
