0.000000
0.000000
0.000000
0.000000
0.000000
0.000000
0.568449
0.000000
0.602749
1.541442
0.000000
0.000000
1.019153
0.000000
0.000000
0.000000
0.034751
0.000000
0.000000
0.215155
0.000000
0.000000
0.000000
0.139162
0.000000
1.072817
0.000000
0.000000
0.000000
2.444136
0.000000
0.000000
0.000000
0.000000
1.358135
0.556185
0.000000
0.000000
0.000000
0.000000
0.218671
0.000000
0.547282
0.000000
1.791633
1.362778
1.723056
0.000000
0.000000
0.000000
0.000000
0.000000
0.000000
0.000000
0.000000
0.000000
0.839127
0.000000
0.000000
0.000000
0.000000
0.000000
0.000000
0.000000
0.000000
0.039999
0.000000
0.000000
0.000000
0.000000
0.000000
0.000000
0.000000
0.000000
0.000000
1.774674
0.000000
2.186283
0.000000
0.341443
0.274760
0.000000
0.000000
0.000000
0.000000
0.000000
0.000000
0.760104
0.000000
0.000000
0.000000
0.000000
0.142502
0.000000
0.000000
0.000000
0.000000
0.000000
0.000000
1.408109
0.000000
0.000000
0.000000
0.000000
1.320117
0.583977
0.995908
0.000000
0.210830
0.000000
0.000000
0.000000
0.000000
1.179151
0.000000
1.587920
0.000000
0.000000
0.064167
0.000000
0.000000
0.000000
0.073883
0.233104
0.000000
0.878166
0.000000
0.000000
0.000000
0.000000
0.000000
0.000000
0.000000
0.000000
0.360148
0.000000
0.798927
0.000000
0.000000
0.477426
0.000000
1.788768
1.386624
0.000000
1.497763
0.000000
0.000000
0.000000
0.000000
0.000000
0.000000
1.834831
0.000000
0.000000
0.000000
0.000000
0.000000
0.000000
0.000000
0.000000
0.000000
0.000000
0.000000
0.000000
1.312523
0.000000
0.735932
0.000000
0.000000
0.409388
0.000000
0.000000
0.000000
0.000000
0.000000
0.000000
0.000000
0.000000
0.000000
0.000000
0.000000
0.000000
0.000000
0.528623
0.000000
0.000000
0.000000
0.000000
0.000000
0.000000
0.000000
0.000000
0.000000
0.000000
0.000000
0.449261
0.000000
0.000000
0.000000
0.000000
0.000000
0.000000
0.000000
0.000000
0.000000
0.000000
0.999032
0.000000
0.749615
0.000000
0.000000
0.000000
0.000000
0.839782
0.000000
0.000000
0.906561
0.848593
0.000000
0.000000
0.000000
0.000000
0.000000
0.000000
0.396401
0.260669
2.073789
0.606107
2.211475
0.000000
0.000000
0.000000
0.000000
0.000000
0.000000
0.000000
0.000000
0.000000
0.000000
0.549963
0.000000
0.830407
0.000000
0.000000
0.609876
1.389948
0.000000
0.000000
0.000000
0.000000
0.577156
0.000000
0.782783
2.412170
0.000000
0.000000
0.000000
0.000000
0.000000
0.190854
0.000000
0.000000
0.000000
0.000000
0.000000
0.000000
0.000000
0.000000
0.000000
0.000000
3.933768
0.000000
0.000000
0.000000
0.000000
0.000000
0.000000
0.000000
0.000000
0.000000
0.000000
0.000000
0.877512
0.000000
0.734485
0.000000
0.000000
0.000000
2.741668
0.000000
0.000000
0.000000
0.000000
0.000000
0.000000
0.000000
0.000000
0.000000
2.774083
2.106144
0.000000
0.000000
0.000000
0.000000
0.280423
0.000000
0.916434
0.000000
0.000000
0.000000
0.000000
0.000000
1.135179
1.286701
0.000000
0.000000
0.000000
0.000000
0.000000
0.000000
2.371619
0.000000
0.000000
0.000000
0.000000
0.000000
0.000000
0.000000
0.000000
0.000000
0.342639
0.400792
0.413742
0.000000
1.932638
0.000000
1.107705
1.963092
0.000000
0.000000
0.577095
0.000000
0.000000
2.140630
0.000000
0.000000
0.000000
0.828644
0.000000
1.282695
0.729497
1.108646
0.000000
0.000000
0.000000
0.000000
0.000000
0.000000
0.000000
0.000000
0.133395
0.000000
0.000000
0.232813
0.000000
0.000000
0.000000
0.000000
0.000000
2.152547
0.000000
0.106320
0.000000
0.937522
0.000000
1.401274
0.000000
0.000000
0.000000
0.000000
0.724123
0.000000
0.095466
0.000000
0.000000
0.000000
0.000000
0.280536
0.198543
0.000000
2.018117
0.000000
3.191409
0.056707
0.000000
0.000000
0.956052
0.000000
0.000000
1.244293
0.000000
0.000000
0.250330
0.000000
0.000000
0.000000
0.000000
0.000000
0.000000
0.000000
0.000000
0.000000
0.000000
0.000000
0.000000
0.000000
0.000000
3.284122
0.000000
0.000000
0.000000
0.648780
0.964640
0.000000
0.474240
0.000000
0.000000
0.000000
0.000000
0.000000
0.000000
0.884043
0.000000
0.000000
0.000000
0.000000
0.000000
0.000000
0.000000
0.000000
0.000000
0.486134
0.000000
0.000000
0.000000
1.179088
0.615011
0.000000
0.000000
0.000000
0.000000
0.000000
1.038353
0.000000
0.000000
0.000000
0.942138
0.000000
0.000000
2.437394
0.000000
0.000000
0.000000
0.000000
0.000000
0.000000
0.000000
0.000000
0.000000
0.000000
0.000000
0.043086
0.000000
1.242394
0.000000
0.000000
0.000000
1.583031
0.000000
0.000000
0.000000
1.567210
1.821800
1.415584
0.000000
0.000000
0.839607
0.140708
0.000000
0.000000
0.000000
0.191427
0.000000
0.000000
0.862940
0.000000
0.000000
0.000000
0.000000
0.000000
0.000000
0.000000
0.000000
0.000000
0.000000
0.000000
0.000000
0.000000
0.000000
0.000000
0.000000
0.704935
0.000000
0.328662
0.000000
0.000000
0.575289
0.000000
0.381319
0.000000
0.468506
0.000000
0.000000
0.000000
0.000000
0.031796
0.000000
3.534401
0.000000
0.000000
0.000000
0.172522
0.000000
0.000000
0.215545
0.000000
1.275926
0.000000
0.000000
0.000000
0.000000
0.000000
0.000000
0.000000
0.000000
0.000000
0.000000
0.622519
0.000000
0.000000
0.870574
0.000000
0.000000
2.242076
0.300750
1.280644
0.873196
0.000000
0.348962
0.000000
0.397570
1.196826
0.000000
0.000000
0.687090
0.000000
0.000000
0.000000
2.056090
0.510134
0.000000
0.000000
0.000000
0.565472
0.433344
0.000000
1.921947
0.669000
0.000000
0.000000
0.000000
0.000000
0.104798
0.000000
0.000000
0.000000
0.000000
0.000000
0.000000
0.000000
0.000000
0.000000
0.000000
0.460523
1.179528
0.000000
0.000000
0.000000
0.000000
1.224695
0.000000
0.452509
0.000000
0.000000
0.135846
0.000000
0.000000
0.000000
0.000000
0.000000
0.000000
0.435625
0.000000
0.000000
0.000000
0.000000
0.832143
0.000000
0.000000
0.000000
0.000000
1.627022
0.000000
0.000000
2.019268
0.000000
0.000000
0.736355
0.000000
0.000000
0.000000
0.000000
0.000000
1.536066
0.000000
0.725083
0.000000
0.000000
0.210895
0.000000
0.903674
0.000000
0.000000
0.000000
0.000000
0.000000
0.000000
0.000000
0.387478
0.000000
1.675658
0.968904
0.972354
0.000000
0.000000
0.000000
0.000000
0.000000
0.000000
0.000000
0.000000
0.000000
0.000000
0.000000
0.000000
0.000000
2.601012
0.000000
0.792906
1.168873
0.000000
0.000000
0.000000
0.000000
0.000000
0.000000
0.217835
0.000000
0.000000
0.000000
0.000000
0.346825
0.000000
0.000000
0.000000
0.000000
0.000000
0.000000
0.000000
0.930214
0.000000
0.658091
0.000000
0.000000
0.000000
0.283423
0.000000
0.000000
0.965266
0.413481
0.495870
0.000000
0.000000
0.271736
0.000000
0.000000
0.000000
0.000000
0.000000
0.000000
0.000000
0.000000
0.000000
0.000000
0.000000
0.432426
1.582632
0.593231
0.000000
0.000000
0.000000
0.000000
0.239351
0.000000
0.000000
0.000000
0.487220
0.000000
0.000000
0.000000
0.000000
0.000000
0.000000
0.000000
0.377209
0.000000
0.000000
0.000000
0.761707
0.000000
0.000000
1.237233
0.000000
0.000000
0.000000
0.907682
0.000000
0.000000
0.000000
0.000000
0.000000
0.000000
0.000000
0.000000
0.000000
0.526457
0.000000
0.905730
2.337637
0.000000
0.000000
0.000000
0.000000
0.000000
0.998713
0.000000
0.000000
0.000000
0.000000
0.000000
0.000000
1.971522
0.000000
1.042037
0.000000
0.000000
0.000000
0.000000
0.000000
0.000000
0.000000
0.000000
0.633171
0.000000
0.171172
0.000000
0.000000
0.000000
0.855717
0.000000
0.000000
0.000000
0.000000
0.000000
0.000000
0.000000
1.369044
0.000000
0.000000
0.000000
0.000000
0.000000
0.000000
0.000000
0.000000
1.226229
0.000000
0.000000
0.000000
0.000000
0.000000
0.000000
0.000000
0.000000
0.000000
0.000000
0.000000
0.571123
0.000000
0.000000
0.000000
0.093862
0.472893
0.000000
0.000000
0.000000
0.000000
0.000000
0.000000
0.000000
0.000000
0.000000
0.000000
1.449209
0.000000
0.000000
0.000000
0.231177
0.188642
0.756728
0.000000
0.000000
1.464870
0.000000
0.000000
0.000000
0.000000
0.000000
0.000000
0.000000
0.000000
0.000000
0.000000
0.000000
0.263824
1.958959
0.563806
0.000000
0.000000
0.000000
0.000000
0.000000
0.000000
0.000000
0.000000
0.643856
0.000000
0.151478
0.000000
0.000000
0.000000
1.185581
1.349458
0.000000
0.886546
0.000000
0.000000
0.000000
0.064928
0.000000
0.000000
0.000000
0.000000
0.000000
0.000000
0.000000
0.000000
1.626459
0.000000
0.000000
0.000000
0.000000
0.000000
0.000000
0.000000
3.236894
0.000000
0.000000
0.000000
0.000000
0.000000
1.852706
0.000000
0.000000
0.000000
0.000000
0.000000
0.000000
0.000000
0.000000
0.000000
0.000000
0.000000
0.000000
0.000000
0.000000
0.000000
0.000000
0.000000
0.000000
0.000000
0.000000
0.000000
0.000000
0.000000
0.000000
0.000000
0.000000
0.000000
0.000000
2.206306
1.609323
0.000000
0.000000
0.000000
0.000000
0.000000
0.000000
0.000000
0.916901
0.000000
0.000000
0.000000
0.000000
0.000000
0.000000
0.000000
0.000000
0.000000
1.943004
0.000000
0.290059
0.285208
0.000000
1.728213
0.000000
0.000000
0.000000
0.000000
0.000000
0.000000
0.000000
0.000000
0.000000
0.000000
1.259140
0.000000
0.000000
0.358305
2.772207
0.000000
0.413136
0.000000
1.026445
0.000000
0.000000
0.090666
0.000000
0.000000
0.000000
0.073582
0.000000
0.000000
0.000000
0.000000
0.000000
0.000000
2.013372
0.000000
0.000000
0.129923
0.000000
0.000000
0.000000
0.000000
1.877637
0.000000
1.040517
0.000000
0.000000
0.000000
0.000000
0.000000
1.221232
0.000000
0.000000
1.057230
0.000000
0.000000
0.000000
0.000000
0.000000
0.000000
0.000000
1.334070
0.000000
0.000000
0.000000
0.000000
0.000000
0.000000
1.353224
0.000000
0.000000
0.000000
0.000000
0.000000
2.088597
0.381726
0.000000
0.000000
0.000000
0.000000
1.508904
0.000000
0.920077
1.288848
0.000000
2.058265
0.000000
1.074126
0.000000
0.153800
0.000000
2.718070
0.004487
0.000000
1.193403
0.000000
0.000000
0.000000
0.000000
0.000000
0.000000
1.091151
2.477834
0.000000
0.000000
1.067218
0.000000
0.175291
0.000000
0.000000
0.000000
0.422445
0.000000
0.000000
0.000000
0.000000
0.000000
0.000000
0.000000
0.000000
0.000000
0.245195
0.000000
0.000000
0.000000
0.000000
0.104657
0.177202
0.000000
0.000000
0.000000
2.675846
0.000000
0.000000
0.469717
0.000000
0.000000
0.000000
0.000000
0.000000
0.000000
0.467547
0.000000
0.000000
0.000000
0.000000
0.000000
0.000000
0.000000
1.193807
0.000000
0.000000
0.000000
0.000000
0.000000
0.000000
2.064936
0.000000
0.000000
0.963144
0.000000
0.000000
0.000000
0.918729
0.000000
1.092233
0.557832
0.370117
0.000000
0.000000
0.000000
0.000000
0.000000
1.200977
0.000000
1.438130
0.000000
0.000000
0.000000
1.514661
0.000000
0.000000
0.262908
0.000000
0.000000
0.285950
0.000000
0.000000
0.000000
0.000000
0.251591
1.387385
0.000000
0.000000
0.000000
0.000000
0.000000
0.000000
0.000000
0.000000
0.476735
0.000000
0.000000
0.000000
0.000000
0.000000
0.000000
0.389802
0.000000
0.000000
0.000000
0.000000
0.591020
0.000000
0.000000
0.000000
0.000000
0.000000
0.000000
0.000000
0.000000
0.000000
0.000000
0.000000
0.000000
0.000000
0.000000
0.000000
0.000000
0.000000
0.000000
0.000000
0.000000
0.000000
0.000000
0.000000
0.000000
0.000000
0.479887
0.000000
0.000000
0.000000
0.000000
0.000000
0.000000
0.000000
0.000000
1.093980
0.000000
0.000000
0.000000
0.000000
0.000000
0.000000
0.000000
0.000000
0.000000
0.000000
0.000000
0.000000
0.000000
0.000000
0.000000
0.000000
0.138294
0.000000
0.000000
0.000000
0.000000
0.906835
3.204767
1.385640
0.000000
0.000000
0.000000
0.000000
0.477056
0.000000
0.000000
0.000000
0.588121
0.130518
0.000000
0.000000
0.000000
0.295868
0.000000
0.000000
0.482091
0.000000
1.924782
0.835981
0.285864
0.000000
0.000000
0.000000
0.000000
0.000000
1.438991
0.044310
0.000000
2.289585
0.000000
0.000000
0.000000
0.000000
2.386959
0.000000
0.000000
0.554927
0.000000
0.044380
0.000000
0.000000
0.000000
1.462573
1.474199
0.000000
0.000000
0.000000
1.866353
0.000000
1.761685
1.979307
0.739124
0.000000
1.032909
0.000000
0.000000
0.000000
0.000000
0.000000
0.000000
0.000000
0.000000
0.000000
0.000000
0.000000
0.000000
0.000000
0.000000
0.000000
1.526425
0.000000
0.515646
0.000000
0.000000
0.000000
0.000000
0.000000
0.000000
0.000000
0.000000
0.054026
0.000000
1.559456
0.000000
0.000000
0.000000
0.000000
0.000000
0.000000
0.712710
0.000000
0.000000
0.000000
0.053365
0.363022
0.202689
0.000000
0.000000
0.000000
0.000000
0.000000
0.000000
0.000000
0.000000
0.000000
0.000000
3.169141
0.000000
0.065181
0.000000
0.000000
0.000000
0.000000
0.000000
0.000000
0.000000
0.354485
0.000000
0.000000
2.137225
0.000000
0.000000
0.000000
0.000000
0.000000
0.000000
0.000000
0.689406
0.000000
0.000000
0.000000
0.000000
0.000000
0.000000
0.000000
0.000000
0.000000
1.763795
0.000000
0.000000
2.606013
0.000000
0.062373
0.000000
2.697077
0.000000
0.000000
0.000000
1.436620
0.000000
0.000000
0.000000
0.000000
0.000000
0.723710
0.000000
0.000000
0.000000
0.000000
1.028839
0.936572
0.000000
0.000000
0.000000
0.000000
0.000000
0.000000
0.000000
0.000000
0.000000
0.064869
0.000000
0.000000
0.000000
2.273240
0.037547
0.000000
0.000000
0.000000
0.000000
0.000000
0.000000
0.000000
0.000000
0.595498
0.000000
0.756162
0.000000
0.000000
0.000000
0.000000
0.000000
0.000000
0.000000
1.099173
0.000000
0.000000
0.000000
0.000000
0.000000
0.000000
0.000000
0.000000
0.000000
0.000000
0.000000
0.000000
0.000000
0.000000
0.000000
0.000000
0.000000
0.000000
0.721211
0.000000
0.449726
0.000000
0.000000
0.000000
0.000000
0.000000
0.000000
0.000000
0.000000
0.000000
0.000000
0.012501
0.000000
0.000000
0.000000
0.171816
0.000000
0.000000
0.000000
0.000000
0.000000
0.858524
0.000000
0.000000
0.000000
0.000000
0.000000
0.000000
0.000000
0.000000
1.297833
0.000000
0.000000
0.452565
0.000000
0.000000
0.000000
0.000000
0.604996
0.000000
0.000000
0.000000
0.825244
0.000000
0.000000
0.708090
0.000000
0.359383
0.000000
0.000000
0.000000
0.000000
0.000000
0.000000
0.000000
0.000000
0.182692
0.000000
0.000000
0.000000
0.000000
2.063727
0.000000
0.000000
0.000000
0.000000
0.000000
0.000000
0.000000
0.000000
0.000000
0.000000
0.000000
0.000000
0.000000
1.690425
0.000000
0.000000
0.000000
0.000000
0.000000
0.000000
0.000000
0.000000
0.000000
0.000000
0.000000
0.000000
0.000000
0.000000
0.000000
0.000000
0.000000
0.000000
0.466810
0.000000
0.000000
0.709293
0.000000
0.000000
2.190263
0.000000
0.106907
0.951924
0.000000
0.000000
0.000000
0.000000
0.000000
0.000000
0.000000
0.000000
0.000000
0.000000
0.000000
0.000000
0.000000
1.060361
0.000000
0.000000
0.000000
0.000000
0.300322
0.000000
0.000000
0.000000
0.000000
0.000000
0.000000
0.000000
0.000000
1.414524
0.000000
0.000000
0.000000
0.000000
0.000000
0.000000
0.000000
0.000000
0.000000
0.000000
0.000000
0.000000
0.112832
0.000000
0.000000
0.000000
0.000000
0.000000
0.373269
0.000000
0.000000
0.000000
0.000000
0.000000
0.000000
0.156440
0.000000
0.000000
0.000000
0.000000
0.000000
0.000000
0.000000
0.000000
0.000000
0.000000
0.000000
0.830297
1.988849
0.000000
0.000000
0.000000
0.000000
0.000000
0.000000
1.794353
0.000000
0.000000
0.629553
0.000000
0.000000
0.000000
0.000000
0.000000
0.000000
0.000000
0.167877
0.000000
2.448494
1.091220
0.808074
0.000000
0.000000
0.000000
0.000000
0.000000
2.818105
0.000000
0.000000
0.595003
0.000000
2.570112
0.000000
0.667564
0.000000
0.000000
0.000000
0.000000
0.000000
0.000000
0.000000
0.000000
1.334257
0.000000
0.000000
0.000000
0.643152
0.000000
0.000000
0.000000
0.000000
0.000000
0.000000
0.000000
0.000000
1.110698
0.000000
0.000000
0.000000
0.000000
0.637077
1.350022
0.000000
0.004305
2.915579
0.000000
0.396266
0.309960
0.000000
0.000000
0.000000
1.102203
0.000000
0.000000
2.380891
0.000000
0.000000
0.000000
0.000000
0.000000
1.659218
0.000000
0.000000
0.695925
0.000000
0.000000
0.000000
0.000000
0.000000
0.000000
0.000000
0.000000
0.000000
0.000000
0.000000
0.000000
0.000000
0.000000
1.554280
0.000000
0.140629
0.000000
0.000000
0.000000
0.000000
0.000000
0.000000
0.000000
0.000000
0.000000
0.545406
0.000000
0.000000
1.128420
0.000000
0.000000
0.000000
0.000000
0.000000
0.000000
1.007378
0.000000
0.266231
0.000000
0.191564
0.000000
0.000000
0.000000
0.000000
2.063035
0.000000
0.000000
0.000000
0.000000
0.000000
2.396750
0.000000
0.261157
0.000000
1.091333
0.000000
0.000000
0.156561
0.000000
0.000000
0.000000
0.005612
0.000000
0.509156
1.427820
0.345432
0.000000
0.000000
0.000000
0.000000
0.000000
0.000000
0.000000
0.000000
0.000000
0.000000
0.804061
0.000000
2.262285
0.000000
0.690592
0.246083
0.000000
0.000000
0.000000
2.869599
1.189078
0.000000
0.000000
0.000000
0.000000
0.622508
0.000000
0.000000
0.000000
0.879889
0.000000
0.000000
0.048394
0.000000
0.000000
0.000000
0.000000
0.447357
0.000000
0.000000
0.000000
0.000000
0.000000
0.000000
0.000000
1.234111
0.000000
0.000000
0.000000
0.000000
0.000000
0.000000
0.000000
0.000000
0.000000
0.000000
0.000000
0.000000
0.148768
0.000000
0.000000
0.000000
0.000000
0.000000
0.000000
0.805485
0.807900
0.000000
0.000000
0.000000
0.000000
0.000000
0.000000
1.116325
0.000000
0.000000
0.000000
0.000000
0.000000
0.000000
0.000000
0.000000
0.000000
0.000000
1.250007
0.000000
0.000000
0.000000
0.000000
0.000000
0.000000
0.981468
0.000000
0.000000
0.000000
0.000000
0.000000
0.000000
0.314412
0.000000
0.000000
0.000000
0.000000
0.188080
0.000000
0.000000
0.000000
0.600842
0.000000
0.000000
0.000000
0.392342
0.000000
0.000000
0.000000
0.000000
0.000000
1.195957
0.000000
1.284566
0.000000
0.004277
0.000000
0.000000
0.275216
0.000000
0.000000
1.606498
0.000000
0.000000
0.000000
0.000000
0.000000
0.000000
0.000000
0.000000
0.000000
0.744754
0.000000
0.000000
0.070033
0.076865
0.000000
0.000000
0.000000
0.000000
0.000000
0.000000
0.000000
0.000000
0.000000
0.000000
0.000000
0.498768
0.954518
0.000000
0.450710
0.000000
0.000000
0.000000
0.000000
1.876592
0.000000
0.000000
0.190018
0.000000
0.000000
0.000000
0.000000
0.022599
0.000000
0.399532
0.620391
0.000000
0.000000
0.000000
0.000000
0.000000
0.000000
0.000000
0.000000
0.000000
0.000000
0.000000
0.000000
0.000000
0.000000
1.520171
0.000000
0.688511
0.000000
0.000000
0.570490
0.000000
1.907794
0.000000
0.000000
0.000000
0.000000
0.000000
0.000000
1.239056
0.000000
0.632919
0.000000
0.000000
0.000000
0.884019
0.000000
0.000000
0.000000
0.000000
0.000000
0.000000
0.000000
0.000000
0.000000
0.000000
0.000000
0.000000
0.000000
0.000000
0.000000
0.000000
0.000000
0.000000
1.035245
0.411400
0.000000
0.000000
0.000000
0.000000
0.000000
0.000000
0.000000
0.000000
0.000000
0.922132
0.000000
0.000000
0.000000
0.000000
0.000000
0.000000
0.000000
0.501809
0.119257
0.560552
0.795296
0.000000
0.000000
0.623724
0.000000
0.000000
1.723123
0.000000
0.000000
0.000000
0.000000
0.000000
0.000000
0.000000
0.000000
2.537291
0.000000
0.000000
0.000000
0.000000
0.000000
0.000000
0.000000
0.000000
0.000000
0.000000
0.000000
0.000000
0.000000
0.000000
0.000000
0.000000
0.000000
0.000000
0.000000
1.813618
0.000000
0.000000
1.139565
0.575445
0.000000
0.000000
0.000000
0.000000
0.000000
0.000000
0.000000
0.000000
0.000000
0.000000
0.000000
0.000000
0.000000
0.000000
0.000000
0.000000
0.000000
0.000000
0.000000
0.000000
0.000000
0.017645
0.656740
0.000000
0.580614
0.000000
0.000000
0.000000
1.625275
0.000000
0.000000
0.000000
0.000000
0.530264
0.000000
0.000000
0.427752
0.000000
0.000000
0.000000
0.000000
0.000000
0.000000
1.487083
0.000000
1.177963
0.563849
0.000000
0.000000
0.878827
0.000000
0.000000
0.000000
1.585501
0.000000
0.000000
0.000000
0.000000
0.000000
0.938756
1.101215
0.000000
0.420801
0.859168
0.000000
0.000000
0.000000
0.000000
0.000000
0.358968
0.000000
0.000000
0.000000
0.000000
0.000000
0.000000
0.000000
0.000000
0.000000
0.000000
0.000000
0.000000
0.000000
0.062229
0.000000
0.000000
0.000000
0.780669
1.527900
0.000000
1.131843
0.000000
0.000000
0.000000
0.000000
0.000000
0.000000
0.000000
0.988835
0.066940
0.413326
0.000000
0.000000
2.620440
0.000000
0.000000
0.000000
0.000000
0.000000
0.000000
0.275878
0.000000
0.000000
0.000000
0.000000
0.000000
0.114885
1.352785
0.000000
0.000000
0.000000
0.000000
0.000000
0.000000
0.000000
0.167166
0.000000
0.000000
0.000000
0.000000
0.000000
0.000000
0.000000
0.000000
0.000000
0.000000
1.115638
0.000000
0.175200
0.000000
0.000000
0.000000
0.000000
0.484939
2.714545
0.000000
0.000000
0.000000
0.000000
0.000000
0.000000
1.850814
0.791222
0.000000
0.874152
0.000000
0.000000
2.002981
0.000000
2.495002
0.000000
0.000000
0.847862
1.574196
0.521026
0.387094
0.000000
0.000000
0.000000
0.358868
0.000000
0.000000
0.000000
0.000000
0.000000
0.000000
0.000000
0.000000
0.000000
0.265161
0.000000
0.000000
0.362717
0.863369
2.233973
0.000000
0.000000
0.485646
0.000000
0.000000
0.000000
0.000000
0.000000
0.000000
0.000000
0.000000
0.000000
0.572724
0.781888
0.000000
0.000000
0.000000
0.000000
0.000000
0.000000
0.000000
0.000000
0.000000
0.807402
0.000000
0.000000
0.025773
0.000000
0.000000
0.115034
0.000000
0.000000
1.009221
0.000000
0.000000
1.706740
2.479989
1.606124
0.000000
0.000000
0.000000
0.000000
0.000000
0.000000
0.173141
0.000000
0.000000
0.000000
0.000000
1.578700
0.000000
0.000000
0.985965
0.000000
0.000000
0.000000
0.000000
0.259549
0.000000
1.784439
0.000000
0.000000
0.000000
0.000000
0.000000
0.000000
0.000000
0.000000
0.000000
0.738442
0.000000
0.000000
0.000000
0.000000
0.000000
0.000000
0.000000
0.000000
0.025064
0.000000
0.026657
0.100603
0.000000
0.000000
0.000000
0.000000
0.000000
0.000000
0.000000
0.016858
0.000000
0.297127
0.000000
0.000000
0.293830
0.000000
0.000000
0.000000
0.000000
0.000000
0.000000
0.074662
0.000000
0.000000
0.000000
0.000000
0.000000
0.000000
0.000000
0.000000
0.000000
0.000000
0.000000
1.098928
0.000000
0.000000
0.260859
0.000000
0.000000
1.435311
0.000000
0.301738
0.000000
0.000000
0.000000
0.000000
0.000000
0.000000
0.542932
0.000000
0.000000
0.000000
0.000000
0.000000
0.000000
0.000000
0.000000
0.000000
0.000000
0.000000
0.000000
0.000000
0.000000
0.000000
1.162888
0.000000
1.430053
0.000000
0.000000
0.000000
0.000000
0.000000
0.000000
0.160672
0.000000
0.000000
0.000000
0.000000
0.000000
0.000000
0.000000
0.820573
0.000000
0.000000
0.000000
0.000000
0.000000
0.000000
1.800772
0.000000
0.000000
0.982320
0.000000
0.000000
0.000000
0.000000
0.000000
0.992522
0.000000
0.000000
0.000000
0.000000
0.000000
0.000000
0.000000
0.000000
0.000000
0.952661
0.000000
0.000000
0.000000
0.000000
0.000000
0.000000
0.000000
0.000000
0.000000
0.187302
2.449523
0.000000
1.227051
0.000000
0.000000
0.000000
0.000000
2.860792
0.000000
0.000000
0.000000
0.000000
0.358007
0.000000
1.089523
1.902176
0.000000
1.464000
0.000000
0.000000
0.000000
0.000000
0.000000
0.159660
0.000000
0.000000
0.000000
0.554389
0.000000
0.000000
0.000000
0.000000
0.000000
0.000000
0.000000
0.000000
0.000000
0.000000
0.000000
0.000000
0.000000
0.000000
0.000000
0.000000
0.000000
0.000000
0.000000
0.000000
0.361516
0.000000
2.542516
1.538231
0.000000
0.000000
0.000000
0.000000
0.000000
0.000000
0.000000
0.000000
0.000000
0.000000
0.000000
0.000000
0.000000
0.584175
0.276196
0.000000
0.000000
0.000000
0.000000
0.000000
0.000000
0.000000
0.000000
0.000000
0.000000
0.000000
0.000000
0.000000
2.716199
2.525775
0.000000
0.000000
0.000000
0.000000
0.000000
0.000000
0.000000
0.000000
0.000000
0.000000
0.000000
0.000000
0.000000
0.000000
0.000000
0.000000
0.000000
0.000000
0.000000
0.000000
0.000000
0.000000
0.000000
0.000000
0.000000
1.664015
0.000000
0.000000
0.000000
0.000000
0.000000
0.000000
0.000000
0.800889
0.000000
0.000000
0.000000
0.000000
0.000000
0.000000
0.000000
0.000000
0.000000
0.000000
3.652312
0.000000
0.000000
0.000000
0.000000
0.000000
1.901559
0.000000
0.000000
0.038734
0.000000
0.082019
0.000000
0.000000
0.000000
0.223508
0.000000
0.000000
0.000000
0.000000
0.000000
0.000000
1.656462
0.000000
0.647223
0.000000
0.123414
0.000000
1.409492
1.315356
0.000000
0.000000
0.000000
0.000000
0.000000
0.000000
0.000000
0.000000
0.000000
0.000000
0.000000
0.000000
0.000000
0.000000
0.000000
0.523396
0.000000
0.000000
0.000000
0.000000
1.194329
0.039150
0.000000
0.665908
0.000000
0.000000
0.000000
0.584251
0.000000
1.037710
0.000000
0.000000
0.406506
0.000000
0.000000
3.179537
0.000000
0.000000
0.000000
0.000000
0.173306
0.784507
0.273841
0.000000
0.052236
0.000000
0.000000
0.000000
0.000000
0.000000
0.000000
0.000000
0.000000
0.000000
0.000000
0.000000
0.000000
0.000000
0.000000
0.000000
0.000000
0.000000
0.000000
0.000000
0.907648
0.783530
0.000000
0.000000
0.000000
0.000000
0.000000
0.000000
0.000000
0.000000
0.021401
0.223176
0.716949
0.000000
1.658699
0.577619
3.272616
0.000000
0.000000
0.000000
0.000000
0.000000
0.000000
0.000000
4.259032
0.000000
0.000000
0.000000
0.000000
0.000000
0.000000
0.000000
0.000000
0.000000
0.895152
0.000000
0.000000
0.225263
0.000000
0.892478
0.000000
0.000000
0.000000
2.203441
0.000000
0.000000
0.000000
0.000000
0.000000
1.083481
0.000000
0.000000
0.000000
0.000000
0.000000
0.000000
0.347955
0.000000
3.950095
0.000000
0.000000
0.000000
0.401187
0.000000
0.000000
0.000000
0.000000
0.000000
0.083781
0.000000
0.000000
0.040938
0.000000
0.000000
0.000000
0.000000
0.702406
0.128946
0.000000
0.000000
0.000000
0.000000
0.000000
0.000000
0.000000
0.000000
0.000000
1.684330
0.000000
0.604019
0.633678
0.000000
0.000000
0.000000
0.000000
0.479330
0.000000
0.000000
1.262280
0.000000
0.000000
0.000000
2.673791
0.000000
1.002055
0.000000
0.773232
0.000000
0.000000
0.928133
1.589939
1.330761
0.000000
0.194118
0.000000
0.000000
0.000000
0.000000
0.000000
1.080998
0.000000
0.000000
0.000000
0.046427
0.000000
0.565596
0.000000
0.019908
0.334449
0.000000
0.000000
0.000000
2.879995
0.000000
0.166420
0.000000
0.469171
0.000000
0.000000
2.417288
0.000000
0.000000
0.000000
0.000000
0.000000
0.479620
0.000000
0.000000
0.000000
0.000000
0.000000
0.000000
0.000000
0.261836
0.000000
0.702434
0.000000
1.174093
0.000000
0.288983
3.383060
0.000000
0.000000
0.000000
0.000000
0.000000
0.000000
0.000000
0.000000
0.000000
0.000000
0.000000
0.000000
0.000000
0.000000
0.000000
1.241998
0.000000
0.000000
0.000000
0.000000
0.000000
0.000000
0.777221
0.061074
0.000000
0.000000
0.000000
0.000000
0.000000
0.000000
0.299035
0.000000
0.000000
0.000000
0.190559
0.000000
0.000000
0.000000
0.000000
0.000000
0.000000
0.000000
0.534976
0.000000
0.000000
0.000000
0.121677
0.000000
0.000000
0.000000
0.000000
1.253740
0.000000
0.000000
0.000000
0.000000
0.000000
0.662753
0.000000
0.000000
0.000000
0.000000
0.000000
0.000000
0.000000
0.000000
0.572657
0.000000
0.000000
0.000000
0.000000
0.000000
0.000000
0.000000
0.111510
0.000000
0.000000
0.000000
0.000000
0.143634
0.000000
1.440566
0.000000
0.000000
0.000000
0.000000
0.000000
0.000000
0.000000
0.000000
0.215094
0.000000
0.000000
0.000000
0.000000
0.148372
0.000000
1.839919
1.034159
0.231117
0.000000
3.271538
0.000000
0.000000
0.000000
0.000000
2.315336
0.000000
0.000000
0.000000
0.000000
0.000000
0.829484
0.000000
0.000000
0.000000
0.000000
1.078479
1.689006
0.000000
0.000000
1.590480
0.000000
0.184271
1.302801
1.536439
0.000000
0.000000
0.000000
0.000000
0.000000
1.154618
0.000000
0.000000
0.000000
0.300371
0.000000
0.000000
0.000000
1.371603
0.000000
0.000000
0.000000
0.000000
0.000000
0.000000
2.276218
0.000000
0.000000
0.872502
0.000000
0.000000
0.000000
0.092228
0.000000
0.000000
1.543762
0.000000
0.647425
0.000000
1.180418
0.000000
0.000000
0.263609
0.000000
0.000000
0.000000
0.000000
0.000000
0.000000
0.000000
0.000000
0.000000
0.217330
1.154679
0.000000
0.000000
0.000000
0.053554
0.000000
0.000000
0.000000
0.000000
0.000000
0.000000
0.124718
1.121948
0.000000
0.000000
0.000000
0.000000
0.000000
0.000000
0.032180
0.000000
0.000000
0.000595
0.000000
0.000000
0.000000
0.152809
0.000000
0.000000
0.000000
0.000000
0.000000
0.000000
0.000000
0.000000
0.000000
0.000000
0.000000
0.000000
0.000000
0.000000
0.000000
0.000000
0.671293
0.000000
0.000000
0.700507
0.000000
0.000000
0.000000
0.000000
0.000000
0.000000
0.000000
0.000000
0.000000
0.000000
0.000000
0.000000
0.000000
0.000000
0.000000
1.010291
1.227408
0.934265
0.000000
0.000000
0.000000
0.000000
0.370223
0.000000
0.000000
0.000000
0.000000
0.000000
0.000000
0.000000
0.491153
0.000000
0.000000
0.000000
0.223358
0.000000
0.000000
0.000000
0.000000
0.000000
0.946221
0.000000
0.000000
0.120297
0.000000
0.000000
0.000000
0.223172
0.000000
0.000000
2.251878
0.000000
0.000000
0.000000
0.000000
0.000000
0.823436
0.000000
0.000000
0.000000
0.000000
0.000000
0.000000
0.679792
0.087063
0.000000
0.000000
1.008185
0.000000
0.000000
0.202401
0.000000
0.000000
0.000000
0.000000
0.000000
0.000000
0.000000
0.000000
0.000000
0.000000
0.000000
0.000000
2.133310
0.000000
0.791446
0.000000
0.146682
0.000000
0.782784
0.000000
0.000000
0.000000
0.000000
0.000000
0.000000
0.000000
0.264787
0.000000
3.397254
0.000000
0.000000
0.000000
0.000000
0.000000
0.000000
0.285926
0.000000
0.000000
0.000000
0.000000
0.000000
0.000000
0.000000
0.000000
0.000000
0.000000
0.000000
0.000000
0.000000
0.000000
0.000000
0.000000
0.000000
0.495948
0.000000
0.165986
1.905264
0.000000
0.861010
0.000000
0.000000
0.000000
0.000000
0.000000
0.000000
0.000000
0.000000
0.345614
0.000000
0.000000
0.000000
1.044711
0.000000
0.000000
0.000000
0.000000
1.644071
0.000000
0.000000
0.994847
0.582151
0.000000
0.000000
0.000000
0.000000
0.000000
0.590287
0.000000
0.000000
0.000000
0.000000
0.000000
0.000000
0.000000
0.000000
0.000000
0.000000
0.000000
2.354318
0.000000
0.000000
0.000000
0.000000
0.000000
0.000000
0.000000
0.000000
0.000000
0.000000
0.000000
0.104460
0.000000
0.194376
0.000000
0.000000
1.101099
0.000000
0.000000
0.000000
0.000000
2.401522
0.907027
0.000000
0.000000
1.930124
0.000000
0.203359
0.000000
0.000000
0.000000
0.000000
0.000000
0.000000
0.020684
0.000000
0.000000
0.000000
0.295219
0.000000
0.216683
0.000000
0.689324
0.000000
0.000000
4.079494
0.000000
0.000000
0.000000
0.930823
0.526858
0.000000
1.108052
3.459009
0.000000
0.000000
0.000000
0.000000
0.000000
1.175488
0.216799
0.000000
0.000000
0.000000
0.000000
0.000000
0.000000
0.000000
0.529595
0.000000
0.000000
0.000000
0.000000
0.000000
0.000000
0.000000
0.000000
0.265394
0.000000
0.000000
0.000000
0.000000
0.606981
0.000000
0.000000
0.000000
0.049312
0.000000
0.000000
0.000000
0.000000
1.575234
0.556405
0.015627
0.000000
0.000000
0.712029
0.016299
0.000000
0.000000
0.000000
0.000000
0.000000
0.000000
1.956029
0.000000
0.000000
0.000000
0.000000
0.000000
0.000000
0.000000
0.000000
0.000000
0.000000
0.000000
0.572347
0.430822
0.000000
0.000000
0.000000
0.000000
0.000000
0.000000
0.000000
0.000000
0.000000
0.000000
0.000000
0.000000
0.000000
0.000000
0.000000
0.000000
3.111067
0.000000
0.000000
0.000000
0.000000
0.000000
0.000000
2.621043
0.000000
0.000000
0.000000
0.000000
0.000000
0.000000
0.000000
0.000000
1.351097
0.000000
0.000000
0.000000
0.000000
0.000000
0.000000
0.000000
0.000000
0.000000
0.000000
0.000000
0.118650
0.000000
0.000000
0.000000
0.000000
0.000000
0.000000
0.000000
0.000000
0.000000
0.897719
0.000000
0.000000
0.000000
0.000000
0.000000
0.408304
0.000000
0.000000
0.000000
0.000000
0.000000
0.000000
0.000000
0.000000
0.000000
0.000000
0.000000
0.930222
1.176093
0.000000
0.000000
0.000000
0.000000
0.000000
0.000000
0.000000
0.000000
0.507121
1.417449
0.000000
0.000000
0.000000
0.000000
2.073237
0.000000
0.000000
0.000000
0.000000
0.000000
0.000000
0.018418
0.000000
0.000000
0.000000
0.000000
0.000000
0.833141
0.000000
0.000000
1.373972
0.000000
1.036793
0.000000
0.000000
0.000000
0.000000
0.000000
0.000000
0.000000
0.000000
0.000000
0.000000
0.000000
0.000000
0.000000
0.000000
0.000000
0.000000
1.142498
0.000000
0.000000
1.017799
0.000000
0.000000
0.000000
0.000000
0.000000
0.000000
0.000000
0.000000
0.000000
0.000000
0.000000
0.000000
1.760534
0.000000
0.000000
0.000000
0.000000
0.000000
0.000000
3.182353
0.000000
0.000000
0.570807
0.000000
0.000000
0.000000
0.000000
0.000000
0.000000
0.000000
0.000000
0.133036
0.000000
0.293100
1.614745
0.000000
2.402395
0.000000
0.000000
0.173752
2.060239
0.000000
0.000000
0.000000
0.000000
0.000000
0.000000
0.000000
2.205427
0.000000
0.202090
0.023636
0.000000
0.000000
0.000000
0.000000
0.000000
0.074617
0.000000
0.000000
3.628922
0.000000
2.618761
0.000000
0.000000
0.000000
0.018913
0.000000
0.000000
0.000000
0.000000
0.142654
0.753572
0.000000
0.000000
2.029171
0.000000
0.000000
1.592087
0.000000
0.121766
0.000000
0.000000
0.000000
0.419938
0.000000
0.000000
0.000000
1.500967
0.000000
0.000000
0.000000
0.000000
0.000000
0.000000
1.217777
0.277697
0.000000
0.000000
0.107405
1.231675
0.000000
0.000000
1.728928
0.000000
0.000000
0.000000
0.000000
0.000000
0.000000
0.264435
1.170076
0.000000
0.000000
0.000000
0.748388
0.000000
1.613787
0.000000
0.000000
0.000000
0.000000
0.000000
0.000000
0.019104
0.000000
0.000000
0.000000
0.937767
0.000000
2.625680
0.000000
0.000000
0.000000
0.000000
0.000000
0.089435
0.927317
1.578167
0.000000
0.000000
0.000000
0.000000
0.000000
0.871097
0.000000
0.000000
0.000000
0.000000
0.000000
0.000000
0.027317
1.717566
0.000000
0.000000
0.000000
0.000000
0.000000
0.000000
0.000000
0.000000
0.000000
0.623498
0.000000
0.000000
0.000000
0.000000
0.000000
0.000000
1.898984
0.000000
2.126690
0.973291
1.347905
0.000000
0.000000
0.000000
0.000000
1.694481
0.000000
0.000000
0.000000
0.000000
0.102601
0.000000
0.000000
0.000000
0.000000
0.000000
0.000000
0.000000
3.131141
0.000000
0.000000
0.000000
0.000000
1.045325
0.000000
0.000000
0.000000
0.540243
0.000000
0.000000
0.214646
0.000000
0.985065
0.000000
0.000000
0.000000
2.545671
0.000000
0.000000
0.000000
0.000000
0.191685
3.030102
0.000000
0.237247
0.000000
0.134527
1.626475
0.000000
0.000000
0.000000
0.000000
0.000000
0.000000
1.122112
0.000000
0.000000
0.000000
0.000000
0.000000
1.091242
2.631343
0.000000
0.000000
0.244728
0.000000
0.000000
0.000000
0.000000
0.000000
0.063352
0.000000
0.000000
0.000000
0.358273
0.000000
0.000000
0.000000
0.415997
0.000000
0.000000
0.000000
0.000000
0.000000
0.000000
1.812584
0.000000
0.000000
0.000000
0.156177
0.368198
1.175598
0.000000
0.000000
0.000000
0.000000
0.000000
0.000000
0.000000
0.000000
0.000000
0.000000
0.000000
0.000000
2.691688
0.684710
0.000000
0.000000
0.000000
0.000000
0.000000
0.000000
0.000000
0.000000
0.000000
0.000000
4.317321
0.000000
0.000000
0.000000
1.645987
0.799145
0.000000
0.000000
1.339028
0.000000
0.000000
0.000000
0.000000
0.000000
0.000000
0.000000
0.000000
0.000000
0.000000
0.000000
0.000000
0.000000
0.000000
0.000000
0.000000
0.000000
0.000000
0.000000
0.000000
0.000000
0.000000
0.000000
0.000000
0.000000
0.000000
0.000000
1.136709
0.000000
0.000000
0.000000
1.229660
0.000000
0.000000
0.000000
0.000000
0.000000
0.000000
0.000000
1.734423
0.000000
0.000000
0.000000
0.000000
0.000000
0.000000
0.000000
1.541691
0.000000
0.000000
0.000000
0.000000
0.000000
0.000000
1.866148
0.000000
0.000000
0.000000
0.000000
0.000000
0.000000
0.000000
0.000000
0.000000
0.000000
0.000000
0.000000
0.000000
0.000000
0.000000
0.000000
0.027827
0.000000
0.097071
0.480317
3.125333
0.000000
0.000000
0.000000
3.561731
0.000000
0.000000
0.337370
0.000000
0.098186
1.624580
0.000000
0.000000
0.134928
0.000000
0.000000
0.000000
0.000000
0.000000
0.405380
0.000000
0.000000
0.000000
0.000000
2.003428
0.289850
0.000000
1.707302
0.000000
0.000000
0.000000
0.000000
0.000000
3.284901
0.000000
2.750733
0.000000
0.000000
0.000000
0.000000
0.706345
0.000000
0.377025
0.559559
0.000000
0.000000
0.000000
0.000000
0.000000
0.000000
0.068167
0.000000
0.000000
0.000000
0.371417
0.000000
2.546623
0.000000
0.000000
0.000000
0.000000
0.000000
0.000000
0.090723
0.000000
0.000000
0.000000
0.000000
0.000000
0.000000
3.103047
0.000000
0.000000
0.000000
0.000000
0.000000
0.000000
0.000000
0.000000
0.000000
0.000000
0.000000
0.000000
0.000000
0.000000
0.000000
0.000000
0.000000
0.000000
0.000000
0.000000
0.000000
3.282808
0.271906
0.000000
0.000000
2.180439
2.729245
0.000000
0.000000
0.000000
0.000000
0.000000
1.458394
1.092250
1.676998
0.000000
0.000000
0.000000
0.046504
0.462057
0.000000
0.000000
1.584569
0.000000
0.000000
0.000000
0.000000
0.000000
0.000000
0.000000
0.082112
0.000000
0.000000
0.151541
0.000000
0.000000
0.000000
0.000000
0.046349
0.000000
0.000000
1.265010
0.000000
0.000000
0.000000
0.000000
0.000000
1.926285
0.000000
0.000000
0.140662
2.372708
0.000000
1.449885
0.024354
0.000000
0.000000
0.000000
1.848133
0.000000
0.000000
0.000000
0.000000
0.876038
0.000000
0.000000
0.000000
0.000000
0.987782
0.000000
0.000000
0.000000
0.264137
0.114843
0.000000
0.000000
0.000000
0.000000
0.000000
0.343344
0.000000
1.356957
0.000000
0.000000
0.000000
0.000000
0.000000
0.000000
0.000000
0.000000
0.000000
2.275793
0.000000
0.000000
0.000000
1.178823
0.000000
0.000000
0.000000
0.000000
0.000000
0.000000
0.000000
1.521014
0.000000
0.000000
0.046462
0.000000
0.931177
0.000000
0.000000
0.000000
0.000000
0.000000
0.000000
0.000000
0.000000
1.459655
0.000000
0.000000
0.790909
0.157563
0.000000
0.000000
2.213864
0.000000
0.000000
0.000000
0.000000
0.000000
0.000000
0.738999
0.000000
4.830833
0.000000
0.000000
2.045060
0.000000
1.097841
0.000000
0.000000
0.000000
0.656055
0.000000
0.000000
0.000000
0.000000
0.000000
0.577118
0.062131
0.000000
0.000000
0.000000
0.000000
0.000000
0.000000
0.284145
0.000000
0.000000
0.000000
0.238823
0.000000
0.000000
0.000000
0.000000
0.151730
0.000000
0.000000
0.000000
0.373269
0.000000
1.203387
0.000000
0.000000
0.000000
0.000000
0.452441
0.000000
0.655108
0.000000
