0.000000
0.000000
0.000000
0.000000
0.000000
0.000000
1.405258
0.000000
0.000000
0.471845
0.242694
0.000000
1.598264
0.458256
0.000000
0.000000
0.000000
0.000000
0.000000
0.000000
0.253006
0.000000
0.000000
0.202005
0.000000
2.756037
0.000000
0.000000
0.149160
0.000000
2.085263
0.000000
0.000000
0.000000
0.000000
2.393826
0.000000
0.000000
1.534317
0.000000
0.000000
0.000000
0.000000
0.150458
1.285154
0.000000
0.000000
0.762624
0.000000
0.000000
0.000000
0.000000
0.000000
0.000000
0.000000
0.000000
0.825707
0.000000
0.000000
0.000000
0.000000
0.000000
0.000000
0.000000
0.000000
0.000000
0.000000
0.000000
0.000000
0.000000
0.000000
0.000000
0.052291
0.000000
0.475776
1.547577
0.000000
1.617295
0.000000
2.911704
0.000000
0.000000
0.000000
0.000000
0.000000
0.293686
0.000000
0.106246
0.000000
0.000000
0.000000
0.121326
0.000000
0.000000
0.000000
0.000000
0.000000
0.000000
0.000000
0.515442
0.000000
0.000000
0.000000
0.427321
0.659664
0.000000
2.174547
0.000000
0.000000
0.000000
0.000000
0.000000
0.000000
0.000000
0.000000
0.000000
0.000000
0.000000
0.000000
0.000000
0.000000
0.000000
0.000000
0.459579
0.000000
0.575453
0.000000
0.000000
0.000000
0.000000
0.000000
0.660936
0.000000
0.000000
0.000000
0.000000
3.875661
0.000000
0.000000
0.000000
0.000000
1.645727
0.000000
0.810974
0.000000
0.000000
0.000000
0.000000
0.000000
0.000000
0.000000
0.000000
0.000000
0.712616
0.000000
0.000000
0.000000
0.527855
0.000000
0.000000
0.000000
0.000000
0.537479
0.694805
2.694228
0.000000
0.000000
0.000000
0.000000
0.000000
0.290998
0.233887
0.000000
0.000000
0.339436
0.000000
0.149041
0.000000
0.000000
0.595309
0.000000
0.890815
0.000000
0.000000
0.000000
0.000000
0.000000
0.051981
0.000000
0.000000
0.984288
0.000000
0.852655
0.000000
0.000000
3.546423
0.000000
0.000000
0.000000
0.000000
0.000000
0.000000
0.000000
0.000000
0.000000
0.000000
0.000000
0.000000
0.000000
0.000000
0.000000
0.000000
0.000000
0.000000
0.000000
0.000000
2.127706
0.000000
0.000000
0.000000
0.000000
0.000000
0.335179
0.000000
0.000000
0.000000
3.727386
1.547216
2.456176
0.805229
0.000000
0.000000
0.381111
0.000000
0.000000
0.000000
0.000000
0.000000
0.000000
1.544740
0.000000
0.000000
1.311460
0.000000
0.403217
1.048011
0.000000
0.000000
0.000000
0.000000
0.000000
0.000000
0.000000
0.000000
0.000000
0.000000
0.000000
0.618419
0.000000
0.165471
0.000000
0.000000
0.000000
0.000000
0.000000
0.000000
0.000000
0.000000
0.082672
0.000000
1.135255
0.000000
0.000000
0.477595
0.000000
0.000000
0.000000
0.000000
0.000000
0.000000
0.000000
0.000000
0.000000
0.000000
0.000000
2.695815
0.000000
0.000000
0.000000
0.000000
0.000000
0.000000
0.000000
0.000000
0.000000
0.000000
0.000000
0.000000
1.484105
0.948308
0.000000
0.000000
0.015082
0.000000
0.000000
0.000000
3.764441
0.000000
0.000000
0.000000
0.000000
0.000000
0.000000
0.000000
0.000000
0.000000
0.000000
0.000000
0.000000
0.000000
3.566403
0.000000
0.000000
0.000000
0.000000
0.000000
0.000000
0.486819
0.000000
0.000000
0.000000
0.749881
0.343314
0.000000
2.650407
0.000000
0.000000
2.713226
0.000000
0.000000
0.000000
0.183139
0.000000
0.230630
0.000000
0.000000
0.000000
0.000000
0.000000
0.601498
0.000000
0.000000
0.000000
0.000000
0.000000
0.000000
0.497864
0.000000
0.000000
0.000000
0.000000
0.601393
2.362014
0.000000
0.000000
2.137013
0.000000
0.000000
0.000000
2.414267
0.000000
0.000000
0.000000
0.000000
0.000000
0.000000
0.000000
0.000000
0.000000
0.000000
0.000000
0.000000
0.000000
0.000000
0.000000
1.897933
0.000000
0.000000
0.000000
0.000000
0.000000
0.000000
2.529228
0.000000
0.000000
0.000000
0.534312
0.000000
0.000000
0.000000
1.451427
0.000000
1.253036
0.000000
0.000000
0.000000
0.000000
0.000000
1.344847
1.078865
0.000000
0.000000
0.000000
0.000000
0.000000
0.000000
0.924545
1.990224
0.000000
0.000000
0.000000
0.000000
0.000000
0.000000
0.436632
0.000000
0.811653
0.000000
0.000000
0.000000
0.000000
0.419960
0.000000
0.000000
0.000000
0.000000
0.000000
0.000000
0.000000
0.000000
0.000000
0.000000
0.000000
0.000000
0.000000
0.317380
0.835979
0.054699
0.000000
0.000000
0.000000
1.039178
0.608033
0.066589
0.000000
0.000000
1.257730
0.000000
0.000000
0.745107
3.419241
0.000000
0.000000
0.000000
0.000000
0.000000
0.000000
0.000000
0.000000
0.000000
0.000000
0.000000
0.000000
0.245209
0.588035
0.000000
0.000000
1.452663
0.000000
0.964394
0.000000
0.000000
0.000000
0.000000
0.000000
0.000000
0.000000
0.000000
0.000000
0.000000
0.000000
1.384360
1.218074
0.000000
0.000000
0.000000
0.000000
0.000000
0.000000
0.430188
0.000000
0.000000
0.000000
0.531688
0.000000
1.202222
0.000000
0.000000
0.000000
0.000000
0.055982
0.000000
0.301131
0.000000
0.000000
0.000000
0.000000
0.000000
0.000000
0.000000
0.000000
0.000000
0.000000
0.000000
0.000000
1.207103
0.000000
2.874455
0.000000
0.000000
0.000000
0.267413
0.000000
0.000000
0.000000
0.000000
0.377422
0.000000
0.000000
0.000000
0.000000
0.000000
0.000000
0.000000
0.324315
0.000000
0.000000
0.000000
0.000000
0.000000
0.016133
0.476233
1.096658
0.000000
0.000000
0.000000
0.000000
0.000000
0.000000
0.000000
0.297487
0.000000
0.000000
0.000000
0.000000
0.000000
0.000000
0.000000
0.188702
0.000000
0.000000
0.000000
0.000000
0.000000
0.561315
0.000000
0.440399
0.000000
0.000000
0.229761
0.000000
0.000000
1.082389
2.016601
0.000000
0.000000
0.000000
0.127408
0.000000
0.000000
0.167199
0.000000
0.000000
0.350891
0.000000
0.000000
0.000000
0.000000
1.784034
0.000000
0.091482
0.000000
0.000000
0.000000
0.000000
0.000000
0.000000
0.967805
0.000000
0.869747
2.679378
0.000000
0.000000
0.000000
0.000000
0.000000
0.000000
0.000000
0.000000
0.000000
0.638794
0.000000
0.000000
0.907247
0.529448
0.000000
0.000000
0.000000
0.000000
0.000000
0.000000
0.000000
1.290338
0.000000
0.000000
0.000000
0.000000
0.000000
1.560032
0.000000
2.415586
0.000000
0.000000
0.000000
0.000000
0.000000
0.000000
0.000000
0.000000
0.359867
0.978558
1.517753
0.000000
0.000000
0.000000
0.000000
0.000000
0.000000
0.000000
0.000000
0.000000
0.000000
0.000000
0.000000
0.000000
0.000000
0.214250
0.000000
0.000000
1.054680
0.000000
0.000000
0.000000
0.000000
0.000000
0.000000
0.000000
0.000000
0.658135
0.000000
0.000000
1.962782
0.000000
0.000000
0.000000
0.000000
0.000000
0.000000
1.439405
2.819729
0.000000
0.000000
0.000000
0.000000
0.000000
0.000000
0.000000
0.000000
0.738305
0.000000
0.226828
0.000000
0.000000
0.000000
0.000000
0.000000
0.000000
0.168672
0.677834
0.000000
0.817672
0.516098
0.767573
1.827862
0.000000
0.000000
0.387541
0.000000
1.736676
0.000000
0.448138
0.000000
0.022243
0.000000
0.000000
0.000000
0.000000
0.000000
0.000000
0.000000
0.000000
0.000000
0.000000
0.000000
0.000000
0.000000
0.000000
0.840536
0.000000
0.000000
0.000000
0.055419
0.000000
0.000000
0.000000
0.000000
0.000000
0.000000
0.000000
0.000000
0.000000
0.000000
0.000000
0.000000
0.000000
0.000000
0.000000
0.000000
1.482614
1.252729
0.000000
0.000000
0.000000
0.000000
0.000000
0.000000
1.009205
0.000000
0.186539
0.000000
0.076718
0.904454
0.000000
0.000000
0.000000
0.000000
0.000000
0.000000
0.000000
0.000000
0.000000
0.000000
0.187655
0.000000
1.666750
0.000000
0.000000
0.000000
0.000000
0.000000
0.000000
0.000000
0.000000
0.000000
0.000000
0.000000
0.000000
1.063954
0.000000
0.000000
0.000000
0.000000
0.000000
0.000000
0.000000
0.000000
0.000000
0.000000
0.000000
0.000000
0.000000
0.000000
0.000000
0.371726
1.166381
0.000000
0.000000
0.000000
0.000000
0.000000
0.000000
0.000000
0.000000
0.000000
0.000000
0.000000
0.000000
0.000000
0.000000
0.000000
0.000000
0.000000
0.516321
0.000000
0.000000
0.000000
0.000000
0.000000
0.000000
1.089996
2.399590
0.000000
0.253927
0.000000
0.000000
0.000000
0.000000
0.702060
0.068240
0.000000
0.000000
0.000000
0.000000
0.000000
0.000000
0.000000
0.000000
0.000000
0.000000
0.000000
0.000000
0.000000
0.000000
0.000000
0.000000
0.000000
0.000000
0.000000
0.000000
0.000000
0.000000
0.000000
3.405096
0.000000
0.000000
0.296682
0.000000
0.000000
0.000000
0.000000
0.000000
0.000000
0.000000
0.754900
0.000000
0.000000
0.000000
2.568574
0.405268
0.000000
0.000000
0.000000
0.348395
0.000000
0.000000
0.000000
0.000000
0.000000
0.000000
0.000000
0.000000
0.299837
0.000000
0.000000
0.000000
0.000000
0.000000
0.000000
0.000000
0.000000
1.228747
0.000000
0.000000
0.000000
0.000000
0.000000
0.000000
0.000000
0.000000
0.000000
0.000000
0.000000
0.000000
0.000000
0.000000
0.000000
0.000000
0.000000
0.000000
0.000000
0.000000
0.000000
0.000000
0.000000
0.000000
0.494569
1.164181
0.000000
0.000000
0.000000
0.000000
0.000000
0.000000
0.000000
0.000000
0.685026
0.000000
0.000000
0.000000
0.000000
0.000000
2.878523
0.000000
0.000000
0.000000
0.000000
0.072809
0.000000
0.000000
0.991253
0.000000
0.118152
0.000000
0.000000
1.780629
0.000000
0.117900
0.000000
0.520133
0.000000
0.000000
0.000000
0.000000
0.000000
0.000000
0.000000
0.758905
0.000000
0.000000
0.000000
0.136680
0.000000
0.000000
0.000000
0.000000
0.000000
0.000000
0.156704
0.000000
0.000000
0.000000
0.000000
0.000000
0.000000
0.000000
0.000000
0.000000
0.000000
0.000000
0.000000
0.000000
0.000000
0.000000
0.000000
0.000000
0.000000
0.000000
0.000000
0.000000
0.000000
0.000000
0.000000
0.000000
0.000000
0.183543
0.000000
0.000000
0.000000
0.000000
0.000000
0.000000
0.000000
0.000000
0.000000
0.000000
0.000000
0.000000
1.475882
0.000000
0.000000
0.000000
0.000000
0.000000
0.000000
0.000000
1.370275
0.045465
0.000000
0.767020
0.000000
0.000000
0.000000
0.661917
0.000000
3.378401
0.000000
0.000000
0.000000
0.000000
0.000000
0.000000
0.000000
0.000000
0.000000
0.000000
1.874326
0.000000
0.000000
1.523389
0.000000
0.000000
0.000000
0.000000
0.000000
0.926362
0.000000
0.000000
0.000000
0.000000
0.000000
0.000000
0.000000
0.000000
0.000000
0.000000
0.000000
0.000000
0.000000
0.000000
0.000000
0.000000
0.000000
0.000000
0.000000
0.639432
0.000000
0.000000
1.125619
0.000000
0.000000
0.000000
0.000000
0.000000
0.000000
0.000000
0.000000
1.420433
0.000000
0.000000
0.000000
1.249034
0.000000
0.000000
0.000000
0.000000
0.277763
0.000000
0.000000
0.000000
1.079845
0.000000
0.000000
2.301504
0.000000
0.000000
0.000000
0.000000
0.000000
0.000000
0.000000
0.000000
0.000000
0.000000
0.000000
0.000000
0.000000
0.247697
1.997249
0.448469
0.000000
0.000000
0.000000
0.117081
0.017638
0.000000
0.724492
0.000000
0.000000
0.000000
0.000000
0.000000
0.000000
1.281274
0.000000
0.000000
0.000000
0.382100
0.000000
0.000000
0.000000
0.449820
0.000000
0.000000
0.000000
0.000000
0.000000
0.000000
0.000000
0.000000
0.000000
0.060064
0.000000
0.000000
0.000000
0.000000
0.000000
0.000000
0.000000
1.700716
0.000000
0.000000
0.000000
0.000000
0.870555
0.000000
0.000000
0.000000
0.000000
0.000000
0.000000
0.000000
0.000000
0.000000
0.000000
0.000000
0.000000
0.000000
0.000000
0.000000
0.000000
0.000000
0.000000
0.094007
0.000000
0.000000
0.075413
0.000000
0.000000
0.736322
0.000000
0.158791
0.000000
0.000000
0.287174
0.000000
0.402823
0.000000
0.000000
0.000000
1.090335
0.000000
0.000000
0.000000
0.567580
0.399466
0.000000
0.000000
0.000000
0.000000
0.000000
0.634215
0.000000
0.000000
2.263801
0.180686
0.000000
0.000000
0.000000
0.000000
0.242992
0.000000
0.000000
0.000000
0.000000
2.889527
0.000000
0.000000
0.000000
0.000000
0.000000
0.000000
0.678737
0.000000
0.000000
0.000000
0.443915
0.000000
0.000000
0.000000
0.417427
0.000000
1.050871
0.000000
0.000000
0.000000
0.651286
0.000000
0.000000
0.000000
2.040669
0.000000
0.000000
0.000000
0.000000
0.000000
0.000000
0.000000
0.000000
0.000000
0.000000
0.000000
0.517015
0.000000
0.000000
0.000000
0.459012
0.000000
0.000000
0.000000
0.000000
0.000000
0.000000
0.000000
1.688411
0.000000
0.000000
0.000000
0.000000
0.000000
0.000000
0.000000
0.000000
0.000000
0.000000
0.000000
0.887837
0.000000
0.000000
0.000000
0.000000
0.865986
0.000000
0.000000
0.000000
0.000000
0.000000
0.000000
0.000000
0.000000
0.000000
0.000000
0.484942
0.000000
0.000000
0.000000
0.207690
0.000000
0.000000
0.000000
0.000000
0.000000
2.265538
0.000000
0.000000
0.000000
0.000000
0.000000
1.107605
0.000000
0.000000
0.000000
0.000000
0.000000
0.048300
0.000000
0.000000
0.000000
0.000000
0.000000
0.000000
0.000000
0.000000
0.000000
0.000000
0.000000
0.000000
0.000000
0.000000
0.000000
0.000000
0.000000
0.470803
0.000000
0.000000
0.000000
0.000000
0.000000
0.000000
0.000000
0.216006
0.000000
0.000000
0.000000
0.000000
0.000000
0.826987
0.214947
0.000000
2.297188
0.119337
0.000000
0.000000
0.000000
0.564844
0.000000
0.000000
0.000000
0.000000
0.000000
0.000000
0.000000
0.000000
0.000000
0.000000
0.000000
0.000000
0.000000
0.000000
0.000000
0.000000
0.000000
0.000000
0.000000
0.000000
0.000000
0.461717
0.000000
0.000000
0.000000
0.000000
0.000000
0.000000
1.216628
0.000000
1.114536
0.000000
0.000000
1.200513
0.000000
0.000000
0.922012
0.000000
0.695385
0.000000
0.000000
0.000000
0.000000
0.000000
0.000000
0.000000
0.465252
0.000000
0.000000
0.000000
0.000000
0.000000
0.000000
0.000000
1.205694
0.590220
0.000000
0.000000
0.000000
0.106876
0.000000
2.212228
0.000000
0.000000
0.000000
0.000000
0.000000
0.000000
0.000000
0.630407
1.405455
0.000000
1.351847
0.000000
0.000000
0.000000
0.000000
0.000000
0.000000
0.000000
0.000000
0.000000
0.000000
0.000000
0.000000
0.000000
1.479252
0.000000
1.292833
0.000000
0.879000
0.000000
0.000000
0.000000
0.000000
0.000000
0.000000
0.467758
0.000000
0.000000
0.000000
0.130673
0.000000
0.280168
0.000000
0.000000
0.000000
0.000000
0.000000
1.783136
0.000000
0.000000
0.445688
1.472608
0.000000
1.337373
1.839181
0.000000
0.000000
0.000000
0.000000
0.000000
0.000000
0.653607
0.000000
0.000000
0.000000
0.000000
1.880331
0.198883
0.000000
0.374100
0.000000
0.000000
0.000000
0.000000
0.000000
0.000000
0.000000
0.000000
0.000000
0.000000
0.000000
0.000000
0.000000
1.244341
0.000000
0.000000
0.000000
0.000000
0.000000
0.000000
0.000000
0.000000
0.000000
0.000000
0.000000
0.000000
0.481472
2.289864
0.000000
1.654419
0.000000
0.000000
0.694725
0.000000
0.000000
0.599509
2.660846
0.000000
1.283833
0.000000
0.000000
0.000000
0.000000
0.000000
0.000000
0.000000
0.000000
0.000000
0.000000
0.000000
0.973232
0.000000
0.000000
0.000000
0.000000
1.066102
2.816273
0.317528
0.472650
0.000000
0.000000
0.000000
0.000000
0.000000
0.000000
0.000000
0.000000
0.000000
0.000000
0.000000
0.000000
0.000000
0.000000
0.277745
0.000000
0.000000
0.000000
0.000000
0.000000
0.397666
0.000000
0.000000
0.000000
0.000000
0.000000
0.000000
0.279579
0.000000
0.000000
0.172901
0.000000
0.000000
0.000000
0.000000
0.000000
0.187842
0.000000
0.000000
0.000000
0.000000
0.000000
0.000000
0.000000
0.000000
0.000000
0.749903
0.000000
0.000000
0.000000
0.000000
0.000000
0.000000
0.000000
0.000000
0.000000
1.141333
0.000000
0.000000
0.000000
0.038901
0.000000
0.532181
0.000000
0.191199
0.000000
0.239117
0.000000
2.635339
0.000000
0.000000
0.000000
0.000000
0.373192
0.000000
0.000000
0.000000
0.000000
0.000000
0.000000
0.000000
0.000000
0.000000
0.000000
0.000000
0.000000
0.000000
0.000000
0.000000
0.000000
1.724184
0.000000
0.000000
0.000000
1.014437
0.000000
0.000000
0.000000
0.696554
0.000000
0.000000
0.000000
0.000000
0.000000
0.000000
0.000000
0.000000
0.534343
0.000000
0.945613
0.000000
0.000000
0.000000
1.363307
0.920117
0.000000
0.000000
0.000000
0.000000
1.938589
0.000000
0.000000
0.564009
0.000000
0.581017
0.459350
0.000000
0.000000
0.000000
0.000000
1.578707
0.000000
0.000000
0.000000
0.000000
0.000000
0.000000
0.000000
0.000000
0.000000
0.137139
0.000000
0.000000
3.376902
0.000000
0.000000
0.000000
0.000000
0.000000
0.000000
0.000000
0.000000
0.000000
2.981607
0.770292
1.396690
0.000000
0.000000
0.574593
0.000000
0.000000
0.450685
0.000000
0.000000
0.000000
0.000000
0.000000
0.000000
0.000000
0.000000
0.330136
1.040126
0.000000
0.000000
0.073794
0.000000
0.000000
0.000000
0.000000
0.000000
0.000000
0.000000
0.323024
2.569937
0.000000
0.000000
2.573536
0.000000
0.000000
0.000000
0.000000
0.000000
0.000000
0.000000
0.000000
0.000000
0.965158
0.000000
0.000000
0.000000
0.577072
0.000000
0.000000
0.000000
0.000000
0.000000
0.000000
0.000000
0.000000
3.873587
0.000000
2.088111
0.000000
0.000000
0.000000
0.000000
0.000000
0.000000
3.103934
1.944882
0.000000
0.000000
0.783394
0.000000
0.140252
0.000000
0.000000
0.000000
0.077762
0.000000
0.000000
3.175299
0.000000
0.000000
0.720913
0.601722
0.646410
0.000000
0.000000
0.402456
0.000000
0.000000
0.000000
0.000000
0.146062
0.000000
0.000000
0.000000
0.000000
0.000000
0.000000
0.075339
0.000000
0.000000
0.000000
5.664363
0.000000
0.212596
0.000000
1.408796
0.000000
0.000000
0.000000
0.513823
1.387132
0.000000
0.000000
0.000000
0.000000
0.000000
1.461565
0.000000
0.520833
0.000000
0.000000
1.389527
0.000000
0.000000
0.515375
0.000000
0.000000
1.852828
0.000000
2.133009
0.000000
0.000000
0.000000
0.000000
0.000000
0.000000
0.000000
0.000000
0.000000
0.000000
0.000000
0.000000
0.000000
0.000000
0.758077
0.000000
0.000000
0.000000
0.148514
0.000000
0.000000
0.822534
0.000000
0.000000
0.000000
0.000000
0.000000
0.485809
0.000000
0.000000
0.000000
0.000000
0.732913
0.000000
0.000000
0.000000
0.000000
0.000000
0.000000
0.000000
0.000000
0.000000
0.000000
0.000000
0.000000
0.000000
0.000000
0.000000
0.651855
0.000000
0.000000
0.000000
0.000000
0.000000
0.000000
0.563610
0.000000
0.000000
0.000000
0.000000
0.000000
0.000000
0.000000
0.000000
0.000000
0.000000
0.000000
0.000000
0.000000
2.003702
0.000000
0.000000
0.000000
0.000000
0.000000
0.000000
0.000000
0.000000
0.303153
2.262599
0.000000
0.570190
0.000000
0.000000
0.000000
0.000000
0.000000
0.000000
0.000000
0.000000
0.959770
0.000000
0.000000
0.368010
1.187892
0.000000
0.000000
0.000000
0.000000
0.000000
0.000000
0.000000
0.000000
0.000000
0.594560
0.355037
0.000000
0.378167
0.000000
0.000000
0.000000
0.124378
0.000000
0.000000
0.000000
0.000000
0.000000
0.000000
0.995701
0.000000
0.000000
0.000000
0.877818
0.000000
0.000000
0.000000
0.000000
0.000000
0.095385
1.540589
0.000000
0.000000
0.000000
0.000000
0.000000
0.000000
0.000000
0.000000
0.000000
0.000000
1.066824
0.000000
0.000000
0.000000
0.000000
0.000000
0.000000
0.000000
0.000000
0.000000
0.000000
0.000000
0.000000
0.000000
0.000000
0.000000
0.000000
0.000000
0.000000
0.000000
2.125332
0.000000
0.957380
0.000000
0.000000
0.448232
0.078880
0.000000
0.000000
0.003403
0.000000
0.000000
0.000000
0.000000
0.667951
0.000000
0.000000
0.000000
1.571252
1.427791
0.000000
0.000000
0.000000
0.000000
0.000000
0.000000
0.000000
0.802691
0.000000
0.000000
0.000000
0.000000
0.000000
0.000000
0.000000
0.714993
0.000000
0.000000
0.000000
0.000000
0.000000
0.417070
0.000000
0.000000
0.813471
0.000000
0.000000
0.000000
0.000000
0.000000
0.000000
0.000000
0.000000
0.000000
0.000000
0.000000
0.000000
0.495324
0.000000
0.000000
0.000000
0.000000
0.000000
0.000000
0.000000
0.000000
0.000000
0.000000
0.000000
0.771249
0.000000
0.000000
1.848437
0.000000
1.033487
0.000000
0.000000
0.000000
0.000000
0.000000
0.000000
0.000000
0.656422
0.000000
0.000000
0.000000
2.059001
0.000000
0.000000
0.000000
0.000000
0.000000
0.241395
0.000000
0.000000
0.000000
0.000000
0.000000
0.000000
0.000000
0.000000
0.000000
0.908460
0.000000
0.000000
1.683135
0.000000
0.249353
3.325464
0.000000
0.000000
0.000000
0.000000
0.000000
0.000000
0.000000
0.000000
0.000000
0.000000
0.000000
0.000000
0.000000
0.459611
0.000000
0.000000
0.000000
0.000000
0.000000
0.000000
0.000000
0.000000
0.000000
0.073066
0.000000
0.000000
0.064008
0.000000
0.000000
0.000000
0.000000
0.000000
0.000000
0.797895
0.000000
0.000000
0.000000
0.000000
0.000000
0.000000
0.000000
0.000000
0.000000
0.000000
0.000000
0.000000
0.090804
0.000000
0.250996
0.000000
0.000000
1.352410
0.036893
0.000000
0.000000
0.000000
0.000000
0.199578
0.000000
0.000000
0.000000
0.000000
0.000000
0.505692
0.000000
2.041891
0.000000
0.000000
0.000000
0.000000
2.556226
0.000000
0.000000
0.000000
0.000000
0.307810
0.000000
0.000000
1.857614
0.278678
0.000000
0.000000
0.000000
0.000000
0.000000
0.000000
0.000000
0.000000
0.000000
0.000000
0.000000
2.327535
0.000000
0.659341
0.000000
1.170775
1.179591
0.859984
0.815566
0.000000
0.000000
0.000000
0.636396
0.000000
0.000000
0.000000
0.000000
0.000000
0.000000
0.000000
0.000000
0.000000
0.989588
0.000000
0.309068
0.000000
0.000000
0.062047
0.000000
0.000000
0.000000
0.306565
0.000000
0.000000
0.000000
0.000000
0.000000
0.000000
0.107848
0.000000
0.000000
0.342612
2.526402
0.000000
0.000000
0.000000
0.000000
0.000000
0.000000
0.000000
1.063417
0.045761
0.000000
0.000000
0.000000
0.459048
0.000000
0.000000
0.000000
0.000000
0.000000
0.000000
0.000000
0.338940
0.000000
0.000000
1.196948
0.367875
0.000000
0.000000
0.000000
0.000000
0.000000
0.000000
0.000000
0.079984
0.000000
0.000000
1.131446
1.111070
0.000000
0.000000
1.240309
0.000000
0.356244
0.000000
0.917288
0.000000
0.180238
0.000000
0.000000
0.000000
0.000000
0.000000
0.000000
1.051033
1.006727
0.000000
0.000000
0.000000
0.000000
0.000000
0.000000
0.000000
0.000000
0.000000
0.000000
0.000000
1.325723
0.327833
0.673720
0.000000
0.000000
0.000000
0.000000
0.000000
0.000000
0.000000
0.000000
0.000000
0.000000
0.780354
0.000000
1.918593
0.000000
0.000000
0.000000
0.000000
0.000000
0.000000
0.000000
0.000000
0.000000
0.000000
0.000000
0.000000
0.000000
0.000000
0.000000
0.000000
0.000000
0.000000
0.000000
0.000000
0.000000
0.000000
0.000000
0.000000
0.000000
0.000000
0.000000
0.000000
0.000000
0.000000
0.000000
0.000000
0.000000
0.454055
1.097663
0.000000
0.000000
0.000000
0.000000
0.000000
0.000000
0.000000
0.000000
0.976243
0.000000
0.000000
0.000000
0.000000
0.000000
3.715647
0.000000
0.587552
0.000000
2.356302
0.000000
0.000000
0.000000
0.000000
0.000000
0.000000
1.347517
0.322035
0.000000
0.000000
0.000000
0.000000
0.527637
0.000000
0.000000
0.000000
0.000000
0.000000
0.000000
0.000000
0.000000
0.000000
0.000000
0.000000
0.000000
0.000000
0.000000
0.000000
0.000000
0.000000
0.000000
0.000000
0.000000
0.000000
0.170957
0.000000
0.000000
0.000000
1.192178
0.000000
0.000000
0.000000
0.000000
0.000000
0.000000
0.000000
0.000000
0.000000
0.220389
0.000000
0.000000
0.618378
1.831739
0.000000
0.000000
0.000000
1.048909
0.000000
0.000000
0.000000
0.000000
1.425214
0.000000
1.227965
0.000000
0.000000
0.188523
0.000000
0.000000
0.853268
0.152556
0.000000
0.000000
0.000000
0.000000
0.000000
3.260060
0.000000
0.000000
0.000000
0.000000
0.000000
0.000000
0.000000
0.000000
0.593420
0.000000
0.000000
1.024806
0.000000
0.000000
0.000000
0.000000
0.340365
0.000000
0.000000
0.000000
0.406540
2.183445
0.000000
0.917719
0.000000
0.000000
0.566489
0.000000
0.000000
0.000000
0.000000
0.000000
0.000000
0.000000
0.000000
0.000000
0.000000
0.280710
0.000000
1.826106
0.000000
0.431300
0.000000
0.000000
0.000000
0.000000
1.008284
0.000000
0.922786
2.117423
0.000000
0.000000
0.702212
0.000000
0.000000
0.000000
0.000000
0.367337
0.000000
0.000000
0.737056
0.000000
0.000000
0.740349
0.481001
0.000000
0.000000
0.000000
0.000000
0.000000
0.000000
0.000000
2.398735
0.000000
0.000000
0.000000
0.000000
0.000000
0.000000
0.000000
0.000000
0.000000
0.000000
0.000000
0.000000
0.000000
0.000000
0.847639
0.000000
1.149183
0.000000
0.000000
0.000000
1.469699
0.000000
0.000000
0.289469
0.015264
1.274020
0.000000
0.000000
0.000000
0.000000
0.000000
0.000000
1.598065
0.140085
0.220964
0.000000
0.000000
0.000000
0.000000
0.000000
0.577146
0.000000
0.000000
0.000000
0.000000
0.000000
0.000000
4.002690
0.000000
0.000000
0.000000
0.260378
0.000000
0.468848
0.000000
0.000000
0.000000
1.147492
0.000000
0.000000
0.000000
1.695927
0.000000
0.000000
0.000000
1.701888
0.000000
0.000000
0.000000
0.000000
0.000000
0.813977
0.000000
0.000000
0.378670
0.000000
0.000000
0.000000
0.000000
0.000000
0.000000
0.000000
0.000000
0.000000
0.000000
0.000000
0.000000
0.000000
0.000000
0.000000
1.434603
0.000000
0.000000
0.000000
0.000000
0.453734
0.965184
2.553113
0.000000
0.000000
0.000000
0.000000
0.000000
0.000000
0.000000
0.000000
0.000000
0.000000
0.000000
0.000000
0.000000
0.000000
0.000000
0.000000
0.000000
0.000000
0.000000
0.000000
0.000000
0.000000
3.489457
0.000000
0.000000
0.000000
0.000000
0.000000
0.000000
0.000000
0.000000
0.000000
0.415868
0.000000
0.000000
0.000000
2.561135
0.000000
0.000000
0.000000
0.000000
0.000000
0.000000
0.000000
0.000000
0.937313
0.000000
0.000000
0.000000
0.000000
0.000000
0.000000
0.000000
0.000000
0.000000
3.501598
0.000000
0.000000
0.000000
0.000000
2.373151
0.000000
0.000000
0.000000
0.299474
0.000000
0.000000
0.000000
0.000000
0.000000
0.893452
0.000000
0.000000
0.000000
0.000000
0.000000
0.000000
1.149698
0.000000
0.000000
0.000000
0.000000
0.000000
0.000000
0.000000
0.000000
1.107158
0.000000
0.000000
0.000000
0.125418
0.000000
0.025529
0.000000
0.000000
0.000000
0.000000
1.584517
0.000000
0.000000
1.650321
0.000000
0.000000
0.000000
0.000000
0.360772
0.000000
0.000000
0.000000
0.000000
0.000000
0.000000
0.000000
0.000000
0.566265
0.000000
0.969604
0.000000
0.173800
2.286021
0.000000
1.684144
0.000000
3.927025
0.000000
1.174627
0.000000
0.000000
0.000000
0.226720
0.000000
0.000000
0.000000
0.000000
0.819605
0.182287
0.000000
0.000000
0.000000
0.000000
0.000000
0.000000
0.000000
0.000000
0.000000
1.451841
0.000000
0.000000
2.038301
0.000000
2.078793
0.000000
0.000000
2.395114
0.000000
0.000000
0.000000
2.318684
0.000000
0.000000
0.108785
0.000000
0.000000
0.000000
0.000000
0.000000
0.000000
0.000000
0.962264
0.000000
0.000000
0.000000
0.000000
0.000000
0.000000
2.225514
0.000000
0.000000
0.000000
1.817139
0.852027
0.000000
0.000000
0.000000
0.000000
0.000000
0.000000
0.000000
0.000000
0.000000
0.000000
0.000000
0.000000
0.000000
0.000000
1.200689
0.000000
1.217475
0.127447
0.000000
0.000000
0.000000
0.000000
0.000000
0.000000
1.228381
1.255072
0.000000
0.000000
0.869780
0.000000
0.000000
2.135795
0.000000
0.000000
0.000000
0.000000
0.000000
0.511480
0.000000
0.045107
0.000000
0.000000
0.000000
0.000000
0.000000
0.000000
0.000000
0.000000
0.000000
0.139114
0.000000
0.000000
0.804133
0.000000
0.000000
0.000000
0.000000
0.000000
0.000000
0.000000
0.000000
0.000000
0.000000
0.000000
0.000000
0.000000
0.000000
0.000000
0.000000
0.000000
0.000000
0.000000
0.000000
0.000000
2.464735
0.000000
0.000000
0.000000
0.000000
0.000000
0.000000
2.351985
0.575793
0.000000
0.000000
0.000000
2.333960
0.000000
0.000000
0.000000
0.000000
0.000000
0.000000
0.000000
0.000000
0.000000
0.000000
0.000000
0.068714
0.000000
0.000000
0.000000
1.596256
0.000000
2.025562
1.617941
0.000000
0.000000
0.000000
0.000000
0.000000
0.000000
0.000000
0.000000
0.248992
0.000000
0.000000
0.000000
4.019757
1.352506
0.000000
0.000000
0.000000
0.000000
1.840971
0.700783
0.000000
0.000000
0.000000
0.000000
0.000000
0.000000
0.000000
0.701813
0.000000
0.000000
0.000000
0.000000
0.000000
0.000000
0.631650
0.000000
0.000000
0.000000
0.000000
0.000000
0.000000
0.000000
0.000000
0.000000
0.000000
0.000000
0.000000
0.000000
0.000000
0.000000
0.000000
2.217372
0.000000
0.000000
0.000000
1.639594
0.282425
0.000000
0.000000
1.368870
0.000000
0.000000
0.000000
3.347554
0.061055
0.000000
0.000000
0.000000
0.000000
0.000000
0.000000
0.000000
0.000000
0.415332
0.089478
0.000000
0.000000
0.000000
0.000000
0.000000
0.000000
0.949746
0.000000
0.000000
0.000000
0.000000
0.000000
0.000000
0.000000
0.000000
0.000000
0.000000
0.000000
0.000000
0.000000
2.655811
0.000000
0.000000
0.000000
0.000000
0.000000
0.000000
0.000000
0.077043
0.000000
0.000000
0.000000
0.000000
0.000000
0.000000
0.000000
0.000000
0.000000
0.000000
0.000000
0.765348
1.752994
0.000000
0.000000
0.000000
0.000000
0.000000
0.000000
0.000000
1.466131
0.000000
0.000000
0.000000
0.000000
0.000000
0.000000
0.000000
1.487160
0.000000
0.000000
0.000000
0.000000
0.000000
0.000000
0.000000
0.000000
0.000000
0.000000
0.000000
0.000000
2.841147
0.000000
0.000000
0.000000
2.713623
0.000000
0.000000
0.000000
0.000000
0.000000
0.000000
1.282776
0.000000
0.000000
0.000000
0.000000
0.000000
0.000000
0.000000
0.000000
0.000000
1.208137
0.228873
0.000000
0.000000
2.222543
0.050561
0.000000
0.000000
0.000000
0.000000
0.000000
0.000000
0.000000
0.000000
0.000000
0.592444
0.000000
0.000000
0.000000
0.000000
0.587646
0.000000
0.000000
0.000000
0.000000
1.480398
0.000000
0.000000
0.000000
0.000000
0.000000
0.000000
0.000000
0.000000
0.000000
0.536608
0.000000
0.000000
0.000000
0.557659
0.000000
0.000000
0.000000
0.000000
0.498537
0.000000
0.000000
0.000000
0.000000
0.018428
0.009109
0.000000
0.000000
0.000000
0.000000
0.708826
0.000000
0.000000
0.000000
0.000000
0.160744
0.631508
0.000000
0.498425
0.000000
0.000000
0.000000
0.000000
0.000000
0.000000
0.000000
0.000000
0.000000
0.000000
0.000000
0.000000
0.000000
1.859180
0.000000
0.000000
0.000000
0.000000
0.000000
0.000000
0.000000
0.000000
0.135371
0.000000
0.000000
2.964032
0.304538
0.000000
0.000000
0.000000
0.000000
0.000000
0.092780
0.000000
0.000000
0.943542
1.778981
0.000000
0.000000
0.000000
0.000000
0.000000
0.000000
1.247791
0.000000
0.000000
0.000000
0.000000
0.000000
0.000000
0.000000
0.000000
0.000000
0.000000
0.000000
1.032070
0.000000
0.000000
0.000000
0.000000
1.714310
0.000000
0.000000
0.000000
0.000000
0.000000
0.000000
0.000000
0.000000
0.000000
0.000000
0.000000
0.000000
0.000000
0.945612
0.000000
0.000000
0.000000
0.000000
0.000000
1.081812
1.037070
0.000000
0.000000
0.000000
0.000000
0.000000
0.000000
0.000000
0.000000
0.000000
0.651816
0.000000
0.000000
0.000000
0.000000
0.000000
0.000000
0.000000
0.000000
0.000000
0.000000
0.000000
0.000000
0.000000
0.000000
0.000000
0.000000
0.000000
0.000000
0.000000
0.000000
0.000000
0.000000
0.000000
0.622082
0.000000
0.000000
0.000000
0.000000
0.000000
0.000000
0.000000
0.000000
0.000000
0.000000
0.000000
0.000000
0.000000
0.000000
0.374729
0.000000
0.000000
0.780831
0.000000
0.000000
0.000000
0.000000
0.292417
0.000000
0.000000
0.000000
0.000000
1.482344
0.000000
0.000000
0.942418
1.178994
0.000000
0.000000
0.000000
0.000000
0.000000
0.000000
0.000000
0.000000
0.000000
0.000000
0.000000
0.000000
0.000000
0.000000
2.029776
0.000000
0.000000
0.000000
0.368163
0.000000
0.158750
0.000000
0.000000
0.000000
0.000000
0.000000
0.000000
0.000000
0.000000
0.000000
2.265934
0.000000
0.000000
0.111804
0.000000
0.000000
0.000000
0.000000
0.000000
0.000000
2.207045
0.000000
0.802900
0.000000
0.000000
0.000000
0.000000
0.000000
0.000000
0.000000
0.000000
0.000000
0.000000
0.000000
0.000000
0.000000
0.000000
0.000000
0.000000
0.378323
0.000000
0.000000
1.045315
0.000000
1.106916
0.000000
0.000000
0.000000
0.000000
0.000000
0.000000
0.000000
0.000000
0.000000
0.000000
0.000000
0.000000
0.000000
0.000000
0.000000
0.000000
0.000000
0.000000
0.000000
0.041290
0.000000
0.000000
0.000000
0.402391
0.000000
2.025941
0.000000
0.000000
0.000000
0.000000
0.000000
0.000000
0.000000
0.000000
0.407296
0.000000
0.820693
0.000000
0.000000
0.000000
0.000000
0.000000
0.000000
0.000000
0.000000
0.000000
0.000000
0.000000
0.000000
0.000000
0.000000
0.421373
0.000000
0.000000
0.000000
0.311828
0.000000
0.000000
0.000000
0.000000
0.000000
0.000000
1.216606
0.000000
0.784448
0.000000
0.000000
1.930390
0.000000
0.000000
0.000000
0.000000
0.000000
3.059211
0.000000
0.000000
0.000000
0.000000
1.017237
0.000000
0.000000
0.000000
0.000000
0.000000
0.000000
0.158832
0.000000
0.000000
0.000000
0.000000
0.005437
0.000000
0.000000
0.000000
0.000000
0.000000
0.000000
0.000000
0.000000
0.000000
0.000000
0.000000
0.000000
0.000000
0.000000
0.000000
0.000000
4.034845
0.042885
0.000000
0.000000
0.000000
0.000000
0.052176
0.000000
0.000000
0.000000
0.000000
0.000000
2.857170
0.000000
0.000000
0.000000
0.126125
0.000000
0.000000
0.000000
0.000000
0.000000
0.000000
0.000000
0.000000
0.678575
0.000000
0.000000
0.000000
0.567183
0.000000
0.000000
0.000000
0.000000
0.000000
0.000000
0.000000
0.000000
0.000000
0.000000
0.034890
3.418653
0.000000
0.000000
0.506624
0.000000
0.000000
0.000000
0.000000
0.000000
0.000000
0.000000
1.190232
0.000000
0.000000
0.000000
3.758617
0.000000
0.000000
0.000000
0.111327
0.863018
0.000000
0.000000
0.000000
0.000000
0.000000
0.000000
0.000000
3.343516
0.000000
0.000000
0.000000
1.063238
0.000000
0.000000
0.000000
0.000000
0.000000
0.000000
0.000000
0.000000
4.150270
0.000000
0.000000
0.000000
0.000000
0.000000
0.000000
0.000000
0.000000
1.642772
0.000000
0.000000
0.000000
0.000000
0.454712
0.000000
1.757961
0.000000
0.000000
0.000000
0.000000
0.000000
0.000000
0.000000
0.000000
2.509048
0.000000
0.000000
0.000000
0.000000
0.000000
0.000000
0.000000
0.604811
0.000000
0.174653
0.000000
0.000000
0.000000
0.000000
0.000000
0.000000
0.000000
0.000000
0.000000
0.000000
0.000000
0.000000
0.000000
0.000000
0.000000
0.000000
0.000000
0.477391
0.000000
2.517659
0.000000
0.000000
0.806436
0.000000
0.000000
1.051304
0.547827
0.000000
0.000000
0.000000
0.000000
0.433605
0.000000
0.000000
0.082451
0.000000
0.000000
0.000000
0.000000
1.503078
0.000000
1.482648
0.000000
0.000000
0.000000
0.000000
0.000000
0.000000
1.514128
0.000000
0.000000
0.000000
0.000000
0.000000
2.359574
0.000000
0.000000
1.188721
0.000000
0.000000
0.510737
0.279216
0.974211
0.000000
0.000000
0.000000
0.000000
0.000000
0.000000
0.000000
0.000000
0.000000
0.000000
0.000000
0.000000
0.000000
0.000000
0.000000
2.016212
0.000000
0.000000
2.817887
0.000000
0.000000
0.620743
0.000000
0.000000
0.000000
0.000000
0.000000
0.000000
0.000000
0.000000
0.000000
0.024477
0.000000
0.000000
0.000000
0.000000
0.000000
0.000000
0.000000
0.053174
1.013226
0.000000
0.000000
0.000000
0.000000
0.000000
0.000000
0.000000
0.000000
0.972346
0.000000
0.000000
0.000000
0.000000
0.000000
0.000000
0.000000
0.000000
1.457243
0.000000
0.000000
0.000000
0.000000
0.000000
0.000000
0.000000
1.415150
0.000000
0.000000
0.000000
0.000000
0.000000
0.000000
0.000000
0.000000
0.000000
0.000000
0.000000
0.000000
0.000000
0.000000
0.000000
0.000000
0.000000
0.000000
0.000000
0.050415
0.000000
0.000000
0.753389
0.000000
0.000000
0.000000
1.430826
0.439547
0.000000
0.000000
1.259045
0.000000
0.000000
0.000000
0.000000
0.000000
0.000000
0.052386
0.000000
0.000000
0.000000
0.000000
0.000000
0.008885
0.000000
0.000000
0.000000
0.000000
0.000000
0.000000
0.000000
0.000000
0.000000
0.000000
0.607830
1.293521
0.000000
0.000000
0.000000
0.000000
0.000000
0.000000
0.000000
0.000000
0.000000
0.043260
0.000000
0.069892
1.130919
0.000000
0.636763
0.000000
0.000000
0.000000
0.000000
0.000000
0.000000
0.000000
0.000000
0.000000
0.000000
0.000000
0.000000
0.000000
0.000000
0.000000
0.000000
0.000000
0.000000
0.000000
0.000000
0.000000
1.376866
0.000000
0.000000
0.000000
0.000000
0.000000
0.000000
0.000000
0.000000
0.825047
0.000000
0.000000
0.000000
0.025816
2.287398
0.000000
0.000000
0.000000
0.292892
0.000000
0.166730
0.000000
0.000000
0.000000
0.000000
0.000000
0.000000
2.744047
0.000000
0.000000
0.000000
0.000000
0.000000
0.981344
0.000000
0.000000
0.000000
0.445833
0.371737
0.012259
0.000000
0.000000
0.000000
0.000000
0.000000
0.000000
0.000000
2.898567
0.000000
2.268945
0.000000
0.000000
0.000000
0.000000
0.803691
0.000000
0.000000
0.853171
0.000000
0.137298
3.509100
0.000000
0.000000
0.000000
0.000000
0.000000
0.000000
0.000000
0.586747
0.000000
0.000000
0.000000
1.540642
0.000000
0.000000
0.000000
0.000000
0.000000
0.000000
0.000000
0.000000
0.000000
0.000000
0.000000
1.300846
0.000000
0.000000
0.000000
0.000000
0.000000
0.000000
0.000000
0.000000
0.000000
0.000000
0.000000
0.175031
0.000000
0.000000
0.000000
0.000000
0.000000
0.000000
0.000000
0.000000
0.000000
3.040176
0.000000
0.000000
1.115504
0.000000
0.000000
0.000000
0.000000
0.000000
0.000000
0.000000
0.000000
0.000000
0.000000
2.856142
0.000000
0.000000
0.000000
0.000000
0.000000
0.000000
0.928663
0.000000
0.000000
0.000000
0.000000
0.000000
0.000000
0.000000
0.000000
0.000000
0.000000
0.751640
0.000000
0.000000
0.000000
0.000000
2.903378
0.000000
1.596234
0.514245
0.000000
0.000000
0.000000
0.000000
0.000000
1.565485
0.000000
0.000000
1.688466
0.518049
0.000000
0.000000
1.051862
0.085316
0.000000
0.451996
0.551236
0.000000
0.000000
0.000000
0.000000
0.000000
0.000000
0.000000
0.000000
0.000000
0.006195
2.187914
0.000000
0.000000
0.000000
0.000000
0.000000
0.000000
0.000000
0.000000
0.000000
0.000000
1.006028
0.000000
0.000000
0.000000
0.000000
0.000000
0.000000
0.000000
0.479257
0.000000
0.000000
0.000000
0.000000
0.000000
0.000000
0.000000
0.000000
0.102522
0.000000
0.000000
0.222470
0.000000
0.000000
2.080305
1.536724
0.000000
0.684434
0.000000
0.000000
0.000000
0.000000
0.000000
0.000000
0.000000
0.854331
0.000000
0.000000
2.831864
0.000000
0.000000
0.139312
0.000000
0.838991
0.000000
0.213169
0.000000
0.000000
0.722405
1.773555
0.297975
0.000000
0.000000
2.653958
0.537650
0.528325
0.000000
0.000000
0.000000
2.196652
0.000000
0.000000
0.000000
0.000000
0.000000
0.000000
0.000000
0.000000
0.000000
0.132728
0.000000
0.000000
0.000000
0.000000
0.000000
0.000000
0.367098
0.000000
0.000000
0.792595
0.000000
0.060093
0.000000
0.000000
0.000000
0.000000
0.000000
0.000000
0.000000
0.000000
0.000000
0.000000
0.800232
0.000000
0.000000
0.000000
0.000000
0.516750
0.000000
1.691633
0.000000
