0.000000
0.000000
0.000000
0.000000
0.000000
0.000000
1.502018
0.000000
0.000000
1.133020
0.000000
0.000000
2.435132
0.000000
0.000000
0.000000
0.000000
0.000000
0.000000
0.000000
0.000000
0.000000
0.000000
0.348516
0.000000
2.059547
0.000000
0.000000
0.000000
0.122528
0.000000
1.780085
0.000000
0.000000
0.000000
0.698532
0.000000
0.000000
0.000000
0.000000
0.768011
0.000000
0.000000
0.000000
2.058919
0.289088
0.935440
0.569604
0.000000
0.000000
0.000000
0.000000
0.000000
0.000000
0.000000
0.046516
1.438609
0.000000
0.000000
0.000000
0.000000
0.000000
0.868060
0.000000
0.000000
0.000000
0.000000
0.000000
0.000000
0.000000
0.000000
0.000000
0.558556
0.000000
0.000000
0.000000
0.000000
1.837953
0.000000
0.836704
0.000000
0.000000
0.000000
0.703593
0.000000
2.247505
0.000000
0.539826
0.000000
0.000000
0.000000
0.522205
0.882596
0.000000
0.731024
0.000000
0.000000
0.000000
0.000000
2.736719
0.000000
0.000000
0.000000
0.000000
1.305135
0.000000
0.000000
0.447029
0.000000
0.000000
0.000000
0.000000
0.000000
2.995092
0.000000
0.737761
0.000000
0.000000
0.000000
0.000000
0.000000
0.000000
0.000000
0.000000
0.000000
0.293388
0.000000
0.000000
0.000000
0.000000
0.000000
0.000000
0.000000
0.000000
0.000000
0.131325
0.411771
0.000000
0.000000
0.000000
0.000000
2.318245
0.381227
0.000000
0.000000
0.000000
0.000000
0.000000
0.000000
0.000000
1.204536
0.442049
0.000000
0.000000
0.000000
0.000000
0.000000
0.000000
0.000000
0.000000
0.000000
0.000000
0.000000
1.785112
1.717784
0.000000
0.000000
0.000000
0.000000
0.000000
0.000000
0.000000
0.000000
0.000000
0.000000
0.000000
0.000000
0.000000
0.000000
0.000000
0.000000
0.340788
0.000000
0.000000
0.000000
0.000000
0.000000
0.000000
0.000000
0.000000
1.606089
0.000000
0.000000
0.000000
0.000000
1.558208
0.000000
0.419266
0.000000
0.000000
0.000000
0.000000
0.157058
0.000000
0.000000
0.000000
1.563870
0.000000
1.101850
0.000000
0.000000
0.000000
0.000000
0.000000
0.000000
0.000000
2.766258
0.000000
0.000000
0.000000
0.000000
0.000000
0.000000
0.000000
0.000000
0.000000
4.054601
1.317865
3.281869
0.000000
0.000000
0.000000
0.000000
0.000000
0.000000
0.000000
0.000000
0.000000
0.000000
0.000000
0.000000
0.000000
0.000000
0.000000
0.601483
1.458151
0.000000
0.000000
0.000000
0.309410
0.000000
0.000000
0.000000
0.000000
0.000000
0.000000
0.000000
0.039001
0.000000
0.000000
0.000000
0.000000
0.000000
0.000000
0.000000
0.000000
0.000000
0.000000
0.000000
0.000000
1.074077
0.000000
0.000000
0.000000
0.000000
0.000000
0.000000
0.000000
0.000000
0.000000
0.000000
0.000000
0.000000
0.000000
0.000000
0.000000
0.000000
0.000000
0.419387
0.000000
0.000000
0.555627
0.000000
0.000000
0.000000
0.000000
0.000000
0.000000
1.235108
2.022742
0.283939
0.000000
0.000000
0.000000
0.000000
0.000000
2.057051
0.000000
0.000000
0.000000
0.000000
0.000000
0.000000
0.000000
0.000000
0.000000
0.000000
0.000000
0.000000
0.000000
4.703461
0.000000
0.000000
0.000000
1.247579
0.000000
0.000000
0.000000
0.000000
0.000000
0.000000
1.388232
0.000000
2.556899
0.896692
0.000000
1.153149
2.203029
0.000000
0.000000
0.000000
0.000000
0.000000
0.000000
0.000000
0.000000
0.000000
0.077549
0.000000
2.029976
0.000000
0.443542
0.000000
0.000000
0.000000
0.000000
0.816687
0.000000
0.000000
1.577570
0.000000
0.409786
0.875224
0.088686
0.000000
0.000000
0.000000
0.000000
0.000000
1.584479
0.000000
0.000000
0.000000
0.000000
0.000000
0.469584
0.000000
0.000000
0.000000
0.000000
0.000000
0.000000
0.000000
0.000000
0.000000
0.000000
0.000000
0.000000
0.000000
0.000000
0.000000
0.000000
1.517316
0.000000
0.000000
0.000000
1.218089
0.000000
0.000000
0.000000
0.000000
0.000000
0.000000
0.000000
0.000000
0.000000
0.000000
0.000000
0.848587
2.311412
0.000000
0.000000
0.000000
0.115515
0.000000
0.452863
0.320090
2.852926
0.000000
0.000000
0.000000
0.076612
0.000000
0.000000
0.543647
0.000000
0.000000
0.000000
0.000000
0.000000
0.000000
0.451958
0.000000
0.000000
0.000000
0.000000
0.000000
0.000000
0.000000
0.000000
0.000000
0.000000
0.000000
0.000000
0.000000
2.869837
0.854346
0.000000
0.950011
0.000000
0.000000
0.752347
0.116666
0.000000
0.000000
0.000000
0.057721
0.000000
0.000000
0.000000
0.000000
0.000000
0.000000
0.000000
0.079104
0.000000
0.000000
0.000000
0.000000
0.000000
0.000000
0.000000
0.000000
2.244528
0.000000
0.000000
0.000000
1.437154
0.000000
0.000000
0.000000
1.316545
0.295642
0.000000
0.000000
0.000000
0.080359
0.000000
0.000000
0.000000
0.000000
1.219884
1.061737
0.000000
0.000000
0.000000
0.000000
0.000000
0.000000
0.000000
0.000000
0.000000
0.000000
0.058483
0.000000
0.668605
0.000000
0.000000
0.000000
0.000000
0.824898
0.114305
0.094635
0.000000
0.647775
0.000000
0.000000
0.000000
0.000000
0.000000
0.000000
0.000000
0.000000
0.000000
0.000000
1.679120
0.000000
2.306293
0.000000
0.000000
0.070753
0.000000
0.000000
0.000000
0.000000
0.000000
0.000000
0.000000
0.000000
0.000000
0.000000
0.000000
0.000000
0.000000
0.785324
0.000000
0.000000
0.000000
0.000000
0.000000
0.000000
0.235461
0.000000
0.000000
0.147211
0.000000
0.000000
0.000000
0.000000
1.409099
0.000000
0.000000
0.000000
0.000000
0.000000
0.000000
0.000000
0.000000
0.545819
0.000000
0.000000
0.000000
0.000000
0.000000
0.833949
0.000000
1.842513
0.049957
0.000000
0.000000
0.000000
0.000000
0.927457
0.000000
0.000000
0.000000
0.000000
0.000000
0.000000
0.000000
0.000000
0.000000
0.000000
0.000000
0.000000
0.340344
0.000000
0.000000
0.000000
0.640963
0.000000
0.000000
0.000000
0.000000
0.000000
0.000000
0.000000
0.000000
0.000000
0.560538
0.716936
0.000000
0.000000
0.000000
0.000000
0.000000
0.000000
0.000000
0.000000
0.000000
1.476141
0.000000
0.000000
0.000000
0.000000
0.000000
0.000000
0.000000
0.000000
0.595919
0.000000
0.000000
0.000000
0.000000
0.000000
0.000000
0.000000
0.000000
1.263593
0.000000
0.000000
0.443069
0.000000
0.000000
0.000000
0.000000
0.000000
0.000000
0.000000
0.000000
2.032458
0.758936
0.000000
0.000000
0.000000
0.000000
0.000000
0.410832
1.269649
0.000000
0.000000
0.000000
0.709121
0.000000
0.000000
0.000000
2.264581
0.000000
2.363357
2.997019
0.000000
0.000000
0.000000
0.000000
0.000000
0.000000
0.000000
0.000000
0.000000
0.000000
0.000000
1.240755
0.000000
0.000000
0.000000
0.000000
0.000000
0.000000
0.000000
1.613289
0.000000
0.000000
0.000000
0.000000
0.000000
0.000000
0.000000
0.000000
2.328762
0.000000
0.000000
0.000000
0.000000
0.349311
0.000000
0.000000
0.000000
0.000000
0.000000
0.000000
1.411369
0.000000
0.281378
0.000000
0.000000
0.000000
0.000000
0.000000
0.073381
0.000000
0.000000
0.000000
0.000000
0.000000
0.039744
0.000000
0.000000
0.000000
0.000000
0.000000
0.000000
0.000000
0.000000
0.000000
0.000000
0.000000
0.000000
0.000000
0.000000
0.000000
0.000000
0.000000
0.000000
0.000000
0.000000
0.000000
0.000000
0.767726
0.000000
0.000000
0.000000
0.000000
0.000000
0.000000
0.000000
0.000000
0.000000
0.000000
0.586515
0.946247
0.000000
0.000000
0.000000
0.000000
0.000000
0.000000
0.778406
0.000000
0.000000
0.000000
0.000000
0.573241
0.000000
0.005588
0.000000
0.000000
0.000000
0.000000
0.000000
0.000000
0.000000
0.063433
0.357066
0.409032
0.752930
0.000000
0.000000
0.000000
0.000000
0.000000
0.000000
0.000000
0.000000
0.000000
0.000000
0.000000
0.000000
0.000000
0.000000
0.000000
0.000000
0.000000
0.000000
0.000000
0.000000
0.000000
0.000000
0.000000
0.000000
0.000000
0.000000
0.000000
0.000000
0.000000
0.193449
0.000000
0.000000
2.300701
0.000000
0.000000
0.000000
1.101166
0.000000
0.000000
0.000000
0.000000
0.000000
0.000000
0.000000
0.000000
0.000000
0.000000
0.000000
1.002747
0.000000
0.000000
0.000000
0.000000
0.000000
1.036344
0.000000
0.000000
0.000000
0.000000
0.000000
0.000000
0.000000
0.000000
0.000000
0.000000
0.000000
0.053764
0.000000
0.000000
0.000000
1.910530
0.000000
0.000000
0.000000
0.000000
0.000000
0.000000
0.000000
0.000000
0.000000
0.000000
0.000000
0.000000
0.000000
0.000000
0.000000
0.132382
4.903023
0.000000
0.000000
0.000000
0.000000
0.000000
0.354053
0.000000
0.000000
0.000000
0.000000
0.000000
0.000000
0.000000
0.000000
0.861800
0.000000
0.963845
0.000000
0.000000
0.000000
0.000000
0.000000
0.697852
0.000000
0.000000
0.000000
0.000000
0.000000
0.000000
0.000000
0.000000
0.000000
0.000000
0.000000
0.000000
0.000000
0.000000
2.833717
0.000000
0.000000
0.000000
0.000000
0.000000
0.000000
0.000000
0.000000
0.000000
0.155992
1.092925
0.106001
0.000000
0.000000
0.000000
0.000000
0.000000
0.000000
0.000000
1.061470
0.000000
0.000000
0.000000
0.000000
1.399448
0.372188
0.772232
0.000000
0.762976
0.000000
0.000000
0.000000
0.000000
0.000000
1.475539
0.000000
0.000000
0.000000
1.613400
0.000000
0.310547
2.138250
0.000000
0.000000
0.000000
0.780982
0.000000
0.000000
0.000000
0.000000
1.180046
0.000000
0.000000
0.000000
0.000000
0.000000
0.000000
0.639210
0.820060
0.000000
0.427377
0.000000
0.000000
0.000000
0.000000
0.000000
0.253117
0.000000
0.000000
0.000000
0.000000
0.000000
0.000000
0.000000
0.000000
0.000000
0.204207
0.000000
0.000000
0.000000
0.000000
0.000000
0.000000
0.000000
0.000000
0.000000
0.000000
0.000000
0.000000
0.000000
0.000000
0.000000
0.000000
0.000000
0.000000
0.142076
0.000000
0.000000
0.000000
0.000000
0.000000
0.000000
0.000000
0.000000
0.000000
0.000000
0.000000
0.000000
0.000000
0.000000
0.000000
0.000000
0.000000
0.000000
0.000000
0.000000
0.975903
0.000000
0.000000
0.000000
0.000000
0.000000
0.000000
0.000000
0.594143
0.717182
0.000000
2.168076
1.109504
0.096318
0.000000
0.833914
0.000000
2.948577
0.000000
0.000000
0.000000
0.000000
0.000000
0.000000
0.000000
0.000000
0.000000
2.120047
0.210726
0.000000
0.000000
1.001859
0.000000
0.000000
0.000000
0.000000
0.000000
2.872560
0.000000
0.000000
0.000000
0.207562
0.000000
0.000000
0.000000
0.000000
0.000000
0.000000
0.000000
0.000000
0.000000
0.000000
0.000000
0.000000
0.000000
0.000000
0.000000
3.761698
0.000000
0.000000
1.582657
0.000000
0.000000
0.000000
0.000000
0.000000
0.000000
0.000000
0.000000
0.000000
0.000000
0.000000
0.000000
0.000000
0.000000
0.663868
0.000000
0.000000
0.000000
0.000000
0.000000
0.000000
1.617534
0.955343
0.000000
0.137526
0.667705
0.000000
0.000000
0.000000
0.000000
0.000000
0.614368
0.050620
0.000000
0.000000
0.000000
0.000000
0.000000
0.402807
1.285182
1.151561
0.000000
0.000000
0.000000
3.094310
0.000000
0.000000
0.000000
0.000000
0.000000
0.000000
0.000000
0.104296
0.000000
0.479856
0.000000
0.000000
0.000000
0.000000
0.000000
0.000000
0.000000
0.000000
0.000000
0.000000
0.000000
0.000000
0.000000
0.000000
0.000000
0.000000
0.000000
0.861612
0.000000
0.000000
0.000000
0.000000
0.000000
0.000000
0.000000
0.000000
0.000000
0.000000
0.000000
0.000000
0.000000
0.000000
0.000000
0.000000
0.000000
0.000000
0.000000
0.000000
0.000000
0.000000
0.000000
0.000000
0.000000
0.000000
0.000000
0.000000
0.000000
0.545983
0.571697
0.000000
0.000000
0.000000
0.904320
0.000000
0.000000
0.000000
0.876272
2.013684
0.000000
0.000000
0.206947
0.000000
0.000000
0.000000
0.000000
0.000000
0.000000
0.000000
0.963524
0.000000
0.680907
0.000000
0.000000
0.000000
0.000000
0.000000
0.000000
0.000000
0.000000
0.000000
2.401238
0.622279
0.000000
0.000000
0.000000
0.000000
0.000000
0.000000
0.000000
0.000000
0.000000
0.838689
0.000000
0.000000
0.000000
0.000000
0.000000
0.000000
0.338156
0.000000
1.043372
1.582571
0.297653
0.000000
0.000000
0.000000
0.000000
0.000000
1.543137
0.043209
0.000000
0.000000
0.000000
0.000000
0.000000
0.000000
4.196318
0.000000
0.000000
0.000000
0.000000
0.000000
0.000000
0.000000
0.000000
0.000000
0.172778
0.000000
0.000000
0.000000
0.000000
0.000000
0.221502
1.019741
2.440645
0.000000
0.000000
0.000000
0.000000
0.000000
2.251317
0.000000
0.000000
0.000000
0.000000
0.000000
0.000000
0.000000
0.000000
0.000000
0.000000
0.000000
2.543991
0.000000
0.000000
0.000000
0.000000
0.000000
0.000000
0.000000
0.000000
0.000000
0.000000
0.000000
0.000000
0.000000
0.000000
0.000000
0.000000
0.000000
0.000000
0.000000
0.000000
0.000000
0.000000
0.000000
0.000000
0.000000
0.000000
0.000000
0.000000
0.000000
0.000000
0.000000
0.063916
0.000000
0.000000
0.000000
0.000000
0.000000
0.769640
0.000000
0.000000
0.728736
1.608590
0.000000
0.000000
0.000000
0.000000
0.129198
0.000000
0.000000
1.380082
0.000000
0.000000
0.000000
0.000000
0.000000
0.000000
0.000000
0.000000
0.000000
0.000000
0.000000
0.000000
0.000000
0.617480
0.000000
0.000000
0.000000
0.000000
0.000000
0.000000
0.000000
0.000000
1.302453
0.000000
1.245435
0.000000
0.000000
0.000000
2.090390
0.000000
0.000000
0.000000
1.537322
0.000000
0.000000
0.000000
0.000000
0.300188
0.000000
0.000000
0.000000
0.000000
0.000000
1.568357
0.000000
0.000000
0.000000
0.000000
0.000000
0.079927
0.000000
0.000000
0.000000
0.000000
0.000000
1.207953
0.000000
0.000000
0.000000
0.000000
0.000000
0.260053
0.103391
0.000000
0.000000
0.000000
0.669674
0.000000
0.000000
0.000000
0.000000
0.000000
0.000000
0.000000
0.000000
0.000000
0.000000
0.000000
0.000000
0.000000
0.000000
0.000000
0.000000
0.000000
0.000000
0.000000
0.000000
0.000000
0.000000
0.000000
0.000000
0.000000
0.000000
1.149996
0.000000
0.000000
0.000000
0.000000
1.017851
0.822645
0.512511
0.000000
0.000000
0.000000
0.000000
0.000000
0.000000
0.000000
0.000000
0.000000
0.588127
0.000000
0.000000
0.000000
0.000000
0.000000
0.000000
0.000000
0.000000
0.000000
0.000000
0.000000
0.000000
0.000000
0.000000
0.332841
0.000000
0.000000
0.000000
0.242393
0.000000
0.508112
0.000000
0.000000
0.000000
0.000000
0.000000
1.626872
0.000000
0.000000
0.000000
1.132732
0.000000
0.000000
0.000000
0.000000
0.000000
0.000000
0.000000
0.000000
0.000000
0.639127
0.000000
0.000000
0.000000
0.000000
0.621315
0.220006
0.000000
0.193014
0.000000
0.000000
0.000000
0.000000
0.000000
0.000000
0.000000
0.000000
0.000000
0.000000
0.000000
0.000000
0.000000
0.452124
0.000000
1.044117
0.000000
0.000000
0.000000
0.000000
0.000000
0.000000
0.000000
0.000000
0.000000
0.000000
0.000000
1.451401
0.000000
0.887381
0.000000
0.000000
1.454083
0.000000
0.000000
0.000000
2.124646
0.000000
2.597616
0.000000
0.000000
0.000000
0.000000
0.000000
0.000000
0.000000
0.000000
0.000000
0.000000
0.000000
0.178060
0.000000
0.524878
0.000000
0.000000
0.000000
1.303532
0.428640
0.000000
0.000000
0.000000
0.000000
0.000000
0.000000
0.000000
0.000000
0.164167
0.000000
0.000000
0.000000
0.992718
0.000000
0.000000
0.000000
0.000000
0.000000
0.000000
0.000000
0.000000
0.000000
0.000000
0.000000
0.578685
0.000000
0.000000
0.601513
0.000000
0.000000
0.000000
0.000000
0.000000
0.000000
0.000000
0.000000
0.000000
0.000000
0.000000
0.000000
0.000000
0.000000
0.000000
0.000000
0.000000
0.000000
0.357934
0.680247
0.000000
0.000000
0.000000
0.000000
0.000000
0.000000
0.000000
0.000000
0.000000
3.696505
0.000000
0.000000
0.000000
0.000000
0.000000
0.000000
0.000000
0.085578
0.556474
1.630715
0.000000
2.610774
0.000000
0.000000
0.000000
0.000000
0.000000
0.936905
0.000000
0.000000
0.163959
0.000000
0.336652
0.000000
0.042098
0.000000
0.000000
0.000000
0.000000
0.000000
0.000000
0.000000
0.000000
0.695619
0.000000
0.000000
0.000000
0.000000
0.000000
0.000000
0.000000
0.000000
0.000000
0.000000
0.000000
0.000000
0.620889
0.000000
0.000000
0.000000
0.000000
0.000000
0.167892
0.074659
0.000000
0.989380
0.000000
0.196591
0.430375
0.000000
0.000000
0.000000
0.261742
0.000000
0.000000
0.000000
0.000000
0.576940
0.810989
0.000000
0.000000
0.000000
0.000000
0.000000
0.178099
0.000000
0.000000
0.000000
0.000000
0.000000
0.000000
0.000000
0.000000
0.000000
0.000000
0.000000
0.792569
0.000000
0.000000
0.000000
0.000000
0.119738
0.000000
0.000000
0.000000
0.000000
0.000000
1.712128
0.000000
0.000000
0.000000
0.786074
0.000000
0.000000
0.331277
0.309777
0.000000
0.000000
0.000000
0.000000
0.000000
0.000000
0.000000
0.344534
1.877459
0.000000
0.000000
0.774961
0.000000
0.000000
0.000000
0.271176
0.000000
0.000000
0.000000
0.000000
2.168911
0.000000
0.000000
1.383957
1.385260
0.000000
0.000000
0.000000
0.000000
0.000000
0.000000
0.000000
0.000000
0.707826
0.000000
0.000000
0.000000
0.000000
0.000000
0.000000
0.000000
0.000000
0.000000
0.000000
0.000000
0.000000
0.000000
0.000000
2.167037
0.000000
0.000000
0.000000
0.000000
0.000000
0.000000
4.184351
2.465230
0.000000
0.000000
0.000000
0.000000
0.112535
0.000000
0.000000
0.000000
0.781772
0.000000
0.000000
0.000000
0.000000
0.000000
0.000000
0.658057
3.838370
0.000000
0.000000
0.000000
0.000000
0.000000
0.000000
0.000000
0.000000
0.000000
1.182299
0.671321
0.000000
0.000000
0.000000
0.000000
0.000000
0.000000
0.000000
4.422254
0.000000
0.802398
0.000000
0.396333
0.000000
0.000000
0.000000
0.000000
0.474509
0.000000
0.000000
0.000000
0.000000
0.000000
0.000000
0.000000
0.000000
0.884133
0.000000
0.000000
0.000000
0.000000
0.000000
0.000000
0.000000
0.226250
0.000000
1.432213
0.000000
0.000000
0.000000
0.000000
0.000000
0.000000
0.000000
0.000000
0.000000
0.000000
0.000000
0.000000
0.000000
0.000000
0.000000
0.000000
0.000000
0.250011
0.046832
0.000000
0.000000
0.000000
0.000000
0.000000
0.000000
0.000000
0.910184
0.202582
0.000000
0.000000
0.000000
0.095885
1.613532
0.000000
0.000000
0.000000
0.164656
0.000000
0.000000
0.000000
0.000000
0.000000
0.000000
0.000000
0.000000
0.000000
0.000000
0.000000
0.000000
0.000000
0.000000
0.000000
0.121372
0.000000
0.000000
0.000000
0.000000
0.000000
0.000000
0.000000
0.000000
0.000000
0.000000
0.000000
0.000000
0.000000
0.000000
0.000000
0.000000
4.161393
0.000000
0.000000
0.000000
0.000000
0.000000
0.000000
1.227781
0.000000
0.000000
0.366679
0.000000
0.000000
0.000000
0.000000
0.000000
0.000000
0.000000
0.000000
0.000000
0.000000
0.290775
0.000000
0.000000
0.000000
0.761952
0.000000
0.000000
0.000000
0.000000
0.000000
0.000000
0.000000
0.000000
0.000000
0.304289
0.000000
0.000000
0.000000
0.000000
0.363098
0.000000
0.000000
0.000000
0.000000
0.000000
0.000000
2.304969
0.000000
3.544724
0.000000
0.000000
0.000000
2.115149
0.000000
0.000000
0.000000
0.000000
0.000000
0.000000
0.000000
0.000000
0.000000
0.000000
0.157722
0.000000
0.000000
0.000000
0.000000
0.000000
0.000000
0.000000
0.794934
0.268449
0.000000
0.000000
0.000000
0.000000
0.000000
0.000000
0.000000
0.000000
0.000000
0.000000
0.000000
0.648104
0.000000
0.000000
0.000000
0.000000
0.000000
0.212081
0.000000
0.000000
1.294744
0.000000
0.000000
0.466319
0.000000
0.000000
2.017458
0.000000
0.000000
0.000000
0.000000
0.000000
0.000000
0.000000
0.000000
2.908575
0.000000
0.000000
0.000000
0.000000
0.000000
0.000000
0.000000
0.000000
0.164711
0.000000
0.000000
0.000000
0.000000
0.000000
0.000000
1.940247
0.000000
0.000000
0.000000
0.647188
0.000000
0.000000
0.230114
0.000000
0.000000
0.111968
0.000000
0.000000
0.447960
0.000000
0.000000
0.000000
0.000000
0.000000
0.000000
0.000000
0.000000
0.000000
0.000000
0.000000
0.236473
0.000000
0.000000
0.000000
0.000000
0.000000
0.058085
0.000000
0.000000
0.000000
0.000000
0.000000
0.625057
0.000000
0.109569
0.985620
0.000000
0.000000
0.000000
0.126819
0.000000
0.000000
0.000000
0.000000
0.000000
0.000000
0.000000
1.673851
0.000000
0.029487
0.000000
0.000000
0.000000
0.000000
0.000000
0.000000
0.000000
0.254550
0.000000
0.000000
0.000000
0.000000
0.000000
0.031572
3.203588
0.063314
2.794308
0.362149
0.000000
0.853038
0.000000
0.000000
0.000000
0.000000
0.000000
0.000000
0.000000
0.000000
0.128977
0.000000
0.000000
0.000000
0.000000
1.340543
0.000000
0.000000
0.000000
0.000000
0.000000
2.695088
0.000000
0.122746
0.854062
0.000000
1.964158
0.000000
0.000000
0.000000
0.000000
0.000000
0.087818
0.000000
0.000000
0.837105
0.000000
0.000000
0.000000
0.836120
0.000000
0.000000
0.000000
0.000000
0.000000
0.000000
0.000000
0.000000
0.000000
1.705591
0.000000
0.000000
0.000000
2.873036
0.000000
0.000000
0.000000
0.000000
0.000000
0.643419
0.000000
0.000000
0.000000
0.000000
0.000000
0.000000
0.000000
0.692480
0.000000
0.000000
0.000000
0.000000
2.744973
0.000000
0.000000
0.000000
0.000000
0.896954
0.000000
0.000000
2.562898
0.000000
0.000000
0.000000
0.235632
0.000000
0.000000
1.621732
0.000000
0.000000
0.000000
0.000000
0.000000
0.628335
0.000000
0.000000
0.000000
0.000000
2.853891
1.231442
0.772933
0.000000
0.000000
0.000000
0.269570
0.000000
0.000000
0.000000
0.000000
0.000000
0.000000
0.250625
0.000000
0.000000
0.000000
0.000000
0.000000
0.000000
0.000000
0.531628
0.000000
0.000000
0.000000
0.561252
0.000000
0.000000
0.000000
0.000000
0.079156
0.000000
0.000000
0.000000
0.000000
0.000000
1.212241
0.000000
0.000000
0.000000
0.000000
0.000000
0.000000
0.000000
1.232329
0.000000
0.247487
0.000000
0.000000
0.000000
0.000000
0.000000
0.000000
0.000000
0.000000
0.000000
0.000000
0.000000
2.046128
1.109005
1.355316
0.074621
0.000000
0.000000
0.173345
0.000000
0.000000
0.111728
0.000000
0.000000
0.000000
0.000000
0.988172
1.648653
0.000000
0.663945
0.000000
0.000000
0.000000
0.000000
0.097059
0.000000
2.321146
0.000000
0.000000
0.000000
0.000000
0.000000
0.000000
1.680782
0.000000
0.000000
0.000000
0.000000
0.000000
0.000000
0.000000
0.000000
0.000000
0.000000
0.000000
0.241355
0.000000
0.113570
0.000000
0.000000
0.000000
0.000000
0.553002
0.000000
0.000000
0.000000
0.000000
0.000000
0.000000
1.061887
0.000000
0.000000
0.000000
0.000000
0.000000
0.000000
0.088441
0.000000
0.000000
0.000000
0.000000
0.000000
0.000000
0.000000
0.000000
0.000000
0.000000
0.000000
0.000000
0.000000
0.434593
0.000000
0.000000
0.000000
0.000000
0.000000
0.000000
1.095777
0.000000
0.000000
0.000000
0.000000
0.000000
0.000000
0.000000
0.000000
0.000000
0.000000
0.000000
0.000000
0.000000
0.000000
0.000000
0.000000
0.000000
0.000000
0.000000
0.000000
0.000000
0.000000
0.000000
0.000000
0.000000
0.000000
0.000000
1.651711
0.000000
0.000000
0.000000
0.000000
0.000000
0.000000
0.000000
0.000000
0.000000
0.000000
0.000000
0.000000
0.181942
0.000000
0.000000
0.000000
0.000000
0.000000
0.000000
0.000000
0.000000
0.000000
0.000000
0.000000
0.000000
0.000000
1.431165
0.000000
0.000000
0.000000
0.000000
0.000000
0.000000
0.000000
0.000000
0.000000
0.000000
0.000000
0.412507
0.000000
0.000000
0.000000
0.000000
0.000000
0.000000
0.000000
0.000000
0.263787
0.328621
0.000000
0.000000
0.829614
0.000000
0.000000
0.000000
0.000000
1.036061
0.000000
0.000000
0.000000
0.000000
0.000000
0.000000
1.003674
0.000000
0.000000
0.081329
0.000000
0.000000
0.000000
0.000000
0.000000
0.000000
0.000000
0.000000
0.000000
1.177726
0.672637
0.000000
0.000000
0.000000
0.000000
0.000000
0.000000
0.000000
0.000000
0.000000
0.000000
0.000000
0.000000
0.000000
0.000000
0.000000
1.740660
0.000000
0.000000
0.000000
1.160613
0.000000
1.079920
0.085914
0.000000
0.000000
0.000000
0.186513
0.000000
0.000000
0.000000
0.000000
0.000000
0.000000
0.000000
0.000000
0.000000
0.309321
0.112665
0.541815
0.000000
2.795642
0.000000
0.000000
0.000000
0.253901
1.270488
0.000000
0.000000
0.000000
0.000000
0.000000
1.259780
0.000000
0.000000
0.000000
0.000000
0.627271
0.000000
0.000000
1.700840
0.000000
0.000000
0.483511
0.000000
0.000000
0.000000
0.000000
0.000000
0.000000
0.000000
0.000000
1.099878
0.000000
0.000000
0.244916
0.000000
0.000000
0.000000
0.020007
0.000000
0.000000
0.000000
0.000000
0.000000
0.196318
0.094055
0.000000
0.000000
0.000000
0.000000
0.000000
0.000000
0.000000
0.000000
0.000000
0.000000
0.000000
1.232207
0.000000
0.461546
0.000000
0.000000
0.000000
1.777584
0.284782
0.000000
0.238541
0.000000
0.977993
0.000000
0.000000
0.000000
0.000000
0.000000
0.000000
0.000000
0.000000
0.000000
0.000000
1.422797
0.000000
0.000000
0.000000
0.795841
0.000000
1.696675
1.251015
1.677444
0.000000
0.518852
0.000000
0.000000
0.000000
0.000000
0.000000
0.000000
0.000000
0.000000
0.000000
0.000000
0.000000
0.000000
0.000000
0.000000
0.000000
0.000000
0.000000
0.591686
0.000000
0.000000
0.162937
0.000000
0.000000
0.000000
0.000000
0.000000
0.000000
0.000000
0.000000
0.000000
0.000000
0.000000
0.296534
0.000000
0.000000
0.000000
0.000000
0.161795
1.671363
0.974093
1.435710
0.000000
0.000000
0.000000
0.000000
0.000000
0.000000
0.000000
0.000000
0.000000
0.000000
0.000000
0.000000
0.000000
0.000000
0.000000
0.000000
0.000000
0.000000
0.000000
0.000000
0.000000
2.599070
0.000000
0.000000
0.000000
0.000000
0.000000
0.000000
0.000000
0.000000
0.000000
0.225294
0.489302
0.000000
0.000000
0.875808
0.289282
0.000000
0.000000
0.000000
0.000000
0.000000
0.000000
0.000000
2.049410
0.000000
0.000000
0.000000
0.000000
0.000000
0.000000
0.000000
0.000000
0.000000
0.000000
0.000000
0.146079
0.000000
0.000000
2.864489
0.000000
0.000000
0.000000
0.000000
0.000000
0.000000
0.000000
0.000000
0.000000
0.000000
0.000000
0.000000
0.000000
0.000000
0.000000
0.000000
0.819563
0.000000
0.000000
0.000000
0.000000
0.000000
0.000000
0.000000
0.000000
1.117761
0.000000
0.000000
0.000000
0.000000
0.000000
0.000000
0.000000
0.000000
0.000000
0.000000
0.314886
0.000000
0.000000
1.750854
0.000000
0.000000
0.000000
0.000000
0.818199
0.000000
0.000000
0.201711
0.000000
0.000000
0.000000
0.000000
0.000000
0.000000
0.000000
0.926415
0.000000
0.000000
0.000000
0.000000
1.032706
0.000000
1.810189
0.000000
0.000000
0.000000
0.070928
0.000000
0.000000
0.000000
0.000000
0.000000
0.000000
0.778131
0.000000
0.000000
0.000000
0.000000
0.000000
1.722284
0.000000
0.000000
0.000000
0.805682
0.354847
0.867226
0.840084
0.000000
0.000000
2.278500
0.000000
0.000000
2.036594
0.000000
0.000000
0.000000
1.223123
0.000000
0.277633
0.000000
0.000000
0.000000
0.000000
0.000000
0.000000
0.000000
0.000000
1.271465
0.000000
0.000000
0.000000
0.000000
0.000000
0.000000
0.000000
0.000000
0.000000
0.000000
0.000000
1.009013
1.813157
0.000000
0.000000
0.000000
0.000000
0.000000
0.000000
0.000000
0.000000
0.000000
0.000000
0.000000
0.000000
0.000000
0.546941
0.000000
0.791339
0.000000
0.000000
0.000000
0.000000
0.000000
0.000000
0.179176
0.000000
0.000000
0.000000
0.000000
0.000000
0.000000
0.000000
1.180474
0.000000
0.000000
0.000000
0.000000
0.035414
0.150464
0.000000
0.380998
0.000000
0.304601
0.000000
0.000000
0.000000
0.000000
0.000000
0.000000
0.000000
0.000000
0.000000
0.000000
4.296082
0.000000
0.000000
0.000000
0.000000
0.000000
1.213639
0.000000
0.000000
0.000000
0.000000
0.000000
0.000000
0.000000
0.000000
0.000000
0.000000
0.000000
0.000000
0.000000
0.000000
0.191552
0.000000
0.000000
0.682681
0.000000
0.000000
0.000000
0.000000
0.000000
0.000000
0.000000
0.000000
0.000000
0.000000
0.000000
0.000000
0.000000
0.000000
0.000000
0.000000
0.000000
0.000000
0.000000
0.000000
0.000000
0.000000
0.000000
0.139016
0.000000
1.341985
0.000000
0.000000
0.000000
0.000000
0.000000
0.000000
0.000000
0.000000
0.000000
0.000000
0.259101
0.844143
0.000000
0.000000
0.000000
0.784062
3.175660
0.000000
0.000000
1.375249
0.000000
1.581703
0.018473
0.000000
0.000000
0.000000
0.000000
0.000000
0.000000
0.000000
0.000000
0.000000
0.000000
0.000000
0.000000
0.000000
0.000000
1.724860
0.000000
0.000000
0.000000
0.000000
0.000000
0.000000
1.349957
0.000000
0.000000
0.737084
0.000000
0.000000
0.000000
0.000000
0.000000
0.000000
2.785570
0.000000
0.000000
0.000000
0.585518
0.000000
0.000000
0.000000
0.000000
0.000000
0.000000
0.000000
1.172303
0.000000
0.000000
0.491733
0.000000
1.671951
0.729363
0.000000
0.000000
0.000000
0.279943
0.000000
0.000000
0.000000
0.000000
0.000000
0.000000
0.000000
0.213540
0.000000
0.000000
0.594360
0.000000
0.000000
0.000000
0.000000
0.000000
0.000000
0.058201
0.000000
0.000000
0.000000
0.701271
0.000000
0.000000
0.000000
0.000000
0.000000
0.000000
0.000000
0.000000
0.000000
0.000000
0.000000
0.000000
0.000000
0.000000
0.000000
0.000000
0.000000
0.000000
0.000000
0.000000
0.000000
0.000000
0.000000
0.000000
0.000000
0.000000
0.000000
0.000000
0.803215
0.000000
0.000000
0.000000
0.000000
0.000000
0.000000
0.000000
0.000000
0.000000
0.000000
0.000000
0.000000
0.000000
0.000000
0.000000
0.000000
0.000000
0.000000
0.000000
0.000000
1.883248
0.188201
0.000000
0.000000
0.000000
0.000000
0.000000
0.000000
0.000000
0.000000
0.000000
0.000000
0.000000
0.000000
0.000000
0.000000
0.000000
0.272964
0.000000
0.000000
0.000000
1.060536
0.000000
0.000000
0.000000
1.200332
0.083045
0.000000
0.000000
0.000000
0.000000
0.000000
0.000000
0.165895
0.000000
0.000000
0.000000
0.230220
0.000000
0.000000
0.000000
0.259440
0.000000
0.000000
0.000000
0.000000
0.000000
0.000000
0.000000
0.000000
0.000000
0.000000
0.000000
0.000000
1.228645
0.004590
0.496767
0.000000
0.000000
0.000000
1.171864
0.673915
0.000000
0.000000
0.000000
0.000000
0.000000
0.000000
0.000000
0.000000
3.118091
0.000000
0.000000
1.312272
0.000000
0.000000
0.000000
0.000000
0.000000
0.000000
0.000000
0.000000
1.464280
0.000000
1.570658
0.000000
0.000000
0.000000
0.000000
0.000000
0.000000
0.000000
0.000000
0.000000
0.000000
0.000000
0.000000
0.000000
0.000000
0.000000
0.324955
0.000000
0.000000
0.000000
0.000000
0.000000
0.000000
0.000000
0.000000
0.000000
0.730017
0.967498
0.000000
0.026690
0.000000
0.000000
0.000000
0.000000
1.455692
0.000000
0.000000
1.305645
0.000000
0.000000
0.379269
0.711774
0.000000
0.000000
1.661215
0.000000
0.000000
0.000000
0.000000
0.000000
0.000000
0.000000
0.000000
0.000000
0.000000
0.000000
0.609702
0.000000
0.000000
0.000000
0.000000
0.600158
0.000000
0.000000
0.000000
0.000000
0.198759
0.000000
0.000000
1.207453
0.000000
0.000000
0.000000
0.000000
0.000000
0.732030
0.000000
0.000000
0.000000
0.000000
0.000000
0.000000
1.804886
0.000000
0.000000
0.000000
0.342379
0.000000
0.000000
0.638784
0.000000
0.664668
0.000000
0.000000
0.000000
0.000000
0.000000
0.000000
0.000000
0.000000
0.000000
0.000000
0.003989
0.000000
0.000000
0.000000
0.000000
0.000000
0.000000
0.000000
4.248383
0.000000
0.000000
0.000000
0.000000
0.000000
0.524945
0.000000
0.000000
0.000000
0.000000
0.000000
0.000000
0.000000
0.000000
0.000000
0.000000
0.737423
0.000000
0.000000
0.000000
0.000000
0.000000
0.000000
1.116188
0.000000
0.000000
0.000000
0.000000
0.000000
0.000000
0.000000
0.000000
0.000000
0.000000
0.000000
0.000000
0.499175
1.659257
0.000000
0.000000
0.000000
0.000000
0.586997
0.000000
0.000000
0.000000
0.000000
0.000000
0.000000
0.182075
0.243507
0.000000
0.000000
0.000000
0.000000
0.000000
0.687115
0.000000
0.000000
0.000000
0.000000
0.000000
0.000000
0.000000
0.000000
0.000000
0.000000
0.000000
0.000000
0.000000
0.000000
0.000000
0.000000
0.000000
0.000000
0.000000
0.057547
0.000000
3.252007
0.000000
1.311448
0.000000
0.000000
0.000000
0.000000
0.000000
0.000000
0.000000
0.000000
0.000000
0.000000
0.000000
0.000000
0.000000
0.000000
0.037977
0.000000
0.000000
0.000000
0.000000
0.000000
0.000000
0.000000
0.000000
0.000000
0.000000
0.000000
0.000000
0.000000
0.031285
0.065073
0.404438
0.000000
0.000000
0.000000
0.000000
0.000000
0.000000
0.000000
0.000000
0.137469
0.000000
0.000000
0.000000
0.000000
0.000000
0.000000
0.000000
1.360554
0.000000
0.000000
0.000000
0.000000
0.000000
0.000000
0.000000
0.000000
0.000000
0.133631
0.339399
0.000000
0.000000
0.000000
0.000000
0.000000
0.000000
0.000000
0.000000
0.000000
0.000000
0.000000
0.000000
0.737295
0.000000
0.000000
0.709514
0.000000
0.706992
0.000000
0.804829
0.000000
0.000000
0.000000
0.000000
0.000000
0.000000
0.000000
0.000000
2.244341
0.000000
3.190787
0.000000
0.000000
0.000000
0.000000
0.000000
1.888129
0.000000
0.000000
0.000000
0.000000
0.000000
0.567339
0.000000
0.000000
0.000000
0.000000
1.549372
0.000000
0.000000
0.000000
0.000000
2.172953
2.265867
0.000000
0.393359
0.000000
0.000000
0.000000
0.000000
0.000000
0.000000
0.000000
0.000000
0.000000
0.000000
0.000000
0.000000
0.000000
0.000000
3.225434
0.000000
0.000000
0.000000
0.000000
0.000000
0.000000
0.000000
0.000000
0.000000
0.000000
0.000000
0.000000
0.935959
0.000000
0.000000
0.000000
0.000000
0.000000
0.000000
0.000000
0.000000
0.000000
0.000000
0.000000
0.192413
0.000000
0.000000
0.000000
0.403047
0.000000
0.000000
0.212021
0.000000
0.000000
0.000000
0.000000
0.000000
0.000000
0.000000
0.000000
0.319846
0.000000
0.000000
0.000000
0.000000
0.000000
0.000000
0.000000
0.000000
0.000000
0.000000
0.000000
0.127144
0.000000
0.000000
3.325128
0.000000
0.000000
0.000000
1.448202
1.225186
0.000000
0.000000
0.000000
0.000000
0.000000
0.000000
0.000000
1.331549
0.000000
0.000000
0.000000
0.252466
0.000000
0.000000
0.887516
0.000000
0.000000
0.000000
0.000000
0.029571
0.116801
0.000000
0.409169
0.000000
0.000000
0.000000
0.000000
0.000000
0.000000
0.408098
0.460292
0.000000
0.000000
0.000000
0.273647
0.000000
0.300709
0.447554
0.000000
0.000000
0.000000
0.000000
0.000000
0.000000
0.000000
1.746708
0.000000
0.625209
0.000000
0.743748
0.000000
0.000000
0.000000
0.196652
0.000000
0.975145
0.000000
0.526689
0.000000
0.000000
0.000000
0.000000
0.000000
1.896331
0.000000
0.000000
0.000000
0.000000
0.000000
0.000000
0.000000
0.000000
0.000000
0.000000
0.000000
1.585843
0.000000
0.000000
0.386856
0.000000
0.000000
0.000000
0.000000
0.000000
0.000000
0.000000
0.000000
0.000000
0.000000
0.000000
1.223709
0.000000
0.000000
0.000000
0.311636
0.000000
0.000000
0.060585
0.000000
0.000000
0.000000
0.000000
0.000000
0.000000
0.000000
0.000000
0.000000
0.000000
0.000000
0.000000
4.383538
1.056551
0.000000
0.870913
0.000000
0.000000
0.359353
0.000000
0.000000
0.227237
0.000000
0.000000
0.512598
0.000000
0.000000
0.000000
0.000000
0.000000
0.000000
0.000000
0.000000
0.000000
0.082464
0.000000
0.000000
0.000000
0.000000
0.000000
0.070545
0.000000
0.000000
0.000000
0.588616
0.000000
0.000000
0.000000
0.546766
0.000000
0.718090
0.000000
0.076209
0.000000
0.000000
0.000000
0.000000
0.000000
0.000000
0.000000
0.000000
0.000000
0.000000
0.000000
0.000000
0.000000
0.000000
0.000000
0.000000
0.000000
0.000000
0.000000
0.000000
0.000000
0.000000
0.521982
0.000000
0.000000
0.000000
0.000000
0.000000
0.000000
0.000000
0.000000
0.000000
0.080990
0.000000
0.085229
0.000000
0.000000
0.000000
0.000000
0.000000
0.000000
0.000000
0.000000
0.000000
0.000000
0.508039
0.000000
0.000000
0.000000
0.000000
0.803958
0.000000
0.000000
0.000000
0.000000
1.110331
0.000000
3.599002
0.000000
0.000000
0.000000
0.358281
0.000000
0.000000
0.000000
0.233919
0.000000
0.000000
0.000000
0.000000
0.000000
0.000000
0.000000
0.418856
0.000000
0.000000
0.000000
0.000000
0.000000
0.000000
0.000000
0.000000
0.000000
0.000000
0.000000
0.000000
0.000000
0.000000
0.000000
0.000000
1.207552
0.000000
0.000000
0.000000
0.000000
0.000000
0.000000
0.000000
0.000000
0.917311
0.000000
0.000000
0.000000
0.000000
0.000000
1.839098
2.117164
0.000000
0.000000
0.000000
0.000000
0.000000
0.000000
0.000000
0.000000
0.000000
0.000000
0.000000
0.000000
0.000000
0.010530
0.000000
0.000000
0.000000
0.000000
0.000000
0.000000
0.000000
0.000000
0.000000
0.000000
0.000000
0.000000
0.000000
0.000000
0.000000
0.000000
0.000000
0.000000
0.006694
0.572256
1.358631
0.000000
0.000000
0.000000
0.269562
0.000000
0.000000
0.433757
0.000000
0.000000
0.103898
0.844867
0.073375
0.700499
0.000000
0.000000
0.000000
0.000000
0.000000
1.661691
0.000000
0.000000
0.000000
0.361108
1.226202
0.299227
0.000000
0.291377
0.538997
0.000000
0.000000
0.000000
0.000000
3.316366
0.000000
1.033981
0.000000
0.000000
0.000000
0.000000
1.652202
0.000000
0.058266
2.200158
0.000000
1.557516
1.884591
0.000000
0.000000
0.000000
0.000000
0.000000
0.000000
0.000000
1.086618
0.000000
0.067229
0.000000
0.000000
0.000000
0.000000
0.000000
0.326980
0.461663
0.000000
0.000000
0.000000
0.000000
0.000000
0.000000
2.523161
0.000000
0.000000
0.000000
0.000000
0.000000
0.000000
0.000000
0.000000
0.000000
0.000000
0.000000
0.967115
0.000000
0.000000
0.000000
0.000000
0.000000
0.204813
0.000000
0.000000
0.000000
4.238092
0.000000
0.000000
0.710758
0.000000
0.507118
0.000000
0.000000
0.000000
0.000000
0.000000
0.376091
0.000000
0.000000
0.605892
0.000000
0.000000
0.469477
0.775812
0.000000
0.000000
0.000000
0.000000
0.000000
0.000000
0.000000
0.000000
0.000000
0.762220
0.000000
0.000000
0.000000
0.201933
0.000000
0.000000
0.000000
0.000000
2.159771
0.000000
0.000000
0.653386
0.000000
0.000000
0.000000
0.000000
0.000000
0.270311
0.000000
0.000000
0.418544
1.047259
0.000000
1.249274
0.050122
0.343841
0.000000
0.000000
0.459282
0.000000
0.000000
0.000000
0.671203
0.000000
0.000000
0.000000
0.000000
0.000000
0.000000
0.000000
0.705477
0.000000
0.000000
0.000000
0.000000
0.000000
0.429301
0.000000
0.000000
0.000000
0.000000
0.000000
0.000000
0.000000
0.000000
0.000000
0.000000
0.000000
2.138680
0.000000
0.000000
2.244940
0.000000
0.000000
0.000000
0.000000
0.000000
0.000000
0.000000
0.000000
0.000000
0.000000
0.000000
2.047981
0.000000
0.000000
0.782392
0.000000
0.000000
0.000000
0.000000
0.000000
0.000000
0.000000
0.000000
2.159630
0.000000
1.929272
0.000000
0.000000
0.779422
0.000000
1.142310
0.000000
0.000000
0.000000
0.000000
0.000000
1.869352
0.149092
0.000000
0.000000
0.758882
2.354708
0.000000
0.000000
0.603672
0.000000
2.116451
0.000000
0.000000
0.000000
0.299967
0.000000
0.000000
0.000000
0.000000
0.000000
0.740311
0.068825
0.000000
0.000000
0.000000
0.000000
0.000000
0.000000
0.000000
0.000000
0.000000
0.000000
0.000000
0.000000
0.000000
0.000000
0.000000
0.000000
0.000000
0.000000
0.000000
0.000000
0.000000
0.000000
0.000000
0.000000
0.000000
0.000000
0.000000
0.000000
0.000000
0.000000
