0.000000
0.000000
0.000000
0.000000
0.000000
0.000000
0.847525
1.038249
0.000000
0.701754
0.000000
0.000000
1.355925
1.685561
0.000000
0.000000
0.000000
0.000000
0.000000
0.000000
0.000000
0.000000
0.000000
0.129012
0.000000
1.881118
0.000000
0.000000
0.851543
0.000000
1.722593
0.000000
0.000000
0.000000
0.160331
0.000000
0.000000
0.000000
0.000000
0.000000
1.184971
0.000000
0.000000
0.000000
0.000000
2.677885
2.598139
0.000000
0.000000
0.000000
0.000000
0.000000
0.000000
0.000000
0.000000
0.000000
0.899809
0.000000
0.156795
0.000000
0.000000
0.000000
1.573503
0.000000
0.000000
0.000000
0.000000
0.000000
0.000000
0.000000
0.000000
0.000000
0.000000
0.000000
0.000000
2.175402
0.000000
0.000000
0.426311
3.256011
0.000000
0.000000
0.000000
0.000000
0.000000
0.000000
0.000000
0.000000
0.000000
0.000000
0.000000
0.728008
2.375194
0.000000
0.000000
0.000000
0.000000
0.000000
0.000000
1.523462
0.000000
0.000000
0.000000
0.000000
3.546086
0.000000
1.625541
0.000000
3.193514
0.000000
0.000000
1.429299
0.000000
3.122279
0.000000
0.000000
0.000000
0.000000
0.000000
0.000000
0.000000
0.000000
0.394628
0.407788
0.000000
0.000000
0.000000
0.000000
0.000000
0.000000
0.000000
0.000000
0.000000
0.000000
0.000000
0.000000
1.298919
0.000000
0.000000
0.000000
0.000000
2.599051
0.101328
0.000000
0.000000
0.000000
0.000000
0.000000
0.000000
0.000000
0.000000
0.000000
0.000000
0.000000
0.000000
0.000000
0.000000
0.000000
0.000000
0.000000
0.000000
0.000000
0.000000
3.115072
1.413310
0.000000
0.000000
0.000000
0.000000
0.000000
0.000000
0.000000
0.000000
0.000000
0.000000
0.000000
0.000000
0.000000
0.000000
0.000000
0.000000
0.735571
0.000000
0.248530
0.000000
0.000000
0.000000
0.000000
0.000000
0.000000
0.256182
0.000000
0.552795
0.000000
0.000000
2.469421
0.000000
0.000000
0.000000
0.000000
0.000000
0.000000
0.000000
0.000000
0.000000
0.000000
2.461989
0.000000
0.832875
0.000000
0.000000
0.000000
0.000000
0.000000
0.000000
0.000000
1.926715
0.000000
0.000000
0.000000
0.000000
0.000000
0.000000
0.000000
0.000000
1.509138
4.100778
0.198752
0.520330
0.000000
0.000000
0.000000
0.000000
0.000000
0.000000
0.000000
0.000000
0.000000
0.910178
2.808553
0.000000
1.993315
1.012416
0.000000
1.028381
0.000000
0.132157
0.000000
0.000000
0.000000
0.132391
0.000000
0.000000
0.844311
0.000000
0.000000
0.000000
0.000000
0.000000
0.000000
0.000000
0.000000
0.000000
0.000000
0.000000
0.000000
0.000000
0.000000
2.706376
0.000000
0.389217
0.000000
0.000000
0.372792
0.000000
0.000000
0.000000
0.000000
0.000000
0.000000
0.000000
0.000000
0.000000
0.000000
0.000000
0.000000
0.000000
0.000000
0.000000
0.000000
0.000000
0.000000
0.000000
0.000000
0.565030
0.000000
0.000000
0.000000
2.157123
2.181498
0.000000
0.000000
0.000000
0.000000
0.000000
0.000000
2.032140
0.000000
0.000000
0.000000
0.000000
0.000000
1.119670
0.391944
0.000000
0.000000
0.000000
0.000000
0.000000
0.000000
3.795049
0.000000
0.000000
0.000000
0.000000
0.000000
0.000000
0.000000
0.000000
0.000000
0.000000
1.760233
2.124698
0.918108
0.000000
0.000000
1.771025
2.145551
0.000000
0.000000
0.000000
0.000000
0.000000
0.000000
0.000000
0.000000
0.000000
1.371858
0.000000
0.000000
0.000000
2.524090
0.000000
0.000000
0.000000
0.000000
0.000000
0.000000
0.000000
1.937697
0.000000
0.000000
0.000000
0.000000
0.000000
0.000000
0.000000
0.000000
0.000000
0.820792
0.000000
0.000000
0.000000
0.000000
0.000000
1.041340
0.000000
0.000000
0.000000
0.000000
0.000000
0.000000
0.380667
0.000000
0.000000
0.000000
0.000000
0.000000
0.000000
0.000000
0.161843
0.000000
1.677243
0.000000
0.000000
0.000000
2.239633
0.000000
0.000000
0.000000
0.000000
0.000000
0.000000
0.000000
0.000000
0.000000
0.000000
0.000000
0.000000
1.881645
0.000000
0.000000
0.000000
0.000000
0.000000
0.000000
0.440677
0.666761
0.000000
0.000000
0.000000
0.000000
0.000000
0.000000
0.139448
0.634829
0.000000
0.000000
0.000000
0.000000
0.000000
0.000000
0.000000
0.000000
0.000000
0.000000
0.000000
0.000000
0.000000
0.000000
0.000000
2.552240
0.000000
0.000000
1.178233
5.383671
0.417358
0.000000
0.000000
0.000000
0.000000
0.362921
0.542406
0.000000
0.000000
0.000000
1.276924
0.000000
0.000000
0.000000
2.399566
0.000000
0.000000
0.000000
0.000000
0.000000
0.000000
0.000000
0.000000
0.182218
0.000000
1.235888
0.000000
3.118709
0.000000
0.000000
0.210629
1.880539
0.000000
0.000000
0.000000
0.208512
4.114613
0.000000
0.000000
0.000000
0.000000
0.000000
1.042347
0.000000
0.000000
0.000000
0.000000
0.000000
0.000000
0.000000
0.000000
0.000000
0.000000
0.933782
0.000000
0.000000
0.000000
0.000000
0.000000
0.000000
0.000000
0.000000
0.000000
0.000000
0.000000
0.000000
0.000000
0.000000
0.000000
0.000000
0.000000
0.000000
0.000000
0.000000
0.000000
0.000000
0.000000
0.000000
0.000000
1.717085
0.000000
0.311343
0.000000
0.000000
0.000000
0.000000
0.000000
0.000000
0.000000
0.000000
0.000000
0.000000
0.000000
0.000000
0.000000
0.000000
0.000000
0.000000
0.202849
0.000000
0.000000
0.000000
0.000000
0.000000
0.000000
0.000000
0.080120
0.000000
0.000000
0.000000
0.000000
0.000000
0.000000
0.000000
0.000000
0.000000
0.000000
0.000000
2.700246
0.000000
0.000000
0.000000
0.000000
0.717567
0.000000
0.000000
0.000000
0.000000
3.253756
0.000000
0.545415
3.299203
0.000000
2.586665
0.000000
0.000000
1.365002
0.000000
0.000000
0.000000
1.043813
0.000000
0.000000
0.000000
0.551238
0.000000
0.000000
0.000000
0.000000
0.000000
0.000000
0.000000
0.000000
0.051569
0.000000
0.000000
0.000000
0.000000
0.000000
0.000000
0.000000
0.000000
0.000000
0.000000
0.004335
0.000000
0.000000
0.000000
0.000000
0.000000
0.000000
0.000000
0.000000
0.000000
0.000000
0.000000
0.000000
0.000000
0.000000
0.000000
0.000000
0.787706
0.000000
0.000000
0.000000
0.000000
0.000000
0.000000
0.000000
0.000000
0.000000
0.000000
0.537384
0.000000
0.000000
0.000000
0.000000
0.000000
0.575012
0.000000
0.000000
0.000000
1.755396
0.000000
1.114354
1.713475
0.000000
0.000000
0.000000
0.000000
0.000000
0.000000
1.799450
0.000000
0.000000
0.000000
0.000000
0.000000
0.000000
0.000000
0.000000
0.000000
0.403363
0.702684
0.000000
0.000000
0.000000
0.000000
0.000000
0.000000
0.000000
0.000000
2.406036
0.000000
0.481430
0.839077
0.000000
0.000000
0.000000
0.000000
0.000000
0.521749
0.000000
0.000000
0.000000
0.000000
0.000000
0.000000
0.000000
0.000000
0.000000
0.000000
4.924927
0.000000
0.000000
0.000000
0.000000
0.186254
0.000000
0.000000
0.000000
0.081319
0.000000
0.000000
2.218603
0.000000
0.703261
1.246427
0.000000
0.662951
1.265454
0.000000
0.000000
0.000000
0.000000
0.000000
0.000000
0.000000
0.000000
0.000000
0.000000
1.390963
0.000000
0.000000
0.000000
0.000000
0.000000
0.000000
0.000000
0.000000
0.000000
0.000000
2.987690
0.000000
0.000000
0.000000
0.000000
0.000000
0.000000
0.000000
0.000000
0.000000
0.000000
0.000000
0.000000
0.000000
0.000000
0.000000
0.000000
1.073081
0.000000
0.959477
1.659339
0.945094
1.791291
0.000000
0.000000
0.000000
1.136839
0.000000
0.000000
0.000000
0.000000
0.000000
0.000000
0.000000
0.000000
0.000000
0.000000
0.000000
0.000000
0.000000
0.000000
0.000000
0.000000
0.000000
1.324472
0.560431
0.000000
0.000000
0.000000
0.000000
0.000000
0.000000
0.000000
0.000000
0.000000
0.000000
0.000000
0.000000
0.000000
0.000000
0.000000
1.110851
0.000000
0.000000
0.000000
0.000000
0.000000
0.000000
0.000000
0.000000
0.000000
0.000000
0.000000
0.000000
0.000000
0.285967
0.124092
0.000000
0.000000
0.352955
0.000000
0.000000
0.000000
0.000000
1.318391
0.000000
0.000000
0.000000
0.000000
0.000000
0.000000
0.000000
0.000000
0.000000
3.673335
0.000000
0.000000
0.000000
0.000000
2.066756
0.000000
0.876970
0.000000
0.000000
0.021346
0.000000
0.000000
0.000000
0.000000
0.000000
0.000000
0.000000
0.000000
1.146385
0.000000
0.000000
0.000000
1.501100
0.000000
0.000000
0.000000
0.000000
0.000000
0.000000
0.000000
0.000000
0.000000
1.229321
0.000000
0.000000
0.000000
0.000000
0.000000
0.000000
4.156313
0.000000
0.000000
0.000000
0.000000
0.000000
0.000000
0.189358
0.000000
0.000000
0.000000
0.000000
0.000000
0.000000
0.000000
2.066379
0.000000
0.126965
0.000000
0.000000
1.129489
1.690948
0.000000
1.127695
0.000000
0.000000
0.000000
0.000000
0.000000
0.000000
1.609203
0.000000
0.000000
0.000000
0.000000
0.000000
0.000000
0.000000
1.456263
0.000000
0.000000
0.000000
0.000000
0.000000
0.000000
0.000000
0.003275
0.000000
0.000000
0.000000
0.000000
0.000000
0.000000
0.000000
0.000000
0.000000
0.000000
0.000000
2.073472
1.198802
0.000000
0.000000
0.407637
0.000000
0.000000
0.000000
0.000000
0.000000
0.000000
0.000000
0.000000
0.000000
0.000000
0.514419
0.000000
0.000000
0.000000
0.370812
0.000000
0.000000
0.000000
0.000000
0.000000
0.000000
0.000000
0.000000
0.000000
0.000000
0.000000
0.579910
0.000000
0.000000
0.000000
0.000000
0.037528
0.000000
0.000000
1.482515
0.000000
0.000000
0.000000
0.000000
0.000000
0.000000
0.048678
2.276727
0.000000
0.000000
0.000000
0.000000
0.000000
0.000000
0.000000
0.000000
0.000000
0.866626
0.000000
0.000000
0.000000
0.000000
0.000000
0.000000
0.000000
1.448465
0.000000
0.000000
0.000000
0.000000
0.000000
0.000000
0.000000
0.786518
0.000000
0.000000
0.000000
0.000000
0.000000
0.000000
0.000000
0.000000
0.000000
0.000000
0.000000
0.000000
0.000000
0.000000
0.000000
0.000000
0.000000
0.000000
0.000000
0.000000
0.000000
0.000000
0.000000
2.302894
0.000000
0.000000
0.000000
0.000000
0.000000
0.000000
0.000000
1.786470
1.409498
0.000000
1.881374
0.000000
0.391618
0.000000
0.000000
0.000000
0.757746
0.000000
0.000000
0.000000
0.000000
0.000000
0.000000
0.000000
0.000000
0.000000
3.974551
1.967181
0.000000
0.000000
1.340350
0.000000
0.000000
0.000000
0.000000
0.000000
0.767477
0.000000
0.000000
0.000000
0.000000
0.000000
0.000000
0.000000
0.000000
0.000000
0.000000
0.000000
0.000000
0.000000
0.000000
0.000000
0.000000
0.000000
0.000000
0.000000
1.781225
0.000000
0.000000
1.670610
0.000000
0.501896
0.000000
0.000000
0.000000
0.000000
0.000000
1.147529
0.000000
0.000000
0.000000
0.000000
0.000000
0.000000
3.404737
0.000000
0.000000
0.000000
0.000000
0.000000
0.000000
1.141961
0.000000
0.000000
1.434742
1.130787
0.000000
0.000000
0.000000
0.000000
0.175040
0.872359
1.383018
0.000000
0.000000
0.000000
0.000000
0.000000
0.000000
0.186389
0.816479
0.000000
0.000000
0.000000
0.908252
0.000000
0.000000
1.056293
0.000000
0.000000
0.000000
0.000000
0.000000
0.000000
0.000000
0.212910
0.000000
0.000000
0.000000
0.000000
0.000000
0.000000
0.000000
0.000000
0.000000
0.000000
0.000000
0.000000
1.523854
0.000000
0.265445
0.000000
0.000000
0.000000
0.000000
0.000000
0.429397
2.131374
0.000000
0.000000
0.000000
0.000000
0.000000
0.000000
0.000000
0.000000
0.000000
0.000000
0.000000
0.000000
0.000000
0.000000
0.000000
0.000000
0.000000
0.000000
0.000000
0.000000
0.000000
0.000000
0.000000
0.000000
0.000000
2.474740
0.000000
0.000000
0.000000
0.000000
0.000000
0.000000
0.000000
3.482196
0.553735
0.000000
0.000000
0.000000
0.000000
3.664748
0.000000
0.000000
0.000000
0.000000
0.000000
0.741136
0.000000
0.000000
1.061344
0.000000
0.000000
0.000000
0.000000
0.000000
0.000000
0.000000
0.100099
6.051928
0.000000
0.000000
0.000000
0.000000
0.000000
0.000000
0.000000
0.157590
0.000000
0.000000
0.000000
0.000000
0.000000
0.000000
0.000000
0.000000
0.000000
0.692070
0.000000
0.000000
0.000000
0.000000
0.000000
0.000000
0.000000
0.000000
0.000000
1.489026
0.000000
0.000000
0.000000
0.000000
0.000000
0.000000
0.000000
0.776754
0.000000
0.000000
0.345507
0.000000
0.000000
0.000000
0.000000
0.000000
2.383614
0.289057
0.000000
0.000000
0.000000
0.000000
0.000000
0.945251
0.000000
0.349316
0.000000
0.000000
0.000000
0.000000
0.000000
0.231503
0.000000
0.000000
0.000000
0.000000
0.000000
0.000000
0.000000
0.000000
0.000000
0.000000
0.000000
2.559922
0.000000
0.000000
0.000000
0.000000
0.000000
0.000000
0.000000
0.000000
0.000000
0.000000
0.000000
0.000000
0.000000
0.000000
0.000000
0.000000
0.000000
0.000000
0.000000
0.000000
0.000000
0.000000
0.000000
0.000000
0.000000
0.000000
0.000000
0.000000
0.000000
0.090241
0.000000
0.081552
0.000000
0.000000
0.000000
0.000000
0.000000
0.000000
0.000000
0.000000
2.009241
0.000000
0.000000
0.801980
0.000000
0.000000
0.000000
0.350887
0.000000
3.000890
0.000000
0.000000
0.000000
0.000000
0.000000
0.495073
0.000000
0.000000
0.000000
0.000000
0.000000
0.000000
0.000000
0.000000
0.000000
0.000000
0.000000
0.000000
1.650917
0.000000
0.183737
0.000000
0.068499
0.000000
0.588508
0.000000
0.000000
0.000000
1.654561
0.000000
0.000000
0.000000
1.244872
0.000000
0.000000
0.000000
0.000000
0.000000
0.000000
0.000000
0.000000
0.000000
0.000000
0.000000
0.000000
0.000000
0.000000
0.000000
0.000000
1.407291
0.000000
0.000000
0.000000
0.000000
0.563442
0.000000
0.000000
0.584851
0.000000
0.000000
0.000000
0.000000
0.000000
0.000000
0.026603
0.000000
0.884922
0.000000
0.000000
0.000000
0.000000
0.000000
0.000000
0.000000
0.000000
0.892169
0.000000
0.000000
0.000000
0.000000
0.000000
0.000000
0.000000
0.000000
0.000000
0.000000
0.000000
0.000000
0.000000
1.209254
0.000000
0.000000
0.000000
0.000000
0.000000
0.094749
0.616556
0.000000
0.000000
0.000000
2.621134
0.000000
0.187097
0.000000
0.000000
0.000000
0.848167
0.000000
0.000000
0.000000
0.000000
0.000000
0.000000
0.000000
0.322209
0.000000
0.000000
0.000000
0.000000
0.000000
0.000000
0.000000
0.000000
0.000000
0.000000
2.057373
0.000000
0.000000
0.000000
0.000000
0.000000
0.000000
0.000000
0.000000
0.000000
0.000000
0.000000
3.447689
0.000000
0.000000
1.009830
0.000000
0.000000
0.000000
0.000000
0.000000
0.000000
0.000000
0.000000
0.000000
0.000000
0.000000
0.000000
0.000000
0.000000
0.000000
0.000000
0.000000
0.000000
0.000000
0.000000
0.000000
0.000000
0.000000
0.000000
0.000000
0.000000
0.000000
0.149205
0.000000
0.000000
0.000000
0.000000
0.000000
0.000000
0.000000
0.000000
0.000000
0.000000
0.000000
0.000000
0.000000
0.000000
0.000000
0.000000
0.000000
0.000000
0.355507
0.000000
0.000000
2.178562
0.000000
3.759286
0.000000
0.000000
0.572105
0.489840
0.000000
1.500346
0.000000
0.000000
0.000000
0.000000
0.000000
0.000000
0.000000
0.000000
0.000000
0.000000
0.000000
0.000000
0.000000
1.714723
0.000000
0.000000
0.000000
0.000000
0.000000
0.000000
0.000000
0.000000
0.000000
0.000000
0.000000
0.000000
0.000000
0.000000
0.000000
0.000000
0.000000
1.464628
0.074691
0.000000
0.613473
0.000000
0.000000
0.000000
0.000000
0.000000
0.000000
0.000000
0.000000
0.000000
0.000000
0.000000
0.000000
0.000000
0.000000
0.567805
0.000000
0.000000
0.000000
0.470648
0.000000
0.000000
0.000000
0.000000
0.000000
0.000000
0.000000
0.000000
0.000000
0.000000
0.000000
0.000000
0.166957
0.000000
0.000000
0.000000
0.000000
0.000000
0.000000
0.633421
0.000000
0.000000
2.457619
0.000000
0.000000
0.000000
0.000000
0.000000
0.000000
0.000000
0.000000
0.000000
1.088438
0.000000
2.053188
0.000000
0.000000
0.000000
0.000000
0.000000
0.000000
0.000000
0.000000
0.000000
0.000000
0.000000
0.000000
2.612270
0.160167
0.000000
0.113942
0.000000
0.000000
0.000000
0.000000
0.000000
0.000000
0.393623
0.000000
0.000000
0.000000
0.000000
0.000000
0.000000
1.104995
0.147888
0.000000
0.000000
0.000000
0.000000
0.000000
0.000000
0.000000
0.000000
0.000000
0.000000
0.383763
0.000000
0.000000
0.200274
2.297357
0.000000
0.000000
0.000000
0.000000
0.045794
0.000000
0.000000
0.719950
0.000000
0.000000
0.000000
0.000000
0.000000
0.000000
0.000000
0.000000
0.000000
0.000000
0.000000
0.302149
0.000000
0.000000
0.000000
0.000000
0.000000
0.000000
0.000000
0.000000
0.000000
0.000000
0.000000
0.000000
0.000000
1.077207
0.000000
0.000000
0.000000
0.000000
0.000000
0.000000
0.000000
0.000000
0.000000
1.398358
0.000000
0.000000
0.000000
0.000000
0.000000
0.000000
0.000000
0.000000
0.000000
0.000000
0.000000
0.000000
0.322138
0.000000
0.000000
0.000000
0.000000
0.000000
0.000000
0.000000
0.000000
0.000000
0.000000
0.000000
4.368537
0.000000
0.000000
0.000000
0.000000
0.809447
0.000000
0.000000
0.000000
1.148463
0.000000
0.000000
0.000000
0.743537
0.000000
0.000000
0.000000
1.292641
0.000000
0.000000
0.000000
0.000000
0.000000
0.000000
0.000000
0.000000
0.966758
0.000000
1.349114
0.000000
0.046690
0.000000
0.000000
0.000000
0.000000
0.381001
2.443588
0.000000
0.000000
0.000000
0.000000
0.200224
0.000000
0.000000
0.000000
1.826538
0.000000
0.894262
0.000000
0.000000
0.212717
0.000000
0.016688
0.374531
0.000000
0.000000
0.000000
0.000000
0.000000
0.000000
0.000000
2.532832
0.000000
0.049497
0.000000
0.000000
0.000000
0.000000
1.147337
0.000000
0.000000
0.000000
2.512505
0.000000
0.000000
0.000000
0.000000
0.000000
0.000000
0.000000
0.000000
0.000000
0.000000
0.000000
0.000000
0.000000
0.000000
0.000000
0.000000
1.519632
0.000000
0.000000
0.000000
0.000000
1.592917
1.657451
0.000000
0.000000
0.000000
0.000000
0.504367
0.000000
0.000000
0.000000
0.000000
0.000000
0.000000
1.193900
0.000000
0.000000
0.000000
0.000000
0.000000
0.000000
0.000000
0.148322
0.000000
0.000000
0.000000
0.047354
0.000000
0.000000
0.000000
0.000000
0.000000
0.000000
0.000000
1.547039
0.000000
0.000000
0.000000
0.000000
0.000000
0.000000
0.000000
0.000000
0.392396
1.987596
0.000000
0.000000
0.000000
0.000000
0.000000
0.000000
0.000000
0.287494
1.838130
0.000000
0.000000
0.000000
0.000000
0.000000
0.000000
1.537140
0.014246
0.000000
0.000000
0.866082
3.721545
0.000000
1.241643
0.000000
0.000000
0.000000
0.000000
0.000000
0.000000
0.000000
0.000000
0.000000
0.184631
0.000000
0.000000
0.597723
0.000000
0.000000
0.000000
1.888119
0.000000
0.000000
0.717767
0.000000
0.000000
0.000000
0.000000
0.000000
0.000000
0.456957
0.000000
0.000000
0.000000
1.381215
0.000000
0.000000
0.000000
1.079680
0.000000
0.000000
0.000000
0.000000
0.000000
0.000000
0.000000
0.000000
0.000000
0.000000
0.000000
0.000000
0.000000
0.000000
3.454602
0.000000
0.000000
0.000000
0.000000
0.000000
0.000000
2.984224
0.000000
0.264718
0.000000
0.000000
0.000000
0.000000
0.000000
0.000000
0.000000
0.000000
0.000000
0.000000
0.000000
0.000000
0.000000
0.000000
0.000000
0.000000
0.000000
0.000000
0.000000
0.000000
0.000000
0.000000
1.697208
0.838334
0.000000
0.000000
0.000000
1.794096
0.000000
0.000000
0.000000
0.000000
0.000000
0.000000
0.000000
1.998135
0.000000
0.000000
0.000000
0.000000
0.012689
0.000000
0.000000
0.000000
0.436511
0.000000
0.000000
0.000000
0.000000
0.000000
2.594337
0.706522
0.000000
0.000000
0.000000
0.000000
0.000000
0.000000
0.000000
2.319677
0.000000
0.000000
0.000000
0.000000
0.000000
0.000000
0.000000
0.000000
0.000000
0.000000
0.000000
0.000000
0.000000
0.000000
0.000000
1.525821
0.000000
0.000000
0.000000
0.000000
0.000000
0.000000
0.000000
0.000000
0.000000
1.545324
0.000000
0.000000
0.000000
0.000000
0.000000
0.000000
0.000000
0.000000
0.000000
0.000000
0.000000
0.000000
0.000000
0.000000
0.000000
0.000000
0.000000
0.000000
0.000000
0.643975
0.000000
0.556849
0.000000
0.000000
0.000000
0.000000
1.643098
0.000000
0.000000
0.000000
0.000000
0.000000
0.000000
0.000000
0.000000
0.000000
0.000000
1.864534
0.000000
0.000000
0.000000
0.599607
0.000000
0.000000
0.000000
0.000000
0.000000
0.385512
0.000000
0.000000
0.000000
1.582670
0.000000
0.000000
0.000000
0.000000
3.540747
0.000000
1.676899
0.000000
1.583649
1.018012
0.000000
2.991373
0.000000
0.000000
0.000000
1.626619
0.000000
0.000000
0.000000
0.000000
0.185807
0.000000
0.000000
0.000000
0.000000
3.155812
0.000000
0.000000
0.000000
0.000000
0.000000
0.443975
0.000000
0.000000
0.302900
0.000000
1.198131
0.000000
0.000000
0.000000
0.000000
0.000000
0.000000
0.000000
0.000000
0.000000
0.032186
0.000000
0.000000
0.176010
0.000000
0.000000
0.000000
0.000000
0.000000
0.000000
1.740473
0.000000
0.000000
0.000000
0.000000
0.000000
0.000000
0.000000
0.000000
0.000000
0.000000
0.000000
0.000000
2.366801
0.000000
0.000000
0.000000
0.000000
0.000000
0.307739
0.000000
0.000000
0.000000
0.000000
0.000000
0.000000
1.235233
0.000000
0.000000
0.000000
0.000000
0.047559
0.000000
0.000000
3.603662
0.000000
0.000000
0.000000
0.000000
0.000000
0.000000
2.937359
2.557298
0.000000
0.000000
0.000000
0.000000
0.000000
0.000000
0.069396
0.000000
0.000000
2.532618
0.979460
0.458903
0.545240
0.000000
0.000000
4.569781
0.000000
0.000000
0.000000
0.000000
0.000000
0.000000
0.000000
0.000000
0.000000
1.671401
0.000000
0.000000
0.194859
0.000000
0.000000
0.000000
0.000000
0.000000
0.000000
0.000000
0.000000
0.000000
0.000000
1.065793
0.000000
0.316770
0.000000
0.000000
0.000000
2.596403
0.000000
0.000000
0.000000
0.000000
0.000000
0.000000
0.000000
0.000000
0.000000
0.000000
0.000000
0.000000
0.000000
0.000000
0.000000
0.444576
0.000000
0.000000
0.000000
0.000000
0.000000
0.563962
2.590317
3.874556
0.000000
0.000000
0.000000
0.740519
0.000000
0.000000
0.000000
0.819469
0.000000
0.000000
0.000000
1.125317
1.226139
0.000000
1.077769
0.000000
0.000000
0.000000
0.000000
0.000000
0.000000
5.136405
0.000000
0.000000
0.000000
0.000000
0.000000
0.000000
0.000000
0.000000
0.000000
0.344501
0.000000
0.000000
0.000000
0.000000
0.000000
0.000000
0.000000
0.000000
0.000000
0.000000
0.167608
0.000000
0.000000
0.000000
0.000000
0.309754
0.000000
0.000000
0.000000
0.000000
0.000000
0.675549
0.000000
0.000000
0.000000
0.433731
0.000000
0.000000
0.000000
0.000000
0.000000
0.000000
0.000000
0.000000
0.000000
0.000000
0.000000
0.000000
0.000000
0.000000
0.000000
0.000000
0.000000
0.000000
0.000000
0.000000
0.000000
0.000000
0.000000
0.000000
0.000000
0.000000
0.000000
0.000000
0.000000
0.000000
0.000000
0.000000
0.000000
0.000000
0.000000
0.000000
0.000000
0.000000
0.000000
0.000000
0.000000
0.000000
0.000000
0.000000
0.000000
0.000000
0.000000
0.000000
1.386665
0.000000
0.000000
0.000000
0.000000
0.000000
0.000000
0.000000
0.000000
0.000000
0.000000
0.000000
2.273382
0.000000
0.000000
0.000000
0.000000
0.000000
2.350247
0.000000
0.000000
4.545372
0.240406
0.000000
0.000000
0.000000
0.412830
0.000000
0.000000
0.000000
0.000000
0.000000
0.000000
1.950830
0.000000
0.000000
0.000000
0.000000
0.000000
0.000000
0.000000
0.000000
0.000000
1.073579
0.000000
0.000000
0.000000
0.000000
0.000000
0.000000
0.000000
0.000000
0.000000
0.596450
0.000000
0.000000
3.098179
0.000000
0.000000
0.000000
0.000000
0.998605
0.446881
0.000000
0.000000
0.000000
3.440757
0.000000
0.000000
0.000000
0.000000
0.000000
0.000000
0.000000
0.260871
0.000000
0.000000
0.000000
0.000000
0.000000
0.000000
1.736082
3.135558
0.000000
0.000000
0.000000
0.000000
0.000000
0.000000
0.000000
0.595977
0.000000
0.000000
0.000000
0.146590
0.000000
0.000000
0.000000
3.054614
0.000000
0.000000
0.000000
1.865674
0.000000
3.124613
1.254002
0.000000
0.000000
0.000000
1.750663
0.000000
0.000000
0.000000
0.000000
0.000000
0.000000
0.000000
0.000000
0.178360
0.391973
1.102087
0.000000
0.130670
1.671672
0.000000
0.000000
0.000000
1.702881
0.000000
0.000000
0.000000
0.000000
0.000000
0.000000
3.018436
0.000000
0.000000
0.000000
0.000000
0.665256
0.000000
0.000000
0.000000
0.000000
0.000000
1.499170
0.532852
0.000000
0.000000
0.000000
0.000000
0.000000
0.000000
0.000000
0.467150
0.000000
0.000000
2.143635
0.000000
0.000000
0.000000
0.000000
0.000000
0.033776
0.000000
0.000000
0.000000
0.000000
0.000000
1.639991
0.000000
0.000000
0.000000
0.625865
0.000000
0.000000
0.071905
0.000000
0.000000
0.000000
1.295390
0.000000
0.000000
0.000000
0.635256
0.000000
0.000000
0.000000
0.000000
0.202504
0.000000
0.427110
0.000000
0.785339
0.000000
1.843394
0.000000
0.682610
0.000000
0.000000
0.000000
0.000000
3.071549
0.000000
0.000000
0.000000
0.071711
0.000000
3.981056
2.715660
0.000000
0.000000
0.000000
0.000000
0.000000
0.000000
0.000000
0.000000
0.000000
0.000000
0.000000
0.000000
0.000000
0.000000
0.000000
0.000000
0.000000
0.000000
0.000000
1.416707
0.723946
0.000000
0.000000
0.000000
0.000000
0.000000
0.000000
0.000000
0.000000
1.054379
0.000000
0.000000
1.828179
0.000000
0.000000
0.000000
0.000000
0.000000
0.000000
0.000000
0.055564
1.744718
0.164127
0.000000
0.000000
0.000000
0.000000
0.000000
0.000000
0.000000
0.000000
0.000000
0.000000
0.000000
0.000000
0.790053
0.000000
0.000000
0.000000
0.000000
0.000000
0.000000
0.243349
0.000000
0.000000
0.000000
0.000000
0.000000
0.000000
0.000000
0.000000
0.000000
0.000000
0.000000
0.000000
0.009762
0.000000
0.000000
0.000000
0.131353
0.000000
2.193033
0.000000
0.000000
0.000000
0.000000
0.000000
0.000000
6.132250
0.000000
0.000000
0.000000
0.000000
0.000000
0.903723
0.000000
0.000000
0.000000
0.048844
0.000000
0.000000
0.000000
0.000000
3.633514
0.000000
0.000000
0.000000
0.000000
0.000000
0.000000
0.000000
0.000000
0.000000
1.185303
0.000000
0.000000
0.000000
0.000000
0.000000
0.000000
1.378628
0.000000
2.226639
0.000000
0.000000
0.000000
0.000000
0.000000
0.000000
1.555119
0.000000
0.000000
0.000000
0.000000
0.000000
0.000000
0.000000
0.000000
0.153765
0.000000
0.000000
0.000000
0.000000
0.000000
0.000000
0.000000
0.000000
0.000000
0.000000
0.000000
0.000000
0.000000
0.415105
0.000000
0.000000
0.000000
0.000000
0.000000
0.000000
3.031216
0.000000
0.000000
0.239328
0.000000
0.000000
0.000000
1.629380
0.037213
0.000000
0.000000
0.000000
0.017377
0.000000
0.000000
0.000000
2.583661
0.000000
0.000000
0.000000
0.000000
0.000000
0.384438
0.000000
0.000000
0.000000
0.000000
0.000000
3.932664
0.000000
1.888176
0.945524
0.000000
0.000000
0.812316
0.000000
0.000000
0.000000
0.000000
0.000000
0.000000
2.153721
0.000000
0.000000
0.000000
0.000000
0.000000
0.000000
0.000000
0.000000
1.726628
0.000000
2.414304
0.000000
0.000000
0.000000
0.000000
0.000000
0.000000
0.000000
0.000000
0.000000
0.000000
0.000000
0.921065
2.001302
0.000000
0.000000
0.000000
0.000000
0.000000
0.000000
0.000000
0.000000
0.000000
0.000000
0.000000
0.000000
0.000000
2.007234
0.000000
1.151042
0.000000
0.000000
1.821252
0.000000
0.000000
0.000000
0.000000
0.000000
0.000000
0.000000
0.000000
0.000000
0.000000
0.351031
0.449455
0.000000
0.000000
2.149086
0.000000
0.000000
0.000000
0.000000
0.000000
2.338968
0.000000
0.000000
0.000000
0.000000
0.000000
0.000000
0.000000
0.000000
0.000000
0.000000
0.000000
0.629266
0.000000
0.000000
0.000000
0.000000
0.000000
1.695590
0.000000
0.050733
0.000000
0.000000
0.000000
0.000000
0.000000
0.000000
0.008376
0.000000
0.000000
0.000000
0.000000
0.000000
0.000000
2.412659
0.000000
0.000000
0.000000
0.771509
0.000000
0.000000
0.000000
2.708874
0.000000
0.000000
0.000000
0.000000
0.000000
0.000000
0.000000
0.000000
0.000000
0.000000
0.000000
0.000000
0.000000
0.000000
0.000000
0.340771
0.000000
0.000000
0.000000
1.254364
0.000000
0.000000
0.000000
0.000000
0.000000
0.000000
0.000000
1.017030
0.000000
0.000000
0.365445
0.000000
0.000000
0.000000
0.000000
1.191841
2.634226
0.000000
0.000000
2.157218
0.000000
0.142137
0.329117
0.000000
0.000000
0.000000
0.000000
0.000000
0.000000
0.000000
0.000000
0.000000
0.000000
0.758486
0.000000
0.000000
0.000000
0.957106
0.000000
0.000000
0.000000
0.000000
0.000000
0.000000
0.000000
0.000000
0.000000
1.282265
0.000000
0.000000
0.000000
0.000000
0.000000
0.000000
1.128556
0.000000
0.000000
0.000000
0.744126
0.000000
0.000000
1.219667
0.000000
0.000000
0.000000
0.000000
0.000000
0.000000
0.000000
0.000000
0.000000
1.522577
0.000000
0.000000
0.000000
0.000000
0.000000
0.000000
0.000000
0.000000
0.000000
0.000000
0.000000
0.000000
1.825077
0.000000
0.000000
0.919731
0.000000
0.000000
0.000000
0.000000
0.000000
0.000000
0.000000
0.000000
0.000000
0.000000
0.987434
0.000000
0.000000
0.000000
0.000000
0.000000
0.000000
0.000000
0.000000
0.000000
0.000000
0.420845
0.000000
0.000000
0.000000
0.000000
0.000000
0.579554
0.000000
1.319968
0.000000
0.000000
0.000000
0.000000
0.000000
0.000000
0.000000
0.000000
0.000000
0.000000
0.000000
0.000000
0.000000
0.000000
0.000000
0.000000
0.000000
0.000000
0.000000
0.000000
0.000000
0.000000
0.000000
0.000000
0.000000
0.000000
0.000000
1.319031
0.000000
0.000000
1.348864
0.000000
0.000000
0.000000
0.000000
0.000000
0.000000
0.000000
0.000000
0.000000
0.000000
3.202575
0.000000
0.000000
0.000000
0.000000
0.000000
0.000000
0.554328
0.000000
0.000000
2.297274
0.000000
0.000000
0.000000
4.926912
0.348661
0.009704
0.000000
0.000000
0.000000
0.000000
0.000000
0.405395
0.000000
0.000000
0.000000
0.000000
0.000000
0.000000
0.000000
1.446887
0.000000
0.000000
0.000000
0.000000
1.264866
0.000000
0.000000
0.000000
0.000000
0.126464
0.000000
0.000000
0.272926
0.000000
0.000000
0.000000
0.501293
0.000000
2.879195
0.000000
0.000000
0.000000
0.000000
0.000000
0.000000
0.000000
1.678786
0.000000
0.163877
0.000000
0.000000
0.259513
0.000000
0.000000
0.000000
0.000000
0.000000
0.000000
0.000000
0.000000
0.000000
0.000000
0.310705
0.000000
0.000000
0.000000
0.000000
0.000000
0.000000
0.000000
0.000000
0.000000
0.960077
0.000000
0.000000
0.000000
0.296660
0.000000
0.210856
0.000000
0.000000
0.000000
0.000000
0.000000
0.000000
1.966862
0.000000
0.000000
0.000000
0.000000
0.000000
0.000000
0.749442
0.464535
0.000000
0.000000
0.000000
0.000000
0.570161
0.381111
0.000000
0.000000
0.000000
0.008589
0.000000
0.000000
1.727228
0.000000
0.000000
0.000000
0.000000
0.000000
0.000000
0.000000
0.000000
0.000000
0.000000
0.000000
0.000000
0.000000
0.000000
0.000000
0.000000
0.006810
0.000000
0.000000
1.249085
0.000000
0.000000
0.000000
0.000000
0.000000
0.000000
0.000000
0.000000
0.000000
0.000000
1.583352
0.000000
0.000000
0.794740
0.000000
0.000000
0.000000
1.660219
0.000000
0.000000
0.000000
1.970169
0.000000
0.000000
0.788331
0.000000
0.000000
0.000000
0.000000
0.000000
0.000000
0.000000
0.000000
0.000000
0.000000
0.000000
0.000000
1.611081
0.000000
0.000000
0.000000
0.000000
1.233342
0.000000
0.927065
0.945253
0.000000
0.000000
0.000000
0.000000
0.000000
0.000000
0.000000
0.000000
0.000000
0.000000
0.000000
0.000000
0.000000
0.000000
0.000000
0.000000
0.000000
0.000000
0.000000
0.000000
0.000000
0.000000
0.000000
0.000000
0.000000
0.000000
0.000000
0.000000
0.000000
0.000000
0.000000
0.000000
0.000000
0.000000
0.000000
0.000000
1.698527
2.257253
0.000000
0.484394
0.585923
0.000000
0.000000
0.000000
0.000000
0.000000
0.000000
0.000000
0.000000
1.536064
2.148491
0.000000
0.000000
0.000000
0.000000
0.000000
0.483628
0.000000
0.000000
0.503566
0.000000
0.000000
1.098228
0.000000
0.000000
0.000000
0.000000
0.000000
0.000000
0.000000
0.000000
0.000000
0.000000
0.000000
0.000000
0.000000
0.000000
0.000000
2.655132
0.000000
0.000000
0.000000
0.000000
0.000000
0.000000
0.000000
0.000000
0.000000
0.000000
0.000000
0.000000
0.000000
0.000000
0.000000
0.000000
0.000000
0.000000
0.000000
0.000000
0.000000
0.000000
0.000000
0.000000
0.000000
0.000000
0.000000
0.000000
0.000000
0.000000
0.000000
1.153402
0.000000
0.000000
0.000000
0.000000
0.000000
0.000000
0.000000
0.000000
0.000000
0.000000
0.000000
0.226869
0.000000
0.000000
0.000000
0.000000
0.000000
0.548553
0.000000
0.000000
0.000000
0.000000
0.000000
0.000000
0.000000
0.000000
0.000000
0.000000
0.000000
0.000000
0.000000
0.000000
0.000000
0.000000
0.000000
0.000000
0.332329
0.000000
0.000000
0.000000
0.000000
0.000000
0.000000
0.000000
1.960723
0.000000
0.611716
0.000000
0.000000
1.161871
0.000000
0.731187
0.000000
0.000000
2.292027
0.000000
0.000000
1.194299
0.000000
0.869305
0.000000
0.000000
0.000000
0.000000
0.000000
2.452232
0.000000
0.000000
0.000000
0.000000
0.000000
0.000000
0.000000
0.000000
0.000000
0.000000
3.344947
0.000000
0.000000
0.657304
0.000000
2.375386
1.502149
0.000000
0.000000
0.067492
0.000000
0.000000
0.000000
0.558234
0.000000
0.000000
0.862825
0.000000
0.000000
0.000000
0.000000
1.401154
0.000000
1.584025
0.000000
0.000000
1.378214
0.000000
0.000000
0.000000
0.000000
0.000000
0.000000
0.000000
0.000000
0.000000
0.667842
0.000000
0.000000
1.916808
0.043059
0.000000
0.000000
0.000000
0.000000
0.000000
0.000000
0.000000
4.430982
0.000000
0.000000
0.000000
1.097831
0.000000
1.333312
0.000000
0.000000
0.000000
0.000000
0.000000
0.000000
0.000000
2.115446
0.000000
0.770030
0.000000
0.283608
0.000000
0.000000
0.000000
0.128574
0.000000
0.000000
0.000000
0.000000
0.000000
0.000000
0.028745
0.000000
4.024127
0.055040
0.000000
0.000000
0.000000
2.341928
0.000000
0.000000
0.000000
1.181268
0.000000
0.000000
0.000000
0.000000
0.000000
0.000000
0.000000
0.000000
0.000000
0.000000
0.000000
0.000000
0.000000
0.000000
0.000000
0.000000
0.000000
0.000000
1.142718
0.000000
0.000000
0.000000
0.482768
0.000000
0.000000
0.393992
0.000000
0.000000
0.000000
0.000000
0.147586
0.000000
0.762826
0.000000
0.000000
0.000000
0.000000
0.000000
0.000000
0.000000
0.000000
0.798819
0.000000
0.000000
0.000000
1.543835
0.000000
0.000000
0.000000
1.095025
0.000000
0.000000
0.000000
0.000000
0.000000
0.000000
0.000000
0.000000
0.000000
0.773681
0.000000
0.000000
0.000000
0.000000
0.000000
0.000000
0.000000
0.000000
0.000000
0.000000
1.643104
2.753796
0.000000
0.000000
0.000000
0.000000
0.000000
0.000000
0.000000
0.000000
0.830706
0.000000
0.000000
0.000000
0.000000
0.167191
2.358554
0.052271
0.000000
0.000000
0.000000
0.000000
0.000000
0.758530
0.000000
0.000000
0.000000
0.000000
3.664601
0.275162
0.000000
0.000000
0.000000
0.000000
0.000000
0.000000
2.462814
0.206033
0.727254
0.000000
0.000000
0.000000
3.031934
0.000000
0.000000
0.000000
0.000000
0.000000
0.000000
0.000000
0.000000
0.000000
0.000000
0.000000
0.000000
0.000000
0.000000
0.000000
0.000000
0.000000
0.000000
0.000000
0.045077
0.000000
0.000000
0.792630
0.287523
0.000000
0.271016
0.000000
0.000000
0.000000
0.153989
0.000000
0.866956
0.000000
0.000000
0.000000
0.000000
0.000000
0.000000
0.000000
0.000000
0.000000
0.000000
0.000000
0.000000
0.000000
0.000000
0.000000
0.000000
0.000000
0.608642
0.000000
1.482596
0.000000
0.567706
0.000000
0.000000
0.000000
0.000000
0.000000
0.000000
0.000000
0.000000
0.000000
0.000000
0.000000
0.000000
0.548940
0.000000
4.389590
0.000000
0.000000
0.000000
0.000000
0.000000
0.000000
0.000000
0.000000
0.000000
0.000000
0.000000
1.944239
0.000000
0.000000
0.000000
0.241524
0.000000
0.000000
0.000000
0.000000
2.290770
0.000000
3.568373
1.048254
0.000000
0.000000
1.148495
0.000000
0.000000
0.000000
0.000000
0.000000
0.000000
0.000000
0.000000
0.000000
0.000000
0.086884
0.000000
0.000000
0.000000
0.000000
0.000000
0.000000
0.000000
0.000000
0.000000
0.000000
0.000000
0.000000
0.000000
0.000000
0.000000
0.000000
0.000000
0.898663
0.000000
0.000000
0.000000
0.000000
0.000000
0.000000
0.517493
0.000000
0.645908
0.000000
0.000000
0.000000
0.000000
0.000000
0.788148
2.712257
0.000000
0.000000
0.000000
0.000000
0.000000
0.000000
3.512264
0.000000
0.000000
0.000000
0.000000
0.000000
0.000000
0.000000
0.000000
0.000000
0.000000
0.000000
0.000000
0.000000
0.000000
0.000000
0.000000
0.000000
0.000000
0.000000
0.000000
0.000000
0.000000
0.000000
0.000000
0.000000
0.000000
0.292842
2.092190
0.305025
0.368748
0.000000
0.000000
0.000000
0.000000
0.000000
0.000000
0.000000
0.000000
0.000000
2.262926
0.421572
0.626727
0.071434
0.000000
0.000000
0.000000
0.593748
0.000000
0.508761
0.000000
0.000000
0.000000
0.000000
0.000000
0.000000
0.000000
0.000000
0.000000
0.000000
0.000000
5.789763
0.000000
0.274773
0.000000
0.000000
0.000000
0.000000
2.731827
0.000000
0.000000
2.078853
0.000000
0.905854
0.255776
0.000000
0.000000
0.000000
0.000000
0.000000
0.000000
0.000000
0.000000
0.000000
1.336531
0.000000
0.447108
0.000000
0.000000
0.000000
0.000000
1.449374
0.000000
0.000000
0.738628
0.000000
0.000000
0.000000
2.213392
0.516648
0.000000
0.000000
1.624145
0.000000
0.000000
0.000000
0.000000
0.000000
0.000000
0.000000
0.362972
0.000000
0.000000
0.000000
0.000000
0.000000
0.000000
0.000000
0.000000
0.000000
0.895365
0.000000
0.109000
0.000000
0.608107
0.000000
0.000000
0.000000
1.248824
0.000000
0.000000
3.482721
0.304987
0.000000
0.000000
0.000000
0.000000
0.000000
0.000000
0.000000
0.000000
2.430321
0.000000
0.000000
0.000000
0.000000
0.000000
0.000000
0.000000
0.000000
0.000000
0.000000
0.000000
1.465633
0.000000
0.000000
0.000000
0.000000
0.000000
0.000000
1.090366
0.512003
0.355602
0.682182
0.000000
0.000000
0.082763
0.000000
0.000000
0.000000
0.815012
0.000000
1.477174
0.098562
0.000000
0.192512
0.000000
0.000000
0.000000
0.000000
0.000000
0.000000
0.000000
0.000000
0.000000
0.000000
0.000000
0.610113
0.000000
2.586107
0.000000
0.000000
0.065346
0.000000
0.000000
0.000000
0.000000
0.000000
0.209270
0.000000
0.000000
0.000000
0.000000
0.000000
0.000000
0.000000
0.000000
0.000000
0.000000
0.000000
1.739688
0.000000
0.000000
0.000000
2.114460
0.000000
0.000000
0.000000
0.000000
0.000000
0.000000
0.000000
1.442624
0.000000
0.000000
0.000000
0.000000
0.674978
0.000000
0.000000
0.000000
0.000000
0.000000
0.000000
0.000000
0.000000
6.374786
0.000000
0.000000
1.089511
0.000000
0.000000
0.000000
0.000000
0.000000
0.000000
0.000000
0.000000
0.000000
0.000000
0.000000
0.000000
3.314045
0.000000
0.000000
1.136663
0.000000
2.076891
0.000000
0.000000
0.000000
0.000000
0.957834
0.000000
0.000000
0.000000
0.000000
0.763576
0.469322
0.000000
0.000000
0.000000
1.551274
0.000000
0.000000
0.198566
0.000000
0.000000
0.000000
0.000000
0.000000
0.000000
0.000000
0.000000
0.000000
0.000000
0.000000
0.000000
0.000000
0.000000
1.407797
0.000000
0.000000
0.000000
0.000000
0.000000
0.000000
0.197430
0.000000
