0.000000
0.000000
0.000000
0.000000
0.000000
0.000000
0.000000
0.000000
0.000000
0.000000
0.000000
0.000000
0.000000
0.000000
0.000000
3.700600
0.000000
0.000000
0.000000
0.244326
0.000000
0.000000
0.000000
0.548498
0.000000
0.000000
0.000000
0.000000
0.000000
0.000000
0.000000
0.000000
0.000000
0.000000
0.000000
0.000000
0.000000
0.000000
0.000000
0.000000
0.000000
1.701366
0.000000
0.000000
0.000000
0.000000
0.000000
0.000000
0.000000
0.000000
0.129541
0.000000
0.000000
0.000000
0.000000
0.000000
0.000000
0.000000
0.000000
0.000000
0.825892
0.000000
0.000000
0.344029
1.939913
0.000000
0.000000
0.333362
0.000000
0.000000
0.000000
0.000000
0.000000
0.000000
0.000000
0.000000
0.000000
0.000000
0.000000
0.000000
0.000000
0.000000
0.000000
0.000000
0.000000
0.000000
0.000000
0.000000
0.000000
0.000000
0.000000
0.243910
0.088955
0.000000
0.000000
0.000000
0.600303
0.000000
0.000000
0.000000
0.000000
0.000000
0.000000
0.000000
0.000000
0.000000
0.611440
0.000000
0.000000
0.000000
0.000000
0.260595
0.000000
0.000000
0.000000
0.000000
0.000000
0.000000
0.000000
0.000000
0.333218
0.000000
0.000000
2.010137
0.000000
0.000000
0.000000
0.000000
0.000000
0.000000
0.000000
0.000000
0.926203
0.000000
0.259378
0.000000
0.000000
0.000000
0.000000
0.039227
0.000000
0.000000
0.000000
0.000000
0.000000
0.000000
0.000000
0.000000
0.000000
0.000000
0.526700
0.000000
0.000000
0.000000
0.000000
0.324112
0.000000
0.000000
0.000000
0.000000
0.000000
0.000000
0.000000
0.000000
0.000000
0.000000
0.000000
0.000000
0.000000
0.000000
0.000000
0.000000
0.000000
1.832600
0.000000
0.000000
0.000000
0.899926
0.000000
0.000000
0.000000
0.000000
0.000000
0.000000
0.000000
0.000000
0.000000
0.000000
0.000000
0.000000
0.000000
0.000000
0.209246
0.000000
0.000000
0.000000
0.000000
0.000000
0.000000
0.000000
0.000000
0.000000
0.000000
0.000000
0.000000
0.000000
0.000000
0.000000
0.000000
0.000000
0.459854
0.000000
0.000000
0.000000
0.000000
0.000000
0.000000
0.000000
0.000000
0.000000
0.000000
0.000000
0.000000
0.000000
0.333564
0.000000
0.000000
0.158306
0.000000
0.000000
0.072201
0.000000
0.296041
0.000000
1.408511
0.000000
0.000000
0.000000
0.000000
0.401596
0.000000
0.000000
0.963584
1.427515
0.000000
1.868249
0.000000
0.000000
0.000000
0.000000
0.137717
1.906772
0.000000
0.000000
0.000000
0.000000
0.000000
0.000000
0.000000
0.000000
0.000000
0.808197
0.000000
0.000000
3.765135
3.427046
0.000000
0.000000
0.000000
0.000000
0.000000
0.000000
0.000000
0.698219
0.000000
0.000000
0.000000
0.000000
0.000000
0.000000
0.000000
0.000000
0.000000
0.000000
0.000000
0.000000
0.000000
0.000000
0.000000
1.276376
0.000000
0.000000
0.000000
0.000000
0.000000
0.552304
0.000000
0.715769
0.000000
0.000000
0.000000
0.000000
0.000000
0.000000
0.000000
0.000000
1.052158
1.571038
0.000000
0.590843
0.000000
0.000000
0.000000
2.242590
0.000000
0.000000
0.000000
0.390534
0.000000
0.000000
0.000000
0.000000
1.336121
0.000000
0.000000
0.000000
1.180538
0.000000
0.882744
0.000000
0.000000
0.000000
0.000000
0.190294
0.000000
0.000000
0.000000
0.000000
0.000000
0.000000
0.000000
0.000000
0.000000
2.077731
0.000000
0.000000
0.000000
0.000000
0.000000
0.000000
0.000000
0.000000
0.000000
0.000000
0.000000
0.005546
0.000000
1.645805
0.000000
0.000000
0.000000
0.304577
0.000000
0.000000
0.000000
0.000000
0.000000
0.000000
0.296807
0.000000
0.000000
0.000000
0.000000
1.272855
0.000000
0.000000
0.000000
0.000000
0.000000
0.000000
0.000000
0.000000
0.000000
0.000000
0.000000
0.000000
0.000000
0.000000
0.000000
0.092296
0.000000
0.000000
0.000000
0.000000
0.000000
0.000000
0.000000
0.000000
0.000000
1.496397
0.000000
0.000000
0.000000
0.000000
0.000000
0.000000
0.000000
0.000000
0.000000
0.000000
0.000000
0.000000
0.000000
0.000000
0.000000
0.000000
0.000000
0.000000
0.000000
0.000000
0.000000
0.000000
0.000000
0.000000
0.000000
0.000000
0.196778
1.326020
0.000000
0.000000
0.000000
0.000000
0.000000
0.000000
0.000000
0.000000
0.000000
0.000000
0.000000
0.000000
0.000000
0.000000
1.390341
2.043588
0.000000
0.000000
0.000000
0.000000
0.000000
0.000000
0.000000
0.000000
0.000000
0.000000
0.000000
0.000000
2.326392
0.640476
0.000000
1.626772
0.000000
0.000000
0.000000
0.418072
0.000000
1.038439
0.000000
0.000000
0.000000
0.000000
0.000000
0.000000
0.000000
0.000000
0.166676
0.000000
0.000000
0.000000
0.000000
0.000000
0.000000
0.000000
0.000000
0.000000
0.000000
0.000000
0.000000
0.000000
0.000000
2.309624
0.000000
0.000000
0.000000
0.000000
1.880743
0.000000
0.000000
0.000000
0.000000
0.000000
0.000000
0.000000
0.364141
0.000000
0.000000
0.000000
0.000000
0.000000
0.000000
0.000000
0.000000
0.845169
0.000000
0.000000
0.000000
0.000000
0.000000
0.000000
0.000000
0.000000
0.000000
0.000000
1.429703
1.377434
0.000000
0.000000
0.000000
0.000000
0.000000
0.000000
0.000000
0.000000
0.000000
0.000000
0.000000
1.019552
0.000000
0.000000
0.000000
0.566061
0.000000
0.000000
0.000000
0.000000
0.000000
0.000000
1.774592
0.000000
0.000000
0.000000
1.589493
1.437972
0.915726
1.975917
0.000000
0.000000
0.805883
1.170387
0.000000
0.000000
0.000000
0.000000
0.000000
0.000000
0.000000
0.000000
0.000000
0.000000
0.000000
0.780811
0.000000
0.000000
0.000000
1.283494
0.000000
0.000000
0.940567
0.000000
0.000000
0.000000
0.000000
0.860111
0.000000
0.000000
0.000000
0.186137
0.000000
0.326054
0.000000
0.000000
0.000000
0.000000
0.000000
0.000000
0.000000
0.000000
0.000000
0.000000
0.000000
0.139487
0.192994
0.000000
0.000000
0.000000
0.000000
0.000000
0.000000
0.000000
0.000000
0.000000
0.000000
1.448707
0.000000
0.000000
0.000000
0.686961
0.000000
0.000000
0.000000
0.000000
0.000000
0.000000
0.000000
1.623126
0.000000
0.000000
1.847008
0.000000
0.068563
0.230004
2.777663
0.000000
0.000000
0.000000
0.000000
0.000000
0.000000
0.000000
0.045328
0.593123
0.000000
0.000000
0.000000
1.015918
0.000000
0.000000
0.000000
0.000000
0.000000
0.000000
0.000000
1.153465
0.000000
0.000000
0.000000
0.000000
0.000000
0.000000
0.000000
0.000000
0.000000
0.000000
0.000000
0.000000
0.000000
0.000000
0.921337
0.000000
0.000000
0.574797
0.000000
0.000000
0.000000
0.000000
0.000000
0.000000
1.871308
0.000000
0.000000
0.000000
0.000000
0.000000
0.000000
0.000000
0.000000
0.350107
0.000000
0.000000
0.000000
0.969972
1.383358
0.000000
0.000000
0.000000
0.000000
0.000000
0.000000
0.000000
0.000000
0.000000
0.000000
0.000000
0.000000
0.000000
0.000000
0.000000
0.579759
0.000000
3.177788
0.000000
0.000000
0.000000
0.000000
0.000000
0.000000
0.000000
0.000000
0.000000
2.715738
0.000000
0.022633
0.000000
0.000000
0.000000
0.726592
0.000000
0.000000
0.000000
0.000000
0.000000
0.000000
0.000000
0.000000
0.000000
0.000000
0.000000
1.675448
0.000000
0.000000
0.175579
0.000000
0.000000
0.695410
0.000000
0.000000
0.000000
0.000000
0.000000
0.000000
0.000000
0.000000
0.000000
0.000000
0.000000
0.000000
0.000000
0.000000
0.000000
0.000000
0.000000
0.000000
0.000000
0.000000
0.000000
0.000000
0.000000
0.000000
0.000000
0.736556
0.000000
0.000000
0.000000
2.349071
0.000000
0.000000
0.000000
0.000000
0.000000
0.000000
0.000000
0.000000
0.000000
0.000000
0.000000
0.000000
0.000000
0.000000
0.000000
1.247199
0.000000
0.000000
0.000000
0.116866
0.000000
0.000000
0.000000
0.000000
0.000000
0.476585
0.668674
0.000000
0.000000
0.000000
0.000000
0.000000
3.456661
0.000000
0.000000
0.000000
0.684920
0.175608
0.563010
0.000000
0.000000
0.324335
0.183094
0.000000
0.000000
0.000000
0.000000
0.000000
0.000000
0.776059
0.000000
0.000000
0.000000
2.230197
0.000000
0.000000
0.000000
2.236692
0.000000
0.000000
2.959988
0.000000
0.000000
0.000000
0.000000
0.000000
0.000000
0.503778
0.849188
0.153068
0.000000
1.171670
0.000000
0.000000
0.000000
0.000000
0.112667
0.000000
0.000000
0.112231
0.000000
0.000000
0.000000
2.589637
0.000000
0.665216
1.395260
0.000000
0.000000
0.000000
1.591846
0.000000
0.000000
0.000000
0.000000
0.000000
0.000000
0.000000
0.000000
0.000000
0.000000
0.000000
0.000000
1.177649
0.000000
0.000000
0.000000
0.299724
0.000000
0.000000
0.000000
0.000000
0.000000
0.000000
0.000000
0.000000
0.000000
0.000000
0.000000
0.000000
0.000000
0.000000
0.000000
0.000000
0.000000
0.000000
0.000000
0.000000
0.000000
0.000000
0.000000
1.086828
0.000000
0.000000
0.000000
0.000000
0.000000
0.000000
0.000000
0.000000
0.000000
0.000000
0.000000
0.585238
0.677041
0.000000
0.000000
1.380488
2.103579
0.000000
0.000000
0.000000
0.000000
0.000000
1.963317
0.617387
0.932667
0.000000
0.000000
0.000000
0.000000
0.000000
3.116333
0.000000
0.000000
0.000000
0.000000
0.000000
0.511401
0.000000
0.000000
0.000000
0.000000
0.000000
0.000000
0.000000
0.000000
0.000000
0.000000
0.000000
0.000000
0.000000
0.000000
0.443706
0.000000
0.000000
0.000000
0.000000
0.000000
0.000000
0.555047
0.795829
0.000000
0.000000
0.000000
0.000000
0.144719
0.000000
0.225943
0.000000
0.000000
0.000000
0.000000
0.000000
0.000000
0.000000
0.000000
0.149363
0.000000
0.000000
0.000000
0.000000
0.608770
0.000000
0.000000
0.000000
0.000000
0.000000
0.000000
0.000000
0.000000
0.000000
0.000000
0.000000
1.316705
0.060681
3.456620
0.000000
0.000000
0.000000
0.000000
0.337088
0.000000
0.000000
0.000000
0.000000
0.283350
0.000000
0.000000
0.500105
0.000000
0.000000
0.000000
0.000000
0.000000
0.000000
0.000000
0.000000
0.351992
0.000000
0.000000
0.000000
0.000000
0.000000
0.000000
0.000000
0.000000
0.000000
1.647048
0.931004
0.000000
0.000000
0.000000
0.000000
0.151240
0.000000
0.000000
0.000000
0.000000
0.000000
0.000000
0.000000
0.000000
0.000000
0.000000
0.000000
0.382611
0.000000
0.000000
0.000000
0.306655
0.000000
0.000000
0.000000
0.000000
0.000000
0.000000
0.000000
0.000000
0.000000
0.000000
0.000000
0.000000
0.000000
0.000000
0.000000
0.000000
0.108942
0.000000
0.000000
2.001951
0.000000
0.000000
0.000000
0.000000
0.000000
0.000000
0.000000
0.000000
0.000000
0.058843
0.000000
0.000000
0.000000
0.000000
0.000000
0.000000
0.000000
0.000000
2.821369
2.329397
0.000000
0.000000
0.000000
0.000000
0.000000
0.000000
0.000000
0.000000
0.000000
0.000000
0.000000
0.000000
0.000000
0.000000
0.000000
0.000000
0.721720
0.000000
0.000000
0.000000
0.000000
0.000000
0.000000
0.000000
0.000000
0.000000
0.000000
0.000000
0.000000
0.000000
0.000000
0.000000
2.336944
0.000000
0.000000
0.000000
0.000000
0.000000
0.000000
0.000000
0.000000
0.000000
0.000000
0.000000
0.000000
0.000000
0.000000
0.000000
0.710405
0.000000
0.000000
0.000000
0.000000
0.000000
0.000000
0.000000
0.000000
0.050868
0.000000
0.000000
0.000000
0.000000
0.000000
0.000000
0.000000
0.000000
0.000000
0.000000
0.000000
0.000000
0.000000
0.000000
0.000000
0.000000
0.000000
0.000000
2.564553
0.000000
0.000000
1.186107
2.179432
0.000000
0.000000
0.000000
0.000000
0.742024
0.000000
0.218633
0.226404
0.000000
0.378615
0.000000
2.290263
0.000000
0.207878
0.000000
1.401897
0.410672
0.000000
0.000000
0.000000
0.000000
0.000000
0.000000
0.000000
0.217405
0.000000
0.052336
0.000000
0.000000
0.000000
0.000000
1.794591
0.000000
0.294578
0.000000
0.285148
0.000000
0.000000
0.000000
0.000000
0.000000
0.000000
0.280039
0.000000
0.000000
0.000000
0.000000
0.000000
0.000000
0.000000
1.639396
0.000000
0.000000
0.298134
0.000000
0.000000
0.000000
0.000000
0.000000
0.000000
0.000000
0.000000
0.000000
0.108053
0.000000
0.000000
0.000000
0.000000
0.000000
0.000000
0.000000
0.000000
0.270322
0.432937
0.000000
0.000000
0.000000
0.176088
0.000000
0.000000
0.000000
0.637113
0.000000
0.000000
0.000000
0.000000
0.000000
0.000000
0.000000
0.000000
0.000000
0.000000
0.000000
0.000000
0.461589
0.000000
0.000000
0.000000
0.532559
0.000000
0.106489
0.000000
0.000000
0.000000
0.000000
0.000000
0.000000
0.000000
0.000000
0.000000
0.000000
0.000000
0.000000
1.343086
0.000000
0.847164
0.000000
0.000000
0.000000
2.585649
0.000000
0.000000
0.000000
0.000000
0.000000
1.957932
0.799932
0.000000
0.000000
0.000000
0.000000
0.000000
0.000000
0.000000
0.000000
0.000000
2.929288
0.000000
0.000000
0.000000
0.000000
0.000000
0.000000
1.494432
0.000000
0.000000
1.055323
0.000000
0.000000
0.000000
0.000000
0.000000
0.000000
0.000000
1.431796
0.000000
0.000000
0.485060
0.000000
0.000000
0.000000
0.000000
0.000000
0.000000
1.020753
0.000000
0.000000
0.000000
0.000000
0.000000
0.000000
0.000000
1.164093
0.000000
0.396036
0.000000
0.000000
0.000000
0.000000
0.000000
0.000000
0.000000
0.000000
0.000000
0.000000
0.672650
0.000000
0.000000
0.000000
0.545678
0.000000
0.000000
0.435903
0.000000
0.000000
0.000000
0.000000
0.000000
0.000000
0.000000
0.000000
1.650382
0.000000
0.000000
0.000000
0.000000
0.000000
0.000000
0.000000
0.000000
0.000000
0.368228
0.000000
0.000000
0.000000
0.000000
0.000000
0.000000
0.000000
0.000000
0.000000
0.000000
0.000000
0.000000
0.000000
0.000000
1.073895
0.826650
0.000000
0.000000
0.000000
0.000000
1.693340
0.000000
0.000000
0.000000
0.000000
0.000000
0.000000
0.000000
3.121155
0.000000
0.038221
0.000000
0.000000
0.456870
0.000000
0.000000
0.000000
0.000000
0.055186
0.146577
0.000000
0.000000
0.516602
1.320338
0.000000
0.101306
0.000000
0.469893
0.000000
0.000000
0.377023
0.000000
0.000000
0.000000
0.000000
0.000000
0.000000
0.000000
0.000000
1.767382
0.000000
0.000000
0.000000
1.492809
0.000000
0.000000
0.000000
0.000000
0.000000
0.000000
0.000000
0.000000
0.000000
0.910001
0.000000
1.227776
0.000000
0.000000
0.000000
0.285056
0.000000
0.000000
0.000000
0.000000
0.324582
0.000000
0.000000
3.034298
0.000000
0.000000
0.000000
0.000000
0.000000
0.000000
0.000000
0.000000
0.000000
1.517266
0.000000
0.000000
0.000000
0.000000
0.359931
1.877689
0.000000
0.000000
0.000000
0.000000
0.000000
1.065380
0.000000
0.000000
0.000000
0.000000
1.213936
0.289240
0.000000
0.770302
1.494191
0.000000
0.000000
0.000000
0.000000
0.124533
0.000000
0.000000
0.401366
0.000000
0.000000
0.000000
0.000000
0.000000
0.473891
0.000000
0.000000
0.000000
0.000000
0.000000
0.000000
0.000000
0.000000
0.000000
0.000000
0.000000
0.000000
0.000000
0.000000
0.000000
0.190407
0.000000
0.859306
0.000000
0.000000
0.000000
0.868284
0.000000
0.000000
0.000000
0.000000
0.000000
0.000000
0.000000
0.000000
0.000000
0.000000
0.000000
0.000000
0.000000
0.963436
2.269991
0.000000
0.000000
0.000000
0.000000
0.000000
1.344763
1.242616
0.000000
1.061537
0.000000
0.832973
0.000000
1.865086
0.000000
0.000000
0.000000
0.000000
1.612815
0.000000
0.000000
0.000000
0.000000
0.000000
0.000000
0.000000
0.000000
0.000000
0.000000
0.000000
0.000000
0.000000
0.000000
0.000000
0.000000
0.000000
0.005156
0.000000
0.000000
1.292966
0.000000
0.148622
0.000000
0.000000
0.000000
0.484358
0.000000
1.794024
1.614114
0.000000
0.000000
0.181334
0.000000
1.098433
0.000000
0.000000
2.526255
0.000000
0.000000
0.000000
0.000000
0.000000
0.000000
0.000000
0.000000
0.000000
0.000000
0.000000
0.000000
0.000000
0.000000
0.000000
0.000000
0.186804
0.000000
0.000000
0.000000
0.969834
0.000000
0.000000
0.000000
0.000000
0.000000
0.000000
0.000000
0.000000
0.537750
0.000000
0.000000
1.461024
0.000000
0.000000
0.000000
0.000000
0.000000
0.000000
0.364951
0.000000
0.000000
2.989684
0.010025
0.000000
0.000000
0.000000
0.673458
0.388760
0.000000
0.000000
0.000000
0.000000
0.000000
0.000000
0.612186
0.000000
0.000000
0.000000
0.680766
1.945897
0.000000
0.386911
0.000000
1.392573
0.000000
0.000000
0.000000
0.000000
0.000000
1.265745
0.000000
0.000000
0.000000
0.000000
0.000000
0.000000
0.000000
0.000000
0.000000
0.000000
0.491309
0.000000
0.000000
0.944843
0.000000
0.000000
0.000000
0.000000
0.000000
0.000000
1.281606
0.007662
0.858347
0.000000
1.476774
0.000000
0.021689
0.000000
0.000000
0.000000
0.000000
0.000000
0.915183
0.144847
0.471119
0.000000
0.000000
0.000000
0.000000
0.000000
0.000000
0.000000
2.214790
0.000000
0.000000
0.000000
0.000000
0.000000
0.000000
1.200851
0.000000
0.000000
0.000000
0.000000
0.000000
0.000000
0.000000
0.679299
0.000000
0.000000
0.000000
1.947668
0.000000
0.000000
0.000000
0.000000
0.000000
0.000000
0.000000
0.000000
0.000000
4.199860
0.000000
1.436828
0.000000
0.000000
0.000000
0.000000
0.000000
0.000000
0.000000
0.000000
0.000000
0.000000
0.000000
3.183303
0.000000
0.000000
0.000000
0.000000
0.000000
0.000000
0.000000
0.000000
0.000000
0.000000
0.000000
0.000000
0.000000
0.000000
0.000000
0.346146
0.000000
1.404822
0.000000
0.000000
0.000000
0.000000
0.000000
1.010533
0.000000
0.000000
0.216465
0.000000
0.536950
0.000000
0.000000
1.191308
0.000000
0.000000
0.000000
0.000000
0.000000
0.484985
0.000000
0.000000
0.102138
0.000000
0.000000
0.000000
0.000000
0.000000
0.000000
0.000000
0.000000
0.000000
0.415438
0.000000
2.501843
0.000000
0.000000
1.205781
0.000000
0.000000
0.000000
0.039304
0.000000
0.000000
0.533905
0.000000
0.000000
0.000000
0.000000
0.000000
0.000000
0.000000
1.643304
0.000000
0.000000
0.000000
0.000000
0.000000
0.000000
0.622065
0.000000
0.000000
0.121353
0.000000
0.000000
0.000000
0.000000
0.000000
0.000000
0.000000
0.000000
0.676902
0.000000
0.000000
0.000000
0.000000
0.000000
0.000000
0.189717
0.000000
0.000000
0.000000
0.000000
0.000000
0.000000
0.000000
0.000000
0.000000
0.000000
0.000000
0.000000
0.000000
0.000000
0.000000
0.000000
0.000000
0.000000
0.000000
0.000000
0.000000
1.404409
0.000000
0.000000
0.000000
0.000000
0.000000
0.000000
0.000000
0.000000
0.000000
0.000000
0.000000
0.000000
0.340712
0.000000
0.665077
1.951893
0.000000
0.000000
0.000000
0.000000
0.000000
0.000000
0.000000
1.586614
0.000000
0.000000
0.751854
0.000000
0.000000
0.000000
0.000000
0.000000
0.000000
0.000000
0.000000
0.000000
0.000000
0.163967
0.322792
0.112232
0.000000
0.000000
0.000000
0.000000
0.000000
0.000000
0.000000
0.000000
0.000000
0.000000
0.000000
0.000000
0.000000
0.000000
0.000000
0.000000
0.419363
0.000000
0.000000
0.000000
0.000000
0.000000
0.702099
0.000000
0.000000
0.000000
1.534977
0.000000
0.000000
0.000000
0.000000
0.000000
0.000000
0.000000
0.000000
0.000000
0.000000
0.000000
0.000000
0.000000
0.000000
0.000000
0.000000
0.000000
0.000000
0.000000
0.000000
0.000000
1.558547
0.000000
0.000000
0.000000
0.000000
0.000000
0.000000
0.000000
0.000000
0.000000
0.000000
0.000000
0.575499
0.000000
0.000000
0.000000
2.768109
0.207319
0.000000
0.000000
0.000000
1.948846
0.000000
0.000000
0.000000
0.000000
0.000000
0.000000
1.928962
0.000000
0.000000
0.000000
0.000000
0.000000
0.116128
0.587044
0.000000
0.000000
0.000000
0.000000
0.000000
0.000000
0.000000
0.000000
0.874716
0.000000
0.000000
0.000000
0.000000
0.000000
0.002285
0.000000
0.000000
0.000000
0.000000
0.000000
0.000000
0.000000
0.000000
0.000000
0.000000
0.000000
0.000000
0.000000
0.000000
0.000000
0.000000
0.000000
0.000000
0.000000
0.000000
0.000000
0.000000
0.000000
0.000000
0.000000
0.000000
0.000000
0.000000
0.000000
0.000000
0.000000
0.000000
0.000000
0.000000
0.000000
0.000000
0.000000
0.000000
0.000000
0.000000
0.000000
0.000000
0.000000
0.000000
0.000000
0.075761
0.000000
2.451584
0.000000
0.000000
0.000000
0.000000
0.000000
1.812718
0.000000
0.000000
1.077883
0.169431
0.000000
0.000000
0.368817
0.000000
0.067182
0.000000
0.000000
0.000000
0.000000
0.106720
0.000000
0.000000
0.000000
0.000000
2.819401
1.006832
0.000000
0.000000
0.000000
0.000000
0.000000
0.000000
0.000000
0.000000
0.000000
0.000000
0.000000
0.000000
0.000000
0.000000
0.833220
0.000000
0.000000
0.000000
0.000000
0.000000
0.000000
0.000000
0.000000
1.001311
0.000000
1.248523
0.000000
0.000000
0.000000
0.000000
0.000000
0.000000
0.372947
0.000000
0.000000
0.000000
0.000000
1.100725
0.000000
0.022687
0.000000
1.588694
0.000000
0.000000
0.878492
0.000000
0.000000
0.000000
0.000000
0.000000
0.000000
0.860062
0.000000
0.000000
0.000000
0.000000
0.000000
0.000000
0.000000
0.000000
0.000000
0.000000
0.000000
0.000000
0.000000
0.000000
2.617883
1.951132
0.513547
0.000000
0.146793
0.000000
0.000000
0.000000
0.000000
0.000000
0.000000
0.000000
0.000000
0.000000
0.000000
0.000000
0.000000
0.000000
0.000000
0.000000
0.000000
0.000000
0.000000
0.000000
0.000000
0.000000
0.000000
0.248601
0.955082
0.000000
0.000000
0.000000
0.000000
0.000000
0.000000
0.000000
0.000000
0.000000
0.000000
0.000000
0.210879
0.000000
1.311080
0.000000
0.000000
0.631920
0.000000
0.000000
0.000000
0.000000
0.000000
0.000000
0.000000
0.000000
0.000000
0.323711
0.000000
0.000000
0.787496
0.000000
0.000000
0.000000
0.000000
0.000000
0.000000
0.000000
1.915537
0.283014
0.000000
0.000000
0.000000
0.000000
0.058320
3.319688
0.000000
0.000000
0.668202
0.000000
0.000000
0.000000
0.000000
0.934702
0.903318
0.000000
0.000000
0.000000
0.000000
0.000000
0.000000
0.000000
1.023412
0.210612
0.978716
0.407373
0.000000
0.205532
0.000000
0.000000
0.000000
0.000000
0.766441
0.000000
0.407851
0.000000
0.000000
0.300433
0.000000
0.000000
0.000000
0.000000
0.000000
1.305153
0.000000
2.613734
0.000000
0.000000
0.000000
0.000000
0.000000
0.498410
0.775434
0.000000
0.000000
0.000000
0.000000
0.000000
0.000000
0.000000
0.000000
0.000000
1.139270
0.000000
0.000000
0.000000
2.332652
0.000000
0.000000
0.000000
2.691449
0.000000
1.020557
0.000000
0.000000
0.000000
0.000000
0.700421
0.000000
0.000000
0.000000
0.150715
0.999804
0.000000
0.000000
0.000000
0.000000
0.000000
0.000000
0.436975
0.000000
0.000000
0.000000
0.544769
1.051716
0.263781
0.000000
0.000000
0.000000
0.000000
0.000000
2.140417
0.000000
0.000000
0.000000
0.000000
0.000000
0.000000
0.000000
0.000000
0.000000
0.000000
0.910176
0.000000
0.000000
0.000000
0.000000
0.000000
0.000000
0.000000
1.597280
0.000000
0.883930
0.000000
0.000000
0.000000
0.299935
0.000000
0.000000
0.000000
0.000000
0.000000
0.000000
0.000000
0.000000
0.000000
0.000000
0.000000
0.000000
1.634940
0.000000
0.000000
0.422285
0.000000
0.000000
0.000000
0.000000
2.181306
0.667386
0.578521
0.000000
0.000000
0.000000
0.000000
0.000000
0.000000
0.000000
0.000000
0.170105
0.000000
0.000000
0.000000
0.336077
0.000000
0.000000
0.000000
0.000000
0.000000
0.000000
0.000000
0.000000
0.000000
0.000000
0.764875
0.000000
0.000000
0.000000
1.151277
0.000000
0.000000
0.000000
0.000000
1.327106
0.000000
0.000000
0.000000
0.000000
0.000000
0.000000
0.000000
0.000000
0.000000
0.000000
0.000000
0.000000
0.000000
0.000000
0.000000
0.063359
0.000000
0.000000
0.000000
0.000000
0.000000
0.000000
0.000000
0.000000
0.026977
0.000000
0.000000
0.000000
0.000000
0.349662
0.000000
2.249598
0.000000
0.000000
0.000000
0.000000
0.000000
0.000000
0.789451
0.000000
0.000000
0.000000
0.469767
0.000000
0.000000
0.000000
0.000000
0.000000
0.700280
0.000000
0.000000
0.000000
0.000000
0.000000
0.000000
0.000000
0.000000
0.000000
0.000000
0.000000
0.000000
0.000000
0.234009
0.000000
0.786194
0.132634
0.000000
0.000000
0.000000
0.544388
0.000000
0.000000
0.328657
0.000000
0.295169
0.000000
0.000000
1.479868
0.000000
0.000000
0.327999
0.000000
0.000000
0.000000
0.000000
0.000000
0.000000
0.005353
0.000000
0.000000
0.000000
0.547483
0.000000
0.000000
0.000000
0.000000
0.000000
0.000000
0.000000
0.000000
0.000000
0.000000
0.000000
0.000000
0.000000
0.000000
0.000000
0.000000
0.000000
0.000000
0.000000
0.000000
0.000000
0.000000
0.000000
0.126952
0.000000
0.000000
0.000000
0.000000
0.000000
0.000000
0.000000
0.000000
0.000000
0.000000
0.000000
0.000000
0.000000
0.000000
0.000000
0.000000
0.000000
1.208032
0.000000
0.000000
0.000000
0.000000
0.000000
0.000000
0.000000
0.277655
0.000000
0.000000
0.000000
0.000000
0.000000
0.000000
0.000000
0.000000
0.000000
0.000000
0.000000
0.000000
1.815209
0.000000
0.000000
0.000000
0.000000
0.000000
0.000000
0.000000
0.000000
0.000000
1.206612
0.000000
0.000000
0.000000
0.107740
0.000000
0.000000
0.000000
0.000000
0.000000
0.321718
0.004690
0.000000
0.000000
0.000000
0.063829
0.164289
0.000000
2.783115
0.000000
0.000000
0.000000
0.000000
0.000000
0.000000
0.000000
0.000000
0.000000
0.000000
0.000000
0.000000
2.403180
0.000000
0.000000
0.000000
0.000000
0.000000
0.000000
0.000000
0.000000
0.000000
0.000000
0.000000
0.000000
0.000000
0.000000
0.000000
0.000000
0.000000
0.517786
0.000000
0.000000
0.027906
0.000000
1.091932
0.000000
0.000000
0.000000
0.000000
0.000000
1.870616
0.000000
0.000000
0.000000
0.000000
0.777369
0.000000
1.962338
0.000000
0.000000
0.000000
0.000000
0.000000
0.000000
0.000000
0.000000
0.000000
0.000000
0.175130
0.860410
0.000000
0.000000
0.000000
0.000000
0.000000
0.000000
0.000000
0.000000
0.000000
0.000000
0.000000
0.000000
0.000000
0.015712
0.000000
0.000000
0.000000
0.000000
0.000000
1.335251
3.516374
0.000000
0.000000
0.000000
0.000000
0.000000
0.000000
0.944400
0.000000
0.445575
0.000000
0.000000
1.445844
0.000000
0.000000
0.000000
0.000000
0.000000
0.000000
0.721247
0.000000
0.000000
0.000000
1.346227
0.000000
1.228657
0.000000
0.000000
0.000000
0.000000
0.000000
0.330680
0.000000
0.000000
0.000000
0.000000
0.000000
0.000000
0.452122
0.000000
0.000000
0.000000
0.000000
0.000000
0.000000
0.000000
0.000000
0.000000
0.000000
0.000000
0.000000
0.000000
0.000000
0.206897
0.000000
1.421586
0.000000
0.000000
0.000000
0.000000
0.000000
0.000000
0.767427
0.780066
0.000000
0.000000
0.000000
0.000000
0.000000
0.000000
0.000000
0.000000
0.000000
0.000000
0.000000
0.000000
0.072415
0.000000
0.000000
0.107753
0.000000
0.000000
0.573939
0.000000
0.000000
0.000000
0.876427
0.000000
0.000000
0.411271
0.000000
0.000000
0.000000
0.000000
0.000000
0.000000
0.000000
0.000000
0.000000
0.000000
0.000000
0.000000
0.000000
0.000000
0.159206
0.000000
0.000000
0.000000
0.888552
0.000000
0.000000
1.041479
0.000000
0.000000
0.000000
0.000000
0.000000
0.000000
0.000000
0.000000
0.000000
0.000000
0.000000
0.000000
0.000000
1.580626
0.000000
0.000000
0.000000
0.706379
0.000000
0.000000
2.868761
0.000000
0.000000
0.000000
0.000000
0.000000
0.000000
0.000000
0.000000
0.000000
0.000000
0.000000
0.000000
0.000000
0.000000
0.000000
0.385526
0.000000
0.000000
0.668542
0.000000
0.000000
0.927876
0.000000
0.000000
0.000000
0.000000
1.293491
1.462630
0.000000
0.000000
0.941335
0.000000
0.000000
0.000000
0.000000
0.000000
1.058362
0.017199
0.000000
0.000000
0.000000
0.000000
0.000000
0.000000
1.026137
0.000000
0.974986
0.000000
0.000000
0.000000
0.000000
0.000000
0.000000
0.000000
0.000000
0.387458
0.000000
0.000000
0.000000
0.000000
0.000000
0.000000
0.000000
0.000000
0.000000
0.000000
0.000000
0.000000
1.131270
0.000000
1.333577
0.000000
0.000000
0.299810
0.000000
0.000000
0.000000
0.000000
0.000000
0.000000
0.000000
0.000000
0.141865
0.000000
0.000000
0.000000
0.000000
0.000000
0.000000
0.000000
0.000000
0.114032
0.000000
0.000000
0.000000
0.000000
0.000000
0.000000
0.000000
0.000000
0.000000
0.000000
0.000000
1.438217
0.000000
0.000000
0.000000
0.000000
0.000000
0.000000
0.000000
0.000000
0.000000
0.250804
0.000000
3.828995
0.000000
0.000000
0.000000
0.000000
0.000000
0.000000
0.000000
0.776052
0.000000
0.000000
0.000000
0.000000
0.000000
0.000000
0.000000
0.000000
0.000000
0.000000
0.000000
0.000000
2.306700
0.384410
0.000000
0.000000
0.000000
0.000000
0.000000
0.000000
1.802462
0.000000
0.000000
0.000000
0.000000
0.000000
0.000000
0.000000
0.000000
0.000000
0.000000
0.000000
0.000000
0.000000
0.000000
0.000000
0.000000
0.000000
2.193193
0.000000
0.000000
0.000000
0.000000
0.000000
0.000000
0.122582
0.000000
0.991311
0.000000
0.072400
2.223587
0.000000
0.000000
0.000000
0.000000
0.000000
0.000000
0.000000
3.286198
0.000000
0.988059
0.551326
0.000000
0.000000
1.025983
0.000000
0.000000
0.000000
0.000000
2.682028
0.000000
0.000000
0.935699
0.000000
0.000000
0.000000
0.000000
0.000000
0.000000
0.000000
0.000000
0.000000
0.000000
0.000000
0.000000
0.000000
0.000000
0.000000
2.189583
0.000000
0.000000
0.000000
0.000000
0.781604
0.000000
0.000000
0.000000
0.000000
0.000000
0.000000
0.000000
0.000000
0.000000
0.457130
0.000000
0.000000
0.000000
0.000000
0.000000
0.793448
0.000000
0.000000
0.000000
0.000000
0.000000
0.000000
0.000000
0.000000
0.000000
0.000000
0.000000
0.000000
0.000000
0.000000
0.000000
0.000000
0.000000
0.000000
0.948431
0.000000
0.000000
1.081571
0.000000
0.000000
0.000000
0.000000
0.000000
0.000000
0.000000
0.000000
0.254160
0.000000
1.265629
0.000000
0.412013
0.000000
0.000000
0.000000
0.000000
0.000000
0.000000
0.000000
0.000000
0.000000
0.000000
0.000000
0.000000
0.000000
0.000000
0.000000
0.000000
0.000000
0.000000
0.389280
0.000000
0.139396
0.000000
0.000000
0.000000
0.000000
1.311026
0.000000
0.000000
0.000000
0.000000
0.000000
0.000000
0.000000
0.000000
0.000000
0.000000
0.000000
0.000000
0.000000
0.000000
0.000000
0.000000
0.000000
0.000000
0.000000
0.000000
0.000000
0.000000
0.000000
0.000000
0.299811
0.000000
0.000000
0.000000
0.000000
0.000000
0.000000
0.000000
0.000000
1.085419
0.000000
0.000000
0.000000
0.687617
0.000000
0.423581
0.000000
0.000000
0.000000
0.000000
0.000000
0.000000
0.000000
0.000000
0.000000
0.000000
0.000000
0.000000
0.000000
0.000000
0.000000
0.000000
0.000000
0.000000
0.000000
0.000000
0.000000
0.000000
0.000000
0.000000
0.000000
1.245157
0.000000
0.000000
0.984272
0.000000
0.000000
0.600215
0.000000
0.000000
0.043246
0.000000
0.000000
0.714207
0.000000
0.000000
1.040311
0.000000
1.676618
0.000000
0.000000
0.000000
0.000000
0.413836
0.199044
0.000000
0.000000
2.548576
0.000000
0.000000
0.002138
0.666567
0.000000
1.750391
0.000000
0.000000
0.000000
0.000000
1.709184
0.000000
0.000000
0.000000
2.025808
0.000000
1.311165
0.000000
0.000000
0.000000
0.000000
0.195074
0.000000
0.000000
0.000000
0.000000
0.000000
0.010697
0.000000
0.593838
0.000000
1.144867
0.000000
0.028628
0.000000
0.000000
0.000000
0.000000
0.000000
0.000000
0.000000
0.000000
0.000000
0.000000
0.000000
0.000000
0.000000
0.000000
0.000000
2.076517
0.000000
0.000000
0.000000
0.000000
0.000000
0.000000
0.000000
0.160450
0.000000
0.000000
0.000000
0.000000
0.000000
1.909971
0.000000
0.000000
0.000000
0.000000
1.189010
0.000000
0.000000
0.000000
0.000000
0.286283
0.000000
0.109846
0.000000
0.000000
0.000000
0.000000
0.000000
0.000000
0.000000
2.074289
0.000000
0.000000
0.000000
0.000000
0.000000
0.000000
0.870129
0.000000
0.000000
1.086941
0.000000
0.000000
0.000000
0.000000
0.000000
0.000000
0.000000
0.000000
0.000000
0.434762
0.000000
0.051268
0.000000
0.000000
1.889246
0.000000
1.311228
0.000000
0.000000
0.230933
0.000000
0.000000
0.000000
0.000000
0.000000
0.000000
0.092933
0.000000
0.000000
0.000000
0.000000
0.000000
0.000000
0.279036
0.000000
0.092459
0.000000
0.611208
0.832672
0.127754
0.000000
0.000000
0.000000
0.000000
0.000000
0.000000
0.000000
0.000000
0.000000
0.000000
0.000000
0.249417
0.000000
0.000000
0.000000
0.000000
0.000000
0.000000
0.000000
0.000000
0.943897
0.000000
0.000000
0.000000
0.575086
0.000000
0.000000
0.000000
2.376585
0.000000
0.000000
0.000000
0.000000
0.000000
0.000000
0.000000
0.000000
0.000000
0.000000
0.000000
0.000000
0.000000
1.468290
0.000000
0.000000
0.000000
0.000000
0.175245
0.580194
0.000000
0.000000
0.000000
3.002549
0.000000
4.152576
0.000000
0.000000
0.000000
0.000000
0.000000
0.000000
1.727046
0.000000
0.395454
0.000000
1.816215
0.000000
0.000000
0.000000
0.000000
0.000000
0.000000
0.526257
0.220425
0.000000
0.000000
0.000000
1.121630
0.000000
0.000000
0.000000
0.000000
0.000000
0.000000
0.000000
0.000000
0.000000
0.000000
0.000000
0.000000
0.000000
0.000000
0.000000
0.000000
0.000000
0.000000
0.000000
0.125469
0.000000
0.000000
0.000000
1.047889
1.234369
0.000000
0.000000
0.000000
0.000000
0.000000
2.313787
0.000000
0.000000
0.000000
1.228269
0.000000
0.000000
0.000000
0.000000
0.000000
0.000000
2.318348
0.000000
0.000000
0.000000
0.000000
0.000000
0.000000
0.000000
0.000000
0.000000
0.000000
0.000000
0.000000
0.000000
0.000000
0.000000
0.000000
0.000000
0.000000
0.000000
0.000000
0.000000
0.000000
0.092597
0.000000
0.000000
0.000000
0.000000
0.000000
2.739039
0.000000
0.000000
2.852408
0.000000
0.000000
0.000000
2.315763
0.000000
0.000000
0.000000
0.000000
1.847167
0.000000
0.000000
1.354619
0.000000
0.000000
0.000000
0.000000
0.000000
0.000000
0.000000
0.000000
0.792315
0.000000
0.000000
0.000000
0.000000
0.147460
0.000000
0.000000
1.376789
0.000000
0.000000
0.000000
0.000000
0.000000
0.000000
0.000000
0.000000
0.000000
0.000000
0.000000
0.000000
0.000000
0.000000
0.000000
0.000000
0.000000
0.000000
0.000000
0.000000
0.171108
2.411805
0.000000
0.000000
0.000000
0.353601
0.000000
0.000000
0.000000
0.098934
0.000000
0.000000
0.000000
0.390440
0.000000
0.000000
1.020436
0.000000
0.000000
0.000000
0.000000
0.000000
0.000000
1.429723
0.000000
0.000000
0.000000
0.000000
0.000000
0.265789
0.486665
0.000000
0.000000
0.000000
0.000000
0.000000
0.000000
0.457285
0.000000
0.000000
0.000000
0.000000
0.000000
0.000000
0.687996
0.000000
0.000000
0.000000
0.000000
0.042566
0.000000
0.000000
0.000000
0.000000
0.843612
0.427477
0.000000
0.000000
0.000000
0.000000
0.000000
0.000000
0.000000
0.000000
0.000000
0.000000
0.000000
0.000000
0.000000
0.000000
0.000000
1.702825
0.000000
0.125149
0.000000
0.000000
0.000000
0.000000
0.355177
0.194972
0.000000
0.866985
0.000000
0.000000
0.000000
0.984009
1.522264
0.000000
0.000000
0.644374
0.890824
0.000000
0.000000
0.000000
0.078976
0.000000
0.000000
0.000000
0.000000
0.000000
0.000000
0.000000
0.000000
0.000000
0.000000
0.141029
0.000000
0.000000
0.000000
0.000000
0.000000
0.000000
0.000000
0.688116
0.000000
0.668635
0.000000
0.763439
0.000000
0.000000
0.000000
0.000000
0.000000
0.000000
0.000000
0.000000
0.000000
0.000000
0.000000
0.000000
0.000000
0.000000
0.000000
0.000000
0.000000
0.000000
0.000000
0.000000
0.170465
0.000000
1.171437
0.000000
0.000000
0.000000
0.000000
0.494944
0.000000
3.074571
2.672866
0.603667
0.000000
0.000000
0.000000
0.000000
0.000000
0.000000
0.000000
0.000000
0.000000
0.000000
0.000000
0.000000
0.000000
0.000000
0.000000
0.917734
0.000000
0.000000
0.000000
0.000000
0.000000
0.000000
0.000000
0.000000
0.000000
0.000000
0.432244
0.000000
0.000000
0.000000
0.000000
0.000000
0.000000
0.000000
0.000000
0.000000
0.000000
0.000000
0.000000
0.000000
0.000000
0.000000
0.000000
0.956208
0.000000
0.000000
0.000000
0.000000
0.000000
0.000000
0.000000
0.000000
0.000000
0.000000
0.000000
0.000000
0.000000
0.000000
0.000000
0.000000
0.000000
0.000000
0.000000
0.000000
0.427690
0.000000
0.000000
1.195008
0.000000
0.000000
0.692838
0.663923
0.000000
0.000000
0.000000
0.000000
0.000000
0.000000
0.751309
0.000000
0.000000
0.000000
0.000000
0.000000
0.000000
0.000000
0.000000
0.000000
0.098283
0.000000
0.000000
0.000000
0.000000
0.000000
0.748543
0.000000
0.275565
0.000000
0.000000
0.000000
0.000000
0.000000
1.668221
0.000000
0.000000
0.000000
0.000000
0.000000
0.000000
0.000000
2.004194
0.000000
0.000000
0.000000
0.000000
1.685078
0.000000
0.000000
0.000000
0.000000
0.000000
0.000000
0.000000
0.000000
0.000000
0.000000
0.000000
0.000000
0.000000
0.000000
0.000000
0.000000
0.000000
1.284809
0.000000
0.405653
0.000000
0.000000
0.000000
0.000000
0.433364
0.000000
0.000000
1.330967
3.652520
0.000000
0.000000
0.000000
0.000000
0.000000
1.746959
0.000000
0.000000
0.000000
0.000000
0.000000
0.000000
0.000000
0.000000
0.166688
0.000000
0.000000
0.000000
0.000000
0.000000
0.000000
0.000000
0.000000
0.000000
2.999537
0.000000
0.000000
0.000000
0.000000
0.000000
0.000000
0.000000
0.000000
0.000000
0.000000
0.000000
0.000000
0.000000
0.000000
0.000000
0.000000
0.000000
0.000000
0.000000
0.000000
0.000000
0.223812
0.000000
0.466984
0.000000
0.000000
0.000000
0.000000
0.000000
0.986576
0.000000
0.000000
0.000000
0.000000
0.000000
0.417586
0.000000
0.000000
0.000000
0.000000
0.030140
0.019071
0.000000
2.836732
0.000000
0.000000
0.000000
0.000000
0.000000
0.000000
0.000000
0.000000
0.000000
0.000000
0.000000
0.000000
0.000000
0.000000
0.000000
0.000000
0.000000
0.000000
0.000000
0.000000
0.000000
0.000000
0.100810
0.003681
1.380924
0.000000
0.000000
0.000000
0.758499
0.242666
1.681578
0.000000
0.000000
0.000000
0.000000
0.000000
0.000000
0.000000
0.000000
1.565591
0.000000
0.000000
0.127725
0.000000
0.000000
0.000000
0.000000
1.274159
0.000000
0.000000
0.000000
0.000000
1.884596
0.000000
0.000000
0.000000
0.000000
0.000000
1.749322
0.000000
0.000000
0.000000
0.027056
0.000000
0.000000
0.487842
0.000000
0.000000
0.000000
0.000000
0.000000
0.000000
0.000000
0.000000
0.000000
1.205239
0.000000
0.449713
0.000000
0.000000
3.210782
0.000000
0.000000
0.630022
0.000000
0.000000
0.000000
0.000000
0.000000
0.000000
0.000000
0.000000
0.000000
0.000000
0.000000
0.000000
0.000000
0.267663
0.000000
0.000000
0.000000
0.000000
0.000000
0.000000
0.000000
0.267989
0.000000
0.000000
0.000000
0.000000
0.000000
0.000000
0.000000
0.000000
1.374678
0.000000
0.000000
0.000000
0.000000
0.000000
0.000000
0.989421
0.667101
0.000000
0.000000
0.000000
1.901059
0.000000
0.871505
0.000000
0.000000
0.000000
0.592058
0.086623
1.242317
2.318325
0.000000
0.000000
0.000000
0.000000
0.000000
0.000000
0.000000
0.656534
0.000000
0.000000
0.000000
0.000000
3.186771
0.000000
0.000000
0.000000
0.000000
1.115223
0.000000
0.000000
0.000000
0.000000
0.000000
0.000000
0.000000
0.000000
0.000000
0.246989
0.150426
0.226158
0.000000
0.000000
0.000000
0.000000
0.000000
0.000000
0.000000
0.506045
0.784730
0.000000
0.000000
0.000000
0.000000
0.000000
0.000000
0.000000
0.000000
0.000000
1.119358
0.000000
0.000000
0.000000
0.000000
0.000000
1.673533
0.000000
1.046440
0.000000
