0.000000
0.000000
0.000000
0.000000
0.000000
0.000000
0.000000
0.000000
0.000000
0.000000
0.000000
0.000000
1.020148
0.000000
0.000000
0.287533
0.000000
0.590974
0.000000
1.831578
0.000000
0.000000
0.000000
0.413884
0.000000
0.045205
0.000000
0.000000
0.000000
0.000000
0.000000
0.000000
0.000000
0.000000
0.000000
0.000000
0.000000
0.587156
0.000000
0.091288
0.000000
1.110027
0.000000
0.000000
0.000000
0.000000
0.000000
0.000000
0.000000
0.174766
0.000000
0.000000
0.000000
0.000000
0.000000
0.000000
0.000000
0.000000
0.481019
0.522851
2.019132
0.046966
0.000000
0.000000
1.811732
0.000000
0.000000
0.000000
0.000000
0.000000
0.000000
0.000000
1.338057
0.269768
0.000000
0.000000
0.000000
0.531452
0.000000
0.000000
0.000000
0.000000
0.000000
0.000000
0.000000
0.041051
0.000000
0.000000
0.000000
0.000000
0.000000
0.000000
0.000000
0.000000
0.000000
0.000000
0.000000
0.000000
0.000000
0.000000
0.992419
0.000000
0.000000
0.000000
0.000000
0.000000
0.000000
0.000000
0.015897
0.000000
0.000000
0.000000
0.000000
0.000000
0.000000
0.000000
0.000000
0.000000
0.610415
0.000000
0.000000
0.000000
0.000000
1.965672
0.000000
0.372171
0.883184
0.000000
0.000000
0.000000
0.000000
0.000000
1.303591
0.000000
0.518967
0.000000
0.000000
0.000000
0.000000
0.000000
0.000000
0.000000
0.000000
0.000000
0.000000
0.000000
0.000000
0.000000
0.000000
0.000000
0.000000
1.124068
0.000000
0.000000
1.269919
1.008601
0.650181
0.000000
0.000000
0.000000
0.000000
0.000000
0.000000
0.000000
0.000000
1.452482
0.000000
0.000000
0.000000
0.000000
0.155005
0.000000
0.000000
0.825197
0.000000
0.000000
0.000000
0.132664
0.000000
0.000000
0.000000
0.000000
0.000000
0.000000
0.000000
0.000000
0.000000
0.000000
0.000000
0.000000
0.000000
0.000000
0.000000
0.000000
0.000000
0.000000
0.000000
0.000000
0.000000
0.000000
0.000000
0.339286
0.000000
0.000000
0.000000
0.000000
0.000000
0.000000
0.000000
0.000000
0.244423
0.000000
0.057783
0.000000
0.000000
0.000000
0.000000
0.000000
0.000000
0.000000
0.000000
0.000000
0.000000
0.000000
0.120092
0.000000
0.000000
0.000000
0.000000
0.000000
0.000000
0.000000
0.464462
0.000000
0.340068
0.000000
0.000000
0.000000
0.000000
0.919994
0.000000
0.000000
0.000000
0.098475
0.107049
2.062129
0.000000
0.000000
0.000000
0.000000
0.000000
0.000000
0.000000
2.261679
0.000000
0.000000
0.000000
0.000000
0.000000
0.000000
0.000000
0.000000
0.000000
0.000000
0.819816
2.432095
0.000000
0.000000
0.000000
0.000000
0.000000
0.000000
0.000000
0.000000
0.000000
0.000000
0.000000
0.000000
0.000000
0.000000
0.828075
0.000000
0.000000
0.000000
0.000000
0.000000
0.000000
0.000000
0.591138
1.619159
0.000000
0.000000
0.097772
0.000000
0.000000
1.744561
0.000000
0.000000
0.000000
0.000000
0.000000
0.000000
0.000000
0.000000
0.000000
0.000000
1.108265
0.126535
0.000000
2.178459
1.486610
0.667978
0.028085
0.000000
0.000000
0.000000
0.000000
0.914519
0.000000
0.000000
0.000000
0.000000
0.000000
0.000000
0.000000
0.000000
1.972851
0.000000
0.000000
0.000000
0.000000
0.000000
0.000000
0.808110
0.000000
0.000000
0.000000
0.000000
0.000000
0.000000
0.000000
0.000000
0.000000
2.298650
0.000000
0.000000
0.127176
0.000000
0.000000
0.000000
0.000000
0.000000
0.000000
0.000000
0.000000
0.688903
0.000000
0.000000
1.666702
0.000000
0.000000
0.003621
0.000000
0.000000
0.000000
0.000000
0.000000
0.000000
0.000000
0.000000
0.000000
0.000000
0.000000
0.650699
0.000000
0.000000
0.763114
0.000000
0.000000
0.000000
0.000000
0.000000
0.000000
0.069426
0.284191
0.746866
0.000000
0.000000
1.415116
0.000000
0.000000
0.000000
0.000000
0.089631
0.000000
0.000000
0.000000
0.000000
1.017727
1.714106
0.000000
0.000000
0.000000
0.030440
0.654740
0.000000
0.000000
0.000000
0.000000
0.537199
1.077895
0.000000
0.000000
0.000000
0.000000
0.000000
0.000000
0.000000
0.000000
0.000000
0.000000
0.505867
0.000000
0.000000
0.000000
0.000000
0.000000
0.000000
0.000000
0.000000
0.000000
0.000000
0.000000
0.172359
0.000000
0.000000
0.000000
0.000000
0.000000
0.000000
0.000000
0.000000
0.000000
1.941206
0.000000
0.000000
0.000000
0.000000
0.000000
0.000000
0.000000
0.000000
0.564641
0.000000
0.000000
0.000000
1.048271
0.434314
0.000000
0.968933
0.787017
0.000000
0.021266
0.000000
0.000000
0.000000
0.000000
0.000000
2.262043
0.032485
0.000000
0.000000
0.000000
0.000000
0.000000
0.000000
0.000000
0.213039
0.000000
0.000000
0.000000
0.000000
0.000000
0.000000
0.000000
0.000000
2.272804
0.000000
0.000000
1.844819
0.000000
0.000000
0.000000
0.000000
1.301077
0.000000
0.000000
0.000000
0.000000
0.000000
0.000000
0.000000
0.418645
0.652641
0.000000
0.000000
0.000000
0.000000
0.000000
0.000000
0.000000
2.587497
0.068427
0.000000
0.000000
0.257794
0.000000
0.000000
0.000000
0.000000
1.500378
0.000000
0.603231
2.190612
0.000000
0.000000
0.000000
0.000000
0.000000
0.000000
0.000000
0.000000
0.000000
0.000000
0.000000
0.000000
0.000000
0.000000
0.318270
0.321864
0.000000
0.000000
0.000000
0.356595
0.000000
0.669227
0.313514
0.000000
0.000000
0.000000
2.190060
2.057319
0.000000
0.399937
0.000000
0.000000
1.879336
0.000000
0.000000
0.000000
0.000000
0.436592
0.000000
0.000000
0.000000
0.000000
0.000000
0.376827
0.467953
2.969034
0.000000
0.000000
0.000000
0.422715
0.000000
0.000000
1.235432
0.000000
0.000000
0.000000
0.000000
0.000000
0.003198
0.566063
0.000000
0.000000
0.000000
0.680981
0.000000
0.000000
0.000000
0.000000
0.227022
0.000000
0.000000
0.000000
0.000000
0.000000
1.091758
0.000000
0.000000
0.000000
0.000000
0.000000
0.000000
0.000000
0.000000
1.040180
0.000000
0.000000
0.000000
1.372303
0.000000
0.514781
0.000000
0.299898
0.177166
0.000000
0.000000
0.000000
0.273384
0.000000
0.934060
1.493447
0.000000
0.000000
1.727809
0.000000
1.493173
0.176206
2.177945
0.000000
0.000000
0.874045
0.000000
0.000000
0.000000
0.000000
0.565274
0.000000
0.000000
0.435213
0.000000
0.000000
0.000000
0.000000
0.000000
0.000000
0.000000
1.005664
0.000000
0.000000
1.783774
0.000000
0.000000
0.000000
0.000000
0.000000
0.000000
0.000000
0.373388
0.000000
0.000000
0.000000
0.000000
0.000000
3.030784
0.000000
0.000000
1.394480
0.000000
0.000000
0.245013
0.000000
0.000000
0.000000
0.121674
0.000000
0.000000
0.000000
0.000000
0.000000
0.000000
0.060914
0.000000
0.000000
0.000000
0.000000
0.370827
1.063671
1.071155
0.167329
0.000000
0.000000
0.000000
0.000000
0.000000
0.000000
0.000000
0.000000
0.000000
0.000000
0.000000
0.245572
0.000000
0.000000
0.000000
0.000000
0.657352
0.000000
0.000000
1.541548
0.000000
0.000000
0.000000
0.000000
0.000000
0.000000
1.037326
0.000000
1.157538
0.000000
0.000000
0.000000
1.510251
0.000000
0.000000
0.000000
0.000000
0.000000
0.000000
0.000000
0.000000
0.000000
0.000000
0.000000
2.809853
0.000000
0.000000
0.000000
0.000000
0.000000
1.961414
0.000000
0.000000
0.000000
0.000000
0.000000
0.000000
0.000000
0.000000
0.000000
0.091781
0.000000
0.000000
0.000000
0.000000
0.000000
0.000000
0.000000
0.000000
0.000000
0.000000
0.000000
0.000000
0.000000
0.000000
0.000000
2.532005
0.169191
0.000000
1.577279
3.753513
0.000000
0.000000
0.000000
0.000000
0.000000
0.000000
0.000000
0.000000
0.000000
0.000000
0.000000
0.000000
0.000000
0.068126
0.000000
1.250810
0.000000
0.000000
0.000000
0.000000
0.000000
0.000000
0.000000
0.000000
0.000000
0.000000
0.000000
0.000000
0.000000
0.000000
0.000000
0.117070
2.692267
0.000000
0.000000
0.000000
0.000000
0.880550
0.000000
0.000000
0.000000
0.926113
0.028233
0.000000
0.000000
0.000000
1.282811
0.000000
0.000000
0.000000
0.000000
0.000000
0.000000
0.000000
0.000000
0.000000
0.000000
0.703375
0.000000
0.000000
1.542826
0.000000
0.000000
0.000000
0.000000
0.000000
0.000000
0.000000
0.316106
0.000000
0.000000
1.532286
0.000000
0.000000
0.000000
0.000000
1.462703
0.000000
0.000000
0.000000
0.274506
0.000000
0.000000
3.052354
0.213983
0.000000
2.523889
0.000000
0.000000
0.000000
0.000000
0.000000
0.000000
0.000000
0.135432
0.000000
0.000000
0.000000
0.000000
0.000000
0.000000
0.000000
0.000000
1.604368
0.000000
0.000000
0.000000
0.000000
0.000000
0.000000
0.000000
0.000000
0.000000
0.930159
0.536749
0.000000
0.000000
0.000000
0.000000
0.000000
0.000000
0.000000
0.000000
0.000000
0.000000
0.000000
0.000000
0.717962
0.000000
0.000000
0.000000
1.215961
0.000000
0.000000
0.000000
0.000000
0.000000
0.000000
0.000000
0.000000
0.000000
0.000000
0.000000
1.825620
0.153668
0.000000
0.000000
0.128585
3.217092
0.000000
0.000000
0.000000
0.000000
0.000000
1.113920
0.000000
0.000000
0.000000
0.000000
0.000000
0.000000
0.000000
1.611652
0.000000
0.000000
0.000000
0.000000
0.000000
0.000000
0.000000
0.000000
0.000000
0.243552
0.000000
0.000000
0.000000
0.000000
0.000000
0.000000
0.094471
0.000000
0.000000
0.000000
0.000000
0.000000
0.000000
0.000000
0.000000
0.000000
0.000000
0.442883
1.943674
0.355119
0.000000
0.000000
0.467583
0.666306
0.000000
0.000000
0.000000
0.482017
0.000000
0.000000
0.000000
0.000000
0.136468
0.000000
0.039839
0.000000
0.000000
0.000000
0.000000
0.000000
0.000000
0.000000
0.000000
0.000000
0.000000
0.000000
0.000000
0.000000
0.000000
0.000000
0.000000
2.162671
0.795856
2.368423
0.000000
0.611976
0.000000
0.000000
0.000000
0.700673
0.153818
0.000000
0.000000
0.000000
0.000000
0.000000
0.860782
0.000000
0.063337
0.000000
0.000000
0.000000
0.000000
0.000000
0.000000
2.664601
0.000000
0.000000
0.000000
0.000000
0.000000
0.000000
0.000000
0.000000
0.000000
1.430532
0.118460
0.000000
0.000000
1.636569
0.000000
0.447723
0.000000
0.000000
0.000000
0.000000
0.000000
0.000000
0.501737
0.000000
0.000000
0.000000
0.000000
0.000000
0.000000
0.000000
0.000000
0.364608
0.000000
0.000000
0.000000
0.000000
0.000000
0.000000
0.000000
0.082042
0.000000
0.000000
0.000000
0.287120
0.000000
0.000000
0.000000
0.000000
0.000000
0.000000
0.000000
0.441119
0.000000
0.000000
0.000000
0.000000
0.000000
0.000000
0.000000
0.000000
0.000000
0.000000
0.000000
0.000000
0.000000
0.000000
0.000000
0.000000
0.000000
0.000000
0.381390
0.000000
0.000000
0.000000
0.000000
0.000000
0.000000
0.000000
0.000000
0.000000
0.000000
0.000000
0.000000
0.000000
0.000000
0.000000
0.000000
0.000000
1.888320
0.000000
0.000000
0.000000
0.000000
0.000000
0.000000
0.000000
0.000000
0.000000
0.000000
0.000000
0.000000
0.000000
0.000000
0.000000
2.210169
0.000000
0.000000
0.000000
0.336122
0.000000
0.000000
0.000000
0.000000
0.000000
0.268860
0.000000
2.002962
0.000000
0.000000
0.000000
0.000000
0.000000
0.000000
0.000000
0.000000
0.000000
0.000000
0.000000
0.000000
0.111511
0.717972
0.000000
0.320872
0.000000
0.000000
0.000000
0.000000
0.000000
0.883494
0.510892
0.000000
0.000000
0.000000
0.000000
0.424873
0.000000
0.118337
0.000000
1.339670
0.000000
0.000000
0.000000
1.058622
0.000000
0.000000
0.000000
0.957533
0.000000
0.000000
0.000000
0.000000
0.000000
0.000000
0.162277
0.205560
1.075200
1.118468
0.000000
0.790697
0.000000
0.000000
0.000000
0.000000
0.000000
0.000000
0.000000
0.000000
0.000000
0.000000
0.106530
0.000000
0.000000
0.082116
0.000000
0.523097
0.000000
0.892313
0.000000
0.000000
0.000000
0.000000
0.000000
0.000000
0.000000
0.000000
1.258980
0.000000
0.000000
0.000000
0.000000
0.000000
0.169418
0.000000
1.361803
0.000000
0.000000
1.115690
0.000000
0.000000
0.000000
0.000000
0.000000
0.000000
0.000000
1.047749
0.000000
0.000000
0.000000
0.000000
0.000000
0.000000
0.000000
1.740765
0.000000
0.370878
0.637777
0.000000
0.248370
0.000000
0.000000
0.044724
0.000000
0.037186
0.000000
1.479493
0.000000
0.000000
0.000000
0.000000
0.000000
0.000000
0.000000
0.000000
0.000000
0.305717
0.000000
0.000000
0.647749
0.000000
0.000000
0.166527
0.000000
0.000000
0.264132
0.000000
0.000000
0.000000
0.277702
0.000000
0.000000
0.203567
0.000000
0.000000
0.000000
0.000000
0.000000
0.549583
0.000000
0.000000
0.000000
0.000000
0.000000
1.858078
0.000000
0.000000
0.739564
0.000000
0.000000
1.375361
2.265940
0.000000
0.000000
0.000000
0.000000
0.000000
0.000000
0.000000
0.000000
0.000000
2.920244
0.000000
0.000000
0.000000
0.000000
0.000000
0.000000
0.000000
0.000000
1.148240
1.924172
0.000000
0.000000
0.000000
0.000000
0.000000
0.000000
0.000000
0.000000
0.000000
0.000000
0.354228
0.000000
0.000000
0.000000
0.000000
0.000000
0.000000
3.136470
0.000000
0.000000
0.000000
0.000000
0.000000
0.000000
0.000000
1.422119
0.000000
1.311457
0.000000
0.000000
0.000000
0.000000
0.000000
0.000000
0.281830
0.000000
0.000000
0.000000
1.194930
0.000000
0.000000
0.000000
0.000000
0.000000
0.000000
1.537093
1.454154
0.000000
0.077879
1.441967
0.000000
0.000000
0.000000
0.000000
0.450880
0.000000
0.000000
0.000000
0.000000
0.000000
0.000000
0.300562
0.000000
0.000000
0.435165
0.000000
0.000000
0.000000
0.000000
0.000000
0.000000
0.000000
0.000000
0.000000
0.000000
0.151656
0.513563
0.000000
0.000000
1.731917
0.581336
0.000000
0.000000
0.000000
0.000000
2.661798
0.000000
0.000000
0.000000
0.000000
0.007655
0.000000
0.195071
0.000000
0.000000
0.075128
0.000000
0.000000
0.498045
0.000000
1.127558
0.000000
0.000000
0.000000
1.016440
0.000000
0.000000
0.000000
0.000000
0.810389
0.000000
0.000000
0.000000
0.000000
0.000000
0.000000
0.000000
0.000000
0.000000
0.000000
0.000000
0.000000
0.000000
0.000000
0.897505
0.000000
0.000000
0.216293
2.144833
0.000000
0.000000
0.000000
0.000000
0.000000
0.000000
0.000000
0.000000
0.000000
0.275675
0.000000
2.459884
0.000000
1.498686
0.000000
0.000000
0.000000
0.000000
0.000000
0.000000
0.000000
0.000000
0.000000
3.792009
0.000000
0.000000
0.000000
0.000000
0.000000
0.000000
0.000000
0.000000
0.694279
2.440825
0.705422
0.000000
0.000000
0.000000
0.000000
0.000000
0.000000
0.000000
0.000000
0.000000
0.000000
0.033471
0.000000
0.000000
0.000000
0.000000
0.000000
0.747799
0.000000
0.000000
0.031061
0.000000
0.000000
0.000000
0.000000
0.000000
0.000000
0.000000
0.000000
0.000000
0.000000
0.000000
0.549018
0.000000
0.000000
0.000000
0.000000
0.000000
0.000000
0.000000
0.000000
0.000000
0.000000
0.000000
0.000000
0.000000
0.000000
0.000000
0.510883
0.000000
0.341390
0.000000
0.000000
0.000000
0.000000
0.000000
0.478299
0.000000
0.000000
0.000000
0.000000
0.000000
0.000000
0.000000
0.000000
0.000000
0.000000
0.000000
0.000000
1.672317
1.664855
1.335336
0.000000
0.000000
0.000000
0.000000
0.000000
0.000000
1.997258
0.000000
0.000000
0.000000
1.025390
0.000000
1.097987
0.000000
0.000000
0.000000
0.000000
0.000000
0.000000
0.000000
0.000000
0.000000
0.000000
0.000000
0.000000
0.000000
0.000000
0.000000
0.000000
0.000000
0.000000
0.000000
0.000000
0.000000
0.000000
0.000000
0.000000
0.000000
0.000000
0.000000
0.150523
0.000000
0.000000
0.000000
0.000000
0.000000
1.798942
2.056135
0.000000
0.000000
0.000000
0.000000
0.000000
0.000000
0.000000
0.720689
0.000000
0.074705
0.000000
0.000000
0.000000
0.000000
0.000000
0.000000
0.000000
0.000000
0.000000
0.000000
0.000000
0.000000
1.097204
0.153184
0.412400
0.000000
0.103164
0.000000
0.000000
0.000000
0.000000
0.000000
0.000000
0.000000
2.210569
0.000000
0.000000
0.000000
0.000000
0.000000
0.833362
0.000000
0.000000
0.000000
0.000000
0.000000
0.000000
0.000000
0.000000
0.000000
1.461334
0.000000
0.000000
0.000000
0.000000
0.308252
0.000000
0.000000
0.000000
0.000000
0.000000
1.222954
0.000000
0.000000
0.000000
0.000000
0.000000
0.444676
0.302732
0.000000
0.000000
0.105678
2.401893
0.000000
0.000000
0.000000
0.000000
0.742823
0.766533
0.000000
0.000000
0.000000
0.000000
0.000000
0.000000
0.000000
0.000000
0.000000
0.716080
0.739107
0.826199
0.000000
0.812536
0.000000
0.000000
0.000000
0.000000
0.000000
0.000000
0.538782
2.173448
0.000000
0.000000
1.465767
0.000000
0.000000
0.000000
0.000000
0.000000
0.000000
0.000000
1.649101
1.622463
0.092850
0.000000
0.000000
0.000000
0.235447
0.000000
0.000000
0.000000
1.890164
0.000000
0.121897
0.000000
0.000000
0.000000
0.000000
0.000000
0.000000
0.750765
0.000000
0.000000
0.000000
0.000000
0.000000
1.319906
0.000000
0.000000
0.487123
2.572345
0.000000
0.000000
0.000000
0.000000
0.000000
0.000000
2.208518
0.000000
0.000000
2.329743
0.000000
0.000000
0.000000
0.000000
0.000000
0.000000
0.000000
1.187983
0.000000
0.000000
0.000000
0.000000
0.000000
0.788821
0.000000
0.000000
0.000000
0.000000
0.903124
0.000000
0.000000
0.000000
0.000000
0.000000
0.000000
1.958249
0.000000
0.000000
2.526888
0.000000
0.000000
1.038398
0.000000
0.182929
0.000000
0.000000
0.057064
0.000000
0.000000
0.000000
0.813041
0.000000
0.121149
0.000000
0.000000
0.000000
0.000000
0.000000
0.000000
0.000000
0.000000
0.216870
0.404128
0.000000
1.428180
0.000000
0.000000
0.000000
0.000000
0.000000
0.000000
0.000000
0.000000
0.207251
0.000000
0.000000
1.322355
0.000000
0.000000
1.720813
0.000000
0.227657
0.000000
0.000000
0.000000
0.000000
0.528328
0.000000
1.408757
0.452822
0.000000
0.190246
1.735476
0.173663
2.184420
0.000000
0.000000
0.005653
0.000000
0.000000
0.000000
0.090226
0.263639
0.000000
2.157817
0.000000
0.000000
0.000000
1.053264
0.495939
0.000000
0.000000
0.000000
0.494090
0.000000
0.000000
0.000000
0.000000
0.000000
0.000000
0.000000
0.000000
0.000000
0.000000
0.000000
0.000000
0.000000
0.000000
0.000000
0.000000
0.000000
0.000000
0.000000
0.000000
0.000000
1.468035
0.000000
0.000000
0.000000
0.000000
1.406533
0.000000
0.000000
0.208566
0.000000
0.747668
0.370884
0.000000
0.000000
0.000000
0.000000
0.000000
0.000000
0.000000
0.000000
0.208101
0.000000
0.351514
0.120266
0.193066
0.000000
0.000000
0.000000
0.000000
0.000000
0.000000
1.430719
0.000000
1.324481
0.000000
0.000000
0.000000
0.000000
0.000000
0.000000
0.000000
0.000000
0.679034
0.000000
0.000000
1.427405
0.000000
0.266590
0.000000
0.000000
0.000000
0.000000
1.006683
0.000000
0.000000
0.000000
0.000000
0.000000
0.000000
0.000000
0.000000
0.000000
0.000000
0.000000
1.820323
0.000000
0.000000
0.000000
0.000000
0.000000
0.000000
0.000000
0.282922
0.000000
0.000000
0.000000
0.000000
0.000000
0.000000
0.011573
0.000000
0.000000
0.000000
0.000000
0.000000
0.000000
0.000000
0.000000
0.000000
0.000000
0.562202
0.000000
0.000000
0.000000
0.000000
0.000000
1.061636
0.000000
0.000000
0.000000
0.000000
0.000000
0.000000
0.000000
0.000000
0.000000
0.000000
0.000000
0.309699
0.000000
0.453246
0.000000
1.753957
1.500072
0.000000
0.000000
0.337704
1.121894
0.000000
0.000000
0.000000
0.000000
0.000000
0.000000
1.471086
0.000000
0.000000
0.000000
0.000000
0.000000
0.537867
2.938113
0.815825
0.000000
0.000000
0.000000
0.000000
0.000000
0.000000
0.000000
0.079837
0.000000
0.000000
0.000000
0.000000
0.000000
0.000000
0.000000
0.000000
0.000000
0.000000
0.000000
0.000000
0.000000
0.000000
0.000000
0.000000
0.000000
0.000000
0.000000
0.000000
0.000000
0.000000
0.000000
0.728397
0.151725
0.000000
0.000000
0.000000
1.029107
0.000000
0.000000
0.000000
0.000000
0.000000
0.000000
0.000000
0.000000
0.000000
0.000000
0.000000
0.000000
0.000000
0.180193
0.000000
0.000000
0.000000
0.000000
0.000000
0.000000
0.000000
0.000000
0.250740
0.885128
0.907839
0.000000
0.000000
0.000000
0.000000
0.000000
1.766318
0.000000
0.000000
2.418751
0.246968
0.000000
0.000000
0.670409
0.000000
0.075553
0.000000
0.000000
0.000000
0.000000
0.000000
0.000000
0.000000
0.978031
0.000000
2.439414
1.727118
0.000000
0.000000
0.000000
0.000000
0.000000
0.000000
0.000000
0.000000
0.000000
0.000000
0.000000
0.000000
0.000000
0.000000
0.000000
0.000000
0.000000
0.000000
0.000000
0.000000
0.000000
0.000000
0.000000
0.000000
0.000000
0.202044
0.000000
0.000000
0.000000
0.000000
0.000000
0.000000
0.000000
0.000000
0.000000
0.000000
0.000000
1.264728
0.000000
0.000000
0.000000
0.000000
0.000000
0.000000
1.507378
0.000000
0.000000
0.000000
0.000000
0.000000
0.000000
0.000000
0.000000
0.000000
0.244232
0.000000
0.000000
0.000000
0.000000
0.000000
0.000000
1.174008
0.436266
0.000000
0.000000
0.000000
3.333283
3.477164
0.000000
0.000000
0.000000
0.000000
0.000000
0.000000
0.000000
0.000000
0.000000
0.000000
0.000000
0.000000
0.000000
0.000000
0.000000
0.178050
0.000000
0.000000
0.154177
0.000000
0.000000
0.000000
1.198598
0.000000
1.534964
1.414364
0.816568
0.000000
0.000000
0.000000
0.000000
0.127570
0.000000
1.073688
0.000000
0.296786
0.000000
0.000000
0.000000
0.000000
1.101948
0.000000
0.000000
1.805433
0.000000
0.000000
0.000000
0.000000
0.000000
0.000000
0.000000
0.000000
0.175698
0.475683
0.000000
0.000000
0.000000
0.000000
0.000000
0.000000
0.000000
0.000000
0.000000
0.391632
0.456378
0.000000
0.155937
0.000000
0.000000
0.000000
0.380219
2.262828
0.000000
0.000000
0.777996
0.896896
0.000000
0.000000
0.000000
0.000000
1.324007
0.000000
0.000000
0.000000
0.000000
0.000000
0.000000
0.000000
0.000000
0.000000
0.237223
0.000000
0.000000
0.000000
0.000000
0.000000
0.000000
0.000000
0.524313
0.000000
0.000000
0.000000
0.000000
0.334595
0.000000
0.000000
0.812625
0.000000
0.000000
0.814042
0.000000
1.072753
0.000000
0.000000
0.000000
0.000000
0.000000
0.000000
0.000000
0.776840
0.000000
0.000000
0.000000
0.000000
0.000000
0.296041
0.000000
0.000000
0.000000
0.000000
0.000000
0.000000
0.823703
0.821055
0.000000
0.415910
0.422961
0.000000
1.962620
0.000000
0.000000
0.000000
0.000000
0.000000
0.000000
0.000000
0.214883
0.000000
1.201227
0.000000
0.000000
0.000000
0.595117
0.000000
0.000000
0.000000
0.000000
0.000000
0.000000
0.341924
0.771771
0.408552
0.000000
0.000000
0.000000
0.000000
0.000000
1.309449
0.874618
0.000000
0.000000
0.000000
0.000000
0.000000
0.000000
0.000000
0.000000
0.000000
0.364629
0.000000
0.000000
0.000000
0.000000
0.000000
0.000000
0.000000
0.240742
0.000000
1.617398
0.000000
0.000000
0.000000
0.542170
0.000000
0.000000
0.000000
0.129619
0.066899
0.000000
0.000000
0.000000
0.000000
0.000000
0.000000
0.000000
2.680825
0.000000
0.000000
0.304137
0.000000
1.058644
1.494502
0.000000
0.000000
0.150377
1.155247
0.000000
0.000000
0.023400
0.191143
0.000000
0.000000
0.000000
0.000000
0.392475
0.000000
0.000000
0.000000
0.072977
0.000000
0.000000
0.000000
0.000000
0.000000
1.694949
0.000000
0.000000
0.182709
0.467812
0.292708
0.000000
0.000000
0.000000
2.806800
0.000000
0.000000
0.000000
0.000000
0.000000
1.104060
0.000000
0.788052
0.000000
0.000000
0.000000
0.000000
0.000000
0.000000
0.000000
0.000000
0.000000
0.000000
0.000000
0.000000
0.261454
0.000000
0.000000
0.000000
0.295560
0.000000
0.000000
0.000000
0.842654
0.331133
0.000000
0.000000
0.000000
0.000000
0.000000
0.000000
1.548260
0.000000
0.000000
0.000000
0.000000
1.025210
0.000000
0.254600
0.000000
0.000000
0.000000
0.000000
0.000000
0.000000
0.000000
0.000000
0.000000
0.000000
0.000000
0.248812
0.000000
0.702006
0.000000
0.000000
0.000000
0.000000
0.000000
0.000000
0.000000
0.000000
0.000000
0.000000
0.114017
0.186446
0.457441
0.000000
0.000000
0.000000
0.908496
0.000000
0.000000
0.000000
0.000000
0.000000
0.000000
0.000000
0.000000
0.000000
0.000000
0.000000
0.000000
0.000000
0.000000
0.000000
0.000000
0.000000
0.000000
0.000000
0.000000
0.000000
0.446241
0.000000
0.000000
0.000000
0.000000
0.000000
0.000000
0.477013
0.000000
0.000000
0.446136
0.000000
0.000000
0.000000
0.000000
0.000000
0.000000
0.264162
0.000000
0.944965
0.000000
0.605677
0.000000
0.000000
0.000000
0.000000
0.000000
0.000000
0.000000
0.000000
0.000000
0.000000
0.092483
0.482390
0.000000
0.000000
0.000000
0.000000
0.000000
0.000000
0.000000
0.000000
0.134449
0.000000
0.000000
0.000000
0.000000
0.000000
0.000000
0.000000
0.000000
1.249587
0.147132
0.000000
0.000000
0.000000
0.000000
0.000000
0.000000
0.000000
0.385031
0.000000
0.000000
0.000000
0.000000
0.000000
0.000000
0.000000
0.000000
0.000000
0.000000
0.000000
0.000000
2.278270
0.000000
0.488949
0.000000
0.000000
0.000000
0.000000
0.000000
0.923278
0.000000
0.000000
0.062295
0.000000
0.000000
0.000000
0.000000
0.535668
0.000000
1.965157
0.000000
0.247405
0.000000
0.000000
0.000000
0.008158
0.000000
0.000000
0.000000
0.000000
0.290136
0.000000
2.121865
0.000000
0.000000
0.000000
0.000000
0.000000
0.000000
0.000000
0.000000
0.000000
0.000000
0.000000
0.700118
0.000000
0.000000
0.000000
0.000000
1.455812
0.000000
0.000000
0.128079
0.000000
0.000000
0.323069
0.179680
0.000000
0.000000
0.000000
0.000000
0.977681
0.000000
0.568532
0.000000
0.813850
0.000000
0.004918
0.369588
0.000000
0.000000
0.000000
0.144566
1.832413
0.000000
0.000000
0.000000
0.000000
0.000000
0.000000
0.537911
0.964745
0.000000
0.000000
0.000000
0.000000
0.000000
0.000000
0.000000
0.000000
0.000000
0.000000
0.171195
0.000000
0.000000
0.000000
0.000000
0.000000
0.000000
0.000000
0.000000
2.070904
0.000000
0.000000
0.265877
0.000000
0.000000
0.311896
0.000000
0.000000
0.754357
0.000000
0.594997
0.000000
0.156870
0.000000
0.000000
0.000000
0.000000
0.000000
0.000000
0.804588
0.708008
0.000000
0.000000
0.000000
1.532976
0.045585
0.000000
0.000000
0.000000
0.325882
0.000000
0.000000
0.000000
0.000000
0.000000
0.000000
0.000000
0.000000
0.802710
0.000000
0.000000
0.000000
0.000000
0.000000
0.000000
0.000000
0.000000
0.000000
0.000000
0.000000
2.058065
0.000000
0.348504
0.000000
0.887043
0.000000
0.000000
0.000000
1.630798
0.000000
0.000000
0.000000
0.450559
0.000000
0.074955
0.000000
0.000000
0.000000
0.000000
0.554109
0.000000
0.334304
0.000000
0.251947
0.000000
0.229434
0.456645
1.029210
0.000000
0.000000
0.000000
1.525574
0.000000
0.000000
0.000000
0.734497
0.000000
0.663461
0.024041
0.000000
0.027028
0.000000
0.000000
0.000000
0.000000
0.000000
0.000000
0.000000
0.000000
1.015857
0.000000
0.000000
0.000000
0.000000
0.000000
0.000000
0.000000
0.711046
0.000000
0.000000
2.437439
0.000000
0.000000
0.000000
0.000000
0.000000
0.000000
0.000000
0.000000
0.000000
0.000000
1.127922
0.000000
0.000000
1.663134
0.000000
0.000000
0.000000
0.000000
0.288340
0.059077
3.494297
0.043152
0.000000
0.000000
0.000000
0.000000
0.000000
0.000000
0.000000
0.127403
0.000000
0.000000
0.000000
0.000000
0.000000
0.000000
0.000000
0.000000
0.000000
0.000000
0.000000
0.000000
0.000000
0.515653
0.000000
1.326078
0.000000
0.961662
0.000000
0.000000
0.000000
2.000965
0.000000
0.000000
0.000000
0.000000
0.000000
1.822851
1.421249
0.000000
0.000000
0.000000
0.000000
0.497170
0.000000
0.934591
0.000000
0.000000
0.000000
0.000000
0.000000
0.000000
0.000000
0.000000
0.000000
0.000000
0.000000
0.000000
0.000000
0.000000
0.000000
0.000000
0.000000
0.000000
0.000000
0.000000
0.000000
0.000000
0.000000
0.000000
0.000000
0.000000
0.000000
0.000000
0.492863
0.000000
0.000000
0.000000
0.000000
0.000000
1.470830
0.000000
0.000000
0.378297
0.000000
0.000000
0.000000
0.000000
0.157091
0.000000
0.000000
0.000000
0.000000
0.000000
0.000000
1.770307
0.000000
0.000000
0.249323
0.000000
0.000000
0.000000
1.658871
0.000000
1.433048
0.000000
0.000000
0.089020
0.000000
0.000000
0.000000
0.000000
0.000000
1.024108
0.000000
0.000000
2.176987
0.000000
0.000000
0.000000
0.000000
0.000000
0.000000
0.360746
0.339919
0.000000
0.000000
0.000000
0.000000
0.000000
0.000000
0.194970
0.126919
0.000000
0.000000
0.715119
0.000000
3.667186
0.000000
0.000000
0.000000
0.000000
0.000000
0.000000
0.715661
0.000000
0.000000
1.492010
0.000000
0.000000
0.000000
0.000000
0.000000
0.000000
1.286307
0.000000
0.000000
0.000000
0.000000
0.000000
0.000000
0.000000
0.000000
0.878929
0.000000
0.000000
0.000000
0.000000
0.000000
0.000000
0.219903
0.000000
1.523630
0.000000
0.000000
1.572456
0.586923
0.000000
0.000000
0.000000
0.000000
0.000000
0.000000
0.511033
0.000000
0.000000
0.000000
0.000000
0.000000
0.392242
0.000000
0.000000
0.000000
0.000000
2.581894
0.000000
0.000000
2.705485
0.000000
0.000000
0.665384
0.000000
0.000000
0.000000
0.000000
0.000000
0.000000
0.000000
0.000000
0.000000
0.563739
0.000000
0.000000
0.000000
0.000000
0.000000
0.000000
0.000000
0.463283
0.000000
0.000000
0.000000
0.000000
0.000000
0.000000
0.000000
0.000000
0.161077
0.000000
0.000000
0.000000
0.115666
0.000000
0.000000
0.000000
0.000000
0.000000
0.000000
0.000000
0.000000
0.000000
0.000000
0.000000
0.000000
0.000000
0.000000
0.000000
0.000000
0.000000
0.532493
0.000000
0.000000
0.000000
0.000000
0.000000
0.000000
0.508056
0.000000
0.000000
0.000000
0.000000
0.000000
0.000000
0.000000
0.000000
0.761020
0.000000
1.783403
0.000000
0.000000
0.000000
0.000000
0.000000
0.000000
0.000000
0.000000
0.000000
0.000000
0.000000
0.000000
0.000000
0.000000
0.000000
0.000000
0.000000
0.000000
0.000000
0.000000
0.000000
0.059947
0.370903
0.000000
0.000000
0.000000
0.000000
0.000000
0.000000
0.000000
1.170423
0.000000
1.721605
0.000000
0.000000
2.044333
0.000000
0.308052
0.366142
0.000000
0.000000
0.000000
0.000000
0.000000
0.000000
0.000000
0.000000
0.000000
0.000000
0.000000
0.000000
0.000000
0.000000
0.000000
0.000000
0.000000
0.000000
0.150452
0.000000
0.000000
0.000000
0.000000
0.000000
0.000000
0.000000
0.000000
0.000000
2.016984
0.000000
0.000000
0.000000
0.000000
0.000000
0.000000
0.000000
0.000000
0.000000
0.000000
0.000000
0.000000
0.000000
1.579773
0.000000
0.000000
0.000000
0.180333
0.000000
0.000000
0.000000
0.000000
0.069608
0.000000
0.000000
1.417496
0.000000
0.000000
1.340719
0.000000
0.000000
3.763262
0.000000
0.000000
1.381580
0.000000
0.098892
0.530241
0.000000
0.000000
0.000000
0.000000
0.295953
0.000000
0.000000
0.000000
0.000000
0.000000
0.000000
0.000000
0.000000
0.000000
0.000000
0.000000
0.350886
3.899723
0.000000
0.522340
0.000000
0.346469
0.000000
0.000000
0.000000
0.000000
0.000000
0.000000
1.580311
0.000000
0.820646
0.000000
0.000000
0.000000
0.000000
0.000000
0.000000
0.000000
0.000000
1.056536
0.657062
0.000000
0.000000
0.731343
0.000000
0.923444
0.000000
0.723707
0.000000
0.000000
0.000000
0.000000
0.000000
0.000000
0.000000
0.298777
0.000000
0.000000
0.000000
0.000000
0.494787
0.000000
0.000000
2.295859
0.000000
0.000000
0.000000
0.000000
0.000000
0.000000
0.000000
0.450895
0.000000
0.000000
0.000000
0.000000
0.000000
2.471156
0.000000
0.000000
0.000000
0.547547
0.000000
0.000000
0.000000
0.000000
0.000000
0.818809
0.000000
0.000000
0.000000
0.000000
0.000000
0.000000
0.000000
0.000000
0.000000
0.000000
0.166987
0.000000
0.159609
0.000000
0.000000
0.000000
0.098769
0.000000
0.000000
0.896730
0.000000
0.394297
0.000000
0.881621
0.000000
0.000000
0.000000
0.000000
0.000000
0.000000
0.000000
0.553022
0.000000
0.000000
0.506293
0.000000
0.000000
0.000000
0.000000
0.742018
0.000000
0.000000
0.000000
0.000000
0.000000
0.944475
0.916793
0.000000
0.000000
0.000000
0.000000
0.000000
0.000000
0.000000
0.000000
0.152480
0.000000
0.579901
0.000000
0.000000
0.000000
0.000000
0.000000
0.000000
0.000000
0.000000
0.000000
0.000000
0.000000
0.000000
0.000000
3.449406
0.000000
0.000000
0.000000
0.000000
0.000000
0.000000
0.000000
0.000000
0.586153
0.000000
0.438176
0.000000
0.000000
0.000000
0.000000
0.000000
3.106167
0.000000
0.000000
0.000000
0.000000
0.000000
0.000000
0.000000
0.000000
0.000000
0.000000
0.000000
0.000000
0.000000
2.528916
0.000000
0.000000
0.000000
0.000000
0.000000
0.250212
0.000000
0.063039
0.648309
1.792358
0.000000
2.729975
0.000000
0.000000
0.000000
0.000000
0.000000
0.000000
2.699443
0.000000
0.000000
0.000000
1.650606
0.000000
0.000000
0.000000
0.153977
0.000000
0.000000
1.652114
0.000000
0.000000
0.000000
0.000000
0.000000
0.000000
0.000000
0.000000
0.000000
0.446116
0.000000
0.000000
0.000000
0.000000
0.000000
0.000000
0.000000
0.000000
0.000000
0.000000
0.000000
0.000000
0.000000
0.000000
0.591511
0.000000
0.000000
0.000000
0.866379
1.264702
0.000000
0.000000
0.000000
0.000000
0.000000
0.014561
0.000000
0.000000
0.000000
1.830835
0.000000
0.000000
0.454245
0.000000
0.000000
0.000000
0.000000
0.000000
0.000000
0.000000
0.000000
0.000000
0.000000
0.000000
0.000000
0.000000
0.000000
0.000000
0.000000
0.000000
0.575765
0.345307
0.000000
0.511499
0.000000
0.000000
0.570619
0.852907
0.000000
0.733127
0.000000
0.000000
0.547205
0.000000
0.000000
2.216778
0.388788
0.000000
1.285469
0.000000
0.000000
0.000000
1.231824
0.000000
0.000000
0.000000
0.000000
0.000000
0.000000
0.000000
2.251163
0.000000
0.000000
0.000000
0.000000
0.000000
0.000000
0.000000
0.000000
0.000000
0.000000
0.182354
1.622025
0.000000
0.000000
0.000000
1.305199
0.000000
0.000000
0.000000
0.000000
0.000000
0.000000
0.000000
0.000000
0.000000
0.000000
0.000000
0.000000
0.000000
0.000000
0.000000
0.000000
1.075706
0.000000
0.000000
0.000000
0.000000
0.000000
2.173436
0.000000
0.000000
0.000000
0.000000
0.000000
0.000000
0.000000
0.000000
0.000000
0.000000
0.000000
1.045076
0.000000
0.000000
0.417215
2.504484
0.000000
0.000000
0.000000
0.000000
0.000000
0.000000
0.000000
0.000000
0.000000
0.000000
0.612644
0.237735
0.265610
0.000000
0.000000
0.000000
0.000000
0.000000
0.000000
0.000000
0.501821
2.219293
0.000000
0.000000
0.000000
1.332710
1.471275
0.000000
0.000000
0.000000
0.000000
0.000000
0.000000
2.669953
0.208970
0.000000
0.000000
0.785413
0.030953
0.000000
0.000000
0.472429
0.000000
0.000000
0.000000
0.000000
0.000000
0.314535
0.779713
0.000000
0.000000
0.605651
0.000000
2.509577
0.000000
0.000000
0.000000
0.000000
0.000000
0.000000
0.000000
0.000000
0.000000
1.182792
0.000000
0.000000
0.000000
0.817702
2.468524
1.518367
0.000000
0.000000
0.162097
0.226024
0.000000
0.000000
0.000000
0.000000
0.000000
0.000000
0.000000
0.000000
0.000000
2.041573
0.000000
0.000000
0.000000
3.472876
0.000000
0.563019
0.000000
0.000000
0.000000
0.000000
0.000000
0.521634
0.000000
0.000000
0.000000
0.813470
0.000000
0.000000
0.000000
0.000000
0.326436
0.000000
0.000000
0.000000
0.000000
0.000000
0.000000
0.808910
0.000000
0.000000
0.000000
0.000000
0.000000
0.000000
0.000000
0.000000
0.000000
0.000000
0.000000
0.000000
0.000000
0.000000
0.000000
0.000000
0.000000
2.510446
1.648547
0.182854
0.000000
0.000000
0.000000
0.000000
0.000000
0.000000
0.000000
0.000000
0.000000
2.116925
0.000000
0.741040
0.000000
0.000000
0.000000
0.000000
0.000000
0.000000
0.000000
0.000000
0.008382
0.000000
0.000000
0.000000
0.000000
0.000000
0.650952
0.000000
0.000000
1.712658
0.000000
0.000000
0.000000
0.000000
0.000000
0.000000
0.000000
0.000000
1.337337
0.000000
0.527806
0.000000
0.363740
0.000000
0.000000
0.000000
0.000000
0.000000
0.000000
0.000000
0.914807
0.000000
0.000000
0.000000
0.000000
0.000000
0.000000
0.000000
0.055048
0.000000
0.000000
0.000000
0.000000
0.000000
0.000000
0.000000
0.000000
0.006637
0.000000
0.000000
1.452808
0.053190
0.000000
0.000000
0.000000
0.000000
0.000000
0.000000
0.000000
0.000000
0.000000
0.000000
0.000000
0.000000
0.000000
0.000000
0.000000
0.000000
0.000000
0.000000
0.000000
0.000000
0.000000
0.000000
0.000000
0.000000
0.000000
0.000000
0.000000
0.000000
0.000000
0.000000
1.593736
0.000000
0.000000
0.000000
0.000000
0.000000
0.000000
0.000000
0.000000
0.000000
0.000000
0.000000
0.971520
0.000000
0.000000
0.000000
0.000000
0.000000
0.000000
0.000000
0.118018
0.000000
0.000000
0.000000
0.000000
0.682922
0.000000
0.000000
0.000000
0.000000
0.000000
1.534459
0.000000
0.271592
0.000000
0.000000
0.000000
0.000000
1.305509
0.000000
0.000000
0.023430
3.316146
0.000000
0.000000
0.000000
0.000000
0.000000
0.000000
0.000000
0.000000
0.000000
0.000000
0.000000
0.445293
0.000000
0.000000
0.000000
0.000000
0.000000
0.283185
0.000000
0.000000
0.000000
0.000000
0.000000
0.000000
0.634498
0.000000
0.000000
0.000000
0.000000
0.000000
0.000000
0.000000
0.000000
0.000000
0.000000
0.000000
0.000000
0.485165
0.425658
0.000000
0.000000
0.000000
0.000000
0.000000
1.108434
0.000000
0.016903
0.000000
1.564698
0.000000
0.000000
0.000000
0.000000
0.000000
0.000000
0.000000
0.000000
0.000000
0.000000
0.000000
0.296158
0.000000
0.000000
0.000000
0.000000
1.657204
0.000000
0.000000
2.987414
0.000000
0.000000
0.000000
0.000000
0.000000
0.000000
0.000000
0.000000
0.000000
0.000000
0.000000
0.000000
0.000000
0.000000
0.000000
0.000000
0.000000
0.000000
0.000000
0.000000
0.000000
2.044822
0.000000
1.181839
1.192428
0.000000
0.000000
0.000000
0.000000
1.329745
1.664558
0.000000
0.000000
0.000000
0.000000
0.000000
0.000000
0.000000
0.000000
2.299573
0.000000
0.000000
0.676570
0.000000
0.000000
0.000000
0.000000
0.000000
0.000000
0.484373
0.000000
0.000000
0.000000
0.000000
0.000000
0.372816
0.000000
0.000000
0.000000
0.000000
0.000000
0.000000
0.000000
0.000000
0.000000
0.056438
0.000000
0.944787
0.000000
0.000000
0.000000
0.399266
0.000000
0.000000
0.000000
2.154989
0.000000
0.000000
0.000000
0.000000
1.396523
0.000000
0.000000
0.000000
0.000000
0.000000
0.000000
0.000000
0.000000
0.000000
0.000000
0.000000
0.000000
0.000000
0.000000
0.000000
0.900300
0.859774
0.000000
0.000000
0.000000
0.000000
0.000000
0.000000
0.000000
0.000000
0.000000
0.000000
0.000000
0.698082
0.000000
0.339080
0.000000
0.000000
1.797763
0.000000
0.302748
0.000000
0.000000
0.000000
0.000000
0.000000
2.018321
0.000000
0.000000
0.000000
0.000000
0.000000
2.275540
0.000000
0.000000
0.000000
0.374727
0.000000
0.920679
1.238072
0.000000
0.000000
1.065549
0.000000
0.000000
0.000000
0.000000
1.797963
0.000000
2.065063
0.002794
1.006217
0.921892
0.000000
0.000000
0.000000
1.099375
0.000000
0.000000
0.000000
0.389480
0.000000
0.000000
0.000000
0.000000
0.000000
0.100003
0.000000
0.047770
0.000000
0.000000
0.000000
0.000000
0.000000
1.019551
1.218729
1.622287
0.146674
0.431104
0.000000
1.070686
0.000000
0.000000
0.000000
1.159102
0.000000
0.000000
0.991056
0.230584
0.000989
0.000000
0.000000
0.003519
0.706399
2.549178
0.000000
0.459807
0.000000
