0.000000
0.000000
0.000000
0.000000
0.000000
0.000000
0.000000
0.000000
0.000000
0.000000
0.000000
0.000000
0.626700
0.159968
0.000000
2.474595
0.000000
0.000000
0.000000
0.350790
0.000000
0.000000
0.000000
0.826910
0.759190
0.000000
0.000000
0.000000
0.000000
0.000000
0.000000
0.000000
0.000000
0.000000
0.000000
0.000000
0.000000
0.000000
0.000000
0.000000
0.000000
1.763104
0.000000
0.000000
0.000000
0.000000
0.000000
0.000000
0.000000
0.000000
0.064024
0.000000
0.000000
0.000000
0.000000
0.000000
0.000000
0.000000
0.000000
0.000000
0.648054
0.000000
0.000000
0.000000
0.198395
0.000000
0.000000
0.000000
0.000000
0.000000
0.000000
0.000000
0.000000
0.000000
0.000000
0.000000
0.000000
0.001522
0.000000
0.000000
0.000000
0.000000
0.000000
0.000000
0.000000
0.000000
0.000000
0.000000
0.000000
0.000000
0.000000
0.231697
0.000000
0.000000
0.000000
0.000000
0.903134
0.000000
0.000000
0.000000
0.051880
0.000000
0.000000
0.000000
0.000000
0.000000
0.000000
0.000000
1.884230
0.000000
0.000000
0.000000
0.000000
0.000000
0.000000
0.000000
0.000000
0.000000
0.922505
0.000000
0.553891
0.000000
0.000000
1.751025
0.000000
0.796228
0.000000
0.000000
0.000000
0.000000
0.000000
0.000000
0.620962
0.000000
0.000000
0.000000
0.000000
0.000000
0.000000
0.000000
0.000000
0.000000
0.000000
0.000000
0.000000
0.000000
0.000000
0.020477
0.000000
0.000000
0.000000
0.000000
0.000000
0.000000
1.957417
0.569502
0.000000
0.000000
0.000000
0.000000
0.000000
0.000000
0.000000
0.000000
0.000000
0.000000
0.000000
0.000000
0.000000
0.000000
0.000000
0.000000
0.000000
0.656215
0.000000
0.000000
0.000000
0.349416
0.153780
0.563907
0.000000
0.000000
0.000000
0.000000
0.000000
0.000000
0.000000
0.000000
0.000000
0.000000
0.000000
0.000000
0.231686
0.000000
0.000000
0.000000
0.000000
0.000000
0.000000
0.000000
0.000000
0.000000
0.000000
0.000000
0.000000
0.000000
0.000000
0.000000
0.000000
0.000000
0.221586
0.000000
0.000000
0.000000
0.000000
0.000000
0.000000
0.000000
0.000000
0.000000
0.000000
0.069421
0.000000
0.000000
1.206978
0.000000
0.000000
0.021514
0.000000
0.000000
0.000000
0.000000
0.891054
0.000000
0.134174
0.000000
0.000000
0.000000
0.000000
0.467899
0.000000
0.000000
0.365056
0.000000
0.000000
3.053810
0.000000
0.000000
0.000000
0.000000
0.000000
1.520982
0.000000
0.000000
0.000000
0.000000
0.000000
0.000000
0.000000
0.000000
0.000000
0.000000
0.000000
0.000000
1.213385
1.916125
0.000000
0.000000
0.000000
0.000000
0.000000
0.000000
0.000000
0.904936
0.000000
0.000000
0.000000
0.000000
0.000000
0.000000
0.000000
0.000000
0.000000
0.000000
0.000000
0.000000
0.000000
0.000000
0.000000
0.252758
0.000000
0.000000
0.217629
0.000000
0.000000
1.322661
0.000000
0.000000
0.000000
0.000000
0.000000
0.000000
0.000000
0.000000
0.000000
0.000000
0.827191
0.000000
0.000000
1.200594
0.000000
0.000000
0.000000
0.480102
0.000000
0.000000
0.000000
2.071693
0.000000
0.000000
0.000000
0.000000
0.593375
0.000000
0.000000
0.000000
2.865645
0.000000
1.161527
0.000000
0.000000
0.000000
0.000000
0.000000
0.000000
0.000000
0.000000
0.000000
0.000000
0.000000
0.000000
0.000000
0.000000
2.200637
0.000000
0.000000
0.000000
0.000000
0.000000
0.000000
0.000000
0.000000
0.000000
0.000000
0.000000
0.604793
0.000000
0.000000
0.000000
0.000000
0.000000
0.000000
0.000000
0.000000
0.000000
0.000000
0.000000
0.000000
0.179761
0.000000
0.000000
0.000000
0.000000
1.797900
0.000000
0.000000
0.118549
0.000000
0.000000
0.000000
0.000000
0.000000
0.000000
0.000000
0.827404
1.005694
0.000000
0.000000
0.000000
0.000000
0.000000
0.000000
0.000000
0.000000
0.000000
0.000000
0.000000
0.000000
0.125567
1.460923
0.000000
0.000000
0.000000
0.000000
0.000000
0.000000
0.000000
0.000000
0.000000
0.000000
0.150148
0.000000
0.000000
0.000000
0.000000
0.000000
0.000000
0.000000
0.000000
0.000000
0.000000
0.000000
0.000000
0.000000
0.000000
0.000000
0.572890
1.646652
0.000000
0.000000
0.000000
0.000000
0.000000
0.000000
0.000000
0.000000
0.000000
0.000000
0.000000
0.000000
0.000000
0.000000
1.819877
1.378701
0.000000
0.000000
0.000000
0.004376
0.000000
0.000000
0.000000
0.000000
0.874989
0.000000
0.000000
0.000000
1.379155
0.000000
0.000000
0.652594
1.052005
0.000000
0.939203
0.000000
0.000000
0.001447
0.000000
0.000000
1.696381
0.688593
0.000000
0.000000
0.000000
0.000000
0.167197
0.000000
0.000000
0.000000
0.000000
0.000000
0.000000
0.000000
0.000000
0.000000
0.000000
0.000000
0.867713
0.000000
0.000000
2.373488
0.000000
0.000000
0.000000
0.000000
0.265728
0.000000
0.000000
0.322676
0.000000
0.000000
0.000000
0.000000
1.335903
0.204567
0.000000
0.000000
0.000000
0.000000
0.000000
0.000000
0.000000
2.090420
1.316744
0.000000
0.000000
0.000000
0.000000
0.000000
0.000000
0.000000
0.281872
0.000000
2.098799
3.183959
0.000000
0.000000
0.000000
0.000000
0.000000
0.000000
0.000000
0.000000
0.000000
0.000000
0.000000
0.403140
0.000000
0.000000
0.000000
0.627896
0.000000
0.000000
0.000000
0.000000
0.000000
0.439780
1.204480
0.000000
0.000000
0.000000
2.358279
1.822023
0.000000
0.409057
0.000000
0.000000
0.000000
1.298894
0.000000
0.000000
0.000000
0.000000
0.000000
0.000000
0.000000
0.000000
0.000000
0.000000
0.000000
1.524628
0.000000
0.000000
0.000000
1.574812
0.000000
0.000000
1.986528
0.000000
0.000000
0.000000
0.000000
0.000000
0.000000
0.000000
0.000000
0.000000
0.000000
1.091948
0.000000
0.000000
0.000000
0.000000
0.000000
0.000000
0.000000
0.000000
0.000000
0.000000
1.166472
0.132467
0.566569
0.000000
0.303098
0.000000
0.000000
0.000000
0.000000
0.000000
0.000000
0.000000
0.000000
2.490324
0.000000
0.000000
0.000000
0.940565
0.000000
0.000000
0.000000
0.000000
0.133272
0.000000
0.000000
1.532190
0.000000
0.000000
0.827672
0.000000
0.000000
0.176576
1.988688
0.000000
0.000000
0.000000
0.000000
0.000000
0.000000
0.541070
0.000000
0.000000
0.000000
0.000000
0.000000
0.000000
0.000000
0.000000
0.000000
0.000000
0.000000
1.453376
0.000000
0.000000
0.000000
0.000000
0.000000
0.000000
0.000000
0.000000
0.000000
0.000000
0.000000
0.000000
0.000000
0.000000
0.000000
0.000000
2.143691
0.000000
0.000000
2.897322
0.000000
0.000000
0.000000
0.000000
0.000000
0.000000
0.812345
0.000000
0.000000
0.000000
0.000000
0.000000
0.000000
0.000000
0.000000
0.000000
0.000000
0.000000
0.127035
1.332844
0.000000
0.000000
0.000000
0.000000
0.000000
0.000000
0.000000
0.000000
0.000000
0.000000
0.000000
0.000000
0.000000
0.256534
0.000000
0.000000
0.000000
0.136247
4.757023
0.000000
0.000000
0.051038
0.000000
0.000000
0.000000
0.000000
0.000000
0.000000
3.195398
0.000000
0.531153
0.000000
0.000000
0.000000
1.309551
0.000000
0.000000
0.000000
0.000000
0.000000
0.000000
0.000000
0.000000
0.000000
0.000000
0.000000
2.111513
0.000000
0.000000
0.000000
0.027266
0.000000
1.640773
0.000000
0.175749
0.000000
0.000000
0.000000
0.000000
0.000000
0.000000
0.000000
0.000000
0.000000
0.000000
0.000000
0.000000
0.000000
0.000000
0.000000
0.000000
0.000000
0.000000
0.000000
0.000000
0.000000
0.000000
0.000000
0.967365
0.651270
0.000000
2.022144
3.316309
0.000000
0.000000
0.000000
0.000000
0.000000
0.000000
0.000000
0.000000
0.000000
0.000000
0.000000
0.000000
0.000000
0.000000
0.000000
1.812276
0.000000
0.000000
0.000000
0.000000
0.000000
0.000000
0.000000
0.000000
0.000000
0.000000
0.000000
0.000000
0.000000
0.000000
0.000000
0.000000
2.538764
0.000000
0.000000
0.000000
1.322211
1.338893
0.000000
0.000000
0.642234
2.936338
0.000000
0.000000
0.000000
0.000000
0.395836
0.000000
0.000000
0.000000
0.000000
0.000000
0.000000
0.505244
0.000000
0.000000
0.000000
0.068766
0.000000
0.000000
1.834663
0.000000
0.000000
0.000000
0.000000
0.000000
0.000000
0.000000
0.000000
0.000000
0.000000
0.773239
0.000000
0.000000
0.000000
0.000000
0.309998
0.000000
0.000000
0.000000
0.000000
0.000000
0.000000
2.983316
0.000000
0.000000
0.052557
0.000000
0.000000
0.000000
0.695253
0.000000
0.000000
0.000000
0.000000
0.000000
0.000000
0.000000
0.000000
0.170900
0.000000
0.000000
0.000000
1.228269
0.000000
0.000000
0.000000
0.454082
0.000000
0.000000
0.000000
0.000000
0.000000
0.762610
0.000000
0.000000
0.000000
0.000000
0.000000
0.000000
0.000000
0.000000
0.000000
0.000000
0.000000
0.000000
0.000000
0.000000
0.218017
0.000000
0.000000
0.852030
0.000000
0.000000
0.000000
0.000000
0.000000
0.000000
0.000000
0.000000
0.000000
0.000000
0.000000
1.730563
0.000000
0.000000
0.000000
0.000000
2.884507
0.000000
0.000000
0.000000
0.000000
0.000000
0.000000
0.000000
0.209732
0.000000
0.000000
0.000000
0.000000
0.000000
2.227535
0.000000
0.000000
0.000000
0.000000
0.000000
0.000000
0.000000
0.000000
0.000000
0.886523
0.000000
0.000000
0.000000
0.000000
0.000000
0.000000
0.000000
0.000000
0.000000
0.000000
1.665596
0.000000
0.000000
0.000000
0.000000
0.000000
0.000000
0.388039
2.198264
0.513922
0.000000
0.000000
1.122462
0.000000
0.000000
0.000000
0.000000
0.121870
0.000000
0.000000
0.000000
0.000000
0.576720
0.000000
0.015333
0.000000
0.000000
0.000000
0.000000
0.000000
0.000000
0.000000
0.000000
0.000000
0.000000
0.000000
0.333660
0.000000
0.000000
0.000000
0.000000
2.354717
0.000000
3.046501
0.000000
0.224712
0.000000
0.000000
0.000000
0.000000
0.000000
0.000000
0.000000
0.000000
0.000000
0.000000
0.000000
0.000000
0.000000
0.000000
0.000000
0.000000
0.000000
0.000000
0.000000
1.017753
0.000000
0.000000
0.000000
0.000000
0.000000
0.000000
0.000000
0.000000
0.000000
0.365714
0.000000
0.000000
0.000000
1.659414
0.000000
0.053968
0.000000
0.000000
0.000000
0.000000
0.000000
0.000000
0.000000
0.000000
0.000000
0.000000
0.000000
0.000000
0.000000
0.000000
0.000000
2.033478
0.000000
0.000000
0.000000
0.000000
0.000000
0.000000
0.000000
0.000000
0.000000
0.000000
0.000000
0.000000
0.000000
0.000000
0.000000
0.000000
0.000000
0.000000
0.000000
1.032479
0.000000
0.062040
0.000000
0.000000
0.000000
0.000000
0.000000
0.000000
0.000000
0.000000
0.000000
0.000000
0.000000
0.000000
0.000000
0.000000
0.000000
0.000000
1.622482
2.788681
0.000000
0.000000
0.000000
0.000000
0.000000
0.000000
1.397331
0.000000
0.000000
0.000000
0.000000
0.000000
0.000000
0.000000
0.000000
0.000000
0.000000
0.000000
0.000000
0.000000
0.000000
0.000000
0.000000
0.000000
0.000000
0.000000
0.000000
0.000000
0.000000
0.000000
0.000000
0.000000
1.983134
0.000000
0.000000
0.000000
0.000000
0.000000
0.000000
0.000000
0.000000
0.000000
0.000000
0.000000
0.000000
0.000000
0.000000
0.000000
0.000000
0.000000
0.000000
0.000000
0.000000
0.000000
0.000000
0.000000
0.000000
0.000000
0.000000
0.000000
0.310490
0.000000
0.000000
0.000000
0.000000
0.000000
0.000000
0.000000
0.000000
0.000000
0.895446
0.000000
0.000000
0.000000
0.000000
0.000000
2.818060
0.000000
0.000000
0.689481
1.677300
0.000000
0.000000
0.000000
0.000000
0.021517
0.000000
0.000000
0.000000
0.000000
0.201707
0.000000
0.203166
0.201405
0.420942
0.000000
0.649900
0.000000
0.000000
0.000000
0.000000
0.000000
0.000000
0.000000
0.000000
0.000000
0.000000
0.000000
0.000000
0.103182
0.000000
0.000000
0.000000
0.000000
0.730081
0.000000
0.000000
0.000000
0.000000
0.000000
0.000000
0.000000
0.000000
0.000000
0.000000
0.000000
0.000000
0.000000
0.000000
0.000000
0.000000
0.000000
0.000000
0.000000
0.770646
0.000000
0.000000
0.000000
0.000000
0.000000
0.000000
0.000000
0.214326
0.053563
0.000000
0.000000
0.000000
0.000000
0.000000
0.000000
0.834112
0.000000
0.000000
0.000000
0.000000
0.000000
0.000000
0.000000
0.170672
0.000000
0.000000
0.000000
1.538608
0.000000
0.000000
0.000000
0.000000
0.000000
0.000000
0.000000
0.000000
0.000000
0.000000
0.000000
0.000000
2.216272
0.000000
0.000000
0.000000
0.000000
0.000000
0.000000
0.000000
0.000000
0.000000
0.000000
0.000000
0.000000
0.000000
0.000000
0.000000
0.000000
0.000000
0.361061
2.289804
0.000000
0.000000
0.000000
0.000000
0.000000
0.448346
0.000000
0.000000
0.000000
0.000000
0.000000
0.610391
1.996439
0.000000
0.000000
0.000000
0.000000
0.000000
0.000000
0.000000
0.000000
0.244399
2.069367
0.000000
0.000000
0.000000
0.000000
0.000000
0.000000
0.000000
0.000000
0.000000
1.805876
0.000000
0.000000
1.243197
0.000000
0.000000
0.000000
0.000000
0.000000
0.000000
0.000000
0.000000
0.000000
0.000000
0.000000
0.000000
0.000000
0.000000
0.671232
0.000000
0.000000
0.000000
0.000000
0.000000
0.000000
0.000000
0.645633
0.000000
1.172608
0.000000
0.000000
0.000000
0.000000
0.000000
0.000000
0.000000
0.000000
0.000000
0.000000
0.120428
0.000000
0.000000
0.000000
0.000000
0.028129
0.000000
0.804365
1.178136
0.000000
0.000000
0.489466
0.000000
0.000000
0.000000
0.000000
0.910618
0.000000
0.727938
0.000000
0.000000
0.000000
0.000000
0.000000
0.000000
0.000000
1.012551
0.000000
0.000000
0.000000
0.000000
0.000000
0.000000
0.000000
0.000000
0.559478
0.000000
0.000000
0.749612
0.000000
0.000000
1.972106
0.615094
0.007386
0.197194
0.000000
0.000000
3.289934
0.000000
0.000000
0.000000
0.000000
0.000000
0.000000
0.000000
2.907804
0.000000
0.000000
0.000000
0.000000
0.000000
0.000000
0.000000
0.000000
0.000000
0.000000
1.327581
0.000000
0.000000
0.329291
0.000000
0.000000
0.000000
0.000000
0.000000
0.000000
0.000000
0.000000
0.000000
0.000000
0.000000
0.000000
0.000000
0.000000
0.120803
0.000000
1.708490
0.000000
0.000000
0.868952
1.832571
0.000000
0.000000
0.000000
0.000000
0.000000
0.000000
0.000000
0.000000
0.000000
1.113583
0.000000
1.516172
0.000000
1.389210
0.000000
0.000000
0.000000
0.000000
0.000000
0.000000
0.024132
0.000000
0.000000
3.887349
0.000000
0.000000
0.000000
0.000000
0.000000
0.000000
0.000000
0.000000
1.024437
2.228979
0.000000
0.215478
0.000000
0.000000
0.000000
0.909940
0.000000
0.000000
0.000000
0.000000
0.000000
0.000000
0.000000
0.000000
0.000000
0.000000
0.889462
0.218608
0.000000
0.000000
1.106231
0.000000
0.000000
0.000000
0.000000
0.000000
0.000000
0.000000
0.329912
0.000000
0.000000
0.000000
0.082487
0.000000
0.351184
0.000000
0.000000
0.000000
0.000000
0.000000
0.000000
0.000000
0.000000
0.000000
0.000000
0.000000
0.000000
0.000000
0.417337
0.000000
0.000000
0.000000
0.000000
0.000000
0.000000
0.000000
0.629943
0.000000
0.000000
0.000000
0.000000
0.000000
0.000000
0.000000
0.000000
0.000000
0.000000
0.000000
0.000000
1.727394
0.433016
2.829343
0.000000
0.000000
0.000000
0.000000
0.000000
2.583838
0.000000
0.000000
0.623947
0.000000
0.913483
0.000000
1.066866
0.000000
0.000000
0.000000
0.000000
0.000000
0.000000
0.333449
0.000000
0.000000
0.000000
0.000000
0.000000
0.000000
0.000000
0.000000
0.000000
0.000000
0.000000
0.000000
0.000000
0.000000
0.000000
0.000000
0.000000
0.000000
0.559522
0.000000
0.000000
0.000000
0.000000
0.000000
0.826499
0.000000
2.429022
1.222198
0.000000
0.632993
0.000000
0.000000
0.807837
0.000000
0.000000
0.969013
0.000000
0.000000
0.000000
0.000000
0.000000
0.000000
0.000000
0.000000
0.000000
0.000000
0.000000
0.000000
0.000000
0.000000
0.632440
0.000000
0.409085
0.000000
0.000000
0.000000
1.379440
0.000000
0.000000
0.000000
0.000000
0.000000
0.622895
0.000000
0.000000
0.000000
0.000000
0.000000
0.000000
0.000000
0.000000
0.000000
0.369331
0.369544
0.000000
0.558844
0.000000
0.000000
1.869927
0.000000
0.000000
0.000000
0.000000
0.000000
0.000000
0.000000
0.000000
0.000000
0.000000
0.039115
0.369597
0.646209
0.000000
0.000000
0.000000
0.558294
0.971121
0.000000
0.000000
0.000000
2.801923
0.000000
0.000000
0.000000
0.000000
0.000000
2.055983
0.000000
0.000000
0.000000
0.000000
0.000000
0.000000
0.345986
0.000000
0.000000
0.000000
0.000000
0.000000
0.000000
0.213870
0.000000
0.000000
0.000000
0.000000
0.000000
0.000000
1.696423
1.215674
0.000000
0.809836
2.274339
0.000000
0.046543
0.000000
0.000000
0.000000
0.000000
0.000000
0.819397
0.667841
1.834175
0.000000
0.000000
0.000000
0.000000
0.000000
0.000000
0.000000
2.306028
0.000000
0.000000
0.000000
0.000000
0.000000
0.000000
0.000000
0.000000
0.000000
0.000000
0.000000
0.000000
0.000000
0.000000
0.301310
0.046486
0.000000
0.000000
2.900054
0.000000
0.000000
0.000000
0.000000
0.000000
0.000000
1.862662
0.000000
0.000000
3.339449
0.000000
0.550215
0.000000
0.000000
0.000000
0.000000
0.137613
0.000000
0.000000
0.000000
0.000000
0.555267
0.000000
1.792304
0.000000
0.000000
0.000000
0.000000
0.000000
0.000000
0.000000
0.000000
0.000000
0.000000
0.000000
0.854038
0.000000
0.000000
0.001317
1.461606
0.000000
2.066331
0.000000
0.000000
0.000000
0.000000
0.000000
1.215555
0.000000
0.000000
0.000000
0.000000
0.921436
0.000000
0.000000
0.751445
0.000000
0.000000
0.000000
0.000000
0.000000
0.519391
0.000000
0.000000
0.216062
0.000000
0.000000
0.000000
0.000000
0.000000
0.000000
0.046223
0.000000
0.000000
0.000000
0.000000
2.134881
0.000000
0.000000
2.545582
0.000000
0.124651
0.000000
0.000000
0.000000
0.000000
0.000000
0.000000
0.000000
1.080314
0.000000
0.000000
0.123590
0.000000
1.933094
0.000000
0.000000
0.000000
0.251967
0.000000
0.000000
0.302007
0.000000
0.000000
0.000000
0.125798
0.000000
0.000000
0.000000
0.000000
0.000000
0.000000
0.000000
0.000000
0.000000
0.000000
0.000000
0.000000
0.000000
0.000000
0.300547
0.095756
0.000000
0.000000
0.000000
0.000000
0.000000
0.000000
0.000000
0.000000
0.000000
0.000000
0.000000
0.000000
0.000000
0.000000
0.000000
0.000000
0.000000
0.000000
0.000000
0.000000
0.303372
0.305454
0.000000
0.000000
0.799779
0.000000
0.000000
0.000000
0.000000
0.000000
0.000000
0.000000
0.000000
1.474838
0.000000
0.481547
0.499031
0.000000
0.000000
0.000000
0.000000
0.486438
0.000000
0.000000
2.281936
0.000000
0.730036
0.000000
0.366249
0.000000
0.000000
0.000000
0.000000
0.000000
0.000000
0.769347
0.000000
0.000000
1.042714
0.334471
1.005233
0.000000
0.000000
0.683235
0.000000
0.000000
0.000000
0.000000
0.000000
0.000000
0.000000
0.000000
0.000000
0.000000
0.000000
0.000000
0.000000
0.685002
0.000000
0.000000
0.000000
0.000000
0.000000
0.000000
0.000000
0.000000
0.000000
0.000000
0.000000
0.000000
0.000000
0.000000
0.000000
0.000000
0.000000
0.000000
0.000000
0.000000
0.000000
0.000000
0.000000
0.000000
0.000000
0.762038
0.000000
0.000000
0.000000
0.000000
0.000000
0.172483
0.000000
0.000000
0.000000
0.000000
0.000000
0.000000
0.000000
0.000000
0.000000
0.000000
0.000000
0.000000
0.000000
0.000000
0.000000
2.351345
0.868445
0.000000
0.000000
0.000000
1.326571
0.000000
0.000000
0.000000
0.000000
0.000000
0.000000
0.335970
0.000000
0.000000
0.000000
0.000000
0.000000
0.000000
1.792177
0.000000
0.000000
0.000000
0.000000
0.000000
0.000000
0.000000
0.000000
1.444715
0.000000
0.000000
0.000000
0.000000
0.000000
0.000000
0.000000
0.000000
0.000000
0.000000
0.000000
0.000000
0.000000
0.000000
0.000000
0.000000
0.000000
0.000000
0.000000
0.000000
0.000000
0.000000
0.000000
0.000000
0.000000
0.000000
0.313886
0.000000
0.505121
0.000000
0.000000
0.000000
0.000000
0.000000
0.000000
0.000000
0.000000
0.000000
0.000000
0.000000
0.000000
0.000000
0.000000
0.000000
0.000000
0.000000
0.000000
0.000000
0.000000
0.000000
0.000000
0.000000
1.232309
1.409426
0.000000
0.000000
0.022282
0.000000
0.000000
2.846207
0.000000
1.056904
3.050655
0.669843
0.000000
0.000000
0.000000
0.000000
0.000000
0.000000
0.000000
0.000000
0.000000
0.456949
0.000000
0.000000
0.000000
0.000000
3.674773
1.884923
0.000000
0.000000
0.000000
0.000000
0.000000
0.000000
0.000000
0.000000
0.000000
0.000000
0.000000
0.000000
0.000000
0.000000
0.000000
0.000000
0.000000
0.000000
0.000000
0.000000
0.000000
0.000000
0.000000
0.000000
0.000000
1.190263
0.000000
0.000000
0.000000
0.000000
0.000000
0.000000
0.000000
0.000000
0.000000
0.000000
0.000000
2.107572
0.000000
0.000000
0.000000
0.000000
0.000000
0.000000
0.820779
0.000000
0.000000
0.000000
0.000000
0.000000
0.000000
0.176593
0.000000
0.000000
0.000000
0.000000
0.000000
0.000000
0.000000
0.000000
0.000000
0.000000
0.000000
0.980575
0.000000
0.000000
2.712601
4.085686
0.500827
0.000000
0.000000
0.000000
0.000000
0.000000
0.000000
0.000000
0.000000
0.000000
0.000000
0.000000
0.000000
0.000000
0.000000
0.000000
0.000000
0.000000
0.000000
0.000000
0.000000
0.000000
0.055828
0.000000
0.000000
0.910049
0.284832
0.000000
0.000000
0.000000
0.000000
0.000000
0.000000
0.000000
0.000000
0.000000
0.000000
0.000000
0.224285
0.000000
1.710088
0.000000
0.000000
2.993140
0.000000
0.000000
0.000000
0.000000
0.000000
0.000000
0.081139
0.000000
0.000000
1.061574
0.000000
0.000000
0.136659
0.000000
0.000000
0.000000
0.000000
0.000000
0.000000
0.000000
1.395875
0.000000
0.000000
0.000000
0.000000
0.000000
0.000000
2.675537
0.000000
0.000000
2.449989
0.612092
0.000000
0.000000
0.000000
0.000000
2.564712
0.000000
0.000000
0.000000
0.000000
0.000000
0.000000
0.000000
0.000000
0.000000
0.102708
0.819265
0.000000
0.000000
0.000000
0.000000
0.706975
0.000000
0.000000
0.000000
0.000000
0.000000
0.000000
0.000000
0.000000
0.000000
0.000000
0.000000
0.000000
0.000000
0.000000
3.313567
0.000000
0.000000
0.000000
0.000000
0.000000
0.000000
0.608517
0.000000
0.000000
0.000000
0.000000
0.000000
0.000000
0.000000
0.000000
0.000000
0.435902
0.000000
0.000000
0.000000
1.296201
0.000000
0.000000
0.000000
0.257029
0.000000
1.416325
0.000000
0.000000
0.000000
0.000000
0.246402
0.000000
0.000000
0.000000
0.167924
2.657814
0.000000
0.000000
0.000000
0.000000
0.000000
0.000000
0.000000
0.000000
0.000000
0.000000
0.769002
1.763043
2.215786
0.000000
0.000000
0.000000
0.000000
0.000000
1.447059
0.000000
0.000000
0.000000
0.000000
0.000000
0.000000
0.000000
0.000000
0.000000
0.000000
0.659844
0.000000
0.000000
0.000000
0.000000
0.000000
0.000000
0.000000
1.028594
0.000000
1.220437
0.000000
0.000000
0.000000
0.253145
0.000000
0.000000
0.000000
0.000000
0.155103
0.000000
0.000000
0.000000
0.000000
0.000000
0.000000
0.000000
2.613266
0.000000
0.000000
0.340879
0.000000
0.000000
1.783691
0.000000
1.322214
0.297852
0.696637
0.000000
0.000000
0.000000
0.000000
0.000000
0.000000
0.000000
0.000000
0.559467
0.000000
0.000000
0.000000
0.000000
0.000000
0.000000
0.000000
0.000000
0.000000
0.000000
0.000000
0.000000
0.000000
0.325388
0.247897
0.000000
0.000000
0.000000
2.198707
0.000000
0.000000
0.000000
0.000000
0.000000
0.000000
0.684152
0.000000
0.000000
0.000000
0.000000
0.000000
0.000000
0.000000
0.000000
0.000000
0.000000
0.000000
0.000000
0.000000
0.092787
0.000000
0.000000
0.000000
1.262218
0.000000
0.000000
0.000000
0.721442
0.775775
0.000000
0.000000
0.000000
0.262904
0.000000
0.000000
1.419626
0.000000
0.000000
0.000000
0.000000
1.423675
0.000000
0.000000
0.000000
0.000000
0.000000
0.000000
0.000000
0.000000
0.000000
0.000000
0.000000
0.000000
0.000000
0.000000
0.000000
0.479107
0.000000
0.000000
0.000000
0.000000
0.740908
0.000000
0.000000
0.000000
0.000000
0.000000
0.167533
1.010669
0.080633
0.000000
0.000000
0.000000
1.281963
0.000000
0.000000
0.000000
0.000000
0.000000
0.000000
0.000000
0.000000
0.000000
0.000000
0.000000
0.000000
0.000000
0.000000
0.000000
0.075955
0.000000
0.000000
0.000000
0.000000
0.540315
1.472468
0.000000
0.000000
0.000000
0.000000
0.000000
0.000000
0.000000
0.000000
0.000000
0.000000
0.000000
0.000000
0.000000
0.000000
0.000000
0.000000
0.000000
0.000000
0.382978
0.000000
0.000000
0.000000
0.000000
0.000000
1.506821
0.000000
0.000000
0.000000
0.000000
0.000000
0.000000
0.000000
0.000000
0.517739
0.000000
0.000000
0.000000
0.000000
0.000000
0.000000
0.000000
1.272045
0.000000
0.000000
0.000000
0.000000
0.000000
0.000000
0.000000
0.320458
0.000000
0.000000
0.000000
0.000000
0.000000
0.000000
0.000000
0.000000
0.000000
0.128600
0.000000
0.000000
1.194387
0.000000
0.000000
0.000000
0.000000
0.000000
0.000000
0.000000
0.000000
0.000000
1.458938
0.000000
0.000000
0.000000
0.000000
0.000000
0.000000
0.000000
0.000000
0.000000
0.000000
0.000000
0.000000
0.000000
0.000000
0.000000
0.028175
0.000000
4.852773
0.000000
0.000000
0.000000
0.000000
0.000000
0.000000
0.000000
0.000000
0.000000
0.000000
0.000000
0.000000
0.970015
0.000000
0.000000
0.000000
0.000000
0.000000
0.000000
0.000000
0.000000
0.000000
0.000000
0.000000
0.000000
0.000000
0.000000
0.000000
0.000000
0.000000
0.000000
0.000000
0.000000
0.012481
0.000000
0.000000
0.000000
0.000000
0.000000
0.000000
0.000000
0.000000
0.000000
0.000000
0.000000
0.000000
0.000000
0.000000
1.280801
0.000000
0.000000
0.000000
0.000000
0.000000
0.000000
0.000000
0.000000
0.000000
0.000000
0.000000
0.834072
0.000000
0.000000
0.000000
0.000000
0.000000
0.000000
0.000000
0.000000
0.000000
0.000000
0.504175
0.000000
1.121050
0.000000
0.000000
0.000000
0.000000
0.000000
0.000000
0.000000
2.915904
0.000000
0.000000
0.000000
0.000000
0.000000
0.797076
0.597586
0.000000
0.000000
0.000000
0.136799
0.000000
0.000000
0.906555
0.000000
0.000000
0.000000
0.337237
0.079060
0.678597
0.000000
0.000000
0.000000
0.000000
0.258810
0.000000
0.000000
0.000000
0.000000
0.530941
0.000000
0.000000
0.000000
0.000000
0.315461
0.000000
0.000000
0.173072
1.055078
0.000000
0.000000
0.000000
0.000000
0.000000
0.000000
0.000000
0.000000
0.000000
0.000000
0.000000
0.549186
0.275103
0.462837
0.000000
0.000000
0.000000
0.000000
0.000000
0.511194
0.000000
0.000000
0.000000
0.947723
0.000000
0.000000
0.000000
0.000000
0.000000
0.000000
0.000000
0.000000
0.000000
0.000000
0.201263
0.000000
0.000000
0.000000
0.000000
0.000000
0.000000
0.000000
0.504822
0.000000
0.000000
0.000000
1.086382
0.000000
0.000000
0.282431
0.000000
0.000000
0.000000
0.000000
0.000000
0.000000
0.256630
0.000000
0.000000
0.000000
0.000000
0.000000
0.000000
0.000000
0.000000
0.000000
0.000000
0.000000
2.613276
0.000000
0.000000
2.246107
0.000000
0.000000
0.000000
0.000000
0.000000
0.000000
0.000000
0.000000
0.000000
0.000000
0.481143
0.000000
0.000000
1.795092
0.672120
0.000000
0.000000
1.751545
0.000000
0.000000
2.607163
0.000000
0.000000
0.000000
0.000000
0.000000
0.000000
0.000000
0.000000
0.000000
0.000000
0.000000
0.000000
0.000000
0.000000
0.000000
0.095036
0.000000
0.000000
0.307921
0.000000
0.000000
0.000000
0.195783
0.000000
0.000000
0.000000
0.348791
0.381028
0.000000
0.000000
1.281257
0.000000
0.000000
0.000000
0.000000
0.000000
3.698823
1.271383
0.000000
0.000000
0.000000
0.000000
0.000000
0.000000
0.000000
0.000000
0.000000
0.000000
0.000000
0.000000
0.000000
0.000000
0.000000
0.000000
0.000000
0.000000
0.000000
0.000000
0.000000
0.000000
0.000000
0.000000
0.000000
0.000000
0.000000
0.000000
0.000000
0.000000
0.000000
0.000000
0.991717
0.000000
0.000000
1.415679
0.000000
0.204000
0.000000
0.000000
0.000000
0.000000
0.000000
0.000000
0.840812
0.427824
0.000000
1.856032
0.000000
0.742059
0.000000
0.000000
0.000000
0.185707
0.000000
0.000000
0.000000
0.187051
0.000000
0.000000
0.000000
0.000000
0.183935
0.637940
0.000000
2.492096
0.000000
0.000000
0.968095
0.000000
0.000000
0.000000
0.000000
0.000000
0.514177
0.000000
0.000000
3.460428
0.000000
0.000000
0.000000
1.776257
0.000000
0.000000
0.000000
0.000000
0.000000
0.702560
0.000000
0.000000
0.000000
0.000000
0.000000
0.429984
0.000000
0.000000
0.000000
0.000000
2.194800
0.000000
0.000000
0.000000
0.000000
0.000000
0.000000
0.000000
0.741680
0.000000
0.133106
0.000000
0.000000
0.000000
0.000000
0.000000
0.000000
0.000000
0.000000
0.000000
0.000000
0.000000
0.000000
0.000000
0.000000
0.000000
2.544029
0.000000
0.000000
0.000000
0.000000
0.000000
0.000000
0.077693
0.000000
0.822277
0.000000
0.000000
1.943952
0.000000
0.000000
0.000000
0.000000
0.000000
0.000000
0.000000
3.187406
0.000000
0.000000
0.000000
0.000000
0.000000
0.292725
0.000000
0.000000
0.000000
0.353441
3.720479
0.000000
0.000000
0.437048
0.000000
0.000000
0.000000
0.026326
0.000000
0.000000
0.000000
0.000000
0.000000
0.000000
0.000000
0.000000
0.000000
0.000000
0.000000
1.259298
0.000000
0.000000
0.000000
0.000000
0.000000
0.000000
0.000000
0.000000
0.000000
0.000000
0.000000
0.000000
0.000000
0.000000
0.000000
0.000000
0.000000
0.000000
0.000000
0.000000
0.000000
0.000000
0.000000
0.000000
0.000000
0.000000
0.000000
0.000000
0.000000
0.000000
0.000000
0.000000
0.000000
0.000000
0.000000
0.008097
0.000000
0.000000
0.000000
0.000000
0.000000
0.000000
0.000000
0.000000
0.000000
0.000000
0.000000
0.000000
0.000000
0.000000
0.000000
0.000000
0.000000
0.000000
0.000000
0.567468
0.000000
0.000000
0.000000
0.076948
0.787760
0.000000
0.000000
0.000000
0.000000
0.000000
0.000000
0.000000
0.000000
0.000000
0.000000
0.000000
0.000000
0.000000
0.063066
0.000000
0.933747
0.000000
0.000000
0.000000
0.000000
0.221897
0.000000
0.000000
1.210603
0.000000
1.415417
0.000000
0.000000
1.390946
0.000000
0.000000
0.609435
0.000000
0.000000
0.000000
0.000000
0.000000
0.000000
0.000000
0.000000
0.000000
0.000000
0.000000
0.000000
0.000000
0.185089
0.000000
0.000000
0.000000
0.000000
0.000000
0.000000
0.000000
0.000000
0.000000
0.000000
0.000000
0.000000
0.594669
0.000000
1.763810
0.000000
0.000000
0.000000
0.000000
0.000000
0.000000
0.000000
0.000000
0.000000
0.000000
0.000000
0.000000
0.000000
0.300752
0.000000
0.552156
0.000000
0.000000
0.000000
0.000000
0.000000
0.000000
0.000000
0.000000
0.566483
1.903745
0.000000
0.000000
2.524584
0.000000
0.000000
0.347446
0.000000
0.000000
0.000000
0.000000
0.000000
0.000000
0.000000
0.000000
0.000000
0.000000
0.537600
0.000000
0.000000
0.000000
0.000000
0.000000
0.000000
0.000000
0.000000
0.000000
0.000000
0.000000
0.000000
1.730586
0.000000
1.655710
0.000000
0.049621
0.000000
0.000000
0.000000
0.000000
0.000000
0.000000
0.956634
0.218749
0.000000
0.000000
0.000000
0.000000
0.000000
0.458663
0.000000
0.000000
0.000000
0.000000
0.000000
0.000000
0.506712
0.923873
0.000000
0.223283
0.000000
0.000000
0.000000
0.000000
0.000000
0.000000
0.000000
0.000000
0.000000
0.478440
0.000000
0.000000
0.000000
0.000000
0.000000
0.000000
0.000000
0.924966
0.000000
0.057623
0.000000
0.000000
0.000000
0.000000
0.000000
0.000000
0.000000
0.000000
0.000000
0.000000
0.000000
1.891157
0.000000
0.000000
0.000000
0.000000
0.000000
0.000000
0.000000
0.000000
0.000000
0.000000
0.000000
0.000000
0.000000
0.000000
0.000000
0.000000
0.000000
0.000000
0.000000
0.000000
0.000000
0.000000
0.068603
0.000000
0.000000
0.000000
0.000000
1.803606
0.213203
1.446995
0.000000
0.000000
0.000000
0.000000
0.303970
0.000000
0.000000
0.000000
0.000000
0.000000
0.000000
0.963282
0.000000
0.000000
0.038802
0.000000
0.000000
0.000000
0.000000
1.128621
0.012217
0.000000
0.000000
0.000000
0.000000
0.372300
0.000000
0.000000
0.000000
0.000000
0.000000
0.000000
0.000000
0.000000
0.000000
0.184730
0.000000
0.000000
0.000000
0.000000
0.000000
0.000000
0.000000
0.000000
0.000000
0.000000
0.000000
0.000000
0.000000
0.000000
0.000000
2.661706
0.000000
0.000000
0.000000
0.000000
0.000000
0.000000
0.000000
0.000000
0.000000
0.129295
0.000000
0.000000
1.152571
0.000000
0.000000
0.000000
2.601024
0.000000
0.000000
0.000000
0.000000
0.000000
0.000000
0.000000
0.000000
0.000000
0.000000
0.000000
0.000000
0.000000
1.914183
0.000000
0.000000
0.000000
0.000000
0.000000
0.036371
0.000000
0.235181
0.439099
2.089337
0.000000
2.488027
0.000000
0.000000
0.000000
0.000000
0.000000
0.000000
2.214859
0.000000
0.320442
0.000000
0.878008
0.000000
0.000000
0.000000
0.000000
0.000000
0.000000
0.159416
0.000000
0.317815
0.000000
0.000000
0.106244
0.000000
0.000000
0.000000
0.000000
0.000000
0.000000
0.000000
0.000000
0.000000
0.000000
0.000000
0.000000
0.000000
0.185063
0.000000
0.000000
0.000000
0.000000
0.000000
0.723148
0.000000
0.000000
0.000000
1.230008
1.885412
0.000000
0.000000
0.000000
0.000000
0.000000
0.000000
0.000000
0.000000
0.000000
2.092101
1.286968
0.000000
0.130427
0.000000
0.000000
0.000000
0.040739
0.000000
0.000000
0.000000
0.000000
0.000000
0.000000
0.000000
0.000000
0.000000
0.000000
0.000000
0.000000
0.000000
0.000000
0.000000
0.000000
0.000000
0.000000
0.000000
0.000000
0.000000
0.000000
0.000000
0.000000
0.000000
0.036209
0.000000
0.000000
2.762890
0.000000
0.000000
1.665522
0.000000
0.000000
0.000000
1.204232
0.000000
0.000000
0.000000
0.000000
0.000000
0.000000
0.000000
1.873569
0.000000
0.000000
0.000000
0.000000
0.000000
0.000000
0.000000
0.000000
0.000000
0.000000
0.272665
0.904669
0.000000
0.000000
0.000000
0.246677
1.132611
0.000000
0.000000
0.000000
0.000000
0.000000
0.000000
0.000000
0.000000
0.000000
0.000000
0.000000
0.000000
0.000000
0.000000
0.000000
0.000000
0.000000
0.000000
0.000000
0.000000
0.255236
1.608871
1.090707
0.000000
0.000000
0.000000
0.000000
0.000000
0.000000
0.000000
0.000000
0.000000
0.000000
0.280019
0.000000
0.000000
1.500333
0.000000
0.000000
0.000000
0.000000
0.000000
0.000000
0.404035
0.369722
0.000000
0.000000
0.000000
0.130049
0.230327
0.000000
0.000000
0.000000
0.000000
0.000000
0.000000
0.000000
1.240992
0.000000
0.314211
0.000000
0.000000
0.000000
1.689410
0.142153
0.000000
0.000000
0.000000
0.000000
0.000000
0.015679
0.371780
0.000000
0.000000
0.000000
0.000000
0.000000
0.000000
0.000000
0.473931
0.000000
0.000000
0.000000
0.000000
0.000000
0.000000
0.000000
0.000000
0.000000
0.000000
0.000000
2.875074
0.000000
0.000000
0.000000
0.000000
0.000000
0.000000
0.387905
2.257097
0.000000
2.202551
0.000000
0.000000
0.000000
0.963128
1.983295
0.350930
0.000000
0.000000
0.000000
0.336327
0.000000
0.000000
0.000000
0.000000
0.000000
0.000000
0.000000
0.000000
0.000000
0.000000
0.000000
0.000000
0.000000
1.178025
0.000000
0.000000
0.000000
0.000000
0.000000
0.000000
0.000000
1.600935
0.000000
0.530604
0.000000
0.000000
0.000000
0.000000
0.000000
0.000000
0.000000
0.000000
0.000000
0.000000
0.000000
0.168700
0.000000
0.000000
0.000000
0.000000
0.000000
0.000000
0.000000
0.000000
0.000000
0.000000
0.000000
0.000000
0.000000
0.000000
0.000000
0.000000
0.000000
0.000000
0.000000
2.342748
0.080001
0.441358
0.000000
0.000000
0.000000
0.000000
0.000000
0.000000
0.000000
0.000000
0.000000
0.000000
0.000000
0.102407
0.000000
0.000000
0.000000
0.000000
0.000000
0.000000
0.000000
0.000000
0.000000
0.000000
0.000000
0.000000
0.000000
0.000000
0.729238
0.000000
0.000000
0.000000
0.000000
0.000000
0.000000
0.000000
0.000000
0.000000
0.000000
0.000000
0.631381
0.000000
0.000000
0.000000
0.000000
0.344979
0.000000
0.000000
0.000000
0.000000
0.626264
0.000000
0.000000
0.000000
0.000000
0.000000
0.000000
0.000000
0.000000
0.000000
0.658175
0.000000
0.000000
0.000000
0.000000
0.000000
0.000000
0.000000
0.000000
0.303986
0.000000
0.000000
0.125194
0.000000
0.000000
0.000000
0.000000
0.000000
0.000000
0.000000
0.985823
0.000000
0.000000
0.000000
0.000000
0.000000
0.000000
0.000000
0.000000
0.000000
0.531827
0.000000
0.000000
0.000000
0.000000
0.000000
0.313734
0.000000
0.000000
0.000000
0.000000
0.000000
0.000000
0.000000
0.820181
0.000000
0.000000
0.000000
0.000000
0.000000
0.000000
0.000000
1.636667
0.000000
0.000000
0.000000
1.754482
1.860862
0.000000
0.000000
0.000000
0.000000
0.000000
0.000000
0.000000
0.000000
0.000000
0.000000
0.000000
0.000000
0.000000
0.000000
0.011799
0.000000
0.000000
0.772182
0.000000
0.000000
0.000000
0.000000
0.000000
0.000000
0.000000
0.000000
0.000000
1.327425
5.257407
0.000000
0.000000
0.000000
0.000000
0.000000
2.334857
0.000000
0.000000
0.000000
0.000000
0.000000
0.000000
0.000000
0.000000
0.000000
0.000000
0.000000
0.000000
0.000000
0.000000
0.000000
0.000000
0.000000
0.000000
1.655700
0.000000
0.184220
0.000000
0.000000
0.000000
0.000000
0.000000
0.000000
0.000000
0.000000
0.000000
0.000000
1.307866
0.000000
0.000000
0.000000
0.027544
0.000000
0.000000
0.386830
0.000000
0.500158
0.000000
0.010900
0.000000
0.000000
0.000000
0.000000
0.000000
0.000000
0.000000
0.000000
0.000000
0.000000
0.000000
0.252031
0.000000
0.000000
0.000000
0.000000
1.506238
0.000000
0.000000
2.560904
0.000000
0.000000
0.000000
0.000000
0.000000
0.000000
0.000000
0.000000
0.000000
0.000000
0.517017
0.000000
0.000000
0.000000
0.000000
0.000000
0.000000
0.000000
0.000000
0.000000
0.000000
0.487920
0.000000
1.060012
0.773316
0.000000
0.000000
0.000000
0.561304
0.024472
1.490044
0.000000
0.000000
0.000000
0.000000
0.000000
0.000000
0.000000
0.000000
1.322871
0.000000
0.000000
0.131466
0.000000
0.000000
0.000000
0.000000
0.000000
0.000000
0.000000
0.000000
0.000000
2.418645
0.000000
0.000000
0.000000
0.000000
0.000000
1.112457
0.000000
0.000000
0.000000
0.000000
0.000000
0.000000
1.071520
0.000000
0.000000
0.000000
0.000000
0.000000
0.000000
0.000000
0.000000
0.000000
0.891026
0.000000
0.000000
0.000000
0.000000
2.727697
0.000000
0.000000
1.960601
0.000000
0.000000
0.000000
0.000000
0.000000
0.000000
0.000000
0.000000
0.000000
0.000000
0.000000
0.000000
0.000000
0.000000
0.000000
0.000000
0.000000
0.000000
0.000000
0.000000
0.000000
0.000000
0.000000
0.000000
0.000000
0.000000
0.000000
0.000000
0.000000
0.000000
1.842480
0.000000
1.295799
0.000000
0.000000
0.315055
0.000000
0.000000
1.108084
0.000000
0.000000
0.000000
0.008634
0.000000
2.338153
0.000000
0.000000
0.000000
0.000000
0.000000
0.804504
1.385823
0.000000
0.000000
0.000000
0.000000
0.000000
0.000000
0.000000
0.000000
0.000000
0.480662
0.000000
0.000000
3.733129
0.000000
0.000000
0.000000
0.245483
0.000000
0.000000
0.000000
0.000000
0.000000
0.000000
0.000000
0.000000
0.000000
0.000000
0.000000
0.000000
0.233324
0.000000
0.000000
0.000000
0.000000
0.275046
0.817573
1.352165
0.000000
1.174340
0.000000
0.000000
0.000000
0.000000
0.000000
0.000000
0.000000
0.000000
0.000000
1.248229
0.000000
0.000000
0.000000
0.000000
0.000000
2.249440
0.000000
0.897768
0.143963
