0.000000
0.000000
0.000000
0.000000
0.000000
0.000000
0.345112
0.000000
0.000000
0.000000
0.000000
0.065229
0.956780
0.373625
0.000000
0.311983
0.000000
0.000000
0.000000
0.000000
0.000000
0.000000
0.000000
0.360837
0.000000
0.000000
0.000000
0.000000
0.000000
0.000000
0.100573
0.000000
0.000000
0.000000
0.000000
0.000000
0.000000
0.572935
0.000000
0.000000
0.000000
0.000000
0.000000
0.000000
0.000000
0.000000
0.796951
0.000000
0.000000
0.000000
0.000000
0.000000
0.000000
0.000000
0.000000
0.407242
0.000000
0.000000
0.000000
0.000000
0.755568
0.000000
0.000000
1.199624
0.923367
0.000000
0.000000
0.260402
0.000000
0.616714
0.000000
0.000000
0.000000
0.000000
0.000000
0.000000
0.000000
0.000000
0.000000
0.000000
0.000000
0.000000
0.000000
0.000000
0.000000
0.000000
0.000000
0.184596
0.000000
0.000000
0.000000
0.071272
0.000000
0.000000
0.000000
0.000000
0.248831
0.000000
0.000000
0.000000
0.000000
0.535812
0.000000
0.000000
0.000000
0.000000
0.885141
0.000000
0.000000
0.000000
0.000000
0.774006
0.000000
0.000000
0.000000
0.000000
0.000000
0.000000
0.125668
0.000000
0.000000
0.000000
0.000000
1.539627
0.000000
0.649269
0.831977
0.000000
0.000000
0.000000
0.000000
0.000000
0.000000
0.000000
0.000000
0.890953
0.000000
0.000000
0.000000
0.000000
0.111979
0.000000
0.006110
0.000000
0.000000
0.000000
0.434893
0.461390
0.000000
0.000000
0.000000
0.000000
0.000000
0.888608
0.265650
0.000000
0.000000
0.000000
0.341612
0.000000
0.000000
0.000000
0.000000
0.000000
0.000000
0.455491
0.000000
1.004191
0.000000
0.000000
0.000000
0.000000
0.000000
0.495846
0.000000
0.000000
0.895300
0.561999
0.000000
0.000000
0.000000
0.000000
1.025204
0.000000
0.000000
0.000000
0.000000
0.000000
0.000000
0.000000
0.000000
0.068396
0.000000
0.000000
0.000000
0.222636
1.289571
0.000000
0.000000
0.000000
0.000000
0.000000
0.000000
0.000000
0.000000
0.000000
0.000000
0.000000
0.000000
0.000000
0.277110
0.000000
0.703992
0.000000
0.000000
0.000000
0.000000
0.206886
0.000000
0.000000
0.000000
0.000000
0.000000
0.000000
0.000000
0.000000
0.000000
0.000000
0.000000
0.361092
0.000000
0.000000
0.422443
0.000000
0.000000
0.000000
0.000000
0.000000
0.000000
0.000000
0.051080
0.000000
0.000000
0.379612
0.093356
1.907982
0.000000
0.000000
0.000000
0.000000
0.188647
0.551242
0.000000
0.517640
0.000000
0.000000
0.000000
0.000000
0.000000
0.528330
0.000000
0.343693
0.000000
0.000000
2.199164
0.717925
0.000000
1.234420
0.000000
0.000000
0.768910
0.000000
0.000000
0.000000
0.000000
0.000000
0.000000
0.000000
0.000000
0.000000
0.000000
0.000000
0.273310
0.000000
0.000000
0.000000
0.000000
0.000000
0.000000
1.898642
0.000000
0.378358
0.429726
0.000000
0.000000
1.217615
0.000000
0.000000
0.000000
0.000000
0.000000
0.000000
0.000000
0.000000
0.000000
0.000000
0.000000
0.263858
0.000000
0.000000
1.552093
0.000000
0.000000
0.752218
0.000000
0.000000
0.000000
0.352840
0.000000
0.000000
0.000000
0.000000
0.000000
0.000000
0.000000
0.000000
0.000000
0.000000
0.000000
0.000000
0.000000
0.000000
0.000000
0.955196
0.000000
0.000000
0.000000
0.000000
0.000000
0.000000
0.000000
0.000000
0.000000
1.545286
0.000000
0.000000
0.000000
0.000000
0.000000
0.000000
0.000000
0.000000
0.562587
0.000000
0.000000
0.009284
0.000000
0.737119
0.000000
0.000000
0.000000
0.000000
0.000000
0.000000
0.000000
0.000000
0.000000
0.000000
1.943464
0.000000
0.000000
0.000000
0.000000
0.000000
0.000000
0.000000
0.776229
0.000000
0.000000
0.461615
0.000000
0.000000
0.595859
0.000000
0.949713
1.330460
0.000000
0.000000
0.000000
0.287344
0.000000
0.000000
0.000000
0.000000
0.000000
0.000000
0.000000
0.000000
0.000000
1.718351
0.000000
0.000000
0.000000
0.000000
0.000000
0.000000
0.000000
0.000000
0.000000
0.000000
0.000000
0.000000
0.000000
0.000000
0.000000
0.000000
0.000000
0.000000
0.000000
0.000000
0.000000
0.000000
0.000000
0.000000
0.000000
0.000000
0.113906
0.893372
0.000000
0.000000
0.000000
0.141345
0.000000
0.000000
0.000000
0.000000
0.000000
0.480307
0.000000
0.000000
0.000000
0.000000
1.260618
0.000000
0.000000
0.000000
0.000000
0.000000
0.000000
0.460164
0.000000
0.000000
1.234878
0.000000
0.000000
0.000000
1.158062
0.000000
0.000000
0.293174
2.944554
0.000000
0.908814
0.000000
0.272016
0.000000
1.279979
0.000000
0.000000
0.000000
0.000000
0.000000
0.000000
0.000000
0.000000
0.000000
0.000000
0.000000
0.000000
0.944130
0.000000
0.000000
0.000000
0.000000
0.000000
0.000000
1.088538
0.000000
0.000000
2.067639
0.000000
0.000000
0.000000
0.327843
0.727619
0.000000
0.000000
0.000000
0.379767
0.000000
0.000000
0.000000
0.000000
0.000000
0.000000
0.000000
0.000000
0.000000
0.000000
0.000000
0.000000
2.222836
0.834569
0.000000
0.000000
0.000000
0.704572
0.000000
0.000000
0.000000
1.679688
0.000000
0.979941
1.021969
0.000000
0.000000
0.000000
0.000000
0.000000
0.000000
1.067878
0.000000
0.000000
0.466001
0.000000
1.340251
0.000000
0.074244
1.068729
0.000000
0.000000
0.000000
0.000000
0.000000
0.000000
0.000000
2.664369
0.346582
0.000000
0.893893
1.570633
1.751010
0.158267
0.787581
0.000000
0.000000
1.239334
0.000000
0.000000
0.120725
0.201190
0.000000
0.000000
0.000000
0.000000
0.000000
0.000000
0.000000
0.000000
3.066740
0.000000
0.000000
0.000000
2.058314
0.000000
0.000000
1.752608
0.338565
0.000000
0.000000
0.000000
0.000000
1.328543
0.000000
0.000000
0.000000
0.000000
1.061744
0.000000
0.000000
0.136792
0.000000
0.065095
0.000000
0.000000
0.000000
0.000000
0.057790
0.000000
0.000000
0.000000
0.000000
0.000000
0.000000
0.000000
0.000000
0.000000
0.000000
0.000000
0.000000
0.000000
0.665266
0.000000
0.000000
0.000000
1.867466
0.000000
0.000000
0.000000
0.000000
0.000000
2.074167
1.903948
1.344624
0.000000
0.000000
0.000000
0.000000
1.620386
0.521903
1.112964
0.000000
0.919662
0.000000
0.000000
0.000000
0.000000
0.000000
1.245776
0.000000
0.000000
1.257239
0.000000
0.000000
0.000000
0.000000
0.000000
0.000000
0.000000
0.000000
0.000000
0.124020
0.000000
0.000000
0.000000
0.000000
0.000000
0.000000
0.000000
0.000000
0.323692
0.000000
0.000000
0.000000
0.000000
0.000000
2.884929
0.000000
0.000000
1.665261
0.000000
0.000000
0.000000
0.000000
0.000000
0.000000
2.295461
0.000000
0.000000
0.000000
0.000000
0.000000
0.000000
0.726564
0.000000
0.809983
0.000000
0.000000
0.000000
0.000000
0.000000
0.000000
0.000000
0.000000
0.724128
0.000000
0.000000
0.000000
0.000000
0.000000
0.000000
0.000000
0.000000
0.000000
0.000000
0.000000
0.606136
0.148474
0.928742
0.000000
0.179986
0.000000
0.000000
0.000000
0.000000
0.000000
0.000000
1.043766
1.254464
0.000000
0.000000
0.739761
0.000000
0.000000
1.481966
0.000000
0.000000
0.000000
0.000000
0.000000
0.000000
0.208111
0.000000
0.000000
0.000000
0.000000
0.107043
0.000000
0.000000
1.136416
0.000000
0.000000
0.274713
0.000000
0.301985
0.000000
0.000000
0.000000
0.000000
0.156997
0.000000
0.000000
0.000000
0.000000
0.000000
0.000000
0.000000
0.000000
0.000000
0.000000
0.000000
0.000000
0.000000
0.000000
0.000000
0.000000
0.000000
0.000000
0.000000
0.773676
0.000000
0.000000
1.336936
0.000000
0.000000
0.000000
0.000000
0.000000
0.000000
0.000000
0.000000
0.000000
0.000000
0.000000
0.000000
0.000000
0.000000
0.000000
0.151639
0.000000
0.000000
0.000000
0.000000
0.000000
0.000000
0.000000
0.000000
0.000000
0.000000
0.093759
0.119144
0.000000
0.000000
0.000000
0.202293
1.995407
0.000000
0.000000
0.000000
0.608469
0.992967
0.000000
0.000000
0.000000
1.471907
0.000000
0.000000
0.000000
0.000000
0.844270
0.000000
0.000000
0.000000
0.000000
0.000000
0.000000
0.000000
0.000000
0.000000
0.000000
0.000000
0.000000
0.000000
1.757050
0.000000
0.442129
0.000000
0.000000
0.000000
0.000000
0.000000
0.000000
0.000000
0.000000
0.516220
0.000000
0.000000
0.000000
0.000000
0.000000
0.233171
0.000000
0.000000
0.000000
0.000000
0.101303
2.355983
0.062459
1.271598
0.742409
0.000000
0.000000
0.000000
0.000000
0.000000
0.000000
0.000000
0.000000
0.000000
0.000000
0.000000
0.000000
0.000000
0.000000
1.779686
0.000000
0.039852
1.175358
0.013226
0.000000
0.000000
0.558470
0.000000
0.000000
0.000000
0.000000
1.380121
0.000000
0.000000
1.097635
0.000000
0.594812
0.000000
0.575695
0.000000
0.746466
0.000000
0.000000
0.000000
0.000000
0.637701
0.000000
0.000000
0.000000
0.000000
0.000000
0.000000
0.000000
0.000000
0.000000
0.000000
0.000000
0.000000
0.000000
0.000000
0.000000
1.268043
0.000000
0.644915
0.000000
0.000000
1.051655
0.000000
0.000000
0.000000
0.000000
0.000000
0.000000
0.000000
0.819430
0.000000
0.000000
0.000000
0.000000
0.000000
2.227180
0.000000
0.735969
0.000000
0.000000
0.000000
0.076364
0.000000
0.000000
0.000000
0.147422
0.000000
0.000000
0.000000
0.745282
0.000000
0.000000
0.277108
0.204190
0.000000
0.000000
0.823507
0.000000
0.000000
0.000000
0.000000
0.000000
0.000000
0.000000
1.555480
0.440461
0.000000
0.000000
0.000000
0.580051
0.000000
0.000000
0.000000
0.000000
0.000000
0.000000
0.000000
0.000000
1.399275
0.000000
0.000000
0.000000
0.000000
0.000000
0.000000
1.145077
0.000000
0.000000
0.000000
0.000000
0.000000
0.060352
0.109577
0.000000
0.000000
0.000000
0.000000
1.822046
0.062093
3.396511
0.000000
0.403755
0.000000
0.000000
0.000000
0.000000
0.000000
0.057947
0.000000
0.000000
1.328054
0.000000
0.000000
0.000000
0.990593
0.000000
0.000000
0.000000
0.000000
0.000000
0.000000
1.723200
0.000000
0.000000
0.000000
0.000000
0.000000
0.000000
0.000000
0.000000
0.000000
0.320413
0.000000
0.000000
0.000000
0.000000
0.000000
0.000000
0.000000
0.000000
0.000000
0.000000
0.000000
0.000000
0.000000
0.000000
0.301094
0.000000
0.000000
0.000000
0.000000
0.000000
0.000000
0.182679
0.000000
0.000000
0.000000
0.000000
0.000000
0.000000
0.000000
0.000000
0.000000
0.000000
0.000000
0.855267
0.000000
0.000000
0.177514
0.002848
0.000000
0.000000
0.000000
1.611215
0.000000
0.000000
0.000000
0.000000
0.000000
0.998303
0.000000
0.000000
0.000000
0.000000
0.000000
0.000000
0.000000
0.000000
0.000000
0.000000
0.000000
0.000000
1.680779
1.769695
0.000000
0.000000
0.000000
0.000000
0.000000
0.000000
0.000000
0.000000
0.215034
0.000000
0.000000
0.000000
0.000000
0.000000
0.220418
0.000000
1.152933
0.000000
0.000000
0.000000
0.158930
0.000000
1.067518
0.000000
0.000000
0.000000
0.000000
0.136986
0.000000
0.000000
0.000000
0.000000
0.343012
0.000000
0.000000
0.574114
0.000000
0.000000
0.000000
0.000000
0.000000
0.000000
0.000000
0.000000
0.000000
0.000000
0.000000
0.000000
0.000000
0.000000
0.000000
0.000000
0.000000
0.000000
0.000000
0.000000
0.000000
0.000000
0.000000
1.093813
0.000000
0.000000
0.650942
0.000000
0.000000
0.000000
0.000000
0.000000
0.000000
0.000000
0.000000
0.000000
1.074415
0.000000
0.000000
0.000000
1.416079
0.000000
0.000000
0.000000
0.173717
0.000000
0.000000
0.000000
0.211703
0.000000
0.000000
0.000000
1.120449
0.000000
0.000000
0.000000
0.000000
0.408390
0.000000
0.000000
0.000000
0.352772
0.000000
0.000000
0.000000
0.000000
0.000000
0.000000
0.000000
0.000000
0.000000
0.000000
0.000000
0.000000
0.000000
0.000000
0.693327
0.000000
0.000000
0.000000
0.000000
0.000000
0.000000
0.000000
0.143351
0.000000
0.000000
0.544211
0.000000
0.000000
0.000000
0.000000
0.974395
0.766487
0.000000
0.000000
0.000000
0.000000
0.610510
0.210044
0.000000
0.000000
0.000000
1.293210
0.323415
0.000000
0.984900
0.000000
0.000000
0.000000
0.040415
0.400941
0.000000
0.000000
0.000000
0.000000
0.000000
0.000000
0.000000
0.000000
0.000000
0.000000
0.206923
0.000000
0.000000
0.000000
0.000000
0.000000
0.000000
1.399186
0.029064
0.000000
0.000000
0.000000
0.000000
0.000000
0.000000
0.000000
0.000000
0.071003
0.000000
0.254830
0.157589
1.254903
0.000000
0.000000
0.742425
0.000000
0.000000
0.000000
0.000000
0.000000
0.000000
0.000000
0.000000
0.000000
0.000000
0.000000
0.887416
0.000000
0.000000
0.000000
0.067142
0.000000
0.003453
0.000000
0.000000
0.000000
0.000000
0.000000
3.866319
1.188844
0.000000
0.000000
0.000000
0.000000
0.000000
0.000000
0.000000
0.000000
0.000000
1.251004
0.175807
0.000000
0.000000
0.000000
0.000000
0.000000
0.733903
0.000000
0.000000
0.864540
0.000000
0.000000
0.648008
0.000000
0.000000
0.000000
0.000000
0.000000
0.000000
0.000000
0.000000
0.000000
0.000000
0.000000
0.000000
0.000000
0.000000
0.000000
0.000000
0.000000
0.000000
0.000000
0.000000
0.000000
0.000000
0.008343
0.000000
0.798693
1.309224
0.000000
0.000000
0.495987
0.000000
0.000000
0.000000
0.000000
0.000000
0.000000
1.184203
0.053012
0.000000
0.000000
0.000000
0.000000
0.000000
1.221347
0.000000
0.000000
0.805293
0.000000
0.000000
0.000000
0.919453
0.000000
1.238595
0.000000
0.000000
0.000000
0.000000
0.000000
0.000000
0.000000
0.000000
0.959718
0.000000
0.000000
0.000000
0.000000
0.000000
0.000000
0.524554
0.000000
0.000000
0.146926
0.000000
0.000000
0.000000
0.000000
0.086105
0.291224
0.000000
0.000000
0.178653
0.000000
0.000000
2.714997
0.000000
0.000000
0.000000
0.000000
0.071997
0.000000
0.000000
2.168658
0.000000
0.829039
0.000000
0.000000
0.918956
0.209239
0.301268
0.000000
0.000000
0.000000
1.210233
0.000000
0.000000
0.000000
0.000000
0.000000
0.000000
0.000000
0.000000
0.000000
0.000000
0.000000
0.000000
0.000000
0.000000
0.000000
0.000000
0.000000
1.019038
0.000000
0.550170
0.000000
0.000000
0.000000
0.494520
0.000000
0.000000
0.000000
0.000000
0.000000
0.000000
0.000000
0.000000
0.000000
0.000000
0.000000
0.000000
0.000000
0.000000
0.000000
0.000000
0.000000
0.000000
0.000000
0.000000
0.048632
0.000000
0.000000
1.420046
0.000000
0.572631
0.000000
0.000000
0.000000
0.000000
0.000000
0.297689
0.000000
1.653761
0.274260
0.000000
0.000000
0.000000
0.000000
0.741986
0.000000
0.000000
0.000000
0.047404
0.000000
0.000000
0.000000
0.000000
0.000000
0.000000
0.000000
0.000000
0.000000
0.000000
1.495700
0.000000
0.000000
0.000000
0.000000
0.000000
0.000000
0.000000
0.000000
0.000000
0.000000
0.000000
0.989892
0.000000
1.326016
0.000000
0.055475
0.427531
0.000000
0.000000
0.000000
0.000000
0.000000
0.000000
0.000000
0.000000
0.000000
0.000000
0.000000
0.000000
0.000000
0.285177
0.374119
0.000000
0.000000
0.000000
0.943195
0.000000
0.000000
0.000000
0.000000
0.000000
0.000000
0.000000
0.012309
0.000000
0.000000
0.000000
0.000000
0.000000
0.544777
1.183235
0.000000
0.000000
0.000000
0.000000
0.000000
0.190701
2.089947
0.000000
0.000000
0.000000
0.000000
0.000000
2.665240
0.000000
0.258093
0.000000
0.000000
0.877681
0.000000
0.027563
0.000000
0.000000
0.000000
0.000000
0.000000
0.000000
0.000000
0.000000
0.000000
0.000000
0.000000
0.000000
0.000000
0.000000
0.000000
0.343830
0.000000
0.000000
0.000000
0.000000
0.950425
0.000000
0.000000
0.000000
0.756245
0.000000
0.924304
2.170517
0.000000
0.247519
0.000000
0.000000
1.214509
0.000000
0.000000
0.000000
0.000000
0.000000
0.000000
0.000000
0.000000
0.000000
0.000000
0.000000
0.000000
0.000000
0.000000
0.000000
0.000000
0.540424
0.555610
0.000000
0.124476
0.000000
0.000000
0.000000
0.000000
0.000000
0.000000
0.000000
0.000000
0.000000
0.470189
0.000000
0.000000
0.512044
0.000000
0.000000
0.000000
0.000000
0.000000
0.000000
0.498796
0.000000
0.000000
0.000000
0.000000
0.000000
1.070906
0.000000
0.000000
0.000000
1.276108
0.000000
0.000000
0.000000
0.356268
0.000000
0.000000
0.000000
0.212422
0.016429
0.816773
0.740434
0.000000
0.000000
0.000000
0.000000
0.078361
0.000000
1.393173
0.000000
0.000000
0.000000
0.000000
0.721316
2.536764
0.000000
0.000000
0.000000
0.000000
0.000000
0.000000
0.001216
0.000000
0.000000
1.299668
0.086123
0.000000
0.000000
0.680750
0.682194
0.000000
0.000000
0.326296
0.000000
0.000000
0.698965
1.060344
0.000000
0.392276
0.737900
0.000000
0.000000
1.578434
0.000000
0.000000
0.000000
0.000000
1.767203
0.115929
0.626824
0.000000
0.000000
0.000000
0.000000
0.000000
0.000000
0.000000
1.210171
0.234414
0.000000
0.000000
0.000000
0.000000
0.000000
0.000000
0.000000
0.000000
0.000000
0.000000
0.000000
0.000000
0.000000
0.449349
0.176685
0.000000
0.151046
1.390902
0.000000
0.000000
0.000000
0.000000
0.000000
0.000000
0.000000
0.000000
0.000000
1.568877
0.000000
0.000000
0.000000
0.000000
0.000000
0.000000
0.000000
0.000000
0.159478
0.000000
0.000000
0.000000
0.000000
0.739629
0.000000
0.000000
0.000000
0.000000
0.000000
0.000000
0.000000
0.000000
0.000000
0.135829
0.000000
0.000000
0.000000
0.000000
0.000000
1.044229
0.000000
0.821609
0.000000
0.000000
0.000000
0.000000
0.000000
0.000000
0.057539
0.000000
0.000000
0.000000
1.396973
0.000000
0.000000
0.205295
0.000000
0.000000
0.000000
0.000000
0.000000
0.000000
0.000000
0.000000
2.317404
0.000000
0.000000
0.000000
0.000000
0.000000
0.000000
0.000000
0.000000
0.000000
0.593546
0.384497
0.076867
0.000000
0.000000
0.239195
0.000000
0.000000
0.000000
0.595363
0.000000
0.000000
0.093687
0.000000
1.409740
2.198979
0.263778
0.000000
2.056784
1.146710
0.295988
0.000000
0.000000
0.000000
0.000000
0.634202
0.000000
0.534291
0.101487
0.000000
0.000000
0.000000
0.000000
0.000000
0.000000
0.709681
0.000000
0.000000
0.000000
1.038051
0.000000
0.000000
0.958077
0.000000
0.000000
0.000000
0.663714
0.000000
0.000000
0.000000
0.000000
0.000000
0.000000
0.000000
0.000000
0.000000
0.000000
0.000000
0.000000
0.000000
1.117808
0.000000
0.000000
0.000000
0.000000
0.938003
0.000000
0.000000
0.000000
0.000000
0.000000
0.000000
2.365054
0.000000
0.000000
0.000000
0.272064
0.000000
0.000000
0.000000
0.000000
1.324656
0.000000
0.954265
0.000000
0.000000
0.000000
0.000000
0.000000
0.000000
0.000000
0.000000
0.640363
0.000000
0.055980
0.000000
1.887706
0.000000
0.348955
0.000000
0.142086
0.000000
0.000000
0.105975
0.367309
0.000000
0.481012
0.321208
0.000000
1.420951
0.000000
3.197040
0.336478
0.804218
0.000000
0.000000
0.000000
0.000000
0.000000
0.000000
0.000000
1.045762
0.000000
0.000000
0.000000
1.277200
0.000000
0.691963
0.000000
0.000000
0.000000
0.000000
0.000000
0.000000
0.770684
0.000000
0.000000
1.176808
0.000000
0.000000
0.052194
0.000000
0.000000
0.000000
0.250101
0.000000
0.000000
0.000000
0.000000
0.000000
0.000000
0.692160
0.000000
0.000000
0.000000
0.000000
0.000000
0.000000
0.000000
0.000000
0.000000
0.000000
0.000000
0.000000
0.000000
0.000000
0.000000
0.282507
0.000000
0.000000
0.080265
0.000000
1.186372
0.222453
0.000000
0.000000
0.000000
0.376993
0.289644
0.000000
0.000000
1.464783
0.000000
0.000000
0.000000
3.004782
0.000000
0.000000
0.000000
0.000000
0.000000
0.000000
1.156583
0.000000
0.000000
0.000000
0.000000
0.000000
0.000000
0.000000
0.000000
0.747062
0.000000
0.000000
0.000000
0.000000
0.918154
0.000000
0.000000
0.000000
0.000000
0.000000
0.000000
0.000000
0.000000
0.000000
0.273971
0.000000
0.000000
0.000000
0.000000
0.000000
0.000000
0.000000
0.000000
0.516907
0.000000
0.000000
0.000000
0.000000
0.283279
0.000000
0.000000
0.000000
0.000000
0.000000
0.000000
0.000000
0.000000
0.000000
0.000000
0.000000
1.313995
0.000000
0.000000
0.000000
0.000000
0.000000
0.000000
0.000000
0.000000
0.407739
0.000000
0.726722
0.111368
0.000000
0.000000
0.055578
0.000000
0.000000
0.000000
0.000000
0.000000
1.344929
1.346105
1.709955
0.000000
0.000000
0.109697
0.000000
0.000000
0.000000
0.000000
0.000000
0.000000
0.381265
0.000000
0.000000
0.000000
0.000000
1.207764
0.846407
0.000000
0.000000
0.000000
0.000000
0.152943
0.000000
0.000000
0.000000
0.000000
0.000000
0.000000
0.000000
0.000000
0.486576
0.000000
0.000000
0.000000
0.000000
0.000000
0.000000
0.541434
0.000000
0.000000
0.000000
0.000000
0.000000
0.000000
0.000000
0.000000
0.000000
0.000000
0.000000
0.000000
0.000000
0.000000
0.000000
0.000000
1.308635
0.000000
0.000000
0.000000
0.739455
0.000000
0.000000
0.000000
0.066121
0.000000
0.000000
0.000000
0.000000
0.000000
0.000000
0.000000
0.000000
0.000000
0.000000
0.000000
0.248428
0.000000
0.617346
0.000000
0.000000
0.000000
0.000000
0.000000
0.000000
1.324722
0.299425
0.000000
0.000000
0.000000
0.000000
0.000000
0.000000
0.000000
0.000000
0.000000
0.000000
0.000000
0.000000
0.616293
0.000000
0.000000
0.000000
0.000000
0.000000
0.000000
0.000000
0.000000
0.000000
0.000000
0.000000
0.000000
1.066147
0.533251
0.000000
0.000000
0.000000
0.000000
0.000000
0.000000
0.180194
0.000000
0.055946
0.000000
0.000000
2.857035
0.000000
1.966490
0.000000
0.000000
0.196707
0.000000
0.000000
0.000000
0.000000
0.000000
0.000000
0.000000
0.000000
0.000000
0.000000
0.000000
0.000000
0.000000
0.000000
0.000000
0.000000
0.000000
0.000000
0.000682
0.854362
0.837622
0.000000
0.645990
0.000000
0.000000
0.000000
0.000000
0.381792
0.000000
0.000000
0.355875
0.082050
0.000000
0.000000
0.208376
0.000000
0.000000
0.000000
0.000000
0.000000
0.000000
0.000000
0.000000
0.914780
0.000000
0.000000
0.000000
0.000000
0.000000
0.301764
0.000000
0.000000
2.131270
0.000000
1.777495
0.571981
0.000000
0.000000
0.000000
0.583611
0.000000
0.000000
1.395420
0.000000
0.000000
0.000000
0.000000
0.749028
0.000000
1.017346
0.864490
0.244548
0.000000
0.000000
0.000000
0.000000
0.000000
0.000000
0.000000
0.000000
0.000000
0.107892
0.000000
0.000000
1.148929
0.000000
0.890358
0.000000
0.000000
0.070166
0.000000
0.000000
0.578393
0.160732
1.405641
0.000000
0.000000
0.000000
0.000000
0.751655
0.000000
0.000000
0.000000
0.013260
0.794414
0.000000
0.000000
0.000000
0.000000
0.000000
0.000000
0.000000
0.000000
0.000000
0.000000
0.000000
0.430264
0.000000
0.000000
0.000000
0.000000
0.000000
0.000000
0.045987
0.000000
0.000000
0.000000
0.000000
0.000000
0.000000
0.000000
0.988423
0.000000
0.000000
1.742840
0.000000
0.000000
0.000000
0.000000
0.000000
0.000000
0.000000
3.853758
0.000000
0.329851
0.481008
0.056320
0.000000
1.119735
0.000000
0.000000
0.000000
0.000000
0.000000
0.000000
0.000000
0.000000
0.000000
0.000000
0.000000
0.000000
1.906863
0.000000
0.000000
0.028613
0.000000
0.000000
0.000000
0.000000
0.000000
0.771683
0.000000
0.000000
0.000000
0.000000
0.000000
0.000000
0.000000
0.000000
0.000000
0.000000
0.000000
0.000000
0.000000
0.925462
0.000000
0.000000
0.000000
0.000000
0.050921
0.735752
0.000000
0.000000
0.947613
0.532122
0.494132
0.000000
0.000000
0.000000
1.566866
0.000000
0.000000
0.000000
0.000000
1.993055
0.000000
0.000000
1.728724
0.000000
0.000000
0.000000
0.000000
0.000000
0.000000
0.000000
0.000000
0.000000
0.000000
0.000000
0.000000
0.158522
0.000000
0.000000
0.000000
0.988885
0.000000
0.000000
0.000000
0.818665
0.442199
0.000000
0.000000
0.000000
0.000000
0.059973
0.000000
0.752515
0.585194
0.000000
0.000000
0.000000
0.000000
0.000000
0.878224
0.000000
0.144168
0.000000
1.362399
0.000000
0.000000
0.000000
0.000000
0.000000
0.000000
0.000000
0.000000
0.000000
0.000000
0.000000
0.000000
0.000000
0.000000
0.000000
0.000000
0.563191
0.000000
0.038330
0.394570
1.713450
0.603448
1.588740
0.000000
0.000000
0.000000
0.010797
0.000000
0.000000
0.000000
0.000000
0.000000
0.000000
0.000000
0.000000
0.431127
0.000000
0.000000
0.000000
0.434259
0.000000
0.000000
0.000000
0.000000
0.000000
0.000000
0.000000
0.000000
1.189411
0.000000
0.000000
0.000000
0.000000
0.000000
0.515500
0.475411
0.000000
0.000000
0.000000
0.000000
0.000000
0.000000
0.000000
0.325028
0.000000
0.511950
0.445264
2.142313
0.000000
0.000000
0.000000
0.000000
0.000000
0.624092
0.000000
0.567709
0.000000
0.000000
0.000000
0.000000
0.735712
0.000000
0.000000
0.000000
0.315388
0.000000
0.000000
0.000000
0.000000
1.020580
0.000000
0.000000
0.000000
0.000000
0.000000
0.000000
0.000000
0.000000
0.352145
0.000000
0.000000
0.000000
0.000000
0.000000
0.000000
0.000000
0.000000
0.000000
0.000000
0.000000
0.000000
0.000000
0.000000
0.000000
0.000000
0.000000
0.261506
0.000000
0.376865
0.000000
0.000000
0.000000
0.000000
0.000000
0.000000
0.827262
0.000000
0.000000
0.000000
0.000000
0.000000
0.000000
0.000000
0.000000
0.000000
0.000000
0.000000
0.345808
0.000000
1.948567
0.000000
0.000000
0.000000
0.000000
0.000000
1.182327
0.000000
0.000000
0.000000
0.000000
1.279760
0.000000
1.242091
0.000000
0.000000
0.000000
0.000000
0.000000
0.000000
0.000000
0.000000
0.000000
0.000000
0.000000
0.000033
0.000000
0.000000
1.397714
0.000000
0.000000
0.000000
0.000000
0.000000
0.464863
0.000000
0.000000
0.428540
0.000000
0.000000
0.000000
0.000000
0.419868
0.000000
0.966121
0.000000
0.000000
0.107290
0.599015
1.531358
0.052698
0.000000
0.000000
0.000000
0.659843
0.000000
0.290115
0.000000
0.000000
0.000000
0.000000
0.000000
0.000000
0.000000
0.000000
0.000000
0.000000
0.000000
1.226293
0.000000
0.869238
0.000000
0.000000
0.000000
1.274892
1.190937
0.000000
0.000000
0.000000
0.000000
0.000000
0.501204
3.014035
0.000000
0.247796
0.000000
0.000000
0.000000
0.000000
1.565664
0.000000
0.348445
0.000000
1.160513
1.114558
0.000000
0.000000
0.000000
0.000000
0.000000
0.058753
0.000000
0.000000
0.946197
0.000000
0.000000
0.000000
0.797096
0.000000
0.000000
0.000000
0.219508
0.000000
0.129430
0.000000
0.000000
0.000000
0.000000
0.000000
0.000000
0.000000
0.000000
0.000000
0.000000
0.000000
0.000000
0.000000
0.000000
0.000000
0.000000
0.000000
0.000000
0.000000
0.000000
0.190916
0.030441
0.000000
2.307638
0.000000
0.959028
0.000000
0.000000
0.000000
0.000000
0.777969
0.000000
0.114408
0.000000
0.000000
0.000000
0.000000
0.000000
0.349505
0.000000
0.000000
0.115974
0.000000
0.000000
0.528782
0.000000
0.000000
1.102916
0.000000
0.000000
0.000000
0.000000
0.000000
0.072901
0.807747
0.000000
0.000000
0.313605
0.000000
0.197224
0.000000
0.000000
0.127394
0.000000
0.000000
0.000000
0.000000
0.000000
0.000000
0.000000
0.000000
0.000000
0.000000
0.000000
0.000000
0.000000
0.090019
0.000000
0.000000
1.572949
0.000000
0.000000
0.000000
0.000000
0.000000
0.000000
0.000000
0.000000
0.000000
0.000000
0.000000
0.000000
0.000000
0.000000
0.000000
0.000000
0.000000
0.000000
1.591898
1.158102
2.094495
0.000000
0.000000
0.000000
0.000000
0.000000
0.000000
0.000000
0.000000
0.000000
0.000000
0.000000
0.000000
0.000000
0.000000
0.000000
0.000000
0.000000
0.000000
0.000000
0.000000
0.000000
0.541966
0.022862
0.000000
0.000000
0.000000
1.435344
0.605814
0.000000
0.000000
1.094852
0.000000
0.000000
0.000000
0.000000
0.000000
0.226526
0.468048
0.000000
0.000000
0.001993
0.266297
0.358853
0.000000
0.000000
0.000000
0.000000
0.415715
0.000000
0.000000
0.000000
0.000000
0.000000
0.000000
0.278911
0.000000
0.000000
0.000000
0.000000
0.000000
0.000000
0.000000
0.000000
0.000000
0.000000
0.000000
0.000000
0.000000
2.560133
0.000000
0.734942
0.000000
0.000000
0.023595
0.000000
0.000000
0.000000
0.000000
0.098622
0.000000
0.000000
0.000000
0.000000
0.000000
0.000000
0.000000
0.000000
0.730968
0.000000
0.000000
0.000000
0.000000
0.000000
0.000000
0.000000
0.000000
0.000000
0.000000
0.000000
0.000000
0.000000
0.861760
0.000000
2.129585
0.335677
0.000000
0.000000
0.000000
0.000000
0.000000
0.000000
0.000000
0.431940
0.000000
0.000000
1.377470
0.000000
0.000000
0.000000
1.706611
0.000000
0.000000
1.022545
0.000000
0.000000
0.000000
0.000000
0.000000
0.000000
0.000000
0.000000
0.659159
0.000000
0.000000
0.000000
0.000000
0.000000
0.000000
0.000000
0.115047
0.000000
0.000000
0.000000
1.896472
2.739379
0.000000
0.724333
0.000000
0.000000
0.000000
0.000000
0.000000
0.000000
0.000000
0.000000
0.000000
0.000000
0.000000
0.000000
0.000000
0.000000
0.000000
1.721577
0.000000
0.000000
0.000000
0.000000
0.000000
0.000000
0.021785
0.000000
1.169962
0.000000
0.000000
0.428637
0.000000
0.000000
0.000000
0.000000
0.000000
0.000000
0.000000
1.792807
0.000000
0.000000
0.210787
0.448532
0.000000
1.636279
0.000000
0.000000
0.000000
0.000000
1.625669
0.000000
0.000000
1.035322
0.000000
0.000000
0.000000
0.000000
0.000000
0.493035
0.000000
0.000000
0.000000
0.000000
0.000000
0.000000
0.000000
0.000000
0.000000
0.000000
0.000000
0.000000
0.000000
0.000000
0.177483
0.000000
0.000000
0.000000
0.000000
0.000000
0.000000
0.000000
0.000000
0.000000
0.122697
0.000000
0.000000
0.393523
0.000000
0.000000
0.000000
0.000000
0.000000
1.821317
0.000000
0.000000
0.000000
0.000000
0.000000
0.000000
0.000000
0.000000
0.000000
0.000000
0.000000
0.000000
0.000000
0.000000
0.000000
1.403163
0.000000
0.000000
0.480467
0.000000
0.000000
0.000000
0.000000
0.000000
0.463082
0.000000
0.000000
0.404323
0.000000
0.000000
0.000000
0.000000
0.000000
0.000000
0.613736
0.000000
0.000000
0.000000
0.000000
0.000000
0.000000
0.000000
0.000000
0.000000
0.000000
0.205442
0.000000
0.000000
0.000000
0.000000
0.189852
0.000000
1.272673
0.000000
0.661788
0.000000
0.143108
0.000000
0.810922
0.860596
0.930046
0.000000
0.000000
0.000000
0.000000
0.223001
0.000000
0.786808
0.632893
0.000000
0.000000
0.000000
0.000000
0.000000
0.000000
0.000000
0.000000
0.000000
0.000000
0.000000
0.000000
0.953398
0.098307
0.000000
0.000000
0.000000
0.000000
0.000000
0.000000
0.000000
0.321816
0.182284
0.000000
0.000000
0.000000
0.651981
0.000000
0.000000
0.000000
0.000000
0.130797
0.000000
0.000000
0.000000
0.000000
0.965573
0.451039
0.000000
0.000000
0.000000
0.000000
0.000000
0.000000
0.000000
0.000000
0.000000
0.000000
0.000000
0.000000
0.000000
0.000000
0.000000
0.508433
0.651046
0.000000
0.000000
0.921657
0.000000
0.000000
0.000000
0.000000
0.401890
0.000000
0.000000
0.000000
1.341368
0.000000
0.000000
0.000000
0.000000
0.000000
1.288025
0.000000
0.000000
0.769248
0.000000
0.000000
0.000000
0.179814
0.000000
0.000000
0.000000
0.900432
1.546536
0.000000
0.000000
0.000000
1.026746
0.000000
0.000000
0.714314
0.000000
0.000000
0.000000
0.326982
0.000000
1.864960
1.172558
0.000000
0.000000
0.006397
0.000000
0.000000
0.000000
0.000000
0.000000
0.000000
0.000000
0.000000
1.916443
0.000000
0.752831
0.157562
1.038060
0.000000
0.000000
0.000000
0.000000
0.000000
0.000000
0.000000
0.000000
0.088151
0.000000
0.000000
0.142876
0.000000
0.000000
0.000000
2.873304
0.000000
0.000000
0.000000
0.000000
0.000000
0.000000
0.904016
0.000000
0.000000
0.000000
0.000000
0.000000
0.000000
0.821597
0.000000
0.000000
0.000000
0.000000
0.000000
0.000000
0.000000
0.000000
0.638785
0.921296
0.000000
0.089137
0.000000
0.000000
0.000000
0.000000
0.000000
0.000000
0.000000
0.491914
0.000000
0.000000
0.000000
0.000000
0.000000
0.000000
0.919081
0.000000
0.000000
1.280105
0.000000
0.000000
0.000000
1.125440
0.000000
0.000000
0.000000
0.000000
0.000000
0.000000
0.000000
0.475639
0.000000
0.000000
0.263939
0.000000
0.017424
0.000000
0.000000
0.670104
0.000000
0.000000
0.000000
0.000000
0.000000
0.000000
0.000000
0.000000
0.000000
0.000000
0.307584
0.000000
0.000000
0.000000
0.000000
0.006498
0.000000
0.000000
2.636332
0.000000
0.000000
0.000000
0.000000
0.000000
0.000000
0.172491
0.000000
0.238622
0.000000
0.000000
0.000000
2.714972
0.210474
0.000000
0.000000
0.000000
0.323186
0.000000
0.000000
0.000000
1.525942
0.000000
0.511801
0.000000
0.000000
0.000000
0.000000
0.125193
2.956419
0.000000
0.000000
0.000000
0.000000
0.000000
0.000000
0.000000
0.000000
0.393391
0.000000
0.000000
0.000000
1.174962
0.597310
0.000000
0.000000
0.000000
0.000000
0.317528
0.000000
0.000000
0.616050
1.288055
2.795893
0.000000
0.000000
0.000000
0.000000
0.000000
0.000000
0.000000
0.052030
1.821733
0.000000
0.072893
0.000000
2.081101
0.000000
0.000000
0.000000
0.000000
0.000000
0.000000
0.000000
0.184477
0.000000
0.000000
0.000000
0.000000
0.000000
0.000000
0.000000
0.000000
0.000000
2.209459
0.000000
0.000000
0.000000
0.000000
0.000000
0.000000
0.000000
0.000000
0.000000
0.000000
0.000000
1.113642
0.000000
1.570122
0.000000
0.000000
0.000000
1.435795
0.526291
0.000000
0.000000
0.000000
0.000000
0.000000
0.000000
0.000000
0.000000
0.000000
0.413352
0.000000
0.000000
0.000000
0.000000
0.012590
0.000000
1.029437
0.000000
0.000000
0.000000
0.000000
0.000000
0.000000
0.000000
0.000000
0.000000
0.216477
0.000000
0.000000
0.000000
0.000000
0.000000
0.000000
0.000000
0.000000
0.000000
0.000000
0.000000
0.000000
1.936038
0.000000
0.000000
0.000000
0.000000
0.379405
1.045729
0.000000
0.000000
1.699080
0.000000
0.000000
0.000000
0.000000
0.000000
0.000000
0.000000
0.000000
0.501442
0.000000
0.000000
1.190912
0.000000
0.000000
0.000000
0.000000
0.000000
0.000000
0.000000
0.000000
0.473008
0.000000
0.000000
0.000000
0.000000
0.505759
0.000000
0.952439
0.000000
0.000000
0.548273
0.000000
0.000000
0.000000
0.000000
0.000000
0.000000
0.000000
0.000000
0.000000
0.000000
0.000000
0.000000
0.000000
0.000000
0.482759
0.000000
0.000000
0.000000
0.000000
1.884892
0.000000
0.000000
0.000000
0.216039
0.000000
0.000000
0.000000
2.193537
0.000000
0.000000
0.000000
0.000000
0.000000
0.000000
0.168509
0.388902
0.084802
0.000000
0.000000
0.000000
0.000000
1.178568
0.151451
0.000000
0.000000
0.000000
0.006844
0.410941
0.000000
0.000000
0.540417
0.813314
0.000000
0.000000
0.000000
0.000000
0.000000
0.882017
0.000000
0.000000
0.000000
0.507252
0.000000
0.067508
0.000000
0.000000
0.000000
0.000000
0.000000
0.527637
0.000000
0.000000
0.504572
0.907530
0.000000
0.000000
0.000000
0.016740
0.000000
0.000000
0.000000
0.000000
0.000000
0.135552
0.837217
0.000000
0.000000
1.039592
0.000000
1.287853
0.000000
0.000000
0.000000
0.137551
0.000000
0.000000
0.802406
0.143373
0.000000
0.190280
0.000000
0.000000
0.000000
0.000000
1.634835
0.130637
0.000000
0.000000
0.410694
0.000000
0.000000
0.000000
0.000000
0.000000
0.000000
0.000000
0.000000
0.000000
0.000000
0.000000
0.000000
0.000000
0.000000
0.000000
0.000000
0.000000
0.000000
0.000000
0.000000
0.000000
0.000000
0.000000
0.000000
0.491262
0.000000
1.162978
0.000000
0.161318
0.000000
0.000000
0.000000
0.000000
0.000000
0.000000
0.000000
0.000000
0.000000
0.184679
0.000000
0.000000
0.201450
0.000000
0.000000
0.000000
0.000000
0.000000
0.000000
0.442295
1.058005
0.000000
0.000000
0.000000
0.000000
0.000000
0.000000
2.498454
0.726948
0.000000
0.000000
0.000000
0.000000
0.377231
0.458124
0.000000
0.415066
1.038411
0.000000
0.068630
0.000000
0.000000
0.000000
0.000000
0.000000
0.888766
0.000000
0.000000
0.000000
0.000000
0.293917
0.000000
0.000000
0.000000
0.000000
0.000000
0.000000
0.000000
0.000000
0.971220
0.000000
0.000000
0.000000
0.000000
1.545835
0.000000
0.000000
0.204070
0.000000
0.000000
0.000000
0.000000
0.000000
0.000000
0.000000
0.000000
0.000000
0.000000
0.175221
0.000000
0.000000
0.000000
0.000000
0.000000
0.000000
0.000000
0.000000
0.000000
0.000000
0.196779
0.515675
0.510397
0.000000
0.000000
0.000000
0.000000
0.000000
0.000000
0.000000
0.000000
1.275250
0.000000
0.000000
0.000000
0.000000
0.000000
0.000000
0.000000
0.000000
0.000000
0.000000
0.821053
0.000000
0.011857
0.000000
0.000000
0.000000
0.000000
0.000000
0.000000
0.000000
0.000000
0.000000
0.619324
0.000000
0.000000
0.210453
0.000000
0.000000
0.000000
0.000000
0.000000
0.445257
0.000000
0.782804
0.000000
0.229804
0.000000
0.000000
0.000000
0.685459
0.000000
0.000000
0.000000
0.443169
0.997138
0.000000
0.000000
0.000000
0.000000
0.000000
0.000000
0.000000
0.984391
0.000000
0.000000
0.000000
1.665017
0.000000
0.000000
0.000000
0.000000
0.000000
1.999433
0.000000
0.000000
0.000000
0.000000
0.000000
0.000000
2.150192
0.000000
0.000000
0.000000
1.307576
0.000000
1.278870
0.468271
0.000000
0.000000
1.930590
0.095870
0.000000
0.000000
0.000000
0.000000
0.000000
0.000000
0.000000
0.576614
0.000000
0.000000
0.000000
0.000000
0.000000
0.000000
0.000000
0.000000
0.000000
1.503790
0.000000
0.032027
0.000000
0.000000
0.000000
0.000000
0.000000
0.000000
0.000000
0.000000
0.000000
0.000000
0.000000
0.000000
0.000000
0.000000
0.000000
0.664497
0.000000
0.000000
0.000000
0.000000
0.000000
0.000000
0.000000
0.000000
0.000000
0.000000
0.056976
0.000000
0.000000
0.000000
0.000000
0.000000
0.000000
0.193588
0.000000
0.000000
0.000000
0.000000
0.379179
0.519229
0.000000
0.853289
0.000000
0.437270
0.000000
0.000000
0.000000
0.000000
0.000000
0.000000
0.000000
0.000000
0.659624
0.000000
0.000000
0.763689
0.000000
0.000000
0.879340
0.000000
0.000000
0.000000
0.171529
0.000000
0.000000
1.034520
0.000000
0.000000
0.356106
0.000000
0.391000
0.000000
1.158833
0.000000
0.172172
0.000000
0.000000
0.986396
0.000000
0.000000
0.000000
1.044197
0.000000
0.000000
0.000000
0.000000
0.000000
0.000000
0.000000
1.117354
0.000000
0.000000
0.000000
0.000000
0.000000
0.000000
0.000000
0.000000
0.000000
0.000000
0.000000
0.000000
0.000000
0.000000
0.000000
0.649681
0.000000
0.854577
0.000000
0.222700
0.000000
0.000000
0.000000
0.000000
0.000000
0.000000
0.000000
0.000000
0.810677
0.000000
0.000000
0.000000
0.000000
0.000000
0.873078
2.648840
0.000000
0.000000
0.000000
0.000000
0.000000
0.000000
0.000000
0.000000
0.000000
0.000000
0.000000
0.000000
0.164891
0.000000
0.000000
0.000000
0.002313
0.000000
0.000000
0.000000
0.000000
0.000000
0.000000
0.000000
0.000000
0.000000
1.180310
0.000000
0.000000
0.000000
0.950324
0.000000
1.430704
0.000000
0.000000
0.000000
0.160800
0.833130
0.904806
0.000000
0.000000
0.000000
0.240867
0.000000
1.269104
0.000000
0.000000
0.000000
0.000000
0.000000
0.785733
2.465838
0.000000
0.245798
0.000000
0.000000
0.000000
0.000000
0.000000
0.807694
0.000000
0.000000
0.040184
0.000000
0.015252
0.000000
0.000000
0.000000
0.000000
0.000000
0.000000
0.000000
0.045168
0.000000
0.000000
0.000000
0.000000
0.000000
0.076185
0.079997
0.000000
0.622556
0.000000
0.000000
0.000000
0.000000
0.000000
0.334051
0.000000
0.000000
0.000000
0.000000
0.000000
0.000000
0.133732
0.000000
0.012054
0.000000
0.000000
0.000000
0.222758
0.000000
0.000000
0.000000
0.000000
0.000000
1.399227
0.000000
1.272270
0.000000
