0.000000
0.000000
0.000000
0.000000
0.000000
0.000000
0.640667
0.000000
0.000000
0.000000
0.000000
0.000000
0.000000
0.000000
0.000000
3.303488
0.000000
0.000000
0.000000
0.141544
0.000000
0.000000
0.000000
0.574069
0.684875
0.000000
0.000000
0.000000
0.000000
0.000000
0.000000
0.000000
0.000000
0.000000
0.000000
0.000000
0.000000
0.000000
0.000000
0.000000
0.000000
1.260967
0.000000
0.000000
0.000000
0.000000
0.000000
0.000000
0.000000
0.000000
0.000000
0.000000
0.000000
0.000000
0.000000
0.000000
0.000000
0.000000
0.000000
0.000000
0.000000
0.000000
0.000000
0.000000
0.000000
0.000000
0.000000
0.000000
0.000000
0.000000
0.000000
0.000000
0.000000
0.000000
0.000000
0.000000
0.000000
0.000000
0.000000
0.000000
0.000000
0.000000
0.000000
0.000000
0.000000
0.000000
0.000000
0.000000
0.000000
0.000000
0.000000
0.308687
0.000000
0.000000
0.000000
0.000000
2.463387
0.000000
0.000000
0.000000
0.000000
0.000000
0.000000
0.000000
0.000000
0.000000
0.000000
0.000000
0.030313
0.000000
0.000000
0.103289
0.000000
0.000000
0.246032
0.000000
0.000000
0.000000
1.228424
0.000000
0.000000
0.000000
0.166371
4.052090
0.000000
0.661943
0.000000
0.000000
0.000000
0.000000
0.000000
0.000000
0.000000
0.286953
0.000000
0.000000
0.000000
0.000000
0.000000
0.085273
0.000000
0.000000
0.000000
0.000000
0.000000
0.000000
0.000000
1.769709
0.000000
0.000000
0.000000
0.000000
0.000000
0.794462
0.824306
1.334395
0.000000
0.000000
0.554172
0.000000
0.000000
0.000000
0.000000
0.000000
0.000000
0.254405
0.000000
0.000000
0.000000
0.000000
0.000000
0.000000
0.000000
0.311850
0.000000
0.000000
0.000000
0.508069
1.053068
0.000000
0.000000
0.000000
0.000000
0.000000
0.000000
0.000000
0.000000
0.000000
0.000000
0.000000
0.000000
0.000000
2.083166
0.000000
0.000000
0.000000
0.000000
0.000000
0.000000
0.000000
0.000000
0.000000
0.000000
0.000000
0.000000
0.000000
0.000000
0.000000
0.000000
0.000000
0.270104
0.000000
0.181632
0.000000
0.000000
0.000000
0.000000
0.000000
0.000000
0.000000
0.000000
0.065677
0.000000
0.000000
0.525187
0.000000
0.000000
0.321664
0.000000
0.170274
0.000000
0.000000
0.084843
0.000000
0.000000
0.000000
0.000000
0.000000
0.000000
0.782672
0.000000
0.000000
0.512178
0.000000
0.000000
2.997324
0.000000
0.000000
0.000000
0.000000
0.000000
3.973450
0.000000
0.000000
0.000000
0.000000
0.000000
0.000000
0.000000
0.000000
0.000000
0.000000
0.000000
0.000000
1.661709
2.437169
0.000000
0.000000
0.000000
0.000000
1.176713
0.000000
0.000000
0.888673
0.000000
0.000000
0.000000
0.000000
0.000000
0.000000
0.000000
0.000000
0.000000
0.000000
0.000000
0.000000
0.000000
0.000000
0.000000
1.516094
0.000000
0.000000
0.000000
0.000000
0.000000
0.784068
0.000000
1.503184
0.000000
0.000000
0.000000
0.000000
0.000000
0.000000
0.000000
0.000000
2.267969
0.000000
0.000000
0.249660
0.000000
0.000000
0.000000
2.173908
0.000000
0.000000
0.000000
1.083610
0.000000
0.000000
0.000000
0.000000
0.000000
0.000000
0.000000
0.000000
0.462196
0.000000
0.877122
0.000000
0.000000
0.000000
0.000000
0.000000
0.000000
0.000000
0.000000
0.000000
0.000000
0.000000
0.000000
0.000000
0.000000
3.218745
0.000000
0.000000
0.000000
0.000000
0.000000
0.000000
0.000000
0.000000
0.000000
0.000000
0.000000
0.000000
0.000000
1.103932
0.000000
0.000000
0.000000
0.000000
0.000000
0.000000
0.000000
0.000000
0.000000
0.000000
1.021483
0.000000
0.000000
0.000000
0.000000
1.644173
0.000000
0.000000
0.416783
0.000000
0.000000
0.000000
0.000000
0.000000
0.000000
0.000000
0.152244
0.822378
0.127227
0.000000
0.000000
0.000000
0.000000
0.000000
0.000000
0.000000
0.000000
0.000000
0.000000
0.000000
0.000000
2.397921
0.000000
0.000000
0.000000
0.000000
0.000000
0.000000
0.000000
0.000000
0.000000
0.000000
0.000000
0.000000
0.000000
0.000000
0.000000
0.000000
0.000000
0.000000
0.000000
0.000000
0.000000
0.000000
0.000000
0.000000
0.000000
0.000000
1.661595
0.963201
0.000000
0.000000
0.000000
0.535703
0.000000
0.000000
0.000000
0.000000
0.000000
0.000000
0.000000
0.000000
0.000000
0.000000
2.774828
0.000000
0.000000
0.000000
0.000000
0.000000
0.000000
0.000000
0.000000
0.532709
1.241160
0.000000
0.000000
0.000000
1.609341
0.000000
0.000000
0.011084
1.669289
0.000000
0.231288
0.000000
0.000000
0.000000
0.000000
0.000000
0.357828
0.746448
0.000000
0.000000
0.000000
0.000000
0.593274
0.000000
0.000000
0.000000
0.000000
0.000000
0.000000
0.000000
0.000000
0.000000
0.000000
0.000000
0.321427
0.000000
0.000000
1.996925
0.000000
0.000000
0.000000
0.000000
0.202696
0.000000
0.000000
0.000000
0.235690
0.000000
0.000000
0.000000
1.247061
0.000000
0.000000
0.000000
0.000000
0.213540
0.000000
0.000000
0.000000
1.606524
0.000000
0.000000
0.000000
0.000000
0.000000
0.000000
0.000000
0.000000
0.000000
0.000000
1.434444
3.113044
0.000000
0.000000
0.000000
0.000000
0.000000
0.000000
0.000000
0.000000
0.000000
0.000000
0.000000
0.000000
0.000000
0.015383
0.000000
0.146525
0.000000
0.000000
0.000000
0.000000
0.000000
0.000000
1.065964
0.000000
0.000000
0.000000
1.482531
3.882506
0.000000
0.000000
0.000000
0.000000
0.000000
0.000000
0.000000
0.000000
0.000000
0.000000
0.000000
0.000000
0.000000
0.000000
0.000000
0.000000
0.000000
0.894179
0.000000
0.000000
0.000000
2.166048
0.000000
0.000000
2.994903
0.000000
0.000000
0.000000
0.000000
0.000000
0.000000
0.000000
0.000000
0.000000
0.000000
0.000000
0.000000
0.000000
0.000000
0.000000
0.930028
0.000000
0.000000
0.000000
0.000000
0.000000
1.792078
1.380697
0.434953
0.000000
0.000000
0.000000
0.000000
0.000000
0.000000
0.000000
0.000000
0.000000
0.000000
1.885384
0.000000
0.000000
0.000000
2.035236
0.000000
0.000000
0.000000
0.000000
0.000000
0.000000
0.056780
2.182119
0.000000
0.000000
1.416362
0.000000
0.057365
0.000000
3.037668
0.000000
0.823542
0.000000
0.000000
0.000000
0.000000
0.000000
0.000000
0.000000
0.000000
0.000000
0.000000
0.000000
0.080206
0.000000
0.000000
0.000000
0.000000
1.079472
0.000000
0.000000
0.000000
0.000000
0.000000
0.000000
0.000000
0.000000
0.000000
0.000000
0.000000
0.000000
0.000000
0.000000
0.000000
0.000000
0.937450
0.000000
0.000000
3.853164
0.000000
0.000000
0.000000
0.000000
0.000000
0.000000
1.130068
0.000000
0.000000
0.000000
0.000000
0.000000
0.000000
0.000000
0.000000
0.195044
0.000000
0.000000
0.000000
0.000000
0.000000
0.000000
0.000000
0.000000
0.000000
0.000000
0.000000
0.000000
0.000000
0.000000
0.000000
0.000000
0.000000
0.054346
0.000000
0.000000
0.942607
0.230315
5.987823
0.000000
0.286109
0.000000
0.000000
0.000000
0.000000
0.000000
0.000000
0.000000
3.285878
0.000000
0.000000
0.000000
0.000000
0.000000
1.296303
0.000000
0.000000
0.000000
0.000000
0.000000
0.000000
0.000000
0.000000
0.000000
0.000000
0.000000
2.050511
0.000000
0.000000
0.000000
0.000000
0.000000
0.082907
0.000000
0.000000
0.000000
0.000000
0.000000
0.000000
0.000000
0.000000
0.000000
0.000000
0.000000
0.000000
0.000000
0.000000
0.000000
0.000000
0.000000
0.000000
0.000000
0.000000
0.000000
0.000000
0.000000
0.000000
0.000000
0.302944
1.298324
0.000000
0.790442
2.656223
0.000000
0.000000
0.000000
0.000000
0.000000
0.000000
0.000000
0.000000
0.000000
0.000000
0.000000
0.000000
0.000000
0.000000
0.000000
1.134876
0.000000
0.000000
0.000000
0.000000
0.000000
0.000000
0.000000
0.000000
0.000000
0.000000
0.000000
0.000000
0.000000
0.000000
0.000000
0.000000
3.644790
0.000000
0.000000
0.000000
1.567446
1.566725
0.000000
0.000000
0.000000
2.702691
0.000000
0.000000
0.000000
0.000000
1.295064
0.000000
0.376634
0.000000
0.000000
0.000000
0.000000
1.214389
0.000000
0.000000
0.000000
0.000000
0.000000
0.000000
4.652537
0.000000
0.000000
0.000000
0.000000
0.000000
0.000000
0.000000
0.011925
0.000000
0.000000
2.134575
0.000000
0.000000
0.000000
0.000000
0.000000
0.000000
0.000000
0.000000
0.000000
0.000000
0.000000
3.948143
0.000000
2.427856
0.211703
0.000000
0.000000
0.000000
0.000000
0.000000
0.000000
0.000000
0.000000
0.000000
0.000000
0.000000
0.446798
0.000000
0.103834
0.000000
0.000000
1.683247
0.000000
0.000000
0.000000
0.000000
0.000000
0.000000
0.000000
0.000000
0.456262
0.320397
0.000000
0.000000
0.000000
0.000000
0.000000
0.000000
0.000000
0.000000
0.000000
0.000000
0.000000
0.000000
0.000000
0.000000
0.000000
0.875786
0.000000
0.000000
0.000000
0.000000
0.000000
0.000000
0.000000
0.000000
0.000000
0.000000
0.000000
0.000000
0.000000
0.820906
0.000000
0.000000
0.000000
0.000000
2.177342
0.000000
0.000000
0.000000
0.000000
0.000000
0.000000
0.000000
2.419738
0.000000
0.000000
0.000000
0.000000
0.000000
3.478251
0.000000
0.254819
0.000000
0.000000
0.000000
0.000000
0.000000
0.000000
0.000000
0.000000
0.000000
0.000000
0.000000
0.000000
0.000000
0.000000
0.000000
0.000000
0.000000
0.000000
2.537002
0.000000
0.000000
0.000000
0.000000
0.000000
0.000000
0.010662
2.239841
0.000000
0.550640
0.000000
0.894758
0.000000
0.000000
0.000000
0.000000
0.000000
0.000000
0.000000
0.000000
0.000000
0.559536
0.000000
0.125434
0.000000
0.000000
0.000000
0.000000
1.601705
0.000000
0.000000
0.000000
0.000000
0.000000
0.000000
0.000000
0.000000
0.000000
0.000000
0.000000
2.855645
0.000000
5.102314
0.000000
0.000000
0.000000
0.000000
0.000000
0.000000
0.000000
0.000000
0.000000
0.000000
0.000000
0.000000
0.369948
0.000000
0.000000
0.000000
0.000000
0.000000
0.000000
0.000000
0.000000
1.933868
0.000000
0.000000
0.000000
0.000000
0.000000
0.000000
0.000000
0.000000
0.000000
1.172032
0.000000
0.000000
0.000000
0.000000
0.000000
0.000000
0.000000
0.000000
0.000000
0.000000
0.000000
0.000000
0.000000
0.000000
0.000000
0.000000
0.000000
0.000000
0.000000
0.000000
0.000000
3.267126
0.000000
0.000000
0.000000
0.000000
0.000000
0.000000
0.000000
0.000000
0.000000
0.000000
0.000000
0.000000
0.000000
0.000000
0.000000
0.000000
0.000000
0.000000
0.000000
1.910724
0.000000
0.000000
0.000000
0.000000
0.000000
0.000000
0.000000
0.000000
0.000000
0.000000
0.000000
0.000000
0.000000
0.000000
0.000000
0.000000
0.000000
0.000000
2.698630
3.075049
0.000000
0.000000
0.000000
0.000000
0.000000
0.000000
1.229106
0.000000
0.000000
0.000000
0.000000
0.000000
0.000000
0.000000
0.000000
0.000000
0.000000
0.000000
0.000000
0.000000
0.097597
0.000000
0.000000
0.000000
0.000000
0.000000
0.000000
0.000000
0.000000
0.000000
0.000000
0.000000
2.633197
0.000000
0.000000
0.000000
0.652479
0.000000
0.000000
0.000000
0.000000
0.000000
0.000000
0.000000
0.000000
0.000000
0.000000
0.000000
0.000000
0.000000
0.000000
0.000000
0.000000
0.000000
0.000000
0.000000
0.000000
0.000000
0.000000
0.000000
0.000000
0.000000
0.000000
0.000000
0.000000
0.000000
0.000000
0.000000
0.000000
0.000000
0.612919
0.000000
0.000000
0.651407
0.000000
0.000000
3.925380
0.000000
0.000000
1.071144
2.927446
0.000000
0.000000
0.000000
0.000000
0.000000
0.000000
0.000000
0.000000
0.000000
0.019188
0.000000
0.878774
0.316609
0.000000
0.000000
0.718826
0.295421
0.000000
0.000000
0.000000
0.000000
0.000000
0.000000
0.000000
0.000000
0.000000
0.000000
0.000000
0.000000
0.000000
0.000000
1.822909
0.000000
0.000000
0.000000
0.000000
0.000000
0.000000
0.000000
0.000000
0.000000
0.000000
0.484384
0.000000
0.000000
0.776167
0.000000
0.000000
0.000000
0.000000
0.000000
0.000000
0.000000
0.290837
0.000000
0.000000
0.000000
0.000000
0.000000
0.000000
0.000000
0.000000
0.000000
0.000000
0.000000
0.000000
0.298802
0.000000
0.000000
0.723791
0.000000
0.000000
0.389817
0.000000
0.000000
0.000000
0.000000
0.271897
0.000000
0.000000
0.000000
0.000000
0.000000
0.000000
0.000000
0.000000
0.000000
0.000000
0.000000
0.000000
0.394882
0.000000
0.000000
0.000000
2.734616
0.000000
0.000000
0.000000
0.000000
0.000000
0.000000
0.000000
0.000000
0.000000
0.000000
0.000000
0.000000
0.000000
0.000000
0.000000
0.000000
0.000000
0.219900
1.782788
0.000000
0.000000
0.000000
0.000000
0.000000
0.228770
0.000000
0.000000
0.000000
0.000000
0.000000
3.188101
0.653352
0.000000
0.000000
0.000000
0.000000
0.000000
0.000000
1.502715
0.000000
0.000000
3.396492
0.000000
0.000000
0.000000
0.271725
0.000000
0.000000
0.067169
0.000000
0.000000
2.428277
0.000000
0.000000
0.910251
0.000000
0.000000
0.000000
0.000000
0.000000
0.000000
0.000000
0.000000
0.000000
0.000000
0.000000
0.000000
0.000000
0.000000
0.000000
0.000000
0.000000
0.000000
0.000000
0.000000
0.000000
0.000000
1.611643
0.000000
1.806897
0.579421
0.000000
0.000000
0.000000
0.000000
0.000000
0.000000
0.000000
0.000000
0.000000
1.627758
0.000000
0.000000
0.000000
0.000000
0.000000
0.000000
1.341479
0.158830
0.000000
0.000000
0.101037
0.000000
0.000000
0.000000
0.000000
1.557531
0.000000
0.000000
0.000000
0.000000
0.000000
0.000000
0.000000
0.000000
0.000000
0.000000
0.000000
0.000000
0.000000
0.000000
0.000000
0.000000
0.000000
0.000000
0.000000
0.000000
0.000000
1.519856
0.000000
0.000000
0.000000
0.823116
0.107635
0.410296
0.000000
0.000000
3.889591
0.000000
0.000000
0.000000
0.000000
0.000000
0.000000
0.000000
3.526708
0.000000
0.000000
0.000000
0.000000
0.000000
0.000000
0.000000
0.000000
0.000000
0.000000
0.998859
0.000000
0.000000
0.012411
0.000000
0.000000
0.000000
0.000000
0.000000
0.000000
0.000000
0.000000
0.000000
0.000000
0.000000
0.000000
0.000000
0.000000
1.279818
0.000000
0.000000
0.000000
0.000000
0.959283
1.490721
0.000000
0.000000
0.000000
0.000000
0.000000
0.000000
0.000000
0.000000
0.000000
0.000000
0.000000
0.395854
0.000000
0.386642
0.000000
0.000000
0.000000
0.000000
0.000000
0.000000
0.000000
0.000000
0.000000
3.146866
0.000000
0.267752
0.000000
0.000000
0.000000
0.000000
0.000000
0.000000
0.000000
1.432628
0.000000
0.000000
0.000000
0.000000
0.000000
1.691655
0.000000
0.000000
0.000000
0.000000
0.000000
0.000000
0.000000
0.000000
0.000000
0.000000
1.052955
0.000000
0.000000
0.000000
1.946439
0.000000
0.000000
0.000000
0.000000
0.000000
0.000000
0.000000
0.000000
0.000000
0.000000
0.000000
0.000000
0.000000
0.151579
0.000000
0.000000
0.000000
0.000000
0.000000
0.000000
0.000000
0.000000
0.000000
0.000000
0.000000
0.000000
0.000000
0.321904
0.000000
0.000000
0.000000
0.000000
0.000000
0.000000
0.000000
1.067418
0.000000
0.000000
0.000000
0.000000
0.000000
0.000000
0.000000
0.000000
0.000000
0.000000
0.000000
0.000000
0.000000
0.000000
3.473064
0.000000
0.000000
0.000000
0.000000
0.000000
3.516217
0.100510
0.000000
0.185675
0.000000
0.302389
0.000000
3.001535
0.000000
0.000000
0.000000
0.000000
0.000000
0.000000
0.762700
0.150651
0.000000
0.000000
0.000000
0.000000
0.000000
0.000000
0.000000
0.000000
0.000000
0.000000
0.000000
0.000000
0.000000
0.000000
0.000000
0.000000
0.000000
0.236426
0.000000
0.000000
0.000000
0.000000
0.000000
1.198914
0.000000
3.326848
1.377600
0.000000
0.095852
1.103125
0.000000
2.614977
0.000000
0.000000
0.000000
0.000000
0.000000
0.000000
0.000000
0.000000
0.000000
0.000000
0.000000
0.000000
0.000000
0.000000
0.000000
0.032106
0.000000
0.842996
0.000000
0.646378
0.000000
0.000000
0.000000
0.188818
0.000000
0.000000
0.000000
0.000000
0.000000
0.994223
0.000000
0.000000
0.000000
0.000000
0.000000
0.000000
0.000000
0.000000
0.000000
0.000000
0.000000
0.000000
0.749064
0.000000
0.000000
2.061965
0.000000
0.000000
0.000000
0.000000
0.000000
0.000000
0.000000
0.000000
0.000000
0.000000
0.000000
0.654765
1.668716
0.000000
0.000000
0.000000
0.000000
1.347966
0.000000
0.000000
0.000000
2.535231
0.000000
0.000000
0.000000
0.000000
0.000000
4.346933
0.000000
0.000000
0.000000
0.000000
0.000000
0.000000
0.547291
0.000000
0.000000
0.538908
0.000000
0.000000
0.000000
0.000000
0.000000
0.000000
0.000000
0.000000
0.000000
0.000000
3.308332
1.839005
0.000000
1.953019
2.099962
0.000000
0.000000
0.000000
0.000000
0.000000
0.000000
0.000000
0.000000
0.169464
0.625297
0.000000
0.000000
0.000000
0.000000
0.000000
0.000000
0.000000
2.844242
0.000000
0.000000
0.000000
0.000000
0.000000
0.000000
0.000000
0.000000
0.031870
0.000000
0.000000
0.000000
0.000000
0.000000
0.972948
0.000000
0.000000
0.000000
3.182453
0.000000
0.000000
0.000000
0.000000
0.000000
0.000000
1.981588
0.000000
0.000000
3.806286
0.000000
1.355320
0.000000
0.504996
0.000000
0.000000
0.000000
0.000000
0.000000
0.000000
0.000000
0.000000
0.000000
2.335948
0.000000
0.000000
0.000000
0.000000
0.000000
0.000000
0.000000
0.000000
0.000000
0.207012
0.000000
0.000000
0.000000
0.000000
0.000000
1.269933
0.000000
1.544937
0.000000
0.000000
0.000000
0.000000
0.000000
2.448943
0.000000
0.000000
0.000000
0.000000
1.209959
0.000000
0.000000
0.674525
0.000000
0.000000
0.000000
0.000000
0.000000
0.188905
0.000000
0.000000
0.455445
0.000000
0.000000
0.000000
0.000000
0.000000
0.000000
0.000000
0.000000
0.000000
2.027176
0.000000
2.735798
0.000000
0.000000
0.784245
0.000000
0.472324
0.000000
0.000000
0.000000
0.000000
0.000000
0.000000
0.000000
0.000000
0.000000
0.000000
0.883771
0.000000
3.020788
0.000000
0.000000
0.000000
0.246427
0.000000
0.000000
0.759885
0.000000
0.000000
0.000000
0.000000
0.000000
0.000000
0.000000
0.000000
0.000000
0.000000
0.000000
0.000000
0.000000
0.000000
0.000000
0.000000
0.000000
0.000000
0.000000
0.000000
0.000000
0.000000
0.000000
0.000000
0.000000
0.000000
0.000000
0.000000
0.000000
0.000000
0.000000
0.000000
0.000000
0.000000
0.000000
0.000000
0.000000
0.000000
0.000000
0.000000
0.000000
0.000000
0.000000
0.000000
0.000000
0.000000
0.000000
0.000000
0.000000
0.000000
0.000000
0.000000
0.000000
2.446244
0.000000
1.361873
0.400667
0.000000
0.000000
0.000000
0.000000
0.000000
0.000000
0.000000
1.302299
0.000000
0.000000
0.000000
1.659905
0.000000
0.000000
0.000000
0.000000
0.000000
0.000000
0.000000
0.000000
0.000000
1.131052
0.537585
0.760189
0.000000
0.000000
4.313025
0.000000
0.000000
0.000000
0.000000
0.000000
0.000000
0.000000
0.000000
0.000000
0.000000
0.000000
0.000000
0.000000
0.074456
0.000000
0.000000
0.000000
0.000000
0.000000
0.000000
0.000000
0.000000
0.000000
0.000000
0.000000
0.000000
0.000000
0.000000
0.000000
0.589574
0.000000
0.000000
0.000000
0.000000
0.000000
0.000000
0.000000
0.000000
0.000000
0.407893
0.000000
0.000000
0.000000
0.000000
0.000000
0.656808
0.000000
0.000000
0.000000
0.000000
0.000000
0.000000
0.000000
0.000000
0.000000
0.000000
0.000000
0.000000
0.000000
0.000000
0.000000
1.825362
1.434267
0.000000
0.000000
0.000000
0.609449
0.000000
0.000000
0.000000
0.000000
0.000000
0.000000
0.577326
0.000000
0.000000
0.000000
0.000000
0.000000
0.000000
1.434626
0.000000
0.000000
0.000000
0.000000
0.000000
0.000000
0.000000
0.000000
2.454878
0.000000
0.000000
0.000000
0.000000
0.000000
0.000000
0.000000
0.000000
1.332984
0.000000
0.000000
0.000000
0.000000
0.000000
0.000000
0.000000
0.000000
0.000000
0.000000
0.000000
0.000000
0.000000
0.000000
0.000000
0.000000
0.000000
0.000000
0.000000
0.000000
0.000000
0.000000
0.000000
0.000000
0.000000
0.000000
0.000000
0.000000
0.000000
0.000000
0.000000
0.000000
0.000000
0.000000
0.000000
0.000000
0.000000
0.000000
0.000000
0.000000
0.000000
0.000000
0.000000
1.243882
0.641903
0.000000
0.000000
0.000000
0.000000
0.000000
3.980678
0.000000
2.080406
2.208316
1.178517
0.000000
0.000000
1.586094
0.000000
0.000000
0.000000
0.000000
0.000000
0.000000
0.615740
0.000000
0.000000
0.000000
0.000000
4.062542
3.302095
0.000000
0.000000
0.000000
0.000000
0.000000
0.000000
0.000000
0.000000
0.000000
0.000000
0.000000
0.000000
0.000000
0.000000
0.000000
0.000000
0.000000
0.000000
0.000000
0.000000
0.000000
0.000000
0.000000
0.000000
0.000000
0.049203
0.000000
0.000000
0.000000
0.000000
0.000000
0.000000
0.000000
0.000000
0.000000
0.000000
0.000000
4.635829
0.000000
0.000000
0.000000
0.409528
0.000000
0.000000
2.367671
0.000000
0.000000
0.000000
0.000000
0.000000
0.000000
0.000000
0.000000
0.000000
0.000000
0.000000
0.000000
0.000000
0.841468
0.000000
0.000000
0.000000
0.000000
0.000000
0.000000
0.000000
3.391393
3.086599
0.186987
0.000000
0.000000
0.000000
0.000000
0.000000
0.000000
0.000000
0.000000
0.000000
0.000000
0.467874
0.000000
0.000000
0.000000
0.000000
0.000000
0.000000
0.000000
0.000000
0.000000
0.000000
0.000000
0.000000
0.000000
2.250055
0.000000
0.000000
0.000000
0.000000
0.000000
0.000000
0.000000
0.000000
0.000000
0.000000
0.000000
0.000000
3.238263
0.000000
2.162795
0.000000
0.000000
2.582683
0.000000
0.000000
0.000000
0.000000
0.000000
0.000000
0.000000
0.000000
0.000000
0.000000
0.000000
0.000000
0.000000
0.000000
0.000000
0.000000
0.000000
0.000000
0.000000
0.000000
0.652118
0.000000
0.000000
0.000000
0.000000
0.000000
0.000000
2.886091
0.000000
0.000000
1.614787
0.000000
0.000000
0.000000
0.000000
0.000000
0.982488
0.000000
0.000000
0.000000
0.000000
0.000000
0.000000
0.000000
0.000000
0.000000
0.987335
0.000000
0.000000
0.000000
0.000000
0.000000
2.862845
0.000000
0.000000
0.000000
0.000000
0.000000
0.000000
0.000000
0.000000
0.000000
0.000000
0.000000
0.000000
0.000000
0.000000
3.135619
0.000000
0.133980
0.000000
0.000000
0.000000
0.000000
0.291400
0.000000
0.000000
0.000000
0.000000
0.000000
0.000000
0.000000
0.000000
0.000000
0.000000
0.000000
0.000000
0.000000
1.394222
0.000000
0.000000
0.000000
0.770330
0.000000
1.682478
0.000000
0.000000
0.000000
0.000000
2.662537
0.000000
0.000000
0.000000
0.000000
4.319242
0.000000
0.000000
0.000000
0.000000
0.000000
0.000000
0.000000
0.000000
0.000000
0.000000
0.875098
1.748340
1.080722
0.000000
0.000000
0.000000
0.000000
0.000000
2.891753
0.000000
0.000000
0.000000
0.000000
0.000000
0.000000
0.000000
0.915943
0.000000
0.000000
0.321605
0.000000
0.000000
0.000000
0.000000
0.000000
0.000000
0.000000
2.131387
0.000000
2.406632
0.000000
0.000000
0.000000
0.436058
0.000000
0.000000
0.000000
0.000000
0.000000
0.000000
0.000000
0.000000
0.000000
0.000000
0.000000
0.000000
2.183286
0.000000
0.000000
0.000000
0.000000
0.000000
2.056410
0.000000
3.022644
0.795875
0.724349
0.000000
0.000000
0.000000
0.000000
0.000000
0.000000
0.000000
0.000000
0.000000
0.000000
0.000000
0.000000
0.000000
0.000000
0.000000
0.000000
0.000000
0.000000
0.000000
0.000000
0.000000
0.000000
0.459343
0.000000
0.000000
0.000000
0.000000
1.668252
0.000000
0.000000
0.000000
0.000000
0.673017
0.000000
0.000000
0.000000
0.000000
0.000000
0.000000
0.000000
0.000000
0.000000
0.000000
0.000000
0.000000
0.000000
0.000000
0.000000
0.113959
0.000000
0.000000
0.000000
1.877652
0.000000
0.000000
0.000000
0.000000
0.000000
0.000000
0.000000
0.000000
0.000000
0.032491
0.000000
1.507588
0.000000
0.000000
0.000000
0.000000
0.000000
0.000000
1.144111
0.000000
0.000000
0.000000
0.959633
0.000000
0.000000
0.000000
0.000000
0.000000
0.000000
0.000000
0.000000
0.000000
0.000000
0.000000
0.000000
0.000000
0.000000
0.000000
0.000000
0.000000
0.000000
0.000000
0.000000
1.077443
1.353614
0.412290
0.000000
0.000000
0.000000
0.889513
0.000000
0.000000
0.000000
0.000000
1.000296
0.000000
0.000000
0.000000
0.000000
0.000000
0.000000
0.000000
0.000000
0.000000
0.000000
0.000000
0.000000
0.000000
0.728160
0.000000
0.720783
2.787463
0.000000
0.000000
0.000000
0.000000
0.000000
0.000000
0.000000
0.000000
0.000000
0.000000
0.000000
0.000000
0.000000
0.000000
0.000000
0.000000
0.000000
0.000000
0.734791
0.000000
0.000000
0.000000
0.000000
0.690927
1.383180
0.000000
0.000000
0.000000
0.000000
0.000000
0.000000
0.000000
0.000000
0.000000
0.000000
0.000000
0.000000
0.000000
0.000000
0.000000
0.000000
1.122983
0.000000
0.000000
0.000000
0.000000
0.000000
0.000000
0.000000
0.906585
0.000000
0.000000
0.000000
0.000000
0.000000
0.000000
0.000000
0.000000
0.000000
0.000000
0.000000
0.000000
0.545713
0.000000
0.000000
0.000000
0.000000
0.000000
0.000000
0.000000
0.000000
0.000000
0.657872
0.000000
0.156744
0.000000
0.000000
0.000000
0.000000
0.000000
0.000000
0.000000
0.000000
0.000000
0.000000
0.000000
0.000000
0.000000
0.598783
0.000000
7.467535
0.000000
0.000000
0.000000
0.000000
0.000000
0.000000
0.000000
0.000000
0.000000
0.000000
0.000000
0.000000
1.529675
0.000000
0.000000
0.000000
0.000000
0.000000
0.000000
0.000000
0.000000
0.000000
0.000000
0.000000
0.000000
0.000000
0.000000
0.000000
0.000000
0.000000
0.000000
0.000000
0.000000
0.000000
0.000000
0.000000
0.000000
0.000000
0.000000
0.000000
0.000000
0.394153
0.000000
0.000000
0.000000
0.000000
0.000000
0.000000
3.643755
0.000000
0.000000
0.000000
0.000000
0.000000
0.000000
0.000000
0.000000
0.000000
0.000000
0.000000
0.000000
0.000000
0.000000
0.000000
0.000000
0.000000
0.000000
0.000000
0.000000
0.000000
0.000000
0.000000
0.000000
0.386070
0.000000
0.000000
0.000000
0.000000
0.000000
0.000000
0.127256
2.749002
0.000000
0.000000
0.000000
0.000000
0.000000
0.059210
0.750756
0.000000
1.387028
0.000000
0.000000
0.000000
0.000000
0.000000
0.000000
0.000000
0.000000
0.000000
0.299022
0.588224
0.000000
0.000000
0.000000
0.000000
0.000000
0.000000
0.000000
0.000000
0.000000
0.000000
0.149623
0.000000
0.000000
0.000000
0.296798
0.000000
0.000000
1.688169
0.929183
0.000000
0.000000
0.000000
0.000000
0.000000
0.000000
0.000000
0.000000
0.000000
0.000000
0.000000
0.000000
0.000000
0.000000
0.000000
0.000000
0.000000
0.361455
0.000000
0.000000
0.000000
0.000000
0.000000
0.000000
0.000000
0.000000
0.000000
0.000000
0.000000
0.000000
0.000000
0.000000
0.000000
0.000000
0.042305
0.000000
0.000000
0.000000
0.000000
0.000000
0.000000
0.000000
0.802381
0.000000
0.000000
0.000000
1.060670
0.000000
0.000000
0.977402
0.000000
0.000000
0.000000
0.000000
0.000000
0.000000
0.000000
0.000000
0.000000
0.000000
0.000000
0.000000
0.547249
0.000000
0.000000
0.000000
0.000000
0.000000
2.524177
0.000000
0.000000
0.515753
0.000000
0.000000
0.000000
0.000000
0.000000
0.000000
0.000000
0.000000
0.000000
0.000000
0.000000
0.000000
0.000000
0.892395
0.000000
0.000000
0.000000
1.710909
0.201520
0.454984
1.528336
0.000000
0.000000
0.000000
0.000000
0.000000
0.000000
0.000000
0.000000
0.000000
0.000000
0.000000
0.000000
0.000000
0.000000
0.000000
1.420438
0.000000
0.000000
0.000000
0.000000
0.000000
0.000000
0.596960
0.000000
0.000000
0.000000
2.634740
1.700270
0.000000
0.000000
0.337426
0.000000
0.000000
0.000000
0.000000
0.000000
4.044758
0.000000
0.000000
0.000000
0.000000
0.000000
0.000000
0.000000
0.000000
0.000000
0.000000
0.000000
0.000000
0.000000
0.000000
0.000000
0.000000
0.000000
0.000000
0.000000
0.000000
0.000000
0.000000
0.000000
0.000000
0.497279
0.000000
0.000000
0.000000
0.000000
0.000000
0.000000
0.518726
0.000000
2.559322
0.000000
0.000000
0.748267
0.614624
0.000000
0.000000
0.000000
0.000000
0.000000
0.000000
0.000000
0.869734
0.000000
0.000000
0.661375
0.000000
0.010268
0.000000
0.000000
0.324406
0.461926
0.000000
0.000000
0.000000
0.000000
0.000000
0.000000
0.000000
0.000000
0.000000
0.000000
0.000000
1.929480
0.000000
0.000000
0.321045
0.000000
0.000000
0.000000
0.000000
0.000000
0.455838
0.298177
0.000000
4.508036
0.000000
0.000000
0.000000
0.582058
0.000000
0.000000
0.000000
0.000000
0.000000
0.062982
0.000000
0.000000
0.000000
0.000000
0.000000
1.655825
0.000000
0.000000
0.000000
0.000000
2.020331
0.000000
0.000000
0.971618
0.000000
0.000000
0.000000
0.000000
1.392971
0.000000
0.000000
0.000000
0.000000
0.000000
0.000000
0.000000
0.000000
0.000000
0.000000
0.000000
0.000000
0.000000
0.000000
0.000000
0.000000
0.000000
2.998590
0.000000
0.000000
0.000000
0.000000
0.000000
0.000000
0.000000
0.000000
1.205519
0.000000
0.000000
2.580134
0.000000
0.000000
0.000000
0.000000
0.000000
0.000000
0.000000
4.280373
0.000000
0.719676
0.651107
0.000000
0.000000
0.101576
0.000000
0.000000
0.000000
0.000000
3.774016
0.000000
0.000000
0.000000
0.000000
0.000000
0.000000
0.000000
0.000000
0.000000
0.000000
0.000000
0.000000
0.000000
0.000000
0.000000
0.000000
0.000000
0.000000
0.883683
0.000000
0.000000
0.000000
0.000000
0.970147
0.000000
0.000000
0.000000
0.000000
0.000000
0.000000
0.000000
0.000000
0.000000
0.935801
0.000000
0.000000
0.000000
0.000000
0.000000
0.000000
0.000000
0.000000
0.009463
0.000000
0.000000
0.000000
0.000000
0.000000
0.000000
0.000000
0.000000
0.000000
0.000000
0.000000
0.000000
0.000000
0.000000
0.000000
0.936093
0.000000
0.000000
0.000000
0.000000
0.000000
0.000000
0.000000
0.000000
0.000000
0.000000
0.000000
0.010681
0.000000
0.000000
0.000000
0.018391
0.000000
0.000000
0.000000
0.232273
0.000000
0.000000
0.000000
0.000000
0.000000
0.000000
0.000000
0.000000
0.000000
0.000000
0.000000
0.000000
0.000000
0.000000
0.000000
0.000000
1.403042
0.000000
0.000000
0.000000
0.868934
0.000000
0.000000
0.000000
0.723634
0.000000
1.554738
0.000000
0.000000
0.000000
0.000000
0.000000
1.044814
0.000000
0.000000
0.000000
0.000000
0.000000
0.000000
0.000000
0.000000
0.000000
0.000000
0.000000
0.000000
0.000000
0.000000
0.000000
0.000000
0.000000
0.000000
0.000000
0.000000
0.000000
0.000000
0.000000
0.000000
0.000000
0.000000
0.873191
0.000000
0.000000
0.000000
0.000000
0.000000
0.000000
0.000000
0.000000
0.000000
0.000000
0.000000
0.000000
0.000000
0.000000
0.000000
0.000000
0.000000
1.331391
0.000000
0.000000
0.000000
0.000000
0.000000
0.000000
0.000000
0.000000
2.108946
2.125762
0.000000
0.000000
2.835721
0.000000
0.000000
0.000000
0.000000
0.000000
0.000000
0.000000
0.000000
0.000000
0.000000
0.000000
0.000000
0.000000
0.000000
0.000000
0.000000
0.000000
0.000000
0.350041
0.000000
0.000000
1.569788
1.744231
0.000000
0.000000
1.275450
0.000000
0.000000
3.277356
0.000000
0.000000
0.000000
0.000000
0.142652
0.000000
0.000000
0.000000
1.148834
0.000000
0.000000
0.000000
0.000000
0.000000
0.000000
0.000000
0.000000
0.000000
0.000000
0.000000
0.000000
0.000000
0.424272
0.000000
0.000000
0.826133
0.000000
0.000000
0.000000
0.000000
0.000000
0.000000
0.000000
0.000000
0.000000
0.000000
0.000000
0.000000
0.000000
0.000000
0.000000
0.000000
0.000000
2.417367
0.000000
0.425411
0.000000
0.000000
0.000000
0.000000
0.000000
0.000000
0.000000
0.000000
0.000000
0.000000
0.000000
2.221066
0.000000
0.000000
0.000000
0.000000
0.000000
0.000000
0.000000
0.000000
0.010902
0.000000
0.000000
0.000000
0.000000
0.000000
0.000000
0.000000
0.000000
0.000000
0.000000
0.917812
0.000000
0.000000
1.559868
0.000000
0.000000
0.000000
0.854988
3.406668
0.000000
0.781062
0.000000
0.000000
0.000000
0.393124
0.169312
0.000000
0.000000
0.000000
0.000000
0.000000
0.000000
0.000000
0.000000
0.000000
0.000000
0.000000
0.522143
0.000000
0.000000
0.793890
0.000000
0.000000
0.000000
0.000000
0.000000
0.000000
0.000000
0.000000
0.000000
0.000000
0.000000
0.000000
0.000000
0.000000
0.000000
0.000000
0.000000
0.000000
0.000000
0.000000
0.000000
0.000000
0.000000
0.000000
0.000000
0.000000
0.000000
0.000000
0.000000
0.000000
0.000000
4.110797
0.000000
0.000000
0.830371
0.000000
0.000000
0.000000
0.000000
0.000000
0.186410
0.000000
0.000000
0.000000
0.523108
0.000000
0.000000
0.000000
2.851061
0.000000
0.000000
0.000000
0.000000
0.000000
0.000000
0.000000
0.000000
0.000000
0.000000
0.000000
0.000000
0.000000
1.761379
0.000000
0.000000
0.000000
0.000000
0.000000
0.000000
0.000000
0.000000
0.000000
4.188655
0.000000
1.137826
0.000000
0.000000
0.000000
0.000000
0.000000
0.000000
2.557492
0.000000
0.361504
0.000000
1.233417
0.000000
0.000000
0.000000
0.000000
0.000000
0.000000
0.000000
0.000000
0.000000
0.000000
0.000000
0.000000
0.000000
0.000000
0.000000
0.000000
0.000000
0.107401
0.000000
0.000000
0.000000
0.000000
0.000000
0.000000
0.000000
0.000000
0.000000
0.000000
0.000000
0.000000
0.000000
0.688765
0.000000
0.000000
0.000000
2.031101
0.774928
0.000000
0.000000
0.000000
0.000000
0.686241
0.000000
0.000000
0.000000
0.000000
0.000000
1.334901
0.000000
0.000000
0.000000
0.000000
0.000000
1.642884
0.000000
0.000000
0.000000
0.000000
0.000000
0.000000
0.000000
0.000000
0.000000
0.000000
0.000000
0.000000
0.000000
0.016184
0.000000
0.000000
0.000000
0.000000
0.000000
0.000000
0.000000
0.000000
0.219585
0.000000
0.000000
0.000000
0.000000
0.000000
1.056237
0.000000
0.000000
0.937444
0.000000
0.000000
0.000000
0.507454
0.000000
0.000000
0.000000
0.000000
0.000000
0.000000
0.000000
1.544279
0.000000
0.000000
0.000000
0.000000
0.000000
0.000000
0.000000
0.000000
0.000000
0.000000
1.086912
0.000000
0.000000
0.000000
0.000000
0.000000
0.028919
0.000000
0.032057
0.000000
0.000000
0.000000
0.000000
0.000000
0.000000
0.000000
0.000000
0.000000
0.000000
0.000000
0.000000
0.000000
0.000000
0.000000
0.000000
0.000000
0.000000
0.000000
0.000000
0.029448
0.000000
0.000000
0.179306
0.000000
0.000000
0.000000
0.540375
0.000000
0.000000
0.000000
0.000000
0.000000
0.000000
1.941699
0.000000
0.000000
0.000000
0.000000
0.000000
0.000000
2.190839
0.037025
0.000000
0.000000
0.000000
0.000000
0.527515
0.000000
0.000000
0.000000
0.000000
0.000000
0.000000
0.000000
1.508530
0.000000
0.000000
0.000000
0.000000
0.000000
0.604312
0.000000
0.000000
0.000000
0.000000
0.000000
0.000000
1.015089
0.000000
0.000000
0.000000
0.000000
0.000000
0.000000
0.000000
0.000000
0.000000
0.000000
0.000000
0.000000
0.000000
0.000000
0.000000
0.504251
0.000000
0.000000
0.000000
0.000000
2.016646
0.000000
0.000000
0.000000
0.000000
0.000000
0.000000
0.630467
2.302435
0.000000
0.824985
0.000000
0.000000
0.000000
1.316030
3.511278
0.000000
0.000000
1.243628
0.000000
0.872862
0.000000
0.000000
0.715570
0.000000
0.000000
0.000000
0.000000
0.000000
0.000000
0.000000
0.000000
0.000000
0.000000
0.000000
0.000000
0.000000
0.000000
0.000000
0.000000
0.000000
0.000000
2.558323
0.000000
0.673653
0.000000
0.792084
0.000000
0.000000
0.000000
0.000000
0.000000
0.000000
0.000000
0.000000
0.000000
0.000000
0.000000
0.000000
0.000000
0.000000
0.642463
0.000000
0.000000
0.000000
0.000000
0.000000
0.580356
0.274460
0.707899
0.000000
0.000000
0.000000
0.274273
0.171242
0.000000
4.918981
0.000000
0.000000
0.000000
0.000000
0.000000
0.000000
0.057345
1.010004
0.000000
0.000000
0.000000
0.000000
0.000000
0.000000
0.000000
0.000000
0.000000
0.000000
0.000000
0.000000
0.000000
0.000000
0.000000
0.000000
0.000000
0.000000
0.000000
0.000000
0.000000
0.000000
0.000000
0.115263
0.000000
0.000000
0.000000
0.000000
0.000000
0.000000
0.000000
0.078168
0.000000
0.000000
0.000000
0.000000
0.000000
0.083969
0.000000
0.000000
0.000000
0.000000
0.961058
0.000000
0.000000
0.000000
0.000000
0.000000
0.000000
0.000000
0.000000
0.000000
0.000000
0.000000
0.000000
0.000000
0.000000
0.000000
0.000000
0.000000
0.000000
0.632636
0.000000
0.000000
0.382818
0.000000
0.000000
0.000000
0.000000
0.000000
0.000000
0.000000
1.041920
0.000000
0.000000
0.742922
0.000000
0.000000
0.000000
0.000000
0.000000
0.000000
0.000000
0.092423
0.000000
0.000000
0.000000
0.000000
0.801378
0.000000
0.000000
0.000000
0.000000
0.000000
0.000000
0.000000
0.000000
0.000000
0.000000
0.000000
0.000000
0.000000
0.000000
0.000000
1.828369
0.000000
0.000000
0.000000
0.000000
4.278931
0.000000
0.000000
0.000000
0.000000
0.000000
0.000000
0.000000
0.000000
0.000000
0.000000
0.000000
0.000000
0.000000
0.000000
0.689935
0.000000
0.000000
0.412219
0.000000
0.000000
0.000000
0.000000
0.000000
0.000000
0.000000
0.000000
0.000000
0.893078
6.073622
0.000000
0.000000
0.000000
0.000000
0.000000
3.187876
0.000000
0.000000
0.000000
0.000000
0.000000
0.000000
0.000000
0.000000
0.000000
0.000000
0.000000
0.000000
0.000000
0.000000
0.000000
0.000000
0.000000
0.000000
2.239424
0.000000
0.130552
0.000000
0.000000
0.000000
0.000000
0.000000
0.000000
0.000000
0.000000
0.000000
0.000000
0.000000
0.000000
0.000000
0.000000
0.000000
0.000000
0.000000
0.000000
0.000000
1.149557
0.000000
0.000000
0.000000
0.000000
0.000000
0.000000
0.000000
0.000000
0.000000
0.000000
0.000000
0.000000
0.000000
0.467410
0.000000
0.000000
0.000000
0.000000
0.000000
0.000000
0.000000
3.559215
0.000000
0.000000
0.000000
0.000000
0.000000
0.000000
0.000000
0.000000
0.000000
1.417432
0.000000
0.000000
0.000000
0.000000
0.000000
0.000000
0.000000
0.000000
0.000000
0.000000
0.000000
0.000000
0.967529
0.102876
0.000000
0.000000
0.000000
0.000000
0.544452
0.000000
2.813867
0.000000
0.000000
0.000000
0.000000
0.000000
0.000000
0.000000
0.000000
1.205309
0.000000
0.000000
0.000000
0.000000
0.000000
0.000000
0.000000
0.000000
0.000000
0.000000
0.000000
0.000000
3.515354
0.000000
0.000000
0.000000
0.000000
0.000000
0.455535
0.000000
0.000000
0.000000
0.000000
0.000000
0.000000
2.328162
0.000000
0.000000
0.000000
0.000000
0.000000
0.000000
0.000000
0.000000
0.000000
0.124630
0.000000
0.000000
0.000000
0.000000
3.038728
0.000000
0.000000
2.651122
0.000000
0.000000
0.000000
0.000000
0.000000
0.000000
0.000000
0.000000
0.000000
0.000000
0.000000
0.627720
0.343717
0.000000
0.000000
0.000000
0.000000
0.000000
0.000000
0.000000
0.000000
0.000000
0.000000
0.000000
0.000000
0.000000
0.000000
0.000000
0.000000
0.000000
2.984278
0.000000
1.643291
0.000000
0.000000
0.000000
0.000000
1.125032
0.000000
0.000000
0.000000
0.000000
0.687407
0.000000
1.384169
0.000000
0.000000
0.000000
0.000000
0.000000
0.752765
1.361559
0.000000
0.000000
0.000000
0.000000
0.000000
0.000000
0.000000
0.000000
0.000000
0.000000
0.000000
0.000000
4.043719
0.037698
0.000000
0.000000
0.279239
0.000000
0.000000
0.000000
0.000000
0.000000
0.000000
0.000000
0.000000
0.000000
0.000000
0.000000
0.000000
0.161872
0.000000
0.000000
0.000000
0.000000
0.000000
0.000000
0.000000
0.000000
1.252738
0.000000
0.000000
0.000000
0.000000
0.000000
0.000000
0.000000
0.000000
0.000000
2.523598
0.586753
0.000000
0.000000
0.000000
0.000000
2.891030
0.000000
2.204004
0.000000
