0.000000
0.000000
0.000000
0.000000
0.000000
0.000000
0.000000
0.000000
0.000000
0.000000
0.000000
0.000000
0.782688
0.000000
0.000000
0.339602
0.000000
0.000000
0.000000
0.000000
0.000000
0.000000
0.000000
0.282376
0.283767
0.000000
0.000000
0.026838
0.000000
0.000000
0.000000
0.000000
0.000000
0.000000
0.000000
0.000000
0.000000
0.000000
0.000000
0.000000
0.000000
2.172313
0.000000
0.000000
0.000000
0.000000
0.005607
0.420264
0.000000
1.512579
0.000000
0.000000
0.000000
0.000000
0.000000
0.000000
0.000000
0.532516
0.231122
0.000000
0.884282
0.000000
0.000000
0.589749
0.221595
0.000000
0.000000
0.000000
0.000000
0.090166
0.000000
0.000000
0.000000
0.000000
0.000000
0.000000
0.000000
1.864625
0.000000
0.000000
0.000000
0.000000
0.000000
1.564432
0.000000
0.000000
0.000000
0.164028
0.000000
0.000000
0.000000
0.099396
0.000000
0.000000
0.000000
0.000000
0.000000
0.000000
0.000000
0.488243
0.944848
0.000000
0.000000
0.000000
0.000000
0.000000
0.000000
0.000000
0.822806
0.000000
0.000000
0.000000
0.000000
0.000000
0.000000
0.000000
0.000000
0.000000
0.186411
0.000000
0.000000
0.000000
0.000000
1.183730
0.000000
0.000000
0.000000
0.000000
0.000000
0.000000
0.000000
0.000000
1.268929
0.000000
0.000000
0.000000
0.000000
0.000000
0.000000
0.000000
0.000000
0.000000
0.000000
0.000000
0.000000
0.000000
0.000000
0.000000
0.000000
0.000000
0.000000
0.000000
0.000000
0.581777
0.123251
0.000000
0.000000
0.000000
0.000000
0.000000
0.000000
0.000000
0.000000
0.000000
0.000000
0.000000
0.000000
0.000000
0.000000
0.000000
0.000000
0.000000
0.000000
1.163630
0.000000
0.000000
0.000000
0.000000
0.000000
0.000000
0.000000
0.000000
0.000000
0.000000
0.000000
0.000000
0.000000
0.000000
0.000000
0.000000
0.000000
0.000000
0.000000
0.000000
0.000000
0.000000
0.000000
0.000000
0.000000
0.000000
0.000000
0.000000
0.000000
0.000000
0.000000
0.000000
0.000000
0.000000
0.000000
0.000000
0.000000
0.000000
0.000000
0.000000
0.000000
0.000000
0.000000
0.000000
0.000000
0.000000
0.000000
0.284660
0.000000
0.000000
0.955099
0.000000
0.000000
0.000000
0.000000
0.000000
0.000000
0.000000
0.721467
0.000000
0.000000
0.000000
0.000000
0.217876
0.000000
0.000000
0.000000
0.000000
0.000000
0.000000
0.302689
2.516871
0.000000
0.000000
0.000000
0.000000
0.000000
0.137322
0.000000
0.000000
0.000000
0.000000
0.000000
0.000000
0.000000
0.271087
0.000000
0.614832
0.000000
0.000000
0.612792
1.902710
0.000000
2.518394
0.000000
0.000000
0.277154
0.000000
0.000000
0.000000
0.000000
0.000000
0.000000
0.000000
0.000000
0.000000
0.000000
0.000000
1.061599
0.000000
0.000000
0.000000
0.000000
0.000000
0.000000
0.000000
0.000000
0.026921
1.296010
0.000000
0.000000
0.233296
0.913189
0.000000
0.353234
0.000000
0.000000
0.000000
0.000000
0.000000
0.000000
0.000000
0.832612
0.000000
0.000000
0.637149
1.022174
1.337645
0.000000
0.222517
0.000000
0.057466
0.000000
0.485185
0.000000
0.000000
0.000000
0.000000
0.000000
0.000000
0.000000
0.000000
2.048424
0.000000
0.000000
0.000000
0.000000
0.000000
0.000000
0.254673
0.681930
0.000000
0.000000
0.000000
0.000000
0.000000
0.000000
0.000000
0.000000
2.260842
0.000000
0.000000
0.000000
0.000000
0.000000
0.000000
0.000000
0.000000
0.000000
0.000000
0.000000
0.551378
0.000000
0.000000
0.000000
0.000000
0.000000
0.000000
0.000000
0.000000
0.000000
0.000000
0.000000
0.000000
0.209534
0.000000
0.000000
0.000000
0.000000
0.205847
0.311883
0.000000
0.169171
0.000000
0.000000
0.000000
0.000000
0.000000
0.000000
0.000000
0.868173
0.999665
0.000000
0.000000
0.393187
0.000000
0.000000
0.000000
0.000000
0.000000
0.000000
0.000000
0.000000
0.307007
0.000000
0.943565
0.000000
0.000000
0.000000
0.000000
1.105914
0.000000
0.000000
0.000000
0.000000
0.000000
0.000000
0.000000
0.000000
0.000000
0.000000
0.000000
0.000000
0.000000
0.000000
0.000000
0.000000
0.808905
0.000000
0.000000
0.000000
0.000000
1.094446
1.132191
0.000000
0.000000
0.000000
0.000000
0.000000
0.000000
0.000000
0.000000
0.000000
0.000000
0.000000
0.000000
0.000000
0.000000
2.605462
0.120278
0.000000
0.000000
0.000000
0.319189
0.000000
0.000000
0.706004
0.000000
0.712644
0.000000
0.000000
0.000000
0.656369
0.000000
2.066959
0.000000
0.000000
0.000000
0.036220
0.000000
0.000000
0.222777
1.290837
0.000000
0.078024
0.000000
0.000000
0.000000
0.000000
0.000000
0.000000
0.000000
0.000000
0.000000
0.000000
0.000000
0.000000
0.000000
0.000000
0.000000
0.000000
0.000000
0.103052
0.000000
0.087165
0.846174
0.209139
0.097114
0.000000
0.000000
0.000000
0.000000
0.000000
0.602648
0.205900
0.000000
0.000000
0.000000
1.181373
0.000000
0.000000
0.000000
0.000000
1.564117
0.000000
0.000000
0.000000
2.866443
0.469007
0.000000
0.000000
0.000000
0.131445
0.000000
0.000000
0.000000
2.565194
0.000000
2.845373
1.433963
0.000000
0.000000
0.000000
0.000000
0.000000
0.000000
0.000000
0.000000
0.000000
0.000000
0.000000
0.634200
0.000000
0.000000
0.000000
0.000000
0.000000
0.000000
0.000000
0.000000
0.000000
0.170644
0.714542
0.210613
0.000000
0.000000
2.242790
1.291618
0.000000
0.718590
0.000000
0.000000
0.000000
0.000000
0.000000
0.000000
0.000000
0.000000
0.000000
0.000000
0.000000
0.000000
0.000000
0.000000
0.000000
1.166987
0.000000
0.000000
0.000000
2.227994
0.000000
0.000000
1.972526
0.000000
0.000000
0.000000
0.000000
0.000000
0.000000
0.000000
0.000000
0.000000
0.000000
0.000000
0.000000
0.000000
0.000000
0.000000
0.368689
0.000000
0.000000
0.000000
0.000000
0.000000
0.024319
0.000000
0.829109
0.115055
0.198432
0.000000
0.000000
0.000000
0.000000
0.000000
0.000000
0.000000
0.000000
0.223483
0.000000
0.000000
0.000000
0.062471
0.987916
0.000000
0.000000
0.000000
0.000000
0.679083
0.000000
1.070612
0.000000
0.000000
0.000000
1.256848
0.000000
0.159798
1.205686
0.000000
0.000000
0.307837
0.000000
0.000000
0.000000
0.000000
0.000000
0.000000
0.000000
0.000000
0.750514
0.000000
0.000000
0.000000
0.000000
0.000000
0.000000
0.509820
0.000000
0.000000
0.000000
0.000000
0.000000
0.000000
0.000000
0.000000
0.000000
0.000000
0.000000
0.000000
0.000000
0.000000
0.000000
0.000000
1.725738
0.000000
0.000000
4.082957
0.000000
0.000000
0.000000
0.000000
0.000000
0.000000
0.000000
0.000000
0.000000
0.000000
0.000000
0.000000
0.000000
0.000000
0.000000
0.000000
0.000000
0.000000
0.000000
0.819467
0.000000
0.495971
0.000000
0.000000
0.000000
0.000000
0.000000
0.000000
0.000000
0.000000
0.000000
0.000000
0.170722
0.036478
0.000000
0.000000
0.360437
0.018976
2.332528
0.000000
0.466806
0.406234
0.000000
0.000000
0.000000
0.000000
0.000000
0.000000
2.160583
0.000000
0.000000
0.000000
0.000000
0.000000
0.627433
0.000000
0.000000
0.000000
0.475099
0.000000
0.000000
1.926628
0.010712
0.000000
0.171131
0.000000
0.468378
0.000000
0.000000
0.353747
0.000000
0.000000
0.891195
0.000000
0.188684
1.960327
0.000000
0.000000
0.000000
0.000000
0.000000
0.000000
0.000000
0.000000
0.000000
0.000000
0.000000
0.000000
0.000000
0.000000
0.000000
0.000000
0.000000
0.000000
0.000000
0.000000
0.000000
0.000000
0.606616
0.080993
0.000000
1.146741
2.310372
0.000000
0.000000
0.000000
0.000000
0.000000
0.000000
0.000000
0.000000
0.000000
0.000000
0.000000
0.000000
0.000000
0.000000
0.479230
0.734163
0.000000
0.000000
0.000000
0.000000
0.000000
0.000000
0.000000
0.000000
0.000000
1.155715
0.000000
0.000000
0.000000
0.000000
0.000000
0.000000
2.558950
0.000000
0.000000
0.000000
1.028658
2.184266
0.000000
0.000000
0.000000
2.330897
1.002580
0.000000
0.000000
0.924731
0.709885
0.000000
0.000000
0.000000
0.000000
0.000000
0.792843
0.000000
0.000000
0.000000
0.000000
1.010355
0.000000
0.000000
1.194852
0.000000
0.189448
0.000000
0.000000
0.000000
0.000000
0.000000
0.000000
0.000000
0.000000
0.768851
0.000000
0.000000
0.000000
0.000000
0.000000
0.000000
0.000000
0.000000
0.000000
0.000000
0.000000
1.359879
0.000000
0.034381
0.922942
0.000000
0.000000
0.000000
0.000000
0.000000
0.000000
0.000000
0.269813
0.000000
0.246974
0.000000
0.000000
0.000000
0.000000
0.000000
0.000000
2.822669
0.000000
0.000000
0.000000
0.000000
0.000000
1.047187
0.000000
0.000000
0.712524
0.000000
0.000000
0.000000
0.000000
0.000000
0.000000
0.000000
0.000000
0.000000
0.000000
0.000000
0.000000
0.000000
0.000000
0.000000
0.000000
0.000000
0.000000
0.000000
0.000000
0.550477
0.000000
0.062304
0.000000
0.000000
0.000000
0.000000
0.000000
0.000000
0.000000
1.707432
0.779039
0.000000
0.000000
1.021065
1.103292
0.000000
0.000000
0.000000
0.000000
0.000000
0.000000
0.000000
0.838695
0.000000
0.000000
0.000000
0.000000
0.000000
2.121369
0.000000
0.000000
1.377703
0.211601
0.000000
0.000000
0.000000
0.000000
0.000000
0.000000
0.000000
0.000000
1.136279
0.000000
0.000000
0.000000
0.000000
0.000000
0.000000
0.000000
0.415739
0.000000
0.000000
0.000000
0.000000
0.000000
0.000000
0.000000
1.539534
0.426081
0.000000
0.000000
1.145966
0.000000
0.000000
0.000000
0.000000
0.000000
0.000000
0.000000
0.000000
0.000000
0.275678
0.000000
0.000000
0.000000
0.000000
0.000000
0.000000
0.710277
0.000000
0.000000
0.000000
0.000000
0.208804
0.000000
0.000000
0.000000
0.000000
0.000000
0.000000
1.222122
0.156823
2.859450
0.000000
0.000000
0.000000
0.000000
0.000000
0.000000
0.000000
0.000000
0.000000
0.000000
0.699840
0.000000
0.110430
0.000000
0.517598
1.112150
0.000000
0.000000
0.000000
0.000000
0.000000
1.416416
0.000000
0.000000
0.000000
0.000000
0.000000
0.000000
0.000000
0.000000
0.000000
0.710838
0.000000
0.000000
0.000000
0.431847
0.000000
0.000000
0.000000
0.000000
0.000000
0.000000
0.000000
0.000000
0.902503
0.000000
0.000000
0.301124
0.000000
0.000000
0.723656
0.000000
0.000000
1.872609
0.000000
0.000000
0.000000
0.000000
0.000000
0.029170
0.000000
0.040060
0.000000
0.000000
0.000000
0.000000
0.000000
0.000000
0.000000
0.000000
0.365563
0.000000
0.000000
0.707063
0.000000
0.000000
0.000000
0.000000
0.000000
0.102544
0.000000
0.000000
0.000000
0.000000
0.000000
0.000000
0.302506
0.000000
0.000000
0.000000
0.000000
0.000000
1.704557
1.487391
0.000000
0.000000
0.000000
0.000000
0.000000
0.000000
0.408661
0.659334
0.000000
0.000000
0.000000
0.000000
0.000000
0.000000
0.000000
0.000000
1.559351
0.000000
0.000000
0.000000
0.000000
0.000000
0.000000
0.000000
0.000000
0.000000
0.000000
0.112845
0.218930
0.000000
0.000000
0.000000
2.255641
0.000000
0.000000
0.349293
0.255873
0.000000
0.000000
0.000000
0.000000
0.000000
0.000000
0.000000
0.192429
0.000000
0.000000
0.000000
1.295055
0.000000
0.000000
0.000000
0.011502
0.000000
0.000000
0.000000
0.000000
0.941995
0.000000
0.000000
0.158013
0.000000
0.000000
0.000000
0.000000
0.559685
0.000000
0.000000
0.187400
0.000000
0.474799
0.000000
0.451452
0.000000
0.000000
0.000000
3.200623
0.000000
0.000000
0.000000
0.867459
0.173341
1.215072
0.000000
0.000000
0.475668
0.000000
0.000000
0.000000
0.000000
0.268095
0.000000
0.000000
0.825156
0.000000
0.000000
0.546334
0.000000
0.000000
0.008145
0.000000
0.000000
0.000000
0.000000
0.000000
0.000000
0.000000
0.000000
0.000000
0.558496
0.000000
0.000000
0.539276
0.000000
0.000000
0.000000
0.000000
0.000000
0.000000
0.000000
0.000000
0.326940
0.000000
0.000000
0.000000
0.000000
0.000000
0.000000
0.298018
0.184965
0.000000
0.000000
0.000000
0.000000
1.578270
0.165239
0.000000
0.000000
0.000000
0.000000
0.142227
0.000000
0.000000
0.000000
0.000000
0.000000
0.000000
0.000000
0.000000
0.000000
2.062851
0.000000
0.000000
0.004691
0.000000
0.000000
0.309840
0.000000
0.000000
0.000000
2.143114
0.000000
0.000000
0.000000
0.000000
0.772784
0.000000
0.000000
0.000000
0.000000
0.000000
0.000000
0.000000
0.000000
0.000000
1.262798
0.000000
0.000000
0.000000
0.000000
0.000000
0.000000
0.163551
0.000000
0.000000
0.000000
0.000000
0.000000
0.039414
0.000000
0.000000
0.000000
0.000000
0.171801
1.573354
0.000000
0.000000
0.355384
0.000000
0.000000
1.487518
0.000000
0.000000
0.095024
0.000000
0.000000
1.999022
3.045569
0.000000
0.000000
0.000000
0.000000
0.000000
0.000000
0.000000
0.000000
0.335102
0.995060
0.000000
0.000000
0.000000
0.000000
0.000000
0.000000
0.000000
0.000000
0.000000
1.465198
0.000000
0.000000
0.292671
0.000000
0.000000
0.000000
0.000000
0.000000
0.000000
0.000000
0.261475
0.000000
0.000000
0.000000
0.000000
0.000000
0.000000
0.000000
0.000000
0.000000
0.000000
0.000000
0.000000
0.000000
0.000000
0.310000
0.000000
2.406259
0.000000
0.000000
0.000000
0.000000
0.000000
0.000000
0.000000
0.000000
0.000000
0.000000
0.000000
0.000000
0.000000
0.429618
0.000000
0.000000
0.000000
0.911301
0.273873
0.000000
0.000000
0.000000
0.000000
0.000000
0.000000
0.000000
0.290097
0.000000
0.367304
0.000000
0.000000
0.000000
0.000000
1.128969
0.000000
0.000000
1.287234
0.000000
0.000000
0.000000
0.196137
0.411267
0.000000
0.000000
0.000000
0.000000
0.000000
0.000000
1.068650
0.000000
0.000000
0.000000
0.000000
0.305729
0.000000
0.000000
0.000000
2.330666
0.000000
0.000000
0.000000
0.000000
0.007395
0.000000
0.000000
0.396408
0.000000
0.000000
0.000000
0.000000
1.368930
0.000000
0.000000
0.000000
0.000000
0.000000
0.938681
0.000000
0.000000
0.135436
0.063519
0.000000
0.000000
0.000000
0.000000
0.547185
0.000000
0.000000
0.000000
0.000000
0.000000
0.000000
0.000000
0.000000
0.546084
0.000000
0.000000
0.000000
0.000000
0.000000
1.157631
0.000000
0.000000
0.000000
0.000000
0.000000
0.000000
0.000000
0.000000
0.000000
0.000000
0.000000
0.157263
0.000000
0.000000
0.000000
0.000000
0.000000
0.000000
0.000000
0.000000
0.000000
0.000000
0.000000
1.574412
0.000000
0.000000
0.000000
0.023480
0.000000
0.000000
0.000000
0.000000
0.000000
0.373943
0.000000
0.229809
0.000000
0.000000
0.000000
0.000000
0.000000
0.000000
0.000000
0.000000
0.000000
0.000000
0.000000
0.000000
0.000000
0.038132
0.726606
0.000000
0.000000
0.000000
0.221325
0.000000
0.000000
0.000000
0.000000
0.000000
0.000000
0.000000
1.111319
0.000000
0.000000
0.000000
0.000000
0.766313
1.517953
0.000000
0.000000
0.000000
0.000000
0.000000
0.000000
0.000000
0.000000
0.000000
0.000000
0.000000
0.000000
0.000000
0.536431
0.000000
0.000000
0.000000
1.085078
0.000000
0.000000
0.000000
0.000000
0.000000
0.000000
0.000000
0.000000
0.000000
0.000000
0.000000
0.000000
0.000000
0.000000
0.000000
0.000000
0.969411
0.369984
0.000000
0.000000
0.000000
0.000000
0.000000
0.000000
0.165514
0.875974
0.000000
0.000000
0.000000
0.000000
0.000000
1.165106
0.000000
0.000000
0.000000
0.000000
0.000000
0.000000
0.000000
0.000000
0.000000
0.000000
0.000000
0.000000
0.000000
0.000000
0.000000
0.000000
0.000000
0.000000
0.000000
0.000000
0.000000
0.000000
0.345600
0.000000
0.000000
0.000000
0.000000
0.000000
0.000000
0.000000
0.000000
1.230031
0.034673
0.000000
0.920564
0.000000
0.904674
0.780494
0.000000
1.212964
0.000000
0.000000
1.219612
0.000000
0.000000
0.000000
0.000000
0.000000
0.000000
0.000000
0.000000
0.000000
0.000000
0.000000
0.000000
0.000000
1.412317
0.649358
0.252559
0.241612
0.000000
0.000000
0.000000
0.000000
0.000000
0.000000
0.000000
0.545334
0.000000
0.000000
0.000000
0.000000
0.394963
0.000000
0.000000
0.000000
0.000000
0.000000
0.000000
0.000000
0.000000
0.000000
0.000000
0.000000
0.000000
0.000000
0.000000
0.000000
0.019146
0.000000
0.000000
0.000000
0.000000
0.376409
0.000000
0.000000
0.000000
0.000000
0.000000
0.000000
1.158174
0.016044
0.000000
0.000000
0.000000
0.137618
0.000000
2.221762
0.000000
0.000000
0.000000
0.000000
0.000000
1.116142
0.000000
0.000000
0.000000
0.000000
0.000000
0.000000
1.163882
0.000000
0.000000
0.000000
1.138714
0.000000
0.000000
0.273134
0.000000
0.000000
0.000000
0.000000
0.000000
0.000000
0.604008
1.587212
0.253803
0.000000
0.940865
0.000000
0.000000
0.752362
0.229070
0.000000
0.000000
0.000000
1.094495
0.000000
0.000000
0.000000
0.000000
0.000000
0.000000
0.000000
0.000000
0.000000
0.755871
0.000000
0.605892
0.000000
0.000000
0.000000
0.000000
0.000000
0.341095
0.000000
0.000000
0.000000
0.000000
0.000000
0.000000
0.699194
0.961062
0.000000
0.000000
1.821445
0.000000
0.000000
0.000000
0.000000
0.000000
0.210171
2.093927
0.000000
0.000000
1.334435
0.699247
1.122728
0.228890
0.265463
0.000000
0.000000
0.000000
0.000000
0.000000
0.000000
0.000000
0.000000
0.000000
1.395945
0.000000
0.000000
0.000000
0.000000
0.000000
0.000000
0.000000
0.000000
0.000000
0.000000
0.000000
0.000000
0.000000
0.553020
0.000000
0.785217
0.000000
0.541110
0.000000
0.182880
0.000000
0.000000
0.000000
0.389375
0.000000
0.000000
0.000000
0.000000
1.553410
0.000000
0.000000
0.563219
0.000000
0.000000
0.000000
1.801823
0.000000
0.000000
0.000000
0.000000
0.000000
0.000000
0.000000
0.000000
0.000000
0.000000
0.189729
0.000000
0.000000
0.000000
0.000000
0.000000
1.249279
0.000000
0.000000
0.056695
0.000000
0.000000
0.000000
0.843279
0.000000
0.000000
1.623127
0.000000
1.927281
0.408361
0.000000
0.000000
1.242836
0.000000
2.228644
0.000000
0.000000
0.000000
0.000000
0.000000
0.000000
0.982216
0.000000
0.000000
0.000000
0.326593
0.000000
0.539517
0.000000
0.000000
0.000000
0.000000
0.000000
2.266237
0.000000
0.000000
0.799657
0.000000
0.000000
0.000000
0.000000
0.000000
0.000000
0.000000
0.000000
0.000000
0.000000
0.000000
0.000000
0.000000
0.000000
0.000000
0.000000
0.000000
0.000000
0.000000
0.000000
0.000000
0.000000
0.000000
0.000000
0.000000
0.000000
0.000000
0.000000
0.000000
0.000000
0.000000
0.000000
0.000000
0.000000
0.000000
0.000000
0.000000
0.000000
1.523822
0.460489
0.179997
0.000000
0.000000
0.000000
0.000000
0.000000
0.000000
0.000000
0.000000
0.000000
0.000000
0.000000
0.994111
2.869582
0.000000
0.385154
0.000000
0.000000
0.000000
0.099586
0.157389
0.000000
0.000000
0.126414
0.182040
0.773804
0.000000
0.000000
0.995798
0.000000
0.975229
0.000000
0.000000
0.000000
0.000000
0.000000
0.000000
0.000000
0.000000
0.000000
0.000000
0.000000
0.000000
0.000000
1.093937
0.000000
0.000000
0.468258
0.000000
0.000000
0.000000
0.000000
0.000000
0.000000
0.000000
0.000000
0.785623
1.121084
1.157053
0.000000
0.000000
0.412506
0.000000
0.000000
0.000000
0.000000
0.000000
0.000000
1.414994
0.000000
0.000000
0.000000
0.000000
0.000000
0.411436
0.000000
0.000000
0.000000
0.000000
0.000000
0.000000
0.000000
0.000000
0.000000
0.000000
0.000000
0.000000
0.000000
0.000000
0.000000
0.000000
0.581814
0.000000
0.000000
0.031999
2.006747
0.000000
0.000000
0.000000
0.000000
0.000000
0.000000
1.779277
0.000000
0.000000
0.000000
0.000000
0.000000
0.000000
0.744180
0.000000
0.000000
0.000000
0.000000
0.000000
0.000000
0.000000
0.000000
0.623460
0.000000
0.000000
0.000000
0.000000
0.000000
0.000000
0.000000
0.164569
0.000000
0.000000
0.000000
0.000000
0.000000
0.000000
0.842270
0.000000
0.000000
0.000000
0.000000
0.153648
0.000000
0.000000
0.000000
0.637073
0.000000
0.000000
1.271524
0.000000
0.000000
0.000000
0.000000
0.000000
0.000000
0.000000
0.000000
0.000000
0.000000
0.000000
0.000000
0.000000
0.000000
0.000000
0.000000
0.000000
0.000000
0.000000
0.000000
0.000000
0.000000
0.000000
0.000000
0.000000
0.259540
0.330251
0.000000
0.000000
0.000000
0.000000
0.000000
1.488045
0.000000
1.395065
0.884924
1.132748
0.000000
0.000000
0.000000
0.000000
0.082814
0.000000
0.000000
0.000000
0.000000
0.000000
0.000000
0.000000
0.000000
0.000000
1.513242
0.386669
0.000000
1.395468
0.000000
0.000000
0.797450
0.000000
0.000000
0.000000
0.000000
0.000000
0.000000
0.000000
0.000000
2.277631
0.000000
0.000000
0.000000
0.000000
0.000000
0.000000
0.039807
0.000000
0.000000
0.000000
0.000000
0.851523
0.000000
0.000000
0.000000
0.000000
0.000000
0.000000
0.000000
0.000000
0.186611
0.000000
0.000000
2.740704
0.137253
0.618270
0.000000
1.713306
0.000000
0.000000
0.612707
0.000000
0.000000
0.393133
0.000000
0.000000
0.000000
0.844517
0.000000
0.000000
0.644369
0.000000
0.000000
0.000000
0.532131
0.091630
0.000000
0.000000
0.000000
0.696397
0.000000
0.000000
1.572119
2.781047
0.000000
0.000000
0.000000
0.000000
0.000000
0.000000
0.000000
0.000000
0.000000
0.000000
0.000000
0.000000
0.252912
0.000000
0.000000
0.000000
0.000000
0.000000
0.128276
0.723759
0.000000
0.052615
0.026308
0.000000
0.000000
0.655656
0.000000
0.000000
0.000000
0.000000
0.000000
0.190702
0.000000
0.000000
0.000000
0.000000
0.000000
0.000000
0.884687
0.000000
0.965825
0.000000
0.000000
1.399742
0.000000
0.000000
0.004312
0.000000
0.000000
0.000000
0.000000
0.000000
0.000000
0.000000
0.000000
0.000000
0.322825
0.000000
0.000000
0.000000
0.000000
0.000000
0.000000
0.000000
2.061321
0.000000
0.000000
0.000000
0.000000
0.000000
0.278254
1.169084
0.000000
0.000000
0.605365
0.000000
0.000000
0.000000
0.000000
0.508946
1.273931
0.000000
0.000000
0.000000
0.000000
0.000000
0.000000
0.000000
0.000000
0.000000
0.152580
0.000000
0.000000
0.229246
0.000000
0.000000
1.499066
0.000000
0.000000
0.000000
0.055413
0.000000
0.000000
0.189275
0.000000
0.000000
0.047465
0.000000
0.000000
0.000000
0.000000
3.055718
0.000000
1.634534
0.000000
0.497735
0.000000
0.000000
0.779262
0.000000
0.000000
0.148826
0.000000
0.000000
0.000000
0.398444
0.000000
0.000000
0.069904
0.000000
0.394783
0.000000
0.000000
0.000000
0.000000
0.000000
0.000000
0.000000
3.231390
0.000000
0.000000
0.000000
0.000000
0.000000
0.000000
0.000000
0.000000
0.061318
1.305986
0.000000
0.000000
0.000000
0.000000
0.000000
0.000000
0.000000
0.000000
0.000000
0.000000
0.480868
0.203851
1.116154
0.000000
0.000000
0.000000
0.000000
0.000000
0.000000
0.000000
0.439347
0.000000
0.000000
0.000000
0.000000
0.000000
0.000000
0.000000
0.000000
1.810489
0.000000
0.000000
0.000000
0.000000
0.000000
0.000000
0.000000
1.332033
0.000000
1.771409
0.000000
0.000000
0.000000
0.180604
0.000000
0.000000
0.000000
0.000000
0.000000
0.000000
0.000000
0.000000
0.000000
0.000000
0.000000
0.000000
0.416064
0.000000
0.000000
1.498750
0.000000
0.000000
1.082973
0.228657
1.720464
0.767099
0.000000
0.000000
0.000000
0.000000
0.000000
0.000000
0.000000
0.000000
0.000000
0.000000
0.000000
0.000000
0.000000
0.000000
0.000000
0.000000
0.000000
0.000000
0.000000
0.000000
0.000000
0.000000
0.000000
0.307473
0.977039
0.000000
0.000000
0.000000
1.586930
0.000000
0.000000
0.000000
0.000000
0.845457
0.000000
0.744309
0.000000
0.000000
0.000000
0.000000
0.000000
0.590124
0.236250
0.000000
0.000000
0.000000
0.589780
0.081296
0.000000
0.040000
0.000000
0.000000
0.000000
0.643181
0.402859
0.000000
0.254841
0.000000
0.772039
0.000000
0.000000
0.000000
0.000000
0.000000
0.000000
1.140503
0.000000
0.000000
0.000000
0.000000
0.883055
0.000000
0.000000
0.000000
0.121355
0.000000
0.759346
0.000000
0.000000
0.000000
0.000000
0.000000
0.000000
0.000000
0.061019
0.000000
0.000000
0.000000
0.000000
0.000000
0.000000
0.441409
0.000000
0.000000
0.000000
0.000000
0.000000
0.326059
0.000000
0.000000
0.000000
0.000000
0.000000
0.000000
0.000000
0.000000
0.000000
0.000000
0.000000
0.000000
0.000000
0.849668
0.000000
0.000000
0.000000
0.000000
0.000000
0.000000
0.000000
0.000000
0.000000
0.000000
0.000000
0.000000
0.000000
1.404868
0.000000
0.000000
0.000000
0.000000
0.000000
0.000000
1.020329
0.000000
0.000000
0.000000
0.000000
0.000000
0.000000
0.000000
0.000000
0.000000
0.000000
0.000000
2.111558
0.000000
0.000000
0.000000
0.000000
0.000000
0.000000
0.000000
0.176167
0.000000
0.000000
0.000000
0.000000
0.000000
0.000000
0.920951
0.000000
0.000000
0.144825
0.000000
0.000000
0.000000
0.000000
0.003941
0.000000
0.000000
0.000000
0.000000
0.000000
0.000000
0.000000
2.793821
0.000000
0.000000
0.000000
0.000000
0.000000
0.000000
0.000000
0.000000
0.000000
0.239144
0.000000
0.597035
0.000000
0.000000
0.000000
0.000000
0.101541
0.000000
0.000000
0.000000
0.000000
0.000000
0.050228
0.000000
0.000000
0.000000
0.000000
0.000000
0.000000
0.000000
0.170274
0.000000
0.000823
0.000000
0.000000
0.000000
0.007497
0.000000
0.758349
0.000000
3.697070
0.000000
0.000000
0.000000
0.000000
0.000000
0.000000
0.000000
0.000000
0.000000
0.000000
0.430930
0.000000
0.000000
0.000000
0.000000
0.000000
0.519505
0.000000
0.000000
0.000000
0.000000
0.000000
0.000000
0.000000
0.231532
0.000000
0.000000
0.000000
0.603651
0.000000
0.021875
0.000000
0.000000
0.000000
0.000000
0.000000
0.000000
0.000000
0.000000
0.000000
0.000000
0.674701
0.000000
0.222416
0.000000
0.000000
0.000000
0.000000
0.000000
0.000000
0.000000
0.000000
0.000000
0.000000
0.000000
0.000000
0.000000
0.000000
0.000000
0.000000
0.002771
0.000000
0.000000
0.000000
0.000000
0.000000
0.000000
0.000000
0.000000
1.139299
0.000000
0.574453
0.369213
0.451407
1.832786
0.000000
0.000000
0.000000
0.542046
0.000000
0.000000
1.885547
0.000000
0.000000
0.000000
0.000000
0.000000
0.299407
0.451962
0.000000
0.040564
0.000000
0.000000
0.294787
0.000000
0.484800
0.000000
0.000000
0.000000
0.000000
0.000000
0.000000
0.000000
0.000000
0.531617
0.000000
0.401548
0.000000
0.000000
0.000000
0.000000
0.000000
0.000000
0.000000
0.000000
0.000000
0.000000
0.000000
0.000000
0.000000
0.265952
0.000000
0.000000
0.000000
0.000000
0.000000
0.000000
0.000000
0.000000
0.000000
0.000000
0.000000
0.000000
2.360914
0.000000
0.000000
0.570945
0.460979
0.000000
0.000000
1.366010
0.000000
0.000000
0.000000
0.000000
0.000000
0.000000
0.000000
0.000000
0.000000
0.000000
0.000000
0.000000
0.000000
0.000000
0.000000
0.829652
0.000000
0.000000
0.000000
0.000000
0.000000
0.000000
0.475067
0.000000
0.000000
0.165415
1.688679
0.000000
0.000000
0.000000
0.000000
0.000000
0.000000
0.000000
0.000000
0.000000
0.000000
0.000000
0.000000
0.000000
0.000000
0.000000
0.000000
0.000000
0.000000
0.000000
0.000000
0.077608
0.691266
0.000000
0.000000
2.018409
0.000000
0.000000
0.000000
0.000000
0.000000
0.000000
0.000000
0.640397
0.046990
0.000000
0.000000
0.000000
0.000000
2.462941
0.000000
0.000000
0.000000
2.367845
0.000000
0.000000
1.502270
0.000000
0.000000
0.000000
0.000000
0.000000
0.000000
0.000000
0.000000
0.000000
0.000000
0.000000
0.000000
0.000000
0.000000
0.000000
0.000000
0.000000
0.000000
0.143266
0.000000
0.000000
0.000000
0.000000
0.000000
0.000000
0.000000
0.096717
2.517017
0.000000
0.000000
1.307744
0.000000
0.000000
0.000000
0.032805
0.000000
1.269004
0.000000
0.584138
0.000000
0.566938
0.000000
0.000000
0.000000
0.213550
0.028209
0.000000
0.000000
0.175879
0.000000
0.000000
0.000000
0.000000
0.883490
0.000000
0.326902
0.000000
0.000000
0.000000
0.000000
0.000000
0.096799
0.000000
0.000000
0.000000
0.000000
0.000000
0.000000
0.596082
0.000000
1.713913
0.000000
0.000000
0.270584
0.000000
0.000000
0.000000
0.642532
0.000000
0.000000
0.000000
0.000000
0.631584
0.394045
0.000000
0.000000
0.000000
0.835709
0.000000
0.000000
0.154999
0.190053
0.000000
0.000000
0.343950
0.000000
0.189032
0.000000
0.000000
0.000000
0.000000
1.875765
0.000000
0.103400
0.748802
0.000000
0.594629
0.000000
0.000000
0.000000
0.000000
0.000000
0.000000
0.288761
0.000000
1.010344
0.000000
0.000000
0.000000
1.436828
0.000000
0.000000
0.372213
0.000000
0.000000
0.441591
0.000000
0.000000
0.000000
0.000000
0.000000
0.888133
0.000000
0.000000
0.000000
0.000000
0.918511
0.000000
0.000000
0.265260
0.000000
0.000000
0.000000
0.000000
0.691932
0.000000
0.337304
0.000000
0.000000
0.000000
0.948463
0.000000
0.000000
0.000000
0.000000
0.000000
0.000000
0.000000
0.000000
0.000000
0.000000
0.000000
2.360542
0.000000
0.000000
0.000000
0.000000
0.000000
0.000000
0.132614
1.487525
0.406716
0.000000
0.000000
2.400898
0.000000
0.000000
0.000000
0.000000
0.000000
0.000000
0.000000
0.985031
0.000000
0.000000
0.000000
0.000000
0.877472
0.000000
0.000000
0.000000
0.000000
0.000000
2.287634
0.000000
0.000000
0.286303
0.000000
0.000000
0.000000
0.000000
0.000000
0.000000
0.000000
0.148156
0.000000
1.949451
0.000000
0.000000
0.316626
0.000000
0.000000
1.004130
0.000000
0.000000
0.000000
0.000000
0.000000
0.000000
0.000000
0.000000
0.000000
0.000000
0.000000
0.000000
0.000000
0.000000
0.000000
0.000000
0.078892
0.000000
0.000000
0.079872
0.000000
0.000000
0.000000
0.000000
0.000000
0.000000
0.000000
0.000000
0.000000
0.000000
0.000000
0.000000
0.000000
0.000000
0.000000
0.179820
0.000000
0.000000
0.000000
0.154279
0.000000
0.039069
0.950193
0.202358
0.000000
0.000000
0.000000
0.000000
0.000000
0.000000
0.000000
0.000000
0.000000
1.780574
0.000000
0.469260
0.000000
0.000000
0.000000
0.227723
0.213112
0.000000
0.000000
0.000000
0.000000
0.000000
0.000000
0.000000
0.000000
0.000000
0.000000
1.305808
0.000000
0.000000
0.000000
0.237875
0.000000
0.000000
0.000000
0.000000
0.000000
0.000000
0.000000
0.000000
0.962564
0.000000
0.779936
0.000000
0.000000
2.877390
0.000000
0.417641
0.111287
0.000000
0.000000
0.000000
0.000000
0.000000
0.000000
0.952193
0.000000
0.000000
0.000000
0.000000
0.287684
0.000000
0.000000
0.000000
0.000000
0.000000
0.000000
0.000000
0.000000
0.000000
0.000000
0.000000
0.000000
0.000000
0.000000
2.212234
0.000000
0.942315
0.000000
0.000000
0.876874
0.000000
0.000000
0.322431
0.000000
0.117791
0.000000
0.000000
0.000000
0.000000
0.000000
0.000000
0.000000
0.769186
0.000000
0.000000
0.000000
0.000000
0.000000
0.000000
0.000000
0.000000
0.923230
0.025934
0.000000
0.000000
2.547159
0.000000
0.000000
0.000000
0.000000
0.000000
0.364847
0.000000
0.000000
0.000000
0.000000
0.000000
0.000000
0.000000
1.606702
0.074626
0.495019
0.000000
0.000000
0.000000
0.000000
0.000000
0.000000
0.000000
0.000000
0.000000
0.268799
0.738510
0.000000
0.967953
0.000000
2.395333
0.000000
0.000000
0.000000
0.000000
0.000000
0.000000
0.125947
0.000000
0.362160
0.000000
0.000000
0.000000
0.000000
0.000000
0.000000
0.000000
0.000000
0.000000
0.000000
0.000000
0.064440
1.696628
0.000000
0.000000
0.000000
0.000000
0.000000
0.000000
0.000000
0.000000
0.000000
0.000000
0.014927
0.793514
0.000000
0.062211
0.000000
0.404580
0.000000
0.000000
0.000000
1.021573
0.000000
1.273855
0.000000
0.000000
0.000000
0.146293
0.044853
0.000000
0.000000
0.000000
0.000000
0.000000
0.585278
3.073950
0.000000
0.000000
0.000000
0.000000
0.000000
0.000000
0.000000
0.000000
0.000000
0.000000
0.000000
0.000000
0.000000
0.000000
0.000000
0.000000
0.000000
0.000000
0.000000
0.052619
0.000000
0.000000
0.000000
0.000000
0.000000
0.441902
2.336233
1.257091
1.498752
1.403393
0.000000
0.228481
0.000000
0.000000
0.000000
0.000000
0.000000
0.000000
0.000000
0.000000
0.000000
1.134559
0.000000
0.000000
0.000000
0.000000
0.000000
0.000000
0.000000
0.918809
0.000000
0.000000
0.000000
0.000000
0.000000
0.000000
0.000000
0.000000
0.000000
0.000000
0.000000
0.596603
0.000000
0.000000
0.000000
0.169117
0.000000
0.001049
0.000000
0.000000
0.000000
0.000000
0.000000
0.176463
0.000000
0.000000
0.000000
0.000000
0.000000
0.695535
0.000000
2.019865
0.000000
0.000000
0.000000
0.000000
0.000000
0.000000
0.000000
0.000000
0.000000
0.765163
0.000000
0.130366
2.092311
0.000000
0.000000
0.708719
1.095964
0.000000
0.163330
0.000000
0.000000
0.000000
0.000000
0.000000
0.823947
0.000000
0.000000
0.000000
0.000000
0.000000
1.329742
0.000000
0.144556
0.000000
0.000000
0.000000
0.090851
0.000000
0.774963
0.000000
2.472445
0.000000
0.078043
0.000000
0.082045
0.000000
0.000000
0.000000
0.000000
0.000000
0.000000
0.000000
0.000000
1.292168
0.000000
0.000000
0.000000
0.000000
0.000000
0.000000
0.752590
0.343562
0.000000
0.000000
0.000000
0.000000
0.000000
0.000000
0.000000
0.000000
0.000000
0.283171
0.000000
0.000000
0.000000
0.000000
0.000000
0.000000
0.000000
0.000000
0.000000
0.000000
0.000000
0.000000
0.000000
0.923057
0.000000
0.000000
0.000000
2.121346
1.389053
0.000000
0.000000
0.000000
0.000000
0.186382
0.000000
0.000000
0.000000
0.000000
0.000000
0.375124
0.000000
0.000000
0.000000
0.000000
0.000000
0.000000
0.000000
0.059603
0.000000
0.000000
0.000000
0.000000
0.000000
0.000000
0.000000
0.000000
0.000000
0.000000
0.000000
0.000000
0.000000
0.000000
0.000000
0.000000
0.000000
0.000000
0.000000
0.000000
0.970564
0.000000
0.000000
0.000000
0.000000
0.000000
2.513093
0.000000
0.000000
0.086520
0.000000
0.000000
0.000000
0.000000
0.000000
0.000000
0.000000
0.000000
0.000000
0.000000
0.000000
1.160935
0.000000
0.000000
0.000000
0.000000
0.418816
0.000000
0.000000
0.000000
0.000000
0.000000
0.000000
0.000000
0.000000
0.000000
0.000000
0.694007
0.000000
0.000000
0.184620
0.000000
0.000000
0.000000
0.000000
0.000000
0.000000
0.000000
0.000000
0.000000
0.000000
0.000000
0.000000
0.000000
0.734663
0.184627
0.000000
0.000000
0.000000
1.086420
0.783304
0.424920
0.000000
0.000000
0.000000
0.000000
0.000000
0.000000
1.099780
0.000000
0.000000
0.000000
0.000000
0.147770
0.000000
1.543279
0.000000
0.000000
0.000000
0.000000
0.000000
0.000000
0.769313
0.000000
0.000000
0.000000
0.000000
0.000000
0.295992
0.000000
0.000000
0.000000
0.000000
0.000000
0.000000
0.000000
0.443674
0.227654
0.542263
0.000000
0.000000
0.000000
2.101622
0.000000
0.000000
0.000000
0.000000
0.000000
0.044854
0.201294
1.530758
0.000000
0.000000
0.000000
0.000000
0.000000
0.000000
0.000000
0.983202
0.000000
0.073767
0.000000
0.000000
0.000000
0.000000
0.000000
0.000000
0.000000
0.000000
0.000000
0.915100
0.000000
0.000000
0.923067
0.000000
0.000000
0.000000
0.000000
2.534880
0.000000
0.466014
0.000000
0.000000
0.000000
0.409015
1.627879
2.439500
0.000000
0.000000
0.757503
0.000000
0.000000
0.000000
0.000000
0.000000
0.000000
0.000000
0.000000
0.000000
0.000000
0.199073
0.000000
0.000000
0.000000
0.000000
0.000000
0.000000
0.000000
0.000000
0.000000
0.000000
0.000000
1.288634
0.000000
1.713299
0.000000
1.915448
0.000000
0.000000
0.000000
0.000000
0.000000
0.000000
0.000000
0.000000
0.000000
0.000000
0.000000
0.000000
0.000000
0.000000
0.000000
0.000000
0.000000
0.000000
0.000000
0.000000
0.000000
0.000000
0.255790
0.000000
0.000000
0.000000
0.000000
0.000000
0.000000
2.475799
0.178701
0.000000
0.000000
0.000000
0.000000
0.000000
0.000000
0.000000
0.000000
0.064511
0.000000
0.000000
0.000000
0.000000
0.000000
0.000000
0.000000
0.000000
0.000000
0.000000
0.000000
0.000000
0.000000
0.000000
0.000000
0.000000
0.000000
0.000000
0.000000
0.000000
0.000000
0.000000
0.000000
0.000000
0.000000
0.000000
1.173499
0.000000
0.000000
0.000000
0.686631
0.000000
0.000000
0.000000
0.000000
0.000000
0.000000
0.000000
0.000000
0.000000
1.133187
0.000000
0.169965
0.000000
0.000000
0.000000
0.000000
0.000000
0.000000
0.000000
0.275447
0.000000
0.000000
0.000000
0.000000
0.000000
0.000000
0.000000
0.000000
0.581279
0.000000
0.000000
0.865539
0.000000
0.000000
0.000000
0.000000
0.000000
0.000000
0.000000
0.084789
0.000000
0.000000
0.000000
0.000000
0.000000
0.000000
0.000000
0.000000
0.000000
1.654990
0.000000
0.360906
0.000000
0.000000
0.000000
0.999986
0.000000
0.000000
0.000000
0.000000
0.000000
0.000000
0.000000
0.816064
0.000000
0.000000
0.000000
0.000000
0.107888
0.000000
0.000000
0.210552
0.000000
0.000000
0.000000
0.000000
2.358040
0.000000
0.000000
0.000000
0.000000
0.000000
0.000000
0.000000
0.000000
0.000000
0.000000
0.516230
1.512716
0.000000
0.000000
0.847437
0.498741
0.000000
0.064942
0.000000
0.000000
0.000000
0.478477
0.000000
0.000000
0.890121
0.000000
0.000000
0.000000
3.844851
0.000000
0.552730
0.000000
0.000000
0.000000
1.545586
0.000000
0.000000
0.000000
0.000000
0.000000
0.931144
0.000000
0.000000
0.000000
0.000000
0.000000
0.000000
0.428436
0.000000
0.057705
0.000000
0.000000
0.000000
1.062287
0.000000
0.000000
0.000000
0.000000
0.000000
0.000000
0.000000
0.000000
0.000000
0.000000
0.000000
0.000000
0.000000
0.000000
0.000000
0.000000
0.000000
0.000000
0.000000
0.453884
0.176752
0.423482
0.000000
0.000000
0.000000
0.000000
0.000000
0.000000
0.000000
0.000000
0.000000
0.000000
0.000000
0.000000
0.000000
0.365122
0.000000
0.000000
0.000000
0.000000
0.670700
0.000000
0.000000
2.273372
0.000000
0.000000
0.000000
0.000000
0.000000
0.000000
0.000000
0.000000
0.000000
0.000000
1.572094
0.000000
0.000000
0.311869
0.000000
0.000000
1.271294
0.000000
0.000000
0.000000
0.000000
0.301743
0.000000
0.503746
0.000000
0.000000
0.000000
0.000000
1.702935
0.000000
0.568240
0.000000
0.000000
0.000000
0.000000
0.000000
0.000000
0.000000
0.000000
0.000000
0.000000
0.000000
0.000000
0.000000
0.000000
0.000000
0.000000
0.819439
0.000000
0.000000
0.000000
0.000000
0.797588
0.000000
0.000000
0.000000
0.000000
0.000000
0.000000
0.000000
0.000000
0.000000
0.322783
0.000000
0.000000
0.294908
0.000000
0.000000
0.000000
0.000000
0.059903
0.000000
0.000000
0.173452
0.000000
0.000000
1.382400
0.000000
0.000000
0.000000
0.948821
0.000000
0.000000
0.341201
0.000000
0.000000
0.000000
0.000000
0.000000
0.000000
0.000000
0.000000
0.000000
0.000000
0.285052
0.990868
0.000000
0.000000
0.000000
0.000000
0.000000
0.000000
0.000000
0.000000
0.000000
0.000000
0.000000
0.000000
0.000000
0.000000
0.000000
0.000000
0.000000
0.000000
0.751449
0.000000
2.878134
0.000000
0.000000
0.000000
0.000000
0.000000
0.000000
0.000000
0.000000
0.000000
0.000000
0.000000
0.000000
0.000000
0.000000
0.000000
0.000000
0.000000
0.640916
0.690070
0.000000
0.000000
0.000000
0.000000
0.000000
0.000000
0.000000
0.000000
0.000000
0.070688
0.000000
0.000000
1.753016
0.000000
0.000000
0.000000
0.298358
0.000000
0.000000
0.000000
0.000000
0.000000
0.000000
0.000000
0.000000
0.000000
0.000000
0.000000
0.000000
0.288605
0.000000
0.000000
0.000000
0.000000
0.088223
1.118937
0.000000
0.000000
1.304152
0.000000
0.000000
0.000000
0.000000
0.000000
0.000000
0.000000
0.000000
0.000000
0.603606
0.137333
0.000000
0.000000
0.000000
0.000000
0.956541
0.000000
0.905340
0.000000
