0.379163
0.000000
0.048165
0.000000
0.048662
0.214970
0.000000
0.000000
0.000000
0.000000
0.000000
0.000000
0.000000
0.393734
0.000000
0.000000
0.000000
0.000000
0.000000
0.000000
0.000000
0.000000
0.837257
0.046371
0.000000
1.183713
0.000000
0.000000
2.997782
0.000000
0.000000
0.000000
0.000000
0.000000
0.000000
0.000000
0.000000
0.000000
0.000000
0.000000
0.000000
0.000000
0.000000
0.000000
0.000000
1.097856
0.000000
0.225918
1.154654
0.000000
0.882737
0.000000
0.125905
0.814257
0.000000
0.000000
0.000000
0.000000
0.000000
0.000000
0.000000
0.000000
0.000000
0.000000
0.000000
0.000000
0.000000
0.000000
0.000000
0.000000
0.000000
0.000000
0.000000
0.000000
0.046527
1.059269
0.000000
0.000000
0.000000
0.000000
0.000000
0.000000
0.000000
0.000000
0.000000
0.000000
0.000000
0.000000
0.000000
0.000000
0.000000
0.209663
0.000000
1.595201
0.000000
0.000000
0.609648
0.905450
0.000000
0.000000
0.000000
0.000000
0.000000
0.000000
0.755338
0.000000
0.513346
0.000000
0.000000
0.000000
0.000000
0.000000
0.000000
0.000000
0.433956
0.000000
0.000000
0.000000
0.000000
0.000000
0.000000
0.000000
0.000000
0.000000
0.000000
0.000000
0.000000
0.000000
0.000000
1.751438
0.000000
0.898040
0.000000
0.493038
0.000000
0.000000
0.000000
0.000000
0.000000
0.000000
0.000000
0.000000
0.000000
0.000000
0.000000
0.000000
0.000000
0.225708
0.192882
0.000000
0.141049
0.000000
0.045831
0.000000
0.000000
0.477729
0.350586
0.000000
0.000000
0.000000
0.191153
0.000000
0.000000
0.000000
0.000000
0.000000
0.734543
0.477817
0.000000
0.000000
0.000000
2.502465
0.000000
0.000000
0.000000
0.000000
0.000000
0.000000
0.000000
0.000000
0.000000
0.000000
0.000000
0.000000
0.000000
0.000000
0.000000
1.193037
0.724751
0.000000
1.268092
0.000000
0.904196
0.000000
0.000000
0.000000
0.000000
0.000000
0.000000
0.000000
0.000000
0.000000
1.367076
0.262704
2.185425
0.000000
0.000000
0.239539
0.000000
0.000000
0.000000
0.000000
0.000000
0.545467
0.409673
0.000000
0.000000
0.086718
1.039979
1.404235
0.000000
0.000000
0.000000
1.066363
0.283214
1.450045
0.000000
0.141135
0.000000
0.000000
0.000000
0.000000
0.000000
0.000000
0.000000
0.000000
0.952276
0.000000
0.000000
0.000000
0.000000
0.000000
1.316710
0.697885
0.000000
0.000000
0.000000
0.000000
0.000000
0.000000
0.000000
0.000000
0.188048
0.000000
0.000000
0.000000
1.306911
0.000000
0.000000
0.000000
0.000000
0.000000
0.501601
0.000000
0.269131
0.000000
0.000000
0.000000
0.201461
0.000000
0.000000
0.000000
0.000000
0.000000
0.000000
0.000000
0.000000
1.685430
0.000000
0.920682
0.000000
1.798337
0.000000
0.587674
1.364763
0.031803
0.000000
0.000000
0.000000
0.000000
0.000000
0.000000
0.000000
0.000000
0.000000
0.000000
0.000000
0.000000
0.000000
0.000000
0.000000
0.000000
0.000000
0.216681
0.000000
0.000000
0.000000
0.000000
0.000000
0.821024
0.000000
1.688268
2.251674
0.000000
0.000000
0.000000
0.000000
0.000000
0.000000
0.000000
0.000000
0.000000
0.418925
0.000000
0.692642
0.000000
0.000000
1.215648
0.000000
0.000000
0.000000
1.092663
0.455412
0.000000
0.000000
0.000000
0.000000
0.000000
0.000000
2.224147
0.000000
0.000000
0.000000
0.000000
0.000000
0.000000
0.000000
0.075699
0.594377
0.000000
0.000000
0.000000
0.000000
0.000000
0.354974
1.105410
0.000000
1.630132
0.000000
1.015871
0.000000
0.000000
0.564358
0.000000
0.000991
0.000000
0.011831
0.000000
0.000000
0.000000
0.000000
0.000000
0.000000
0.000000
0.000000
0.000000
0.481227
0.952440
0.000000
0.145954
0.000000
0.000000
0.000000
0.000000
0.000000
0.000000
0.000000
0.000000
0.000000
0.115193
0.000000
1.075968
0.014837
0.000000
0.000000
0.000000
0.000000
0.000000
1.133747
0.000000
0.000000
2.268191
0.000000
0.907561
0.000000
0.000000
0.941116
1.285171
0.000000
0.000000
1.179554
0.000000
0.000000
0.285395
0.472083
0.000000
0.000000
0.000000
0.000000
0.127525
2.672947
0.815772
0.000000
2.174250
1.828844
0.000000
0.315468
0.000000
0.000000
0.000000
0.996561
0.666059
0.000000
0.000000
1.211735
0.000000
0.000000
0.000000
0.000000
0.000000
0.000000
0.000000
0.668654
0.000000
0.136412
1.072783
0.000000
0.000000
0.000000
5.018865
0.000000
0.000000
0.000000
0.000000
1.165789
0.000000
0.000000
0.000000
0.000000
0.000000
1.546551
0.000000
0.000000
0.000000
0.000000
0.000000
0.000000
0.000000
0.000000
0.000000
0.000000
2.904966
0.000000
0.921627
0.000000
0.000000
0.000000
1.114086
0.000000
0.000000
0.198104
0.000000
0.000000
0.000000
0.000000
0.000000
1.871342
0.000000
0.000000
0.000000
0.585649
0.000000
0.000000
0.000000
0.000000
0.000000
0.000000
0.974305
0.205220
0.000000
1.158870
0.000000
0.000000
0.000000
0.000000
0.000000
0.000000
0.000000
0.000000
0.000000
0.000000
0.000000
0.000000
0.000000
0.000000
0.000000
0.000000
0.000000
0.000000
0.000000
0.000000
0.000000
0.000000
0.000000
0.172309
1.035622
0.000000
0.041324
0.000000
0.000000
1.642542
0.000000
0.000000
0.000000
2.068521
0.000000
0.000000
0.916620
0.574600
0.000000
0.000000
0.209537
0.138843
0.000000
1.101985
0.000000
0.000000
1.118807
0.000000
1.546732
0.000000
0.000000
0.000000
0.000000
1.183734
0.193886
0.000000
0.000000
0.000000
0.000000
1.244847
0.000000
0.000000
0.000000
0.000000
0.000000
1.625977
0.000000
0.000000
0.171522
0.000000
0.000000
0.000000
0.000000
0.000000
0.000000
0.737662
0.474686
0.000000
0.458270
0.000000
0.000000
0.000000
0.000000
0.000000
0.441245
0.000000
0.000000
1.008976
0.000000
0.000000
0.000000
0.000000
0.000000
0.000000
0.000000
0.000000
0.228259
1.413525
0.000000
0.000000
0.000000
0.000000
0.000000
0.000000
0.000000
0.000000
0.040029
1.420997
0.000000
0.514574
0.000000
0.000000
0.444400
0.000000
0.126108
0.000000
0.000000
0.000000
0.000000
0.938695
0.000000
0.000000
0.000000
0.000000
0.000000
0.000000
0.000000
0.000000
0.000000
0.000000
0.000000
0.000000
0.000000
0.000000
0.000000
0.190379
0.000000
0.657756
0.000000
0.000000
0.000000
0.000000
0.000000
2.745504
0.000000
0.000000
0.733326
1.537658
0.000000
0.000000
0.000000
0.000000
0.000000
0.000000
0.206393
0.913892
0.230680
0.000000
0.000000
0.000000
0.000000
0.000000
0.000000
0.000000
0.066033
0.000000
0.000000
0.000000
0.989217
0.000000
0.000000
0.000000
0.000000
2.709429
0.000000
0.000000
0.000000
0.096225
0.000000
1.243481
0.046648
0.000000
0.000000
0.000000
0.000000
0.000000
1.501334
0.000000
0.000000
0.000000
0.000000
0.000000
1.635861
1.967707
0.000000
0.238598
1.542065
0.000000
0.000000
0.000000
0.042249
0.057217
0.276465
0.000000
2.628849
0.000000
0.231956
0.000000
0.000000
0.447292
0.000000
0.572282
0.000000
0.000000
0.000000
0.000000
0.000000
0.000000
0.000000
0.000000
3.913224
0.429954
0.186141
0.000000
0.000000
1.236840
0.934779
0.000000
0.000000
0.000000
0.000000
0.900094
0.000000
0.000000
0.000000
0.000000
0.000000
0.000000
0.000000
0.000000
0.000000
0.000000
0.000000
0.860757
0.000000
0.051308
0.000000
0.000000
0.000000
0.000000
0.000000
0.000000
0.000000
0.789676
0.000000
0.000000
0.000000
0.160823
0.250972
1.447523
0.000000
1.128463
0.000000
0.000000
0.000000
0.000000
0.000000
0.000000
0.282256
0.000000
0.000000
0.000000
0.079255
0.000000
0.000000
0.000000
1.038488
0.768543
0.000000
0.000000
0.000000
0.000000
0.000000
0.188875
0.000000
0.000000
0.000000
0.000000
0.836452
0.000000
0.000000
0.000000
0.000000
0.408765
0.120355
0.980667
0.000000
0.000000
1.103408
0.204920
0.000000
0.000000
0.000000
1.419638
0.000000
0.000000
0.000000
0.000000
0.000000
0.247325
0.000000
1.735171
0.000000
0.000000
0.000000
0.000000
0.000000
0.757913
0.000000
0.000000
0.000000
0.000000
0.000000
0.000000
0.000000
0.000000
0.000000
0.000000
0.000000
0.000000
0.000000
0.000000
0.000000
0.503909
0.981161
0.000000
0.000000
0.837733
0.000000
0.000000
0.733940
0.000000
0.000000
0.427731
0.000000
0.386302
0.296738
0.000000
0.000000
1.047028
0.000000
0.635500
0.215863
0.000000
0.209854
0.000000
0.000000
1.222432
0.000000
0.000000
0.459383
0.000000
0.000000
0.000000
0.554760
0.091695
0.000000
0.000000
0.000000
0.000000
0.039483
0.000000
0.260245
0.504981
0.000000
0.000000
0.000000
0.410116
0.000000
0.000000
0.061081
0.000000
0.000000
0.000000
0.000000
0.000000
0.635197
0.000000
0.000000
0.000000
0.481386
0.000000
0.000000
0.000000
0.000000
0.000000
0.000000
0.000000
0.608444
0.000000
0.000000
0.645038
0.000000
0.045713
0.000000
0.000000
0.000000
0.000000
0.000000
0.000000
0.000000
0.000000
0.000000
0.000000
0.000000
0.000000
0.000000
0.000000
0.000000
0.000000
0.000000
0.000000
0.000000
0.381332
0.000000
0.000000
0.000000
0.000000
1.577384
1.273616
0.109041
0.000000
0.259647
0.338410
1.060696
0.000000
0.000000
3.349776
1.382173
0.000000
0.000000
0.000000
0.000000
0.000000
0.573575
0.909970
0.000000
0.000000
0.000000
0.000000
0.000000
0.000000
0.000000
0.000000
0.000000
0.000000
0.595605
0.000000
0.000000
0.382537
0.942714
0.000000
0.000000
0.000000
0.000000
0.426529
1.091978
0.000000
0.000000
0.000000
0.000000
0.000000
0.000000
2.553180
0.000000
1.590217
0.000000
0.688735
0.028596
0.000000
0.000000
0.000000
1.007888
0.000000
0.000000
0.000000
0.000000
0.000000
0.000000
0.000000
0.000000
0.000000
0.000000
0.353670
0.000000
0.000000
0.000000
0.000000
0.492356
0.081009
0.000000
0.421898
0.000000
0.097731
0.000000
0.000000
0.000000
0.000000
0.000000
0.445734
0.704939
0.000000
0.000000
0.000000
0.198401
0.000000
0.000000
0.000000
0.000000
1.881684
0.000000
0.000000
0.000000
0.000000
0.000000
0.769752
0.000000
0.000000
0.000000
0.000000
0.000000
0.000000
0.000000
0.032140
0.000000
0.000000
0.000000
0.397169
0.000000
0.000000
0.000000
0.000000
0.228604
0.000000
0.000000
0.000000
1.545332
0.000000
0.000000
0.000000
3.494141
0.000000
0.000000
0.000000
1.030691
1.543253
0.000000
0.000000
0.000000
0.999810
0.000000
0.000000
0.254674
0.000000
0.000000
0.000000
0.000000
0.000000
0.000000
0.000000
0.000000
0.081353
2.055160
0.000000
0.000000
0.636032
2.026383
0.000000
0.000000
0.000000
0.000000
0.000000
0.727108
0.346025
0.000000
0.197965
0.682358
0.029720
0.338642
1.117135
0.230171
0.324196
0.000000
0.000000
0.759294
0.000000
0.000000
0.000000
0.000000
0.818225
0.000000
0.000000
0.000000
0.150983
0.507284
1.208733
0.000000
0.000000
0.000000
0.000000
0.000000
0.000000
0.000000
0.272972
0.000000
0.141444
0.000000
0.000000
0.553279
0.000000
1.960907
0.894679
0.000000
1.697479
0.000000
0.746350
0.000000
0.000000
1.127305
0.000000
0.000000
0.000000
0.000000
0.000000
0.000000
0.000000
0.081423
0.000000
0.000000
0.000000
0.000000
0.000000
0.000000
0.477444
0.770497
0.000000
0.000000
0.000000
0.000000
0.000000
0.000000
0.000000
0.419528
0.000000
0.000000
0.208642
0.000000
0.000000
0.000000
0.000000
0.000000
0.000000
0.000000
0.857957
0.215043
2.696898
0.915547
0.000000
0.463764
0.000000
0.750228
0.000000
1.049096
0.000000
0.000000
0.000000
0.000000
0.000000
0.000000
0.264057
0.000000
0.000000
0.000000
2.348602
0.000000
0.000000
0.000000
0.753258
2.106634
0.000000
0.520034
0.000000
0.000000
0.000000
1.608487
0.000000
0.000000
0.000000
0.000000
0.000000
1.295395
0.000000
1.392393
0.047687
0.421001
0.000000
0.000000
0.000000
0.000000
0.000000
0.000000
0.000000
0.000000
1.104272
0.000000
0.000000
0.078736
2.133815
0.868202
0.000000
0.000000
0.000000
0.000000
0.148759
0.000000
0.000000
0.000000
0.000000
0.000000
0.000000
0.000000
0.000000
0.000000
0.000000
0.000000
0.000000
0.123853
0.000000
0.000000
0.000000
0.166679
0.237593
0.000000
0.000000
0.000000
0.394666
0.000000
0.000000
0.418019
0.000000
0.000000
0.406746
1.249943
0.000000
0.000000
0.000000
0.000000
0.913687
0.019533
1.668665
0.000000
0.000000
0.000000
0.000000
0.000000
0.000000
0.000000
0.000000
0.000000
0.000000
0.000000
0.000000
1.670690
0.896086
0.000000
0.000000
0.000000
1.242416
0.000000
0.000000
0.000000
0.000000
0.925775
0.764199
0.000000
0.000000
2.228317
0.000000
0.000000
0.000000
0.204526
0.000000
0.825043
0.000000
0.000000
0.000000
0.000000
0.000000
0.000000
0.000000
0.000000
0.000000
0.000000
0.230340
0.064494
3.097194
1.316890
1.385019
0.000000
0.000000
0.000000
0.000000
0.000000
0.657183
0.000000
0.000000
0.000000
0.000000
1.993480
0.000000
0.000000
0.000000
0.000000
0.000000
0.000000
0.790111
0.000000
0.000000
0.000000
0.000000
0.000000
0.000000
0.000000
0.000000
0.000000
0.503344
0.233358
0.000000
0.000000
0.000000
0.000000
0.000000
0.194802
0.000000
0.566046
0.616677
0.000000
0.000000
0.000000
0.000000
0.000000
0.000000
0.000000
0.000000
0.000000
0.000000
0.000000
0.000000
0.000000
0.000000
0.054468
0.000000
0.000000
0.408123
0.000000
0.000000
0.000000
0.000000
0.000000
0.036588
1.758006
0.000000
0.000000
0.000000
0.000000
0.000000
0.439836
0.650348
0.000000
0.000000
0.000000
0.000000
0.201794
0.000000
0.000000
0.000000
0.000000
0.000000
0.000000
1.015554
0.000000
1.205258
0.000000
0.000000
0.000000
0.000000
0.720347
0.000000
0.000000
0.000000
0.000000
0.000000
0.000000
0.563276
1.398205
0.000000
0.000000
1.254028
0.000000
0.000000
0.000000
0.140727
1.275351
0.000000
0.000000
0.000000
0.000000
0.000000
0.000000
0.000000
0.227648
0.093592
0.000000
0.000000
0.000000
0.000000
0.000000
0.000000
0.000000
0.000000
0.000000
0.000000
0.369202
0.000000
1.347639
0.284520
0.000000
0.000000
0.000000
0.000000
0.000000
0.969473
0.000000
0.000000
0.000000
0.000000
0.000000
1.161718
0.000000
0.000000
1.198096
0.177838
0.000000
0.000000
0.000000
0.000000
0.000000
0.000000
1.401634
0.000000
0.000000
0.000000
0.000000
0.000000
0.000000
0.000000
0.000000
0.000000
0.000000
0.349716
0.000000
0.000000
0.000000
0.000000
0.000000
2.014112
0.000000
0.000000
0.369402
0.000000
0.000000
1.460239
0.000000
0.000000
0.000000
0.000000
0.000000
0.000000
0.000000
0.000000
0.000000
0.873768
0.000000
0.605746
0.000000
0.000000
0.901850
0.000000
0.925604
0.000000
0.000000
0.000000
0.000000
0.000000
0.000000
0.000000
0.376145
0.000000
0.000000
0.000000
0.712362
0.000000
0.000000
0.000000
2.011688
0.108293
0.694498
0.675394
0.000000
0.000000
0.009232
0.000000
0.000000
0.000000
0.298345
0.483031
0.000000
1.016788
0.090861
0.212608
0.000000
0.000000
0.000000
0.757770
0.008383
0.468668
0.000000
0.000000
1.021531
0.000000
0.000000
0.000000
0.000000
0.230638
0.000000
0.000000
0.084505
0.235181
0.701448
0.000000
0.523435
0.000000
0.185490
0.000000
0.000000
1.782015
0.000000
0.000000
0.000000
0.000000
0.000000
0.000000
0.000000
0.000000
0.000000
0.000000
0.000000
0.000000
1.426807
1.977720
0.000000
0.000000
0.265897
0.000000
0.000000
0.712080
0.000000
0.256454
0.519938
0.769397
0.000000
0.934318
0.000000
0.000000
0.000000
0.000000
0.000000
0.000000
0.543067
0.000000
0.585085
0.563330
0.483588
0.000000
0.506685
0.000000
0.000000
1.826379
0.000000
0.000000
0.841599
0.000000
0.109600
0.000000
0.000000
0.995033
0.000000
1.660428
0.604365
0.000000
0.000000
0.000000
0.000000
0.000000
0.000000
0.000000
0.238025
0.000000
0.000000
0.000000
0.000000
1.868952
0.000000
0.000000
0.000000
0.000000
0.000000
0.000000
0.000000
0.000000
0.000000
0.000000
0.409737
0.000000
0.000000
2.041911
0.000000
0.000000
0.000000
0.749612
0.000000
0.843573
0.000000
0.000000
0.000000
0.000000
0.061534
0.000000
0.000000
0.569961
0.618515
0.000000
0.000000
0.000000
0.000000
1.150460
0.000000
0.000000
0.000000
0.284009
0.260301
0.000000
0.009643
0.000000
1.430252
0.000000
0.000000
0.402408
1.322817
0.626056
0.000000
0.929603
0.000000
0.000000
0.000000
0.000000
0.000000
0.000000
0.000000
0.000000
0.335169
0.000000
0.000000
0.000000
0.000000
0.000000
0.000000
0.000000
0.000000
0.000000
0.000000
0.000000
0.144470
0.000000
1.528166
0.000000
0.000000
0.000000
0.000000
0.000000
0.000000
0.000000
0.505907
0.000000
0.000000
0.000000
0.000000
0.000000
0.000000
0.000000
0.000000
0.000000
0.000000
1.633286
0.872328
0.000000
0.344102
0.000000
0.000000
0.000000
0.000000
0.000000
0.000000
0.000000
0.754574
0.000000
0.191685
0.989107
0.000000
0.000000
0.000000
0.000000
0.000000
0.000000
0.000000
0.000000
0.000000
0.000000
0.000000
0.495319
0.000000
0.000000
0.330471
0.000000
0.000000
0.000000
0.000000
0.000000
0.000000
0.399525
0.000000
0.000000
0.000000
0.487735
0.000000
0.000000
0.968055
0.169900
0.000000
0.310301
0.000000
0.000000
0.000000
0.240192
0.000000
0.000000
0.000000
0.735890
0.000000
0.423414
0.000000
0.340927
0.000000
0.000000
0.000000
0.000000
0.234757
0.000000
1.343852
0.000000
0.000000
0.000000
0.000000
0.000000
0.000000
3.025197
0.000000
0.000000
0.000000
0.000000
0.016868
0.000000
0.000000
0.000000
0.000000
0.000000
0.000000
0.000000
0.000000
0.217662
0.000000
0.000000
0.000000
0.000000
0.000000
0.000000
0.000000
0.000000
0.505507
0.048172
0.000000
0.000000
3.982402
0.000000
0.384779
0.000000
0.000000
0.000000
2.282972
0.000000
0.000000
0.000000
0.000000
0.000000
0.000000
2.660480
0.594986
2.057054
0.000000
0.000000
0.000000
0.454672
0.000000
0.288837
0.000000
0.502506
0.047759
0.000000
0.000000
0.000000
0.000000
0.000000
0.628924
0.000000
0.000000
0.000000
1.180337
0.000000
0.000000
0.000000
0.119932
0.000000
0.000000
0.000000
1.910127
0.000000
2.127694
0.000000
0.000000
1.824968
0.000000
0.339648
0.000000
2.630534
0.000000
0.000000
0.000000
0.000000
0.000000
0.000000
0.000000
0.000000
0.000000
0.000000
0.151789
0.000000
1.015189
0.650206
0.000000
0.000000
0.000000
0.000000
0.000000
0.109691
0.000000
0.000000
0.000000
0.000000
0.000000
0.000000
0.000000
0.974731
0.000000
0.499619
0.000000
0.988335
0.000000
0.000000
1.286690
0.000000
0.337089
0.000000
0.520395
0.000000
0.000000
0.000000
0.000000
0.000000
0.000000
0.000000
0.000000
0.000000
0.000000
0.000000
0.062843
0.278388
0.529135
1.232290
0.000000
0.000000
0.000000
1.068722
0.000000
0.000000
0.660872
0.000000
0.000000
0.400176
0.283104
0.000000
1.397214
0.000000
0.131972
0.000000
0.570427
0.000000
0.000000
2.134609
0.000000
1.392494
0.000000
0.000000
2.618564
0.000000
0.000000
0.000000
0.000000
0.000000
0.000000
0.000000
0.000000
0.928412
0.000000
0.000000
0.000000
0.000000
0.000000
0.000000
0.000000
0.000000
0.000000
0.000000
1.419834
0.239287
0.000000
1.928345
0.000000
0.527114
0.000000
2.085729
0.597257
1.023248
0.000000
0.000000
0.546240
0.000000
0.000000
0.000000
0.000000
0.000000
1.099529
3.131344
0.000000
0.000000
0.000000
0.000000
0.000000
0.000000
0.000000
1.941102
0.000000
0.000000
0.000000
0.000000
0.407914
0.000000
0.630536
0.000000
0.000000
0.000000
0.000000
0.000000
1.189732
0.000000
0.000000
0.000000
0.000000
0.155429
0.000000
0.963831
0.511421
0.000000
0.000000
0.000000
0.000000
0.000000
1.262638
0.936134
0.000000
0.000000
0.000000
0.000000
0.000000
0.000000
0.000000
0.000000
0.000000
0.000000
0.000000
0.253087
0.000000
0.000000
0.000000
0.000000
0.000000
0.626976
0.000000
0.000000
1.075583
0.000000
0.247883
0.000000
0.000000
0.000000
0.000000
0.000000
0.000000
0.000000
0.482538
0.000000
0.000000
0.000000
0.604310
0.000000
0.005577
1.459801
0.000000
0.000000
0.000000
0.000000
0.000000
0.000000
0.000000
0.000000
0.000000
0.000000
0.963386
0.000000
1.045815
0.000000
0.000000
0.463149
0.723476
0.752676
0.000000
0.000000
2.170215
0.000000
0.000000
0.000000
0.000000
0.000000
0.066358
0.000000
0.000000
0.000000
0.000000
0.000000
0.000000
0.000000
0.000000
0.000000
1.199184
0.000000
1.149984
0.921556
0.045263
0.000000
0.000000
0.000000
0.000000
0.000000
0.970154
0.000000
1.252805
0.000000
2.679298
1.045284
0.000000
0.062732
0.000000
0.000000
0.000000
0.000000
0.000000
0.000000
1.442667
0.000000
0.000000
0.134572
0.000000
0.000000
0.000000
0.090089
1.339321
0.648694
0.000000
0.000000
2.348076
0.606389
1.743185
0.000000
0.000000
0.000000
0.000000
0.000000
0.000000
0.440211
0.000000
0.724678
0.000000
0.050752
0.730220
0.000000
0.000000
0.000000
0.000000
0.000000
0.000000
0.000000
0.000000
0.000000
0.250654
0.000000
0.000000
0.000000
0.000000
0.000000
0.000000
0.000000
1.554316
1.727282
0.516266
0.705877
1.269430
0.000000
0.000000
0.000000
0.000000
0.000000
0.571817
0.000000
0.000000
0.000000
1.272223
0.000000
0.000000
0.000000
0.000000
0.000000
0.497327
0.000000
0.000000
0.000000
0.000000
0.082616
0.000000
0.000000
0.000000
0.000000
0.000000
0.000000
0.000000
0.155406
0.000000
1.825486
0.000000
0.000000
0.000000
0.000000
0.000000
0.000000
0.000000
0.000000
0.611943
0.000000
0.827503
0.000000
0.000000
0.000000
0.000000
0.000000
0.000000
0.000000
0.000000
2.559074
0.000000
1.998795
1.953226
0.000000
0.000000
0.000000
0.000000
0.000000
0.000000
0.000000
0.283699
0.000000
0.000000
0.000000
0.000000
2.672643
0.383381
0.000000
0.000000
0.000000
0.045893
0.751590
0.000000
0.000000
0.000000
0.000000
0.000000
0.000000
0.000000
0.000000
0.000000
1.241932
0.000000
0.000000
0.000000
0.694660
0.000000
0.696271
0.000000
0.000000
0.000000
0.000000
0.000000
0.920489
1.752241
0.000000
0.000000
0.000000
1.054356
0.000000
0.000000
0.017348
0.199197
0.000000
0.000000
0.000000
0.414627
0.599545
0.000000
0.000000
0.000000
0.000000
0.000000
0.593407
0.000000
0.000000
0.000000
0.000000
0.000000
0.000000
0.841291
0.000000
0.000000
0.000000
0.231800
0.000000
0.000000
0.000000
0.000000
0.867064
0.000000
0.000000
0.000000
0.000000
1.030138
0.378623
0.000000
0.000000
0.000000
0.000000
0.000000
0.000000
0.521149
0.000000
0.000000
0.000000
1.451704
0.000000
0.000000
0.000000
0.476176
0.000000
0.799062
0.000000
0.000000
0.000000
1.142452
0.000000
0.000000
0.571356
0.169508
0.000000
0.000000
0.000000
0.000000
0.000000
0.000000
0.078753
0.431433
0.000000
0.000000
0.000000
0.000000
0.478654
2.419787
0.000000
0.000000
0.000000
0.000000
0.000000
0.000000
0.000000
0.000000
0.000000
0.000000
2.499880
0.000000
0.000000
0.000000
1.734441
0.000000
0.000000
0.313874
0.000000
0.000000
0.000000
0.000000
0.000000
0.000000
0.000000
0.000000
0.000000
0.000000
0.000000
0.000000
0.000000
1.767898
0.000000
0.000000
0.000000
2.545495
0.339232
0.000000
0.000000
0.000000
0.000000
0.000000
0.000000
0.060244
0.000000
0.000000
0.000000
0.000000
0.000000
0.000000
0.000000
0.000000
0.000000
0.000000
0.000000
0.000000
0.976782
0.555298
0.000000
0.000000
0.729282
1.008719
0.000000
0.000000
0.270211
0.000000
0.000000
0.000000
0.000000
0.000000
0.000000
0.000000
1.506440
0.000000
0.000000
0.000000
0.000000
0.000000
0.000000
0.000000
0.000000
0.000000
0.000000
0.000000
0.000000
1.367600
0.000000
0.000000
0.000000
0.000000
0.000000
0.352067
0.261466
0.000000
0.998514
1.323757
4.320173
0.081101
1.551636
0.774634
0.000000
0.669569
0.243862
0.000000
0.000000
0.000000
0.000000
0.000000
0.000000
0.000000
0.000000
0.000000
0.280526
0.000000
0.000000
0.000000
0.227224
0.070411
0.169622
0.000000
0.000000
0.000000
0.490428
0.000000
0.000000
0.000000
0.451613
0.000000
0.000000
0.000000
0.000000
0.000000
1.976698
0.000000
0.000000
0.000000
1.067256
0.000000
0.000000
0.000000
0.000000
0.000000
0.000000
0.000000
0.000000
0.000000
0.000000
0.000000
0.000000
0.551500
0.052418
0.000000
0.454857
0.000000
0.000000
0.114117
0.000000
0.000000
0.000000
0.000000
0.000000
0.000000
0.612662
0.000000
0.000000
0.000000
0.000000
0.000000
1.766818
0.000000
0.000000
0.348854
0.376211
0.000000
0.000000
0.000000
1.227806
0.000000
0.000000
0.000000
1.671661
0.000000
0.000000
0.000000
0.000000
0.974051
2.122673
0.513791
0.000000
1.685669
0.000000
1.435927
0.000000
0.000000
0.000000
0.000000
1.574102
0.349685
0.000000
0.655469
0.000000
0.000000
1.025640
0.000000
0.000000
0.000000
0.000000
0.000000
0.474403
0.000000
0.473651
0.000000
4.010640
0.000000
0.000000
2.605769
0.000000
0.000000
0.000000
0.000000
0.000000
0.000000
0.000000
0.000000
0.000000
0.000000
0.000000
0.000000
0.000000
0.000000
0.000000
0.000000
1.213932
1.205020
0.000000
0.000000
0.578090
0.000000
0.000000
0.000000
0.000000
0.000000
0.047824
0.000000
0.127248
1.507649
0.000000
0.956010
0.000000
0.594070
0.000000
0.000000
0.000000
0.403269
0.000000
0.000000
0.000000
0.103818
0.000000
0.000000
0.000000
0.000000
0.000000
0.000000
0.952345
0.000000
0.315134
0.000000
0.174259
0.000000
0.000000
0.000000
1.287876
0.000000
0.565565
0.000000
0.000000
0.525528
0.136485
1.686973
0.000000
0.000000
0.590931
0.000000
0.000000
0.000000
0.000000
2.782939
1.047958
0.000000
0.000000
0.190726
0.000000
0.964585
0.000000
0.000000
0.000000
0.147352
0.000000
0.000000
0.000000
0.000000
0.349988
0.000000
0.514116
0.118781
0.000000
0.000000
0.000000
0.000000
0.545355
1.336018
0.000000
0.000000
0.268959
0.000000
0.718119
0.000000
0.000000
0.000000
0.247089
0.000000
0.369583
0.719619
0.000000
0.000000
0.000000
0.000000
0.000000
0.000000
0.000000
0.000000
0.000000
0.000000
0.000000
0.000000
0.000000
2.040992
0.000000
0.000000
0.000000
0.000000
0.000000
1.937484
0.000000
0.000000
0.146843
0.000000
0.000000
0.000000
0.000000
0.000000
0.000000
1.528260
0.000000
0.000000
0.000000
0.000000
0.000000
0.000000
0.000000
0.000000
1.048625
0.000000
0.000000
0.000000
0.893678
0.000000
0.000000
0.000000
0.812168
0.000000
0.507564
0.000000
0.000000
0.000000
0.341144
0.953719
0.000000
0.000000
1.575711
0.000000
0.000000
0.000000
0.000000
0.020636
0.000000
0.000000
0.000000
0.000000
0.000000
0.000000
0.000000
0.000000
0.000000
0.000000
0.922632
0.287881
0.000000
0.000000
0.000000
0.567586
0.000000
0.561316
0.000000
0.000000
0.000000
0.000000
0.000000
0.000000
0.000000
0.000000
0.000000
0.000000
0.000000
0.000000
2.083917
0.203432
0.000000
0.000000
0.826930
0.907105
0.224182
0.285567
0.000000
0.000000
0.000000
0.000000
0.000000
0.000000
0.000000
0.000000
0.000000
0.000000
0.000000
0.000000
0.446257
0.539095
0.000000
0.000000
0.000000
0.000000
0.000000
1.757995
0.000000
0.000000
0.047427
0.000000
0.000000
0.000000
0.000000
0.000000
0.000000
0.000000
0.000000
0.000000
0.000000
0.000000
0.000000
0.411056
0.000000
0.000000
0.000000
0.000000
0.000000
2.464195
0.000000
0.000000
0.000000
0.000000
0.000000
0.000000
0.000000
0.000000
0.000000
0.402674
0.000000
0.000000
0.312811
0.360841
1.006476
0.000000
0.036180
0.000000
0.000000
4.550319
1.086744
0.000000
0.000000
0.000000
0.000000
2.155264
0.000000
0.000000
0.000000
0.000000
0.000000
2.076487
0.000000
0.000000
0.000000
0.000000
0.000000
0.257621
0.000000
0.886538
0.000000
0.616988
0.000000
0.460462
0.000000
0.000000
0.000000
0.328226
0.032742
0.000000
0.000000
0.000000
0.000000
0.000000
0.000000
0.000000
0.454598
0.675598
0.226450
0.396128
0.000000
0.000000
0.000000
0.000000
1.737533
0.000000
0.198208
0.000000
1.068345
0.000000
0.139433
0.000000
0.057486
0.000000
0.000000
0.000000
0.000000
0.000000
0.000000
0.000000
0.000000
0.000000
0.320536
0.494688
0.406979
0.000000
0.000000
0.000000
0.176264
0.000000
0.000000
0.000000
0.598439
0.000000
0.000000
0.000000
1.261776
0.000000
1.237687
0.937024
0.000000
0.000000
0.000000
0.000000
0.000000
0.000000
0.057245
0.000000
0.000000
0.000000
0.000000
0.000000
0.000000
0.000000
0.000000
0.000000
0.000000
0.977331
0.000000
0.000000
0.134608
0.000000
0.158354
0.000000
0.000000
0.000000
0.000000
0.000000
0.174432
0.000000
0.000000
0.000000
0.094342
1.172089
0.000000
1.462731
0.000000
0.000000
0.000000
0.000000
0.000000
0.000000
0.000000
1.899664
0.000000
0.000000
1.064910
0.000000
0.000000
0.000000
0.000000
0.000000
0.000000
0.183725
1.291663
0.000000
0.000000
0.000000
0.000000
1.661736
0.000000
0.000000
0.509749
0.000000
0.000000
1.163028
0.169626
0.000000
0.000000
1.219709
0.000000
0.396463
0.000000
0.000000
0.000000
1.216159
0.000000
0.310282
0.000000
0.000000
0.000000
0.000000
0.000000
0.000000
0.000000
0.000000
0.000000
1.096232
0.000000
0.000000
0.153648
0.000000
0.000000
0.000000
0.736362
0.000000
0.000000
0.000000
0.000000
0.000000
0.000000
0.000000
2.020509
0.000000
0.000000
0.000000
0.007896
0.000000
0.000000
0.618321
0.000000
0.000000
0.000000
0.058628
0.000000
0.298491
0.000000
0.000000
0.000000
0.000000
0.000000
0.000000
1.078579
0.582732
0.524224
0.000000
0.249331
0.000000
0.000000
0.000000
0.000000
0.897087
0.000000
0.000000
0.000000
0.000000
0.000000
0.512526
0.000000
0.000000
0.766506
0.000000
0.274020
0.000000
0.000000
0.000000
0.000000
0.000000
0.000000
0.000000
1.046142
0.000000
0.000000
0.000000
0.000000
0.000000
0.000000
0.000000
0.000000
0.000000
0.000000
0.179384
1.091965
0.000000
0.000000
0.000000
0.601756
0.000000
1.480880
0.648193
0.000000
0.000000
0.000000
0.000000
0.000000
0.000000
0.000000
0.000000
0.000000
0.000000
0.000000
0.000000
0.000000
1.596658
0.180209
0.713867
0.000000
0.000000
0.000000
0.000000
0.000000
0.555596
0.000000
0.000000
0.925612
0.000000
0.000000
0.000000
0.000000
0.000000
0.000000
0.610841
0.000000
0.000000
0.000000
0.000000
0.000000
0.000000
2.250804
2.053921
0.000000
0.000000
0.000000
0.000000
0.000000
0.000000
0.000000
0.000000
0.000000
0.442091
0.000000
1.375812
0.000000
0.000000
0.000000
0.000000
0.000000
0.000000
0.000000
0.835854
0.000000
0.752434
0.269970
0.000000
0.000000
0.000000
0.030228
0.000000
0.000000
0.000000
0.000000
0.000000
0.000000
0.234376
0.000000
0.270286
0.229219
0.000000
0.000000
0.817295
0.000000
0.318639
0.000000
0.000000
0.000000
0.000000
0.000000
1.482623
0.000000
0.000000
0.000000
0.780917
0.008653
0.000000
0.000000
0.000000
0.000000
0.000000
0.000000
0.000000
0.867326
0.680807
0.000000
0.000000
0.000000
0.000000
0.000000
0.000000
0.000000
0.000000
0.000000
0.000000
0.000000
0.000000
1.142621
0.000000
0.000000
1.423463
0.139220
0.000000
0.000000
0.000000
0.000000
0.000000
0.000000
0.000000
0.000000
1.448754
0.000000
0.000000
0.000000
0.000000
0.526037
0.000000
0.000000
1.540128
0.551833
0.000000
0.000000
0.000000
0.000000
0.000000
0.000000
0.000000
0.000000
0.166580
0.260920
0.000000
0.000000
0.000000
0.000000
0.000000
0.671208
0.452142
0.000000
0.000000
0.000000
0.000000
0.000000
0.000000
0.000000
0.000000
0.000000
0.731111
0.000000
0.000000
0.000000
0.615856
0.000000
0.000000
0.459417
0.000000
0.000000
0.000000
0.000000
0.000000
0.000000
0.000000
0.000000
0.000207
0.000000
0.416574
0.000000
0.666064
0.000000
1.026522
1.803292
0.000000
0.000000
0.000000
0.901462
0.000000
0.000000
0.000000
0.122793
0.851606
0.000000
0.171223
0.000000
0.000000
0.146158
0.000000
0.000000
0.000000
3.094015
1.558463
0.213428
0.000000
0.000000
0.000000
0.000000
0.652355
0.000000
0.284001
1.156981
0.000000
0.000000
0.000000
0.181080
0.220555
0.090233
0.000000
0.284373
0.671245
0.220675
0.000000
0.000000
1.654149
0.000000
0.587890
0.062988
0.000000
0.314472
0.000000
0.213147
0.000000
0.972776
0.000000
0.000000
0.000000
0.000000
0.000000
0.000000
0.000000
0.000000
0.000000
0.000000
0.000000
0.000000
0.233970
0.000000
0.000000
0.000000
0.000000
0.000000
0.000000
0.000000
0.000000
0.000000
0.000000
0.733972
0.000000
0.000000
0.018903
0.000000
0.000000
0.000000
1.260884
0.000000
0.000000
0.000000
0.000000
0.000000
0.000000
0.000000
0.000000
1.143175
0.000000
0.000000
0.000000
0.000000
0.024362
0.000000
0.000000
0.121233
0.000000
0.000000
0.000000
0.000000
0.000000
0.000000
0.000000
0.000000
0.000000
2.437984
0.000000
0.000000
0.000000
0.000000
0.550130
0.668810
0.000000
0.000000
0.000000
0.000000
0.262966
0.000000
0.000000
0.827548
0.000000
0.478938
0.000000
0.000000
0.000000
0.000000
0.936300
0.339128
0.000000
0.000000
0.000000
0.000000
0.000000
0.103323
0.000000
0.000000
0.000000
0.940798
0.000000
0.000000
0.000000
1.214120
0.000000
0.733442
0.000000
1.176508
0.000000
0.123637
0.000000
0.000000
0.000000
0.000000
0.000000
1.691188
0.000000
0.240788
0.000000
0.000000
0.620079
0.000000
0.163177
0.266180
0.000000
0.000000
0.000000
0.000000
0.000000
0.000000
0.000000
0.000000
0.000000
0.000000
0.000000
0.000000
0.000000
1.019538
0.419120
0.000000
0.415703
0.000000
0.000000
0.000000
0.000000
0.863355
0.000000
0.000000
0.000000
0.000000
0.000000
0.618489
1.458608
0.715454
0.000000
0.994569
0.000000
0.000000
0.000000
0.000000
0.000000
0.000000
0.000000
0.000000
1.332240
0.000000
0.042768
1.859129
0.000000
0.559724
0.000000
0.000000
0.000000
2.584443
0.000000
0.000000
0.021411
0.000000
0.000000
0.000000
0.000000
0.501491
0.026512
0.000000
0.000000
0.172917
0.000000
0.000000
0.000000
0.000000
0.125274
1.273695
0.000000
0.000000
0.000000
0.000000
0.000000
0.000000
0.966072
0.754319
0.544544
0.000000
0.000000
0.000000
0.000000
0.000000
0.000000
0.000000
0.000000
0.000000
0.000000
0.000000
0.000000
0.000000
0.000000
1.012407
0.397938
0.000000
0.000000
0.855572
0.504487
0.000000
1.043964
0.000000
0.000000
0.000000
0.000000
0.000000
0.000000
0.000000
4.226121
0.000000
0.000000
0.000000
0.000000
0.000000
0.000000
0.000000
0.123702
3.793165
1.081983
0.000000
0.000000
0.000000
0.000000
0.000000
0.000000
0.000000
0.000000
0.000000
0.000000
0.235699
0.000000
0.000000
0.000000
0.000000
0.000000
1.407233
0.082836
0.000000
0.000000
0.000000
0.201462
0.000000
0.000000
0.000000
0.000000
0.000000
0.197451
1.186055
0.723284
0.571397
0.986787
0.000000
0.000000
0.000000
0.000000
0.000000
0.000000
0.313044
0.000000
0.000000
0.000000
0.000000
0.041845
0.000000
1.141299
0.000000
1.048824
0.000000
0.417564
1.338528
0.000000
0.266856
0.000000
0.000000
0.277974
0.000000
0.000000
0.000000
0.000000
1.150413
1.554090
1.072089
0.000000
0.000000
0.000000
0.000000
0.695668
0.000000
0.000000
0.000000
0.397114
0.000000
0.000000
0.000000
0.000000
0.442908
0.000000
0.000000
0.000000
0.000000
0.000000
0.000000
0.000000
0.000000
0.000000
0.000000
0.000000
0.000000
1.098604
0.293146
0.000000
0.505261
0.089489
0.000000
0.000000
1.893343
0.000000
0.000000
0.582805
0.000000
0.479911
0.000000
1.093367
0.000000
0.000000
0.000000
0.000000
0.028527
0.000000
0.172493
0.000000
0.000000
0.000000
0.151432
0.000000
0.000000
0.000000
0.000000
0.644436
0.000000
0.000000
0.421355
0.000000
0.000000
0.000000
0.000000
0.438933
0.000000
2.463403
0.000000
0.000000
0.505616
0.312397
0.000000
0.264017
0.000000
0.000000
0.000000
0.000000
0.000000
0.000000
0.000000
1.411994
0.000000
0.000000
1.489491
0.763788
0.000000
0.000000
0.000000
0.000000
0.000000
0.000000
0.480036
0.000000
0.000000
0.831081
0.000000
0.000000
0.000000
0.000000
0.000000
0.498453
0.000000
0.000000
0.000000
0.000000
0.000000
0.041946
0.000000
0.000000
4.041420
0.000000
1.593341
0.000000
0.000000
1.441873
1.853396
0.221552
0.000000
0.000000
0.000000
0.000000
0.000000
0.000000
0.544173
0.000000
0.000000
0.000000
0.928967
0.000000
0.000000
0.000000
0.000000
0.000000
0.000000
0.064287
0.151617
0.718574
0.000000
0.000000
1.040846
0.000000
0.000000
0.000000
0.000000
0.000000
0.620325
0.000000
2.209733
0.000000
0.312459
0.000000
0.000000
1.617859
1.226629
0.000000
0.000000
0.000000
0.000000
0.000000
0.000000
0.000000
0.000000
0.000000
0.629283
0.000000
0.000000
0.000000
0.000000
0.000000
0.000000
0.792600
0.000000
0.957551
0.200190
0.207603
0.000000
0.429289
0.668582
0.374636
0.000000
0.000000
0.000000
0.000000
1.824498
0.738969
1.469071
0.000000
0.000000
0.000000
0.000000
0.446244
0.000000
0.000000
0.900794
0.827110
0.000000
0.162570
0.338545
0.000000
0.000000
2.218105
0.257284
0.000000
0.451037
2.929516
0.000000
0.000000
0.000000
0.000000
0.000000
0.000000
0.000000
0.000000
0.000000
0.000000
0.920312
0.000000
0.782947
0.661749
0.000000
0.000000
0.000000
0.000000
0.000000
1.185801
0.000000
0.000000
0.000000
0.657887
0.000000
0.000000
0.000000
0.000000
0.423544
0.000000
0.726111
0.000000
0.000000
1.228510
0.102385
0.026456
0.952479
0.000000
0.000000
0.000000
0.000000
0.000000
0.000000
0.000000
0.000000
0.000000
0.000000
0.000000
0.000000
0.000000
0.000000
0.193548
1.005993
0.000000
2.559214
0.781751
0.000000
0.000000
0.000000
0.000000
0.000000
0.000000
0.000000
0.000000
0.000000
0.000000
0.022407
0.000000
0.000000
0.000000
0.525105
0.848972
1.334127
0.117067
0.000000
1.967337
0.000000
0.000000
0.718431
0.219812
1.284195
0.361437
0.000000
0.000000
0.000000
0.000000
0.000000
0.000000
0.000000
0.000000
0.000000
0.431117
0.000000
0.000000
0.000000
0.000000
0.000000
0.918190
0.000000
0.000000
0.000000
1.600778
0.000000
0.000000
0.000000
0.000000
0.000000
0.000000
0.000000
1.313595
0.932945
0.000000
0.000000
0.155293
0.722408
0.000000
0.000000
0.000000
0.000000
0.000000
0.553139
0.000000
0.000000
0.176778
0.000000
0.000000
2.051112
0.000000
0.000000
1.984742
0.000000
0.052849
0.000000
0.000000
0.969923
0.000000
0.032507
0.000000
0.000000
0.254765
0.000000
0.000000
0.000000
2.467367
0.000000
0.590235
0.000000
0.000000
0.551866
0.000000
0.000000
0.000000
0.000000
0.000000
0.000000
0.000000
0.365469
0.000000
0.000000
0.000000
0.000000
0.694174
0.989180
0.000000
1.378900
0.000000
0.000000
0.000000
0.000000
1.391955
0.000000
2.282955
0.000000
0.000000
0.000000
0.000000
0.000000
0.000000
0.000000
0.188294
0.000000
0.000000
1.556696
0.000000
0.454308
0.000000
0.000000
0.000000
0.000000
0.000000
0.000000
0.000000
0.000000
0.000000
0.000000
0.000000
0.000000
1.249074
0.000000
0.000000
0.000000
0.087956
0.000000
0.000000
1.154249
0.000000
0.000000
0.000000
0.000000
0.408834
0.000000
0.000000
0.000000
0.276649
0.647726
0.000000
0.000000
0.000000
0.000000
3.426189
0.000000
0.449516
0.416135
1.406779
0.000000
0.000000
0.000000
0.000000
0.000000
0.000000
0.000000
0.000000
0.000000
0.000000
0.000000
0.000000
0.000000
0.607830
0.000000
0.494186
0.000000
1.401514
0.000000
0.000000
0.000000
0.000000
0.418988
0.000000
0.000000
0.267218
0.705283
0.000000
0.000000
0.000000
0.000000
0.334579
1.013856
0.000000
0.000000
0.000000
0.000000
0.000000
0.000000
0.000000
0.000000
0.000000
0.000000
0.000000
0.000000
0.000000
0.000000
0.000000
1.087928
0.174180
0.000000
0.000000
0.000000
0.000000
0.000000
0.000000
1.649780
0.000000
