0.000000
0.049360
0.000000
0.000000
0.000000
0.046924
0.000000
0.000000
0.000000
0.000000
0.000000
0.000000
0.000000
1.602215
0.000000
0.000000
0.000000
0.000000
0.000000
0.734765
1.185854
0.000000
0.000000
0.234049
0.000000
1.453457
0.000000
0.000000
2.460598
0.000000
0.000000
0.000000
0.000000
0.000000
0.000000
0.000000
0.000000
0.000000
0.000000
0.000000
0.000000
0.000000
0.000000
0.000000
0.000000
0.943870
0.000000
0.012672
1.598961
0.110944
0.000000
0.000000
0.000000
1.122309
0.059826
0.000000
0.000000
1.313153
0.000000
0.000000
0.000000
0.000000
0.000000
0.000000
0.000000
1.080324
0.000000
0.565230
0.000000
0.000000
0.752649
0.000000
0.000000
0.175317
0.310537
0.000000
0.000000
0.000000
0.000000
0.543426
0.000000
0.000000
0.000000
0.290387
0.000000
0.000000
0.000000
0.000000
0.000000
0.000000
0.000000
0.449004
0.000000
1.165373
0.578109
0.193828
0.390789
1.299597
0.000000
0.130323
0.000000
0.000000
0.000000
0.000000
1.503885
0.000000
0.582294
0.000000
0.000000
0.000000
0.000000
0.000000
0.000000
0.000000
0.000000
0.000000
1.275434
1.058804
0.000000
0.000000
0.000000
0.000000
0.000000
0.000000
0.000000
0.000000
0.000000
0.000000
0.000000
1.886295
0.535637
0.765190
0.000000
0.000000
0.000000
0.000000
0.000000
0.198128
0.000000
0.000000
0.000000
0.000000
0.000000
0.000000
0.000000
0.000000
0.000000
0.000000
0.828846
0.000000
0.000000
0.000000
0.000000
0.000000
0.000000
0.061464
0.000000
0.000000
0.000000
0.000000
1.562572
0.000000
0.000000
0.000000
0.000000
0.338720
0.000000
0.000000
0.000000
0.000000
0.019663
0.259790
0.000000
0.000000
0.469812
0.000000
0.000000
0.000000
0.000000
0.000000
0.000000
0.827226
0.648132
0.000000
0.000000
0.000000
0.339334
2.732140
0.000000
0.000000
0.000000
0.000000
0.000000
0.358988
0.000000
0.000000
0.000000
0.000000
0.000000
0.000000
0.157985
0.000000
0.000000
0.000000
0.230761
0.000000
0.000000
1.831927
0.000000
0.000000
0.000000
0.000000
0.000000
0.663369
0.439095
1.258011
0.000000
0.000000
1.210422
1.812678
0.000000
0.110409
0.000000
0.370034
0.000000
1.542025
0.000000
0.000000
0.000000
0.000000
0.000000
0.000000
0.000000
0.000000
0.000000
0.000000
0.395542
0.000000
0.000000
0.557155
0.000000
0.000000
0.599098
0.000000
0.155764
0.000000
0.000000
0.000000
0.000000
0.000000
0.000000
0.000000
0.000000
0.000000
0.000000
0.000000
0.000000
0.000000
0.000000
0.000000
0.000000
0.000000
0.000000
0.000000
0.000000
0.000000
0.000000
0.294456
0.000000
0.947410
0.000000
0.000000
0.000000
0.000000
0.000000
1.108346
0.000000
0.000000
0.000000
0.000000
0.000000
0.000000
0.000000
0.693269
0.000000
0.000000
0.000000
0.000000
0.000000
0.000000
0.000000
0.000000
0.000000
0.000000
0.000000
1.123021
0.000000
0.000000
0.000000
0.267388
0.000000
0.000000
0.000000
0.000000
0.359488
0.000000
0.000000
0.000000
0.000000
0.947277
0.000000
1.294645
1.770678
0.218072
0.688060
0.000000
0.000000
0.000000
0.000000
0.000000
0.000000
0.000000
0.000000
0.224284
0.000000
0.000000
0.000000
0.000000
0.079012
0.000000
0.000000
0.000000
0.445536
0.000000
0.000000
1.719991
0.000000
0.000000
0.000000
1.419061
0.000000
0.000000
0.000000
0.000000
0.664038
0.108650
0.000000
0.359407
0.573324
0.000000
0.000000
0.000000
0.000000
0.000000
0.349789
0.000000
0.827700
0.621499
0.000000
0.000000
0.000000
0.000000
0.000000
0.000000
0.000000
0.000000
0.000000
0.624364
0.295292
0.000000
0.000000
0.000000
0.000000
0.000000
0.000000
0.000000
0.351042
1.169314
0.000000
0.000000
0.000000
0.000000
0.000000
0.000000
0.000000
0.000000
0.000000
0.000000
0.000000
0.000000
0.000000
0.000000
0.000000
0.000000
0.000000
0.000000
0.000000
0.000000
0.000000
0.000000
0.000000
0.559303
0.000000
0.000000
0.000000
0.000000
0.000000
0.085752
0.000000
0.000000
0.107726
0.000000
0.000000
0.010741
0.000000
0.000000
0.000000
0.000000
0.000000
0.000000
0.000000
0.000000
0.000000
1.286826
1.499789
0.000000
0.000000
0.000000
0.121529
0.000000
0.000000
0.000000
0.228109
0.000000
0.453768
0.000000
0.000000
0.000000
0.279552
0.822222
0.000000
0.000000
0.052860
0.000000
0.000000
0.000000
0.000000
0.000000
0.000000
2.620441
0.118486
0.000000
0.000000
0.000000
0.595507
0.000000
0.000000
0.000000
0.000000
0.000000
0.854462
1.710804
0.000000
0.000000
0.000000
0.000000
0.000000
0.000000
0.000000
0.272129
0.000000
2.799384
0.000000
0.135528
0.000000
0.000000
0.000000
2.088918
0.000000
0.000000
0.000000
0.000000
0.000000
1.045175
0.000000
0.000000
1.649264
0.000000
0.638106
0.000000
0.000000
0.000000
0.000000
0.000000
0.000000
0.000000
0.089172
0.944076
0.539277
0.000000
1.691694
0.000000
0.000000
0.000000
1.322409
0.000000
0.000000
0.000000
0.000000
0.000000
0.000000
0.000000
0.000000
0.000000
0.000000
0.000000
0.000000
0.000000
0.000000
0.000000
0.000000
0.000000
0.470909
0.000000
1.385806
1.195141
0.000000
0.000000
0.000000
0.000000
0.625658
0.000000
0.000000
0.000000
1.704987
0.000000
0.000000
1.370778
0.000000
0.000000
0.925760
0.000000
0.000000
0.000000
0.000000
0.000000
0.881451
0.354222
0.000000
1.820581
0.000000
0.967926
0.000000
0.000000
0.000000
1.045640
0.000000
0.000000
0.000000
0.000000
0.000000
0.000000
0.848912
0.000000
0.930189
0.000000
0.709584
0.000000
0.000000
0.294854
0.002219
0.000000
0.000000
0.146489
0.000000
0.000000
0.000000
0.000000
0.000000
0.000000
0.000000
0.000000
0.000000
0.000000
0.000000
0.108569
0.000000
0.000000
1.494504
0.000000
0.000000
0.000000
0.000000
1.164674
0.000000
0.112837
0.000000
0.000000
0.000000
0.000000
0.000000
0.000000
0.383727
0.000000
0.000000
0.000000
0.000000
0.000000
0.000000
0.000000
0.000000
0.000000
0.000000
0.000000
0.000000
0.000000
0.000000
0.000000
0.374785
0.000000
0.000000
0.000000
0.000000
0.000000
0.000000
0.000000
0.000000
0.000000
0.000000
0.000000
0.000000
0.000000
1.549612
0.000000
0.000000
0.000000
0.528829
0.483458
0.000000
0.000000
0.000000
0.000000
0.000000
0.000000
1.119921
0.000000
0.285556
1.205470
0.000000
0.000000
0.000000
0.000000
0.000000
0.000000
0.000000
0.000000
0.000000
0.000000
0.000000
0.000000
0.000000
0.000000
0.000000
0.000000
0.000000
0.680656
0.000000
0.064225
0.385175
1.059586
0.000000
0.000000
0.117727
0.000000
1.290119
0.000000
0.000000
0.247225
0.000000
0.000000
1.165039
0.407147
0.000000
0.937946
0.000000
0.000000
0.000000
0.000000
0.000000
0.000000
0.000000
0.000000
0.000000
0.252634
0.811945
0.087638
0.000000
0.000000
0.000000
0.000000
0.000000
0.000000
0.000000
0.192311
0.000000
0.335962
0.000000
0.000000
0.000000
0.000000
0.000000
0.000000
0.000000
0.000000
0.000000
0.980501
0.000000
0.000000
0.000000
1.150924
0.000000
2.247809
0.854578
0.000000
0.000000
0.000000
1.154219
1.819090
0.000000
0.000000
1.338673
0.000000
0.111324
0.000000
0.094952
0.026060
0.000000
1.857684
0.000000
0.000000
0.000000
0.000000
0.000000
0.000000
2.015645
0.000000
1.226414
0.000000
0.000000
1.836497
0.000000
0.000000
0.000000
0.000000
0.000000
0.841439
0.000000
0.000000
0.000000
0.000000
0.000000
1.874258
0.000000
0.314194
0.067182
0.000000
0.000000
0.000000
0.000000
0.000000
0.000000
0.000000
0.000000
0.000000
0.465325
0.000000
2.802376
0.625336
0.910847
0.000000
0.401729
0.000000
0.000000
0.000000
0.737905
0.000000
0.000000
0.000000
0.000000
0.000000
0.000000
0.000000
0.000000
0.000000
0.256401
0.000000
1.188743
0.311469
0.000000
0.000000
0.000000
0.000000
0.000000
0.000000
0.200338
0.000000
0.000000
0.095844
0.000000
0.000000
0.903604
0.000000
0.000000
0.482524
0.000000
0.000000
0.000000
0.000000
0.000000
0.000000
0.000000
0.000000
0.000000
0.000000
0.000000
0.000000
0.000000
0.000000
0.385251
0.331276
0.000000
0.000000
0.000000
0.000000
0.663297
0.000000
0.576670
0.158624
0.000000
0.000000
0.000000
0.000000
0.000000
0.000000
0.000000
0.000000
0.000000
1.333897
0.000000
0.000000
0.219765
0.000000
0.594089
0.000000
0.000000
0.000000
0.000000
0.325436
0.000000
0.728911
1.804249
0.000000
0.000000
0.000000
0.000000
0.468566
0.000000
0.000000
0.870796
0.000000
0.416189
1.607996
0.000000
0.000000
0.573836
0.000000
0.000000
0.000000
0.482648
0.000000
0.000000
0.000000
0.000000
0.000000
0.000000
0.000000
0.000000
1.004450
0.000000
0.000000
1.184781
0.000000
0.000000
0.000000
0.000000
0.000000
0.000000
0.000000
0.000000
0.227625
0.000000
0.000000
1.690677
0.000000
0.000000
0.000000
0.000000
0.000000
0.775274
0.000000
0.000000
0.215931
0.000000
0.000000
0.000000
1.001499
0.000000
0.000000
0.169199
0.000000
0.000000
0.000000
0.000000
0.000000
1.088442
0.000000
0.535659
0.000000
0.000000
0.562847
0.000000
0.000000
1.182499
0.000000
0.000000
0.000000
0.000000
0.000000
2.095139
0.868346
0.088092
0.000000
0.000000
0.000000
0.000000
0.317018
0.000000
0.000000
0.000000
0.000000
0.000000
0.000000
0.000000
0.000000
0.000000
0.000000
0.000000
0.000000
0.358372
0.000000
0.000000
0.000000
0.610823
0.000000
0.000000
0.000000
0.000000
0.212039
0.000000
0.000000
0.000000
0.000000
0.000000
0.000000
1.343874
0.000000
1.616389
0.000000
0.000000
0.000000
0.000000
0.000000
0.000000
0.290771
0.000000
0.000000
0.000000
0.000000
0.000000
0.147323
0.000000
0.000000
0.000000
0.000000
1.173626
0.000000
0.000000
0.000000
0.000000
0.000000
0.000000
0.000000
0.917962
0.000000
0.000000
0.000000
0.129723
0.000000
0.000000
0.000000
0.545501
0.000000
0.000000
0.000000
0.000000
0.000000
0.000000
0.000000
0.000000
1.987267
0.000000
0.000000
0.000000
0.000000
0.000000
0.000000
0.459918
0.000000
0.000000
0.000000
0.000000
0.000000
0.000000
0.000000
0.000000
0.000000
0.000000
0.000000
0.000000
0.000000
0.000000
0.000000
0.000000
0.472048
0.000000
0.000000
0.000000
0.000000
0.000000
0.000000
0.000000
1.780417
0.000000
0.000000
0.240485
2.453923
0.457954
0.000000
0.000000
0.000000
0.634946
0.000000
0.000000
0.000000
0.455333
0.000000
0.172867
0.000000
0.119576
0.000000
0.000000
0.000000
0.000000
0.000000
0.000000
0.000000
0.000000
0.443213
0.000000
0.000000
0.000000
0.000000
0.000000
0.000000
0.000000
0.000000
0.161187
0.000000
0.000000
0.194382
0.000000
2.343616
0.022786
0.000000
0.000000
0.597421
0.000000
0.000000
1.906777
0.000000
1.737948
0.000000
0.000000
0.000000
0.000000
1.287229
2.071419
0.771746
0.000000
0.000000
0.000000
0.000000
0.000000
0.000000
0.000000
0.000000
0.000000
0.759176
0.000000
0.000000
0.000000
0.000000
0.346414
0.000000
0.675396
0.000000
0.000000
0.000000
0.000000
1.728377
0.283997
0.000000
0.000000
0.000000
0.000000
0.000000
1.703134
0.646453
2.018471
0.000000
0.000000
0.000000
0.092504
0.288959
0.769627
0.000000
0.000000
0.000000
0.256687
0.000000
0.000000
0.000000
0.000000
0.000000
0.226344
0.000000
1.768165
0.147658
0.000000
0.000000
0.000000
0.000000
0.518627
0.000000
0.000000
0.000000
2.059270
3.144138
0.548432
0.000000
1.154104
0.000000
0.918130
0.000000
0.000000
0.000000
0.000000
0.609116
0.000000
0.000000
0.000000
0.000000
0.000000
1.438816
0.000000
0.000000
0.000000
0.000000
0.000000
0.162498
0.000000
0.000000
1.022529
0.000000
0.000000
1.138776
0.152650
0.000000
0.000000
0.211481
0.000000
0.000000
0.000000
0.000000
0.000000
0.104383
0.273500
0.285247
0.000000
0.000000
0.144129
0.000000
0.000000
0.000000
1.348544
0.000000
0.000000
0.000000
1.220655
0.000000
0.000000
0.306954
0.000000
0.000000
0.000000
0.000000
0.000000
0.000000
0.087541
0.000000
0.000000
0.181463
0.000000
0.000000
0.000000
0.873671
0.000000
0.000000
0.000000
0.165234
0.000000
0.523570
0.195539
0.000000
0.000000
0.000000
0.000000
0.000000
0.000000
0.367727
0.000000
0.000000
0.000000
0.165187
0.000000
0.000000
0.000000
0.000000
0.000000
0.000000
0.000000
0.000000
0.000000
0.000000
0.000000
0.000000
1.423760
0.000000
0.000000
0.000000
0.000000
0.000000
0.000000
0.000000
0.000000
0.000000
0.133760
0.361105
2.323515
0.000000
0.000000
0.000000
0.000000
0.000000
0.000000
1.512849
0.000000
0.379029
0.000000
0.000000
0.000000
0.000000
0.000000
1.401368
0.000000
0.000000
0.000000
0.000000
0.000000
0.000000
0.000000
0.000000
0.000000
0.000000
0.000000
0.000000
2.199039
0.000000
2.170425
0.000000
0.000000
0.000000
0.000000
0.000000
0.000000
0.345975
0.000000
0.000000
0.000000
1.742461
0.000000
0.000000
0.000000
0.000000
0.000000
0.829836
0.000000
0.000000
0.000000
0.000000
0.000000
0.000000
0.000000
0.000000
0.000000
0.000000
0.000000
0.000000
0.000000
0.000000
0.000000
0.000000
0.000000
1.414887
0.592969
0.000000
0.304420
0.000000
0.000000
0.000000
0.000000
1.880297
0.000000
0.719149
0.000000
0.000000
0.000000
0.000000
0.000000
0.000000
0.177686
0.000000
0.000000
0.000000
0.958915
0.000000
0.000000
0.000000
0.000000
0.000000
0.000000
0.676274
0.390166
0.000000
0.000000
0.000000
0.000000
0.000000
0.324036
0.000000
0.000000
0.000000
0.000000
0.366515
0.144215
0.000000
0.000000
0.000000
0.000000
0.000000
0.000000
0.000000
0.759178
0.000000
0.000000
0.000000
0.000000
0.622691
0.240711
0.000000
0.000000
0.000000
0.000000
0.749776
0.000000
0.000000
0.000000
0.000000
0.000000
0.000000
0.000000
0.000000
0.294845
0.000000
0.000000
0.000000
0.000000
0.000000
0.000000
0.000000
0.000000
0.000000
0.761693
0.021624
0.159678
0.698858
0.000000
0.000000
0.000000
0.000000
0.000000
0.000000
0.000000
0.824818
0.000000
0.000000
0.000000
0.000000
1.730178
0.000000
0.000000
0.000000
0.000000
0.000000
0.000000
0.000000
0.000000
0.000000
0.000000
0.000000
0.000000
1.837256
0.635696
0.000000
0.000000
0.000000
0.000000
0.000000
0.000000
1.864840
0.000000
0.000000
0.000000
0.000000
0.000000
0.000000
0.000000
0.000000
0.000000
0.000000
1.875471
0.000000
0.871091
0.000000
0.000000
0.000000
0.522694
0.000000
0.000000
0.830736
0.000000
0.000000
0.519426
0.212052
0.000000
0.000000
0.000000
0.000000
0.000000
0.000000
0.000000
0.000000
0.000000
0.000000
3.135104
0.779692
0.000000
0.000000
0.448233
1.561849
0.000000
0.000000
0.000000
0.000000
0.000000
0.000000
1.114126
0.000000
0.000000
0.000000
0.000000
0.000000
0.000000
0.000000
0.000000
1.131979
0.295673
0.000000
0.000000
0.000000
0.000000
0.000000
0.000000
0.264306
0.000000
0.000000
0.000000
0.000000
0.000000
0.000000
0.000000
0.000000
0.000000
0.042715
1.052284
0.000000
0.000000
0.000000
0.000000
0.851009
0.000000
0.000000
0.000000
0.000000
0.000000
0.000000
0.000000
0.000000
0.033284
0.681816
0.000000
0.281899
0.000000
0.000000
1.198303
0.000000
0.000000
0.362102
0.365535
0.000000
0.406959
1.936896
0.000000
0.000000
0.635277
0.000000
0.000000
0.000000
0.000000
0.000000
1.003794
0.000000
0.000000
1.311949
0.000000
0.500688
0.000000
0.000000
0.000000
0.943564
0.138419
0.000000
0.000000
0.000000
0.000000
0.147488
0.000000
0.000000
0.000000
0.053716
0.000000
1.120001
0.000000
0.000000
0.000000
0.000000
0.000000
0.000000
0.535233
0.000000
0.000000
1.169951
0.000000
0.952968
0.000000
0.841513
0.000000
0.207408
2.771027
0.170865
0.000000
0.000000
0.000000
0.000000
0.000000
0.100981
0.000000
0.000000
0.000000
0.000000
0.000000
0.000000
1.471833
0.000000
0.194594
0.000000
0.000000
0.000000
0.000000
0.000000
0.000000
0.000000
0.000000
0.000000
0.000000
0.000000
0.000000
0.000000
0.000000
0.000000
0.000000
0.000000
0.000000
0.000000
0.000000
0.000000
0.000000
1.019977
0.628744
0.000000
0.000000
1.732769
1.668526
0.000000
0.000000
0.000000
0.000000
0.000000
0.000000
0.000000
0.000000
0.751395
0.000000
1.337908
0.000000
0.000000
0.000000
1.342010
0.000000
0.000000
0.165849
0.000000
0.750324
0.000000
0.000000
0.311139
0.000000
1.108208
0.000000
0.000000
0.000000
0.888444
0.000000
0.000000
0.000000
0.578455
0.000000
1.314804
0.000000
0.000000
0.000000
0.000000
0.000000
0.000000
0.000000
0.842927
0.000000
0.000000
0.000000
0.000000
0.000000
2.001316
0.000000
0.552823
0.000000
0.000000
0.000000
0.000000
0.000000
0.000000
1.001256
0.000000
0.296739
1.841120
0.729785
0.000000
0.000000
0.000000
0.341295
0.000000
0.000000
0.000000
0.000000
0.000000
0.265859
0.544954
0.000000
0.000000
0.000000
0.000000
0.000000
1.242335
0.000000
0.662570
0.000000
0.000000
0.000000
0.000000
0.000000
0.000000
0.000000
0.000000
0.769062
0.000000
0.000000
0.000000
0.000000
0.000000
0.000000
0.000000
0.000000
0.000000
0.865104
1.321356
0.230243
0.000000
1.251791
0.000000
1.526816
0.000000
0.000000
0.000000
0.000000
0.000000
0.189972
0.000000
0.000000
0.000000
0.000000
0.000000
0.000000
0.000000
0.191370
0.044975
0.000000
0.070986
0.000000
1.866639
0.000000
1.480374
0.276041
0.000000
0.000000
0.000000
0.000000
0.000000
3.049088
0.000000
0.000000
0.000000
0.000000
0.000000
0.000000
0.549524
0.000000
0.759896
0.000000
0.000000
0.000000
0.000000
0.000000
0.000000
0.000000
0.000000
0.000000
0.000000
0.000000
0.000000
0.000000
2.151489
0.000000
0.000000
0.000000
2.332210
0.000000
0.000000
1.029770
0.000000
0.000000
1.379309
0.493148
0.000000
0.000000
0.000000
0.000000
0.000000
0.000000
0.000000
0.000000
0.951945
0.000000
0.000000
0.000000
0.000000
2.016401
0.000000
0.522238
0.000000
0.000000
0.000000
0.000000
0.249307
1.005370
0.000000
0.000000
0.140399
0.000000
0.740086
0.254073
0.000000
0.000000
1.471873
0.288941
0.000000
0.000000
1.332170
0.000000
0.530850
0.000000
0.000000
1.782091
0.000000
0.000000
0.000000
3.556916
0.005900
0.000000
0.000000
0.000000
0.000000
0.000000
0.000000
0.000000
0.000000
0.000000
0.000000
0.000000
0.000000
0.000000
0.000000
0.000000
0.000000
0.119567
0.153301
0.000000
0.000000
0.000000
0.000000
0.000000
0.000000
0.000000
0.000000
0.000000
0.000000
1.454693
0.000000
0.827208
0.000000
0.000000
0.196283
0.000000
0.000000
1.392933
1.281782
0.000000
0.208973
0.768909
0.000000
0.447649
0.000000
0.174338
0.000000
0.000000
0.000000
0.000000
0.000000
0.321774
0.000000
0.338683
0.000000
0.000000
0.000000
0.000000
0.000000
0.000000
1.197577
0.476989
0.910541
0.397605
0.000000
0.000000
0.568043
0.000000
0.047120
0.397999
0.000000
0.000000
0.000000
1.502648
0.000000
1.311231
0.000000
0.000000
0.292511
0.000000
0.000000
0.000000
0.000000
0.000000
0.000000
0.000000
0.000000
0.755073
0.364675
0.512650
0.000000
0.000000
1.742709
0.354049
0.000000
0.000000
0.000000
0.000000
1.094835
0.000000
0.000000
0.011980
0.000000
0.000000
0.000000
2.836875
0.000000
0.113715
0.000000
0.000000
0.099253
0.000000
0.000000
0.000000
0.000000
0.000000
0.000000
0.097358
0.000000
0.000000
0.000000
0.000000
0.000000
0.000000
0.050432
0.000000
0.000000
0.000000
0.000000
0.337891
0.329477
0.000000
0.411541
0.000000
0.000000
0.000000
0.000000
0.000000
0.000000
0.000000
0.000000
0.000000
0.000000
1.669780
0.000000
0.655236
0.000000
0.000000
0.000000
0.000000
1.010452
0.463974
1.004486
1.113243
0.758529
0.000000
0.000000
0.000000
0.000000
0.000000
0.000000
0.000000
0.000000
0.000000
0.000000
0.000000
0.000000
0.000000
0.000000
0.764956
0.000000
0.630881
0.000000
0.000000
0.000000
0.000000
0.346371
0.000000
0.000000
0.000000
0.000000
0.000000
0.000000
0.000000
1.323835
0.000000
0.776119
0.000000
0.566241
1.335813
0.000000
0.527864
0.000000
0.000000
1.065450
0.000000
0.000000
0.000000
0.000000
0.000000
0.000000
0.000000
0.805130
0.000000
0.000000
0.626916
0.000000
1.230320
0.000000
0.000000
0.000000
0.000000
1.759799
0.000000
0.000000
0.000000
0.000000
0.000000
0.000000
0.000000
0.000000
0.000000
0.000000
0.000000
0.000000
0.000000
0.000000
0.000000
1.455555
0.000000
0.000000
0.759818
0.000000
0.000000
0.000000
0.000000
0.725351
0.000000
0.000000
0.000000
1.474659
0.000000
0.000000
0.037090
0.000000
0.000000
0.000000
0.000000
0.000000
0.000000
0.000000
0.000000
0.676334
0.000000
0.000000
0.000000
0.000000
0.000000
1.685099
0.000000
0.000000
0.174212
0.000000
0.353773
1.565875
0.130301
0.000000
0.000000
0.000000
0.506610
0.000000
0.000000
0.000000
0.961434
0.000000
0.000000
0.000000
0.000000
0.000000
0.000000
0.000000
0.000000
0.000000
0.000000
0.000000
0.000000
0.000000
0.000000
0.000000
0.000000
0.000000
0.000000
0.218553
0.069901
0.000000
0.000000
0.000000
0.000000
0.647473
0.682391
0.674776
0.000000
0.000000
0.000000
0.000000
0.010198
0.000000
0.510391
0.558283
0.603770
0.564125
0.000000
0.000000
0.000000
0.000000
0.000000
1.177955
0.000000
0.000000
0.000000
0.000000
0.910505
0.000000
0.000000
0.000000
0.700311
0.000000
0.000000
0.000000
0.000000
0.000000
0.000000
0.000000
0.000000
0.000000
0.000000
0.431777
0.981619
0.000000
0.000000
0.024133
0.000000
1.635660
0.000000
0.000000
0.000000
0.000000
0.000000
0.000000
0.289939
0.000000
0.980236
0.606464
0.196922
1.456001
0.228394
0.000000
0.000000
0.000000
0.000000
0.000000
0.000000
0.000000
0.000000
0.000000
0.000000
0.000000
0.000000
0.000000
0.000000
0.000000
0.000000
0.130590
1.537863
0.000000
0.000000
0.000000
0.000000
1.806229
0.000000
0.000000
0.773826
0.000000
0.000000
0.000000
0.000000
0.000000
1.112537
0.000000
0.000000
0.077573
0.000000
0.000000
0.000000
0.000000
0.000000
0.000000
0.838043
0.000000
0.000000
0.000000
0.000000
0.000000
0.000000
0.000000
0.000000
0.000000
1.048518
0.728224
0.000000
0.236510
0.000000
0.000000
0.930428
0.000000
1.059408
0.000000
0.000000
0.000000
0.102635
0.000000
0.000000
0.000000
0.000000
0.000000
0.000000
0.000000
0.000000
0.000000
0.000000
0.980877
0.000000
0.390952
0.000000
0.000000
0.000000
0.000000
0.590473
0.000000
0.219223
0.000000
0.000000
0.000000
0.000000
0.402533
0.000000
0.000000
0.757668
0.000000
0.000000
0.000000
0.000000
0.283964
0.000000
0.139598
0.000000
0.000000
0.000000
0.778868
0.000000
0.000000
0.000000
0.000000
0.000000
0.000000
0.000000
0.000000
0.147838
0.000000
0.000000
0.000000
0.000000
0.000000
0.000000
0.504988
0.000000
0.000000
0.019307
0.000000
0.000000
0.000000
0.000000
0.000000
0.000000
0.000000
0.000000
0.000000
1.125726
0.000000
0.000000
0.000000
0.017628
0.000000
0.000000
0.000000
0.000000
0.000000
0.000000
0.000000
0.000000
0.000000
0.000000
0.555771
0.000000
0.000000
0.000000
0.000000
0.000000
0.846830
0.000000
0.000000
0.000000
0.000000
0.059147
1.311481
0.000000
0.329163
0.000000
0.000000
0.000000
0.000000
0.000000
0.000000
0.000000
0.000000
0.000000
0.000000
0.000000
0.000000
0.000000
0.000000
0.718342
0.000000
0.000000
0.000000
0.000000
0.000000
1.749655
0.000000
0.000000
0.526375
0.000000
0.000000
0.000000
0.000000
0.000000
0.920117
0.000000
0.000000
1.055313
0.000000
0.000000
0.542922
0.000000
0.764119
0.000000
0.000000
0.000000
0.000000
0.000000
0.000000
0.000000
0.000000
0.000000
1.250269
0.000000
0.000000
1.039220
0.346850
0.273640
0.000000
0.422632
0.000000
0.702375
2.484392
0.000000
0.560891
0.000000
0.000000
0.000000
0.000000
0.000000
0.000000
0.000000
0.000000
0.000000
0.147894
0.000000
0.000000
0.000000
0.000000
0.000000
0.000000
0.000000
0.125620
1.153358
0.000000
0.000000
0.000000
0.422817
0.000000
0.000000
0.000000
0.000000
0.000000
0.000000
0.000000
0.000000
0.000000
0.410021
0.020544
0.000000
0.000000
0.438041
0.000000
0.000000
0.000000
0.000000
0.000000
0.000000
0.000000
0.000000
0.000000
0.000000
1.094807
0.000000
0.613180
0.000000
0.000000
1.412993
0.000000
0.000000
0.000000
1.880986
0.000000
0.000000
0.000000
0.000000
0.000000
0.000000
0.000000
0.000000
0.000000
0.000000
0.000000
2.472086
0.000000
0.000000
0.000000
0.000000
0.000000
0.000000
0.000000
0.000000
2.262691
0.000000
0.504088
0.000000
0.000000
0.000000
0.000000
0.000000
1.795894
1.439494
0.238247
1.028004
0.000000
0.000000
1.147166
0.000000
0.000000
0.000000
0.000000
0.000000
0.073176
0.031708
2.313086
0.000000
0.000000
0.000000
0.016181
0.129209
0.000000
0.000000
0.000000
0.018209
0.000000
0.000000
0.737279
3.667254
0.257267
0.000000
1.656997
0.000000
0.169148
0.000000
0.000000
0.000000
0.000000
0.000000
0.000000
0.000000
0.000000
0.000000
0.000000
0.102998
0.000000
0.000000
0.000000
0.000000
0.055152
0.000000
0.000000
0.000000
0.000000
0.000000
0.000000
0.000000
0.000000
0.549371
0.000000
0.879400
0.000000
0.000000
0.000000
0.142490
0.000000
0.000000
0.000000
0.000000
0.000000
0.532931
0.000000
0.000000
0.215452
0.000000
0.044294
0.000000
0.258566
0.169022
0.377756
0.000000
0.156269
1.481953
1.117135
1.208153
0.400809
0.000000
0.000000
0.000000
0.000000
0.000000
0.000000
2.480550
0.000000
0.736300
0.690363
0.000000
0.000000
0.000000
0.000000
0.000000
0.000000
0.000000
0.000000
0.789393
0.784672
0.523613
0.000000
0.000000
0.000000
0.000000
0.000000
0.000000
0.000000
0.000000
0.000000
0.000000
0.000000
0.950203
0.000000
0.000000
0.000000
0.000000
0.000000
0.000000
0.000000
0.496895
1.234009
0.000000
0.000000
0.000000
0.893019
0.737747
0.000000
0.000000
0.000000
0.000000
0.000000
0.132228
0.123215
0.000000
0.039136
0.003405
0.000000
0.000000
0.000000
0.000000
0.000000
0.000000
0.000000
0.000000
0.000000
0.000000
0.546666
0.234663
0.058355
0.000000
0.000000
0.000000
1.376651
0.288419
0.000000
0.000000
0.000000
0.000000
0.000000
0.133125
0.000000
0.000000
0.381479
0.000000
0.000000
0.000000
0.572394
0.000000
2.038674
0.000000
0.000000
0.017021
0.000000
0.000000
0.000000
0.000000
0.000000
0.000000
0.000000
0.000000
0.000000
0.000000
0.000000
0.000000
0.000000
0.000000
0.449015
0.000000
0.000000
0.292045
0.000000
0.201694
0.612152
0.000000
0.000000
0.000000
1.957425
0.000000
0.000000
0.000000
0.000000
0.000000
0.430300
0.000000
0.000000
0.284204
0.948508
0.745146
0.000000
0.000000
0.000000
0.000000
0.000000
0.000000
0.000000
0.000000
0.000000
0.000000
0.000000
0.000000
0.000000
0.000000
0.000000
0.000000
0.000000
0.147444
0.000000
0.000000
0.000000
0.735076
0.000000
2.413406
0.000000
0.000000
0.000000
0.000000
0.000000
0.000000
0.000000
0.000000
0.000000
0.000000
0.000000
0.021947
0.911569
0.499744
0.000000
0.000000
0.000000
0.000000
0.000000
0.000000
0.572335
0.192004
0.000000
0.020255
0.431489
0.000000
0.000000
0.000000
0.000000
0.000000
0.000000
0.000000
0.000000
0.000000
0.000000
0.000000
0.000000
1.725955
0.632594
2.007565
0.000000
0.000000
1.143932
0.000000
0.000000
0.000000
0.000000
0.971052
0.000000
0.000000
0.000000
0.000000
0.000000
0.000000
0.000000
0.281650
0.000000
1.658612
0.000000
0.000000
0.000000
0.000000
0.881635
0.000000
0.000000
0.000000
0.000000
0.000000
1.520983
0.762183
1.385032
0.000000
0.000000
0.000000
0.944226
0.000000
1.779142
0.378919
1.547423
0.000000
0.000000
0.000000
0.000000
0.000000
0.425144
0.000000
0.000000
0.000000
0.000000
0.000000
0.000000
0.000000
0.000000
0.000000
0.000000
0.000000
0.000000
0.000000
0.000000
0.000000
0.154818
1.146518
0.000000
0.000000
0.000000
0.000000
0.000000
0.122968
0.000000
0.000000
0.000000
0.000000
0.000000
0.000000
0.691537
0.000000
0.000000
0.000000
0.000000
0.000000
0.000000
0.000000
0.000000
0.000000
0.000000
0.000000
0.000000
0.000000
0.000000
0.000000
0.000000
0.939865
0.142446
0.000000
0.000000
0.000000
0.000000
0.000000
0.000000
0.954378
0.000000
1.370529
0.675085
0.000000
0.732128
0.000000
0.000000
0.087045
1.151501
0.194886
0.000000
0.000000
0.000000
0.000000
0.000000
0.000000
0.000000
0.000000
0.373049
0.000000
0.000000
0.000000
0.000000
0.530570
0.000000
0.423571
0.000000
0.000000
0.000000
0.000000
0.286014
0.509769
0.000000
0.000000
0.000000
0.105426
0.000000
0.000000
0.169359
0.000000
0.000000
0.000000
0.000000
0.000000
0.000000
0.000000
0.301448
0.000000
0.000000
0.000000
0.000000
0.000000
0.000000
0.000000
0.000000
0.000000
0.042834
0.000000
0.000000
1.570981
0.000000
0.000000
0.286431
0.000000
0.000000
1.152958
0.000000
0.000000
0.000000
1.755991
0.438829
0.000000
0.000000
0.000000
0.457676
0.000000
0.000000
2.272758
2.465909
0.000000
0.232153
0.000000
0.000000
0.543455
0.000000
0.000000
0.000000
0.000000
0.825165
0.000000
0.088595
0.000000
0.000000
0.000000
0.000000
0.000000
0.362712
0.000000
0.000000
0.000000
0.000000
0.000000
0.000000
0.000000
0.000000
0.762233
0.000000
0.000000
0.000000
0.983293
0.000000
0.000000
0.000000
0.000000
0.000000
0.000000
0.000000
0.000000
0.000000
0.000000
0.000000
0.000000
0.000000
0.000000
0.000000
0.031478
0.000000
0.806123
0.000000
0.000000
0.000000
0.559077
0.000000
1.685334
0.000000
0.358657
0.000000
0.000000
0.000000
0.000000
0.000000
0.165515
0.000000
0.000000
0.000000
0.000000
0.466899
0.000000
0.000000
0.000000
0.000000
0.000000
0.000000
0.000000
0.000000
0.114389
0.192434
0.000000
0.000000
0.122812
0.000000
0.000000
0.000000
0.000000
0.009927
0.000000
0.000000
0.000000
0.000000
0.980134
0.000000
0.224817
0.000000
0.000000
0.000000
0.000000
0.000000
0.000000
0.000000
0.000000
0.000000
0.000000
0.000000
2.672710
0.000000
0.000000
1.090034
0.384160
0.000000
0.879277
0.220332
0.000000
0.000000
0.000000
0.000000
0.000000
0.000000
0.313216
0.000000
0.000000
0.000000
0.000000
0.000000
0.000000
1.078269
0.000000
0.000000
0.000000
0.000000
0.885802
0.000000
0.000000
0.881779
0.091450
0.658551
0.000000
0.000000
0.000000
0.330243
0.000000
0.000000
0.000000
0.886204
0.072884
1.039299
0.086262
0.000000
0.547311
0.000000
0.000000
0.000000
0.090111
0.000000
0.771164
0.000000
1.613452
0.000000
0.000000
0.000000
0.505027
0.000000
0.200498
0.000000
0.000000
0.000000
0.000000
0.000000
0.000000
0.000000
0.000000
0.000000
1.034060
2.348976
0.752358
1.243504
0.000000
0.000000
0.469045
0.000000
0.000000
1.672851
0.000000
0.851507
0.000000
0.000000
0.490523
0.000000
0.000000
0.000000
0.000000
0.000000
0.000000
0.000000
0.000000
1.461455
1.445780
0.000000
0.000000
0.000000
0.000000
0.000000
0.042152
0.000000
0.000000
0.000000
0.000000
0.000000
1.416992
0.000000
0.000000
1.186268
0.000000
0.000000
0.000000
0.000000
0.000000
0.000000
0.376447
0.000000
0.145675
1.594117
0.000000
0.000000
0.000000
0.738835
0.587775
0.000000
0.799194
0.088674
1.064898
0.000000
0.208853
0.000000
0.302101
0.000000
0.388861
0.000000
0.000000
0.000000
0.000000
0.000000
0.000000
0.000000
0.000000
0.000000
1.607457
0.147514
0.000000
0.000000
0.175913
0.000000
0.047399
0.000000
0.000000
0.000000
0.000000
0.000000
0.504659
0.000000
0.832067
0.000000
0.298916
0.000000
0.000000
0.000000
0.000000
0.299064
0.000000
0.000000
0.999250
1.306443
0.000000
0.000000
0.000000
1.113116
0.000000
0.000000
0.000000
0.000000
0.000000
0.338897
0.000000
0.400079
0.284889
0.000000
0.000000
0.000000
0.000000
1.665456
0.045356
0.000000
0.381221
0.000000
0.293149
0.000000
0.000000
0.000000
0.154362
0.475761
0.000000
1.520009
0.000000
0.751771
0.000000
1.349877
0.000000
0.000000
0.000000
0.000000
0.505171
0.000000
0.000000
0.000000
0.000000
0.036854
0.000000
0.000000
0.000000
1.456016
0.000000
0.000000
0.000000
0.000000
0.000000
0.000000
1.076783
0.000000
0.144050
0.000000
0.000000
0.000000
0.000000
0.000000
0.833951
0.000000
0.000000
0.200693
0.000000
0.000000
0.000000
0.189139
0.000000
1.700701
0.000000
0.000000
0.000000
0.000000
0.000000
0.000000
0.000000
0.000000
0.000000
0.000000
0.000000
0.000000
0.000000
0.000000
0.000000
0.000000
0.745360
0.000000
0.054574
0.000000
0.000000
0.000000
0.000000
0.000000
0.000000
0.000000
0.000000
0.000000
0.000000
0.000000
0.000000
0.000000
0.000000
0.000000
0.000000
0.000000
0.396428
0.000000
0.000000
0.000000
0.000000
0.000000
0.000000
0.000000
0.000000
0.000000
0.000000
0.607850
0.000000
0.000000
0.944558
0.000000
0.000000
0.000000
0.000000
0.105959
0.000000
0.000000
1.320342
0.000000
1.110382
0.185845
0.000000
0.000000
0.000000
0.000000
0.000000
0.000000
0.000000
0.000000
0.012268
0.000000
0.588151
0.000000
0.000000
0.000000
0.000000
0.000000
0.000000
0.000000
0.000000
0.000000
0.457239
0.000000
0.000000
0.000000
0.000000
0.000000
0.000000
0.000000
0.000000
0.000000
0.852457
0.000000
1.753598
0.000000
0.000000
0.000000
0.000000
0.000000
0.000000
0.000000
0.000000
0.000000
0.000000
0.000000
0.000000
0.000000
0.000000
0.000000
0.000000
0.000000
0.000000
0.000000
1.271089
0.000000
0.000000
0.000000
0.000000
0.000000
0.000000
0.000000
0.622517
0.000000
0.000000
0.000000
0.000000
0.000000
0.000000
0.430499
0.000000
0.000000
0.000000
0.000000
0.000000
0.000000
0.000000
0.000000
0.000000
0.000000
1.081956
0.000000
0.000000
0.000000
0.000000
0.000000
0.467588
0.000000
0.390032
0.000000
0.494412
0.000000
0.000000
0.000000
0.000000
0.000000
0.365303
0.000000
1.985267
0.000000
0.000000
0.000000
0.000000
0.000000
0.000000
0.000000
1.027062
0.000000
1.894937
0.000000
0.000000
0.000000
0.000000
0.000000
0.000000
0.000000
0.769107
0.205053
0.085141
0.000000
0.000000
0.000000
0.000000
0.000000
0.000000
0.863334
0.000000
0.001682
0.000000
0.000000
0.408245
0.019381
0.000000
0.922899
0.000000
0.000000
0.000000
0.000000
0.271079
0.000000
0.000000
0.000000
0.000000
0.000000
0.000000
0.000000
0.000000
1.459221
0.000000
0.000000
0.000000
0.000000
0.000000
0.000000
0.134127
0.260820
1.677586
0.000000
0.000000
0.000000
0.000000
0.000000
0.000000
0.000000
0.000000
0.000000
0.000000
0.218728
0.000000
0.000000
2.115562
0.000000
1.925939
0.000000
0.724787
0.000000
0.468832
0.291943
0.000000
0.266181
0.000000
0.000000
0.000000
0.000000
1.354779
0.000000
1.132538
1.361022
1.867102
0.417955
0.000000
0.000000
0.000000
0.158885
0.000000
0.000000
0.000000
0.000000
0.000000
0.000000
0.325637
0.000000
0.000000
0.140537
0.000000
0.538054
0.000000
1.314706
0.227314
0.000000
0.304893
0.000000
0.000000
0.000000
0.000000
0.000000
0.000000
0.000000
0.297159
0.000000
0.000000
0.000000
0.000000
0.000000
0.000000
0.131046
0.000000
0.917902
0.000000
0.385573
0.000000
0.000000
0.000000
0.000000
2.764226
0.000000
0.000000
0.000000
0.000000
0.000000
0.000000
0.000000
0.000000
0.000000
0.000000
0.468843
0.000000
0.000000
0.000000
0.000000
0.709222
0.000000
0.000000
0.356344
2.173519
0.000000
0.000000
0.000000
0.000000
0.000000
0.000000
0.089359
0.000000
0.000000
0.000000
0.000000
0.000000
0.000000
0.094348
0.000000
0.000000
0.000000
2.138306
0.000000
0.000000
0.000000
0.000000
0.000000
0.000000
0.000000
0.000000
1.065415
0.000000
0.000000
0.000000
0.226470
0.000000
0.000000
0.000000
0.000000
0.000000
0.000000
0.000000
3.219788
0.000000
0.000000
0.000000
0.000000
0.000000
0.271761
0.772214
0.146255
0.000000
0.000000
0.310126
0.000000
0.000000
0.000000
0.000000
0.000000
0.000000
0.000000
0.000000
0.000000
0.243026
0.442153
0.000000
0.000000
0.000000
0.000000
0.000000
2.472121
0.000000
1.048881
1.273675
0.000000
0.000000
0.230254
0.135244
0.000000
3.445247
0.000000
1.412173
0.000000
0.000000
0.000000
1.920200
0.226582
0.941960
0.000000
0.379965
0.000000
0.000000
0.000000
1.526669
0.000000
0.000000
0.000000
0.496460
0.000000
0.000000
0.000000
0.000000
0.000000
0.675223
0.000000
1.218272
0.516452
0.362990
0.000000
0.000000
0.000000
0.000000
0.000000
0.000000
0.000000
0.515037
0.000000
1.428616
0.518007
0.000000
0.000000
0.000000
0.132089
3.044381
0.000000
0.000000
0.000000
0.000000
0.000000
0.000000
0.300465
0.000000
0.000000
1.264129
0.099463
0.000000
0.385513
0.000000
0.000000
0.000000
0.000000
0.000000
0.000000
0.237059
0.000000
0.000000
0.000000
0.000000
0.178688
0.000000
0.000000
0.000000
0.000000
2.479217
0.000000
0.000000
0.000000
0.216072
0.000000
0.000000
0.037985
0.000000
0.000000
0.000000
1.036738
0.000000
0.000000
0.000000
0.000000
0.000000
1.604443
0.000000
0.000000
0.688751
1.886865
1.405816
0.730994
0.682781
1.203012
0.000000
0.000000
0.000000
0.000000
0.000000
0.000000
1.521109
0.000000
0.984873
0.000000
0.000000
0.000000
0.252943
0.000000
0.000000
0.000000
0.000000
0.065623
0.000000
0.000000
0.000000
0.000000
0.000000
0.439424
1.409264
0.000000
0.320577
1.129988
0.000000
0.748424
0.000000
0.000000
0.223560
2.066925
0.000000
0.000000
0.000000
0.529031
0.000000
0.000000
0.000000
0.305493
0.000000
0.113006
1.209627
0.000000
0.000000
0.000000
0.000000
0.000000
0.000000
0.000000
0.000000
0.000000
0.000000
0.000000
0.000000
0.054076
0.000000
0.000000
0.000000
0.000000
0.000000
0.000000
0.000000
0.000000
0.499738
0.269672
0.928228
0.000000
0.161457
0.000000
0.000000
0.476952
0.000000
0.319219
1.215540
0.000000
1.153141
0.000000
0.000000
0.000000
0.000000
0.000000
0.000000
0.000000
0.000000
0.000000
0.000000
0.000000
0.927176
0.000000
0.000000
0.000000
0.904645
0.000000
0.000000
0.000000
0.000000
0.000000
0.000000
0.000000
0.408310
0.000000
0.000000
0.842860
1.567898
0.000000
0.000000
0.000000
0.000000
0.000000
0.000000
0.000000
0.000000
0.370792
0.915588
0.009100
0.000000
0.000000
0.000000
0.575928
0.000000
0.000000
0.000000
0.846734
0.000000
0.000000
0.000000
0.000000
0.019474
0.000000
0.000000
0.000000
0.000000
0.000000
0.000000
0.000000
0.000000
1.476918
0.000000
0.000000
0.000000
0.106311
0.000000
0.000000
0.000000
0.000000
0.171659
0.000000
0.141489
0.000000
0.090866
0.040459
0.000000
0.000000
0.000000
0.375857
0.000000
0.000000
0.000000
0.000000
0.000000
0.000000
0.000000
0.869056
0.000000
0.000000
0.000000
0.000000
0.000000
0.260031
0.000000
0.000000
0.000000
0.000000
0.000000
0.000000
2.182267
0.000000
0.158721
0.000000
0.000000
0.000000
0.318539
0.000000
0.000000
0.000000
0.000000
0.000000
0.000000
0.374117
0.000000
0.000000
0.000000
0.000000
0.000000
0.766426
0.000000
0.617959
1.316128
0.000000
0.000000
0.061945
0.000000
0.000000
0.000000
0.000000
0.000000
0.960510
0.016771
0.000000
0.000000
0.000000
0.000000
0.562483
0.000000
0.000000
0.000000
0.000000
0.000000
0.000000
0.000000
0.000000
0.000000
0.000000
0.000000
0.000000
0.260711
0.000000
0.127962
0.000000
0.000000
0.000000
0.000000
0.000000
0.397276
0.000000
0.000000
0.000000
2.281121
0.000000
0.000000
0.000000
0.000000
0.679326
0.423163
0.000000
0.000000
0.000000
0.000000
1.262385
0.190159
0.000000
0.000000
0.204912
0.521170
0.000000
0.110963
0.000000
0.000000
0.000000
0.000000
0.000000
0.000000
0.000000
0.000000
0.000000
0.974585
0.177388
0.000000
0.000000
0.000000
0.000000
0.000000
0.000000
1.461016
0.000000
