0.000000
0.817514
0.000000
0.000000
0.751959
0.000000
0.283902
0.000000
0.000000
0.000000
0.202853
0.000000
0.000000
0.000000
0.000000
0.000000
0.000000
0.000000
0.000000
0.000000
0.080623
0.000000
0.011794
0.205900
0.000000
2.080061
0.333980
0.948934
2.325751
0.000000
0.000000
0.524945
0.000000
0.000000
0.000000
2.136590
0.000000
0.146785
0.000000
0.000000
0.034031
0.000000
0.000000
0.000000
0.000000
0.513045
0.000000
0.000000
0.000000
0.000000
0.000000
0.000000
0.000000
0.000000
0.000000
0.000000
0.000000
0.874417
0.000000
0.000000
0.935402
0.000000
0.000000
0.000000
0.000000
2.206396
0.000000
0.000000
0.000000
1.598861
0.000000
0.000000
0.000000
0.000000
0.172555
0.000000
0.000000
0.777755
0.000000
0.000000
0.000000
0.000000
0.000000
0.000000
1.731769
0.000000
0.000000
0.000000
0.000000
0.000000
0.411069
0.000000
0.000000
0.247154
0.000000
0.000000
0.000000
0.000000
0.000000
0.803849
0.000000
0.047277
0.000000
0.000000
0.000000
0.000000
0.089286
0.000000
0.276902
0.000000
0.449167
0.577512
0.000000
0.000000
0.000000
1.255044
0.336822
0.000000
0.000000
0.000000
0.000000
0.000000
0.000000
0.357776
0.000000
0.000000
0.852174
0.000000
0.000000
3.080269
0.804779
3.160343
0.000000
0.000000
0.000000
0.000000
0.000000
0.000000
0.000000
0.103532
0.000000
0.000000
0.000000
0.240052
0.211935
0.000000
0.000000
0.000000
1.289809
0.000000
0.000000
0.000000
0.000000
0.000000
0.000000
0.687191
0.000000
0.038454
0.294823
0.000000
1.007386
0.000000
0.000000
0.000000
0.000000
0.844399
0.644457
0.000000
0.000000
0.000000
1.477699
0.111001
0.000000
0.357892
0.243312
0.557584
0.000000
0.000000
0.000000
0.353428
0.000000
0.000000
0.000000
0.837883
0.000000
0.000000
0.000000
0.937698
0.380474
0.000000
0.000000
0.000000
0.000000
0.000000
0.000000
0.000000
0.000000
0.000000
0.000000
0.000000
0.000000
0.000000
1.017891
0.000000
0.000000
0.000000
1.326481
0.407626
0.000000
0.000000
0.000000
0.000000
0.378417
0.000000
0.000000
0.000000
0.000000
0.000000
0.431098
0.190109
0.841811
0.315694
0.000000
0.435588
0.000000
0.182555
0.000000
0.000000
1.007832
2.654361
0.000000
0.000000
0.000000
0.000000
0.000000
0.000000
0.000000
0.000000
0.000000
0.000000
0.000000
1.250617
0.000000
0.000000
0.016562
0.371159
0.000000
0.000000
0.000000
0.000000
0.000000
0.000000
0.000000
0.000000
0.261017
0.211243
0.925187
0.039490
0.000000
0.082460
2.012037
0.000000
0.000000
0.000000
0.000000
0.000000
0.000000
1.940593
0.000000
0.942230
0.000000
0.000000
0.591289
0.000000
0.000000
0.253434
0.137970
0.382205
0.742748
0.000000
0.000000
0.736076
0.000000
1.419083
0.000000
0.000000
0.000000
0.000000
0.000000
0.000000
0.000000
0.006816
0.566226
0.000000
0.000000
1.545176
0.000000
0.587313
0.000000
0.172284
0.000000
0.000000
0.000000
0.000000
0.000000
0.903741
0.000000
0.000000
0.000000
0.000000
0.000000
1.442415
1.547350
1.166042
0.000000
0.204601
0.000000
0.000000
0.000000
0.000000
0.000000
0.000000
0.000000
0.000000
0.000000
0.000000
0.000000
0.000000
0.000000
0.000000
0.000000
0.000000
0.000000
0.000000
0.633616
0.000000
0.000000
0.000000
0.000000
2.218126
0.165531
0.000000
0.000000
0.000000
0.000000
0.000000
0.000000
0.000000
0.000000
0.000000
0.000000
0.000000
0.426512
0.000000
0.000000
0.000000
0.000000
0.000000
0.000000
0.000000
1.411622
0.000000
0.097364
0.000000
1.196001
0.099853
0.630988
0.000000
0.000000
0.000000
0.000000
0.000000
0.000000
0.000000
0.000000
0.077685
0.513154
0.000000
0.000000
0.660210
0.000000
0.000000
0.000000
0.000000
0.000000
0.000000
0.000000
0.741137
0.000000
0.604412
0.000000
0.000000
1.027002
0.000000
0.000000
0.000000
0.000000
0.000000
0.000000
0.000000
0.000000
0.680403
0.000000
0.000000
0.000000
0.366659
0.000000
0.000000
0.000000
0.000000
0.000000
0.000000
0.000000
0.000000
0.000000
0.000000
0.000000
0.342017
0.636370
0.000000
0.000000
0.509740
0.000000
0.264378
1.925490
0.000000
0.551180
0.000000
0.000000
0.000000
0.000000
0.000000
1.166428
0.000000
0.000000
0.000000
0.150111
0.000000
0.219689
0.000000
0.000000
0.039516
0.632898
0.000000
0.000000
0.260165
0.000000
0.000000
0.000000
2.765487
0.000000
0.000000
0.000000
0.000000
0.000000
0.842965
0.000000
0.000000
0.000000
0.000000
0.000000
0.000000
0.000000
0.000000
0.000000
0.000000
0.000000
0.000000
0.000000
0.000000
0.000000
1.464993
0.000000
0.000000
0.000000
0.172711
0.000000
0.252509
0.000000
0.000000
0.000000
0.000000
0.000000
0.000000
0.000000
0.000000
2.381552
0.000000
0.000000
0.376545
1.063473
0.000000
0.000000
0.000000
0.000000
0.000000
0.000000
0.000000
0.478799
0.000000
1.051075
0.000000
0.203737
0.000000
0.000000
0.000000
0.110850
0.000000
0.000000
0.000000
0.000000
1.795685
0.034761
0.000000
0.000000
0.000000
0.000000
0.000000
0.000000
0.197610
0.000000
0.000000
0.000000
0.167671
0.132846
0.000000
0.000000
0.917047
0.000000
0.000000
1.744818
0.000000
0.751117
0.000000
0.093894
0.224419
0.000000
2.640949
0.000000
0.000000
0.000000
0.000000
0.148797
0.000000
0.000000
0.000000
0.000000
0.000000
0.000000
3.276601
0.000000
0.000000
0.000000
0.000000
0.000000
1.277017
0.000000
0.000000
0.000000
0.006201
0.000000
0.000000
0.000000
0.000000
0.000000
0.000000
0.000000
0.000000
0.000000
1.094439
0.000000
0.000000
0.000000
0.423196
0.818926
0.994150
0.000000
1.579730
0.000000
0.000000
0.000000
0.000000
0.000000
0.000000
0.000000
0.000000
0.000000
0.000000
0.560316
0.000000
0.000000
0.000000
0.000000
0.000000
0.272641
0.610820
0.000000
1.627253
0.000000
0.000000
0.000000
0.000000
0.000000
0.000000
0.000000
0.000000
0.000000
1.086172
0.000000
0.000000
0.000000
0.000000
0.000000
0.106826
0.000000
0.000000
0.000000
0.000000
0.000000
0.000000
0.000000
0.000000
0.284614
0.000000
0.000000
0.190425
0.000000
0.000000
0.386893
0.000000
0.000000
0.189454
1.190882
0.300645
0.000000
0.000000
1.964985
0.000000
0.907169
0.000000
0.000000
0.000000
0.000000
0.000000
0.000000
0.000000
0.000000
0.908075
0.000000
0.000000
0.000000
1.579952
0.000000
0.000000
0.000000
0.000000
0.000000
0.650467
0.000000
0.000000
0.000000
0.000000
0.443684
0.000000
0.000000
0.000000
0.000000
0.120683
0.408372
0.000000
0.000000
0.000000
0.000000
0.000000
0.000000
0.000000
0.000000
0.913372
0.000000
0.000000
1.244262
1.231355
0.000000
0.000000
0.348350
0.000000
0.000000
0.000000
0.000000
0.000000
0.000000
0.000000
0.000000
0.842227
3.676228
0.000000
0.154401
0.000000
0.000000
0.000000
1.293940
0.000000
0.000000
0.000000
1.168333
0.000000
0.000000
0.254625
0.000000
0.060181
0.000000
0.000000
0.000000
0.000000
0.000000
0.223369
0.000000
0.000000
0.000000
0.200137
0.000000
1.083135
1.122411
0.128018
0.000000
0.000000
0.791999
0.524306
0.000000
0.000000
0.000000
1.320760
0.000000
0.000000
0.000000
0.000000
0.000000
0.542581
0.000000
0.000000
0.000000
0.000000
0.000000
0.839833
1.281901
0.128523
1.881041
0.000000
0.000000
0.531129
0.000000
0.000000
0.000000
1.481012
0.000000
0.000000
0.000000
0.236461
1.081083
0.000000
0.503489
1.176171
0.000000
0.000000
0.566280
0.000000
0.007968
0.000000
0.000000
0.147656
0.000000
1.416465
0.000000
1.444015
0.708245
0.000000
1.715720
0.000000
0.669714
0.000000
0.000000
0.000000
0.000000
0.000000
1.782128
0.000000
0.000000
0.000000
0.041274
0.000000
0.000000
0.000000
0.000000
0.000000
0.542616
0.000000
0.785958
0.000000
0.229769
1.463778
0.000000
0.640399
0.000000
0.000000
0.000000
0.000000
0.000000
0.000000
0.000000
0.000000
0.840749
0.000000
0.000000
0.000000
0.000000
0.000000
0.000000
0.000000
0.669896
0.000000
0.000000
0.000000
0.000000
0.000000
0.000000
0.000000
0.000000
0.000000
0.306903
0.470395
0.000000
0.000000
0.000000
0.000000
0.000000
1.477989
0.000000
0.000000
0.114467
0.000000
0.000000
0.000000
0.000000
0.000000
1.034185
0.103850
0.832927
3.600487
1.376298
0.000000
0.867083
0.729305
0.366000
0.000000
1.035640
0.000000
0.000000
0.000000
0.078190
0.000000
0.000000
0.000000
0.433945
0.000000
0.000000
0.000000
1.001578
0.003694
0.000000
0.000000
1.373785
0.251412
0.318842
0.000000
0.243430
0.000000
0.000000
0.000000
0.000000
0.000000
0.000000
0.000000
0.769986
0.459278
0.000000
0.000000
0.000000
0.296459
0.000000
0.425712
0.000000
0.000000
0.000000
0.000000
0.000000
1.610443
0.398305
0.000000
0.000000
0.000000
0.000000
0.000000
0.515118
0.000000
0.000000
0.000000
0.900329
0.000000
0.000000
0.342048
0.000000
0.000000
0.000000
0.000000
0.729353
0.109078
0.000000
0.000000
0.000000
0.000000
0.000000
0.000000
0.000000
0.000000
0.716691
0.000000
0.000000
0.000000
0.000000
0.903951
0.852455
0.000000
0.000000
0.000000
0.000000
0.000000
0.411119
0.120617
0.954158
0.160581
0.000000
1.401169
0.000000
0.186397
0.000000
0.000000
0.000000
0.000000
0.000000
0.054336
0.000000
0.000000
0.444692
0.773053
0.000000
0.000000
0.000000
0.000000
1.505291
0.000000
0.000000
0.412280
0.000000
0.000000
0.000000
0.000000
0.000000
0.000000
0.229605
0.738977
0.536094
0.000000
0.397684
0.000000
0.000000
0.000000
0.000000
0.000000
0.000000
0.000000
0.000000
0.000000
0.000000
0.000000
0.000000
0.000000
0.000000
0.000000
0.000000
0.000000
0.000000
0.000000
0.000000
1.144146
0.000000
0.153979
0.000000
0.000000
0.000000
0.000000
0.000000
0.000000
0.000000
0.000000
0.000000
0.000000
1.852404
0.000000
0.000000
0.000000
0.920474
0.000000
0.000000
0.000000
0.369651
0.000000
0.000000
0.000000
0.000000
0.000000
0.699981
0.000000
0.000000
0.206634
0.000000
0.000000
0.000000
0.000000
0.000000
0.000000
0.000000
0.000000
0.000000
0.000000
0.971581
0.000000
0.376964
0.000000
0.000000
0.000000
0.000000
0.000000
0.000000
0.000000
0.000000
0.000000
0.000000
0.000000
0.000000
0.000000
0.000000
0.737311
0.000000
0.000000
0.000000
1.705680
0.000000
0.000000
0.000000
0.000000
0.425482
0.000000
0.000000
0.000000
0.000000
0.594401
0.000000
0.000000
0.000000
0.000000
0.000000
0.000000
0.000000
0.311036
0.000000
0.000000
1.361898
0.000000
0.000000
0.000000
0.000000
0.000000
0.000000
0.318566
0.000000
0.424090
0.000000
0.000000
0.035763
1.130377
0.905261
0.000000
0.000000
0.000000
0.000000
2.302525
0.000000
0.186154
0.000000
0.000000
0.000000
0.000000
1.210456
0.034377
0.000000
1.241726
1.300664
0.000000
0.000000
0.000000
0.000000
0.000000
0.029570
0.359071
0.000000
0.000000
0.422600
0.390150
0.000000
0.000000
0.000000
0.000000
0.000000
0.000000
0.000000
0.000000
0.000000
0.962104
0.000000
0.000000
0.000000
0.000000
0.000000
0.000000
0.000000
0.000000
1.461712
0.000000
1.791246
0.000000
0.000000
0.000000
1.138597
0.000000
0.000000
0.000000
0.000000
0.000000
0.000000
0.000000
0.000000
0.380735
0.000000
1.070801
0.000000
0.000000
0.447768
0.000000
0.000000
0.000000
0.000000
1.662954
0.000000
0.177454
0.000000
0.000000
2.800650
0.143645
0.000000
0.351797
1.274383
0.000000
0.980589
0.309472
0.145793
0.000000
0.000000
1.075266
0.000000
1.039830
0.000000
0.000000
0.000000
0.000000
0.882631
0.000000
0.000000
0.000000
0.000000
0.000000
0.539149
0.000000
0.515846
0.000000
0.000000
0.530240
0.000000
0.000000
1.861099
0.000000
0.000000
0.000000
0.000000
2.299065
0.000000
1.609745
0.000000
0.156940
0.000000
0.687842
0.000000
0.000000
0.000000
1.876888
0.000000
0.658619
0.000000
0.000000
0.000000
0.000000
0.000000
0.000000
0.660715
1.235979
0.841524
0.000000
0.000000
0.000000
0.000000
0.000000
0.000000
0.000000
0.000000
0.000000
0.000000
0.333616
1.009011
0.000000
0.000000
0.603216
0.439059
0.575810
0.000000
0.000000
0.678341
0.000000
0.000000
0.000000
0.000000
0.040828
0.000000
0.000000
0.000000
1.650069
0.735999
0.000000
0.000000
0.000000
0.424911
0.000000
0.000000
0.000000
0.000000
0.000000
0.000000
0.000000
0.000000
1.036585
0.000000
0.000000
0.000000
0.000000
0.685118
0.777102
0.000000
0.239332
0.811582
0.743677
0.000000
1.628225
0.742700
0.000000
0.000000
0.000000
0.000000
0.400043
0.000000
0.000000
0.101139
0.000000
0.000000
0.698094
1.364619
0.000000
0.000000
0.000000
0.000000
0.000000
0.000000
0.000000
0.574951
0.268122
0.368956
0.000000
0.000000
0.000000
0.000000
0.000000
0.000000
0.000000
0.000000
0.000000
0.762844
1.719682
0.054996
0.000000
0.000000
0.000000
1.285557
1.162453
0.000000
0.000000
0.000000
0.000000
0.000000
0.000000
0.000000
1.071041
0.000000
0.000000
0.000000
0.000000
0.000000
0.000000
0.000000
0.000000
0.195686
0.000000
1.390513
0.000000
0.000000
0.000000
0.000000
0.882003
0.000000
0.000000
1.031248
0.000000
0.348829
0.000000
0.000000
2.539083
0.000000
1.241187
0.000000
0.000000
0.000000
0.191192
0.000000
1.160825
0.000000
0.000000
0.000000
0.000000
0.000000
0.000000
0.000000
0.000000
0.000000
0.226699
0.000000
0.026374
0.000000
0.000000
0.315557
0.000000
0.000000
0.000000
0.400316
0.000000
0.000000
0.000000
0.000000
0.599162
0.000000
0.000000
0.000000
0.275683
0.000000
0.000000
0.391033
0.000000
0.255739
0.000000
0.042156
0.607586
0.798972
0.814292
0.000000
0.000000
0.000000
0.000000
0.000000
0.000000
0.000000
0.000000
0.000000
0.247262
0.000000
0.000000
3.223483
0.000000
0.297840
0.000000
0.000000
0.000000
0.000000
0.000000
0.053925
0.508808
0.224083
0.586802
0.672604
1.618154
0.467207
0.000000
0.000000
0.000000
0.000000
0.000000
0.000000
0.000000
0.000000
0.000000
0.000000
1.396716
0.000000
0.000000
0.721907
0.287540
0.000000
0.000000
0.000000
0.000000
0.000000
1.006230
0.000000
0.000000
0.000000
0.000000
0.000000
0.000000
0.754633
0.000000
0.000000
0.000000
0.000000
0.000000
0.000000
1.434365
0.000000
0.000000
0.000000
0.000000
0.000000
0.000000
0.000000
0.000000
0.000000
0.000000
0.000000
0.000000
0.000000
0.000000
0.000000
1.549164
0.000000
0.000000
0.000000
0.000000
0.000000
0.830094
0.585998
0.000000
0.000000
0.460798
0.567664
2.080255
0.427303
0.000000
0.000000
0.000000
0.000000
0.000000
1.317954
0.000000
0.050904
2.087326
0.000000
0.190505
0.000000
0.000000
0.000000
0.656987
0.614621
0.000000
0.000000
0.000000
0.000000
0.000000
0.000000
0.508628
0.000000
0.000000
0.615368
0.000000
0.000000
1.249105
0.000000
1.093757
0.000000
1.178815
0.261288
0.000000
0.000000
0.000000
1.333970
0.000000
0.000000
0.000000
1.636510
0.000000
1.023560
0.419487
0.653017
0.000000
0.000000
0.000000
0.000000
0.000000
0.000000
0.407359
0.452343
0.762027
0.000000
0.000000
0.000000
0.000000
0.000000
0.654696
0.000000
0.948422
0.000000
0.000000
0.484882
0.000000
0.000000
0.000000
1.132073
0.000000
0.000000
0.802638
0.000000
0.882099
0.000000
0.000000
0.000000
0.000000
0.000000
0.419499
0.413592
0.523655
0.000000
0.710967
0.000000
0.157412
0.768248
0.000000
0.000000
0.912837
0.065351
0.000000
0.000000
0.000000
0.000000
0.000000
0.000000
0.000000
0.619464
0.000000
0.000000
3.398449
1.028700
0.000000
0.000000
0.000000
0.000000
1.811323
0.000000
0.000000
0.000000
0.114182
0.000000
0.489685
0.000000
0.547912
1.550711
0.000000
1.917701
0.325168
0.000000
0.734903
0.000000
0.000000
0.307621
0.000000
0.000000
0.000000
0.000000
0.000000
0.000000
0.448565
0.576710
0.000000
0.072290
0.000000
0.000000
0.000000
0.000000
0.055915
0.000000
0.000000
0.000000
0.000000
0.000000
0.000000
0.000000
0.000000
0.000000
0.155764
0.000000
0.000000
0.167544
0.000000
0.000000
0.000000
0.632536
0.000000
0.000000
0.000000
0.000000
0.000000
0.000000
0.000000
0.000000
0.000000
0.000000
0.319647
0.000000
0.438476
0.000000
0.000000
0.000000
1.750939
0.000000
0.747179
0.000000
0.000000
0.000000
0.706358
0.988393
0.273068
0.000000
0.000000
0.000000
0.000000
0.000000
0.000000
0.000000
0.000000
0.000000
0.838115
0.000000
1.462403
0.000000
0.772969
0.000000
1.077425
0.000000
0.000000
0.000000
0.000000
0.000000
0.311136
0.000000
2.020249
0.000000
0.187855
0.055638
0.000000
0.000000
0.000000
0.562535
0.000000
0.000000
0.000000
0.000000
0.000000
0.000000
1.189367
0.000000
0.064297
0.000000
0.000000
0.000000
0.000000
0.502002
0.373849
0.393459
0.000000
0.000000
0.000000
0.590168
0.000000
0.000000
0.000000
0.000000
0.142391
0.000000
0.000000
0.000000
0.000000
0.000000
0.000000
0.000000
0.000000
0.162595
0.000000
0.462566
0.000000
0.000000
0.000000
1.014867
0.000000
0.000000
0.000000
0.000000
1.236105
0.000000
0.000000
0.000000
0.071146
0.000000
0.000000
0.000000
0.000000
0.000000
0.000000
0.733298
0.000000
0.000000
0.000000
0.000000
0.000000
0.000000
0.000000
0.000000
0.000000
0.000000
0.000000
0.026315
0.000000
0.000000
0.103030
0.000000
0.680819
0.000000
0.000000
0.000000
0.000000
0.000000
0.000000
0.000000
1.505254
0.000000
0.000000
0.000000
0.000000
0.000000
0.428599
0.000000
0.040231
0.000000
0.000000
0.000000
1.480828
0.000000
0.000000
0.000000
0.000000
0.211232
0.000000
0.000000
0.161039
0.000000
2.351076
0.000000
0.000000
0.000000
0.000000
0.000000
0.000000
0.000000
2.043420
0.000000
0.000000
0.385647
0.000000
0.000000
0.000000
0.304206
1.413234
1.478472
0.000000
0.098562
1.243234
1.561193
0.000000
0.453314
1.182845
1.458888
0.000000
0.000000
0.000000
1.322347
0.000000
1.183482
0.287650
1.970188
0.000000
0.000000
0.000000
0.000000
0.000000
0.000000
0.017889
0.000000
0.000000
0.251053
0.000000
0.000000
1.000751
0.000000
0.000000
0.557148
0.000000
0.000000
0.342424
0.000000
0.131683
0.000000
0.000000
0.000000
0.000000
0.000000
0.000000
0.000000
0.051240
0.000000
0.000000
0.000000
0.000000
0.000000
0.000000
0.000000
0.000000
0.000000
0.000000
0.000000
0.970329
0.000000
0.000000
0.000000
0.911270
0.000000
0.143635
0.450171
0.000000
0.000000
0.000000
0.000000
0.000000
0.000000
0.000000
0.000000
1.065186
0.987356
0.000000
0.000000
0.955978
0.000000
0.000000
0.126260
1.246236
0.000000
0.953687
0.762351
0.000000
0.000000
0.000000
0.000000
0.000000
0.000000
0.000000
0.115324
0.146804
0.000000
0.320603
0.073446
0.000000
0.000000
0.000000
1.097780
0.000000
0.000000
0.000000
0.000000
0.475131
0.203278
0.000000
0.000000
0.009831
0.000000
0.000000
0.000000
0.000000
0.000000
0.000000
1.295185
0.000000
0.767375
0.000000
0.000000
0.373013
0.000000
0.000000
0.000000
0.000000
0.000000
0.000000
0.000000
0.000000
1.724181
0.000000
0.014310
0.000000
0.000000
0.473301
0.000000
0.000000
2.385667
0.000000
0.000000
0.000000
0.022937
0.000000
0.000000
0.000000
0.000000
0.000000
1.418038
1.286304
0.000000
1.348428
0.000000
0.000000
0.245565
0.000000
0.000000
0.000000
1.215215
0.000000
0.000000
0.000000
0.000000
0.000000
0.000000
0.000000
0.000000
0.190973
1.516003
0.000000
0.633214
0.000000
0.326924
0.000000
0.000000
0.000000
0.000000
0.000000
0.000000
0.000000
0.000000
0.000000
0.000000
0.000000
0.000000
0.424303
0.417463
0.000000
0.146846
0.000000
0.000000
0.000000
0.000000
0.000000
0.000000
1.099228
2.053698
0.306058
0.000000
1.003370
0.102297
0.878857
0.000000
0.000000
0.000000
0.000000
0.000000
0.000000
0.000000
0.000000
0.000000
0.000000
0.000000
0.000000
1.448047
0.000000
0.000000
0.000000
0.439224
0.651140
0.000000
0.000000
0.000000
0.000000
0.000000
0.000000
2.273030
0.000000
0.773029
0.737165
1.013712
1.847171
0.000000
0.000000
1.516324
0.000000
0.000000
0.000000
0.000000
0.000000
1.080323
0.959190
0.000000
1.250692
0.483784
0.000000
0.000000
0.000000
0.000000
0.000000
0.000000
0.000000
0.000000
0.000000
0.000000
0.608068
0.000000
0.000000
0.000000
0.239065
0.000000
1.472400
0.000000
0.136861
0.000000
0.000000
0.000000
0.000000
0.000000
0.349825
0.000000
0.145718
0.000000
0.000000
0.366691
1.083150
0.000000
0.000000
0.000000
0.000000
0.000000
0.000000
0.000000
1.691072
1.647631
0.000000
0.666113
0.000000
0.394217
0.201374
0.000000
0.000000
0.000000
0.778046
0.000000
0.000000
0.881626
1.530698
0.000000
0.000000
0.490202
1.012527
0.000000
0.000000
0.028646
0.000000
0.000000
0.000000
0.000000
0.000000
1.134184
0.000000
0.512483
0.000000
0.000000
0.000000
1.512399
1.123793
0.470184
0.000000
1.723496
0.000000
0.000000
0.000000
0.000000
0.000000
0.000000
0.518447
0.000000
0.000000
0.000000
0.000000
0.436220
0.000000
0.000000
0.114257
0.000000
0.000000
0.972289
0.319302
0.000000
0.000000
0.000000
0.000000
0.154881
0.000000
0.000000
0.000000
0.000000
0.000000
0.000000
0.000000
0.035609
1.300799
0.000000
1.168535
0.000000
0.000000
0.000000
0.000000
0.000000
0.000000
0.000000
0.000000
1.625924
0.000000
0.000000
0.000000
0.000000
0.000000
0.000000
0.000000
0.000000
0.000000
0.805363
0.000000
0.159908
0.000000
0.040386
0.000000
0.059826
0.000000
0.000000
0.577865
0.000000
0.000000
0.384795
0.000000
0.000000
0.000000
0.000000
0.000000
0.361895
0.000000
1.173739
0.000000
0.000000
1.821829
0.000000
0.000000
0.000000
0.000000
0.000000
0.000000
0.000000
0.000000
0.000000
0.000000
0.690154
0.000000
0.000000
0.000000
0.000000
0.281931
0.000000
0.075184
0.383929
0.357667
0.003850
0.000000
0.320101
0.000000
0.000000
0.000000
0.159334
0.000000
0.000000
0.000000
0.036350
0.000000
1.699122
0.000000
0.000000
0.000000
0.930668
0.000000
0.138182
0.000000
0.000000
0.117007
0.194834
0.000000
0.000000
0.000000
0.000000
0.275445
0.000000
3.020014
0.619965
0.000000
1.888695
0.000000
0.000000
0.000000
1.771241
0.000000
1.860920
0.000000
1.272645
0.000000
0.000000
0.000000
0.000000
2.099614
0.546744
0.000000
0.000000
0.000000
0.000000
0.000000
0.000000
0.000000
0.000000
0.697229
0.684360
0.000000
0.000000
0.000000
0.000000
0.615411
0.000000
0.000000
0.000000
0.000000
0.000000
0.265621
3.178572
0.000000
0.000000
1.868547
0.117002
0.217234
0.000000
0.000000
0.000000
0.125475
0.000000
1.515234
0.672451
0.000000
0.000000
0.000000
0.000000
0.000000
0.000000
0.000000
0.043162
0.000000
0.000000
0.000000
0.000000
0.000000
0.000000
0.000000
0.556241
0.000000
0.000000
0.000000
0.195958
0.000000
0.000000
0.000000
0.000000
0.000000
0.000000
0.414896
0.000000
0.000000
0.000000
0.156199
0.201231
0.000000
0.000000
1.290348
0.000000
1.528083
0.000000
0.000000
0.000000
0.000000
0.000000
0.000000
0.271202
0.000000
0.000000
0.000000
0.269972
0.000000
0.000000
0.000000
0.790641
0.959684
0.030391
0.000000
0.000000
0.203785
0.996798
0.000000
0.000000
0.281860
0.520498
0.000000
0.000000
0.000000
0.000000
0.000000
0.202538
0.809633
0.000000
0.000000
1.508182
0.000000
0.000000
0.000000
0.122407
0.474651
0.063116
0.424549
0.000000
0.000000
0.969356
0.451567
0.000000
0.516264
0.000000
0.000000
1.053197
0.000000
0.000000
0.000000
0.754692
0.000000
0.335701
0.000000
0.000000
1.587227
0.000000
0.000000
0.787925
0.000000
1.105745
0.000000
0.000000
0.000000
0.000000
0.746749
0.000000
0.000000
0.000000
0.000000
0.000000
1.102388
0.091682
0.000000
0.000000
1.151083
1.807590
0.000000
0.000000
0.073656
0.000000
0.084903
0.000000
0.000000
0.000000
1.040560
0.749761
0.000000
0.000000
1.110840
0.000000
0.000000
0.000000
0.000000
0.000000
0.204710
0.000000
0.012428
0.000000
0.000000
0.000000
0.000000
0.880179
0.000000
0.000000
0.000000
0.000000
0.000000
0.000000
0.000000
0.563965
0.000000
1.192252
0.000000
0.726546
0.000000
0.453245
0.000000
0.000000
0.206713
0.000000
0.000000
0.178852
0.000000
0.000000
0.000000
0.000000
0.134146
0.000000
0.736137
0.451913
0.000000
0.000000
0.000000
0.000000
0.000000
0.000000
0.000000
0.000000
0.126055
0.000000
0.000000
0.161573
0.000000
0.000000
0.000000
0.141268
0.000000
0.000000
0.000000
0.970603
0.000000
0.000000
0.000000
0.000000
1.564019
0.000000
0.076343
0.000000
0.000000
0.000000
0.000000
0.727851
0.000000
0.000000
0.000000
0.000000
0.381216
0.000000
0.000000
0.000000
0.000000
0.000000
0.000000
0.000000
0.481483
0.336270
1.058644
0.000000
0.000000
0.272214
0.000000
0.000000
0.000000
0.000000
0.000000
0.000000
0.000000
0.421881
0.000000
0.000000
0.000000
1.915500
0.250263
0.000000
3.485558
0.000000
0.000000
0.000000
1.550410
0.000000
0.110372
0.000000
0.000000
0.000000
0.000157
0.000000
0.000000
0.000000
0.000000
0.000000
0.000000
0.000000
0.566420
0.000000
0.000000
0.000000
0.000000
0.334515
0.000000
0.555501
0.000000
0.000000
0.000000
0.092500
0.000000
0.000000
0.000000
1.352896
0.000000
0.114296
0.000000
0.000000
0.000000
0.000000
0.064130
0.000000
0.000000
0.528408
0.000000
0.000000
0.493603
0.000000
0.726353
0.000000
0.000000
1.005181
1.343794
0.050602
0.000000
1.302580
1.370300
0.000000
0.000000
0.000000
0.936680
0.614349
0.000000
0.583412
0.641354
0.000000
0.000000
0.000000
0.000000
0.000000
0.000000
0.000000
0.000000
0.761983
0.000000
0.639466
0.872239
1.818565
0.000000
0.000000
0.000000
0.000000
0.000000
0.000000
0.000000
0.000000
0.000000
0.000000
0.000000
0.000000
0.284663
0.000000
0.000000
0.000000
0.970471
1.226570
0.000000
0.000000
0.000000
0.000000
0.000000
1.033214
0.000000
0.000000
0.000000
0.382056
0.000000
0.000000
0.942238
0.000000
0.000000
1.534866
0.000000
0.000000
0.000000
0.000000
0.308240
0.000000
0.122472
0.000000
0.000000
0.308210
1.555790
0.012996
0.000000
1.750325
0.000000
0.000000
0.518976
0.000000
0.000000
0.000000
0.000000
1.976001
0.000000
0.791518
0.000000
0.000000
1.342307
0.000000
0.000000
0.000000
0.000000
0.000000
0.000000
0.000000
0.000000
0.000000
0.000000
0.000000
0.000000
0.193989
0.000000
0.000000
0.000000
0.244942
0.000000
0.000000
0.000000
0.000000
0.000000
0.097536
0.000000
0.000000
0.000000
0.753647
0.000000
0.662511
0.000000
0.090089
0.302725
0.000000
0.914473
0.000000
0.000000
0.000000
0.277911
0.000000
0.861332
0.000000
0.000000
0.155655
0.491078
0.000000
0.000000
0.000000
0.000000
0.000000
0.000000
0.000000
0.000000
0.000000
0.000000
0.000000
0.000000
0.000000
0.000000
0.000000
0.761652
0.026987
0.385106
0.900999
0.000000
0.000000
0.000000
0.000000
0.356833
2.044989
0.000000
0.000000
0.000000
0.000000
0.000000
0.884901
0.000000
0.000000
0.000000
0.000000
0.788562
0.000000
1.343415
1.218020
0.896794
0.000000
0.000000
0.000000
0.000000
0.064093
0.000000
1.491562
0.000000
0.045604
0.000000
0.000000
0.000000
0.000000
1.049871
0.204623
0.000000
0.000000
0.000000
0.000000
0.000000
0.203794
0.000000
1.237482
0.000000
1.909441
0.000000
0.000000
0.000000
0.480179
0.000000
0.000000
0.000000
0.023300
0.382053
0.000000
0.000000
0.000000
0.000000
0.000000
0.280516
0.322276
0.428611
0.129640
0.000000
0.750171
0.000000
0.338525
0.411594
0.881339
0.000000
0.000000
0.000000
0.000000
0.970490
0.438645
1.435439
0.077211
0.000000
0.000000
0.593826
0.000000
0.000000
0.611708
0.000000
0.000000
0.000000
0.000000
0.000000
0.000000
0.000000
0.000000
0.000000
0.199108
0.000000
0.000000
1.071721
0.000000
0.000000
0.000000
0.000000
0.000000
0.000000
0.000000
0.000000
0.000000
0.000000
0.996296
0.000000
0.000000
0.000000
0.000000
0.000000
0.809610
0.000000
0.469155
0.000000
0.000000
0.000000
0.000000
0.000000
0.000000
0.499214
0.000000
0.000000
0.136867
0.000000
0.970695
0.000000
0.000000
0.000000
0.000000
0.000000
0.000000
0.161509
0.036286
1.181257
0.590634
0.000000
0.000000
0.000000
0.000000
0.000000
0.000000
0.000000
0.000000
0.000000
0.033684
0.893636
0.000000
0.697830
0.000000
0.000000
0.794076
0.000000
0.804709
0.000000
0.000000
0.000000
0.833229
0.000000
0.763428
0.065222
0.000000
0.000000
0.000000
0.000000
0.000000
0.000000
0.000000
0.000000
0.000000
0.000000
0.000000
0.000000
0.000000
0.654144
0.478395
0.000000
1.069020
0.000000
1.842230
0.343412
0.000000
0.726293
0.000000
0.000000
0.000000
0.096075
0.000000
0.000000
0.000000
1.398789
0.130723
0.000000
1.964356
0.000000
0.000000
0.000000
0.000000
0.000000
0.000000
0.000000
1.107802
0.000000
0.206045
0.000000
0.427608
0.000000
0.000000
0.000000
0.000000
0.000000
0.000000
0.000000
0.000000
0.647149
0.000000
0.000000
0.000000
0.000000
0.000000
0.000000
0.176288
0.000000
1.128439
0.053627
0.000000
0.000000
1.118160
0.000000
0.000000
0.000000
0.000000
0.000000
0.000000
1.373179
0.000000
0.350638
0.000000
1.158159
0.000000
0.000000
0.949851
0.000000
0.000000
0.000000
0.000000
0.000000
0.000000
0.000000
0.000000
0.000000
1.689461
0.000000
2.290409
1.403240
0.000000
0.046083
0.808292
1.051172
0.091513
0.000000
0.000000
0.000000
0.000000
0.000000
0.000000
0.000000
0.000000
0.000000
0.000000
0.000000
0.000000
0.000000
0.000000
0.000000
0.000000
0.431043
0.000000
0.000000
0.018684
0.000000
0.000000
0.000000
0.120776
0.428155
0.000000
0.000000
0.000000
0.000000
0.000000
0.000000
0.000000
0.000000
0.000000
0.000000
0.000000
0.000000
0.420177
0.000000
0.000000
0.000000
0.000000
0.000000
0.505174
0.000000
0.000000
0.000000
0.000000
0.108080
0.440656
0.000000
1.842536
0.000000
0.000000
0.000000
0.000000
0.000000
0.000000
0.820963
0.000000
0.000000
0.920959
0.000000
0.000000
0.000000
0.000000
0.000000
1.038929
0.000000
0.000000
1.014581
0.000000
0.000000
0.000000
0.000000
0.000000
0.000000
0.000000
0.000000
0.000000
0.000000
0.000000
0.000000
0.022707
0.000000
0.914239
0.000000
0.000000
0.150410
0.000000
0.000000
0.000000
0.000000
0.000000
0.000000
0.000000
0.192107
1.347742
0.113409
0.000000
0.293052
0.000000
0.000000
0.000000
0.000000
0.000000
0.776374
0.004532
0.796994
0.000000
0.165499
0.288968
0.000000
0.024699
0.000000
0.003905
1.584588
0.000000
0.000000
0.000000
0.000000
0.000000
0.390369
0.000000
0.000000
0.237686
0.000000
0.000000
0.000000
0.000000
0.000000
0.000000
0.000000
0.000000
0.000000
1.679155
0.857668
0.000000
0.953808
0.706569
0.000000
0.000000
0.645094
0.000000
0.000000
0.287364
0.992482
0.000000
0.763430
0.000000
2.169216
0.645570
0.000000
1.478504
0.000000
0.000000
0.000000
0.000000
0.000000
0.000000
0.416234
0.989364
0.000000
1.154447
0.400474
0.000000
0.000000
0.167664
0.000000
0.000000
0.000000
0.000000
0.000000
1.624099
2.331641
0.000000
1.282741
0.000000
0.000000
0.000000
0.000000
0.213393
0.000000
0.000000
2.303725
0.416030
0.000000
0.000000
0.061978
2.787351
0.000000
0.000000
0.124172
1.877135
0.758424
0.000000
0.000000
0.000000
1.994442
0.257741
0.000000
0.425133
0.000000
0.606538
0.000000
0.000000
0.000000
0.000000
0.000000
0.078079
0.906862
1.794471
0.000000
0.000000
0.000000
0.818850
0.000000
0.000000
0.000000
0.000000
2.608748
1.057414
0.929516
0.000000
0.351611
0.000000
0.000000
0.000000
0.000000
0.000000
0.000000
0.000000
0.000000
0.618930
0.000000
0.000000
0.000000
0.669439
1.076111
0.000000
1.197107
0.000000
0.000000
0.000000
0.000000
0.554923
0.058563
0.033546
0.000000
0.000000
0.000000
0.000000
1.744165
0.000000
0.000000
0.000000
0.000000
0.680853
0.000000
0.000000
0.331582
2.563426
0.000000
0.000000
0.000000
0.000000
0.000000
0.000000
0.389583
0.000000
0.000000
1.067270
0.000000
0.000000
0.207568
0.000000
0.518062
0.000000
1.789090
2.215429
0.000000
0.000000
0.000000
0.000000
0.000000
1.112297
0.000000
1.160308
0.000000
0.000000
0.000000
0.060006
0.000000
0.000000
0.528431
0.363893
0.096419
0.173339
0.373229
0.000000
0.000000
0.000000
0.000000
0.000000
0.000000
0.000000
0.145324
0.000000
0.000000
0.000000
0.000000
0.000000
0.000000
0.000000
0.330395
0.000000
0.000000
0.000000
0.000000
0.000000
0.000000
0.000000
0.000000
0.000000
0.000000
0.000000
0.000000
0.000000
0.066065
0.794776
0.000000
0.000000
0.000000
0.000000
0.000000
0.000000
0.000000
0.000000
0.000000
0.000000
0.000000
1.389977
0.000000
0.898480
0.000000
0.000000
0.048151
0.000000
0.000000
0.000000
0.278580
0.000000
1.048481
0.000000
0.796818
0.000000
0.000000
0.266983
0.000000
0.000000
0.000000
0.000000
0.000000
0.883124
0.000000
0.318203
0.118899
0.000000
0.000000
0.000000
0.000000
0.000000
0.000000
0.000000
0.000000
0.000000
0.560536
0.000000
0.054158
0.000000
0.000000
0.000000
0.000000
1.613377
0.000000
0.000000
0.000000
0.184694
0.000000
0.659281
0.892034
0.155782
0.000000
0.000000
0.000000
0.000000
0.000000
0.000000
0.000000
2.077126
0.000000
0.000000
0.000000
0.000000
0.000000
0.000000
0.000000
0.185632
0.000000
0.000000
0.000000
0.000000
0.000000
0.725307
0.000000
0.397469
0.000000
0.000000
0.000000
0.000000
0.000000
1.363962
0.000000
0.000000
0.268324
0.000000
0.000000
0.494323
0.000000
0.307321
0.000000
0.000000
0.000000
0.000000
0.000000
0.727395
0.000000
0.000000
0.000000
0.000000
0.000000
0.000000
0.000000
0.000000
0.000000
0.000000
0.000000
0.000000
0.000000
0.000000
0.313877
0.300922
0.000000
0.000000
0.000000
0.000000
0.000000
0.000000
1.028682
0.000000
2.149171
0.000000
0.000000
0.675752
0.000000
0.624894
0.004324
0.000000
0.000000
0.000000
0.000000
0.000000
0.000000
0.000000
0.764411
1.394703
0.000000
0.000000
0.000000
0.000000
0.000000
0.000000
0.000000
0.000000
0.311815
0.000000
0.988505
0.000000
0.000000
0.450631
0.000000
0.000000
0.000000
0.575325
2.529357
0.000000
0.000000
1.624245
0.341678
0.000000
0.527418
0.000000
0.000000
0.000000
0.000000
0.000000
0.000000
0.000000
0.000000
0.000000
0.266748
0.000000
0.000000
0.000000
0.686066
0.000000
0.000000
0.000000
0.000000
0.000000
0.000000
1.577308
0.000000
2.257463
1.679793
0.111184
0.272281
0.000000
0.000000
0.000000
0.000000
0.000000
0.000000
0.000000
1.209703
0.228417
2.907177
0.749084
0.000000
1.243834
0.000000
0.073683
0.000000
0.473460
0.000000
0.000000
0.292489
0.000000
0.000000
0.000000
0.000000
0.558764
0.000000
0.000000
0.842067
2.026851
0.000000
1.329500
0.000000
0.000000
0.000000
0.000000
0.299753
0.000000
0.000000
0.832354
0.000000
0.000000
0.000000
0.000000
0.000000
0.000000
0.000000
0.000000
0.000000
0.000000
0.000000
0.000000
0.000000
0.000000
1.123075
0.000000
0.000000
0.000000
0.000000
0.000000
0.257104
0.612834
0.000000
0.000000
0.000000
0.000000
0.218885
0.181905
0.695060
0.000000
0.000000
0.000000
0.000000
0.000000
0.000000
1.382799
0.000000
0.000000
0.217276
0.260682
0.000000
0.737887
0.000000
0.000000
0.000000
0.000000
0.000000
0.000000
0.000000
0.000000
0.000000
0.000000
2.091512
0.241952
0.000000
2.737464
0.000000
0.000000
0.000000
1.640300
0.188573
0.000000
0.000000
0.000000
0.000000
0.000000
0.000000
0.108310
0.428910
0.089055
0.000000
0.187490
0.000000
0.000000
0.000000
0.000000
0.000000
0.000000
0.000000
0.000000
0.000000
0.000000
1.971426
0.000000
0.000000
0.555728
0.000000
0.000000
1.550451
0.000000
0.000000
1.073439
0.000000
0.000000
0.139330
0.000000
0.000000
0.000000
0.000000
0.000000
0.000000
0.000000
0.000000
0.000000
0.000000
3.101269
0.000000
0.000000
0.458184
0.000000
0.000000
0.576461
0.000000
0.000000
1.229856
0.000000
1.111653
0.000000
0.000000
0.000000
0.155055
0.000000
2.269710
0.000000
0.000000
0.000000
0.472687
0.000000
0.000000
0.094827
0.000000
1.524707
0.039845
0.000000
0.000000
0.178069
0.000000
0.000000
0.000000
0.000000
0.000000
0.415882
0.000000
0.733082
0.000000
0.673055
0.166732
0.000000
1.594164
0.408584
0.000000
0.504208
0.000000
0.000000
0.148327
0.000000
0.000000
0.000000
0.000000
0.000000
0.037805
0.000000
0.000000
0.000000
0.000000
0.000000
1.316310
1.805892
0.000000
1.829628
0.000000
0.000000
0.000000
0.000000
0.000000
1.646033
0.000000
0.000000
0.569634
0.000000
0.000000
0.000000
0.000000
0.000000
0.000000
1.646662
0.000000
0.000000
0.205903
0.000000
0.157534
0.000000
0.000000
0.000000
1.444500
0.000000
0.000000
0.000000
0.000000
0.000000
0.000000
0.178850
0.000000
0.000000
0.000000
1.298901
0.000000
0.747515
0.116548
0.000000
0.000000
0.000000
0.000000
0.000000
0.348933
0.000000
0.915468
0.000000
0.000000
0.000000
0.000000
0.000000
1.808191
0.000000
0.846257
1.612248
0.611028
0.000000
0.599777
0.203586
1.732095
0.000000
0.000000
0.000000
0.000000
0.000000
0.000000
0.299073
0.307525
0.062255
0.000000
1.969778
0.000000
0.627226
0.000000
0.000000
0.000000
0.259451
0.000000
0.307105
0.000000
0.538898
0.000000
0.013257
0.000000
0.000000
0.000000
1.284457
0.000000
0.000000
0.135569
0.000000
0.000000
0.000000
0.076102
0.436032
0.049730
0.000000
0.000000
0.000000
0.000000
0.000000
0.226168
0.531597
0.000000
0.892846
0.000000
0.000000
0.000000
0.000000
0.617471
0.000000
0.040949
0.000000
0.000000
0.000000
0.000000
0.000000
0.000000
0.000000
1.503969
0.000000
0.000000
0.004684
0.000000
0.000000
0.000000
0.000000
0.000000
1.367548
0.000000
0.000000
1.694405
0.855852
0.000000
0.000000
0.343354
0.788918
0.000000
0.000000
0.000000
0.000000
0.442159
0.000000
0.000000
0.000000
0.000000
0.000000
0.000000
0.000000
0.240116
0.000000
0.000000
0.000000
0.000000
0.423281
1.586193
0.143455
0.000000
0.000000
0.000000
0.347213
0.000000
0.793094
0.000000
0.000000
0.202277
0.324448
0.000000
0.000000
0.000000
1.338149
0.000000
0.000000
0.000000
0.000000
0.026158
1.246326
0.000000
0.000000
0.000000
0.000000
0.000000
0.037811
0.000000
0.000000
0.000000
0.000000
0.570470
1.596515
0.000000
2.450500
0.000000
0.000000
0.000000
0.000000
0.000000
0.000000
0.000000
0.383285
2.057137
0.000000
0.000000
0.000000
0.000000
0.000000
0.000000
0.000000
0.000000
0.619831
1.560102
0.000000
0.040963
0.000000
0.000000
0.000000
0.000000
0.000000
1.105953
0.000000
0.140684
0.000000
0.000000
0.000000
0.000000
1.004797
1.908793
0.000000
0.189694
0.000000
0.000000
0.439328
0.000000
0.237257
0.000000
0.000000
0.000000
1.432229
0.858223
0.000000
0.745686
1.499747
0.000000
0.000000
0.000000
0.000000
0.000000
0.000000
0.000000
0.000000
0.000000
0.000000
0.000000
0.000000
0.000000
0.201628
0.000000
0.000000
0.541976
0.000000
0.000000
2.518448
1.225201
0.000000
0.000000
0.000000
0.551690
0.523586
0.000000
0.000000
0.000000
0.000000
0.000000
0.000000
0.000000
0.000000
1.082545
0.000000
0.000000
0.691212
0.979802
0.447693
0.791673
0.000000
0.000000
0.000000
0.000000
0.633517
1.552952
0.187228
0.000000
0.000000
0.000000
0.000000
0.000000
0.000000
0.413462
0.528581
1.247782
0.000000
0.000000
2.625723
0.057502
0.000000
0.146786
0.138930
0.000000
0.000000
0.000000
0.000000
0.000000
0.000000
0.000000
0.000000
0.000000
0.000000
1.713732
0.707276
0.000000
0.000000
0.000000
0.000000
0.000000
0.000000
0.000000
0.000000
0.000000
0.200506
0.000000
0.567008
0.000000
0.000000
0.000000
0.585555
1.336892
0.000000
0.000000
1.386804
0.000000
