0.743173
0.000000
0.000000
0.000000
0.000000
1.124041
0.000000
0.000000
0.000000
0.000000
0.000000
0.000000
0.000000
0.000000
0.000000
0.000000
0.000000
0.000000
0.241181
0.612234
0.000000
2.624092
0.146199
0.334810
0.000000
0.802387
0.726476
0.379867
1.456976
0.000000
0.000000
0.663752
0.000000
0.000000
0.027794
0.000000
0.000000
0.000000
1.480149
0.000000
0.000000
0.000000
0.000000
0.000000
0.000000
0.000000
0.000000
0.000000
2.556122
0.280972
0.718343
0.000000
0.000000
0.000000
0.000000
0.000000
0.000000
0.600601
0.000000
0.000000
0.000000
0.000000
0.000000
0.971601
0.000000
0.000000
0.000000
0.000000
0.000000
0.000000
0.307983
0.000000
0.000000
0.000000
1.136742
0.999892
0.000000
0.000000
0.000000
0.000000
0.000000
0.000000
0.000000
0.000000
0.000000
2.582341
0.000000
0.000000
0.000000
0.000000
1.335606
0.189945
0.000000
2.828223
3.849309
0.013056
0.000000
2.275635
0.000000
0.000000
0.000000
0.000000
1.364964
0.000000
0.000000
2.050908
0.700261
0.000000
0.000000
0.000000
0.000000
0.027267
0.000000
0.000000
0.000000
0.000000
0.000000
0.000000
0.000000
0.000000
0.000000
0.000000
0.325371
0.249710
0.000000
0.000000
0.000000
0.000000
0.000000
1.066130
0.000000
0.000000
0.000000
0.987640
0.000000
0.000000
0.000000
0.000000
0.000000
0.000000
0.000000
0.000000
1.208481
0.000000
0.000000
0.000000
0.000000
0.000000
0.532110
0.000000
0.050511
0.000000
0.000000
0.000000
0.000000
1.149638
0.000000
0.000000
0.000000
0.000000
0.919251
0.000000
0.000000
0.000000
0.000000
0.208496
3.829543
0.000000
0.000000
0.000000
0.000000
0.000000
0.000000
0.000000
0.000000
0.000000
0.000000
0.000000
0.636085
0.000000
0.000000
2.473931
0.000000
0.649469
0.000000
0.000000
0.497498
0.000000
0.000000
0.000000
0.000000
0.000000
0.000000
0.000000
0.000000
0.000000
0.029632
0.000000
0.000000
0.000000
0.000000
0.000000
0.553219
0.000000
0.845388
0.000000
0.000000
0.208684
0.000000
0.000000
0.000000
0.000000
0.000000
1.255102
0.000000
0.000000
0.000000
0.476746
0.947342
0.774681
0.000000
0.000000
0.000000
0.000000
0.867544
0.000000
0.000000
0.000000
0.000000
0.000000
0.000000
0.000000
0.000000
0.000000
0.000000
0.000000
0.000000
0.000000
0.000000
0.000000
0.000000
0.000000
0.000000
1.661748
0.000000
0.000000
1.294897
0.000000
0.000000
0.000000
0.000000
0.000000
0.000000
0.000000
0.000000
0.000000
0.000000
0.000000
0.000000
0.074932
0.000000
0.000000
0.000000
0.000000
0.000000
0.000000
0.000000
0.000000
0.000000
1.714923
0.238405
0.000000
0.000000
0.000000
0.000000
0.638345
0.000000
0.000000
0.000000
0.000000
0.000000
0.000000
0.000000
2.378702
0.333100
0.000000
0.000000
0.000000
0.000000
0.473934
0.000000
0.000000
0.000000
0.000000
0.000000
0.359711
0.000000
0.301865
0.000000
0.018385
0.000000
0.000000
0.000000
0.000000
0.000000
0.000000
0.283249
1.977047
0.000000
0.417336
0.000000
1.469949
0.513885
0.000000
0.000000
0.000000
0.298917
0.000000
0.000000
0.000000
0.000000
0.000000
0.000000
0.000000
0.208117
0.000000
0.000000
0.000000
0.000000
0.000000
0.000000
0.000000
0.000000
0.129826
0.000000
0.000000
0.000000
0.000000
0.000000
1.000193
0.000000
0.000000
0.000000
0.000000
0.000000
0.000000
0.000000
0.000000
2.304557
0.000000
0.000000
0.000000
0.489456
0.000000
1.986442
2.894361
2.414102
0.000000
0.000000
0.000000
0.000000
0.000000
0.598659
0.000000
0.000000
0.000000
0.000000
0.000000
0.000000
0.000000
0.000000
0.000000
0.000000
0.000000
0.000000
0.000000
0.129355
0.000000
0.000000
0.000000
0.000000
0.000000
0.000000
0.000000
0.000000
0.000000
0.000000
0.000000
0.000000
0.000000
0.000000
0.000000
0.000000
0.000000
0.000000
0.000000
0.000000
0.000000
0.000000
0.000000
0.000000
1.034928
0.000000
0.000000
0.000000
0.000000
0.000000
0.000000
0.000000
0.000000
1.389152
0.000000
0.000000
0.000000
0.000000
0.000000
0.000000
0.000000
0.000000
1.143087
0.000000
0.703847
0.000000
3.326433
0.489510
0.000000
0.000000
0.000000
0.000000
0.000000
0.000000
0.652063
0.000000
0.000000
1.517549
0.000000
0.000000
0.000000
0.000000
0.000000
0.000000
0.000000
0.000000
0.118415
0.680102
0.972867
0.574625
0.000000
0.000000
5.766310
0.000000
0.000000
0.000000
0.000000
3.582440
0.000000
0.000000
0.949963
0.000000
0.000000
2.737746
0.000000
0.000000
0.000000
0.000000
0.000000
0.000000
0.000000
0.000000
0.000000
0.000000
2.734455
0.000000
0.000000
0.000000
0.000000
0.000000
0.506096
0.000000
0.000000
0.000000
0.000000
0.000000
0.000000
0.594663
0.000000
3.703026
1.350877
0.000000
0.000000
0.000000
0.000000
0.000000
0.000000
0.583368
0.000000
0.000000
0.000000
0.000000
0.000000
2.383730
0.000000
0.000000
0.000000
0.000000
0.000000
0.000000
0.000000
0.000000
1.093439
0.000000
0.000000
0.000000
0.000000
0.000000
0.000000
0.000000
0.000000
0.000000
0.000000
1.381766
0.000000
0.234018
0.000000
1.032611
1.796944
0.000000
0.000000
0.000000
0.000000
2.610685
0.000000
0.000000
0.000000
0.047391
0.000000
0.000000
1.356799
0.000000
0.000000
0.695562
0.118890
0.153277
0.000000
0.000000
0.000000
1.208751
0.000000
0.000000
3.542262
0.000000
0.000000
0.256375
0.000000
0.000000
0.000000
0.000000
0.000000
0.000000
0.000000
2.400782
2.028821
0.000000
0.000000
0.000000
0.000000
2.439533
0.000000
0.000000
0.767606
0.000000
0.000000
0.000000
0.000000
0.000000
0.000000
0.312149
0.000000
0.000000
0.000000
0.000000
0.000000
0.000000
0.000000
0.000000
0.000000
0.000000
0.000000
1.434462
0.000000
0.000000
0.000000
0.000000
0.000000
0.000000
1.345171
0.000000
0.077279
0.000000
0.000000
0.000000
0.000000
0.000000
0.384431
0.000000
0.000000
0.000000
0.000000
0.000000
1.715248
0.000000
0.000000
0.000000
0.000000
0.082285
3.210408
0.000000
0.000000
0.000000
0.000000
0.000000
0.915573
0.000000
0.000000
0.000000
0.000000
0.000000
0.000000
0.512621
0.000000
0.000000
0.000000
0.000000
0.000000
0.000000
0.000000
0.000000
0.000000
0.000000
0.411156
0.000000
0.000000
0.000000
0.446405
2.775997
0.000000
0.000000
2.109732
0.809608
0.000000
0.000000
0.000000
0.000000
0.000000
0.000000
0.000000
0.000000
0.000000
0.000000
0.000000
0.000000
0.000000
0.000000
0.000000
0.000000
0.000000
0.000000
0.000000
0.000000
2.266082
1.012089
0.000000
0.000000
0.000000
1.240267
0.000000
0.000000
0.000000
0.000000
1.022971
2.410693
0.000000
0.000000
0.000000
0.153758
0.000000
0.000000
1.809435
0.000000
0.000000
0.000000
0.000000
0.000000
1.107028
0.000000
0.000000
0.000000
0.121924
0.000000
0.000000
0.000000
0.000000
0.000000
0.067223
0.000000
0.000000
0.000000
0.032002
0.000000
0.551394
0.469624
0.000000
0.000000
0.000000
0.000000
0.000000
0.000000
0.000000
0.000000
0.000000
0.000000
4.250043
0.000000
0.000000
0.000000
0.000000
3.039307
2.624383
0.000000
0.000000
0.497538
0.000000
0.000000
0.000000
0.000000
0.000000
0.000000
1.419639
0.000000
0.000000
0.000000
0.000000
0.000000
0.000000
2.106699
0.022722
1.895769
0.000000
0.000000
0.000000
0.000000
0.000000
0.000000
0.000000
1.591081
0.734964
0.000000
0.000000
0.000000
0.000000
0.000000
0.830124
0.008511
0.000000
0.000000
0.000000
0.000000
0.000000
0.000000
0.000000
0.000000
0.000000
0.000000
0.000000
0.000000
0.000000
0.000000
0.000000
0.132836
0.000000
0.000000
0.000000
0.000000
0.000000
0.000000
0.000000
0.000000
0.000000
0.000000
0.000000
0.000000
0.000000
0.000000
0.982292
1.996834
0.000000
0.000000
0.000000
0.000000
2.094681
0.000000
0.000000
0.000000
0.000000
1.233955
0.000000
0.282231
0.000000
0.000000
0.000000
0.000000
0.000000
0.000000
0.000000
0.000000
0.000000
0.000000
3.221793
0.000000
0.581752
0.000000
0.649797
0.000000
0.000000
0.000000
0.000000
0.000000
0.000000
0.000000
0.000000
0.000000
0.000000
0.000000
0.000000
1.408597
0.000000
0.000000
0.000000
1.006225
0.000000
0.000000
1.386066
0.000000
0.000000
1.573358
0.000000
0.000000
1.273720
0.288401
0.000000
2.677910
0.000000
0.000000
0.000000
1.898318
0.000000
0.000000
0.000000
1.119872
1.530051
0.000000
0.000000
0.000000
0.000000
0.000000
0.000000
2.008107
0.000000
0.000000
0.000000
0.000000
1.177333
0.000000
1.317308
0.000000
0.000000
0.000000
0.000000
1.173280
0.000000
0.000000
0.000000
0.000000
0.000000
0.000000
0.000000
0.000000
0.025611
0.000000
0.000000
0.000000
1.371701
0.000000
0.000000
0.000000
0.000000
0.000000
0.000000
0.000000
0.353844
0.000000
0.000000
3.410260
0.000000
0.000000
0.000000
0.000000
0.000000
0.000000
0.000000
0.000000
0.000000
0.000000
0.000000
0.000000
0.691012
0.000000
0.000000
2.278966
0.000000
0.000000
0.000000
0.000000
0.000000
1.122291
0.000000
0.148011
0.000000
0.000000
0.000000
0.000000
0.000000
0.000000
1.392124
0.000000
2.643677
0.000000
0.000000
2.549184
0.652118
0.000000
0.000000
0.000000
0.000000
0.000000
0.496351
1.751552
0.000000
0.000000
0.000000
0.000000
0.000000
0.700831
0.000000
0.000000
0.000000
0.000000
0.000000
0.000000
0.000000
0.000000
0.000000
0.000000
0.000000
0.000000
0.000000
0.000000
0.512169
0.000000
0.000000
0.000000
0.000000
2.449006
0.000000
0.000000
0.000000
0.000000
0.000000
0.608671
0.000000
0.000000
0.000000
0.000000
0.069078
0.888533
0.000000
0.574656
0.000000
0.000000
0.000000
0.000000
0.000000
0.000000
0.000000
0.000000
0.000000
0.000000
0.000000
0.000000
2.483179
0.000000
0.000000
0.266813
0.000000
0.692388
0.000000
0.000000
0.000000
0.000000
0.000000
0.377636
0.000000
0.000000
0.000000
0.000000
0.000000
1.773756
0.000000
0.000000
0.000000
2.143719
0.000000
0.000000
0.000000
1.271989
0.000000
1.440520
0.000000
0.000000
0.000000
0.000000
0.000000
0.000000
0.000000
0.000000
0.000000
0.000000
0.000000
0.000000
0.000000
0.000000
0.000000
0.000000
1.822935
0.000000
0.000000
0.000000
0.000000
0.000000
0.000000
0.000000
0.000000
0.000000
0.000000
0.000000
1.417414
0.000000
0.000000
0.000000
0.000000
0.000000
0.000000
0.000000
0.000000
0.000000
0.453578
0.373249
0.000000
0.000000
1.237979
0.000000
0.000000
0.000000
5.081881
0.000000
0.000000
0.000000
0.282506
0.000000
0.251099
0.000000
0.000000
0.000000
0.882807
0.000000
0.000000
0.000000
0.000000
0.000000
1.796218
0.000000
0.889532
0.313908
0.000000
0.000000
2.212841
0.000000
0.000000
1.567038
0.000000
0.000000
0.000000
0.000000
0.000000
0.000000
0.424866
0.000000
0.000000
0.000000
0.000000
0.000000
0.000000
0.000000
0.000000
0.000000
0.000000
0.000000
0.000000
0.000000
2.186260
0.000000
1.134837
0.000000
0.000000
0.913231
0.000000
0.000000
0.000000
0.000000
1.480747
0.000000
0.000000
0.000000
0.000000
0.000000
0.000000
0.000000
0.000000
1.237378
0.000000
0.000000
0.000000
0.000000
0.000000
0.000000
0.000000
0.097897
0.000000
0.000000
0.000000
0.000000
0.000000
0.000000
0.000000
0.000000
0.000000
0.000000
0.000000
0.000000
0.000000
0.000000
0.000000
0.000000
0.000000
0.000000
0.000000
3.468851
2.946852
0.000000
0.000000
0.000000
0.000000
0.000000
1.274602
0.000000
0.000000
0.000000
1.556908
0.000000
0.000000
0.000000
0.000000
0.000000
0.000000
2.072924
0.000000
0.000000
0.000000
0.000000
0.000000
0.438700
1.093755
2.105351
0.000000
0.000000
3.426238
0.000000
0.000000
0.000000
0.000000
0.000000
0.000000
0.000000
0.738795
0.000000
0.000000
1.099524
0.000000
0.000000
0.000000
2.333278
0.000000
0.228085
0.000000
0.066924
0.000000
0.000000
0.000000
0.068843
0.000000
0.695526
0.000000
0.000000
0.000000
0.666718
0.000000
0.000000
0.000000
0.277253
0.000000
0.000000
0.000000
0.921420
0.000000
1.632057
0.977330
0.000000
0.040929
0.000000
0.000000
0.000000
0.331690
0.000000
0.000000
0.000000
0.000000
0.000000
0.000000
0.000000
0.000000
0.000000
0.000000
0.274667
0.000000
0.000000
0.000000
0.000000
0.000000
0.212776
0.000000
0.000000
0.307351
0.000000
0.000000
0.000000
0.000000
0.000000
0.000000
0.000000
0.544218
0.000000
0.000000
0.000000
0.000000
2.788459
0.000000
0.000000
0.000000
0.000000
0.000000
0.000000
0.000000
0.000000
0.000000
1.986407
0.000000
0.000000
2.190083
0.000000
0.000000
0.974883
0.000000
0.000000
0.000000
0.000000
0.000000
0.000000
0.000000
0.000000
0.754145
0.000000
0.000000
0.000000
0.000000
0.035611
0.000000
0.252682
2.235567
0.186709
0.000000
0.000000
0.000000
0.000000
0.000000
0.000000
0.000000
0.000000
0.000000
0.000000
0.000000
0.000000
0.000000
0.000000
0.000000
0.000000
0.000000
0.000000
0.000000
0.000000
0.000000
0.000000
0.000000
0.000000
0.145003
0.000000
0.000000
0.132613
0.000000
0.000000
0.000000
0.000000
0.000000
0.000000
2.867939
0.000000
0.000000
0.000000
0.000000
0.000000
0.000000
0.000000
2.005826
0.000000
0.000000
0.000000
0.000000
0.000000
0.000000
0.000000
0.000000
2.170871
0.000000
0.000000
0.000000
0.000000
0.000000
0.000000
0.701644
0.000000
0.000000
1.890171
1.854683
0.000000
0.000000
1.420679
0.000000
0.367271
0.000000
3.869292
0.000000
0.000000
0.000000
0.000000
0.193886
0.000000
0.000000
0.000000
0.000000
0.000000
0.000000
0.000000
0.000000
0.908351
0.000000
0.000000
0.000000
0.000000
1.165733
0.000000
0.000000
0.000000
0.000000
0.000000
0.000000
0.000000
0.000000
0.000000
2.773446
0.000000
0.000000
0.000000
0.000000
0.186721
0.000000
0.000000
0.000000
0.000000
0.000000
0.000000
0.000000
0.000000
0.000000
4.410626
0.000000
0.000000
0.000000
0.000000
0.000000
0.000000
0.000000
0.000000
0.000000
1.312891
0.000000
0.000000
0.639328
0.000000
0.000000
0.048824
2.079240
0.000000
0.000000
0.000000
0.000000
0.000000
0.000000
0.000000
0.000000
0.000000
0.000000
0.000000
0.299184
0.000000
0.000000
0.000000
0.000000
0.000000
0.000000
0.000000
0.521480
0.000000
0.000000
0.000000
0.000000
0.000000
0.000000
0.000000
0.000000
0.000000
0.000000
0.924750
0.000000
0.000000
0.000000
0.000000
0.000000
1.792143
0.000000
0.000000
0.000000
0.000000
0.000000
0.914445
0.000000
0.000000
0.000000
0.000000
0.000000
0.000000
0.000000
0.000000
0.000000
0.000000
0.000000
1.407647
0.000000
0.000000
1.472616
0.000000
0.923435
0.000000
0.000000
0.000000
0.000000
1.711446
0.000000
0.586397
0.383329
0.000000
0.000000
0.000000
2.336581
1.460529
0.000000
0.000000
0.000000
0.000000
0.278252
0.081142
0.000000
0.000000
1.991606
0.000000
0.000000
0.000000
0.000000
0.054968
0.000000
1.739201
0.000000
0.000000
0.000000
0.000000
0.157168
0.000000
0.000000
0.149343
0.000000
0.000000
0.000000
0.000000
0.000000
0.000000
0.000000
1.071724
0.711448
0.000000
0.000000
0.000000
0.000000
0.000000
0.000000
0.000000
0.000000
0.000000
0.000000
0.000000
0.000000
0.000000
0.089066
0.000000
2.507223
0.000000
1.536819
0.000000
0.000000
0.000000
0.000000
0.250618
0.000000
1.332668
0.000000
0.000000
0.000000
0.000000
0.000000
1.110058
0.000000
0.147648
0.315954
1.774718
0.000000
2.224533
0.000000
0.000000
0.000000
0.000000
0.000000
0.000000
0.000000
0.000000
3.240221
0.000000
0.646550
0.000000
0.332249
0.000000
0.000000
0.000000
0.000000
0.000000
0.000000
0.000000
1.857767
1.090608
0.000000
0.000000
0.000000
2.583438
0.000000
0.000000
0.000000
0.000000
0.760873
0.000000
0.000000
0.000000
0.000000
0.000000
0.000000
0.000000
0.000000
0.000000
0.000000
0.000000
0.000000
0.000000
0.000000
0.000000
0.000000
0.000000
0.000000
0.000000
0.000000
0.000000
0.000000
1.434359
0.000000
0.000000
0.006388
1.767144
0.000000
0.293475
0.000000
0.000000
0.000000
0.444307
0.000000
0.000000
0.000000
0.000000
0.000000
0.000000
0.000000
0.000000
0.294802
0.000000
0.000000
0.000000
0.000000
0.000000
0.000000
0.000000
1.611258
0.000000
3.181941
0.472265
0.000000
0.000000
1.635740
1.294938
0.000000
0.000000
0.000000
0.000000
0.000000
0.000000
1.298584
0.000000
0.000000
0.000000
1.083595
0.000000
0.000000
0.568275
0.005237
0.000000
0.000000
0.000000
0.000000
0.000000
0.000000
0.000000
3.578617
0.000000
1.364984
0.000000
0.000000
0.000000
0.000000
0.000000
1.499632
0.000000
0.792973
0.188275
0.000000
0.399912
0.000000
0.000000
2.062044
0.000000
0.000000
0.000000
0.411453
5.452000
0.372189
2.128058
0.000000
0.000000
0.000000
0.000000
0.000000
0.000000
0.000000
0.000000
0.940292
0.000000
0.000000
0.000000
0.000000
0.000000
0.000000
0.000000
0.079709
0.000000
0.201949
0.000000
0.000000
0.000000
0.000000
0.816405
0.000000
0.000000
0.000000
0.000000
0.000000
0.000000
0.000000
0.000000
0.000000
1.210312
0.000000
0.000000
0.349205
0.000000
0.000000
0.000000
0.000000
1.636264
0.000000
0.000000
0.000000
0.000000
0.000000
0.000000
0.000000
0.000000
0.000000
0.000000
0.000000
0.000000
1.140809
0.000000
0.000000
0.000000
0.000000
0.000000
0.052410
0.000000
0.000000
0.000000
0.000000
0.000000
0.000000
0.000000
0.000000
2.601478
0.141242
0.000000
0.000000
0.000000
0.000000
0.000000
0.000000
1.346055
3.390337
0.776955
0.000000
0.000000
0.000000
0.000000
0.708813
0.000000
0.124472
0.000000
0.000000
0.000000
0.000000
0.000000
3.660441
0.000000
0.000000
0.000000
2.214088
0.000000
0.000000
0.418549
0.000000
0.000000
3.123226
0.000000
0.000000
0.000000
0.000000
0.000000
0.000000
1.166075
0.000000
0.000000
0.000000
0.748725
0.000000
0.000000
0.000000
0.046159
0.542564
0.216808
0.000000
0.000000
0.000000
0.000000
0.000000
0.733634
0.000000
0.000000
0.000000
0.000000
0.000000
0.000000
0.000000
0.000000
0.685496
1.432061
0.000000
0.000000
1.355745
0.000000
3.153047
0.000000
0.000000
0.000000
0.000000
0.000000
0.000000
0.000000
0.000000
0.000000
0.000000
0.000000
0.000000
1.220111
0.000000
0.000000
0.000000
0.000000
0.083282
0.000000
0.000000
0.353611
0.000000
0.000000
0.000000
0.000000
0.000000
0.000000
0.000000
0.000000
0.378106
0.000000
0.000000
0.000000
0.000000
0.000000
0.000000
0.000000
0.000000
0.000000
0.162130
0.000000
0.000000
0.000000
0.000000
0.000000
0.000000
0.000000
0.441988
0.000000
0.000000
0.000000
0.000000
0.000000
0.000000
1.536349
1.013589
1.187828
0.000000
0.000000
0.000000
0.000000
0.000000
0.000000
1.190859
0.750356
0.000000
0.000000
1.111102
0.000000
0.458927
0.000000
0.000000
0.000000
0.773832
0.000000
1.036369
0.000000
0.000000
0.000000
0.000000
3.845362
0.000000
0.699301
0.000000
0.000000
0.000000
0.000000
0.000000
0.000000
0.000000
0.000000
0.000000
0.000000
0.000000
0.000000
0.000000
0.000000
0.000000
0.000000
0.000000
0.000000
0.000000
0.000000
0.000000
0.000000
0.000000
0.000000
0.000000
0.000000
0.000000
0.000000
0.000000
0.554273
0.000000
0.000000
0.000000
0.000000
0.000000
0.000000
0.000000
0.000000
0.000000
0.000000
0.000000
3.124604
0.000000
0.000000
0.000000
0.000000
0.000000
0.000000
1.873599
2.534814
0.000000
2.066827
0.000000
0.140929
0.000000
0.000000
1.075769
0.000000
0.000000
0.000000
0.342102
0.000000
0.402726
0.000000
0.000000
0.000000
0.000000
0.000000
0.000000
1.017723
0.000000
0.000000
0.000000
0.000000
0.179194
0.000000
0.000000
5.087708
0.000000
0.000000
0.114704
0.219676
0.000000
0.000000
0.000000
0.000000
0.000000
0.000000
0.000000
1.228905
0.000000
0.000000
0.000000
0.622662
0.000000
0.700078
0.000000
0.000000
0.000000
0.000000
0.000000
0.000000
0.000000
0.000000
0.000000
0.000000
0.000000
0.000000
0.000000
0.000000
0.000000
0.000000
1.355383
0.000000
1.217533
0.866874
0.000000
0.907782
0.000000
0.000000
0.000000
0.000000
0.000000
0.000000
0.000000
1.158447
0.000000
0.000000
0.325702
0.769505
0.000000
0.985649
0.724338
1.559258
0.000000
0.000000
0.935876
0.000000
0.000000
1.321459
0.000000
0.000000
1.724489
0.000000
0.000000
0.000000
0.000000
0.199607
0.000000
0.000000
0.000000
0.000000
0.000000
0.000000
0.000000
1.582126
0.000000
0.000000
0.000000
0.000000
0.000000
0.000000
0.000000
0.000000
0.000000
0.000000
0.014845
0.000000
0.000000
0.000000
0.000000
0.000000
1.932779
0.000000
0.000000
0.000000
0.000000
1.428788
0.000000
0.000000
0.000000
0.000000
0.000000
2.267020
0.000000
0.000000
0.000000
0.338664
0.000000
0.438611
0.000000
0.000000
0.000000
0.028227
0.000000
0.000000
0.000000
0.000000
1.866879
0.000000
0.091094
0.314554
0.000000
0.000000
0.000000
0.483767
0.000000
0.000000
0.000000
0.000000
0.000000
0.000000
0.000000
0.000000
0.000000
0.000000
0.532022
0.000000
0.000000
0.000000
1.147496
0.000000
1.209798
0.000000
1.439216
2.507501
0.000000
0.000000
0.000000
0.000000
0.000000
0.000000
0.000000
0.000000
0.000000
0.000000
0.000000
0.000000
0.000000
0.000000
0.000000
0.000000
0.000000
0.000000
0.000000
0.778994
0.000000
0.000000
0.000000
0.000000
0.000000
0.000000
0.000000
0.000000
0.000000
0.888244
0.000000
0.000000
0.000000
0.000000
0.000000
0.463330
0.000000
0.000000
0.017444
0.000000
0.141470
0.000000
0.000000
0.000000
0.000000
0.000000
0.000000
1.516711
0.000000
0.082172
0.000000
0.000000
1.806938
0.000000
0.000000
0.000000
0.000000
0.000000
0.000000
0.000000
0.000000
0.000000
0.000000
0.000000
0.000000
4.070938
0.000000
0.000000
0.000000
0.000000
0.000000
0.000000
0.000000
0.000000
0.840047
0.000000
0.000000
0.000000
0.000000
0.000000
0.000000
0.000000
0.036089
0.000000
0.000000
2.261587
0.344755
0.000000
0.000000
0.000000
1.810798
0.000000
0.000000
0.316817
0.000000
0.000000
0.000000
0.000000
0.973618
0.000000
0.000000
0.499264
0.101687
0.000000
0.000000
0.000000
2.324513
1.467606
0.050620
0.000000
0.000000
1.449626
0.000000
1.799568
0.000000
0.000000
0.000000
0.000000
0.000000
0.000000
0.000000
0.000000
0.000000
0.000000
0.000000
0.000000
1.433307
0.000000
0.704096
0.000000
0.000000
0.000000
0.000000
0.000000
1.288703
0.000000
0.000000
0.000000
0.000000
0.000000
0.000000
1.458055
0.000000
0.000000
0.687756
0.000000
0.467902
0.000000
0.000000
0.000000
0.256561
0.000000
0.000000
0.000000
0.000000
0.000000
2.780457
0.000000
0.000000
0.000000
0.000000
0.000000
0.000000
0.000000
0.000000
0.000000
0.000000
0.000000
0.066486
0.000000
0.222415
0.000000
0.000000
0.000000
0.000000
0.240593
0.000000
0.000000
0.000000
0.000000
0.000000
0.000000
0.000000
0.000000
0.000000
0.000000
0.000000
0.000000
0.000000
2.357417
0.000000
0.000000
0.000000
0.000000
0.000000
0.000000
0.000000
0.000000
0.000000
0.000000
0.000000
0.439966
0.000000
0.000000
0.000000
0.000000
0.718556
0.475881
0.000000
0.000000
0.000000
0.000000
0.000000
0.000000
0.000000
0.939342
0.000000
0.000000
0.000000
0.000000
0.000000
0.195472
0.000000
0.000000
0.000000
0.000000
0.000000
0.000000
0.000000
0.000000
0.000000
2.120149
0.000000
0.000000
0.000000
0.000000
1.708326
0.000000
0.000000
0.000000
0.000000
0.000000
0.147735
0.000000
0.000000
0.188059
0.000000
1.868775
0.000000
0.000000
0.000000
0.514227
0.000000
0.000000
0.000000
0.000000
0.000000
0.000000
0.000000
0.000000
0.000000
0.000000
0.000000
0.364068
0.000000
0.000000
1.146040
0.305631
0.252283
0.000000
2.467255
3.382832
2.053348
0.000000
2.988810
0.000000
0.203693
0.000000
0.000000
0.000000
0.000000
3.543602
0.000000
0.000000
0.000000
0.000000
0.000000
1.135539
0.000000
0.000000
0.375837
1.187590
0.000000
0.590766
0.000000
0.000000
0.000000
1.033237
0.000000
0.000000
0.000000
0.000000
0.000000
0.000000
0.719276
0.000000
0.000000
2.539146
0.000000
0.000000
0.000000
0.338241
0.000000
0.000000
0.000000
0.858342
0.000000
0.000000
0.046483
0.000000
0.000000
0.213579
0.527259
0.000000
0.011074
0.000000
0.000000
0.000000
0.000000
0.150011
0.000000
0.000000
0.000000
0.000000
0.000000
0.000000
0.000000
0.000000
0.000000
0.000000
0.000000
0.000000
0.000000
0.000000
0.000000
1.110288
0.000000
0.047309
0.929632
0.000000
0.000000
0.000000
0.000000
0.000000
0.000000
0.000000
0.000000
0.532050
0.590171
0.000000
0.000000
0.271842
0.000000
0.000000
1.366687
0.000000
0.888656
0.000000
0.000000
0.188544
0.686030
0.000000
0.000000
0.947062
0.000000
0.000000
0.000000
0.000000
0.000000
0.000000
0.000000
0.000000
0.000000
1.249905
0.000000
0.000000
0.000000
2.409969
0.000000
0.000000
2.656627
0.000000
0.000000
0.000000
0.000000
0.000000
0.000000
0.000000
0.000000
0.000000
0.000000
0.000000
0.000000
0.000000
0.000000
0.000000
0.000000
1.668414
0.071858
0.000000
0.000000
2.430718
0.000000
0.000000
0.000000
0.000000
0.000000
0.000000
0.000000
2.279289
1.415981
0.000000
0.000000
1.532700
0.000000
0.667483
0.000000
0.000000
0.000000
0.000000
0.000000
0.000000
0.000000
0.000000
0.000000
0.000000
0.642721
0.000000
0.000000
0.000000
1.104901
0.042629
0.180590
0.000000
0.000000
0.000000
0.000000
0.000000
0.000000
0.000000
0.000000
2.730545
0.000000
1.820907
0.000000
0.000000
0.000000
0.000000
0.000000
0.000000
0.000000
0.000000
0.000000
0.000000
0.106646
2.231181
0.000000
0.083376
0.385347
0.000000
1.200673
0.000000
0.000000
0.000000
0.000000
0.000000
0.000000
0.579083
0.000000
0.000000
0.000000
1.330187
0.000000
0.000000
1.626866
2.014570
0.000000
0.000000
0.000000
0.000000
0.000000
0.426710
0.000000
0.000000
0.000000
0.000000
0.000000
0.752693
0.000000
0.000000
1.578663
0.000000
0.000000
0.000000
0.000000
0.000000
0.000000
0.000000
0.000000
0.000000
0.000000
0.000000
0.615128
0.000000
0.000000
0.000000
0.946176
0.000000
0.121129
0.000000
0.000000
0.000000
0.000000
0.000000
0.000000
0.650190
0.000000
0.000000
2.531189
0.000000
0.000000
0.000000
1.339336
0.066385
2.185082
1.316427
0.000000
0.313981
0.000000
0.000000
0.000000
1.088295
0.000000
0.000000
0.269955
0.000000
0.000000
0.637479
0.000000
0.000000
0.000000
0.000000
0.000000
0.000000
0.000000
2.020492
0.000000
0.069672
0.198368
0.000000
0.000000
0.000000
2.045611
2.281833
0.000000
0.000000
0.000000
0.000000
0.000000
0.000000
0.000000
0.222415
0.000000
0.000000
0.000000
0.000000
0.000000
0.000000
0.000000
0.000000
0.000000
0.000000
0.000000
0.000000
0.023205
0.000000
0.000000
0.000000
0.000000
0.182932
0.000000
0.077203
0.000000
0.000000
0.000000
0.599628
0.000000
0.000000
0.000000
0.000000
0.000000
0.000000
0.000000
0.000000
0.911373
0.000000
0.000000
1.568483
0.000000
0.000000
0.368534
2.331350
0.787685
0.559483
0.093814
0.000000
0.000000
0.244947
0.590658
1.285238
0.000000
2.057306
0.000000
0.000000
0.000000
0.000000
0.000000
0.000000
0.000000
0.000000
0.564641
0.000000
0.000000
0.000000
0.000000
1.274526
0.000000
0.000000
0.000000
0.000000
0.000000
0.749296
0.000000
0.000000
0.000000
0.028796
0.000000
0.000000
0.000000
0.000000
1.439908
0.000000
0.000000
0.000000
1.408311
0.000000
0.000000
0.000000
0.000000
0.000000
2.493298
1.280258
0.000000
0.000000
0.841766
0.000000
2.335123
0.182948
0.000000
0.221106
0.000000
0.000000
3.574302
0.000000
0.014992
1.052830
0.000000
0.000000
0.000000
0.000000
0.000000
0.000000
0.000000
0.000000
0.789146
0.000000
0.000000
1.190766
0.000000
0.000000
0.000000
0.000000
0.000000
0.000000
0.000000
0.000000
3.132887
0.929338
0.000000
0.504629
0.613741
0.000000
0.000000
0.000000
1.027863
1.495649
0.000000
0.000000
0.000000
0.000000
0.008508
0.000000
0.000000
0.000000
0.000000
0.000000
0.000000
0.111793
0.000000
0.000000
0.000000
0.000000
0.000000
0.000000
0.000000
0.000000
0.000000
0.000000
0.306063
0.000000
0.000000
0.000000
0.000000
0.000000
0.000000
0.000000
0.000000
0.000000
0.000000
0.233899
0.051619
0.226401
0.000000
0.000000
0.000000
0.000000
0.050675
0.000000
0.000000
0.000000
0.000000
0.000000
0.000000
0.000000
0.953190
0.000000
0.000000
0.000000
0.000000
0.000000
0.000000
0.000000
0.000000
0.000000
0.000000
0.000000
0.000000
0.000000
0.000000
1.714094
0.000000
0.000000
0.000000
0.049558
2.243702
0.000000
0.000000
0.000000
0.000000
0.000000
0.000000
0.000000
0.000000
0.000000
0.000000
0.000000
0.000000
0.000000
0.000000
0.000000
0.000000
0.000000
0.000000
0.000000
0.970800
1.820631
0.000000
0.000000
0.000000
0.000000
0.076841
0.000000
0.000000
0.859285
0.000000
0.000000
2.356476
0.000000
0.000000
0.000000
0.000000
0.000000
0.000000
0.000000
0.000000
0.000000
0.000000
0.000000
0.072013
0.000000
0.000000
0.000000
0.000000
0.000000
0.000000
0.000000
0.000000
0.000000
1.030836
0.000000
0.106647
0.070851
0.000000
2.424538
0.000000
0.229860
0.000000
0.000000
1.078356
0.193168
0.000000
0.000000
0.101262
3.046102
1.141914
0.000000
0.000000
0.000000
0.000000
0.000000
0.000000
0.000000
0.000000
2.123624
0.780959
0.000000
0.000000
0.000000
0.000000
0.000000
0.000000
0.000000
0.000000
1.104628
0.212902
0.051501
0.000000
4.223840
0.000000
0.000000
0.000000
0.000000
0.977476
0.500877
0.000000
0.000000
0.451324
0.000000
0.085143
0.000000
0.000000
0.000000
0.000000
0.000000
0.000000
0.000000
0.000000
0.000000
0.000000
0.000000
0.000000
1.878429
0.000000
0.000000
0.000000
0.000000
0.000000
0.000000
0.000000
0.000000
0.000000
0.000000
0.000000
0.000000
0.159291
0.000000
0.000000
1.681650
0.000000
0.082492
0.000000
0.000000
0.000000
0.000000
0.000000
0.000000
0.000000
0.000000
0.000000
0.000000
0.000000
0.724013
0.000000
0.000000
0.907103
0.000000
0.000000
0.000000
0.000000
0.000000
0.000000
0.000000
0.000000
0.000000
0.000000
0.000000
0.000000
0.000000
0.000000
0.000000
0.000000
0.000000
0.548409
0.000000
0.920853
0.000000
0.000000
0.614969
0.000000
0.000000
2.397697
0.000000
0.000000
0.000000
0.000000
0.000000
0.000000
0.000000
0.000000
0.000000
2.572075
0.000000
2.770753
0.000000
0.000000
0.580926
0.000000
0.000000
0.000000
0.250646
2.077525
0.000000
0.000000
1.605969
0.000000
0.000000
0.185081
0.000000
0.000000
0.000000
0.000000
0.000000
0.000000
0.000000
0.000000
0.000000
1.645757
1.361011
0.000000
1.344683
0.604750
0.020370
0.000000
0.000000
0.000000
0.000000
0.000000
0.000000
0.457262
0.000000
1.132570
1.278041
5.270471
0.000000
0.000000
0.000000
0.000000
0.000000
0.000000
0.000000
0.000000
0.398615
1.522703
0.000000
0.000000
0.000000
0.000000
0.000000
1.038329
0.000000
0.000000
0.000000
0.000000
0.000000
0.000000
1.771719
0.000000
0.000000
0.000000
0.000000
0.000000
0.094569
0.000000
0.000000
0.000000
0.000000
0.000000
0.000000
2.615636
0.000000
0.000000
0.000000
0.000000
0.000000
0.000000
0.000000
0.412196
0.000000
0.000000
0.000000
0.000000
0.000000
0.000000
0.000000
0.000000
0.000000
0.000000
0.392691
0.024822
0.000000
0.000000
0.000000
0.000000
2.327142
0.000000
0.000000
0.019490
0.059733
0.984891
0.000000
0.000000
0.000000
0.000000
0.000000
1.465633
0.000000
0.000000
0.000000
0.000000
0.000000
0.000000
0.000000
0.000000
0.000000
0.000000
0.000000
0.000000
0.000000
0.000000
0.000000
0.000000
0.000000
0.000000
0.000000
0.561784
0.000000
0.000000
2.836753
0.000000
0.000000
0.000000
1.494038
0.000000
0.000000
0.000000
2.601162
0.823561
0.205687
1.021215
0.000000
0.000000
0.000000
0.000000
0.000000
0.561144
4.130507
0.520831
0.000000
0.000000
0.000000
0.415393
0.000000
0.000000
0.000000
0.000000
0.000000
0.000000
0.000000
0.000000
0.000000
0.587391
1.753383
0.000000
0.000000
0.000000
0.000000
1.447552
0.000000
0.000000
0.000000
0.000000
0.000000
0.000000
2.167357
0.000000
0.000000
0.000000
0.000000
0.000000
0.000000
0.000000
0.000000
0.000000
0.000000
0.000000
0.826947
1.132917
0.000000
0.000000
0.000000
1.520670
0.000000
0.000000
0.000000
0.000000
0.000000
0.000000
0.000000
0.000000
0.039260
0.000000
0.000000
0.000000
0.000000
0.000000
0.000000
0.000000
0.000000
0.000000
0.000000
0.000000
0.000000
0.000000
0.000000
0.000000
0.000000
0.000000
0.242325
0.000000
0.283364
0.812354
0.000000
0.249993
0.000000
0.408774
1.325606
0.000000
0.000000
0.000000
0.000000
0.000000
0.000000
0.000000
0.000000
0.000000
0.851264
0.000000
0.000000
0.000000
0.000000
0.000000
0.000000
0.000000
0.000000
0.000000
0.000000
0.000000
0.000000
0.000000
0.000000
0.000000
0.000000
0.000000
0.099170
0.000000
0.000000
1.742533
0.000000
0.000000
0.000000
0.000000
0.000000
0.000000
0.239395
0.000000
0.000000
0.000000
0.000000
0.000000
0.000000
0.000000
0.793091
1.993136
0.923245
0.000000
0.000000
0.000000
0.368662
0.000000
0.000000
0.000000
0.000000
0.000000
2.934584
0.000000
0.000000
0.000000
0.000000
0.000000
0.000000
0.000000
0.000000
0.000000
0.000000
0.275807
0.122665
0.000000
0.000000
0.000000
0.000000
0.000000
0.000000
0.000000
0.000000
0.000000
0.000000
0.000000
0.000000
0.000000
0.000000
0.000000
0.673845
0.000000
0.000000
0.000000
0.000000
0.000000
0.000000
0.000000
0.000000
0.000000
0.000000
0.000000
0.000000
0.000000
0.000000
0.239004
0.000000
0.000000
0.000000
0.000000
1.684999
0.000000
0.000000
0.079930
0.909438
0.000000
0.466512
0.000000
0.000000
0.000000
1.179365
0.000000
0.000000
0.656669
0.000000
0.000000
0.000000
0.000000
0.063497
1.411144
0.177200
0.000000
0.000000
0.000000
0.000000
0.000000
0.000000
0.000000
0.000000
2.013462
0.000000
0.797531
0.000000
0.000000
0.000000
0.857551
0.000000
0.000000
0.762176
0.000000
0.000000
0.000000
0.000000
0.000000
0.000000
0.000000
0.000000
0.000000
0.000000
0.000000
0.000000
0.000000
0.000000
1.650551
0.000000
0.000000
0.000000
0.000000
0.000000
0.000000
0.000000
0.000000
0.000000
0.000000
0.000000
1.940376
0.000000
0.441093
0.000000
0.000000
0.000000
0.000000
0.000000
0.000000
0.383079
0.000000
1.417041
0.324454
0.000000
0.000000
0.000000
0.442435
0.000000
0.000000
0.000000
0.000000
1.178704
0.000000
0.000000
0.684457
0.775218
0.000000
0.000000
0.000000
1.303538
0.000000
0.000000
0.000000
0.000000
0.280730
0.000000
0.000000
0.000000
0.000000
1.043110
0.000000
0.000000
0.000000
0.657521
2.749915
0.000000
0.000000
0.000000
0.000000
0.000000
0.000000
0.000000
0.000000
0.000000
0.000000
1.290501
0.000000
0.000000
0.946577
0.000000
0.340876
0.000000
1.961573
0.000000
0.000000
0.000000
0.000000
0.000000
0.870553
0.000000
0.000000
0.150497
0.717177
0.173300
2.604361
0.000000
0.000000
0.000000
0.000000
0.000000
0.997413
0.000000
0.322793
0.000000
0.000000
0.000000
0.000000
0.000000
0.000000
0.000000
0.000000
0.000000
0.000000
0.000000
0.000000
1.089461
0.000000
0.000000
0.000000
0.000000
0.000000
0.000000
0.000000
0.000000
0.000000
0.000000
1.035072
0.000000
0.000000
1.997825
0.000000
0.308367
1.602803
0.351377
0.000000
0.000000
0.000000
0.000000
0.000000
0.000000
0.000000
0.000000
0.000000
0.154952
0.000000
0.000000
0.000000
0.031000
1.124146
0.000000
0.000000
0.000000
1.144525
0.000000
0.884826
0.000000
0.000000
0.000000
0.000000
0.000000
0.000000
0.173016
1.831079
0.000000
0.000000
2.126619
0.000000
0.000000
0.000000
0.000000
0.000000
0.000000
0.000000
0.000000
0.000000
0.000000
0.000000
0.000000
0.000000
2.315430
0.000000
0.000000
0.000000
0.000000
0.000000
0.000000
0.000000
0.000000
0.000000
0.000000
0.000000
0.000000
0.000000
0.000000
0.000000
0.000000
2.711003
0.000000
0.000000
0.000000
0.000000
0.000000
0.981143
0.000000
0.000000
1.990065
0.000000
0.000000
0.000000
0.000000
0.000000
1.759869
0.000000
0.000000
0.000000
0.000000
0.000000
0.331485
0.000000
0.000000
0.000000
0.000000
0.000000
1.331433
0.000000
0.000000
0.000000
0.000000
0.029914
0.000000
0.000000
1.409463
0.000000
0.000000
0.000000
0.000000
0.000000
0.000000
0.000000
0.000000
2.583278
0.000000
0.148290
0.000000
0.000000
0.000000
3.538449
0.000000
1.028640
2.885576
0.000000
0.000000
0.000000
0.000000
0.000000
0.000000
1.461929
0.000000
0.000000
0.000000
0.000000
2.219865
0.000000
0.000000
0.000000
0.000000
0.000000
0.000000
0.000000
0.000000
3.914651
0.000000
0.990787
0.000000
0.000000
0.000000
0.000000
0.000000
0.000000
0.000000
0.000000
0.127039
0.000000
0.000000
1.014369
0.000000
0.000000
0.000000
0.000000
0.000000
1.846518
0.000000
0.000000
1.307498
0.000000
0.000000
0.125272
0.000000
1.989015
0.954916
1.997305
2.623682
0.000000
0.605648
0.000000
0.000000
0.000000
0.000000
0.000000
0.000000
0.000000
1.617760
0.000000
0.718741
0.000000
0.000000
0.000000
0.730472
0.000000
0.000000
0.000000
2.267580
0.000000
0.000000
0.624698
0.000000
0.000000
0.000000
0.000000
0.000000
0.000000
0.352562
0.000000
0.085043
0.000000
0.301300
0.000000
0.000000
0.000000
0.000000
0.000000
0.000000
0.000000
0.000000
0.000000
0.000000
0.456781
0.000000
0.000000
0.000000
0.000000
0.000000
0.000000
0.523095
0.000000
0.000000
0.000000
0.000000
0.000000
2.114588
0.000000
0.000000
0.000000
0.000000
0.000000
0.000000
0.000000
0.000000
0.000000
0.000000
0.000000
0.359961
0.000000
0.000000
0.435059
0.815780
0.818571
0.000000
0.000000
0.000000
0.293951
2.153250
0.000000
0.000000
0.000000
0.000000
0.000000
0.000000
0.000000
0.000000
0.000000
0.000000
0.000000
0.000000
0.000000
0.000000
0.000000
0.000000
0.000000
0.450763
0.000000
0.000000
1.430851
0.000000
0.000000
0.000000
0.000000
0.000000
0.000000
0.000000
2.450718
1.466299
0.000000
0.000000
1.338643
0.000000
0.000000
0.000000
0.000000
0.000000
0.506341
1.986162
0.301236
0.000000
0.945449
0.000000
0.000000
0.000000
0.489356
0.000000
1.055017
0.000000
0.000000
0.000000
0.000000
2.491974
0.000000
0.000000
0.000000
0.000000
0.000000
0.000000
0.000000
0.000000
1.294140
0.000000
0.633976
0.000000
0.167532
0.287835
0.000000
0.000000
0.000000
0.000000
0.000000
0.000000
0.061893
0.000000
0.000000
0.000000
0.536288
0.000000
0.000000
0.000000
0.000000
0.000000
0.000000
0.000000
0.000000
0.000000
0.000000
0.000000
2.745340
0.000000
0.000000
0.000000
0.000000
0.000000
0.000000
0.000000
0.000000
0.000000
0.079308
0.000000
0.000000
0.000000
0.000000
0.000000
0.000000
0.000000
0.000000
0.000000
0.000000
0.000000
0.000000
0.000000
0.000000
0.000000
2.847597
0.000000
0.000000
0.000000
2.158132
0.459104
0.000000
0.000000
0.000000
0.000000
0.000000
0.000000
0.000000
0.000000
0.000000
0.000000
0.000000
0.000000
0.000000
0.000000
0.000000
0.000000
0.000000
0.000000
0.000000
0.206557
1.308812
0.000000
0.000000
0.000000
0.000000
0.000000
0.000000
0.000000
1.755289
0.000000
0.000000
0.000000
0.000000
0.000000
0.000000
0.000000
0.000000
0.000000
0.291883
0.000000
0.000000
3.437947
0.000000
0.000000
0.000000
0.000000
0.000000
0.705735
0.684122
0.000000
0.000000
0.000000
0.074841
0.000000
0.000000
0.000000
0.000000
0.296669
0.000000
0.000000
0.000000
0.000000
0.000000
0.000000
0.000000
0.000000
0.000000
0.000000
0.323538
2.528940
0.000000
0.000000
0.000000
0.397387
2.165125
0.000000
0.000000
0.000000
0.000000
