0.000000
0.545101
0.000000
0.000000
0.000000
0.000000
0.000000
0.000000
0.000000
0.000000
0.000000
0.000000
0.000000
1.027336
0.000000
0.000000
0.000000
0.893806
0.000000
0.000000
0.000000
0.000000
0.442044
0.151348
0.000000
0.308001
0.556006
0.000000
0.769787
0.000000
0.000000
0.000000
0.000000
0.209026
0.000000
0.000000
0.000000
0.000000
0.000000
1.198444
0.000000
0.000000
0.000000
0.000000
0.000000
1.262995
0.000000
1.026327
0.000000
0.000000
0.631499
0.000000
0.000000
0.000000
0.000000
0.000000
0.000000
0.000000
0.000000
0.000000
0.000000
0.191422
0.000000
0.367491
0.000000
0.000000
0.000000
0.000000
0.000000
0.000000
0.000000
0.000000
0.000000
0.000000
0.000000
0.000000
0.000000
0.000000
0.000000
0.000000
0.000000
0.000000
0.000000
0.000000
0.000000
0.000000
0.000000
0.000000
0.000000
0.000000
1.240221
0.476836
0.000000
1.602772
1.270512
0.000000
1.128364
0.000000
0.654966
0.000000
0.000000
0.451828
0.000000
0.000000
0.129823
0.000000
0.000000
0.000000
1.484894
0.000000
0.545963
1.929416
0.000000
0.000000
0.000000
0.000000
0.000000
0.000000
0.000000
0.000000
0.000000
0.000000
0.000000
0.000000
0.000000
0.000000
0.000000
0.000000
0.000000
0.771156
2.008260
0.000000
0.000000
0.000000
0.000000
0.000000
0.000000
1.163324
0.000000
0.000000
0.000000
0.000000
0.000000
0.000000
0.000000
0.000000
0.363168
0.322329
1.458707
0.752846
0.000000
0.000000
0.000000
0.000000
0.000000
0.173877
0.000000
0.000000
0.000000
0.000000
1.401430
0.017808
0.227289
0.000000
0.000000
0.000000
1.453588
0.000000
0.000000
0.000000
0.000000
0.000000
0.000000
0.000000
0.000000
0.000000
0.085523
0.000000
1.522517
0.000000
0.000000
0.299841
0.803955
0.000000
0.000000
0.000000
0.000000
0.002449
0.000000
0.000000
0.000000
0.000000
0.838467
0.000000
0.000000
0.000000
0.341774
0.000000
0.546547
0.000000
0.000000
0.000000
0.000000
0.741796
0.000000
0.000000
2.437718
0.735077
0.000000
0.000000
0.000000
0.000000
2.175058
1.286356
0.000000
0.000000
0.000000
0.261825
2.285560
3.077140
0.000000
0.604234
0.000000
0.913101
0.000000
1.309125
0.000000
0.000000
0.000000
0.000000
0.000000
0.000000
0.000000
0.000000
0.000000
0.000000
0.000000
0.249701
0.000000
0.000000
0.000000
0.000000
0.000000
0.276075
0.222024
0.000000
0.000000
0.000000
0.486247
0.000000
0.000000
0.000000
0.000000
0.000000
0.696185
0.000000
0.000000
0.000000
0.000000
1.069688
0.000000
0.133056
0.000000
0.000000
0.000000
0.000000
0.000000
0.000000
0.000000
0.567452
0.000000
0.000000
0.000000
0.000000
0.000000
0.000000
0.000000
0.032217
0.000000
0.000000
0.000000
0.000000
0.000000
1.932022
0.210065
1.398114
0.000000
0.000000
0.000000
0.000000
0.000000
0.000000
0.000000
0.000000
0.000000
1.220289
0.000000
0.000000
0.602760
0.476888
0.000000
0.000000
0.000000
0.000000
0.000000
0.000000
0.000000
0.000000
0.000000
0.000000
0.000000
1.350569
0.574795
0.331744
0.000000
0.091709
0.000000
0.000000
0.000000
0.000000
0.000000
0.133811
0.000000
0.000000
0.000000
0.000000
0.000000
0.000000
0.639411
0.000000
0.000000
0.000000
0.828990
0.000000
0.000000
0.088117
0.000000
0.000000
0.000000
0.899495
0.000000
0.000000
0.000000
0.000000
0.144867
0.311917
0.000000
0.000000
0.000000
0.000000
0.000000
0.000000
0.488665
0.317744
0.000000
0.179149
1.644128
0.252478
0.000000
0.035598
0.000000
0.000000
0.000000
0.000000
0.419801
0.000000
0.000000
0.049177
0.710962
0.000000
0.000000
0.000000
0.000000
0.000000
0.000000
0.000000
0.000000
0.331037
0.000000
0.000000
0.000000
0.000000
0.406428
1.550548
0.000000
0.000000
0.000000
0.000000
0.000000
0.602016
0.000000
0.000000
0.000000
0.000000
0.000000
0.000000
0.000000
0.355151
0.000000
2.001009
0.000000
0.000000
0.000000
0.000000
0.000000
0.000000
0.000000
0.000000
0.000000
0.000000
2.018141
0.224845
0.000000
0.000000
0.000000
0.000000
0.000000
0.000000
0.000000
0.000000
0.000000
0.818690
0.000000
0.225364
3.222063
0.374346
0.034401
0.000000
0.000000
0.000000
0.000000
0.000000
0.059918
0.000000
0.724998
0.000000
2.132747
0.736155
0.098023
0.000000
0.000000
0.000000
0.765263
0.000000
0.000000
0.000000
0.000000
0.000000
0.000000
3.492469
0.000000
0.000000
0.719558
0.000000
0.984858
0.000000
0.089145
0.000000
0.000000
0.000000
1.242712
0.671790
0.000000
0.000000
0.000000
0.000000
0.000000
0.000000
0.000000
0.000000
0.000000
0.851755
0.000000
0.000000
0.000000
0.000000
0.000000
0.328669
0.000000
0.000000
1.724918
0.000000
0.000000
0.000000
0.000000
0.000000
4.348243
0.000000
0.000000
0.982387
1.096043
0.000000
0.000000
0.000000
0.000000
0.000000
0.000000
0.591079
0.488138
0.000000
0.223327
0.000000
0.133673
0.000000
0.000000
0.000000
0.000000
1.146483
0.000000
0.000000
0.000000
0.000000
0.000000
0.000000
0.000000
0.000000
0.000000
0.925419
0.000000
0.000000
0.000000
0.000000
0.937647
0.470395
0.721643
0.718784
0.000000
0.000000
0.000000
0.000000
0.705267
0.000000
0.178251
0.000000
0.516325
0.615594
0.000000
2.468000
1.007519
0.000000
0.919978
0.000000
0.000000
0.044478
0.000000
0.000000
1.492728
0.000000
0.000000
2.950521
0.000000
0.000000
0.000000
0.000000
0.000000
0.000000
0.000000
0.000000
0.000000
0.000000
0.000000
0.000000
0.000000
0.000000
0.000000
0.000000
0.000000
0.000000
0.000000
0.000000
0.000000
0.000000
0.000000
0.481175
0.000000
0.814310
0.000000
0.000000
0.000000
0.554801
0.000000
0.000000
0.000000
0.000000
0.000000
0.000000
1.043530
0.000000
1.831570
0.000000
0.000000
0.000000
0.000000
0.000000
0.842462
0.000000
0.000000
1.488390
0.000000
0.000000
0.000000
0.000000
0.125729
2.156920
0.000000
0.000000
0.000000
0.000000
0.000000
0.000000
0.000000
0.000000
0.000000
0.000000
0.000000
1.583262
0.569420
0.000000
1.649389
0.000000
0.000000
1.375602
0.163196
0.000000
0.000000
0.000000
0.000000
0.000000
0.000000
0.469703
0.000000
0.000000
0.000000
0.915607
0.000000
0.000000
0.000000
1.568429
0.000000
0.916193
0.000000
0.000000
0.000000
0.000000
0.000000
0.000000
0.105995
1.455387
0.289983
0.000000
0.000000
0.000000
0.000000
0.000000
0.000000
0.000000
0.000000
0.000000
0.000000
0.000000
0.000000
0.000000
0.000000
0.449677
0.000000
0.444886
0.000000
0.000000
0.000000
1.407831
0.000000
0.000000
0.886631
0.000000
1.533448
0.000000
0.000000
0.000000
0.000000
0.000000
0.000000
1.323847
0.000000
0.000000
0.000000
0.000000
0.000000
0.046316
0.000000
0.000000
0.000000
0.000000
0.000000
0.660546
0.000000
1.448679
0.000000
0.000000
0.000000
0.000000
0.240115
0.000000
0.000000
0.351131
0.000000
0.000000
0.000000
0.247995
0.000000
0.000000
0.337320
0.000000
0.000000
0.000000
0.000000
0.000000
1.058450
0.000000
0.000000
0.000000
0.000000
2.537556
0.284585
0.104223
0.000000
0.000000
1.657092
2.723982
0.000000
0.000000
0.585182
0.000000
0.000000
0.586723
0.000000
0.000000
0.000000
1.886754
0.000000
0.000000
0.000000
0.000000
0.000000
0.000000
4.231527
0.000000
0.931475
0.000000
0.000000
0.000000
0.000000
0.000000
0.000000
0.000000
1.794882
0.000000
0.000000
0.000000
0.000000
0.000000
0.000000
2.606744
0.000000
0.000000
0.000000
0.000000
0.000000
0.235224
0.000000
0.000000
0.000000
0.000000
0.000000
0.000000
1.380155
0.000000
0.407185
0.000000
0.000000
0.000000
0.000000
0.000000
0.000000
0.000000
0.000000
0.000000
0.000000
0.000000
0.000000
0.000000
0.000000
0.000000
0.000000
0.000000
0.000000
0.089153
0.000000
0.000000
0.863978
0.000000
0.000000
0.000000
0.000000
0.000000
0.000000
0.000000
0.000000
0.000000
0.000000
0.000000
0.000000
0.000000
0.197379
0.000000
0.000000
0.000000
0.000000
0.000000
0.000000
0.000000
0.000000
0.000000
0.000000
0.000000
0.000000
0.000000
0.000000
0.000000
0.000000
0.000000
0.000000
0.000000
0.000000
0.000000
0.000000
0.000000
0.753488
0.739743
1.109882
0.000000
0.000000
0.000000
0.000000
0.000000
0.767996
0.000000
0.921253
3.675289
0.000000
0.000000
0.000000
0.000000
0.000000
0.000000
0.000000
0.000000
0.355860
0.000000
0.453695
0.000000
0.633949
0.000000
0.000000
0.000000
0.000000
0.000000
0.000000
0.000000
0.000000
0.000000
0.000000
0.000000
0.000000
0.130239
0.893764
0.000000
0.000000
0.000000
0.473062
0.000000
0.000000
0.000000
0.300113
0.000000
0.000000
0.726421
0.000000
0.000000
0.000000
0.536946
0.000000
2.612542
0.000000
0.000000
0.000000
0.000000
0.252633
0.000000
0.000000
0.159457
0.000000
0.000000
0.296045
0.000000
0.000000
0.000000
0.000000
0.000000
0.000000
0.000000
0.000000
0.000000
1.083484
0.000000
0.000000
0.252464
0.000000
0.000000
0.000000
0.000000
0.000000
0.000000
0.000000
0.000000
0.000000
0.000000
0.000000
0.000000
0.000000
0.000000
0.000000
0.493631
0.000000
0.000000
0.000000
0.000000
0.000000
0.000000
1.371689
0.514368
0.000000
0.000000
0.000000
0.000000
0.000000
2.889783
0.000000
0.000000
0.000000
1.241129
0.000000
0.000000
2.075755
0.000000
0.000000
0.000000
0.000000
0.000000
0.000000
0.000000
0.000000
0.000000
0.072817
0.000000
0.000000
0.000000
0.000000
1.684964
0.000000
0.000000
0.000000
0.292998
1.099950
0.000000
2.008675
0.000000
0.846876
0.000000
0.312965
0.000000
0.000000
0.411021
0.000000
0.000000
0.000000
0.000000
0.735721
0.000000
0.000000
0.000000
0.000000
0.000000
0.000000
0.000000
1.518884
0.000000
0.000000
0.000000
0.354640
0.060536
0.000000
0.000000
0.000000
0.000000
0.000000
0.000000
0.377375
0.662316
1.017248
0.000000
0.272281
0.660365
0.000000
0.000000
0.000000
0.000000
0.000000
0.293247
0.000000
0.000000
0.647384
0.000000
0.000000
0.000000
0.000000
0.000000
0.000000
0.000000
0.411494
1.216318
0.000000
0.372727
0.000000
0.000000
0.000000
0.000000
0.000000
0.000000
0.000000
0.000000
0.000000
0.000000
0.061224
0.202029
0.000000
0.000000
0.000000
0.000000
0.000000
0.000000
0.000000
1.424055
0.578139
0.000000
0.395991
0.677567
0.293812
0.000000
0.000000
0.000000
0.000000
0.000000
0.000000
0.000000
0.000000
0.000000
0.000000
0.000000
0.000000
0.000000
0.000000
0.073257
0.000000
1.342165
0.000000
0.000000
0.000000
0.000000
0.000000
0.000000
0.000000
0.000000
0.000000
0.000000
0.000000
0.000000
0.000000
0.000000
0.000000
0.967159
0.000000
0.000000
0.000000
0.000000
0.000000
0.000000
0.000000
0.000000
0.000000
0.000000
0.426115
0.000000
0.000000
0.000000
0.000000
1.279767
1.137083
0.000000
0.000000
0.000000
0.000000
0.000000
0.000000
0.486458
0.394732
0.000000
0.738843
0.000000
0.000000
0.000000
0.000000
0.423615
0.000000
0.000000
0.000000
0.000000
0.000000
0.000000
0.000000
1.005121
0.000000
0.000000
0.000000
0.000000
0.000000
0.000000
0.000000
0.000000
2.698002
0.000000
0.000000
0.000000
0.000000
0.241787
0.000000
0.000000
0.000000
0.000000
0.000000
0.000000
0.000000
0.000000
0.000000
0.000000
0.000000
0.000000
0.000000
0.000000
0.000000
0.000000
0.000000
0.000000
0.125271
0.000000
0.000000
0.000000
4.076708
1.688717
0.000000
1.527035
0.050811
0.000000
2.221262
0.000000
0.000000
0.000000
0.000000
2.478823
0.000000
1.256759
0.262432
0.000000
1.095214
0.000000
0.000000
0.000000
0.000000
0.826083
0.000000
0.000000
0.000000
0.576124
2.041495
0.000000
0.000000
0.333609
0.000000
0.000000
0.000000
0.000000
0.000000
0.000000
0.000000
0.003124
0.000000
0.366952
0.000000
0.000000
0.000000
0.000000
0.218143
0.000000
0.382851
0.000000
0.000000
0.000000
0.000000
0.000000
0.000000
0.000000
0.000000
0.000000
0.000000
0.000000
0.000000
0.000000
0.000000
0.000000
0.138566
0.000000
0.000000
0.000000
0.000000
0.158961
0.000000
2.861268
0.000000
0.000000
0.000000
0.472811
1.785997
0.659230
0.000000
0.428055
0.813436
0.000000
0.000000
0.000000
0.247928
0.000000
0.000000
0.000000
0.000000
0.857073
0.000000
0.000000
0.000000
1.052080
0.000000
0.000000
0.000000
0.284957
0.000000
0.000000
0.000000
0.000000
0.740730
0.000000
0.381224
0.000000
0.000000
0.000000
0.116845
1.016610
0.000000
0.094590
0.000000
0.000000
0.000000
0.000000
0.000000
0.000000
0.000000
0.110434
0.000000
1.244498
0.000000
0.000000
0.000000
0.000000
0.000000
0.000000
0.000000
0.000000
0.000000
0.000000
0.000000
0.609549
0.000000
0.000000
0.000000
0.000000
0.000000
0.000000
0.000000
0.000000
0.444789
0.000000
0.000000
0.000000
0.000000
0.000000
0.000000
0.000000
0.000000
0.213643
0.000000
0.000000
0.000000
0.000000
0.000000
0.000000
0.000000
0.000000
0.064986
0.000000
0.427020
0.000000
0.000000
0.000000
0.000000
0.000000
0.000000
0.000000
0.000000
0.000000
0.000000
1.032169
0.000000
0.000000
0.000000
0.000000
0.000000
1.034496
0.000000
0.000000
0.000000
0.000000
0.000000
0.136423
0.000000
0.000000
0.322492
0.000000
0.621145
0.457669
0.000000
2.161438
0.000000
0.000000
0.000000
0.050392
0.000000
0.000000
0.000000
0.000000
0.166522
0.984961
0.000000
0.000000
0.000000
0.000000
1.125659
0.000000
0.000000
0.000000
0.000000
0.000000
0.000000
0.000000
0.000000
0.000000
0.000000
0.000000
0.000000
0.000000
0.000000
0.000000
0.000000
0.000000
0.632774
0.000000
0.958168
0.000000
0.855978
0.000000
0.000000
0.746889
0.000000
0.000000
0.000000
0.000000
0.531728
0.184528
0.000000
0.000000
0.000000
1.262822
0.000000
0.000000
0.000000
0.135258
0.340595
0.736307
0.000000
0.000000
0.000000
0.000000
0.454334
0.644805
0.000000
0.000000
0.739881
0.000000
0.000000
0.000000
0.198322
0.000000
0.000000
0.000000
0.000000
0.000000
0.000000
0.000000
0.185421
0.000000
0.000000
0.000000
0.000000
0.000000
0.000000
0.000000
0.000000
0.000000
0.000000
0.000000
0.000000
0.000000
0.000000
0.000000
0.000000
0.000000
0.132774
0.000000
0.000000
1.554941
0.000000
0.000000
0.000000
0.622271
0.000000
0.000000
0.000000
0.000000
0.000000
0.000000
0.000000
0.000000
0.000000
0.000000
0.900259
0.000000
0.000000
0.000000
0.000000
0.000000
0.000000
0.000000
0.000000
0.492834
0.000000
0.000000
0.607379
1.465642
0.000000
0.170003
0.000000
0.356774
0.000000
0.000000
0.000000
0.000000
0.000000
0.000000
1.734038
0.000000
0.000000
0.099709
0.000000
0.000000
0.000000
0.000000
0.000000
1.400884
1.002890
0.445363
0.408479
0.000000
0.000000
0.000000
0.000000
0.000000
0.000000
0.000000
0.000000
0.000000
0.000000
1.674860
0.000000
0.000000
0.000000
0.000000
0.000000
0.360543
0.857199
0.000000
0.000000
0.465283
0.530316
0.000000
0.000000
0.000000
0.000000
0.966355
0.000000
0.000000
0.000000
0.000000
0.000000
0.000000
0.000000
0.000000
0.000000
0.588964
0.552432
0.000000
0.000000
0.009564
0.000000
0.861802
0.000000
0.000000
0.000000
0.000000
0.000000
0.000000
0.000000
0.000000
0.000000
0.000000
0.000000
0.000000
0.000000
0.000000
0.000000
0.000000
0.000000
0.000000
0.000000
0.000000
0.000000
0.000000
0.000000
1.337895
0.000000
0.274150
0.273171
0.000000
0.000000
0.570764
0.000000
0.000000
0.000000
0.000000
0.000000
0.000000
0.000000
0.000000
0.000000
0.000000
0.000000
3.097740
0.000000
0.000000
1.591161
0.000000
1.478432
1.435125
0.575651
0.000000
0.000000
0.000000
0.000000
0.220320
0.349144
0.000000
0.575113
0.000000
1.565464
0.032315
1.433327
0.000000
0.000000
0.066885
0.000000
0.000000
0.000000
0.000000
0.000000
0.000000
0.874049
0.000000
0.000000
0.000000
0.000000
0.000000
0.000000
0.000000
0.000000
0.199217
0.000000
0.000000
0.000000
0.000000
0.000000
0.248971
0.000000
0.000000
0.000000
0.000000
0.000000
0.784235
0.000000
0.000000
0.000000
0.000000
0.000000
0.000000
0.882428
1.691663
0.000000
0.000000
0.216598
0.000000
0.000000
0.000000
0.000000
0.000000
0.000000
0.000000
0.000000
0.000000
0.000000
0.000000
0.000000
1.463979
0.411444
1.122013
0.000000
0.000000
1.577328
0.034884
1.428806
0.000000
0.649630
0.000000
0.000000
0.662334
0.000000
0.000000
0.000000
0.000000
0.000000
0.852379
0.000000
4.106969
0.000000
0.000000
0.000000
0.000000
0.000000
0.000000
0.000000
0.001006
0.000000
0.000000
0.000000
0.000000
0.000000
0.000000
0.000000
0.543588
0.000000
1.069728
0.000000
0.000000
0.000000
0.224816
0.000000
0.000000
0.531559
0.000000
0.000000
0.000000
0.213691
0.000000
1.145431
0.000000
0.000000
0.000000
0.000000
0.000000
0.000000
0.000000
0.000000
0.000000
0.000000
0.000000
0.096554
0.000000
0.000000
0.000000
0.000000
0.228206
0.000000
0.000000
0.000000
0.451801
0.938109
0.000000
0.000000
0.000000
0.000000
0.000000
0.000000
0.000000
0.000000
0.000000
0.912254
0.000000
0.000000
0.000000
0.000000
0.000000
0.572797
0.000000
0.319284
0.000000
0.751041
0.000000
0.000000
0.000000
0.000000
0.000000
0.000000
0.000000
0.353927
0.497746
0.000000
0.000000
0.000000
0.000000
0.000000
0.000000
0.000000
0.156683
0.000000
0.951059
0.000000
0.000000
0.000000
0.000000
0.000000
0.000000
0.000000
0.000000
1.387239
1.431212
0.193247
0.000000
0.000000
0.000000
0.000000
0.436312
0.234861
1.957396
0.091338
0.000000
0.000000
0.000000
0.000000
0.000000
0.000000
0.091598
0.000000
0.000000
0.000000
0.000000
0.000000
0.598194
0.000000
0.000000
0.000000
1.778478
0.000000
0.000000
0.456526
0.000000
0.000000
1.487727
0.854967
0.053764
0.000000
0.000000
0.000000
0.791097
0.960838
0.000000
0.000000
0.000000
0.666962
0.000000
0.000000
0.000000
1.927962
0.591743
0.000000
0.000000
0.000000
0.000000
0.000000
0.000000
0.000000
0.000000
0.000000
0.000000
0.000000
2.482974
0.000000
0.000000
0.000000
0.745686
0.863780
0.000000
0.000000
0.496126
0.617162
3.418177
0.000000
0.000000
1.750900
0.000000
0.000000
0.000000
2.085198
0.000000
0.000000
0.000000
0.000000
0.133041
0.000000
0.000000
0.000000
0.000000
0.000000
0.000000
0.000000
0.000000
0.000000
0.000000
0.000000
0.000000
0.000000
0.000000
0.000000
0.000000
0.000000
0.138837
0.000000
0.000000
0.861599
0.000000
0.000000
0.000000
0.000000
0.000000
0.000000
0.000000
0.000000
0.000000
0.130305
0.052465
0.000000
0.000000
0.000000
1.231336
0.000000
0.000000
0.000000
0.000000
0.000000
0.000000
0.000000
0.000000
0.361800
0.000000
1.295269
0.000000
0.000000
0.000000
0.000000
0.000000
0.000000
1.349341
0.204397
0.104778
0.000000
0.503665
0.000000
0.000000
0.000000
2.332212
0.000000
1.309423
0.000000
0.000000
0.000000
0.000000
1.726400
0.000000
1.538465
1.105677
0.000000
0.000000
0.000000
0.000000
0.220364
0.000000
0.000000
0.000000
0.000000
0.000000
0.212238
0.000000
0.000000
0.000000
0.000000
0.000000
0.000000
0.000000
0.000000
0.000000
0.000000
0.000000
0.000000
0.000000
0.000000
0.000000
0.000000
0.000000
0.000000
0.000000
0.238264
0.000000
0.000000
0.694373
0.000000
0.000000
0.000000
0.000000
0.000000
0.000000
0.000000
0.000000
0.000000
0.000000
0.000000
0.000000
0.000000
0.637660
0.034029
0.000000
0.000000
0.068195
2.754486
0.100182
0.000000
0.000000
0.000000
0.000000
1.730611
0.000000
0.000000
0.000000
0.000000
0.000000
0.000000
0.000000
0.000000
0.000000
0.850690
0.183397
0.000000
0.000000
0.000000
0.947917
0.000000
0.000000
3.058718
0.000000
0.000000
0.000000
0.000000
0.000000
0.000000
0.000000
0.000000
0.000000
0.000000
0.000000
0.000000
0.215385
0.000000
0.000000
0.000000
0.000000
2.342736
0.000000
0.000000
0.000000
0.295874
0.498436
0.000000
0.000000
0.000000
0.000000
0.000000
0.000000
0.000000
0.000000
0.796451
0.000000
0.000000
0.000000
0.000000
0.838882
0.000000
0.000000
0.000000
0.135573
0.000000
0.000000
0.000000
0.820824
0.000000
0.576852
0.000000
0.000000
0.000000
0.454132
1.344068
0.000000
0.211963
0.000000
0.000000
0.000000
0.000000
0.000000
0.000000
0.000000
0.000000
0.000000
0.000000
0.695179
0.000000
0.000000
0.000000
0.000000
0.000000
0.000000
0.000000
0.000000
0.000000
0.000000
0.000000
0.000000
0.078697
0.000000
0.000000
0.000000
0.000000
0.000000
0.000000
0.000000
0.000000
0.000000
0.000000
0.000000
0.000000
0.000000
0.106302
0.702938
0.419997
0.000000
0.000000
0.000000
0.000000
0.000000
0.000000
0.000000
0.000000
0.000000
0.000000
0.685268
0.488281
0.000000
0.000000
0.000000
0.000000
0.115900
0.000000
0.000000
0.000000
0.000000
0.000000
0.000000
0.000000
0.000000
0.000000
1.334725
0.000000
0.000000
0.000044
0.000000
0.371317
0.000000
0.000000
0.000000
0.000000
0.000000
0.000000
0.000000
0.000000
0.518213
0.000000
0.000000
0.000000
0.000000
0.758378
0.000000
1.737680
0.789284
0.000000
0.000000
0.000000
1.027152
0.340660
0.000000
0.000000
0.000000
0.000000
0.000000
0.000000
0.000000
0.000000
0.206885
0.000000
0.000000
0.000000
0.000000
0.000000
0.783971
0.000000
0.000000
0.268811
0.000000
0.890771
0.000000
0.000000
0.000000
0.375109
0.000000
0.000000
0.000000
0.094017
0.000000
0.000000
0.479907
0.069452
0.000000
0.000000
0.000000
0.000000
0.000000
0.000000
1.173804
0.000000
0.000000
0.000000
0.000000
0.287104
0.110220
0.000000
0.000000
0.000000
0.000000
0.000000
0.000000
0.000000
0.000000
0.000000
0.000000
0.000000
0.000000
0.000000
0.000000
0.000000
0.000000
0.475511
0.000000
0.000000
0.000000
0.000000
0.043374
0.000000
0.000000
0.000000
0.000000
0.000000
0.391101
0.000000
0.000000
0.000000
0.684527
0.000000
0.000000
0.499175
0.000000
0.000000
0.000000
0.662562
0.323445
0.138729
0.000000
0.000000
0.000000
0.000000
0.000000
0.000000
0.000000
0.000000
0.833017
1.856291
0.000000
0.000000
0.363581
0.000000
0.000000
0.000000
0.000000
0.173173
0.000000
0.000000
0.612683
0.323737
1.003009
0.407447
0.000000
3.246728
0.000000
1.195184
0.000000
0.000000
0.000000
1.335722
0.084846
0.000000
0.000000
0.000000
0.000000
0.738949
0.000000
0.000000
0.000000
0.000000
0.160245
0.000000
0.705107
0.000000
0.000000
0.000000
0.000000
0.000000
0.000000
0.000000
0.000000
0.000000
0.000000
0.000000
0.000000
0.951301
1.558504
0.000000
0.000000
0.000000
0.000000
0.000000
0.278061
0.000000
0.313382
0.063742
1.197345
0.000000
0.915127
0.000000
0.000000
0.262694
0.000000
0.000000
0.000000
0.000000
0.000000
0.000000
0.057358
0.402873
0.000000
0.000000
0.956373
0.000000
0.621264
0.000000
0.000000
0.000000
0.000000
0.000000
0.000000
0.000000
0.029846
0.000000
0.000000
0.000000
0.000000
0.000000
0.000000
0.206903
0.000000
0.000000
0.000000
0.000000
1.250095
0.000000
0.000000
0.000000
0.000000
0.000000
0.000000
0.000000
0.507565
1.573656
0.000000
0.000000
0.000000
0.000000
0.000000
0.000000
0.000000
0.000000
0.000000
0.000000
0.000000
0.000000
0.503526
1.355367
0.000000
0.000000
0.000000
0.664296
0.698712
1.167257
0.000000
0.000000
0.000000
0.000000
0.000000
0.214632
0.000000
0.000000
0.000000
0.000000
0.000000
0.000000
0.000000
0.000000
0.557840
0.815168
0.000000
0.000000
0.000000
0.000000
0.000000
0.000000
0.000000
0.000000
0.000000
0.000000
0.000000
0.000000
1.357463
0.000000
0.767875
0.441112
0.000000
0.575751
0.000000
0.000000
0.000000
0.000000
0.283644
0.000000
0.000000
0.000000
0.000000
0.000000
1.196290
0.153787
0.000000
0.000000
2.802078
1.054389
1.290467
0.000000
0.000000
0.000000
0.000000
0.000000
0.000000
0.000000
0.000000
0.000000
0.000000
0.000000
0.117158
0.000000
0.000000
1.588424
0.000000
0.000000
0.000000
1.686210
0.000000
1.342778
0.000000
0.000000
0.000000
0.872268
0.000000
0.000000
0.000000
0.000000
0.000000
0.000000
0.651331
0.000000
0.000000
0.950124
0.000000
0.000000
0.000000
0.000000
0.000000
0.000000
0.000000
0.000000
0.000000
0.000000
0.000000
0.000000
0.000000
1.495034
0.000000
0.000000
0.000000
0.000000
0.000000
0.197314
0.144192
0.000000
0.000000
0.682474
0.000000
0.000000
2.652823
0.000000
0.000000
0.311312
0.000000
0.000000
0.000000
0.000000
0.000000
0.000000
0.000000
1.400671
0.000000
0.000000
0.000000
0.000000
0.000000
0.000000
0.000000
0.117272
0.000000
0.000000
0.000000
0.000000
0.000000
0.000000
0.000000
0.782871
0.000000
1.107480
0.000000
0.000000
3.750599
0.000000
0.000000
0.000000
0.713156
0.000000
0.000000
0.989043
0.406183
0.000000
0.000000
0.000000
0.000000
0.000000
0.000000
0.000000
0.000000
0.146168
0.000000
0.000000
0.000000
3.409651
0.000000
0.000000
2.536708
0.000000
0.000000
0.000000
0.000000
0.000000
0.000000
0.000000
0.000000
0.000000
0.000000
0.000000
0.000000
0.000000
0.000000
0.000000
0.000000
0.109675
2.370164
0.000000
0.000000
0.121795
0.000000
1.085950
0.000000
0.000000
0.000000
0.000000
0.000000
0.000000
0.000000
0.000000
0.000000
0.000000
0.000000
0.000000
0.000000
0.000000
0.000000
0.000000
0.000000
0.000000
0.869941
0.000000
0.000000
0.000000
0.096210
0.000000
0.487485
0.000000
0.201453
1.394413
1.176879
0.317706
0.071765
0.000000
0.000000
0.000000
0.000000
1.200579
0.000000
0.000000
0.000000
1.955687
0.000000
0.000000
0.000000
0.000000
0.000000
0.000000
0.077889
0.000000
0.000000
0.000000
0.000000
0.000000
0.000000
0.116484
0.273574
1.166273
0.000000
0.000000
0.000000
0.000000
0.000000
0.000000
0.000000
0.000000
1.187296
0.000000
0.050558
0.000000
0.000000
0.000000
0.000000
0.000000
0.000000
0.000000
0.000000
0.000000
0.190032
0.000000
0.000000
0.383212
0.000000
0.000000
0.000000
0.000000
0.000000
0.000000
0.000000
0.000000
0.000000
0.000000
0.000000
1.568304
0.000000
0.000000
0.000000
0.000000
0.000000
0.000000
0.043946
0.000000
0.000000
0.000000
0.000000
0.000000
1.161237
0.000000
0.000000
0.000000
0.518736
0.000000
0.000000
0.560541
0.000000
0.000000
0.365790
0.000000
1.168842
0.939239
0.000000
0.000000
2.762808
0.000000
0.000000
0.000000
0.000000
0.000000
0.000000
0.682915
0.000000
0.000000
0.000000
0.000000
0.000000
0.195935
0.000000
0.000000
0.000000
0.000000
0.904482
0.000000
0.000000
0.000000
0.000000
0.277966
1.671793
0.156194
0.000000
0.000000
1.875459
0.594461
0.000000
0.000000
0.000000
0.000000
0.000000
1.378603
0.000000
2.128150
2.292819
0.000000
0.000000
0.000000
0.000000
0.000000
0.000000
0.000000
0.000000
0.000000
0.000000
0.000000
0.000000
0.000000
0.000000
0.000000
0.000000
0.000000
0.000000
0.000000
0.000000
0.000000
0.000000
0.000000
0.255541
0.000000
0.000000
0.000000
0.000000
0.000000
0.000000
0.000000
0.256603
0.000000
0.764920
0.777508
0.000000
0.000000
0.063791
2.088583
0.411886
0.000000
0.226565
0.286231
0.000000
0.000000
0.409755
0.405774
0.000000
1.482404
0.000000
0.000000
0.000000
0.000000
0.000000
0.000000
0.000000
0.000000
0.000000
0.000000
0.000000
0.000000
0.730123
0.051464
0.040853
0.397534
0.000000
0.202312
0.000000
0.543066
0.000000
0.000000
0.000000
0.000000
0.000000
0.000000
0.000000
0.000000
0.000000
0.000000
0.000000
0.000000
0.121609
0.000000
0.000000
0.458425
0.000000
0.000000
2.049720
0.000000
0.668573
0.000000
0.000000
0.000000
0.000000
0.967255
0.000000
0.000000
0.000000
0.000000
1.735267
0.000000
0.933095
0.000000
0.702641
0.000000
0.000000
0.000000
0.000000
0.000000
0.214254
0.000000
0.015597
0.000000
0.000000
0.000415
0.770780
0.000000
0.000000
0.000000
0.000000
0.000000
0.000000
0.000000
0.414495
1.060270
0.523230
0.050998
0.000000
0.000000
0.000000
1.920933
0.000000
0.996448
0.000000
0.237090
0.000000
0.000000
0.000000
0.000000
0.000000
0.000000
0.000000
0.000000
0.000000
0.000000
0.000000
1.887258
0.000000
0.000000
0.000000
0.000000
0.000000
0.000000
0.000000
0.000000
0.000000
0.000000
0.000000
0.000000
0.000000
0.000000
0.000000
0.000000
0.000000
0.000355
0.000000
0.349843
0.542652
0.000000
0.312250
0.000000
0.000000
0.000000
0.000000
0.194738
0.000000
0.202640
0.209566
0.000000
0.000000
0.000000
0.000000
0.000000
0.000000
0.000000
0.000000
0.000000
0.000000
0.000000
0.000000
1.148590
0.000000
0.000000
0.000000
0.000000
0.000000
2.008051
0.000000
0.025326
0.000000
1.658209
1.254363
0.000000
0.668529
0.000000
0.000000
0.000000
0.000000
0.000000
0.000000
0.000000
1.434434
0.000000
0.000000
0.000000
0.000000
0.000000
0.000000
0.000000
0.000000
0.000000
0.000000
0.000000
0.000000
0.000000
0.000000
0.000000
0.000000
0.000000
0.000000
0.000000
0.000000
0.000000
0.917602
0.561672
0.365454
0.000000
0.338391
0.000000
0.000000
0.000000
0.000000
0.117837
0.000000
0.754543
0.068219
0.000000
0.000000
0.000000
0.000000
1.349784
0.000000
0.000000
2.135230
0.000000
0.000000
0.000000
0.214144
0.509652
0.000000
1.333678
0.000000
0.000000
0.000000
0.000000
0.000000
0.000000
0.000000
0.000000
0.000000
0.000000
0.000000
0.000000
0.000000
0.000000
0.000000
0.000000
0.000000
0.000000
0.000000
0.000000
0.000000
0.000000
0.000000
0.000000
0.246587
0.000000
0.000000
0.517341
0.000000
0.000000
1.330537
0.541839
0.000000
0.000000
0.000000
0.394736
0.000000
0.000000
0.000000
0.000000
0.000000
0.000000
0.000000
0.000000
0.000000
0.000000
0.000000
0.000000
0.000000
0.000000
0.000000
0.000000
0.000000
0.000000
0.000000
0.000000
0.000000
0.000000
0.000000
0.000000
0.000000
0.000000
0.000000
0.336198
0.000000
0.000000
0.000000
0.112017
0.000000
0.000000
0.000000
0.000000
0.062015
1.477705
0.291723
0.000000
0.000000
0.000000
0.000000
0.000000
0.000000
0.846956
0.000000
0.000000
0.000000
0.000000
0.000000
2.114938
0.000000
0.000000
0.478928
0.453487
0.000000
0.000000
0.000000
0.389135
0.000000
0.000000
0.115879
0.000000
0.000000
0.000000
0.000000
0.000000
0.138577
0.000000
0.000000
0.000000
0.000000
0.000000
1.700974
0.000000
0.000000
0.569979
0.771856
0.000000
0.701118
1.108832
0.000000
0.000000
0.000000
0.000000
0.000000
0.000000
0.000000
0.120173
1.594703
0.000000
0.251911
0.000000
0.000000
0.000000
0.000000
0.000000
0.000000
0.144402
0.000000
0.000000
0.000000
0.000000
0.000000
0.000000
1.026589
1.057863
0.940455
0.148447
0.000000
0.000000
0.000000
0.000000
0.000000
0.000000
1.711112
1.407582
0.000000
0.592823
2.774883
0.054986
0.000000
0.000000
0.000000
0.000000
0.000000
0.000000
1.719612
0.000000
3.138184
1.000165
1.127960
0.000000
0.000000
0.000000
0.000000
0.000000
0.237681
0.000000
0.000000
0.000000
0.000000
1.029772
0.309642
0.000000
0.000000
0.000000
0.811753
0.000000
0.000000
0.000000
0.000000
0.000000
0.000000
1.498625
0.000000
0.000000
0.002959
0.000000
0.000000
0.000000
0.000000
0.000000
0.095352
0.000000
0.000000
0.000000
2.232985
0.356505
0.000000
0.000000
0.000000
0.000000
0.000000
0.000000
1.235526
0.814319
0.000000
0.870502
0.000000
0.479537
0.000000
0.000000
0.000000
0.000000
0.268783
1.261269
0.000000
0.000000
0.000000
0.000000
0.000000
0.000000
0.000000
0.000000
0.000000
0.796578
0.520169
0.417874
0.000000
0.000000
0.000000
0.000000
2.469062
1.672005
0.000000
0.840537
0.739119
0.000000
0.201484
0.000000
0.000000
0.000000
0.895972
0.000000
0.000000
0.000000
0.000000
0.000000
0.000000
0.000000
2.604103
0.000000
0.000000
0.000000
0.000000
0.000000
0.000000
0.000000
0.000000
0.000000
0.000000
0.459687
0.000000
0.422885
0.440485
0.000000
1.766202
0.000000
0.000000
0.624513
0.000000
0.000000
0.000000
1.564362
0.467477
0.000000
0.000000
0.000000
0.000000
0.000000
0.000000
0.000000
0.000000
0.000000
0.000000
0.000000
0.000000
1.833346
0.661741
0.000000
0.900555
0.178542
0.648101
0.000000
0.000000
0.000000
0.371035
0.000000
0.000000
0.000000
0.000000
0.813332
0.000000
0.000000
0.000000
0.000000
0.336177
0.000000
0.000000
0.126630
0.000000
0.000000
0.000000
0.552030
0.000000
0.000000
0.558723
0.000000
1.424861
0.000000
0.000000
0.000000
0.000000
0.000000
0.000000
0.000000
0.564568
0.000000
0.000000
0.000000
0.000000
0.000000
0.000000
0.000000
0.000000
0.000000
0.000000
0.000000
0.000000
0.000000
0.000000
0.804872
0.000000
0.000000
0.000000
0.000000
0.000000
0.000000
0.000000
0.000000
1.027915
0.000000
1.370486
1.056163
0.000000
0.088530
0.000000
0.000000
0.000000
0.000000
0.000000
0.000000
0.000000
0.000000
0.000000
0.000000
0.000000
0.000000
0.000000
0.000000
0.276242
0.000000
0.000000
0.000000
0.000000
1.038241
0.000000
1.390669
0.000000
0.596645
0.000000
0.000000
0.000000
0.000000
0.000000
0.000000
0.000000
0.000000
0.250051
0.000000
0.000000
0.019399
0.000000
0.000000
0.000000
0.000000
0.000000
0.000000
0.000000
0.000000
0.000000
0.012580
1.151024
0.000000
0.095121
0.000000
0.000000
0.000000
0.000000
0.235177
0.000000
3.853994
0.000000
0.258834
0.000000
0.000000
0.467779
0.418876
0.000000
0.000000
0.000000
0.000000
0.000000
1.052390
0.000000
0.000000
0.000000
0.417921
0.000000
0.000000
0.000000
0.000000
0.695139
0.000000
0.000000
0.403587
0.000000
0.000000
0.000000
0.000000
0.000000
1.030934
0.000000
0.000000
0.000000
0.000000
0.000000
0.571888
0.000000
0.000000
0.000000
0.000000
0.000000
0.000000
0.000000
0.000000
0.000000
0.000000
0.000000
1.587023
0.000000
0.000000
0.000000
0.000000
0.000000
0.000000
0.000000
0.000000
0.000000
1.126641
0.000000
0.000000
1.101372
0.000000
0.000000
0.319221
0.000000
1.677652
0.029848
0.000000
0.000000
0.173119
0.000000
0.000000
0.000000
0.000000
0.000000
0.000000
0.000000
0.000000
0.000000
0.000000
0.008717
0.000000
0.000000
0.000000
0.605072
0.705882
0.000000
0.000000
0.000000
0.847805
0.000000
0.000000
2.019753
0.000000
0.000000
0.000000
0.000000
0.251030
0.000000
0.000000
0.000000
0.320131
0.000000
0.000000
0.973976
0.000000
0.000000
0.000000
0.000000
0.000000
0.000000
0.000000
0.000000
0.000000
0.049050
0.000000
0.000000
0.000000
0.000000
0.000000
0.000000
0.000000
0.000000
2.890642
0.212018
0.000000
0.000000
0.000000
1.590652
0.000000
0.000000
0.000000
0.000000
0.000000
0.000000
0.000000
1.393495
2.183666
0.000000
0.274140
0.000000
1.129617
0.000000
0.000000
0.000000
0.000000
0.047333
0.000000
0.000000
0.000000
0.000000
1.089563
0.000000
0.000000
0.446134
0.976725
1.532551
0.000000
0.000000
0.000000
0.000000
0.000000
0.000000
1.886732
0.000000
0.000000
0.000000
1.371650
0.000000
0.000000
0.031129
0.000000
0.000000
0.000000
2.114593
0.000000
0.273294
0.000000
0.000000
0.000000
1.235526
0.000000
0.000000
1.536262
0.000000
0.000000
0.900054
0.000000
0.000000
0.000000
0.000000
0.000000
0.000000
0.000000
1.885292
0.146067
0.000000
0.000000
0.000000
0.000000
0.000000
0.000000
0.000000
0.000000
0.000000
0.634766
0.000000
1.117422
0.000000
0.000000
0.000000
0.000000
0.000000
0.000000
0.217141
0.000000
0.000000
0.000000
0.305472
0.000000
0.219206
0.745040
0.000000
0.000000
0.422467
0.000000
0.319269
0.000000
0.000000
0.000000
0.000000
0.000000
0.000000
0.000000
0.000000
0.056296
0.000000
0.000000
0.448721
0.345251
0.000000
0.000000
0.583559
1.932198
0.027539
0.000000
0.337937
0.000000
1.458397
0.000000
0.000000
0.000000
0.000000
0.000000
0.875469
0.000000
0.000000
0.342631
0.000000
0.505172
0.000000
0.000000
0.000000
0.000000
0.000000
0.000000
0.892092
0.000000
0.000000
0.000000
1.798850
0.000000
0.000000
0.000000
0.000000
0.000000
0.000000
0.000000
0.000000
0.000000
0.329125
0.000000
0.121646
0.000000
0.000000
0.000000
0.000000
0.000000
3.905246
0.000000
0.000000
0.000000
0.000000
0.000000
0.806822
1.861540
1.962788
2.984207
0.000000
0.565205
0.000000
0.942480
0.000000
1.410537
0.000000
0.000000
0.102107
0.000000
0.000000
0.000000
0.000000
1.503054
0.767877
0.000000
0.000000
0.000000
0.000000
0.000000
0.000000
0.000000
0.000000
0.000000
0.557702
0.000000
0.000000
1.229370
0.000000
0.000000
0.000000
0.000000
0.000000
0.000000
0.000000
0.000000
0.000000
0.507366
0.000000
0.000000
0.244162
0.000000
0.000000
1.703960
0.000000
0.000000
0.000000
0.000000
0.000000
0.373223
0.000000
0.000000
0.000000
0.000000
0.978449
0.000000
0.000000
0.000000
0.056606
0.000000
0.000000
0.000000
0.426030
0.000000
0.000000
1.108397
0.000000
1.323659
0.441401
0.000000
0.290780
0.000000
0.000000
1.253860
0.000000
0.000000
0.000000
0.000000
0.000000
0.774795
0.000000
0.000000
0.000000
0.000000
0.881471
0.000000
0.155755
0.000000
0.000000
0.000000
2.238544
0.000000
1.443983
0.633373
0.000000
0.197677
0.000000
0.000000
0.000000
0.000000
1.700719
0.000000
0.000000
0.000000
0.256908
0.909988
0.000000
0.192367
0.000000
0.000000
0.000000
0.508330
0.000000
0.000000
0.000000
0.000000
0.000000
0.000000
0.038888
0.000000
0.000000
0.880684
0.000000
3.500389
0.000000
0.000000
0.000000
0.000000
1.535481
0.000000
0.000000
0.000000
0.000000
0.000000
0.000000
0.000000
0.000000
0.000000
0.000000
0.000000
0.304290
0.000000
0.745775
0.000000
0.000000
0.000000
0.000000
0.261152
0.000000
0.000000
0.000000
0.000000
0.000000
0.000000
0.000000
0.000000
1.745599
0.000000
0.000000
0.000000
1.285540
0.000000
0.392997
0.000000
0.000000
0.000000
0.000000
0.285039
0.000000
0.463501
2.938843
0.000000
0.000000
0.000000
0.407369
2.797931
0.000000
0.666772
0.000000
0.000000
0.000000
0.000000
0.040494
0.000000
0.000000
0.000000
0.000000
0.000000
0.000000
0.000000
0.000000
0.000000
0.000000
1.065581
0.000000
0.000000
0.401722
2.170399
0.000000
0.094707
0.000000
0.000000
0.000000
0.000000
1.478591
0.256710
0.795533
0.000000
0.000000
0.000000
0.000000
0.000000
0.000000
0.000000
0.221842
2.723659
0.000000
0.000000
2.090301
0.000000
0.000000
0.690330
0.000000
0.000000
0.185124
0.000000
0.000000
0.000000
0.000000
0.930898
0.000000
0.000000
0.000000
0.000000
0.610923
0.000000
0.000000
0.000000
1.191033
0.000000
0.000000
0.000000
0.000000
0.000000
0.000000
0.000000
0.000000
0.447188
0.000000
0.000000
0.000000
0.286120
0.000000
0.000000
0.000000
0.000000
0.246141
0.000000
0.000000
0.000000
0.000000
0.000000
0.000000
1.671333
0.000000
0.000000
0.212643
0.000000
0.000000
0.000000
0.000000
0.000000
0.000000
0.000000
0.000000
0.373467
0.000000
0.000000
0.000000
0.000000
0.000000
0.000000
0.000000
0.000000
1.802899
0.000000
0.000000
0.000000
0.000000
0.000000
0.000000
0.000000
1.758217
0.944854
0.000000
0.000000
0.333715
0.783988
0.000000
1.011048
0.000000
0.000000
0.000000
0.000000
0.000000
0.433928
0.000000
0.000000
0.000000
0.000000
0.000000
0.766991
0.000000
0.000000
0.000000
0.000000
0.000000
0.000000
0.000000
0.000000
0.119978
0.000000
0.000000
0.000000
0.000000
0.000000
0.000000
0.000000
0.000000
1.271087
0.000000
0.000000
0.000000
0.000000
0.000000
1.069732
0.000000
0.000000
0.000000
3.028394
0.000000
0.000000
0.000000
0.000000
1.880044
0.178444
0.000000
0.000000
0.000000
0.000000
0.000000
0.000000
0.000000
0.000000
0.500234
0.265453
0.000000
0.000000
0.517014
0.000000
0.000000
0.000000
0.000000
0.000000
0.000000
0.000000
0.000000
1.697802
0.000000
0.000000
0.000000
0.000000
1.581328
0.025492
0.000000
0.000000
0.000000
