0.000000
0.091339
0.000000
0.000000
1.184707
0.000000
0.000000
0.000000
0.044319
0.000000
0.000000
0.000000
0.117153
0.859563
0.000000
0.000000
0.000000
0.000000
0.000000
0.000000
0.000000
0.966813
0.387509
0.462451
0.000000
1.087381
0.000000
0.000000
3.082632
0.000000
0.000000
0.000000
0.013989
0.263230
0.000000
0.000000
0.000000
0.499699
0.000000
0.000000
0.000000
0.000000
0.000000
0.000000
0.000000
0.029707
0.000000
1.082556
0.000000
0.000000
0.000000
0.000000
0.000000
1.374898
0.000000
0.000000
0.000000
0.518194
0.000000
0.000000
0.000000
0.076911
0.000000
0.000000
0.000000
0.000000
0.000000
0.000000
0.000000
0.000000
0.083594
0.000000
0.000000
0.000000
0.000000
1.911802
0.000000
0.000000
0.000000
0.000000
0.000000
0.000000
0.000000
0.000000
0.000000
0.000000
0.000000
0.000000
0.000000
0.000000
0.000000
0.292862
0.000000
1.807657
1.484259
0.000000
0.000000
1.199003
0.000000
0.000000
0.000000
0.000000
0.000000
0.000000
0.831549
0.000000
0.000000
0.000000
0.568846
0.000000
0.283193
0.574990
0.000000
0.000000
0.286272
0.000000
0.000000
0.000000
0.000000
0.000000
0.000000
0.000000
0.000000
0.000000
0.000000
0.000000
0.000000
0.000000
0.000000
1.215182
0.000000
1.647337
0.000000
0.000000
0.000000
0.000000
0.000000
0.000000
0.000000
0.000000
0.000000
0.000000
0.000000
0.000000
0.000000
0.000000
0.000000
0.000000
0.552059
1.503068
0.000000
0.000000
0.000000
0.000000
0.000000
0.000000
0.000000
0.000000
0.000000
0.000000
1.810508
0.000000
0.000000
0.000000
0.000000
0.463544
1.775162
0.000000
0.000000
0.000000
0.000000
0.000000
0.000000
0.000000
0.000000
0.000000
0.000000
0.000000
0.000000
0.000000
0.000000
1.914519
1.097985
0.000000
0.000000
0.000000
0.000000
0.496797
0.000000
0.000000
0.000000
0.000000
0.000000
0.000000
0.000000
0.000000
1.177503
0.000000
0.000000
0.000000
0.000000
0.000000
0.000000
0.000000
0.146299
0.000000
0.000000
0.983146
0.000000
0.000000
0.000000
0.000000
1.256178
0.000000
0.082668
0.000000
0.000000
0.000000
1.184142
0.114093
0.000000
0.000000
0.000000
0.197101
0.000000
0.000000
0.000000
0.000000
0.000000
0.000000
0.000000
0.000000
0.000000
0.000000
0.000000
0.000000
0.000000
0.000000
0.000000
0.000000
0.000000
0.000000
0.000000
0.000000
0.240842
0.000000
0.000000
0.000000
0.000000
0.000000
0.000000
0.000000
0.157804
0.000000
1.279422
0.000000
0.051567
0.000000
0.000000
0.972483
0.000000
0.000000
0.109999
0.000000
0.000000
0.000000
0.000000
0.000000
0.000000
0.910059
0.000000
0.000000
0.000000
0.000000
0.000000
0.000000
0.000000
1.034413
0.000000
0.000000
0.000000
0.000000
0.000000
2.345212
0.000000
0.000000
0.000000
0.000000
0.000000
0.000000
0.000000
0.000000
0.242588
0.000000
0.000000
0.000000
0.000000
0.339276
0.000000
0.323129
0.000000
0.000000
0.000000
0.000000
0.000000
0.000000
0.000000
0.000000
0.000000
0.000000
0.000000
1.285252
1.651252
0.000000
1.072188
0.000000
0.000000
0.000000
0.000000
0.000000
0.000000
0.000000
0.000000
0.000000
0.902096
0.000000
0.000000
0.000000
0.000000
0.000000
0.000000
0.000000
0.000000
0.000000
0.000000
0.000000
0.000000
0.000000
0.000000
3.194170
0.000000
0.000000
0.000000
0.000000
0.000000
0.000000
0.000000
0.378917
0.000000
0.000000
0.000000
0.000000
0.000000
0.000000
0.000000
1.099561
1.705590
0.000000
0.000000
0.000000
0.000000
0.000000
0.000000
0.000000
0.000000
0.000000
0.000000
0.140526
0.000000
0.000000
0.000000
0.000000
0.000000
0.000000
0.000000
0.000000
0.000000
0.459648
0.000000
0.000000
0.000000
0.000000
0.000000
0.000000
0.000000
0.000000
0.000000
0.000000
0.000000
0.224333
0.000000
0.159250
0.000000
0.000000
0.000000
0.000000
0.000000
0.000000
0.000000
0.000000
0.000000
0.000000
0.000000
0.000000
0.000000
0.000000
0.037850
0.267028
0.000000
0.000000
0.838579
0.000000
0.000000
0.440524
0.000000
0.000000
0.000000
0.000000
0.768310
0.000000
0.000000
0.000000
0.938814
0.196825
1.245831
0.000000
0.000000
0.000000
0.000000
0.000000
0.000000
0.231227
0.000000
0.000000
1.490669
0.000000
0.647578
0.000000
0.000000
0.000000
0.268869
0.000000
0.359866
0.000000
0.000000
0.000000
0.000000
0.401606
0.000000
4.280932
0.000000
0.000000
0.000000
0.000000
0.396241
0.000000
0.000000
0.000000
0.000000
0.000000
1.570782
1.411454
0.525283
0.000000
0.000000
0.000000
0.000000
0.000000
0.000000
0.000000
0.000000
1.761594
0.000000
0.000000
0.000000
0.514523
0.000000
0.000000
0.000000
0.000000
0.000000
0.000000
0.000000
0.000000
0.308009
0.000000
3.760629
0.000000
0.000000
0.000000
2.633392
0.000000
0.000000
0.000000
0.000000
0.000000
0.000000
0.000000
0.000000
0.000000
0.000000
0.000000
0.413737
0.000000
0.000000
0.000000
0.000000
0.911594
0.000000
0.000000
0.000000
0.000000
0.547312
0.000000
0.000000
0.000000
0.000000
0.000000
0.000000
0.000000
0.114737
0.000000
0.000000
0.000000
1.778567
0.797344
0.000000
0.000000
0.000000
0.000000
2.488822
0.000000
0.000000
0.000000
0.000000
0.000000
0.000000
1.632724
0.000000
0.000000
0.000000
0.000000
0.000000
0.000000
0.000000
0.000000
0.568019
0.000000
0.000000
2.823977
0.000000
0.000000
0.000000
0.000000
0.098579
0.000000
0.000000
0.000000
0.000000
0.000000
0.639442
0.000000
0.000000
0.000000
0.000000
0.000000
0.754205
0.000000
0.000000
0.000000
0.000000
0.000000
0.000000
1.578367
0.000000
0.000000
0.424104
0.000000
0.000000
0.000000
0.000000
0.000000
0.000000
0.000000
0.000000
0.000000
0.000000
0.000000
1.262748
0.000000
0.000000
0.000000
0.000000
0.000000
0.000000
1.041086
0.000000
1.039667
1.414356
0.000000
0.000000
0.932087
0.000000
0.000000
0.000000
0.000000
0.000000
0.000000
0.000000
0.741668
0.000000
0.000000
0.249077
0.000000
0.000000
2.670280
0.000000
0.000000
0.401600
0.000000
0.000000
0.466591
0.000000
0.000000
0.000000
0.000000
0.000000
0.000000
0.000000
0.000000
0.000000
0.000000
0.000000
0.071353
0.000000
0.000000
0.000000
0.680029
0.557467
0.746729
0.000000
0.000000
0.000000
0.000000
0.000000
0.000000
0.000000
0.436621
0.840865
0.000000
0.000000
0.000000
0.000000
0.000000
0.000000
0.000000
0.000000
0.000000
0.000000
0.000000
0.000000
0.012749
0.000000
0.000000
0.000000
0.000000
0.472482
0.000000
0.000000
1.951815
1.235945
0.000000
0.000000
0.000000
1.161823
0.000000
0.000000
0.000000
0.000000
0.093265
0.166291
0.000000
0.000000
0.000000
0.000000
0.000000
0.502577
0.000000
0.000000
0.000000
0.000000
0.000000
0.000000
0.000000
0.000000
0.000000
0.000000
0.000000
0.000000
0.000000
0.000000
0.000000
0.000000
0.137262
0.000000
2.396782
0.000000
0.175118
0.000000
0.000000
0.000000
0.000000
0.000000
0.000000
0.000000
0.201030
0.000000
0.000000
0.000000
0.000000
0.000000
2.345094
0.723038
0.000000
0.000000
0.341923
1.363178
0.000000
0.000000
0.000000
0.000000
0.000000
0.000000
0.000000
0.000000
0.000000
0.000000
1.373502
0.000000
0.000000
0.000000
0.000000
0.000000
0.329035
2.979135
0.000000
0.000000
0.000000
0.000000
0.920313
0.000000
0.000000
0.000000
0.000000
1.046357
0.000000
0.716061
0.000000
0.000000
0.000000
0.000000
0.000000
0.000000
0.000000
0.000000
0.000000
0.000000
0.000000
0.000000
0.000000
0.000000
0.000000
0.000000
0.619797
0.000000
0.000000
0.000000
0.000000
1.467419
0.000000
0.000000
0.000000
0.000000
0.317808
2.130222
0.000000
0.000000
0.000000
0.000000
0.000000
0.000000
0.000000
2.384778
0.000000
0.000000
0.000000
0.000000
1.004973
0.000000
1.318390
0.000000
0.000000
0.000000
0.000000
0.000000
0.000000
0.000000
0.138144
0.000000
0.000000
0.488281
0.000000
2.454663
0.000000
0.000000
0.000000
0.000000
0.299511
0.000000
0.105005
0.000000
0.000000
0.000000
0.000000
0.000000
0.000000
0.000000
0.000000
0.081423
0.305419
0.000000
0.000000
0.000000
0.000000
0.611812
0.000000
1.414977
0.000000
0.757459
0.000000
0.000000
0.000000
0.000000
0.000000
0.699495
0.077791
0.000000
1.939999
0.000000
0.000000
0.360826
0.000000
0.000000
0.000000
0.000000
0.000000
0.000000
0.000000
1.236116
0.000000
1.059040
0.000000
0.000000
0.000000
0.000000
0.000000
0.000000
0.000000
0.000000
0.000000
0.000000
0.000000
0.000000
1.618433
0.000000
0.000000
0.000000
0.000000
1.015650
0.000000
0.000000
0.000000
1.788034
0.000000
0.342341
0.324905
0.000000
0.000000
0.000000
0.000000
0.473229
1.836902
0.000000
0.000000
0.000000
0.000000
0.000000
0.000000
0.000000
0.988738
0.000000
0.000000
0.000000
0.000000
0.000000
0.000000
0.000000
0.000000
0.000000
0.709596
0.000000
0.000000
0.000000
0.000000
0.000000
0.000000
0.000000
0.000000
0.606079
0.000000
0.000000
0.000000
0.000000
0.000000
0.938875
0.000000
0.470229
0.000000
0.000000
0.000000
0.000000
0.000000
0.000000
0.000000
0.000000
0.000000
0.000000
0.000000
1.582381
1.733207
0.000000
0.000000
0.000000
0.143264
0.000000
0.900060
0.382384
0.663433
0.000000
0.000000
0.000000
0.000000
0.000000
0.000000
0.000000
0.000000
0.000000
0.000000
0.000000
0.000000
1.760874
0.000000
0.000000
0.000000
0.000000
0.000000
0.000000
0.899582
0.000000
0.000000
0.000000
0.000000
0.529266
0.000000
0.000000
0.000000
0.465499
0.000000
0.000000
0.000000
0.000000
0.000000
0.000000
0.052693
0.000000
0.000000
0.000000
0.000000
0.000000
0.127823
0.000000
0.000000
0.000000
1.143110
0.000000
0.000000
0.000000
0.000000
0.000000
0.000000
0.000000
0.000000
0.000000
0.000000
0.000000
0.000000
0.000000
0.000000
0.247388
0.000000
1.624658
0.000000
0.000000
0.000000
0.000000
0.000000
0.000000
0.000000
0.000000
0.000000
0.866271
0.000000
0.000000
0.000000
0.000000
0.000000
0.000000
0.000000
0.364699
0.000000
0.000000
0.000000
0.000000
0.000000
0.000000
0.000000
0.000000
0.000000
0.000000
0.000000
0.000000
0.000000
0.899732
0.457409
0.000000
0.000000
0.000000
0.240222
0.000000
0.825049
0.000000
3.046245
0.000000
0.000000
0.000000
2.683231
0.000000
0.000000
0.000000
0.145811
0.000000
0.000000
0.000000
0.000000
0.000000
0.500907
0.000000
0.000000
0.614755
0.000000
0.000000
0.000000
0.000000
1.183323
0.000000
0.000000
0.000000
0.000000
0.000000
0.000000
0.000000
0.000000
0.000000
0.000000
0.000000
0.000000
0.000000
2.603902
0.000000
0.255998
0.000000
0.000000
0.000000
0.000000
0.000000
0.000000
0.000000
0.207189
0.000000
0.000000
0.000000
0.000000
0.000000
0.000000
0.000000
2.328451
0.840867
0.000000
0.000000
0.000000
0.000000
0.000000
0.782115
1.199268
0.000000
0.000000
0.000000
0.000000
0.000000
1.619969
0.000000
1.498439
1.584987
0.486596
0.475364
0.048727
0.718409
0.000000
0.000000
1.898540
0.000000
0.000000
0.000000
0.366399
0.000000
0.000000
1.500571
0.000000
1.477908
0.000000
0.000000
0.000000
0.000000
0.301431
0.000000
0.000000
0.000000
0.000000
0.000000
0.575891
0.000000
0.000000
0.000000
0.000000
0.714402
0.000000
0.016120
0.553340
0.000000
0.000000
0.000000
0.000000
0.000000
0.000000
0.000000
0.000000
2.573439
1.539836
0.309100
0.113593
2.657690
0.000000
1.221659
0.000000
0.000000
0.000000
0.000000
0.165412
0.000000
0.000000
0.000000
0.000000
0.000000
0.000000
0.984047
0.000000
0.000000
0.000000
0.000000
0.000000
0.000000
0.000000
2.093430
0.000000
0.788762
2.397240
0.000000
0.000000
0.000000
0.000000
0.000000
0.000000
0.000000
0.894634
0.000000
0.000000
0.000000
0.921464
0.000000
0.000000
0.000000
0.469852
0.000000
0.000000
1.296641
0.000000
0.000000
0.000000
0.000000
0.000000
0.000000
0.827743
0.000000
0.000000
0.000000
0.000000
0.000000
0.000000
0.000000
0.000000
0.000000
0.000000
0.000000
0.000000
0.000000
0.000000
0.000000
0.000000
0.000000
0.000000
0.791290
0.540296
1.625922
0.000000
0.000000
0.622025
0.000000
0.000000
0.000000
0.000000
0.000000
0.000000
0.000000
0.732270
0.000000
0.000000
0.000000
0.000000
0.000000
0.000000
0.000000
0.000000
0.000000
0.000000
0.000000
0.000000
0.540859
0.000000
0.000000
0.000000
0.098847
0.000000
0.000000
0.000000
0.290468
0.000000
0.703449
0.000000
0.223093
0.000000
0.000000
0.000000
0.000000
0.705888
0.411166
0.000000
0.000000
1.104181
0.000000
0.000000
0.000000
0.000000
0.000000
0.000000
0.000000
0.000000
0.000000
0.000000
0.000000
0.000000
0.000000
0.000000
0.000000
0.000000
0.423070
0.000000
1.174531
0.000000
0.000000
0.000000
0.000000
0.000000
0.000000
0.000000
0.000000
0.000000
0.000000
0.000000
0.000000
0.089732
0.000000
0.252481
0.000000
0.306518
0.000000
0.000000
0.000000
0.000000
0.000000
0.000000
0.000000
0.000000
0.000000
0.000000
0.000000
0.000000
0.102934
0.000000
0.000000
0.000000
0.000000
0.000000
0.000000
0.202028
0.000000
0.000000
2.229599
0.000000
0.000000
0.000000
0.000000
0.004469
0.000000
0.000000
0.000000
0.000000
0.000000
0.173874
0.000000
0.000000
0.000000
0.000000
0.000000
0.000000
0.000000
0.000000
0.000000
0.180770
0.000000
0.000000
0.000000
0.000000
0.000000
0.000000
0.000000
0.000000
0.000000
0.000000
0.900120
0.000000
0.000000
0.000000
0.000000
0.089886
0.000000
0.000000
0.000000
0.000000
0.000000
0.000000
0.000000
0.000000
1.954248
0.000000
0.000000
0.000000
0.000000
0.685049
0.000000
0.000000
0.000000
0.000000
0.000000
0.000000
0.476367
0.000000
0.000000
0.636824
0.105768
0.000000
0.000000
0.000000
0.215382
0.000000
0.000000
0.000000
0.000000
0.000000
0.000000
0.000000
0.000000
0.000000
0.000000
0.000000
0.000000
0.762003
0.000000
0.000000
0.000000
0.000000
0.000000
0.000000
0.000000
0.000000
0.000000
1.827088
0.000000
0.000000
0.000000
0.000000
0.000000
0.000000
0.000000
0.000000
0.239138
0.000000
0.000000
0.000000
0.000000
0.000000
0.000000
1.178058
0.000000
0.000000
0.000000
0.000000
0.000000
0.000000
0.000000
1.668061
0.000000
0.000000
0.000000
0.000000
0.000000
0.000000
0.000000
0.000000
0.000000
0.000000
1.632959
0.000000
0.000000
0.000000
0.000000
0.000000
0.402760
0.000000
0.000000
0.000000
0.000000
0.000000
1.397915
0.655196
0.000000
0.000000
0.000000
0.000000
0.000000
0.000000
0.000000
0.000000
0.000000
0.000000
1.317667
0.000000
0.000000
1.176383
0.000000
0.343283
0.000000
0.000000
0.000000
1.855096
1.009725
0.000000
0.000000
0.000000
0.000000
0.000000
0.000000
0.000000
0.000000
0.000000
0.000000
1.715702
0.000000
0.000000
0.000000
0.000000
0.000000
1.144950
0.000000
0.000000
0.000000
0.000000
1.346523
0.528823
0.000000
0.383428
0.000000
0.000000
0.000000
1.244314
0.625670
0.000000
0.000000
0.000000
0.000000
0.000000
0.000000
0.000000
0.289642
0.000000
1.571396
0.000000
0.000000
0.000000
0.000000
1.237765
0.000000
0.000000
0.000000
0.000000
0.000000
0.000000
0.000000
0.000000
0.000000
0.000000
0.000000
1.845041
0.000000
0.000000
0.220536
0.000000
0.000000
0.000000
0.000000
0.000000
0.498776
0.000000
0.000000
1.663954
0.000000
0.043844
1.505212
0.000000
2.551769
0.794761
0.000000
0.000000
0.465802
0.000000
0.000000
0.000000
0.000000
0.000000
0.000000
0.000000
0.000000
1.773509
0.000000
0.000000
0.736753
0.372683
1.043073
0.701702
1.211375
0.000000
0.000000
0.815383
0.000000
1.288777
0.000000
0.000000
0.000000
0.000000
1.542410
0.000000
0.000000
0.000000
0.000000
1.338381
0.000000
0.000000
0.000000
0.000000
0.000000
0.000000
0.000000
0.000000
0.000000
0.000000
0.000000
0.000000
0.000000
0.000000
0.000000
0.000000
0.000000
0.000000
0.000000
0.000000
0.000000
0.000000
1.751006
0.000000
0.000000
0.000000
0.000000
0.000000
1.172659
0.000000
0.000000
0.000000
0.000000
0.000000
0.155746
1.369732
0.000000
0.000000
0.000000
0.000000
0.000000
0.000000
1.097837
0.000000
0.000000
0.000000
0.000000
0.000000
0.000000
0.000000
0.000000
1.950601
0.000000
0.000000
0.000000
0.000000
0.000000
0.013289
0.023931
0.000000
0.000000
0.000000
0.000000
2.264678
0.000000
0.000000
0.000000
0.445300
0.000000
0.991445
1.854790
0.315662
0.000000
0.000000
0.000000
0.000000
0.000000
0.506554
1.453314
0.000000
0.000000
1.925062
0.000000
0.213797
0.000000
0.000000
0.000000
0.000000
0.477136
0.000000
0.021711
0.000000
0.000000
0.000000
0.000000
0.000000
0.777578
0.000000
0.000000
0.000000
0.546677
0.000000
2.604959
0.000000
0.000000
0.000000
0.000000
0.000000
0.000000
0.806897
0.000000
0.000000
0.000000
0.000000
0.000000
0.000000
0.000000
0.000000
0.000000
0.977656
0.000000
0.000000
0.000000
0.000000
0.579123
0.000000
0.000000
0.000000
1.043187
0.000000
0.000000
0.000000
0.000000
0.000000
0.405284
0.000000
0.276613
0.000000
0.000000
0.000000
1.947132
0.000000
0.000000
0.000000
0.670835
0.000000
0.000000
0.000000
0.000000
1.048005
0.133208
0.000000
0.000000
0.000000
0.000000
0.000000
0.080997
1.002685
0.000000
0.745172
0.000000
0.000000
0.000000
0.487691
0.000000
0.000000
0.000000
0.000000
0.000000
0.000000
0.000000
0.000000
2.562898
1.327945
0.000000
0.000000
0.035927
0.000000
0.000000
0.000000
1.066357
0.107142
0.000000
0.000000
0.000000
0.000000
0.884988
0.000000
0.735701
0.000002
0.000000
0.000000
0.000000
0.000000
0.000000
0.678734
0.000000
0.000000
0.000000
1.585432
0.000000
0.000000
0.000000
0.000000
0.000000
0.561583
0.000000
0.000000
0.000000
0.000000
0.000000
0.000000
0.000000
0.000000
0.000000
0.428878
3.249541
0.000000
0.000000
0.000000
0.000000
1.289269
0.211427
0.000000
0.000000
0.010634
0.000000
0.000000
0.000000
0.141890
0.000000
0.000000
0.000000
1.820087
0.342041
0.000000
0.000000
1.128340
0.000000
0.000000
0.000000
1.745823
0.000000
2.761208
0.000000
0.000000
1.522969
0.000000
0.000000
0.000000
2.241315
0.000000
0.000000
0.000000
0.000000
0.000000
0.000000
0.000000
0.000000
0.000000
0.000000
0.000000
0.000000
0.000000
1.092113
0.000000
0.000000
0.000000
0.000000
0.000000
0.000000
0.000000
0.000000
0.211354
0.000000
0.000000
0.000000
0.000000
0.000000
0.000000
0.000000
0.000000
0.027456
0.000000
0.000000
0.000000
0.000000
0.000000
0.000000
0.338396
0.000000
0.000000
0.000000
0.000000
0.000000
0.000000
0.000000
0.000000
0.000000
0.000000
0.000000
0.000000
0.475916
0.000000
0.498044
0.000000
0.000000
0.000000
0.739141
1.461889
0.000000
0.000000
0.000000
0.829765
0.000000
0.000000
0.000000
2.266596
0.000000
0.000000
0.347042
0.000000
0.000000
0.000000
2.918628
0.000000
0.802495
0.000000
0.000000
1.192877
0.000000
0.000000
0.000000
0.000000
0.000000
0.000000
0.000000
0.000000
1.663760
0.000000
0.000000
0.000000
0.000000
0.000000
0.000000
2.105704
0.000000
0.000000
0.000000
0.000000
0.000000
0.000000
0.000000
0.000000
0.000000
0.000000
1.682192
0.000000
0.000000
0.382823
0.000000
0.000000
0.000000
0.000000
0.000000
0.000000
0.000000
0.000000
0.100540
0.000000
0.000000
0.000000
0.000000
0.000000
0.000000
0.000000
0.000000
0.000000
0.000000
0.000000
1.077559
0.000000
0.000000
0.000000
0.000000
0.000000
0.000000
0.000000
0.000000
1.002919
0.000000
0.000000
0.000000
0.000000
0.000000
0.000000
0.982185
0.404703
0.000000
0.000000
0.000000
0.000000
0.000000
0.000000
3.387923
0.000000
0.000000
0.000000
0.000000
0.000000
0.000000
0.000000
0.000000
0.000000
0.000000
0.000000
0.000000
0.275766
0.000000
0.000000
0.000000
0.000000
2.609929
0.000000
0.000000
0.000000
0.000000
0.000000
1.274050
0.000000
0.000000
0.000000
0.000000
0.000000
0.000000
0.000000
0.000000
0.000000
0.000000
0.000000
0.746569
0.000000
2.000739
0.000000
0.000000
0.000000
0.000000
0.000000
0.000000
0.000000
0.000000
0.000000
0.000000
0.289884
0.000000
0.000000
0.000000
0.000000
2.262419
0.000000
0.743376
0.000000
0.000000
0.064506
0.000000
0.000000
0.000000
0.000000
0.000000
0.046103
0.000000
0.000000
0.000000
0.468199
0.000000
0.000000
0.000000
0.000000
0.000000
0.190386
0.000000
0.000000
0.000000
0.000000
0.000000
0.000000
0.000000
0.000000
0.000000
0.000000
0.000000
0.510349
0.000000
0.905708
0.000000
0.000000
0.000000
0.000000
0.000000
0.000000
0.000000
0.000000
0.000000
0.812283
0.000000
0.000000
0.000000
0.000000
0.000000
0.781514
1.081902
0.000000
0.000000
0.000000
0.000000
0.393960
0.000000
0.106925
0.000000
0.000000
0.000000
0.000000
0.000000
0.000000
0.000000
1.157449
0.000000
0.000000
1.291700
0.000000
0.075789
0.000000
0.000000
0.000000
0.000000
0.105691
0.000000
0.000000
0.000000
0.000000
1.030344
0.000000
0.000000
1.757926
0.000000
0.000000
0.029065
0.000000
0.000000
0.000000
0.574573
2.190150
1.202362
0.000000
0.000000
0.000000
0.000000
0.000000
0.000000
0.000000
0.000000
2.397996
0.000000
0.000000
0.000000
0.000000
0.000000
0.000000
0.000000
0.000000
0.000000
0.000000
2.561574
0.000000
0.000000
0.000000
0.811199
0.000000
0.000000
0.000000
0.000000
0.000000
0.000000
0.000000
0.000000
0.000000
0.000000
0.000000
0.000000
0.000000
0.000000
0.802633
0.000000
0.443241
0.000000
0.000000
0.000000
0.000000
0.000000
0.000000
0.000000
0.000000
0.000000
0.000000
0.000000
0.864603
0.000000
0.000000
0.000000
0.000000
0.000000
0.000000
0.000000
0.000000
0.000000
0.000000
0.000000
0.000000
0.000000
0.000000
0.000000
0.000000
0.000000
0.000000
1.070472
0.000000
0.000000
0.000000
1.170541
0.000000
0.000000
0.000000
0.000000
0.000000
0.000000
0.000000
0.000000
0.000000
0.000000
0.745597
0.000000
0.000000
0.000000
0.000000
0.000000
0.000000
0.000000
1.564972
0.341339
0.000000
0.000000
0.683075
0.000000
0.000000
0.000000
1.303679
0.177041
0.000000
0.000000
0.000000
0.590636
0.681090
1.488161
0.000000
1.607861
0.000000
3.527221
0.000000
0.000000
0.000000
1.799331
0.000000
0.000000
0.000000
0.000000
0.000000
0.000000
0.000000
0.000000
0.000000
0.000000
0.881108
0.000000
0.000000
0.000000
0.000000
0.000000
0.000000
0.000000
0.000000
0.000000
0.000000
0.000000
0.000000
0.353710
0.000000
0.098537
1.274403
0.000000
0.000000
0.000000
0.000000
0.000000
0.141939
0.000000
0.307388
0.167059
0.000000
0.000000
0.000000
0.000000
0.000000
0.000000
0.000000
0.000000
0.000000
0.000000
0.000000
0.000000
0.787192
0.000000
0.000000
0.000000
0.000000
0.000000
0.411044
0.428510
0.000000
0.000000
0.000000
0.000000
0.000000
0.000000
0.000000
0.000000
0.000000
0.000000
0.000000
0.290197
0.000000
0.000000
0.000000
0.394201
0.000000
0.000000
0.000000
0.000000
0.000000
0.000000
0.000000
0.000000
0.000000
0.000000
0.267046
0.000000
0.000000
0.000000
0.600993
0.000000
0.000000
0.177590
0.000000
0.000000
0.000000
0.000000
0.000000
0.000000
0.000000
0.000000
0.000000
0.000000
0.000000
1.456326
0.000000
0.412992
0.151649
0.000000
0.000000
0.223999
0.000000
0.000000
0.000000
0.000000
0.000000
0.000000
0.000000
0.000000
0.000000
0.000000
0.000000
0.000000
0.000000
0.000000
0.000000
0.000000
0.000000
0.000000
0.000000
1.253813
0.000000
0.000000
0.000000
0.000000
1.375610
0.000000
0.000000
0.000000
0.000000
0.000000
0.000000
0.000000
0.000000
0.000000
0.000000
0.000000
0.052776
0.000000
0.000000
0.000000
1.914841
0.285690
0.000000
0.515804
1.385560
2.472744
3.612268
0.000000
0.008957
0.000000
0.346994
0.000000
0.347743
0.000000
0.000000
0.000000
0.000000
0.000000
1.577585
0.000000
0.000000
0.000000
0.000000
0.000000
0.000000
1.098607
0.000000
0.000000
0.000000
0.000000
0.000000
0.000000
0.000000
0.427127
0.000000
0.000000
0.000000
0.000000
0.000000
0.413619
0.050121
2.243990
0.000000
0.000000
0.000000
0.000000
0.000000
0.000000
0.000000
0.000000
0.000000
0.000000
0.000000
0.000000
0.300144
1.471883
0.000000
0.000000
0.000000
0.252664
0.000000
0.000000
0.752758
0.000000
0.000000
0.000000
0.000000
0.245914
0.000000
0.000000
0.000000
0.000000
0.000000
0.000000
0.000000
0.000000
0.000000
0.663663
0.000000
0.598960
0.564632
0.000000
0.000000
0.000000
0.000000
0.000000
0.000000
0.000000
0.000000
0.000000
0.000000
0.893047
0.000000
0.000000
0.000000
0.973301
0.686183
0.000000
0.000000
0.000000
1.297058
0.000000
0.000000
0.000000
0.075051
0.000000
1.140817
0.000000
1.967330
0.000000
0.000000
0.000000
0.000000
0.000000
0.000000
0.000000
0.000000
0.095907
0.000000
0.000000
0.000000
2.868230
0.000000
0.000000
2.563657
0.000000
0.000000
0.000000
0.000000
0.000000
0.000000
0.000000
0.000000
0.000000
0.664966
0.000000
0.000000
0.000000
0.000000
0.000000
0.000000
0.201313
0.000000
0.000000
0.000000
0.000000
0.000000
0.000000
0.000000
0.000000
0.000000
0.000000
0.000000
0.000000
0.000000
0.000000
0.000000
0.000000
0.000000
1.983154
0.000000
0.000000
0.387766
0.000000
0.000000
0.000000
0.000000
0.000000
0.000000
0.000000
1.521806
0.000000
0.055569
0.000000
0.000000
1.534728
1.135545
0.709874
0.000000
0.000000
0.000000
0.000000
0.000000
0.000000
0.000000
0.000000
0.000000
0.000000
0.000000
0.000000
0.000000
0.000000
0.000000
0.000000
0.000000
0.000000
0.704151
0.481002
0.000000
0.798845
0.000000
0.110579
0.118914
0.000000
0.000000
0.624278
0.000000
0.000000
0.000000
0.000000
0.000000
0.738412
0.000000
0.000000
0.000000
0.000000
0.000000
0.000000
0.000000
1.623033
0.000000
0.055345
0.000000
0.000000
0.000000
0.000000
0.000000
0.000000
0.000000
0.000000
0.350589
0.038020
1.405677
0.000000
0.000000
0.113860
0.000000
0.000000
0.000000
0.000000
0.000000
0.000000
0.000000
0.000000
0.000000
0.000000
0.880406
0.000000
0.209692
0.000000
0.000000
0.000000
0.435864
0.000000
0.000000
0.126313
0.000000
0.000000
0.000000
0.000000
0.000000
0.000000
0.334766
0.000000
0.000000
0.000000
0.684463
0.000000
1.505080
0.000000
0.000000
0.626776
0.000000
0.000000
0.000000
1.999118
0.000000
0.000000
0.000000
0.000000
0.000000
0.670430
0.000000
0.000000
0.000000
0.000000
0.000000
0.000000
0.000000
2.084045
0.000000
2.793701
0.000000
0.000000
0.000000
0.000000
0.261154
0.000000
0.000000
0.000000
0.000000
0.000000
0.000000
0.000000
0.000000
0.901517
0.000000
0.000000
2.008500
0.000000
0.019748
0.000000
0.000000
0.000000
0.000000
0.000000
0.000000
0.000000
0.778771
0.000000
0.000000
0.397379
0.000000
0.000000
0.000000
0.000000
0.000000
0.000000
0.000000
0.780363
0.125003
0.834276
0.000000
0.000000
0.000000
0.000000
0.000000
0.000000
0.545615
0.000000
0.000000
0.000000
0.000000
0.000000
1.223615
1.056080
2.462143
0.000000
0.000000
0.782552
0.000000
0.000000
0.000000
0.000000
0.179087
1.176375
0.000000
0.837433
0.000000
0.000000
0.682619
1.153531
0.000000
0.000000
0.000000
0.000000
0.000000
0.000000
0.577603
1.498423
0.000000
0.000000
0.000000
0.653228
0.990144
0.834870
0.000000
0.000000
0.000000
1.456699
0.000000
0.000000
0.000000
0.000000
0.000000
0.000000
0.000000
0.000000
0.343346
0.608216
0.000000
0.000000
0.000000
0.000000
1.221844
2.487587
0.000000
0.000000
0.000000
0.000000
0.000000
0.000000
0.102216
1.868903
0.000000
0.000000
2.995551
0.000000
3.328525
0.000000
0.000000
0.000000
0.000000
0.000000
0.772680
0.000000
0.000000
0.000000
0.000000
0.000000
0.000000
2.350045
0.640288
0.000000
0.000000
0.000000
0.000000
0.000000
0.000000
0.000000
0.000000
0.000000
0.396459
0.342360
1.044692
0.000000
0.000000
0.000000
0.000000
0.065580
0.000000
0.576877
0.000000
2.229837
0.000000
0.000000
0.000000
0.000000
0.000000
0.000000
0.000000
0.000000
0.000000
0.827158
0.000000
0.000000
0.000000
0.000000
0.000000
0.000000
0.000000
0.000000
0.066430
0.000000
0.000000
0.000000
0.099764
0.000000
0.000000
0.000000
0.000000
0.188746
0.000000
0.242609
1.365314
0.000000
0.000000
0.000000
0.000000
0.741314
0.000000
0.000000
0.000000
0.000000
1.168989
0.000000
0.000000
0.000000
0.000000
0.000000
0.000000
0.000000
0.000000
0.000000
0.000000
0.000000
0.000000
0.000000
0.000000
0.000000
0.000000
0.000000
0.000000
0.167842
0.000000
0.000000
0.000000
2.079534
1.144621
0.000000
1.709657
0.000000
0.000000
0.000000
0.000000
0.000000
0.000000
0.000000
0.523441
0.000000
0.000000
0.000000
0.000000
0.000000
0.000000
0.000000
0.000000
0.000000
0.284207
1.500296
0.000000
0.000000
0.000000
0.000000
1.423884
0.000000
0.000000
0.000000
0.000000
0.000000
0.588789
0.944262
0.000000
0.000000
0.995969
0.000000
0.000000
0.000000
0.000000
0.282902
0.000000
0.000000
0.096137
0.000000
0.000000
0.238796
0.000000
0.000000
0.000000
0.000000
0.000000
0.005701
1.924699
0.000000
0.532751
0.000000
0.000000
1.684236
0.000000
0.000000
0.000000
0.000000
0.000000
0.000000
0.000000
0.000000
0.000000
2.235204
0.000000
0.000000
0.000000
0.000000
0.000000
0.000000
0.000000
0.000000
0.000000
0.000000
0.000000
0.000000
0.000000
0.425728
0.000000
0.000000
0.000000
0.000000
0.000000
0.000000
0.409912
0.000000
0.000000
0.000000
0.000000
0.220357
0.000000
0.000000
0.000000
0.658138
0.000000
0.000000
0.000000
0.000000
0.546574
0.000000
0.000000
0.000000
0.000000
0.000000
0.000000
0.000000
0.000000
0.000000
0.000000
0.000000
0.304884
0.000000
0.000000
0.000000
0.000000
0.000000
0.000000
0.000000
0.000000
0.000000
0.000000
0.000000
0.000000
0.000000
0.000000
0.410592
0.000000
2.767195
0.908672
0.385323
0.000000
0.000000
0.000000
0.000000
0.000000
0.000000
0.000000
0.000000
0.000000
0.000000
0.000000
0.984187
0.000000
0.000000
0.973177
0.000000
0.000000
0.265182
0.000000
0.000000
0.000000
0.000000
0.000000
0.000000
0.000000
0.000000
0.000000
0.000000
0.000000
0.000000
0.000000
0.000000
0.382907
0.000000
0.000000
0.000000
0.000000
0.853508
0.000000
0.000000
0.000000
0.236240
0.000000
0.000000
0.000000
0.000000
0.000000
0.000000
0.000000
0.928922
1.522676
0.000000
2.066580
0.000000
0.000000
0.000000
0.000000
0.000000
0.000000
0.739888
1.498569
0.000000
0.000000
0.000000
0.000000
0.000000
0.481285
0.000000
0.000000
0.000000
0.000000
1.419059
0.000000
0.000000
0.000000
0.000000
0.447998
1.760272
0.000000
0.415653
0.861814
0.000000
0.000000
0.000000
0.000000
0.000000
0.000000
0.000000
0.694042
0.000000
1.564891
0.387643
1.202725
0.000000
0.000000
0.000000
0.000000
0.000000
0.000000
0.000000
0.000000
0.000000
1.013618
0.813062
0.000000
0.000000
0.000000
0.000000
0.820530
0.000880
0.000000
0.000000
0.000000
0.000000
0.000000
0.944086
0.000000
0.000000
0.342333
0.000000
0.000000
0.000000
0.000000
0.000000
0.000000
0.000000
0.000000
0.000000
0.000000
0.896762
0.000000
0.000000
0.000000
0.648280
0.000000
0.000000
0.029774
0.000000
0.000000
0.283028
0.000000
0.000000
0.000000
0.000000
0.000000
0.000000
0.000000
0.000000
1.210631
0.000000
0.000000
0.000000
0.000000
0.000000
0.322684
0.000000
0.000000
0.000000
0.941463
0.000000
0.000000
0.000000
0.000000
0.163390
1.763397
0.000000
0.000000
0.319994
0.000000
0.000000
0.000000
0.000000
0.000000
0.000000
2.196617
0.000000
0.000000
0.965058
0.826985
0.000000
0.000000
0.000000
1.778874
0.000000
0.000000
0.000000
0.000000
0.000000
0.000000
0.000000
0.000000
0.893994
0.000000
0.000000
0.000000
0.000000
0.888162
0.000000
0.000000
0.000000
0.000000
0.122431
0.000000
0.207136
0.000000
1.475326
0.916174
0.000000
0.295082
0.000000
0.000000
0.000000
0.000000
0.000000
2.960747
0.000000
0.000000
0.000000
0.000000
2.147392
0.273098
0.222434
0.000000
0.771090
0.000000
0.000000
0.000000
0.000000
0.000000
0.000000
0.000000
0.000000
0.000000
0.000000
0.000000
0.000000
0.000000
0.000000
0.000000
0.000000
0.190994
0.000000
0.000000
0.000000
0.000000
0.000000
0.000000
0.000000
0.304073
0.108088
0.000000
0.000000
0.000000
0.000000
0.000000
0.151205
0.000000
0.000000
0.000000
0.000000
0.000000
0.000000
0.000000
0.000000
0.000000
0.000000
1.235367
1.475802
0.229508
0.000000
0.000000
0.000000
0.000000
0.000000
0.000000
0.000000
0.000000
0.292408
0.000000
0.000000
0.000000
0.000000
0.028013
0.000000
0.000000
0.000000
0.000000
0.000000
0.000000
0.000000
0.000000
0.000000
0.000000
0.000000
0.000000
1.477850
0.027525
0.000000
1.362657
0.000000
0.000000
0.000000
0.000000
0.000000
0.000000
0.000000
0.000000
0.000000
0.000000
0.920747
0.000000
0.000000
0.000000
0.000000
0.000000
0.000000
0.000000
0.000000
0.000000
0.000000
0.000000
0.000000
0.000000
0.458585
0.000000
0.000000
0.000000
0.000000
0.000000
0.000000
0.000000
0.000000
0.000000
0.741928
0.000000
0.116352
0.228753
0.000000
0.000000
0.000000
0.000000
0.000000
0.000000
2.212729
0.000000
0.651139
0.000000
0.000000
0.000000
0.000000
0.000000
0.137685
0.424435
0.000000
0.000000
0.000000
0.000000
0.000000
0.000000
0.000000
0.000000
0.000000
0.000000
0.000000
0.000000
0.756869
0.000000
0.000000
0.000000
0.000000
0.000000
0.000000
0.000000
1.712255
0.000000
0.000000
0.000000
0.000000
0.000000
0.000000
0.000000
0.000000
0.000000
0.000000
0.000000
0.000000
0.000000
0.000000
0.000000
0.000000
0.000000
0.178516
0.000000
0.000000
0.600603
0.000000
0.000000
0.000000
0.000000
0.000000
0.000000
2.318667
0.000000
0.000000
0.284820
0.000000
0.000000
0.000000
0.000000
1.505281
0.003533
0.000000
0.000000
0.600993
0.000000
0.000000
0.000000
0.000000
0.702743
2.344467
0.000000
0.121590
0.000000
0.000000
0.891091
0.000000
0.556542
2.407806
0.000000
0.000000
0.000000
0.000000
0.000000
0.000000
0.000000
0.000000
1.880144
0.000000
0.000000
0.000000
0.000000
0.000000
0.000000
0.781784
1.547886
0.000000
0.000000
0.000000
0.000000
0.000000
0.000000
0.000000
0.000000
0.000000
0.746947
0.000000
0.101753
0.000000
0.447928
0.000000
0.000000
0.000000
0.000000
0.000000
0.675425
0.000000
0.000000
2.215422
2.749828
0.000000
0.000000
0.000000
0.678923
0.000000
0.000000
0.000000
0.000000
0.000000
0.000000
0.000000
0.000000
0.192837
0.000000
2.152108
0.000000
1.930012
0.947891
0.027588
0.000000
0.000000
0.227731
0.000000
0.000000
0.000000
0.000000
0.000000
1.117425
0.665456
0.000000
0.000000
1.950509
0.000000
0.000000
0.000000
0.000000
0.000000
0.000000
0.627973
0.195469
0.000000
0.000000
1.288823
0.000000
0.000000
0.000000
0.000000
0.000000
0.000000
1.190785
0.000000
0.000000
0.294542
0.000000
0.000000
1.614980
0.000000
0.000000
0.000000
0.000000
0.000000
0.000000
0.000000
0.000000
0.000000
0.000000
0.000000
0.951633
0.000000
1.795135
0.000000
0.000000
0.000000
0.693427
0.000000
0.000000
0.000000
0.000000
0.000000
0.000000
0.000000
0.000000
0.000000
0.000000
0.000000
0.000000
0.000000
0.000000
0.000000
0.000000
0.000000
0.000000
0.000000
1.654889
0.000000
1.683442
1.345963
0.000000
0.000000
0.000000
0.570560
0.000000
0.000000
0.000000
0.855968
0.000000
0.000000
0.000000
0.000000
0.000000
0.000000
0.000000
0.000000
0.000000
0.000000
0.000000
0.081607
0.000000
0.000000
0.000000
0.000000
0.000000
0.000000
0.000000
0.000000
0.000000
0.000000
0.000000
0.000000
2.587223
0.000000
0.000000
0.873659
0.000000
0.000000
0.000000
0.000000
0.000000
0.000000
0.000000
0.000000
0.000000
0.000000
1.339097
0.000000
0.000000
0.985854
0.000000
0.000000
0.499478
0.000000
0.000000
0.000000
0.000000
0.183400
0.000000
0.000000
0.000000
0.000000
0.000000
0.000000
0.000000
0.000000
2.152552
0.000000
0.165905
0.000000
0.000000
0.000000
0.068452
0.000000
0.452521
2.966710
0.000000
0.000000
0.000000
1.318937
0.000000
1.243650
0.000000
0.000000
0.000000
0.000000
0.000000
0.000000
0.000000
1.958662
0.128429
0.000000
0.000000
1.030788
0.000000
0.000000
0.000000
0.000000
0.000000
0.000000
0.000000
0.000000
0.000000
0.000000
0.106918
0.000000
0.000000
0.000000
0.000000
0.000000
0.000000
0.000000
0.000000
0.000000
0.000000
0.000000
0.000000
0.000000
0.861123
1.982826
0.000000
0.000000
0.000000
0.000000
0.000000
0.000000
0.384570
0.000000
0.000000
0.000000
0.098966
0.000000
0.000000
0.000000
0.000000
0.225397
0.000000
0.000000
0.000000
0.108901
0.000000
0.112339
0.566699
0.000000
1.044954
0.742275
0.000000
0.107046
0.000000
0.605286
0.379626
0.000000
0.000000
0.000000
0.000000
0.000000
0.000000
0.000000
0.000000
0.000000
1.394498
1.588084
0.884966
0.463395
0.000000
0.000000
2.373208
0.000000
0.000000
0.000000
0.961916
0.000000
0.000000
0.398859
0.015439
0.000000
0.000000
0.000000
0.000000
0.000000
0.000000
0.000000
0.000000
0.692025
0.000000
0.000000
0.000000
0.683300
0.000000
0.000000
0.000000
0.000000
0.000000
0.194674
1.062547
0.000000
0.000000
0.000000
0.187125
3.031886
0.000000
0.000000
0.000000
0.000000
0.810005
0.000000
0.000000
0.000000
0.000000
0.000000
0.000000
0.000000
0.000000
0.000000
0.000000
0.000000
0.000000
0.000000
0.000000
0.000000
0.000000
0.000000
0.000000
0.000000
0.000000
0.000000
0.000000
0.000000
0.000000
0.000000
0.000000
0.000000
0.000000
0.000000
0.000000
0.000000
0.000000
0.000000
0.000000
0.000000
0.000000
0.000000
0.000000
1.299252
0.000000
0.700287
2.709630
0.000000
0.000000
1.624929
0.274422
1.295625
0.000000
0.000000
0.000000
0.000000
0.000000
0.000000
0.000000
0.000000
0.000000
0.000000
0.000000
0.000000
0.000000
0.000000
0.384756
0.000000
0.000000
1.386594
0.000000
0.000000
0.139543
0.000000
0.000000
0.000000
0.000000
0.000000
0.000000
0.000000
0.088052
1.354715
0.000000
0.000000
0.000000
0.000000
0.000000
0.000000
0.000000
0.000000
0.000000
1.265242
0.000000
0.000000
1.608160
0.000000
0.000000
0.758098
0.000000
0.000000
0.846596
0.000000
0.784950
0.000000
0.000000
1.708850
0.000000
0.000000
0.000000
0.000000
0.000000
0.000000
0.000000
0.000000
0.554910
0.000000
0.000000
0.000000
0.000000
0.404308
0.000000
0.000000
0.000000
0.000000
0.000000
0.000000
0.000000
0.000000
0.000000
0.000000
0.000000
0.000000
0.858653
0.000000
0.091495
0.000000
0.000000
0.000000
0.000000
0.000000
0.000000
0.000000
1.816253
0.000000
0.054846
0.000000
0.000000
0.362698
0.000000
0.000000
0.000000
0.000000
0.000000
0.000000
0.000000
0.000000
0.000000
0.520103
0.000000
0.000000
0.000000
0.000000
0.000000
0.000000
0.000000
0.000000
0.000000
0.000000
0.791755
0.000000
0.000000
0.432335
0.492998
0.000000
0.000000
0.000000
0.000000
0.000000
0.000000
0.000000
0.000000
0.000000
0.000000
0.000000
1.831939
0.000000
0.000000
0.000000
0.000000
0.000000
1.212103
0.000000
0.000000
0.000000
1.467561
0.561637
0.479764
0.000000
0.000000
0.000000
0.000000
0.000000
0.000000
0.000000
0.000000
0.970217
0.000000
0.000000
0.000000
0.000000
0.000000
0.000000
0.000000
0.000000
0.000000
1.808178
0.000000
0.000000
0.000000
0.000000
1.459702
1.008058
0.000000
0.000000
0.000000
0.000000
0.462347
0.000000
0.000000
0.000000
1.145774
0.000000
0.000000
0.000000
0.000000
0.000000
0.000000
0.000000
0.000000
0.000000
0.000000
0.000000
0.000000
0.000000
0.000000
1.214283
0.000000
0.889585
0.282393
0.152748
0.000000
0.458926
0.000000
