0.000000
0.350945
0.000000
0.000000
0.409738
0.914596
0.019634
0.119378
0.900002
0.000000
0.521377
0.000000
0.000000
0.000000
0.000000
0.000000
0.000000
0.000000
0.000000
0.000000
0.000000
0.000000
3.806357
0.254462
0.000000
0.105727
0.000000
0.000000
1.020557
0.000000
0.000000
0.000000
0.000000
0.873256
0.000000
0.000000
0.000000
1.377406
0.000000
0.000000
0.000000
0.000000
0.510347
0.000000
0.000000
0.000000
0.000000
0.000000
0.477240
0.000000
0.000000
0.000000
0.000000
0.000000
0.000000
0.978665
0.000000
0.000000
0.000000
0.000000
0.000000
0.000000
0.000000
0.000000
0.000000
0.000000
0.379214
0.000000
0.000000
0.000000
0.000000
0.000000
0.000000
0.000000
0.267283
0.562938
0.000000
0.000000
0.000000
0.000000
0.000000
0.000000
0.000000
0.000000
0.000000
0.487831
0.000000
0.000000
0.000000
0.000000
1.517975
0.000000
0.396305
0.000000
0.000000
0.000000
0.000000
0.000000
0.000000
0.000000
0.000000
0.000000
0.000000
0.000000
0.207352
0.000000
0.000000
0.600554
0.000000
0.270013
0.150720
0.000000
0.000000
0.000000
0.000000
1.999530
0.000000
0.000000
0.000000
0.000000
0.000000
0.000000
0.000000
0.000000
0.000000
0.000000
0.000000
0.000000
0.000000
2.779375
0.000000
0.626859
0.000000
0.000000
0.000000
0.000000
0.000000
0.200807
0.000000
0.000000
0.000000
0.000000
0.000000
0.000000
0.154240
0.000000
0.000000
0.000000
2.314041
0.000000
0.000000
0.000000
0.000000
0.000000
0.000000
0.000000
0.382867
0.000000
0.000000
0.000000
0.000000
0.000000
0.000000
0.000000
0.003261
0.000000
0.968079
0.000000
0.000000
0.000000
0.610055
0.000000
0.000000
0.000000
1.652728
0.000000
0.000000
0.000000
0.000000
0.000000
0.000000
0.000000
0.000000
0.597041
0.000000
0.000000
0.000000
0.000000
0.171486
0.000000
0.000000
0.000000
0.000000
0.064401
0.000000
0.000000
0.000000
0.000000
0.000000
0.000000
0.000000
0.000000
0.850053
0.000000
0.000000
0.000000
0.000000
1.090818
0.000000
0.000000
0.000000
0.000000
0.000000
1.986742
2.014786
0.202370
0.000000
0.000000
0.000000
0.088855
0.000000
0.000000
0.000000
0.000000
0.000000
0.659591
0.000000
0.000000
0.000000
0.000000
0.000000
0.591429
0.000000
0.000000
0.000000
0.000000
0.000000
0.000000
0.000000
0.000000
0.735202
0.000000
0.000000
0.000000
0.316522
0.000000
0.000000
0.000000
0.000000
0.000000
0.000000
0.000000
0.000000
0.000000
0.000000
0.000000
0.000000
0.000000
0.000000
0.000000
0.000000
0.000000
0.000000
0.000000
0.000000
0.000000
0.000000
0.000000
0.000000
0.433441
0.000000
0.000000
0.000000
0.000000
0.000000
0.000000
0.673349
0.967859
3.270143
1.926858
0.000000
0.224221
0.000000
3.612254
0.000000
0.000000
0.000000
0.000000
0.000000
0.254285
0.000000
0.000000
0.000000
0.000000
0.000000
0.000000
0.000000
0.000000
0.000000
0.000000
0.000000
1.606297
0.000000
0.000000
3.488753
0.568525
0.000000
0.408319
0.000000
0.000000
0.000000
0.344783
0.703678
0.000000
0.000000
0.000000
0.000000
0.000000
0.000000
0.000000
0.000000
0.000000
0.000000
0.000000
0.206618
0.000000
0.000000
0.000000
0.000000
0.000000
0.000000
0.000000
0.000000
0.000000
0.389211
0.000000
0.000000
0.000000
0.000000
2.254095
0.000000
0.000000
0.000000
0.000000
0.000000
0.000000
0.000000
0.924772
0.000000
0.000000
0.000000
0.000000
0.000000
0.000000
0.000000
0.000000
0.000000
0.000000
0.000000
0.000000
0.000000
0.000000
0.000000
0.000000
1.210146
0.000000
1.599917
0.926227
0.000000
0.000000
0.000000
0.000000
0.000000
0.000000
0.000000
0.000000
0.000000
0.000000
0.261628
0.252583
0.000000
0.000000
0.000000
0.000000
0.000000
0.000000
0.015267
0.000000
0.000000
0.000000
0.000000
0.242424
0.000000
0.000000
0.000000
0.000000
0.000000
0.000000
0.000000
0.000000
0.000000
0.000000
0.000000
0.000000
0.000000
0.000000
0.383948
0.000000
0.000000
0.144414
0.000000
0.000000
0.000000
0.305211
0.000000
0.000000
0.000000
0.000000
0.000000
0.000000
0.000000
0.000000
0.000000
0.000000
0.238972
1.193305
0.000000
0.000000
0.000000
0.000000
0.000000
0.000000
0.000000
0.000000
0.000000
0.000000
0.000000
0.000000
0.000000
0.000000
0.000000
0.000000
0.000000
0.000000
0.000000
0.000000
0.000000
0.000000
0.000000
0.278288
0.000000
0.000000
0.930206
0.520836
0.000000
0.458750
0.000000
0.000000
0.000000
0.000000
0.000000
0.755924
0.000000
0.000000
0.000000
0.000000
0.000000
0.000000
0.716938
0.000000
0.000000
0.159113
0.000000
0.000000
0.000000
0.000000
0.000000
0.000000
0.000000
0.709670
0.000000
0.000000
0.000000
0.513585
0.000000
0.000000
0.000000
0.000000
0.221767
0.000000
2.417597
0.000000
0.000000
0.000000
0.000000
0.000000
0.000000
0.000000
0.000000
0.000000
0.000000
0.000000
0.000000
0.000000
0.155777
0.000000
0.000000
0.000000
1.118961
0.000000
0.089970
0.000000
0.000000
0.360317
0.000000
0.000000
0.000000
0.000000
0.833728
0.000000
0.000000
0.000000
0.000000
0.000000
0.000000
1.016514
0.000000
0.000000
0.000000
0.000000
0.000000
0.000000
0.000000
0.000000
0.000000
0.000000
0.000000
0.370700
0.000000
0.000000
0.000000
0.000000
0.000000
0.000000
0.000000
0.000000
0.000000
0.000000
0.000000
0.487528
0.000000
0.000000
0.000000
0.000000
0.575081
1.102525
0.000000
0.000000
1.580575
0.000000
0.000000
0.000000
0.000000
0.000000
0.000000
1.030263
0.000000
0.000000
0.000000
0.000000
0.000000
0.000000
0.958809
0.000000
0.000000
1.272469
0.000000
0.000000
0.000000
0.000000
0.000000
0.000000
0.000000
0.000000
0.000000
0.000000
0.000000
0.000000
0.041166
0.000000
1.399449
0.000000
0.000000
0.000000
0.000000
0.532543
0.000000
0.000000
0.586549
0.000000
0.000000
0.000000
0.000000
0.000000
0.000000
0.000000
0.000000
0.189688
0.000000
0.000000
0.000000
0.000000
2.268424
0.000000
0.000000
0.000000
0.000000
0.000000
0.000000
0.000000
0.000000
0.000000
0.000000
0.000000
0.000000
0.000000
0.000000
0.000000
0.000000
0.000000
0.000000
0.000000
0.183741
0.000000
0.000000
0.000000
0.529537
0.000000
0.305872
0.000000
0.000000
0.000000
0.000000
0.000000
0.000000
0.000000
1.040033
1.729988
0.000000
0.000000
1.345174
0.000000
0.000000
0.000000
0.000000
0.000000
0.000000
0.000000
0.000000
0.000000
0.000000
0.000000
1.202026
0.000000
0.027719
0.000000
0.000000
0.000000
0.000000
0.000000
0.425424
0.000000
0.077764
0.000000
1.371578
0.000000
0.000000
0.000000
0.000000
0.000000
2.082956
0.428889
1.544916
0.000000
0.671272
0.000000
0.000000
2.095350
0.000000
0.000000
0.000000
0.000000
0.000000
1.006076
0.000000
0.000000
0.000000
0.000000
0.000000
0.000000
0.000000
0.000000
0.000000
0.344511
0.000000
0.963706
0.000000
0.085490
0.000000
0.000000
0.667120
0.000000
0.533332
0.000000
0.000000
0.000000
0.000000
0.000000
0.000000
0.000000
0.000000
0.000000
1.395210
0.000000
0.000000
0.000000
0.000000
0.000000
0.000000
0.000000
1.163535
0.000000
0.000000
0.000000
0.000000
0.000000
0.000000
0.000000
0.000000
0.000000
0.000000
0.000000
0.000000
0.000000
1.245904
0.000000
0.000000
0.000000
0.000000
0.000000
0.000000
0.000000
0.000000
0.000000
0.000000
0.976725
1.052862
0.000000
0.868230
0.000000
0.000000
1.469459
0.144657
0.000000
0.000000
0.000000
0.000000
0.000000
0.000000
0.000000
0.000000
0.000000
0.000000
0.000000
0.000000
0.000000
0.000000
0.000000
0.102331
0.000000
0.000000
0.000000
0.000000
0.000000
0.000000
0.000000
0.000000
0.000000
0.000000
0.000000
0.000000
0.000000
0.000000
0.000000
0.937169
0.000000
0.000000
0.925089
0.000000
0.000000
0.000000
0.969585
0.000000
0.000000
0.000000
0.000000
0.000000
0.000000
0.000000
0.000000
0.000000
0.000000
0.000000
0.000000
0.000000
0.000000
0.000000
0.000000
0.000000
1.429785
0.000000
0.805416
0.000000
0.000000
0.000000
0.000000
0.000000
0.000000
0.000000
1.219395
0.000000
0.000000
0.000000
0.000000
0.000000
0.000000
0.000000
0.067653
0.000000
0.000000
0.000000
0.000000
0.000000
0.000000
0.000000
0.000000
0.437440
0.000000
0.000000
0.000000
0.000000
0.000000
0.000000
0.000000
0.806282
0.000000
0.000000
0.000000
1.495007
0.000000
0.000000
0.000000
0.849371
0.000000
0.000000
0.000000
2.281365
0.000000
0.955780
0.000000
0.000000
0.613861
0.000000
0.000000
0.000000
0.000000
0.000000
0.000000
0.000000
0.000000
0.000000
0.000000
0.000000
0.000000
0.153983
0.000000
0.000000
0.000000
0.000000
0.000000
0.183534
0.000000
0.000000
0.000000
0.000000
0.000000
0.000000
0.057505
0.000000
1.324392
0.000000
0.000000
1.209296
0.000000
0.000000
0.000000
0.000000
0.000000
0.000000
0.000000
0.703453
0.000000
0.000000
0.000000
0.000000
0.000000
0.000000
0.000000
0.000000
0.000000
0.000000
0.000000
0.000000
0.000000
0.116446
0.000000
0.000000
0.000000
0.000000
0.000000
0.328289
0.194289
0.000000
0.000000
1.355447
0.000000
0.000000
0.000000
0.000000
0.000000
0.345665
0.000000
0.000000
0.000000
0.530105
0.000000
0.467561
0.064324
0.000000
0.690057
0.459944
0.000000
0.000000
0.000000
0.000000
0.000000
0.000000
0.000000
0.329421
0.000000
0.000000
0.000000
0.000000
0.000000
0.000000
0.000000
0.000000
0.000000
0.000000
0.000000
0.000000
0.000000
0.000000
0.000000
2.007622
0.000000
0.000000
0.000000
0.000000
0.000000
0.000000
0.000000
0.000000
1.697293
0.000000
0.000000
0.000000
0.000000
0.000000
0.000000
0.000000
0.000000
0.000000
0.932277
0.000000
0.000000
0.000000
0.000000
0.000000
0.000000
0.000000
0.000000
0.000000
0.000000
0.000000
0.000000
1.246992
0.141669
0.000000
0.000000
0.000000
0.000000
0.000000
0.000000
0.000000
0.526272
0.000000
0.000000
0.000000
1.638805
2.434555
0.000000
0.000000
0.104077
0.000000
0.000000
2.208196
0.781412
0.000000
0.000000
0.000000
0.000000
0.000000
0.000000
0.000000
0.000000
0.000000
0.000000
0.000000
0.000000
0.000000
0.388465
1.369398
0.745095
0.000000
0.000000
0.000000
0.000000
0.000000
0.000000
0.000000
0.000000
0.455453
0.000000
0.000000
1.833258
1.016263
1.585263
0.174715
0.000000
0.000000
0.000000
0.000000
0.000000
0.000000
1.466624
0.000000
0.000000
0.000000
0.000000
0.000000
0.000000
0.000000
0.000000
0.384596
0.000000
0.823021
0.000000
0.000000
0.000000
0.000000
0.000000
0.000000
0.000000
0.000000
0.000000
0.000000
0.000000
0.000000
0.175412
0.852935
0.000000
0.000000
0.000000
0.000000
1.909766
0.000000
0.634110
0.175920
0.000000
0.000000
0.000000
0.000000
0.000000
0.000000
0.000000
0.104243
0.000000
0.000000
0.000000
0.000000
0.000000
0.000000
0.000000
0.000000
0.000000
0.000000
1.145831
0.000000
0.296978
0.000000
0.000000
0.000000
0.000000
1.797359
1.718945
0.000000
0.246450
0.000000
0.068667
0.000000
0.539260
0.000000
0.000000
0.000000
0.000000
0.000000
0.000000
0.000000
0.000000
0.000000
0.000000
0.000000
0.406603
0.000000
0.000000
0.257281
0.000000
0.791206
0.000000
0.000000
0.000000
0.000000
0.000000
0.286201
0.000000
0.734859
0.000000
0.000000
0.000000
0.000000
0.000000
0.000000
0.000000
0.000000
0.003483
0.110055
0.000000
0.000000
2.375061
0.000000
0.000000
0.022764
0.000000
0.000000
0.000000
0.000000
0.000000
0.000000
0.000000
0.000000
0.000000
0.000000
0.000000
0.000000
0.000000
0.000000
0.000000
0.000000
0.000000
0.000000
0.000000
0.000000
0.000000
0.000000
0.000000
0.145578
0.000000
0.000000
0.000000
0.400535
0.000000
2.585594
1.855971
0.000000
0.000000
0.000000
0.184528
0.581285
0.000000
1.676265
0.709903
0.000000
0.749170
0.000000
0.000000
0.000000
0.000000
1.690096
0.000000
0.000000
0.000000
0.000000
0.000000
1.348461
0.000000
0.000000
0.000000
0.000000
0.000000
0.000000
0.000000
0.000000
0.000000
0.000000
0.000000
0.000000
0.000000
0.000000
0.000000
0.000000
0.831370
0.000000
0.000000
0.000000
0.000000
0.000000
0.000000
0.000000
0.000000
0.000000
0.000000
0.000000
0.000000
0.876241
0.000000
0.000000
0.000000
0.246128
0.000000
0.000000
0.000000
0.000000
0.000000
0.000000
0.000000
0.000000
0.000000
0.000000
0.000000
0.000000
0.000000
0.000000
0.000000
0.000000
0.000000
0.548170
0.000000
0.000000
0.247076
0.000000
0.000000
0.000000
2.032867
1.163088
0.000000
0.000000
0.000000
0.000000
0.000000
0.000000
1.028836
0.000000
0.000000
0.000000
0.000000
0.000000
0.000000
0.000000
0.000000
0.000000
0.000000
0.383557
0.000000
0.201741
0.000000
0.000000
0.000000
0.189422
0.000000
0.000000
0.000000
0.000000
0.201352
0.000000
0.000000
0.000000
0.000000
0.465812
2.218054
0.000000
0.000000
0.102971
0.000000
0.000000
0.000000
0.000000
0.000000
0.000000
0.000000
0.000000
0.000000
0.000000
1.309536
0.000000
0.000000
1.120220
0.000000
0.483834
0.000000
0.000000
0.000000
0.000000
1.845447
0.000000
0.000000
1.621815
0.000000
0.275679
0.000000
0.000000
0.000000
0.000000
0.000000
0.000000
0.000000
0.482915
0.000000
1.683810
0.000000
0.000000
0.000000
0.000000
0.000000
0.000000
0.000000
0.000000
0.000000
0.000000
0.000000
0.000000
0.000000
0.000000
0.000000
0.000000
0.000000
0.000000
0.000000
0.198358
0.000000
0.000000
0.000000
0.000000
0.856775
0.000000
0.000000
0.000000
0.000000
0.000000
0.000000
0.000000
0.000000
0.000000
0.000000
0.000000
0.000000
0.000000
0.668259
2.170902
0.000000
0.000000
0.000000
0.000000
0.000000
0.000000
0.000000
0.000000
0.000000
0.000000
0.820835
0.000000
0.000000
0.295350
0.000000
0.000000
0.000000
0.000000
0.000000
2.035337
0.000000
0.000000
0.723413
0.000000
0.000000
0.000000
0.000000
0.000000
0.000000
0.000000
0.000000
0.000000
0.000000
0.000000
2.897106
0.000000
0.000000
0.000000
0.124341
0.000000
1.076067
0.000000
0.000000
0.000000
0.000000
0.000000
0.000000
0.000000
0.000000
0.000000
0.000000
0.000000
0.248140
2.083144
0.000000
0.000000
0.000000
0.061597
0.000000
0.000000
0.627483
0.000000
0.000000
0.000000
0.000000
0.251908
0.000000
0.000000
0.000000
0.000000
0.000000
0.000000
0.000000
0.000000
0.000000
0.000000
0.019773
0.000000
0.000000
1.324707
0.000000
0.000000
0.000000
0.386938
0.000000
0.000000
0.000000
0.000000
0.000000
0.708888
0.000000
0.000000
0.000000
0.000000
1.355811
0.000000
0.288238
0.568856
0.000000
0.544817
4.014929
0.000000
0.000000
0.000000
0.000000
0.000000
0.000000
0.000000
0.000000
0.000000
0.000000
0.000000
1.155874
0.000000
0.223686
0.493300
0.109677
0.000000
0.000000
0.000000
0.000000
0.000000
0.000000
0.000000
0.946432
0.000000
0.000000
0.000000
0.203405
0.000000
0.000000
0.000000
0.000000
0.000000
0.000000
0.000000
0.000000
0.000000
0.000000
0.000000
0.000000
0.000000
0.000000
0.248704
0.000000
0.000000
0.247784
0.000000
0.000000
0.000000
0.115981
0.000000
0.000000
0.000000
0.000000
0.000000
0.000000
0.000000
0.000000
1.080431
0.000000
0.000000
2.870351
0.151552
0.000000
0.000000
0.000000
0.000000
0.000000
0.000000
0.000000
0.000000
0.000000
0.000000
0.612312
0.000000
0.019129
0.000000
0.000000
4.952040
0.668455
0.511034
1.397667
0.000000
0.000000
0.000000
0.000000
0.000000
0.806061
0.668828
0.000000
0.000000
0.000000
0.564828
0.000000
0.991058
0.000000
0.000000
0.000000
0.000000
0.000000
0.000000
0.000000
0.000000
0.000000
0.510411
1.997744
0.000000
0.751209
2.406577
1.739508
0.000000
2.170854
0.000000
0.100143
0.000000
0.000000
0.000000
0.000000
0.000000
0.000000
0.000000
0.000000
0.463989
0.000000
0.000000
0.000000
0.000000
0.000000
0.000000
0.000000
0.000000
0.000000
0.000000
0.000000
0.000000
0.000000
0.000000
0.000000
0.000000
0.000000
0.000000
0.029557
0.000000
0.000000
0.000000
0.000000
0.722118
0.000000
0.250082
0.000000
0.000000
1.151428
0.000000
0.000000
0.000000
0.000000
0.562905
0.000000
0.000000
0.000000
0.000000
0.459498
0.000000
0.073968
1.845309
0.000000
0.000000
0.000000
0.000000
0.000000
0.828862
0.000000
0.000000
0.000000
0.000000
0.000000
0.000000
0.000000
0.000000
0.040548
0.000000
0.531964
1.193255
0.225457
0.000000
1.373281
0.000000
0.074177
0.000000
0.644235
0.000000
0.000000
0.176652
0.000000
0.000000
0.602445
0.000000
0.000000
0.305845
0.000000
0.000000
0.000000
0.000000
0.000000
0.000000
0.000000
0.000000
0.000000
0.000000
0.222566
0.000000
0.000000
0.000000
0.000000
0.000000
0.000000
0.000000
0.000000
0.000000
0.000000
0.000000
0.000000
0.000000
0.000000
0.000000
0.000000
0.000000
0.000000
0.000000
0.000000
0.000000
0.000000
0.000000
0.000000
0.000000
1.125507
0.000000
0.000000
0.000000
0.000000
0.000000
0.000000
0.000000
0.000000
0.000000
0.000000
0.000000
0.193546
0.000000
0.000000
0.000000
0.000000
0.000000
0.020759
0.630239
0.000000
0.000000
0.000000
1.464381
0.000000
0.961739
0.000000
0.000000
0.000000
0.000000
0.000000
0.000000
0.000000
0.013054
0.000000
0.000000
0.000000
1.008216
0.135401
0.000000
0.000000
0.000000
0.000000
0.000000
0.000000
0.327819
0.000000
0.000000
0.000000
0.000000
0.000000
0.000000
0.000000
0.384218
0.000000
0.000000
0.000000
0.000000
0.000000
0.000000
0.000000
0.000000
0.000000
0.000000
0.000000
0.000000
0.000000
0.000000
0.000000
0.000000
1.278015
0.000000
0.000000
0.000000
0.990791
0.000000
0.000000
0.000000
3.350326
0.000000
0.000000
0.000000
0.000000
0.000000
0.000000
0.000000
0.000000
0.000000
0.000000
0.000000
0.000000
0.000000
0.000000
0.000000
0.000000
2.154723
0.000000
0.000000
0.000000
0.000000
0.000000
2.493742
0.000000
0.938719
0.000000
0.000000
0.501960
0.587960
0.000000
0.000000
0.000000
0.000000
0.000000
0.000000
0.000000
0.000000
0.000000
0.621635
0.000000
0.000000
0.000000
0.228183
0.973930
0.000000
0.000000
0.000000
0.000000
0.000000
0.000000
0.859094
0.858049
0.000000
0.276735
0.000000
0.000000
3.563295
0.000000
0.000000
0.000000
0.000000
0.000000
0.000000
0.000000
0.189266
0.000000
0.000000
0.000000
1.312874
0.266741
0.000000
0.000000
0.000000
0.000000
0.000000
0.000000
0.000000
0.000000
0.000000
0.000000
0.399338
1.943044
0.000000
0.000000
0.000000
0.000000
0.000000
0.000000
0.000000
0.000000
0.000000
0.000000
0.395608
0.000000
0.000000
0.000000
0.000000
0.000000
0.000000
0.278057
0.000000
0.094512
0.000000
0.000000
0.000000
0.000000
0.000000
0.000000
0.309386
1.330174
1.028081
0.000000
0.000000
0.090122
1.380902
0.000000
0.000000
0.000000
0.000000
0.000000
0.230782
0.000000
0.871644
0.000000
0.000000
0.000000
0.965830
0.000000
0.000000
1.890428
0.000000
0.000000
0.034757
0.000000
0.022583
0.000000
0.000000
0.000000
1.204722
0.809658
0.533488
0.000000
0.000000
0.000000
0.000000
0.000000
0.000000
0.000000
0.000000
0.000000
0.084608
0.000000
0.643026
0.000000
0.000000
0.000000
2.189546
0.000000
0.000000
1.265414
0.000000
0.000000
0.559717
0.000000
0.000000
0.000000
0.000000
0.000000
2.224041
0.792517
0.630769
0.000000
0.000000
0.000000
0.000000
0.707913
0.000000
0.000000
0.000000
0.000000
0.000000
0.000000
0.000000
0.000000
0.000000
0.000000
0.000000
0.000000
0.000000
0.000000
0.000000
0.000000
0.000000
0.000000
1.279607
0.000000
0.000000
1.377062
0.000000
0.000000
1.082003
0.000000
0.000000
0.000000
1.072358
0.000000
0.000000
0.000000
0.000000
0.000000
0.000000
0.000000
0.000000
0.000000
0.000000
0.000000
0.000000
1.977498
0.000000
0.000000
0.467296
0.000000
0.318151
0.000000
1.042405
0.000000
0.000000
0.000000
0.000000
0.000000
0.000000
0.000000
0.000000
0.000000
0.000000
1.606195
0.000000
0.000000
0.000000
0.000000
0.000000
0.000000
0.000000
0.000000
0.000000
0.000000
0.000000
0.000000
0.000000
1.023423
0.000000
1.248368
0.838710
0.000000
0.000000
0.246828
0.000000
0.000000
2.017168
0.000000
0.000000
0.000000
0.000000
0.000000
0.000000
0.000000
0.000000
0.000000
0.000000
0.000000
0.000000
0.000000
0.000000
0.000000
0.000000
0.000000
0.000000
1.452351
0.000000
1.051811
0.000000
0.061630
0.505764
0.000000
0.000000
0.000000
0.000000
0.000000
0.000000
0.000000
0.000000
0.944508
0.000000
0.000000
0.000000
0.000000
0.000000
1.796157
0.000000
1.602308
0.000000
0.356843
0.316325
0.104775
0.000000
0.000000
0.000000
0.000000
0.000000
0.000000
0.000000
0.000000
0.000000
0.000000
0.553411
0.000000
0.000000
1.443032
0.000000
0.000000
0.000000
1.395231
0.000000
0.000000
2.237940
0.000000
0.000000
0.000000
2.051717
0.000000
0.000000
0.000000
0.000000
0.000000
0.764140
0.000000
0.000000
0.000000
0.000000
0.000000
0.000000
0.000000
0.000000
2.626766
0.000000
1.027764
0.000000
0.000000
0.000000
1.625519
0.000000
0.000000
0.794763
0.000000
0.000000
0.000000
0.000000
0.000000
0.000000
0.000000
0.000000
0.499149
0.000000
1.871328
0.000000
0.000000
0.135034
0.000000
0.000000
0.000000
0.356138
0.000000
0.000000
0.000000
0.000000
0.000000
0.528323
0.000000
0.000000
0.253820
0.000000
0.000000
0.950551
0.000000
0.000000
0.000000
0.000000
0.000000
0.251783
0.000000
0.000000
0.000000
0.462604
0.278204
0.448241
0.000000
0.000000
0.000000
0.000000
0.000000
0.000000
0.163585
0.000000
0.000000
1.213022
0.665829
0.000000
0.000000
0.000000
0.000000
0.000000
0.000000
0.000000
0.000000
0.000000
0.000000
0.595564
0.000000
0.000000
0.000000
0.000000
0.000000
0.000000
0.000000
0.100375
0.000000
0.785906
0.000000
0.000000
0.000000
0.000000
0.000000
0.000000
0.000000
0.000000
0.000000
0.000000
0.000000
0.000000
0.056016
0.000000
0.000000
0.000000
0.000000
0.000000
0.000000
0.000000
0.000000
0.000000
0.000000
0.000000
1.633914
0.000000
0.000000
0.000000
0.000000
0.000000
0.000000
0.000000
0.000000
0.266089
0.071328
0.000000
0.000000
1.003268
0.000000
0.000000
0.000000
0.000000
0.000000
0.000000
0.000000
0.000000
0.000000
0.000000
0.585239
0.000000
0.000000
0.000000
0.000000
0.000000
0.000000
0.000000
0.000000
0.000000
0.000000
0.000000
1.045227
0.000000
0.000000
0.000000
0.079443
0.000000
0.000000
1.423330
0.000000
0.000000
0.667064
2.664221
0.000000
0.000000
0.000000
0.000000
0.248570
0.000000
0.089299
0.000000
0.000000
0.000000
0.622058
0.503092
0.000000
0.516251
0.000000
0.000000
0.000000
0.000000
0.000000
3.022457
0.000000
0.000000
0.714709
0.000000
0.695766
0.000000
0.000000
0.000000
0.000000
0.000000
0.000000
0.000000
0.000000
0.000000
0.000000
0.000000
0.000000
0.000000
0.000000
1.005416
0.000000
0.000000
0.000000
0.000000
0.000000
0.000000
0.000000
0.000000
0.000000
0.000000
0.000000
0.000000
0.000000
1.064665
0.000000
1.147136
0.000000
0.000000
0.000000
0.000000
0.000000
2.605673
0.000000
0.000000
0.000000
0.000000
0.000000
0.000000
0.000000
0.000000
0.000000
0.000000
0.000000
0.000000
0.000000
1.065284
0.000000
0.000000
0.000000
0.415667
0.000000
0.000000
0.403521
0.961760
0.018511
0.136375
0.000000
0.000000
0.000000
0.000000
0.000000
0.000000
0.000000
0.000000
0.000000
0.000000
0.000000
0.000000
0.248307
0.000000
0.000000
1.863960
0.000000
0.000000
2.114939
0.000000
0.000000
0.000000
0.000000
0.151223
0.000000
0.145295
0.000000
0.190227
0.000000
0.000000
0.000000
0.378305
0.000000
0.000000
0.000000
0.378860
1.046230
0.000000
0.000000
0.331625
0.000000
0.000000
1.809504
0.000000
0.717936
0.000000
0.000000
0.000000
0.000000
1.314693
0.290462
0.000000
0.000000
0.000000
0.000000
0.000000
0.000000
0.000000
0.000000
0.000000
0.000000
0.000000
0.000000
0.000000
0.000000
0.000000
0.000000
0.000000
0.000000
0.000000
0.000000
0.000000
0.000000
0.000000
0.000000
0.000000
0.676915
0.000000
0.000000
0.979679
0.091337
0.000000
0.000000
0.000000
0.000000
0.000000
0.000000
0.000000
0.741379
0.000000
0.000000
0.000000
0.000000
0.000000
0.000000
1.503362
0.505027
0.000000
0.000000
1.872673
0.000000
0.730958
0.000000
0.000000
0.000000
0.000000
0.376823
0.000000
0.000000
0.000000
0.000000
1.140581
1.151487
0.000000
0.000000
0.000000
0.000000
0.000000
0.000000
0.000000
0.000000
0.000000
0.000000
0.000000
0.000000
0.000000
0.000000
0.000000
0.000000
0.820121
0.000000
0.406411
0.000000
0.000000
0.000000
0.000000
0.000000
0.000000
0.000000
1.195693
0.000000
2.005389
0.878319
0.000000
0.000000
0.000000
0.000000
0.000000
0.000000
0.000000
0.000000
1.476878
0.000000
0.000000
0.000000
2.887052
0.000000
0.000000
4.058068
0.000000
0.779536
0.000000
0.000000
0.000000
0.000000
0.000000
0.000000
0.000000
0.545103
0.841736
0.000000
0.058400
0.000000
0.000000
0.000000
2.000316
0.000000
0.000000
0.000000
0.721781
0.000000
0.193267
0.000000
0.000000
0.000000
0.444023
0.000000
2.056783
0.000000
0.000000
0.000000
1.997154
0.000000
1.224717
0.000000
0.000000
0.000000
0.000000
0.000000
0.000000
0.000000
0.000000
0.000000
0.000000
0.608088
0.000000
0.000000
0.000000
0.000000
0.000000
0.000000
0.212511
0.941808
0.000000
0.000000
0.000000
0.000000
0.000000
0.000000
0.000000
0.000000
0.000000
0.000000
0.000000
0.000000
0.398742
0.000000
0.000000
0.000000
0.000000
0.000000
0.255016
0.000000
2.220290
0.000000
0.000000
0.000000
0.000000
0.000000
0.000000
0.000000
0.000000
0.000000
0.000000
0.000000
0.000000
0.000000
0.000000
0.000000
0.000000
0.000000
0.000000
0.311306
0.000000
0.000000
0.000000
0.116349
0.000000
0.000000
0.880211
0.000000
0.000000
0.000000
0.000000
0.000000
0.000000
0.866242
0.000000
0.243346
1.195715
0.000000
0.000000
0.000000
0.000000
0.000000
0.000000
0.000000
0.000000
0.000000
0.000000
1.536679
0.000000
0.477803
0.000000
0.000000
0.000000
0.000000
0.000000
0.978481
0.000000
0.000000
0.000000
0.000000
0.000000
0.000000
0.000000
0.000000
0.000000
0.000000
0.000000
0.200572
0.000000
0.435254
1.037397
0.000000
0.081837
0.000000
0.000000
0.000000
0.000000
1.014024
0.000000
0.000000
0.000000
0.000000
0.000000
0.000000
0.000000
0.000000
0.000000
0.000000
0.000000
0.000000
1.250207
0.000000
0.632615
0.000000
0.000000
0.000000
0.000000
1.102535
0.554754
0.000000
0.000000
0.000000
0.000000
0.000000
0.000000
0.000000
0.000000
0.000000
0.000000
0.866682
0.000000
0.266828
0.000000
0.000000
0.000000
0.799507
0.000000
0.000000
0.000000
0.752232
0.000000
0.000000
0.000000
0.000000
0.000000
0.000000
1.685471
0.000000
0.000000
0.000000
0.794597
0.000000
0.768358
0.000000
0.000000
0.000000
0.000000
0.000000
0.000000
0.000000
0.000000
0.000000
0.000000
0.000000
0.000000
0.000000
0.000000
0.000000
1.968207
0.000000
0.000000
0.000000
1.059906
0.000000
1.289539
0.000000
0.000000
0.112327
0.326316
0.000000
0.355912
0.400469
0.000000
0.000000
0.000000
0.000000
1.878692
0.000000
0.000000
0.392256
0.000000
0.000000
0.000000
0.000000
1.822975
0.421879
0.000000
0.000000
0.000000
0.000000
0.000000
0.000000
0.000000
0.000000
0.000000
0.619208
0.000000
0.000000
0.000000
0.000000
0.000000
0.000000
2.139520
0.000000
0.001913
0.000000
0.000000
0.000000
0.458521
0.000000
0.000000
0.226568
0.000000
1.653786
2.381310
0.000000
0.000000
0.205251
0.000000
0.282790
0.234678
0.000000
0.000000
0.000000
0.000000
0.000000
0.000000
0.000000
0.000000
0.000000
0.000000
0.000000
0.000000
0.000000
0.000000
0.000000
0.000000
0.000000
0.000000
0.000000
0.000000
0.000000
1.403614
2.231450
0.284820
0.158201
0.000000
0.000000
0.000000
0.000000
0.000000
0.000000
0.402194
0.745173
0.000000
0.000000
0.000000
0.000000
0.000000
0.000000
0.000000
0.000000
0.000000
0.000000
0.133974
0.000000
0.000000
0.000000
0.000000
0.000000
0.000000
0.000000
0.000000
0.000000
0.000000
0.000000
0.175079
0.000000
0.000000
0.000000
0.000000
0.000000
0.000000
0.000000
0.000000
0.000000
2.105454
0.000000
0.000000
0.000000
0.000000
0.000000
0.000000
0.000000
0.000000
0.000000
0.000000
0.000000
0.000000
2.731297
0.372074
0.000000
0.022461
0.000000
0.000000
0.000000
0.000000
0.000000
0.000000
0.000000
0.000000
0.000000
0.000000
0.834943
0.000000
0.000000
0.000000
0.000000
0.703670
0.000000
0.000000
0.000000
0.000000
0.000000
0.000000
0.000000
0.000000
0.000000
0.000000
0.586042
0.000000
0.000000
0.958415
0.000000
0.000000
0.000000
0.000000
0.000000
0.000000
0.000000
0.000000
0.000000
0.000000
0.000000
0.000000
0.000000
0.000000
0.000000
0.000000
0.589328
0.000000
0.000000
0.000000
0.000000
0.000000
0.000000
0.000000
0.000000
0.447773
0.000000
0.000000
0.000000
0.000000
0.162878
0.000000
0.000000
2.164322
0.000000
0.000000
0.000000
0.000000
0.000000
0.000000
2.382578
0.000000
0.472009
0.000000
0.000000
0.044518
0.000000
0.000000
0.000000
0.000000
0.111936
0.000000
0.000000
0.000000
0.000000
0.000000
0.000000
0.677069
0.000000
1.359310
0.000000
0.000000
0.000000
0.000000
0.000000
0.477541
0.000000
0.000000
0.000000
0.568785
0.000000
0.000000
0.000000
0.000000
0.000000
0.000000
0.000000
0.000000
0.000000
1.252308
0.000000
0.000000
0.000000
0.699494
0.000000
0.000000
0.000000
0.000000
0.000000
0.000000
0.000000
0.000000
0.000000
0.000000
0.000000
0.000000
1.381498
0.000000
0.000000
0.000000
0.000000
0.000000
0.000000
0.000000
0.000000
0.000000
0.000000
0.891843
0.000000
0.000000
0.000000
0.000000
0.000000
0.000000
0.125834
0.000000
0.000000
0.134049
0.000000
1.509396
0.000000
0.000000
0.000000
0.000000
0.262957
0.000000
0.000000
0.000000
0.642569
0.000000
0.000000
0.000000
0.000000
0.539905
0.000000
0.000000
2.069949
0.146180
0.000000
0.000000
0.866479
0.078291
0.000000
0.000000
0.000000
0.000000
0.000000
0.000000
0.000000
0.000000
0.000000
0.000000
0.000000
0.422955
0.000000
0.000000
0.000000
0.000000
0.000000
0.190441
0.000000
0.000000
1.907501
0.000000
0.000000
0.000000
0.000000
0.000000
0.000000
2.294017
0.000000
0.000000
0.000000
0.000000
0.000000
0.000000
0.606901
2.281576
0.000000
0.000000
0.000000
1.593439
1.555888
0.000000
0.000000
1.715203
0.000000
0.000000
0.000000
0.000000
0.000000
1.893801
0.000000
0.000000
0.000000
0.000000
0.000000
0.000000
0.000000
2.003711
0.000000
0.000000
0.000000
1.041224
0.000000
0.000000
0.000000
0.000000
0.000000
0.000000
0.000000
0.000000
0.000000
0.000000
0.000000
0.063674
0.000000
0.000000
0.140559
0.000000
0.000000
0.000000
0.000000
0.000000
0.000000
0.000000
0.000000
0.000000
0.000000
0.000000
0.044779
0.000000
0.677679
0.000000
0.000000
0.000000
0.000000
1.729907
0.000000
0.000000
0.000000
0.000000
1.935864
0.000000
0.000000
0.000000
0.000000
0.000000
0.335410
0.000000
0.000000
0.000000
0.000000
0.000000
1.807573
0.000000
0.000000
0.000000
0.000000
0.058190
1.074507
0.000000
0.000000
0.000000
0.000000
0.000000
0.000000
0.000000
0.000000
0.000000
0.882326
0.000000
0.000000
0.000000
0.000000
2.205024
0.560587
0.000000
0.000000
0.000000
1.207272
0.000000
0.000000
0.000000
0.000000
0.000000
1.023210
0.000000
0.000000
0.000000
0.000000
0.000000
0.000000
0.000000
0.000000
0.000000
0.338100
0.000000
0.000000
0.449596
0.908117
0.000000
0.000000
0.000000
0.000000
0.000000
0.000000
0.000000
0.692000
0.000000
0.000000
0.000000
0.000000
0.000000
0.253430
0.000000
0.000000
0.280927
1.208872
0.000000
0.000000
0.000000
0.000000
1.274162
0.000000
0.000000
0.000000
0.281740
0.000000
0.000000
1.908729
0.000000
0.000000
0.000000
0.000000
0.000000
0.000000
0.000000
0.000000
0.000000
0.000000
0.000000
0.000000
0.546151
0.609288
0.000000
0.000000
0.000000
0.276921
0.045306
0.000000
0.000000
0.000000
0.000000
0.000000
1.449932
0.000000
0.000000
1.080248
0.000000
0.655260
0.000000
0.416796
0.000000
0.000000
0.000000
0.000000
0.401217
0.000000
0.000000
0.000000
0.000000
0.337683
0.397016
0.000000
0.000000
0.000000
0.000000
0.743504
0.000000
0.000000
0.168163
0.040888
0.557697
0.000000
0.000000
0.000000
0.000000
0.000000
0.000000
0.000000
0.000000
0.000000
0.000000
0.000000
0.000000
0.000000
0.000000
0.000000
0.000000
0.000000
1.350944
0.000000
0.000000
0.783009
0.000000
0.000000
0.000000
0.000000
0.000000
0.000000
0.000000
0.000000
3.604180
0.000000
0.000000
0.000000
0.000000
0.000000
0.000000
0.246093
0.000000
0.000000
0.091202
0.000000
0.000000
0.000000
0.000000
0.000000
1.389143
0.000000
0.000000
0.299509
0.000000
0.000000
0.000000
0.000000
0.000000
0.000000
1.056722
0.000000
0.000000
0.000000
0.000000
0.771352
0.000000
0.000000
0.000000
0.000000
0.000000
0.000000
0.000000
0.000000
0.090465
0.000000
1.130770
0.000000
0.762353
0.652248
0.000000
0.000000
0.000000
0.000000
0.016737
0.000000
3.314992
0.000000
0.000000
0.000000
0.000000
0.000000
0.000000
0.000000
0.000000
0.000000
0.000000
0.000000
1.067136
0.000000
0.000000
0.000000
0.000000
0.000000
0.000000
0.000000
0.000000
0.000000
0.000000
0.000000
0.000000
0.000000
2.343779
0.734675
0.037450
0.000000
0.000000
0.000000
0.000000
1.319351
0.000000
0.000000
0.000000
0.465587
0.000000
0.000000
1.895568
0.000000
0.394100
0.000000
0.000000
0.000000
0.000000
0.000000
0.000000
0.000000
0.000000
0.000000
1.513170
0.000000
0.899115
0.000000
0.000000
0.000000
0.000000
0.000000
0.000000
0.000000
0.000000
0.000000
0.000000
0.000000
0.000000
0.000000
0.000000
0.000000
0.564253
0.000000
0.000000
0.000000
0.000000
0.000000
0.000000
0.000000
0.000000
2.057598
0.000000
0.583297
0.000000
0.000000
0.000000
0.000000
0.000000
0.336812
1.021773
0.000000
0.000000
0.000000
0.000000
0.000000
0.000000
1.115062
0.000000
0.000000
0.963306
0.000000
1.139018
0.000000
0.000000
0.054979
0.000000
0.000000
0.000000
0.000000
0.000000
0.000000
0.000000
0.000000
0.000000
0.000000
0.000000
0.000000
0.000000
0.000000
0.000000
0.000000
0.000000
0.000000
0.000000
0.000000
0.000000
0.000000
0.123641
0.000000
0.000000
0.524536
0.000000
0.000000
0.000000
0.000000
0.000000
0.024138
0.520280
4.017748
0.341550
0.816478
0.391395
0.000000
1.072710
1.324211
1.088360
0.000000
0.000000
0.605974
0.000000
0.000000
0.000000
0.000000
0.000000
0.346098
0.000000
0.000000
0.000000
0.000000
0.649378
0.000000
0.000000
0.000000
0.000000
0.138826
0.000000
0.000000
0.000000
0.000000
0.000000
0.000000
0.000000
0.308084
0.000000
0.000000
0.000000
0.917659
0.861826
0.000000
0.322906
0.324131
0.000000
1.830279
0.000000
0.000000
0.000000
0.531641
0.000000
0.000000
0.000000
0.000000
0.000000
0.000000
0.000000
0.739903
0.000000
0.000000
0.000000
0.000000
0.000000
0.000000
0.000000
0.000000
1.383303
0.000000
0.000000
0.000000
0.000000
0.000000
0.000000
0.000000
0.000000
0.000000
0.000000
0.000000
0.000000
0.000000
0.095175
0.000000
0.000000
0.000000
0.000000
0.000000
0.728422
0.000000
0.148173
0.000000
0.017748
0.000000
0.000000
0.000000
0.360249
0.000000
0.000000
0.000000
0.057050
0.000000
0.156226
0.060897
0.007520
0.000000
0.000000
1.263974
0.000000
0.000000
0.000000
0.074353
0.000000
0.000000
0.000000
0.463180
0.472748
0.000000
0.000000
0.000000
0.000000
0.000000
0.000000
0.000000
0.000000
0.000000
0.000000
0.000000
0.000000
0.000000
0.000000
0.000000
0.000000
0.000000
0.000000
0.000000
0.659073
0.000000
0.530040
1.145027
0.000000
0.000000
0.000000
0.000000
0.340769
0.000000
0.000000
0.000000
0.000000
0.000000
0.000000
0.000000
0.000000
0.394138
0.000000
0.574497
0.000000
0.168010
0.000000
0.000000
0.000000
0.000000
0.000000
0.000000
1.482984
0.278988
0.000000
0.000000
0.000000
0.000000
0.000000
0.000000
0.000000
0.000000
1.185183
0.070566
0.000000
0.000000
4.066521
0.697812
0.000000
0.000000
0.000000
0.000000
0.000000
0.787373
0.000000
0.373255
0.459631
0.425776
0.000000
0.000000
0.000000
0.000000
0.875828
0.000000
0.000000
0.000000
0.000000
0.000000
0.492918
0.000000
0.752604
0.000000
0.000000
0.000000
0.000000
0.000000
0.402940
0.000000
0.000000
0.000000
0.000000
0.653711
0.000000
0.000000
0.000000
0.000000
2.274760
0.000000
0.000000
0.000000
0.000000
0.000000
0.000000
0.000000
0.000000
0.000000
0.000000
0.361574
0.000000
0.000000
0.529527
0.557004
2.893081
0.000000
0.000000
1.477595
0.000000
0.000000
0.000000
0.000000
0.000000
0.842439
0.000000
0.000000
0.000000
0.000000
0.000000
0.000000
0.990030
0.000000
0.000000
0.000000
0.000000
0.891989
0.000000
0.000000
0.000000
0.068892
0.619498
0.723086
2.471339
0.174446
0.290161
0.000000
0.000000
0.000000
0.000000
0.229041
0.000000
0.000000
0.283974
0.000000
0.000000
0.000000
0.000000
0.000000
0.000000
0.000000
0.000000
0.636903
0.000000
1.645265
0.000000
0.000000
0.000000
0.000000
0.000000
0.000000
0.000000
0.000000
0.000000
0.000000
0.000000
0.000000
0.000000
0.000000
0.000000
0.000000
0.000000
0.000000
0.000000
0.000000
0.000000
0.000000
0.000000
0.000000
0.000000
1.286096
0.000000
0.529147
0.000000
0.000000
0.470161
0.000000
0.000000
0.000000
0.000000
0.000000
0.057401
0.000000
0.000000
0.000000
0.000000
0.000000
0.000000
0.000000
1.417764
0.000000
0.336216
0.313165
1.260440
0.000000
0.885699
2.373474
0.649723
0.000000
0.000000
0.419940
0.000000
0.000000
0.000000
0.000000
0.000000
0.000000
0.644672
0.000000
0.409975
0.000000
0.020300
0.398049
0.000000
2.333685
0.000000
1.425785
0.000000
0.000000
0.000000
0.000000
0.574321
0.000000
0.107567
0.778839
0.948650
0.000000
0.000000
0.000000
0.000000
0.000000
0.000000
0.000000
0.000000
0.211803
0.000000
0.000000
0.000000
0.000000
0.000000
0.000000
2.038692
0.376775
0.000000
0.000000
0.000000
0.000000
0.175771
0.000000
0.000000
0.000000
0.000000
0.000000
0.365630
0.000000
2.307425
0.000000
1.466508
0.000000
0.000000
0.000000
0.000000
0.000000
0.000000
0.661863
0.000000
0.000000
0.000000
0.000000
4.153681
0.000000
0.000000
0.000000
0.000000
0.000000
0.000000
0.000000
0.000000
1.330774
0.000000
0.000000
0.000000
0.000000
0.000000
1.687280
0.000000
0.000000
0.000000
0.310781
0.000000
0.000000
0.000000
0.000000
0.000000
0.000000
0.000000
0.000000
0.000000
0.000000
0.000000
0.000000
0.000000
0.000000
0.000000
0.000000
0.037507
0.000000
0.134732
0.000000
0.000000
0.000000
0.000000
0.000000
0.000000
0.000000
0.000000
0.000000
0.000000
0.000000
0.000000
0.218181
0.000000
0.000000
0.000000
0.000000
0.000000
0.000000
0.000000
0.000000
0.000000
0.000000
0.000000
0.000000
0.054242
1.138312
0.000000
1.452999
0.000000
0.000000
0.548943
1.257084
0.000000
0.000000
0.496585
0.000000
0.519189
0.274458
0.000000
0.000000
0.000000
0.000000
0.994376
0.000000
0.000000
0.000000
0.000000
0.000000
0.000000
0.000000
0.000000
0.000000
0.000000
0.000000
0.063892
0.000000
1.350549
0.000000
1.266852
0.000000
0.275626
0.469527
0.480972
0.789273
0.000000
0.000000
0.305269
0.000000
0.000000
0.000000
0.000000
0.000000
0.000000
0.000000
0.000000
0.000000
0.000000
0.000000
0.000000
0.000000
0.000000
0.000000
0.000000
0.000000
0.000000
0.000000
0.000000
0.000000
1.146450
0.000000
0.000000
0.302248
0.000000
0.000000
