0.000000
0.000000
0.000000
0.209707
0.000000
1.055130
0.000000
0.000000
0.000000
0.000000
0.000000
0.000000
0.000000
0.000000
0.000000
0.000000
0.000000
0.000000
0.000000
0.000000
0.000000
0.000000
1.782494
0.538511
0.470108
0.822724
0.000000
0.405604
1.951934
0.000000
0.000000
0.000000
0.796501
0.000000
0.000000
0.000000
0.000000
0.000000
2.033210
0.000000
0.000000
0.000000
0.000000
0.000000
0.000000
0.000000
0.000000
0.000000
0.000000
1.771180
0.782161
0.000000
0.000000
0.000000
0.000000
0.000000
0.000000
0.358429
0.000000
0.000000
0.000000
0.589781
0.000000
0.315358
0.000000
0.000000
0.000000
0.000000
0.000000
0.910758
0.000000
0.000000
0.000000
0.000000
0.000000
1.484815
0.000000
0.000000
0.000000
0.000000
0.000000
0.000000
0.000000
0.000000
0.000000
0.000000
0.781038
0.000000
1.327463
0.000000
0.336433
0.000000
0.000000
1.012759
0.649123
1.305766
0.000000
1.427610
0.000000
0.000000
0.000000
0.000000
1.167578
0.000000
0.000000
0.000000
0.723317
0.971868
0.000000
0.000000
0.000000
0.000000
0.000000
0.000000
0.000000
0.000000
0.000000
0.000000
0.000000
0.000000
0.000000
0.000000
0.208458
0.755107
0.000000
0.000000
0.000000
0.000000
0.000000
1.228784
0.518694
0.760582
0.000000
0.158701
0.000000
0.000000
1.591823
0.000000
0.000000
0.000000
0.000000
0.000000
0.142878
0.000000
0.000000
0.000000
0.000000
0.068883
1.070336
0.749352
1.295605
0.000000
0.000000
0.000000
0.000000
0.000000
0.694544
0.000000
0.000000
0.000000
0.000000
0.000000
0.610139
0.000000
0.000000
0.000000
1.769622
0.000000
0.000000
0.000000
0.526582
0.409857
0.000000
0.000000
0.419223
0.000000
0.000000
0.000000
0.000000
0.000000
0.000000
0.718885
0.000000
0.000000
0.000000
0.000000
0.000000
0.063711
0.000000
0.000000
0.000000
0.000000
0.000000
0.000000
0.000000
0.000000
1.862466
0.000000
1.110296
0.000000
0.000000
0.000000
0.000000
0.000000
0.966274
0.000000
0.000000
0.000000
0.000000
0.000000
0.000000
0.000000
0.000000
0.652053
0.441894
0.000000
0.000000
0.287827
0.460806
0.014703
0.000000
0.000000
0.000000
0.000000
2.964306
0.000000
0.000000
0.000000
0.000000
0.000000
0.000000
0.000000
0.000000
0.000000
0.000000
0.000000
0.000000
0.000000
0.000000
0.000000
0.535870
0.000000
0.000000
0.457118
0.000000
0.000000
0.000000
0.000000
0.000000
0.000000
0.000000
0.000000
0.000000
0.000000
0.000000
0.394524
1.563644
0.000000
0.000000
0.000000
0.000000
0.000000
0.631642
0.000000
0.000000
0.000000
0.000000
0.000000
0.000000
0.322419
0.000000
0.000000
0.000000
0.000000
0.000000
0.000000
0.040515
0.000000
0.000000
0.417959
0.000000
0.000000
0.000000
3.026802
0.600368
0.031821
0.000000
0.000000
0.000000
2.594923
0.000000
0.000000
0.000000
0.000000
0.000000
0.586732
0.000000
0.524197
0.000000
0.262024
0.000000
0.000000
0.000000
0.000000
0.000000
0.000000
0.000000
0.469786
0.000000
0.692637
0.000000
0.108508
0.019722
0.000000
0.096865
0.000000
0.000000
0.000000
0.000000
0.000000
0.000000
0.000000
0.000000
0.000000
1.243187
0.000000
0.000000
0.399569
1.784353
0.000000
0.000000
0.000000
0.498557
0.000000
0.129152
0.000000
0.000000
0.000000
0.000000
1.641686
0.000000
0.000000
0.000000
0.000000
0.000000
0.000000
0.000000
0.000000
1.338982
0.000000
0.000000
0.000000
0.000000
0.000000
0.000000
2.762911
0.000000
0.000000
0.000000
0.000000
0.000000
0.000000
1.347955
0.000000
0.745216
0.000000
0.098427
0.000000
0.340239
0.000000
0.000000
0.000000
0.000000
0.000000
0.027544
0.000000
0.000000
0.000000
0.000000
1.876693
0.000000
0.000000
0.000000
0.000000
0.000000
0.000000
0.000000
0.000000
0.000000
0.000000
0.000000
0.000000
0.690204
0.000000
0.000000
0.000000
0.000000
0.001987
0.835199
0.282845
0.000000
0.002650
0.000000
1.783787
1.032036
0.000000
0.281283
0.000000
0.000000
0.000000
0.000000
0.000000
0.000000
0.389831
0.000000
0.000000
0.000000
0.000000
0.000000
0.000000
0.000000
0.000000
0.000000
0.000000
0.000000
0.000000
0.000000
0.000000
0.000000
0.000000
0.000000
0.000000
0.000000
0.000000
2.243002
0.000000
0.000000
0.000000
0.795249
0.000000
0.743444
0.000000
0.000000
0.055686
0.638713
0.000000
1.337371
1.303433
0.000000
2.130847
0.006474
0.000000
0.000000
0.000000
0.587339
0.000000
0.000000
0.000000
0.000000
0.000000
1.130071
0.000000
0.000000
0.000000
0.132327
0.000000
0.000000
0.000000
0.000000
0.000000
0.000000
1.537129
0.000000
0.206910
0.000000
0.000000
0.000000
0.225513
0.000000
0.286280
0.000000
0.000000
0.000000
0.000591
0.775252
0.000000
1.402752
0.000000
1.084755
0.000000
0.352534
0.000000
0.000000
0.000000
0.687574
0.000000
0.000000
0.651667
0.000000
0.000000
0.000000
0.000000
0.000000
0.000000
0.000000
0.000000
0.000000
0.000000
0.000000
0.000000
0.000000
0.000000
0.000000
0.000000
0.000000
0.000000
0.000000
0.000000
0.000000
0.105875
0.347539
0.561259
0.000000
0.000000
1.286563
3.112598
0.000000
0.000000
0.000000
0.000000
1.431089
0.000000
0.000000
0.000000
0.000000
0.010728
0.000000
0.784877
0.000000
0.000000
0.000000
0.879744
0.736726
0.000000
0.000000
0.000000
0.653723
0.000000
0.044848
1.940356
0.000000
0.000000
0.000000
0.000000
0.867458
0.330865
0.000000
0.000000
0.854941
0.000000
2.333906
0.082532
1.373307
0.000000
0.000000
0.000000
3.157773
0.000000
0.000000
0.000000
0.000000
0.706192
0.000000
0.000000
0.000000
1.299142
0.825179
0.354954
0.000000
0.000000
0.000000
0.000000
0.000000
0.000000
0.000000
0.000000
0.561855
0.444557
0.904812
0.000000
0.381985
0.000000
0.000000
0.000000
0.000000
1.076994
0.791738
1.300938
2.656123
0.000000
0.000000
0.000000
0.000000
0.000000
0.000000
0.000000
0.000000
0.666076
0.000000
0.808167
0.000000
0.000000
0.000000
0.184218
0.126456
1.206840
0.000000
0.000000
0.000000
0.000000
0.000000
0.000000
0.000000
0.000000
0.000000
0.000000
0.000000
0.000000
0.000000
0.000000
0.000000
0.790835
0.000000
0.000000
0.000000
0.000000
0.000000
0.000000
1.608885
0.056213
0.000000
0.000000
0.000000
1.461039
1.572541
0.000000
0.000000
1.854368
0.638887
0.000000
0.000000
0.000000
0.000000
0.427601
0.000000
0.000000
0.000000
0.000000
0.000000
0.000000
0.000000
0.000000
0.000000
0.000000
0.000000
1.192438
0.000000
0.000000
0.000000
0.000000
0.000000
0.000000
0.000000
0.000000
0.807125
0.036679
0.727548
0.000000
0.000000
0.000000
0.443371
0.302476
0.000000
0.000000
0.000000
0.000000
0.000000
1.208541
0.138039
0.000000
0.000000
0.000000
0.000000
0.109332
0.000000
0.000000
0.358075
0.179839
0.000000
0.000000
0.000000
0.909008
0.000000
0.236831
0.000000
0.000000
0.000000
0.174106
0.000000
0.239053
0.681518
0.000000
0.000000
0.000000
0.000000
0.000000
0.162286
0.000000
0.000000
0.000000
0.000000
0.549308
0.522060
0.429134
0.000000
0.000000
0.440421
0.463776
0.000000
0.000000
1.390000
0.000000
0.358588
0.000000
1.061490
0.000000
0.000000
0.316642
0.000000
0.000000
0.000000
0.000000
0.000000
0.564607
1.556746
1.045899
1.184938
0.000000
0.000000
0.000000
0.534916
0.000000
0.000000
0.000000
0.000000
0.000000
0.000000
0.000000
0.000000
0.217742
0.000000
0.000000
2.335744
0.000000
0.000000
0.000000
0.000000
1.109160
0.000000
0.255000
0.000000
0.000000
0.000000
0.000000
0.000000
0.000000
0.000000
0.000000
0.000000
0.000000
0.000000
0.000000
0.000000
0.000000
0.000000
0.000000
0.000000
0.000000
0.000000
0.000000
0.000000
0.000000
0.000000
0.000000
0.861506
0.000000
0.000000
0.584616
0.000000
2.094898
0.773620
0.369627
0.000000
0.000000
0.000000
0.000000
0.000000
0.000000
0.000000
0.722261
0.000000
0.266843
0.836055
0.000000
0.000000
0.000000
0.000000
0.805338
0.000000
0.986359
0.000000
0.000000
0.000000
0.000000
0.000000
0.000000
0.000000
0.000000
0.000000
0.000000
0.000000
0.000000
0.000000
0.000000
1.318623
0.000000
0.000000
0.000000
0.367021
0.000000
0.652684
0.438548
0.000000
0.000000
0.916978
0.000000
0.408721
0.957803
0.000000
0.000000
1.550701
0.000000
0.848487
0.000000
1.253203
0.000000
0.000000
0.562912
1.905264
0.000000
0.000000
0.000000
0.000000
0.000000
0.000000
0.000000
2.072833
0.000000
0.000000
0.000000
0.113040
0.500547
0.000000
0.502068
0.000000
0.000000
0.000000
0.000000
0.000000
0.000000
0.000000
0.000000
0.317425
0.000000
0.000000
0.000000
0.000000
0.000000
1.053471
0.000000
0.146085
1.254165
0.000000
0.000000
0.000000
0.000000
0.000000
0.000000
0.319142
1.285770
0.000000
0.000000
1.164737
0.000000
0.000000
0.000000
0.000000
0.000000
0.000000
0.000000
0.000000
0.060984
0.000000
0.000000
0.000000
0.000000
0.000000
0.000000
0.000000
2.082911
0.000000
0.381722
0.000000
0.673565
0.292185
0.000000
0.000000
0.015938
0.000000
0.000000
0.814088
0.357251
0.000000
0.000000
0.000000
0.000000
0.000000
0.000000
0.137259
1.319696
0.000000
0.000000
0.127045
0.000000
0.000000
0.069626
0.000000
0.367124
0.000000
0.000000
0.000000
0.000000
0.000000
0.000000
0.000000
0.000000
0.000000
0.000000
1.956378
0.000000
0.000000
0.000000
0.000000
0.000000
0.000000
0.000000
0.000000
0.707595
0.000000
0.000000
0.000000
0.000000
0.000000
0.000000
1.142749
0.000000
0.733048
0.000000
1.142860
0.000000
0.000000
0.000000
0.000000
0.000000
0.047629
0.625512
0.000000
0.000000
0.000000
0.000000
0.000000
0.000000
0.000000
0.000000
0.000000
0.000000
0.000000
0.000000
0.007119
0.609100
0.000000
0.000000
0.519507
0.519274
0.000000
0.000000
0.000000
0.000000
0.000000
0.000000
1.091893
1.240981
0.000000
0.000000
0.000000
0.000000
0.000000
0.000000
0.000000
0.000000
2.511734
0.000000
0.000000
0.000000
0.000000
0.187752
0.470922
0.000000
0.000000
0.000000
0.000000
0.000000
0.000000
0.000000
0.460504
0.000000
0.000000
0.000000
1.029646
0.000000
0.000000
0.651329
0.000000
1.775242
0.000000
0.000000
0.000000
0.362266
0.000000
0.000000
0.000000
0.071151
0.000000
0.000000
0.168739
0.825785
0.828032
0.000000
0.000000
0.000000
0.000000
0.000000
0.000000
0.000000
0.000000
0.675973
0.000000
0.000000
0.924159
0.413581
0.000000
0.000000
0.000000
1.852093
0.000000
0.000000
1.074486
0.981003
0.000000
0.367179
0.000000
0.000000
0.000000
0.000000
0.000000
0.000000
0.000000
0.777225
0.000000
1.580845
0.000000
0.481089
0.000000
0.000000
0.000000
1.660499
0.000000
0.000000
0.000000
0.317710
0.000000
0.000000
1.213718
0.000000
0.568097
0.942801
0.480896
0.000000
1.149540
0.000000
0.000000
0.206782
0.000000
0.000000
0.000000
0.000000
0.481855
0.624001
0.000000
2.638660
0.000000
1.382460
0.000000
0.000000
0.903444
0.011029
0.000000
0.000000
0.000000
0.605045
0.000000
0.000000
0.000000
0.000000
0.000000
0.000000
0.252232
0.000000
0.000000
0.000000
0.000000
0.000000
0.444050
0.078201
0.000000
1.122332
0.000000
0.000000
0.000000
1.079374
0.771178
0.000000
0.000000
0.000000
0.662221
0.000000
0.000000
0.000000
0.000000
0.000000
0.095326
0.000000
0.000000
0.000000
0.000000
0.000000
0.000000
0.000000
0.618957
0.000000
0.000000
0.000000
0.000000
0.719948
0.000000
0.000000
0.000000
0.000000
0.000000
0.146367
0.000000
0.000000
0.000000
0.000000
1.291962
0.000000
0.000000
0.000000
0.000000
0.436889
0.000000
0.000000
0.290741
0.000000
0.000000
0.013975
1.652727
0.000000
0.000000
0.000000
0.000000
0.000000
0.000000
0.898226
0.000000
0.000000
0.281652
0.000000
0.000000
0.000000
0.913360
0.000000
0.312837
0.000000
2.421571
0.000000
0.000000
0.594652
0.690609
0.012747
2.227057
0.000000
0.000000
0.000000
0.000000
0.000000
0.000000
0.000000
1.313093
0.000000
0.000000
0.000000
1.218867
0.000000
0.515577
0.365797
0.887238
0.000000
0.000000
0.000000
0.000000
0.131724
0.000000
0.000000
0.000000
1.674339
0.000000
0.000000
0.000000
0.000000
0.000000
0.000000
0.000000
0.221775
0.000000
0.000000
0.000000
0.000000
0.000000
0.000000
0.000000
0.000000
0.000000
0.052175
0.000000
0.000000
0.000000
0.000000
0.000000
1.266342
0.000000
0.000000
0.000000
0.000000
1.199556
0.567716
0.000000
0.000000
0.000000
0.000000
0.000000
0.000000
0.316576
0.454326
1.967645
0.000000
0.000000
0.900327
0.000000
0.000000
0.501667
0.676243
0.000000
0.000000
0.000000
0.000000
0.000000
0.226697
0.000000
0.000000
0.311164
0.000000
0.000000
0.000000
0.000000
0.000000
0.000000
2.057341
0.923999
0.000000
0.000000
0.000000
0.000000
0.000000
0.000000
0.295535
0.000000
0.036785
0.000000
0.000000
0.000000
0.000000
0.000000
0.000000
0.289851
0.000000
0.000000
0.000000
0.000000
0.000000
0.000000
0.009836
0.000000
0.064216
0.000000
0.000000
0.798584
0.000000
0.000000
0.000000
0.000000
0.000000
0.000000
0.922558
0.035383
0.000000
1.625043
0.000000
0.000000
0.000000
0.000000
0.943658
0.000000
0.000000
0.000000
0.000000
0.000000
0.000000
0.000000
0.000000
0.532091
0.000000
0.000000
0.000000
0.000000
0.000000
0.000000
0.000000
0.000000
0.000000
0.980618
0.000000
0.000000
0.000000
0.008290
0.000000
0.000000
0.000000
1.863001
0.000000
0.000000
0.000000
0.000000
0.546829
0.000000
0.000000
0.000000
0.000000
0.000000
0.000000
0.000000
0.000000
0.591985
0.000000
1.080888
0.000000
0.000000
0.468791
1.082764
0.000000
0.000000
0.000000
0.000000
0.000000
0.000000
0.000000
0.000000
0.677911
0.000664
0.000000
0.000000
0.000000
0.224995
0.000000
0.000000
0.000000
0.000000
0.000000
0.000000
0.218224
0.000000
0.286238
0.000000
0.000000
0.000000
0.000000
0.302088
0.000000
0.000000
0.000000
0.000000
0.000000
0.000000
0.980563
1.077876
0.850351
1.497729
0.396083
0.000000
2.334733
0.000000
0.000000
0.000000
0.000000
0.000000
0.000000
0.000000
0.000000
0.000000
0.000000
0.000000
1.541332
0.639646
0.328638
0.000000
0.000000
0.000000
0.000000
0.000000
0.000000
0.000000
0.000000
0.000000
0.000000
0.000000
0.000000
0.000000
0.000000
0.000000
0.000000
2.187437
0.000000
0.000000
0.000000
0.000000
0.000000
0.801648
0.000000
0.000000
0.078219
0.000000
0.000000
0.782049
0.000000
0.000000
0.000000
0.000000
0.000000
0.000000
0.000000
0.706141
0.000000
0.025778
0.000000
0.000000
0.000000
0.000000
0.000000
0.000000
1.952270
0.000000
0.000000
0.000000
0.000000
0.000000
0.000000
0.125170
0.336898
0.000000
0.000000
0.000000
1.024416
0.973421
0.000000
1.030878
0.000000
0.000000
0.357971
1.052122
0.000000
0.000000
0.105529
0.000000
0.251791
0.000000
0.000000
0.000000
1.091336
2.221835
0.000000
0.733994
0.000000
0.000000
0.000000
0.000000
0.000000
1.451228
0.000000
0.000000
0.000000
0.000000
0.000000
1.276013
0.000000
0.000000
0.000000
0.000000
0.000000
0.000000
0.000000
0.000000
0.000000
0.000000
0.794521
0.000000
0.000000
0.000000
0.000000
0.000000
0.280362
0.000000
2.058341
0.000000
1.850695
0.000000
0.000000
0.000000
0.000000
0.000000
0.909954
0.854400
0.000000
0.000000
0.000000
0.000000
0.000000
0.918490
0.000000
2.377588
0.137639
0.997034
0.000000
0.824082
0.000000
0.000000
0.121172
0.000000
0.000000
0.114914
0.000000
0.000000
0.203792
0.000000
1.321167
0.000000
0.495751
0.000000
0.594461
0.000000
0.000000
0.000000
1.353461
0.000000
0.539653
0.577183
0.000000
0.063141
0.000000
1.230032
0.000000
0.000000
0.000000
0.000000
0.766585
0.000000
0.000000
0.000000
0.228226
0.000000
0.000000
0.000000
0.000000
0.161602
0.000000
0.000000
0.000000
0.000000
0.000000
0.000000
0.000000
0.000000
0.000000
0.000000
0.000000
0.000000
2.069380
2.612517
0.000000
0.000000
0.000000
0.264726
0.000000
0.000000
0.000000
0.000000
0.000000
0.000000
0.000000
0.757692
0.000000
0.000000
0.675548
0.000000
0.000000
0.000000
0.000000
2.126105
0.000000
0.164664
0.000000
0.000000
0.000000
0.000000
0.000000
0.000000
0.488841
0.000000
0.000000
0.000000
2.281453
0.665120
0.000000
0.934856
0.000000
0.508673
0.000000
0.000000
1.309122
0.000000
0.000000
0.000000
0.000000
1.316993
0.000000
2.794430
0.000000
0.000000
0.000000
0.000000
0.000000
0.000000
0.000000
2.397565
0.563932
0.000000
2.153558
0.000000
0.005010
0.000000
0.000000
0.285090
0.389524
0.000000
1.630913
0.000000
0.000000
0.000000
1.151387
0.000000
0.575588
0.000000
0.891418
0.000000
0.000000
1.336017
1.095783
0.383619
0.000000
0.329317
0.000000
0.000000
0.000000
0.000000
0.000000
0.000000
0.000000
0.000000
0.000000
0.000000
0.000000
0.000000
0.000000
0.000000
0.000000
0.000000
0.000000
0.000000
0.393023
0.000000
0.350969
1.406361
0.000000
0.000000
0.000000
0.000000
0.000000
0.000000
0.000000
0.000000
0.000000
0.000000
0.733171
0.000000
0.086165
0.580885
0.000000
0.000000
0.000000
0.436273
0.000000
0.344804
0.000000
0.000000
0.000000
1.484900
0.000000
0.000000
0.000000
0.000000
0.000000
0.000000
0.139911
0.000000
0.320988
0.000000
0.000000
0.000000
0.000000
0.000000
0.000000
0.000000
0.000000
0.000000
0.000000
0.000000
0.163335
0.103259
0.372020
0.000000
0.000000
0.000000
0.000000
0.000000
0.000000
0.443312
0.000000
0.007516
0.030205
0.000000
0.000000
0.000000
0.000000
0.000000
0.882480
0.768678
0.000000
0.000000
0.000000
1.220003
1.350829
0.000000
0.000000
0.000000
0.746538
0.000000
0.000000
0.000000
0.000000
0.000000
0.000000
0.000000
0.000000
0.000000
1.138303
0.000000
0.000000
1.607627
0.000000
0.569957
0.000000
0.706276
0.000000
0.000000
0.000000
0.312764
0.547777
2.437721
0.000000
0.000000
0.000000
0.000000
0.000000
0.000000
0.000000
0.000000
0.000000
0.000000
2.045629
0.350103
0.000000
0.491564
0.670723
0.052716
0.000000
0.000000
0.898249
0.000000
1.386893
0.000000
0.000000
0.000000
0.000000
0.000000
0.000000
1.882904
0.348948
0.000000
0.000000
0.000000
0.000000
1.678187
0.000000
0.000000
0.000000
0.000000
0.000000
0.000000
0.251878
0.308239
0.000000
0.000000
0.000000
0.000000
0.000000
0.000000
0.174986
0.000000
0.000000
0.000000
0.000000
0.000000
0.000000
0.000000
0.000000
0.287388
0.000000
0.000000
0.118907
0.000000
0.158882
0.000000
0.000000
0.000000
0.000000
0.000000
0.000000
0.000000
0.000000
0.000000
0.000000
0.000000
0.000000
0.000000
0.000000
0.000000
0.000000
0.000000
0.000000
0.000000
0.000000
0.000000
2.179446
0.347020
1.420661
0.000000
0.000000
0.043319
0.000000
0.031262
0.000000
0.000000
0.705944
0.000000
0.000000
0.000000
0.000000
0.000000
0.000000
1.105091
0.000000
0.000000
0.000000
0.000000
0.419254
0.000000
0.000000
0.430370
0.000000
0.000000
0.000000
0.000000
0.000000
1.197636
0.142388
0.000000
0.000000
0.000000
0.000000
0.000000
0.337965
0.000000
0.000000
0.000000
1.291477
0.316383
0.000000
0.000000
0.000000
1.278773
0.000000
0.693620
0.000000
0.780000
1.247886
0.000000
0.000000
0.000000
0.000000
0.000000
0.312968
0.000000
0.000000
0.868012
0.000000
0.000000
0.000000
0.000000
0.000000
0.000000
1.003193
0.000000
0.000000
0.422429
0.000000
0.000000
0.020871
0.000000
0.000000
0.000000
0.000000
0.000000
0.000000
0.000000
0.908456
0.000000
0.089841
0.000000
0.000000
0.000000
0.000000
0.754149
0.000000
0.000000
0.000000
0.000000
0.204226
0.000000
1.306366
0.000000
0.000000
0.743773
0.319100
0.181410
0.000000
0.000000
0.000000
0.000000
0.000000
0.295104
0.000000
0.644832
0.000000
0.000000
0.000000
0.000000
0.000000
0.000000
0.000000
0.000000
0.000000
0.000000
0.000000
0.000000
0.000000
0.000000
0.000000
0.000000
0.000000
0.000000
0.000000
0.000000
0.000000
0.000000
1.056123
0.325338
0.379583
0.012696
0.000000
0.676357
0.000000
0.000000
0.000000
0.000000
0.000000
0.000000
0.328402
1.931079
0.000000
0.000000
0.272079
0.000000
0.000000
0.550133
0.332247
0.000000
0.000000
0.000000
1.021558
0.000000
0.000000
0.000000
0.000000
0.000000
0.265817
0.000000
0.000000
0.000000
0.572060
0.000000
0.000000
0.000000
0.000000
0.000000
0.152534
0.000000
0.000000
0.664850
0.000000
0.000000
0.037425
0.000000
0.000000
0.000000
0.000000
0.244022
0.120347
0.000000
1.578795
0.819952
0.000000
0.000000
0.000000
0.000000
2.123185
0.000000
0.000000
1.062632
0.000000
0.000000
0.000000
0.000000
0.000000
0.000000
0.000000
0.000000
0.726248
0.000000
1.300249
0.000000
2.187042
0.210050
0.000000
0.000000
0.000000
0.000000
0.000000
0.000000
0.000000
0.000000
0.060084
0.000000
0.000000
2.537591
0.000000
0.000000
0.000000
0.000000
0.000000
0.848616
0.000000
0.000000
0.000000
0.000000
0.000000
0.000000
0.000000
0.000000
1.604228
0.000000
0.122854
0.000000
2.328262
0.126921
0.623624
0.000000
1.709796
1.230788
0.000000
0.000000
0.000000
0.000000
0.000000
0.250058
0.000000
0.000000
0.259089
0.000000
0.975358
0.000000
0.000000
0.000000
0.000000
0.000000
0.300319
0.000000
0.000000
0.000000
0.000000
0.000000
0.000000
0.000000
0.000000
0.000000
0.042318
0.000000
0.000000
1.491030
0.000000
0.000000
0.000000
0.000000
0.000000
0.000000
0.000000
0.000000
0.368316
0.000000
1.037378
0.129206
0.000000
0.000000
0.000000
0.000000
0.495127
0.000000
0.666850
1.016149
0.000000
0.000000
1.214810
0.000000
0.000000
0.000000
0.000000
0.000000
0.000000
0.000000
0.000000
0.000000
0.000000
0.947237
0.000000
1.051229
0.000000
0.000000
0.000000
0.000000
0.000000
0.000000
0.000000
0.000000
0.504973
0.000000
0.270025
0.000000
0.000000
0.000000
0.000000
0.562467
0.000000
0.000000
0.000000
0.040022
0.000000
0.000000
0.000000
0.000000
1.246344
0.181011
0.000000
0.000000
0.000000
0.000000
0.000000
0.000000
0.996002
0.000000
0.600473
0.000000
2.054678
0.000000
0.000000
0.000000
0.000000
1.108496
1.138313
0.039490
0.000000
0.863436
0.000000
1.477021
0.000000
0.000000
0.000000
0.148618
0.407859
0.000000
0.000000
0.000000
0.000000
0.873938
1.662356
0.000000
0.788195
0.000000
0.000000
0.000000
0.000000
0.000000
0.000000
0.000000
2.541793
0.000000
0.045824
0.000000
0.000000
0.000000
0.000000
1.449325
0.000000
0.024820
0.000000
0.000000
0.412339
0.000000
0.000000
0.000000
0.078635
0.035404
0.000000
0.000000
0.000000
0.000000
0.747313
0.000000
0.000000
0.784748
0.000000
0.000000
0.000000
0.000000
0.000000
0.000000
0.000000
0.000000
1.215412
0.000000
0.000000
0.000000
0.000000
0.000000
0.853339
0.000000
0.000000
0.000000
0.000000
0.000000
0.000000
0.000000
0.000000
0.000000
0.000000
0.000000
0.000000
0.000000
0.000000
0.000000
0.000000
0.000000
0.514600
0.000000
0.000000
0.000000
0.000000
0.000000
0.000000
0.993598
0.000000
0.000000
0.000000
0.000000
0.000000
0.000000
0.000000
0.219362
0.000000
0.000000
0.000000
0.000000
0.000000
0.000000
0.000000
0.000000
0.000000
0.000000
0.000000
1.712320
0.000000
1.402576
0.000000
0.000000
0.000000
0.000000
0.000000
0.000000
0.507343
0.000000
0.000000
0.598870
0.000000
0.000000
0.000000
0.000000
1.544451
0.000000
0.000000
0.450878
0.184076
0.000000
1.047459
0.000000
0.000000
0.000000
0.000000
1.561077
0.000000
0.000000
0.000000
0.000000
0.000000
0.000000
0.000000
0.000000
0.000000
0.000000
0.000000
0.000000
0.000000
0.000000
0.000000
1.273816
0.000000
0.000000
0.000000
0.146856
0.207717
0.426806
0.000000
0.815242
0.345096
0.000000
1.720913
0.000000
0.738187
0.000000
0.000000
0.000000
0.000000
0.000000
2.253579
0.000000
0.000000
0.000000
0.000000
0.070543
0.000000
0.000000
0.000000
0.000000
0.000000
0.176288
0.000000
0.000000
0.000000
1.606818
0.000000
0.000000
0.000000
0.267877
0.172212
0.000000
0.000000
0.000000
0.000000
2.651026
0.000000
0.000000
0.000000
0.281824
0.000000
0.000000
0.000000
0.000000
0.000000
0.000000
0.000000
0.000000
0.000000
0.000000
1.992894
0.511220
0.615051
0.000000
0.000000
0.000000
0.000000
0.000000
0.000000
0.000000
0.000000
0.000000
0.000000
0.003744
0.000000
0.000000
0.000000
0.000000
0.000000
0.000000
0.000000
0.000000
0.000000
1.277467
0.000000
0.000000
0.000000
1.239045
0.000000
0.790943
0.000000
0.000000
0.000000
0.814238
0.000000
0.000000
0.000000
0.000000
0.000000
0.848543
0.000000
0.000000
0.758065
0.000000
0.000000
0.000000
0.000000
0.000000
0.714859
0.000000
0.364970
0.015027
1.453047
0.000000
0.000000
0.000000
0.000000
1.674224
0.000000
0.204048
0.000000
0.154931
0.169388
0.125270
0.000000
2.635622
0.000000
0.000000
1.278968
0.000000
1.166000
0.000000
0.000000
0.021407
0.000000
0.000000
0.000000
0.000000
0.000000
0.348308
0.716038
0.000000
0.000000
0.000000
0.000000
1.629764
0.042193
0.000000
0.630198
1.188572
0.000000
0.000000
0.000000
0.000000
0.605383
0.697307
0.000000
1.719743
1.370302
0.000000
0.000000
0.539203
0.091175
0.000000
0.000000
0.000000
0.000000
0.000000
0.000000
0.000000
0.000000
0.000000
0.000000
0.000000
0.080767
0.000000
0.000000
0.150254
0.797003
0.000000
0.000000
0.000000
0.000000
0.000000
0.000000
0.000000
0.000000
0.000000
0.000000
0.027308
0.000000
0.000000
0.000000
0.000000
0.000000
0.000000
0.000000
0.697005
0.000000
0.000000
0.000000
1.065732
0.000000
0.539368
0.000000
0.000000
1.080296
0.000000
0.000000
0.000000
0.000000
0.509039
0.000000
0.000000
0.000000
2.107158
0.000000
0.196063
0.000000
0.445116
0.000000
0.000000
0.926100
0.000000
0.000000
0.000000
0.895231
0.000000
0.000740
0.110439
0.000000
0.000000
0.000000
0.000000
0.000000
0.156690
2.073996
0.000000
0.000000
0.000000
1.003292
0.000000
0.000000
0.000000
0.262261
0.000000
1.203820
0.000000
0.000000
0.000000
0.000000
0.000000
0.000000
0.000000
0.000000
0.000000
0.000000
0.000000
0.000000
0.921612
0.008701
0.000000
0.000000
0.000000
0.000000
0.000000
0.662001
0.000000
0.000000
0.000000
0.990209
0.278388
1.349464
0.000000
0.000000
1.295492
0.002993
0.000000
0.000000
0.000000
0.000000
0.000000
0.000000
0.870717
0.000000
1.388739
0.000000
0.000000
0.000000
0.000000
0.000000
0.000000
0.000000
1.021951
0.000000
0.000000
0.000000
0.150430
0.000000
0.000000
0.000000
0.000000
0.000000
0.000000
0.000000
0.000000
0.000000
0.000000
0.000000
0.000000
0.000000
0.000000
0.982865
0.000000
0.000000
0.000000
0.000000
0.000000
0.209088
0.000000
0.000000
0.000000
0.285352
0.480125
0.000000
0.000000
0.000000
0.000000
0.000000
0.047190
0.038899
0.000000
0.000000
1.832312
0.929636
0.127136
1.982108
0.000000
0.000000
0.000000
0.000000
0.000000
0.192994
0.000000
0.000000
0.874775
0.000000
0.000000
0.826710
0.096485
0.000000
0.245871
0.607610
0.392314
0.642553
0.217931
0.632798
0.000000
0.000000
0.829599
0.342578
0.515005
0.000000
0.000000
0.000000
0.000000
0.000000
0.000000
0.301225
0.000000
0.000000
0.000000
0.447100
0.000000
0.000000
0.000000
0.000000
0.000000
0.281533
1.235101
0.000000
0.000000
0.000000
0.000000
0.000000
0.000000
0.000000
0.000000
0.000000
0.000000
0.000000
0.000000
0.813312
0.630728
0.000000
0.000000
0.000000
0.000000
2.393488
1.615283
0.000000
0.000000
0.803039
0.000000
2.171465
0.000000
0.000000
0.339467
0.609257
0.000000
1.748154
0.119706
0.000000
0.000000
0.000000
0.000000
0.223465
0.000000
0.076361
0.000000
0.000000
0.000000
0.389063
0.000000
0.000000
0.000000
0.489584
0.402257
0.000000
0.000000
0.000000
0.000000
0.865111
0.000000
0.627723
1.027421
0.000000
0.000000
0.000000
0.000000
0.000000
0.000000
0.000000
1.498058
0.000000
0.000000
0.308888
0.142997
0.371212
0.677896
0.000000
0.000000
0.000000
0.000000
0.000000
0.000000
0.000000
0.000000
0.000000
0.000000
0.000000
0.000000
0.137117
0.000000
0.000000
0.000000
0.000000
0.000000
0.303284
0.000000
0.000000
0.000000
0.000000
0.000000
0.000000
2.076057
0.000000
0.772053
0.000000
0.033171
0.152284
0.000000
0.000000
0.056497
0.000000
0.000000
0.000000
0.000000
0.000000
0.618338
0.903858
0.000000
1.023111
0.000000
0.000000
0.000000
0.000000
0.000000
0.000000
0.000000
0.000000
0.000000
0.000000
0.314855
0.000000
0.000000
0.000000
0.000000
0.000000
0.000000
0.000000
0.000000
0.000000
0.000000
2.276189
0.000000
0.000000
0.000000
0.000000
0.000000
0.000000
0.000000
0.291846
0.000000
0.000000
0.000000
0.000000
0.000000
0.000000
0.000000
0.000000
0.000000
0.000000
1.494691
0.000000
0.000000
0.000000
0.000000
0.044475
0.000000
0.000000
0.000000
0.000000
0.000000
0.085031
0.000000
0.000000
0.000000
0.743050
0.000000
0.000000
0.000000
0.000000
0.000000
0.346181
0.214225
0.222981
0.000000
0.000000
0.000000
0.000000
0.000000
0.000000
0.000000
0.000000
0.240701
0.769203
0.000000
0.245072
0.000000
0.000000
2.927832
0.000000
0.000000
0.000000
0.000000
0.532657
0.000000
0.000000
0.000000
0.039005
0.000000
0.000000
0.000000
0.000000
0.000000
0.000000
0.000000
0.000000
0.207451
0.000000
0.112990
0.000000
0.000000
0.462295
1.190945
1.088982
0.000000
0.000000
0.347037
0.000000
0.000000
1.010772
0.499130
0.000000
1.824619
0.000000
0.000000
0.000000
0.000000
0.373364
0.350213
0.000000
0.000000
0.027689
0.000000
0.000000
0.000000
0.066136
0.000000
0.665503
0.000000
0.000000
0.000000
0.000000
0.000000
0.000000
0.000000
0.000000
2.142738
0.000000
0.000000
0.000000
0.000000
0.000000
0.000000
0.000000
0.061423
0.512269
0.000000
0.000000
0.457863
0.000000
0.000000
0.000000
1.273308
0.000000
0.591504
0.000000
0.000000
0.072386
0.000000
0.000000
0.000000
0.000000
0.000000
0.000000
0.000000
0.496562
0.000000
0.000000
0.000000
1.732314
0.000000
0.000000
0.000000
0.190063
0.000000
1.217636
0.000000
0.133572
0.000000
0.000000
2.351120
0.000000
0.000000
0.000000
0.000000
0.000000
0.000000
0.000000
0.000000
0.735055
0.000000
0.000000
0.000000
0.000000
0.616219
1.530471
0.068176
0.000000
0.000000
0.000000
0.000000
0.000000
0.067649
0.000000
0.000000
0.264775
0.000000
0.000000
0.000000
0.000000
0.321207
0.000000
0.000000
0.000000
0.795415
1.814234
0.000000
0.000000
1.021988
0.000000
0.000000
0.132926
0.000000
0.000000
0.000000
0.000000
0.089476
0.000000
0.000000
0.000000
0.000000
1.811393
2.004816
0.000000
0.000000
0.000000
0.000000
0.000000
0.000000
0.000000
0.000000
0.000000
0.000000
0.235497
0.000000
0.703325
0.929963
2.746086
0.000000
0.000000
0.000000
0.000000
0.000000
0.000000
0.000000
0.000000
0.011210
0.806725
0.000000
0.000000
0.000000
0.000000
0.000000
0.739574
0.000000
0.000000
0.000000
0.000000
0.000000
0.000000
1.729219
0.000000
0.000000
0.312344
0.000000
0.000000
0.000000
0.063174
0.000000
0.000000
0.000000
0.000000
0.000000
0.465102
0.792397
0.000000
0.000000
0.000000
0.000000
0.380921
0.000000
0.000000
1.341173
0.000000
0.000000
0.000000
0.547451
0.000000
0.000000
0.000000
0.000000
0.467169
0.081087
0.346964
0.000000
0.000000
0.000000
0.000000
0.660811
0.000000
0.000000
0.000000
0.625707
0.370866
0.000000
0.000000
0.000000
0.147723
0.000000
0.000000
1.063070
0.000000
0.000000
0.498620
0.000000
0.000000
1.060146
0.000000
0.000000
0.000000
0.000000
0.000000
0.000000
0.356871
0.000000
0.000000
0.000000
0.000000
0.000000
0.500554
0.000000
0.193940
0.358466
0.000000
0.000000
0.000000
1.160534
0.000000
0.000000
0.000000
0.000000
0.414685
0.000000
0.000000
0.000000
0.000000
0.248637
0.062031
0.000000
0.930554
1.927812
0.917425
0.000000
0.214389
0.000000
0.000000
0.000000
1.745203
0.000000
0.000000
0.000000
0.000000
0.000000
0.000000
0.000000
0.854180
0.409967
0.482954
0.000000
0.000000
0.482361
0.000000
0.000000
0.000000
0.000000
0.000000
0.390135
0.000000
0.967764
0.000000
0.000000
0.000000
0.000000
0.000000
0.000000
0.198722
0.000000
0.000000
0.000000
0.000000
0.000000
0.000000
0.000000
0.000000
0.000000
0.000000
0.237524
0.000000
0.000000
0.000000
0.035693
0.000000
0.000000
0.000000
0.105136
0.000000
0.000000
0.000000
0.000000
0.000000
1.306686
0.000000
0.000000
0.000000
0.000000
0.000000
0.000000
0.000000
0.000000
0.000000
0.000000
0.000000
1.032573
0.000000
0.827724
0.718371
0.000000
0.454438
0.000000
0.000000
0.000000
0.000000
0.000000
0.000000
0.000000
0.000000
0.061051
0.000000
0.000000
0.000000
0.671926
0.000000
0.000000
0.000000
0.000000
0.000000
0.896514
0.000000
0.000000
0.000000
0.000000
0.000000
0.043182
0.000000
0.270216
0.067328
0.000000
0.000000
0.968266
0.000000
0.000000
1.794078
0.000000
0.000000
0.000000
0.000000
0.000000
0.000000
0.273757
0.000000
0.043460
0.000000
0.000000
0.000000
0.000000
0.000000
2.043984
0.000000
1.279246
0.000000
0.170622
0.199566
2.114681
0.000000
0.000000
0.000000
0.000000
0.000000
1.318852
0.000000
0.000000
0.000000
0.000000
0.411627
0.000000
0.000000
0.660187
0.000000
0.000000
0.000000
0.600710
0.000000
0.000000
0.000000
0.000000
0.000000
0.000000
0.000000
0.000000
0.000000
0.455416
0.000000
0.000000
0.000000
0.210929
0.000000
0.000000
0.000000
0.000000
0.324199
0.000000
0.000000
0.000000
0.000000
0.000000
0.698964
0.482051
0.000000
1.623194
0.000000
0.494722
0.000000
0.000000
0.000000
0.000000
0.000000
1.066770
0.000000
0.000000
0.000000
2.170226
0.000000
0.437618
0.000000
0.000000
0.000000
0.000000
0.000000
0.000000
0.000000
0.000000
0.000000
0.000000
0.000000
0.335863
1.588217
0.000000
0.000000
0.000000
0.000000
0.000000
0.000000
0.000000
0.000000
0.000000
0.000000
0.000000
0.000000
0.000000
0.000000
0.000000
0.000000
1.346926
0.000000
0.000000
0.000000
0.000000
0.000000
0.000000
0.000000
0.000000
0.000000
0.446953
0.928430
0.000000
0.000000
0.000000
0.000000
0.000000
0.000000
0.000000
0.000000
0.595864
1.208505
0.000000
0.000000
0.000000
0.905337
0.000000
0.000000
0.141458
0.037956
0.162931
1.258490
0.000000
0.205887
0.000000
0.000000
0.000000
0.000000
0.697407
0.325617
0.146224
0.336652
0.000000
0.091922
0.000000
0.883627
0.000000
0.867179
0.081825
0.000000
1.174411
0.000000
0.000000
0.741731
0.000000
0.000000
0.000000
0.000000
0.691290
0.379153
1.940346
0.000000
0.000000
0.316671
0.000000
0.000000
0.000000
0.000000
0.000000
0.000000
0.000000
0.222134
0.393813
0.394593
0.550752
0.000000
0.000000
0.000000
0.000000
0.000000
1.494711
0.000000
0.000000
0.028587
0.000000
0.000000
0.000000
0.000000
0.000000
2.074866
0.000000
2.468467
0.000000
0.000000
0.000000
0.000000
0.000000
0.000000
0.000000
0.000000
0.254307
0.625036
0.323072
1.044059
0.694742
0.000000
0.000000
0.000000
0.000000
1.240342
0.000000
0.294376
0.000000
0.000000
0.000000
0.000000
0.000000
0.000000
0.000000
0.000000
0.000000
0.000000
0.000000
0.000000
0.965142
0.000000
0.000000
0.000000
0.000000
0.000000
0.000000
0.000000
0.071454
0.000000
0.000000
0.000000
0.275838
0.000000
1.507543
0.000000
0.000000
1.450622
0.000000
1.191843
0.000000
0.051918
0.000000
0.000000
0.000000
0.000000
0.000000
0.000000
0.213378
0.000000
0.000000
0.000000
0.000000
0.000000
0.000000
0.800172
0.000000
0.448651
0.000000
0.166756
0.000000
0.000000
0.255022
0.000000
0.000000
0.000468
0.000000
1.666658
0.000000
0.000000
1.022357
0.000000
0.000000
0.000000
0.000000
0.000000
0.475767
0.000000
0.000000
0.000000
0.000000
0.000000
0.235233
0.000000
1.179903
0.000000
0.000000
0.000000
0.000000
0.000000
0.000000
0.000000
0.000000
0.000000
0.000000
0.000000
0.000000
0.000000
0.000000
0.000000
0.000000
0.531755
0.000000
0.000000
0.000000
0.000000
0.000000
0.000000
0.000000
0.000000
0.506634
0.000000
0.000000
0.000000
1.061563
0.417564
1.374277
0.036225
0.000000
0.000000
0.000000
0.000000
0.000000
0.000000
0.821427
0.134918
0.000000
0.000000
0.000000
0.000000
0.000000
0.000000
0.000000
0.000000
0.000000
0.000000
1.164393
0.157945
0.000000
0.000000
1.327289
0.000000
0.000000
0.000000
0.000000
0.900544
0.000000
0.000000
0.000000
0.000000
0.000000
2.119696
0.000000
0.000000
2.024196
0.000000
0.000000
0.000000
0.000000
0.000000
0.000000
0.264976
0.000000
0.000000
0.000000
0.115492
0.000000
0.000000
0.000000
0.000000
0.000000
0.000000
0.000000
0.000000
0.837888
0.434896
0.000000
0.000000
0.517442
2.125512
0.830333
0.000000
1.248667
0.208092
0.000000
0.130960
0.000000
0.000000
0.000000
0.000000
0.000000
0.000000
0.000000
0.000000
0.000000
0.000000
0.000000
0.958083
0.385920
0.000000
0.000000
0.198378
0.000000
0.000000
0.565084
1.372094
0.000000
0.000000
0.000000
0.000000
0.000000
0.056706
0.000000
0.000000
0.000000
0.000000
1.113750
0.730686
1.028874
0.000000
0.000000
0.600584
0.479113
0.000000
0.000000
1.533349
1.014674
0.000000
0.000000
0.000000
0.000000
0.000000
0.000000
0.347169
0.000000
0.000000
0.000000
0.000000
0.000000
0.199484
0.115711
0.000000
0.000000
0.000000
0.000000
0.276320
0.000000
0.000000
0.000000
0.000000
0.000000
0.666115
1.185879
0.000000
0.000000
0.000000
0.000000
0.000000
0.000000
0.000000
0.640642
0.485873
0.000000
0.000000
0.744699
0.199369
0.000000
0.000000
0.000000
0.000000
0.000000
0.000000
0.547505
0.000000
0.222570
0.000000
0.354794
0.064748
0.456014
0.000000
0.896279
0.023906
0.000000
0.000000
0.000000
0.239057
0.094818
0.000000
0.000000
0.000000
0.000000
0.000000
0.000000
0.000000
0.000000
0.056794
0.000000
1.191186
0.000000
0.000000
0.000000
1.008137
0.000000
0.000000
0.000000
0.000000
0.342702
2.008594
0.000000
0.000000
0.000000
0.000000
0.000000
0.000000
0.480215
1.509447
0.000000
0.000000
0.000000
1.217390
0.000000
0.000000
0.000000
0.000000
0.000000
0.000000
0.220409
0.000000
0.000000
1.883767
0.000000
0.000000
1.110736
0.000000
0.000000
0.508455
0.000000
0.000000
0.000000
0.995353
0.710146
0.000000
0.000000
0.000000
0.000000
0.000000
0.000000
0.000000
0.000000
1.307914
0.000000
0.000000
0.000000
0.000000
0.946295
0.193016
0.158616
0.000000
0.000000
0.000000
0.000000
0.000000
0.000000
0.000000
0.000000
0.000000
0.000000
0.000000
0.000000
0.000000
0.000000
0.000000
0.000000
0.000000
0.000000
0.000000
0.513561
3.064467
0.000000
0.000000
0.000000
0.000000
0.352057
0.000000
0.000000
0.207284
0.000000
0.000000
2.323200
0.000000
0.000000
0.000000
0.780005
0.423608
0.000000
0.000000
0.000000
0.000000
0.000000
0.000000
0.000000
0.000000
0.000000
1.123507
0.000000
0.000000
0.000000
0.573404
0.859903
0.000000
0.000000
0.000000
0.000000
0.328839
0.000000
0.000000
0.000000
0.000000
1.383538
1.930906
0.000000
0.000000
0.128694
0.000000
0.000000
0.000000
0.000000
0.000000
0.000000
0.000000
0.033631
0.000000
0.000000
0.000000
1.510576
0.000000
0.220060
0.000000
0.915032
0.000000
0.795282
0.000000
0.000000
0.716788
0.000000
0.822977
0.000000
0.635507
1.045188
0.000000
0.000000
0.000000
0.000000
0.000000
0.000000
0.000000
0.223290
0.000000
0.000000
0.426176
0.000000
0.000000
1.399853
0.000000
0.000000
0.000000
0.000000
0.000000
0.000000
0.000000
0.000000
0.000000
0.000000
0.000000
0.000000
0.000000
0.000000
0.000000
1.100187
0.000000
0.000000
0.000000
0.333469
0.827495
0.219230
0.000000
1.402143
0.000000
